--- Terminal on /dev/ttyUSB0 | 115200 8-N-1
--- Available filters and text transformations: colorize, debug, default, direct, esp32_exception_decoder, hexlify, log2file, nocontrol, printable, send_on_enter, time
--- More details at https://bit.ly/pio-monitor-filters
--- Quit: Ctrl+C | Menu: Ctrl+T | Help: Ctrl+T followed by Ctrl+H
CS: Switch B-(C)NC
MOT: Success: 2
MOT: Ready.
242
194
194
194
194
194
194
195
194
195
195
196
199
199
199
195
195
194
194
195
194
194
194
195
194
194
195
194
195
194
199
197
199
197
197
198
199
197
199
199
194
195
195
194
194
194
195
195
195
194
194
200
198
199
199
199
199
199
197
195
195
195
194
195
195
194
194
195
195
194
195
195
195
195
195
194
195
194
194
199
197
199
198
199
199
199
198
197
198
195
195
194
194
195
194
195
195
195
194
195
194
194
195
194
199
195
199
195
194
198
199
199
199
199
197
198
194
194
195
195
195
194
194
195
194
194
194
194
194
195
195
194
195
195
195
195
194
195
194
195
195
195
194
195
195
194
195
194
194
195
194
194
198
195
200
198
199
199
197
198
195
195
194
194
195
195
194
195
195
194
194
195
195
199
198
199
199
199
199
199
200
197
197
197
194
194
195
194
195
194
194
195
194
194
194
194
194
195
194
195
199
199
196
199
195
198
199
198
199
196
194
195
195
194
195
194
194
194
195
194
194
195
194
195
194
194
195
195
195
195
194
195
195
194
195
195
195
194
195
194
195
200
199
200
198
197
199
199
198
195
194
195
195
195
194
194
195
194
195
194
194
194
195
195
195
200
199
199
196
197
196
196
199
198
199
199
200
198
200
199
199
195
194
195
195
194
195
194
194
194
195
195
195
195
194
195
199
197
200
199
199
199
197
198
199
199
195
195
195
195
195
194
194
195
195
195
195
194
195
195
195
195
195
195
194
194
194
194
197
199
197
199
199
195
194
195
195
194
194
194
195
195
194
194
195
194
195
195
199
198
200
200
198
197
200
198
199
194
195
194
194
195
195
194
194
195
195
194
199
199
200
199
195
197
195
194
194
195
195
194
194
195
194
194
194
194
194
194
195
194
194
194
194
195
194
195
195
195
197
199
199
197
199
197
200
197
195
195
195
194
194
194
195
195
195
195
194
195
195
199
199
199
196
199
199
199
197
200
200
195
195
194
195
194
195
195
195
195
195
195
194
195
194
194
195
194
194
196
199
195
195
195
194
195
195
194
194
194
195
194
194
195
194
194
194
196
199
198
198
199
197
194
195
194
195
194
195
195
195
195
194
194
194
194
195
194
194
194
194
195
194
199
200
197
199
199
194
195
195
195
195
194
194
194
195
195
194
195
194
195
195
194
195
200
195
197
199
199
199
199
197
194
194
194
194
194
195
195
194
194
195
194
194
194
199
199
195
195
195
194
195
195
195
195
194
195
194
194
195
195
194
195
194
196
199
195
200
199
198
194
195
195
194
195
194
194
195
195
195
194
194
196
199
198
195
195
195
195
194
195
195
194
194
195
198
197
199
200
199
199
199
200
199
199
198
199
197
200
198
196
194
199
200
195
199
197
200
194
195
195
194
194
194
195
194
194
195
194
195
195
195
