--- Terminal on /dev/ttyUSB0 | 115200 8-N-1
--- Available filters and text transformations: colorize, debug, default, direct, esp32_exception_decoder, hexlify, log2file, nocontrol, printable, send_on_enter, time
--- More details at https://bit.ly/pio-monitor-filters
--- Quit: Ctrl+C | Menu: Ctrl+T | Help: Ctrl+T followed by Ctrl+H
MOT: Enable driver.
MOT: Align sensor.
MOT: sensor_direction==CCW
MOT: PP check: OK!
MOT: Zero elec. angle: 0.38
MOT: Align current sense.
CS: Inv B
MOT: Success: 3
MOT: Ready.
MOT: Measuring phase to phase resistance, keep motor still...
MOT: Estimated phase to phase resistance: 7.54
MOT: Measuring inductance, keep motor still...
MOT: Newly estimated electrical zero: 2.84
MOT: Current electrical zero: 0.38
MOT: Inductance measurement complete!
MOT: Measured D-inductance in mH: 0.91
MOT: Measured Q-inductance in mH: 1.60
0	0.10000	0.00184	-0.00417	-0.00390	-0.00151	0.00184	-0.00375	0.05022	2.17518	0.00023
20477	0.10000	-0.07713	-0.00739	0.02080	-0.09127	-0.07713	-0.05307	0.02829	2.17518	0.00000
20490	0.10000	-0.06262	0.04579	0.06413	-0.00941	-0.06262	0.01672	0.07380	2.13530	-4.98047
20500	0.10000	-0.04651	0.04096	0.04149	0.02931	-0.04651	0.02044	0.06368	2.07854	-9.96094
20510	0.10000	-0.03684	0.01195	0.02810	0.02496	-0.03684	-0.00747	0.05756	2.01105	-9.96094
20520	0.10000	-0.00460	-0.05736	0.06661	0.01815	-0.00460	-0.06889	0.17086	1.93128	-4.94834
20530	0.10000	0.04697	-0.08314	0.07527	0.03585	0.04697	-0.06889	0.10979	1.85918	-4.99669
20540	0.10000	0.06470	-0.03640	0.06332	0.01411	0.06470	-0.00468	0.07143	1.79629	-4.98047
20550	0.10000	0.05987	-0.03640	0.03360	0.05010	0.05987	-0.00747	0.03522	1.73033	-4.98047
20560	0.10000	0.01635	0.00067	0.00713	0.01791	0.01635	0.01021	0.03918	1.64903	-9.99339
20570	0.10000	-0.03361	0.04096	0.04322	0.00631	-0.03361	0.02789	0.04771	1.57386	-4.98047
20580	0.10000	-0.04973	0.01517	0.05075	-0.00479	-0.04973	-0.01119	0.03608	1.51404	-9.92871
20590	0.10000	-0.03522	-0.00095	0.03952	0.01177	-0.03522	-0.02143	0.05971	1.44808	-4.99669
20600	0.10000	-0.05134	-0.00256	0.02590	0.05502	-0.05134	-0.03260	0.05096	1.36678	-9.96094
20610	0.10000	0.03730	-0.07025	0.06399	0.02910	0.03730	-0.05958	0.05829	1.29315	-9.96094
20620	0.10000	0.06631	-0.04446	0.06486	0.01899	0.06631	-0.01305	0.06771	1.23332	-9.96094
20630	0.10000	0.05181	-0.01062	0.04959	0.02316	0.05181	0.01765	0.03442	1.16889	-4.98047
20640	0.10000	0.04697	-0.01706	0.00322	0.04744	0.04697	0.00742	0.02087	1.08606	-9.96094
20650	0.10000	-0.03522	0.04418	0.04662	0.00287	-0.03522	0.03068	0.03293	1.01396	-9.96094
20660	0.10000	-0.08680	0.03935	0.08631	-0.01027	-0.08680	-0.00468	0.05951	0.96334	-4.96435
20670	0.10000	-0.09002	0.02807	0.08718	0.02976	-0.09002	-0.01957	0.06711	0.90505	-9.99339
20680	0.10000	-0.02555	0.01356	0.00422	0.02522	-0.02555	0.00090	0.04335	0.82682	-9.99339
20690	0.10000	0.01474	-0.04446	0.04356	0.01241	0.01474	-0.04283	0.06702	0.75472	-4.99669
20700	0.10000	0.06309	-0.07992	0.07571	0.03700	0.06309	-0.05586	0.09130	0.69489	-4.99669
20710	0.10000	0.06954	-0.05252	0.05661	0.04528	0.06954	-0.02050	0.08198	0.63200	-4.99669
20720	0.10000	0.05987	-0.04607	0.00445	0.06254	0.05987	-0.01864	0.06368	0.55684	-4.99669
20730	0.10000	0.02763	0.03774	0.04138	0.05093	0.02763	0.05953	0.02859	0.48320	-4.98047
20740	0.10000	-0.03361	0.06514	0.05300	0.03788	-0.03361	0.05581	0.08228	0.42184	-4.94834
20750	0.10000	-0.03845	0.04579	0.03032	0.03873	-0.03845	0.03068	0.05705	0.36049	-4.99669
20760	0.10000	-0.04973	0.00389	0.04648	0.02999	-0.04973	-0.02422	0.03122	0.28685	-9.92861
20770	0.10000	-0.02394	-0.04285	0.05344	0.04153	-0.02394	-0.06330	0.17240	0.21016	-4.99669
20780	0.10000	0.05825	-0.17018	0.13437	0.10891	0.05825	-0.16287	0.06334	0.14726	-4.99669
20790	0.10000	0.11950	-0.04607	0.12054	-0.00032	0.11950	0.01579	0.08355	0.08590	-4.99667
20800	0.10000	0.05825	-0.05413	0.01328	0.06365	0.05825	-0.02887	0.05825	0.01074	-4.99668
20810	0.10000	0.06309	0.00711	0.03277	0.06999	0.06309	0.04464	0.08396	6.22029	-4.99669
20820	0.10000	-0.03522	0.06675	0.06155	0.02591	-0.03522	0.05674	0.34200	6.15126	-4.99669
20830	0.10000	-0.05134	0.05063	0.04847	0.03341	-0.05134	0.02882	0.05813	6.08684	-9.99339
20840	0.10000	-0.03522	0.01840	0.02343	0.02631	-0.03522	0.00090	0.26332	6.01934	-9.99339
20850	0.10000	-0.01911	-0.01062	0.02074	0.02185	-0.01911	-0.02329	0.05792	5.93804	-9.92871
20860	0.10000	0.03730	-0.04930	0.05113	0.00541	0.03730	-0.03539	0.04797	5.86594	-4.99669
20870	0.10000	0.06793	-0.03318	0.06773	0.00513	0.06793	0.00090	0.06562	5.79998	-9.99339
20880	0.10000	0.04858	0.05224	0.09803	-0.02366	0.04858	0.08837	0.10420	5.73095	-4.94834
20890	0.10000	0.03247	0.01356	0.03084	0.03587	0.03247	0.03440	0.01646	5.65425	-4.99669
20900	0.10000	-0.02717	0.01840	0.02530	-0.01133	-0.02717	0.00556	0.04430	5.57909	-4.99669
20910	0.10000	-0.05295	0.02323	0.05297	0.00349	-0.05295	-0.00375	0.03434	5.51006	-4.98047
20920	0.10000	-0.01105	-0.02190	0.03102	-0.01275	-0.01105	-0.03166	0.06409	5.44410	-4.99669
20930	0.10000	0.01474	-0.03802	0.03736	-0.00859	0.01474	-0.03539	0.02912	5.36433	-9.96094
20940	0.10000	0.01796	-0.03157	0.02884	0.01309	0.01796	-0.02608	0.08920	5.28610	-9.86486
20950	0.10000	0.05342	-0.03479	0.05048	0.01981	0.05342	-0.00933	0.07759	5.22014	-4.96435
20960	0.10000	0.03247	0.01034	0.04390	0.00827	0.03247	0.03068	0.03522	5.15111	-9.86486
20970	0.10000	0.01635	-0.02512	-0.02281	0.01139	0.01635	-0.01957	0.02752	5.07134	-9.92871
20980	0.10000	-0.01427	0.01356	0.01606	0.00085	-0.01427	0.00742	0.02399	4.99004	-9.96094
20990	0.10000	-0.03522	-0.00417	0.04107	-0.01366	-0.03522	-0.02515	0.05688	4.92561	-4.93243
21000	0.10000	0.01635	-0.06058	0.04321	-0.04540	0.01635	-0.06051	0.04997	4.85812	-4.99669
21010	0.10000	0.03408	-0.08798	0.08814	-0.01006	0.03408	-0.08191	0.13252	4.78602	-4.98047
21020	0.10000	0.06793	-0.01867	0.04880	-0.05044	0.06793	0.01765	0.05684	4.71546	-9.99339
21030	0.10000	-0.00460	0.00067	-0.00485	0.00113	-0.00460	-0.00189	0.02325	4.65256	-4.98047
21040	0.10000	0.01313	0.04257	0.05136	-0.02744	0.01313	0.05674	0.05801	4.58814	-4.96435
21050	0.10000	0.04375	0.01356	0.03592	0.04793	0.04375	0.04092	0.04441	4.50990	-4.99669
21060	0.10000	-0.04490	0.01517	0.03437	-0.03008	-0.04490	-0.00840	0.05814	4.42860	-9.96094
21070	0.10000	-0.06262	-0.00095	0.06815	-0.02578	-0.06262	-0.03725	0.06875	4.36571	-4.98047
21080	0.10000	-0.01427	-0.03963	0.04998	-0.02493	-0.01427	-0.05400	0.08559	4.30435	-4.93243
21090	0.10000	0.04053	-0.05736	0.04564	-0.03734	0.04053	-0.04283	0.09600	4.22765	-9.89668
21100	0.10000	0.09049	-0.03963	0.07077	-0.05676	0.09049	0.00649	0.20232	4.14942	-4.96435
21110	0.10000	0.07598	-0.01545	0.07857	-0.01666	0.07598	0.02603	0.05222	4.08652	-4.94834
21120	0.10000	0.03891	0.02001	0.05961	-0.00609	0.03891	0.04557	0.05546	4.02670	-4.99669
21130	0.10000	-0.02394	0.02323	0.01303	-0.02392	-0.02394	0.01300	0.00611	3.94847	-4.94834
21140	0.10000	-0.03684	0.02323	0.03223	-0.01868	-0.03684	0.00556	0.03900	3.87023	-4.99669
21150	0.10000	-0.04651	0.01678	0.04662	-0.00669	-0.04651	-0.00747	0.05492	3.81041	-4.98047
21160	0.10000	-0.02717	0.01356	0.02094	0.01731	-0.02717	-0.00003	0.04318	3.74752	-9.96094
21170	0.10000	0.01635	-0.02673	0.02055	-0.01745	0.01635	-0.02143	0.00730	3.66928	-9.99339
21180	0.10000	0.04375	-0.05413	0.05741	-0.00232	0.04375	-0.03725	0.03229	3.59258	-9.96094
21190	0.10000	0.07276	-0.02996	0.07205	-0.01254	0.07276	0.00742	0.06999	3.53276	-9.92871
21200	0.10000	0.02441	-0.00578	0.02402	0.00858	0.02441	0.00742	0.02638	3.46680	-4.99669
21210	0.10000	0.01151	0.17796	0.21241	-0.00380	0.01151	0.21213	0.02226	3.38550	-9.96094
21220	0.10000	-0.01266	0.11510	0.10016	0.07681	-0.01266	0.12559	0.04063	3.31186	-4.96435
21230	0.10000	-0.03684	0.03612	0.03881	0.01637	-0.03684	0.02044	0.05788	3.24897	-4.98047
21240	0.10000	-0.08358	0.01356	0.08700	0.02187	-0.08358	-0.03260	0.05150	3.18148	-9.96094
21250	0.10000	-0.02394	-0.02029	0.04027	0.01840	-0.02394	-0.03725	0.00734	3.10631	-4.98047
21260	0.10000	0.01796	-0.06380	0.05949	0.02811	0.01796	-0.06330	0.03727	3.03115	-9.96094
21270	0.10000	0.06793	-0.06541	0.07287	0.02495	0.06793	-0.03632	0.08180	2.96825	-9.89668
21280	0.10000	0.04697	-0.01384	0.04537	0.01648	0.04697	0.01114	0.03282	2.89922	-9.96094
21290	0.10000	0.02441	0.21180	0.25945	-0.01344	0.02441	0.25866	0.04632	2.82252	-9.99339
21300	0.10000	0.07921	0.03290	0.01711	0.11397	0.07921	0.08372	0.10331	2.75043	-157.83769
21310	0.10000	-0.04490	0.04257	0.04881	0.01313	-0.04490	0.02324	0.03862	2.68753	-4.98047
21320	0.10000	-0.14643	-0.00739	0.17324	-0.00962	-0.14643	-0.09308	0.03352	2.62004	-4.99669
21330	0.10000	-0.02878	-0.01062	0.03578	0.01954	-0.02878	-0.02887	0.03096	2.54794	-9.92871
21340	0.10000	0.01474	-0.04607	0.04588	0.01047	0.01474	-0.04469	0.07783	2.47585	-4.99669
21350	0.10000	0.01796	-0.05091	0.03292	0.03978	0.01796	-0.04841	0.07922	2.41142	-4.99669
21360	0.10000	0.07115	-0.03157	0.06830	0.02045	0.07115	0.00463	0.25294	2.35006	-4.99669
21370	0.10000	0.05020	0.00711	0.05549	0.02870	0.05020	0.03719	0.03034	2.27796	-4.99669
21380	0.10000	0.00829	0.02968	0.03301	0.02245	0.00829	0.03906	0.01752	2.20280	-4.98047
21390	0.10000	-0.03684	0.05869	0.05222	0.02814	-0.03684	0.04650	0.04977	2.13377	-4.98047
21400	0.10000	-0.06101	0.01356	0.06405	-0.00160	-0.06101	-0.01957	0.17496	2.07087	-4.98047
21410	0.10000	-0.01911	0.01517	0.00432	0.01971	-0.01911	0.00649	0.05093	2.00031	-4.91662
21420	0.10000	-0.00299	-0.03963	0.04447	0.01691	-0.00299	-0.04748	0.05825	1.92361	-4.99669
21430	0.10000	0.05825	-0.05091	0.06344	-0.00120	0.05825	-0.02515	0.07201	1.84998	-4.96435
21440	0.10000	0.05987	-0.05413	0.05185	0.04093	0.05987	-0.02794	0.06840	1.78862	-4.91662
21450	0.10000	0.04053	-0.02996	0.01284	0.04003	0.04053	-0.01119	0.08159	1.71959	-9.96094
21460	0.10000	0.03408	0.01356	0.02306	0.04333	0.03408	0.03533	0.01646	1.63676	-9.99339
21470	0.10000	-0.04328	0.05708	0.05700	0.01725	-0.04328	0.04092	0.04679	1.56773	-4.98047
21480	0.10000	-0.03522	0.02323	0.03284	0.01430	-0.03522	0.00649	0.03053	1.50330	-4.98047
21490	0.10000	-0.01588	-0.01545	0.03122	-0.00267	-0.01588	-0.02701	0.03277	1.43581	-9.96094
21500	0.10000	-0.00138	-0.03318	0.03723	0.01204	-0.00138	-0.03911	0.02573	1.35451	-9.99339
21510	0.10000	0.05664	-0.05091	0.06227	-0.00323	0.05664	-0.02608	0.06676	1.28241	-4.96397
21520	0.10000	0.08404	-0.05736	0.07968	0.03205	0.08404	-0.01771	0.06820	1.22412	-4.91662
21530	0.10000	0.05181	-0.03318	0.02561	0.04581	0.05181	-0.00840	0.05092	1.15662	-9.96094
21540	0.10000	0.00507	0.00550	0.00792	0.00700	0.00507	0.00928	0.01413	1.07379	-4.99669
21550	0.10000	-0.03522	0.05869	0.05526	0.02088	-0.03522	0.04743	0.06508	1.00629	-4.98047
21560	0.10000	-0.05134	0.00067	0.05366	-0.02428	-0.05134	-0.02887	0.07968	0.94800	-9.99339
21570	0.10000	-0.03361	0.01678	0.02393	0.02360	-0.03361	-0.00003	0.05293	0.88051	-4.98047
21580	0.10000	-0.01427	-0.03318	0.04546	0.01745	-0.01427	-0.04655	0.05756	0.80227	-4.99650
21590	0.10000	0.03247	-0.05736	0.05529	0.01585	0.03247	-0.04748	0.07063	0.73171	-9.92871
21600	0.10000	0.07921	-0.08637	0.08348	0.04712	0.07921	-0.05400	0.07143	0.67802	-9.89649
21610	0.10000	0.06631	-0.22659	-0.06926	0.22246	0.06631	-0.22335	0.04887	0.61359	-9.99319
21620	0.10000	0.05825	-0.00739	0.03188	0.05484	0.05825	0.02510	0.03907	0.53383	-4.94834
21630	0.10000	0.01474	0.03774	0.03152	0.04400	0.01474	0.05208	0.06278	0.46480	-9.92871
21640	0.10000	-0.05779	0.08931	0.07268	0.05407	-0.05779	0.06976	0.05222	0.40497	-4.98047
21650	0.10000	-0.01427	0.04096	-0.00424	0.04136	-0.01427	0.03906	0.06370	0.34054	-5.01302
21660	0.10000	0.01635	0.01517	-0.03052	-0.00791	0.01635	0.02696	0.06870	0.26384	-9.99339
21670	0.10000	0.06793	-0.03802	0.03676	-0.05731	0.06793	-0.00468	0.17841	0.19175	-4.98047
21680	0.10000	0.06793	-0.06219	0.07505	0.00653	0.06793	-0.03260	0.08579	0.13039	-4.98047
21690	0.10000	0.06954	-0.04607	0.06151	0.03496	0.06954	-0.01305	0.07209	0.06596	-9.92866
21700	0.10000	0.06793	-0.02512	0.03757	0.05750	0.06793	0.01021	0.11483	6.27398	-10.02602
21710	0.10000	0.01313	0.03774	0.04099	0.03330	0.01313	0.05115	0.03713	6.19728	-9.99339
21720	0.10000	-0.02555	0.06514	0.04773	0.04506	-0.02555	0.06046	0.07105	6.13286	-4.94834
21730	0.10000	-0.03522	0.02645	0.03074	0.01999	-0.03522	0.01021	0.04690	6.06689	-9.96094
21740	0.10000	-0.04328	0.01356	0.02894	0.03350	-0.04328	-0.00933	0.05150	5.99480	-9.96094
21750	0.10000	-0.01750	-0.04124	0.04846	0.03592	-0.01750	-0.05772	0.06420	5.91810	-4.93243
21760	0.10000	0.06954	-0.06864	0.07942	0.00757	0.06954	-0.03911	0.19781	5.84907	-4.96281
21770	0.10000	0.06793	0.00067	0.07685	-0.01749	0.06793	0.03999	0.04736	5.78157	-4.94834
21780	0.10000	0.04697	-0.01062	0.03624	0.03337	0.04697	0.01486	0.02721	5.71101	-4.99669
21790	0.10000	0.00184	0.00711	0.00805	0.00497	0.00184	0.00928	0.04107	5.63124	-4.96435
21800	0.10000	-0.01427	0.01678	0.01733	0.00523	-0.01427	0.01114	0.05094	5.55761	-9.96094
21810	0.10000	-0.11420	-0.00095	0.12998	-0.02524	-0.11420	-0.06702	0.07709	5.49319	-9.92871
21820	0.10000	-0.00299	-0.03479	0.03867	-0.01641	-0.00299	-0.04190	0.02913	5.42109	-9.96094
21830	0.10000	0.02602	-0.04124	0.04002	-0.01175	0.02602	-0.03260	0.01991	5.34132	-4.91662
21840	0.10000	0.07276	-0.05736	0.07667	0.00122	0.07276	-0.02422	0.22871	5.26616	-9.92871
21850	0.10000	0.06309	-0.04607	0.05075	0.04106	0.06309	-0.01678	0.04375	5.20019	-9.89668
21860	0.10000	0.02119	0.00389	0.02376	0.01281	0.02119	0.01672	0.03285	5.13117	-9.99339
21870	0.10000	-0.03200	0.02162	0.02069	-0.02526	-0.03200	0.00649	0.02502	5.04680	-4.99669
21880	0.10000	-0.00460	0.02323	0.00909	0.02286	-0.00460	0.02417	0.05724	4.97010	-9.99339
21890	0.10000	-0.02555	-0.01223	0.03606	-0.01364	-0.02555	-0.02887	0.07696	4.90720	-4.98047
21900	0.10000	0.01796	-0.04769	0.03708	-0.03074	0.01796	-0.04469	0.07575	4.83357	-4.98047
21910	0.10000	0.04375	-0.01062	0.01476	-0.04319	0.04375	0.01300	0.02903	4.75074	-9.99339
21920	0.10000	0.05181	-0.04446	0.05383	0.01567	0.05181	-0.02143	0.05368	4.67557	-4.93243
21930	0.10000	0.05987	0.02968	0.08864	-0.02154	0.05987	0.06883	0.11320	4.61268	-9.99339
21940	0.10000	-0.22541	-0.00095	0.23993	-0.10228	-0.22541	-0.13123	0.23789	4.54519	-4.96435
21950	0.10000	-0.03522	0.04096	0.03768	-0.02340	-0.03522	0.02696	0.02593	4.48996	-9.96094
21960	0.10000	-0.03522	-0.00900	0.02052	-0.04200	-0.03522	-0.03073	0.02653	4.41786	-9.99339
21970	0.10000	-0.03361	-0.02190	0.04452	-0.03384	-0.03361	-0.04469	0.06143	4.35651	-4.98047
21980	0.10000	-0.00460	-0.06219	0.06329	-0.03951	-0.00460	-0.07447	0.06745	4.29515	-9.96094
21990	0.10000	0.02441	-0.03640	0.03266	-0.01760	0.02441	-0.02794	0.04814	4.21385	-4.99669
22000	0.10000	0.06793	-0.01223	0.04832	-0.05393	0.06793	0.02510	0.04600	4.13868	-4.98047
22010	0.10000	0.10177	0.00067	0.11177	-0.03751	0.10177	0.05953	0.13148	4.07732	-4.99669
22020	0.10000	0.02119	0.03774	0.05652	-0.01920	0.02119	0.05580	0.04859	4.01596	-4.93243
22030	0.10000	-0.00460	0.01678	0.01719	-0.00229	-0.00460	0.01672	0.02913	3.93619	-4.99669
22040	0.10000	-0.07713	0.02323	0.05517	-0.05673	-0.07713	-0.01771	0.21519	3.86103	-4.99669
22050	0.10000	-0.07229	0.01195	0.07474	-0.02050	-0.07229	-0.02794	0.08052	3.80274	-4.98047
22060	0.10000	-0.00783	-0.04607	0.04661	-0.03492	-0.00783	-0.05772	0.02100	3.73678	-4.98047
22070	0.10000	-0.00621	-0.00095	0.00426	0.00651	-0.00621	-0.00468	0.03292	3.65701	-4.93243
22080	0.10000	0.05181	-0.05897	0.06435	-0.00060	0.05181	-0.03818	0.05825	3.58338	-9.96094
22090	0.10000	0.05020	-0.02834	0.05021	0.00359	0.05020	-0.00375	0.08563	3.52509	-4.98047
22100	0.10000	0.04053	-0.00256	0.04410	0.01072	0.04053	0.02044	0.04250	3.45913	-9.96094
22110	0.10000	0.02441	-0.01384	-0.00177	0.02442	0.02441	-0.00189	0.02152	3.37936	-4.98047
22120	0.10000	-0.03039	0.03935	0.04124	-0.00025	-0.03039	0.02789	0.02784	3.30573	-4.98047
22130	0.10000	-0.03522	0.03451	0.03627	0.01748	-0.03522	0.01951	0.05492	3.24437	-4.98047
22140	0.10000	-0.03361	0.00550	0.03428	0.01118	-0.03361	-0.01305	0.04731	3.17534	-9.96094
22150	0.10000	0.00023	-0.02512	0.02881	-0.00191	0.00023	-0.02887	0.02740	3.09864	-9.99339
22160	0.10000	0.02280	-0.06380	0.05891	0.02667	0.02280	-0.06051	0.04270	3.02348	-9.96094
22170	0.10000	0.06793	-0.06864	0.07080	0.03471	0.06793	-0.04004	0.05829	2.96058	-9.96094
22180	0.10000	0.05987	-0.01706	0.05668	0.02433	0.05987	0.01486	0.06054	2.89309	-9.99339
22190	0.10000	0.03247	0.01195	0.03498	0.02982	0.03247	0.03254	0.02005	2.81639	-9.96094
22200	0.10000	-0.01427	0.04257	0.03998	0.01671	-0.01427	0.04092	0.02304	2.74122	-4.98047
22210	0.10000	-0.04973	0.03129	0.05025	0.00173	-0.04973	0.00742	0.04498	2.67833	-4.96435
22220	0.10000	-0.01911	-0.00900	0.02795	-0.00656	-0.01911	-0.02143	0.01439	2.61084	-4.98047
22230	0.10000	-0.03200	0.06997	-0.05618	0.04184	-0.03200	0.06232	0.04119	2.53720	-4.94834
22240	0.10000	0.00184	-0.03640	0.03307	0.02426	0.00184	-0.04097	0.06182	2.46357	-9.99339
22250	0.10000	0.01635	-0.04769	0.02300	0.04266	0.01635	-0.04562	0.07623	2.39608	-4.98047
22260	0.10000	0.04697	-0.02512	0.03928	0.02582	0.04697	-0.00189	0.07068	2.33165	-9.92871
22270	0.10000	0.02441	-0.01062	0.00710	0.02342	0.02441	0.00183	0.05903	2.25802	-4.94834
22280	0.10000	0.01313	0.03129	0.02779	0.03619	0.01313	0.04371	0.01142	2.18132	-9.99339
22290	0.10000	-0.05940	0.05546	0.06448	0.01601	-0.05940	0.02975	0.05978	2.11689	-4.98047
22300	0.10000	-0.03039	0.00550	0.03216	0.00381	-0.03039	-0.01119	0.04427	2.05400	-4.99669
22310	0.10000	-0.03361	-0.02029	0.05098	0.01910	-0.03361	-0.04283	0.02437	1.97884	-4.98047
22320	0.10000	0.00184	-0.04607	0.04575	0.02508	0.00184	-0.05214	0.00691	1.90214	-4.98047
22330	0.10000	0.06631	-0.05413	0.07029	0.00651	0.06631	-0.02422	0.05754	1.83464	-4.98008
22340	0.10000	0.05342	-0.03157	0.04610	0.02755	0.05342	-0.00561	0.05700	1.76868	-4.99669
22350	0.10000	0.01635	-0.01062	0.00313	0.01629	0.01635	-0.00282	0.03459	1.69658	-4.99669
22360	0.10000	-0.00299	-0.00256	-0.00242	-0.00500	-0.00299	-0.00468	0.04271	1.61528	-9.99339
22370	0.10000	-0.03361	0.04902	0.04207	0.02726	-0.03361	0.03719	0.05879	1.54932	-4.99669
22380	0.10000	-0.05295	0.02484	0.04890	0.02041	-0.05295	-0.00189	0.07356	1.48643	-9.96094
22390	0.10000	-0.09808	0.00067	0.08828	0.07032	-0.09808	-0.05586	0.03975	1.41280	-4.98047
22400	0.10000	0.01151	-0.05091	0.05106	0.01560	0.01151	-0.05214	0.02763	1.33303	-4.99669
22410	0.10000	0.06631	-0.07186	0.07650	0.02328	0.06631	-0.04469	0.05843	1.26707	-4.98047
22420	0.10000	0.06793	-0.01062	0.07306	-0.00127	0.06793	0.02696	0.04026	1.20724	-4.96435
22430	0.10000	0.01635	-0.01223	0.00263	0.01680	0.01635	-0.00468	0.05134	1.13361	-9.99339
22440	0.10000	0.00184	0.03290	0.03417	0.01899	0.00184	0.03906	0.01404	1.05231	-4.98047
22450	0.10000	-0.05295	0.06191	0.06444	0.01802	-0.05295	0.04092	0.05141	0.99095	-4.98047
22460	0.10000	-0.04006	0.03129	0.03546	0.02272	-0.04006	0.01300	0.16144	0.93113	-4.99669
22470	0.10000	0.14368	-0.11054	0.12037	-0.09027	0.14368	-0.04469	0.13688	0.85903	-4.98047
22480	0.10000	-0.02555	-0.05413	0.07048	0.04067	-0.02555	-0.07726	0.07231	0.79000	-4.96435
22490	0.10000	0.04697	-0.05897	0.06206	0.00578	0.04697	-0.04097	0.03730	0.72711	-4.99669
22500	0.10000	-0.01105	-0.05574	-0.01104	0.07075	-0.01105	-0.07075	0.07500	0.66882	-4.99669
22510	0.10000	0.06470	-0.19596	-0.07381	0.18554	0.06470	-0.18892	0.04363	0.60285	-9.96094
22520	0.10000	0.06148	0.00389	0.03904	0.06207	0.06148	0.03999	0.04467	0.52309	-9.89668
22530	0.10000	-0.01750	0.06191	0.05611	0.03043	-0.01750	0.06139	0.04237	0.45559	-9.99339
22540	0.10000	-0.08035	0.06514	0.08355	0.01748	-0.08035	0.02882	0.06661	0.39730	-9.99329
22550	0.10000	-0.04651	0.04902	0.02307	0.05015	-0.04651	0.02975	0.02958	0.32981	-9.99329
22560	0.10000	-0.03200	-0.01384	0.03902	0.02624	-0.03200	-0.03446	0.05060	0.25311	-10.02605
22570	0.10000	0.01474	-0.04446	0.04321	0.01361	0.01474	-0.04283	0.07783	0.18101	-9.99334
22580	0.10000	0.06793	-0.08314	0.08021	0.03747	0.06793	-0.05679	0.07746	0.12118	-4.99669
22590	0.10000	0.06470	-0.06219	0.04331	0.05914	0.06470	-0.03446	0.06943	0.05522	-9.86481
22600	0.10000	0.03891	-0.01384	0.01751	0.03535	0.03891	0.00649	0.05094	6.26171	-9.96094
22610	0.10000	0.01635	0.01840	0.01763	0.02996	0.01635	0.03068	0.05464	6.18808	-9.96094
22620	0.10000	-0.04973	0.06191	0.06048	0.02538	-0.04973	0.04278	0.05408	6.12212	-4.98047
22630	0.10000	-0.03845	0.03935	0.02590	0.03670	-0.03845	0.02324	0.05788	6.05769	-9.96094
22640	0.10000	-0.03684	0.01034	0.02187	0.03108	-0.03684	-0.00933	0.03975	5.98253	-9.99339
22650	0.10000	0.00990	-0.05736	0.05827	0.01908	0.00990	-0.06051	0.04932	5.90583	-9.89668
22660	0.10000	0.03247	-0.09120	0.05777	0.07218	0.03247	-0.08657	0.10843	5.83833	-9.96094
22670	0.10000	0.06470	-0.01545	0.06698	0.00899	0.06470	0.01951	0.04770	5.77084	-4.94834
22680	0.10000	0.04053	-0.00739	0.02900	0.03197	0.04053	0.01486	0.02813	5.69874	-9.96094
22690	0.10000	-0.00460	0.01840	0.01855	0.00473	-0.00460	0.01858	0.04455	5.61897	-4.96435
22700	0.10000	-0.02717	0.04096	0.03458	0.02327	-0.02717	0.03161	0.04873	5.54841	-4.91662
22710	0.10000	-0.03200	-0.00256	0.03808	-0.00575	-0.03200	-0.02143	0.04608	5.48245	-4.99669
22720	0.10000	0.00829	-0.02673	0.02158	-0.01683	0.00829	-0.02608	0.01646	5.40882	-4.98047
22730	0.10000	0.02280	-0.02512	0.02511	-0.01183	0.02280	-0.01585	0.05145	5.33058	-9.99339
22740	0.10000	0.09855	-0.05736	0.09771	-0.01580	0.09855	-0.00933	0.08833	5.26309	-4.98047
22750	0.10000	0.05987	-0.02673	0.05716	0.01818	0.05987	0.00370	0.11651	5.20480	-4.99669
22760	0.10000	0.02441	0.01356	0.03762	0.00808	0.02441	0.02975	0.04184	5.13577	-9.96094
22770	0.10000	-0.01266	0.02484	0.02472	-0.00246	-0.01266	0.02138	0.13125	5.05293	-9.89668
22780	0.10000	-0.04328	0.03290	0.04516	0.00153	-0.04328	0.01300	0.05788	4.97623	-4.99669
22790	0.10000	-0.00460	-0.01062	0.01045	-0.01160	-0.00460	-0.01492	0.06468	4.91334	-9.99339
22800	0.10000	0.03247	-0.02512	-0.00242	-0.03396	0.03247	-0.01026	0.04866	4.83971	-4.98047
22810	0.10000	0.03730	-0.01545	0.01580	-0.03399	0.03730	0.00370	0.03805	4.75687	-9.96094
22820	0.10000	0.05020	-0.02512	0.04956	-0.00795	0.05020	-0.00003	0.06820	4.68171	-4.99669
22830	0.10000	0.04697	0.00550	0.05737	-0.00598	0.04697	0.03347	0.16046	4.62035	-4.91662
22840	0.10000	-0.02717	0.06836	0.05181	-0.04532	-0.02717	0.06325	0.02432	4.54979	-9.99339
22850	0.10000	-0.01105	0.01678	0.01699	-0.00152	-0.01105	0.01300	0.04651	4.46542	-9.96094
22860	0.10000	-0.04006	-0.00900	0.03476	-0.03899	-0.04006	-0.03353	0.08834	4.39486	-4.99669
22870	0.10000	-0.02394	-0.03802	0.04916	-0.03857	-0.02394	-0.05772	0.06209	4.33503	-4.98047
22880	0.10000	0.01474	-0.06380	0.05616	-0.03618	0.01474	-0.06516	0.03238	4.26907	-9.96094
22890	0.10000	0.02763	-0.04446	0.04467	-0.00455	0.02763	-0.03539	0.05265	4.18623	-9.99339
22900	0.10000	0.06793	-0.04446	0.06889	-0.00391	0.06793	-0.01212	0.08292	4.11720	-4.91662
22910	0.10000	0.06793	-0.01223	0.07223	0.00513	0.06793	0.02510	0.08659	4.05891	-4.96435
22920	0.10000	-0.01427	0.03774	0.02596	-0.02789	-0.01427	0.03533	0.01879	3.98988	-4.96435
22930	0.10000	-0.03361	-0.00256	-0.00591	-0.03994	-0.03361	-0.02236	0.01899	3.91012	-4.98047
22940	0.10000	-0.05295	0.02323	0.04907	-0.02025	-0.05295	-0.00375	0.04475	3.83802	-4.98047
22950	0.10000	-0.04651	-0.01867	0.05939	-0.03129	-0.04651	-0.04841	0.04160	3.78126	-4.96435
22960	0.10000	-0.00783	-0.03802	0.04611	-0.01670	-0.00783	-0.04841	0.04579	3.71223	-9.96094
22970	0.10000	-0.03522	-0.01867	0.02634	0.04798	-0.03522	-0.04190	0.04547	3.63247	-9.99339
22980	0.10000	0.03086	-0.06219	0.04975	0.03732	0.03086	-0.05400	0.07853	3.56190	-4.99669
22990	0.10000	0.06793	-0.01384	0.07156	-0.00571	0.06793	0.02324	0.05028	3.50361	-9.96094
23000	0.10000	0.01151	0.00711	0.01871	0.00183	0.01151	0.01486	0.08532	3.42998	-4.93243
23010	0.10000	0.00023	-0.00578	-0.00626	-0.00192	0.00023	-0.00654	0.03061	3.34868	-4.96435
23020	0.10000	-0.05134	0.03290	0.04968	-0.01540	-0.05134	0.00835	0.04359	3.28118	-4.98047
23030	0.10000	-0.04651	-0.00256	0.05176	-0.01929	-0.04651	-0.02980	0.03358	3.21983	-9.99339
23040	0.10000	-0.02555	-0.01867	0.04440	0.00066	-0.02555	-0.03632	0.03774	3.14773	-9.92871
23050	0.10000	0.01313	-0.04124	0.04210	-0.00159	0.01313	-0.04004	0.02072	3.06796	-4.99669
23060	0.10000	0.03408	-0.07025	0.06055	0.03564	0.03408	-0.06144	0.11593	3.00200	-4.91585
23070	0.10000	0.04053	-0.04446	0.03500	0.03462	0.04053	-0.02794	0.05822	2.93604	-4.99669
23080	0.10000	0.04053	-0.03802	0.00679	0.04490	0.04053	-0.02050	0.03962	2.86394	-4.98047
23090	0.10000	0.02441	0.02323	0.03442	0.03293	0.02441	0.04092	0.03041	2.78878	-4.96435
23100	0.10000	-0.03200	0.05546	0.05115	0.02200	-0.03200	0.04557	0.03747	2.71821	-4.93243
23110	0.10000	0.04375	0.01356	-0.04958	0.03360	0.04375	0.04092	0.04160	2.65379	-4.99669
23120	0.10000	-0.03522	0.00711	0.03141	0.02002	-0.03522	-0.01212	0.05093	2.58322	-4.98047
23130	0.10000	-0.00299	-0.04607	0.05381	0.01143	-0.00299	-0.05493	0.03480	2.50806	-4.99669
23140	0.10000	0.01635	-0.05413	0.04308	0.03504	0.01635	-0.05307	0.06452	2.43596	-9.96094
23150	0.10000	0.06793	-0.03479	0.06759	0.00677	0.06793	-0.00096	0.06149	2.37307	-4.98047
23160	0.10000	0.02763	-0.01223	0.01971	0.01945	0.02763	0.00183	0.08728	2.30404	-9.86486
23170	0.10000	0.03247	-0.00739	0.00631	0.03344	0.03247	0.01021	0.03073	2.22734	-9.99339
23180	0.10000	-0.02072	0.02645	0.02776	0.00199	-0.02072	0.01858	0.03336	2.15524	-4.94834
23190	0.10000	-0.03522	0.02645	0.03468	0.01192	-0.03522	0.01021	0.05835	2.09235	-4.98047
23200	0.10000	-0.00138	0.01678	-0.01201	0.01425	-0.00138	0.01858	0.05870	2.02639	-9.96094
23210	0.10000	-0.03522	-0.02512	0.04885	0.03590	-0.03522	-0.04934	0.03886	1.94969	-9.96094
23220	0.10000	0.02602	-0.06703	0.05944	0.03216	0.02602	-0.06237	0.05295	1.87299	-9.96094
23230	0.10000	0.06793	-0.06219	0.06808	0.03227	0.06793	-0.03260	0.06610	1.81163	-4.94834
23240	0.10000	0.05825	-0.01062	0.05787	0.02239	0.05825	0.02138	0.03750	1.74567	-4.99669
23250	0.10000	0.03086	0.19568	0.24394	0.02933	0.03086	0.24377	0.05262	1.66590	-4.98047
23260	0.10000	0.04053	0.02323	0.00024	0.06453	0.04053	0.05022	0.04476	1.58767	-4.99669
23270	0.10000	-0.03522	0.02484	0.03529	0.00807	-0.03522	0.00835	0.05820	1.52631	-4.98047
23280	0.10000	-0.04006	0.01034	0.03783	0.01728	-0.04006	-0.01119	0.07170	1.46188	-9.96094
23290	0.10000	-0.01105	0.00067	0.00590	0.01090	-0.01105	-0.00561	0.03768	1.38212	-4.99669
23300	0.10000	0.02441	-0.06380	0.05810	0.02775	0.02441	-0.05958	0.04194	1.30542	-9.99339
23310	0.10000	0.06793	-0.06703	0.06956	0.03511	0.06793	-0.03818	0.05660	1.24406	-4.98047
23320	0.10000	0.06309	-0.06703	0.02682	0.07028	0.06309	-0.04097	0.11483	1.18117	-4.96435
23330	0.10000	0.04697	-0.01062	0.01856	0.04563	0.04697	0.01486	0.02951	1.10140	-4.99669
23340	0.10000	0.00023	0.02001	0.01634	0.01652	0.00023	0.02324	0.08452	1.02623	-4.98047
23350	0.10000	-0.03684	0.05063	0.04086	0.03271	-0.03684	0.03719	0.05901	0.96641	-4.99669
23360	0.10000	-0.06262	0.02645	0.05697	0.02659	-0.06262	-0.00561	0.06711	0.90658	-9.99339
23370	0.10000	-0.01911	-0.00900	0.02505	0.01402	-0.01911	-0.02143	0.03912	0.82682	-4.98047
23380	0.10000	0.00184	-0.04446	0.04229	0.02724	0.00184	-0.05028	0.04714	0.75472	-4.98047
23390	0.10000	0.00023	-0.06219	0.01935	0.06902	0.00023	-0.07168	0.11206	0.69489	-4.98047
23400	0.10000	0.06631	-0.06219	0.04870	0.05612	0.06631	-0.03353	0.07227	0.63200	-4.99669
23410	0.10000	0.04375	-0.05091	-0.01528	0.05295	0.04375	-0.03353	0.06262	0.55530	-9.96094
23420	0.10000	0.01635	0.04096	0.04381	0.03957	0.01635	0.05674	0.04540	0.48320	-4.99669
23430	0.10000	-0.05295	0.04579	0.05744	-0.00151	-0.05295	0.02231	0.06002	0.42184	-4.99669
23440	0.10000	-0.05295	0.04902	0.04613	0.03678	-0.05295	0.02603	0.06643	0.36355	-4.96435
23450	0.10000	-0.03522	0.02645	0.01011	0.03525	-0.03522	0.01021	0.05775	0.28992	-9.99329
23460	0.10000	-0.03361	-0.05091	0.06574	0.05405	-0.03361	-0.07819	0.06891	0.21169	-4.98042
23470	0.10000	0.04536	-0.10732	0.09053	0.05843	0.04536	-0.09773	0.09857	0.14880	-4.99669
23480	0.10000	0.05503	-0.07025	0.04918	0.05518	0.05503	-0.04934	0.08140	0.08590	-4.96433
23490	0.10000	0.06470	-0.02996	0.04296	0.04845	0.06470	0.00276	0.10978	0.01381	-4.93242
23500	0.10000	0.02441	0.01840	0.03096	0.02976	0.02441	0.03533	0.02198	6.22183	-4.93243
23510	0.10000	-0.02394	0.04257	0.04021	0.01430	-0.02394	0.03533	0.11135	6.15280	-4.99669
23520	0.10000	-0.03522	0.02323	0.03464	0.00911	-0.03522	0.00649	0.04227	6.08837	-4.96435
23530	0.10000	-0.03039	-0.00578	0.03845	0.00560	-0.03039	-0.02422	0.03380	6.01934	-9.89668
23540	0.10000	-0.14643	0.02968	0.09723	0.12048	-0.14643	-0.05028	0.12499	5.94111	-4.98047
23550	0.10000	0.03730	-0.08798	0.07962	0.03822	0.03730	-0.08005	0.06320	5.87208	-9.99339
23560	0.10000	0.06631	-0.03802	0.06629	0.00591	0.06631	-0.00561	0.13633	5.80765	-4.99669
23570	0.10000	0.05987	-0.01062	0.05866	0.02530	0.05987	0.02231	0.03910	5.73862	-9.92871
23580	0.10000	0.03891	0.01678	0.04106	0.03973	0.03891	0.04185	0.03285	5.66499	-4.94834
23590	0.10000	-0.01750	0.04096	0.03827	0.01499	-0.01750	0.03719	0.02542	5.58983	-4.93243
23600	0.10000	-0.03845	-0.11860	0.03868	-0.15909	-0.03845	-0.15915	0.06400	5.52540	-4.99669
23610	0.10000	-0.04006	-0.01706	0.05774	-0.01028	-0.04006	-0.04283	0.04470	5.46557	-9.83324
23620	0.10000	0.00184	-0.00739	0.00720	-0.00271	0.00184	-0.00747	0.02729	5.38734	-4.99669
23630	0.10000	0.00184	-0.02673	0.02289	0.01918	0.00184	-0.02980	0.05593	5.30911	-4.93243
23640	0.10000	0.06954	-0.05413	0.06994	0.02107	0.06954	-0.02236	0.07275	5.23854	-4.99669
23650	0.10000	0.04214	-0.01223	0.03866	0.01961	0.04214	0.01021	0.02482	5.17258	-4.96435
23660	0.10000	0.01635	0.01195	0.02408	0.01508	0.01635	0.02324	0.01892	5.09742	-4.96435
23670	0.10000	-0.02394	0.01678	0.02193	-0.01110	-0.02394	0.00556	0.13063	5.01305	-9.86486
23680	0.10000	-0.03845	0.01517	0.03870	-0.00160	-0.03845	-0.00468	0.05156	4.94402	-4.96435
23690	0.10000	-0.00460	-0.01867	0.02065	-0.01346	-0.00460	-0.02422	0.07767	4.87959	-9.99339
23700	0.10000	0.02441	-0.04607	0.04089	-0.02128	0.02441	-0.03911	0.03582	4.79829	-9.96094
23710	0.10000	0.05825	-0.01062	0.03694	-0.04986	0.05825	0.02138	0.04260	4.71699	-4.98047
23720	0.10000	0.07276	-0.00578	0.07786	-0.02190	0.07276	0.03533	0.05782	4.65103	-4.99669
23730	0.10000	-0.00621	0.04096	0.03048	-0.03193	-0.00621	0.04371	0.03079	4.58507	-4.99669
23740	0.10000	-0.01427	0.03129	0.02980	-0.00966	-0.01427	0.02789	0.03274	4.50684	-9.99339
23750	0.10000	-0.04490	-0.00739	0.02287	-0.05176	-0.04490	-0.03446	0.03097	4.42400	-4.98047
23760	0.10000	0.00829	-0.01062	-0.00656	-0.00903	0.00829	-0.00747	0.08794	4.36418	-4.99669
23770	0.10000	-0.01750	-0.06058	0.07298	-0.03727	-0.01750	-0.08005	0.01252	4.30128	-9.92871
23780	0.10000	0.06631	-0.02029	-0.00664	-0.06764	0.06631	0.01486	0.04428	4.22458	-9.99339
23790	0.10000	0.06470	-0.04446	0.06238	-0.02214	0.06470	-0.01398	0.12136	4.14482	-9.99339
23800	0.10000	0.07598	-0.00578	0.07992	-0.02775	0.07598	0.03719	0.07720	4.08499	-4.99669
23810	0.10000	0.03891	0.03290	0.07042	-0.01448	0.03891	0.06046	0.11463	4.02363	-4.98047
23820	0.10000	-0.00460	0.00711	0.00579	-0.00431	-0.00460	0.00556	0.01465	3.94386	-9.89668
23830	0.10000	-0.03522	0.03290	0.03866	-0.00758	-0.03522	0.01765	0.02047	3.86870	-9.86486
23840	0.10000	-0.04490	0.01517	0.04526	-0.00612	-0.04490	-0.00840	0.06155	3.80734	-9.92871
23850	0.10000	-0.01750	-0.01384	0.03026	-0.00842	-0.01750	-0.02608	0.07081	3.74445	-9.99339
23860	0.10000	0.00829	-0.00578	0.00173	-0.00832	0.00829	-0.00189	0.01353	3.66468	-9.92871
23870	0.10000	0.02119	-0.04446	0.04209	0.01436	0.02119	-0.03911	0.04451	3.59105	-4.91662
23880	0.10000	0.08727	-0.05413	0.08765	0.00890	0.08727	-0.01212	0.23024	3.52969	-4.96435
23890	0.10000	0.04375	-0.14761	-0.05612	0.14086	0.04375	-0.14519	0.02076	3.46219	-9.89668
23900	0.10000	0.00184	0.00872	0.01122	0.00123	0.00184	0.01114	0.01400	3.38550	-9.96094
23910	0.10000	-0.00460	0.02001	0.01768	0.01125	-0.00460	0.02044	0.04237	3.30880	-9.96094
23920	0.10000	-0.04651	0.04257	0.04802	0.01882	-0.04651	0.02231	0.05606	3.24744	-9.99339
23930	0.10000	-0.01266	0.01034	0.00745	0.01123	-0.01266	0.00463	0.04801	3.17994	-9.99339
23940	0.10000	-0.01750	-0.02029	0.03499	0.01434	-0.01750	-0.03353	0.03422	3.10324	-9.86486
23950	0.10000	-0.00460	-0.03479	0.02923	0.03164	-0.00460	-0.04283	0.05814	3.02961	-4.94834
23960	0.10000	0.08565	-0.06219	0.08798	0.00981	0.08565	-0.02236	0.26631	2.96518	-4.96435
23970	0.10000	0.05342	-0.12182	-0.01974	0.12053	0.05342	-0.10983	0.03194	2.89616	-4.94834
23980	0.10000	0.02763	-0.00256	0.01688	0.02545	0.02763	0.01300	0.03283	2.82099	-9.86486
23990	0.10000	-0.01911	0.04096	0.04020	0.00798	-0.01911	0.03626	0.01338	2.74583	-4.99669
24000	0.10000	-0.04328	0.04257	0.04606	0.01833	-0.04328	0.02417	0.05231	2.67986	-9.99339
24010	0.10000	-0.08358	0.01840	0.08475	0.02306	-0.08358	-0.02701	0.06665	2.61544	-9.96094
24020	0.10000	-0.01105	-0.02351	0.03497	0.00478	-0.01105	-0.03353	0.01830	2.53874	-9.96094
24030	0.10000	0.01635	-0.05413	0.05256	0.01791	0.01635	-0.05307	0.05022	2.46664	-4.99669
24040	0.10000	0.05987	-0.04446	0.06192	0.00553	0.05987	-0.01678	0.06538	2.39915	-9.96094
24050	0.10000	0.06793	-0.02029	0.06670	0.02035	0.06793	0.01579	0.12069	2.33318	-4.99669
24060	0.10000	0.03247	-0.02834	-0.00481	0.03502	0.03247	-0.01398	0.05245	2.25955	-4.98047
24070	0.10000	0.01796	0.04579	0.04254	0.05013	0.01796	0.06325	0.04804	2.18592	-9.96094
24080	0.10000	-0.05295	0.05224	0.05819	0.01742	-0.05295	0.02975	0.05108	2.11689	-4.99669
24090	0.10000	-0.13999	0.03129	0.14574	0.01877	-0.13999	-0.04469	0.06437	2.05553	-4.98047
24100	0.10000	-0.12870	0.22308	0.18233	0.13003	-0.12870	0.18329	0.22716	1.98344	-9.96094
24110	0.10000	-0.01911	-0.05897	0.07256	0.03686	-0.01911	-0.07912	0.03551	1.92975	-4.94834
24120	0.10000	-0.03200	-0.06219	0.01782	0.09411	-0.03200	-0.09029	0.07115	1.85918	-9.96094
24130	0.10000	0.07276	-0.03963	0.07165	0.01317	0.07276	-0.00375	0.06780	1.79936	-9.92871
24140	0.10000	0.03247	-0.00578	0.03011	0.01711	0.03247	0.01207	0.03229	1.73186	-4.99669
24150	0.10000	0.03730	-0.01545	-0.00239	0.03741	0.03730	0.00370	0.02844	1.64903	-4.98047
24160	0.10000	-0.01911	0.03935	0.03455	0.01884	-0.01911	0.03440	0.05449	1.57693	-4.93243
24170	0.10000	-0.06746	0.05708	0.06572	0.03094	-0.06746	0.02696	0.14203	1.52631	0.00000
24180	0.10000	-0.04328	0.01034	0.04332	0.01292	-0.04328	-0.01305	0.06143	1.47262	-4.96435
24190	0.10000	-0.02717	-0.01062	0.03337	0.02013	-0.02717	-0.02794	0.01450	1.39899	-4.91662
24200	0.10000	-0.02717	-0.03157	0.02332	0.05396	-0.02717	-0.05214	0.05145	1.31769	-4.98047
24210	0.10000	0.07115	-0.05091	0.07316	0.00471	0.07115	-0.01771	0.06716	1.25633	-4.96435
24220	0.10000	0.05181	-0.03963	0.03739	0.03920	0.05181	-0.01585	0.07653	1.19344	-9.99339
24230	0.10000	0.04053	-0.01062	0.02077	0.03654	0.04053	0.01114	0.02173	1.11520	-4.98047
24240	0.10000	-0.00138	0.03774	0.03581	0.02344	-0.00138	0.04278	0.01303	1.04004	-9.96094
24250	0.10000	-0.05618	0.03612	0.05672	-0.00491	-0.05618	0.00928	0.05676	0.97715	-4.99669
24260	0.10000	-0.06746	0.02323	0.06743	0.01224	-0.06746	-0.01212	0.01992	0.92346	-4.98047
24270	0.10000	-0.01911	-0.00739	0.02637	0.00726	-0.01911	-0.01957	0.03583	0.85289	-4.98047
24280	0.10000	-0.01427	-0.04446	0.05029	0.03499	-0.01427	-0.05958	0.07659	0.77466	-4.99669
24290	0.10000	0.05020	-0.08959	0.07859	0.04346	0.05020	-0.07447	0.07871	0.71177	-4.96435
24300	0.10000	0.07276	-0.06703	0.06498	0.04820	0.07276	-0.03539	0.07321	0.65194	-9.99339
24310	0.10000	0.05020	-0.03157	0.02335	0.04505	0.05020	-0.00747	0.06683	0.57984	-9.96094
24320	0.10000	0.01957	0.03129	0.04208	0.02936	0.01957	0.04743	0.05198	0.50468	-4.93243
24330	0.10000	-0.02394	0.06997	0.05801	0.04114	-0.02394	0.06697	0.09591	0.43872	-4.99669
24340	0.10000	-0.06101	0.06514	0.05976	0.04183	-0.06101	0.03999	0.04995	0.37889	-4.99669
24350	0.10000	-0.02717	0.01195	0.02046	0.01797	-0.02717	-0.00189	0.04279	0.30986	-9.99329
24360	0.10000	-0.02394	-0.03157	0.04912	0.02623	-0.02394	-0.05028	0.06323	0.23317	-4.99669
24370	0.10000	0.04053	-0.08959	0.08364	0.03247	0.04053	-0.08005	0.06022	0.16414	-4.99669
24380	0.10000	0.07276	-0.13149	0.08240	0.10279	0.07276	-0.10983	0.06201	0.10584	-4.93240
24390	0.10000	0.12434	-0.02834	0.12253	0.04438	0.12434	0.03906	0.07467	0.03528	-4.99668
24400	0.10000	0.05664	-0.01062	0.02372	0.05535	0.05664	0.02044	0.04316	6.24023	-9.92871
24410	0.10000	-0.03684	0.04902	0.05084	-0.00451	-0.03684	0.03533	0.03478	6.16967	-4.94834
24420	0.10000	-0.03522	0.04902	0.03955	0.03149	-0.03522	0.03626	0.05814	6.10678	-9.99339
24430	0.10000	-0.04973	0.02484	0.04063	0.02868	-0.04973	-0.00003	0.05744	6.03928	-9.96094
24440	0.10000	-0.03522	-0.01384	0.04105	0.02957	-0.03522	-0.03632	0.03695	5.96258	-9.96094
24450	0.10000	0.00184	-0.06058	0.05396	0.04285	0.00184	-0.06889	0.15887	5.88588	-4.98047
24460	0.10000	0.04697	-0.06380	0.05330	0.03915	0.04697	-0.04655	0.08150	5.82146	-4.96435
24470	0.10000	0.07921	-0.03640	0.06696	0.04247	0.07921	0.00370	0.06661	5.75243	-4.96435
24480	0.10000	0.01635	0.00711	0.02011	0.01321	0.01635	0.01765	0.02173	5.67880	-4.98047
24490	0.10000	-0.01105	0.03612	0.03467	0.01297	-0.01105	0.03533	0.01439	5.60517	-4.98047
24500	0.10000	-0.04006	0.02001	0.03970	-0.00536	-0.04006	-0.00003	0.04690	5.53460	-4.99669
24510	0.10000	0.00184	0.00067	-0.00255	0.00049	0.00184	0.00183	0.06314	5.46864	-4.98047
24520	0.10000	-0.01105	-0.03479	0.04779	0.00227	-0.01105	-0.04655	0.24113	5.39348	-4.91662
24530	0.10000	0.02763	-0.01867	0.02253	-0.01695	0.02763	-0.00561	0.04764	5.31371	-9.96094
24540	0.10000	0.06793	-0.03963	0.06817	0.00298	0.06793	-0.00654	0.11969	5.24315	-4.98047
24550	0.10000	0.05181	-0.01062	0.05181	0.01764	0.05181	0.01765	0.03169	5.17872	-9.99339
24560	0.10000	-0.00621	0.01840	0.01704	-0.00773	-0.00621	0.01765	0.00652	5.10049	-9.99339
24570	0.10000	0.00023	0.01678	0.01333	0.01425	0.00023	0.01951	0.02941	5.01919	-9.86486
24580	0.10000	-0.07713	0.04257	0.07726	-0.00095	-0.07713	0.00463	0.09279	4.96243	-9.92871
24590	0.10000	-0.02394	-0.03802	0.05066	-0.03658	-0.02394	-0.05772	0.05587	4.90107	-4.98047
24600	0.10000	0.01151	-0.04769	0.04384	-0.02354	0.01151	-0.04841	0.11598	4.83051	-9.96094
24610	0.10000	0.01474	-0.01223	0.01354	-0.00809	0.01474	-0.00561	0.04955	4.74460	-4.99669
24620	0.10000	0.07276	-0.04124	0.07298	0.00012	0.07276	-0.00561	0.08359	4.67404	-4.91662
24630	0.10000	0.04375	0.03612	0.07490	-0.02808	0.04375	0.06697	0.02076	4.60961	-4.98047
24640	0.10000	-0.03039	0.21180	0.21919	-0.06640	-0.03039	0.22702	0.02399	4.53598	-9.96094
24650	0.10000	-0.01911	0.00711	0.01096	-0.01590	-0.01911	-0.00282	0.02817	4.45315	-9.99339
24660	0.10000	-0.06262	-0.01062	0.06126	-0.05013	-0.06262	-0.04841	0.04544	4.38412	-4.99669
24670	0.10000	-0.03522	-0.02673	0.05828	-0.02158	-0.03522	-0.05121	0.08835	4.32429	-4.96435
24680	0.10000	-0.00460	-0.06703	0.07752	-0.02051	-0.00460	-0.08005	0.08794	4.26753	-4.99669
24690	0.10000	0.04858	-0.04769	0.04630	-0.03076	0.04858	-0.02701	0.03910	4.19237	-4.99669
24700	0.10000	0.06793	-0.04446	0.06860	-0.00739	0.06793	-0.01212	0.04182	4.12181	-4.98047
24710	0.10000	0.06793	0.00711	0.08056	-0.01932	0.06793	0.04743	0.05092	4.06352	-4.96435
24720	0.10000	0.00829	0.01356	0.02190	-0.00263	0.00829	0.02044	0.05636	3.99755	-4.99669
24730	0.10000	-0.02555	0.02001	0.01743	-0.02047	-0.02555	0.00835	0.00325	3.91319	-4.99669
24740	0.10000	-0.03522	0.02968	0.03788	0.00020	-0.03522	0.01393	0.04578	3.84416	-4.93243
24750	0.10000	-0.01750	0.00711	0.01731	0.00314	-0.01750	-0.00189	0.07638	3.78586	-9.99339
24760	0.10000	0.02441	-0.01384	-0.01133	-0.02170	0.02441	-0.00189	0.05265	3.71684	-9.96094
24770	0.10000	0.01474	-0.01062	0.00818	-0.01282	0.01474	-0.00375	0.03597	3.63707	-9.96094
24780	0.10000	0.06148	-0.06219	0.07110	0.00654	0.06148	-0.03632	0.06581	3.56497	-4.98047
24790	0.10000	0.09855	-0.03963	0.09880	0.00859	0.09855	0.01114	0.07235	3.50668	-4.91662
24800	0.10000	0.02763	0.00067	0.02956	0.01300	0.02763	0.01672	0.01400	3.43612	-9.99339
24810	0.10000	-0.02878	0.02484	0.01960	-0.02428	-0.02878	0.01207	0.01987	3.35328	-9.99339
24820	0.10000	-0.03361	0.04579	0.04570	0.01269	-0.03361	0.03347	0.05509	3.28579	-4.93243
24830	0.10000	-0.00460	0.02323	0.00063	0.02459	-0.00460	0.02417	0.05621	3.22289	-4.99669
24840	0.10000	-0.02555	0.12638	-0.09073	0.09811	-0.02555	0.13118	0.03534	3.15080	-9.96094
24850	0.10000	0.00184	-0.03802	0.04226	0.00719	0.00184	-0.04283	0.02841	3.07410	-4.99669
24860	0.10000	0.05987	-0.05252	0.06467	-0.00900	0.05987	-0.02608	0.06019	3.00353	-9.99339
24870	0.10000	0.06148	-0.09281	0.05066	0.07969	0.06148	-0.07168	0.06771	2.93911	-4.99669
24880	0.10000	0.04697	-0.01223	0.03933	0.02879	0.04697	0.01300	0.04157	2.87008	-9.96094
24890	0.10000	0.02602	-0.14117	-0.15022	-0.00264	0.02602	-0.14798	0.03721	2.79185	-9.99339
24900	0.10000	-0.01427	0.04418	0.03601	0.02714	-0.01427	0.04278	0.04783	2.72282	-9.86486
24910	0.10000	-0.01105	0.03935	0.00619	0.04011	-0.01105	0.03906	0.05788	2.65685	-9.99339
24920	0.10000	-0.03522	0.06030	-0.01467	0.05878	-0.03522	0.04929	0.01508	2.58783	-9.96094
24930	0.10000	-0.01105	-0.03963	0.05042	0.01727	-0.01105	-0.05214	0.04905	2.51113	-9.99339
24940	0.10000	0.01957	-0.06058	0.05072	0.03537	0.01957	-0.05865	0.13428	2.43903	-4.99669
24950	0.10000	0.06793	-0.03640	0.06769	0.00635	0.06793	-0.00282	0.06201	2.37614	-4.96435
24960	0.10000	0.04214	-0.01545	0.03415	0.02552	0.04214	0.00649	0.04071	2.30864	-9.99339
24970	0.10000	0.03891	0.02001	0.04284	0.04189	0.03891	0.04557	0.02782	2.23194	-9.96094
24980	0.10000	-0.01427	0.04579	0.03907	0.02587	-0.01427	0.04464	0.02891	2.15678	-9.99339
24990	0.10000	-0.05295	0.04257	0.05266	0.01939	-0.05295	0.01858	0.05816	2.09542	-4.99669
25000	0.10000	-0.04328	-0.00578	0.05347	0.00404	-0.04328	-0.03166	0.04086	2.02946	-4.98047
25010	0.10000	-0.03200	-0.02029	0.04356	0.02970	-0.03200	-0.04190	0.02763	1.95429	-4.91662
25020	0.10000	0.02119	-0.03640	0.03566	0.00807	0.02119	-0.02980	0.06182	1.87606	-9.99300
25030	0.10000	0.06954	-0.03802	0.06960	0.00225	0.06954	-0.00375	0.09826	1.81470	-4.99669
25040	0.10000	0.06793	-0.01062	0.06997	0.02106	0.06793	0.02696	0.04408	1.74874	-4.99631
25050	0.10000	0.04053	-0.02834	-0.00701	0.04099	0.04053	-0.00933	0.02693	1.67051	-4.98047
25060	0.10000	-0.03522	0.02323	0.03051	-0.01876	-0.03522	0.00649	0.04388	1.59074	-4.98047
25070	0.10000	-0.03684	0.04257	0.03796	0.02633	-0.03684	0.02789	0.05573	1.52938	-4.98047
25080	0.10000	-0.05295	0.03935	0.03315	0.04389	-0.05295	0.01486	0.01842	1.46495	-4.99669
25090	0.10000	-0.03522	0.00067	0.02333	0.03285	-0.03522	-0.01957	0.04099	1.38825	-4.96435
25100	0.10000	0.02763	-0.03640	0.03799	-0.00052	0.02763	-0.02608	0.06301	1.30849	-9.99339
25110	0.10000	0.06793	-0.04446	0.06866	0.00677	0.06793	-0.01212	0.07064	1.24713	-4.98047
25120	0.10000	0.06793	-0.01384	0.06892	0.02011	0.06793	0.02324	0.11324	1.18423	-9.99339
25130	0.10000	0.05020	-0.10571	-0.08678	0.06042	0.05020	-0.09308	0.02529	1.10447	-14.99008
25140	0.10000	0.00668	0.04741	0.03845	0.04471	0.00668	0.05860	0.04280	1.02930	-4.94795
25150	0.10000	-0.03522	0.05869	0.04257	0.04097	-0.03522	0.04743	0.05821	0.96948	-4.99669
25160	0.10000	-0.05134	0.02484	0.04529	0.02419	-0.05134	-0.00096	0.06074	0.90812	-9.89668
25170	0.10000	-0.03039	0.02001	0.00219	0.03081	-0.03039	0.00556	0.05663	0.83142	-4.99669
25180	0.10000	0.01151	-0.03963	0.03888	0.01227	0.01151	-0.03911	0.08153	0.75779	-9.99339
25190	0.10000	0.07437	-0.05897	0.07845	0.00307	0.07437	-0.02515	0.08560	0.69643	-4.96435
25200	0.10000	0.07115	-0.03479	0.06704	0.02383	0.07115	0.00090	0.05094	0.63660	-4.93224
25210	0.10000	0.06470	-0.03318	0.02370	0.06021	0.06470	-0.00096	0.04936	0.55837	-9.96094
25220	0.10000	0.01151	0.04096	0.04400	0.03327	0.01151	0.05394	0.03507	0.48474	-4.99669
25230	0.10000	0.01474	0.07642	0.02646	0.09421	0.01474	0.09675	0.05743	0.42338	-4.99669
25240	0.10000	-0.04006	0.02323	0.03812	0.01285	-0.04006	0.00370	0.09978	0.36049	-4.99669
25250	0.10000	-0.03039	0.02645	0.00573	0.03255	-0.03039	0.01300	0.05505	0.28992	-4.99669
25260	0.10000	-0.03039	-0.05091	0.06569	0.04934	-0.03039	-0.07633	0.05853	0.21322	-4.99669
25270	0.10000	0.04375	-0.09120	0.08046	0.04299	0.04375	-0.08005	0.08684	0.15033	-4.94829
25280	0.10000	0.06793	-0.04607	0.06629	0.02036	0.06793	-0.01398	0.07506	0.08744	-4.99669
25290	0.10000	0.05987	-0.04446	0.02571	0.05660	0.05987	-0.01678	0.07948	0.01534	-4.99668
25300	0.10000	0.02602	-0.00900	0.00084	0.02641	0.02602	0.00463	0.06109	6.22336	-4.90091
25310	0.10000	-0.03522	0.06836	0.06351	0.02530	-0.03522	0.05860	0.05791	6.15280	-4.99669
25320	0.10000	-0.05618	0.03129	0.05586	0.00696	-0.05618	0.00370	0.03779	6.08837	-4.98047
25330	0.10000	-0.04973	-0.00256	0.05757	0.01269	-0.04973	-0.03166	0.03740	6.02087	-4.94834
25340	0.10000	-0.01427	-0.03802	0.05063	0.01893	-0.01427	-0.05214	0.02072	5.94111	-9.96094
25350	0.10000	0.03247	-0.06703	0.06188	0.02579	0.03247	-0.05865	0.05720	5.86901	-4.91662
25360	0.10000	0.06470	-0.01867	0.06567	-0.01110	0.06470	0.01579	0.06360	5.80305	-4.98047
25370	0.10000	0.04697	-0.01062	0.04304	0.02396	0.04697	0.01486	0.03964	5.73402	-4.98047
25380	0.10000	0.01957	-0.01062	-0.00299	0.01937	0.01957	-0.00096	0.04768	5.65579	-14.74986
25390	0.10000	-0.02555	0.25209	0.18195	0.20952	-0.02555	0.27634	0.04113	5.57909	-4.96435
25400	0.10000	-0.08680	0.03935	0.08687	0.00279	-0.08680	-0.00468	0.06757	5.51773	-4.94834
25410	0.10000	-0.03684	-0.00739	0.04728	0.00301	-0.03684	-0.02980	0.06678	5.45484	-4.96435
25420	0.10000	0.00184	-0.03640	0.04099	-0.00116	0.00184	-0.04097	0.01407	5.37660	-9.96094
25430	0.10000	0.03891	-0.02190	0.03173	-0.02271	0.03891	-0.00282	0.04112	5.29837	-9.99339
25440	0.10000	0.06793	-0.05091	0.06607	0.02511	0.06793	-0.01957	0.02853	5.23087	-4.99669
25450	0.10000	0.02763	0.01356	0.04194	-0.00185	0.02763	0.03161	0.02760	5.16338	-4.99669
25460	0.10000	0.01796	0.01678	0.02819	0.02031	0.01796	0.02975	0.01898	5.08515	-4.98047
25470	0.10000	-0.02878	0.09253	0.07241	0.06105	-0.02878	0.09023	0.02780	5.00231	-9.92871
25480	0.10000	-0.03522	0.00711	0.03692	-0.00496	-0.03522	-0.01212	0.05730	4.93482	-9.89668
25490	0.10000	-0.00944	-0.02996	0.03735	-0.01725	-0.00944	-0.04004	0.06379	4.86885	-4.99669
25500	0.10000	0.01635	-0.01223	0.00803	-0.01499	0.01635	-0.00468	0.03292	4.78755	-14.94141
25510	0.10000	0.05987	-0.03640	0.05722	-0.01911	0.05987	-0.00747	0.06007	4.70625	-9.96094
25520	0.10000	0.04536	-0.01062	0.04744	-0.00090	0.04536	0.01393	0.01646	4.64183	-4.99669
25530	0.10000	0.01957	0.04096	0.05941	-0.01692	0.01957	0.05860	0.03642	4.57740	-4.96435
25540	0.10000	-0.05779	-0.00578	-0.02266	-0.06655	-0.05779	-0.04004	0.01439	4.49456	-14.99008
25550	0.10000	-0.04651	0.01840	0.04106	-0.02254	-0.04651	-0.00561	0.06148	4.41480	-9.99339
25560	0.10000	0.01635	-0.01062	-0.01484	-0.00742	0.01635	-0.00282	0.08855	4.35651	-9.99339
25570	0.10000	-0.07391	-0.06380	0.13773	-0.00510	-0.07391	-0.11634	0.05077	4.29208	-4.99669
25580	0.10000	0.02441	-0.03802	0.03476	-0.01660	0.02441	-0.02980	0.04648	4.21231	-4.98047
25590	0.10000	0.06470	-0.01867	0.05128	-0.04250	0.06470	0.01579	0.05688	4.13561	-4.98047
25600	0.10000	0.07115	-0.00256	0.07743	-0.02281	0.07115	0.03812	0.07919	4.07732	-4.99669
25610	0.10000	-0.01750	0.03129	0.00943	-0.02991	-0.01750	0.02603	0.10688	4.01443	-9.99339
25620	0.10000	0.00023	0.00067	0.00084	0.00040	0.00023	0.00090	0.02141	3.93313	-9.99261
25630	0.10000	-0.01750	0.00389	0.01189	-0.01401	-0.01750	-0.00561	0.03898	3.85950	-9.99339
25640	0.10000	-0.06262	-0.01062	0.06856	-0.03955	-0.06262	-0.04841	0.04175	3.79967	-9.96094
25650	0.10000	-0.00621	-0.01867	0.02250	-0.01284	-0.00621	-0.02515	0.05581	3.73524	-9.99339
25660	0.10000	0.01635	-0.03802	0.03612	-0.01223	0.01635	-0.03446	0.02210	3.65394	-9.92871
25670	0.10000	0.04697	-0.02834	0.04132	-0.02304	0.04697	-0.00561	0.04654	3.58185	-9.96094
25680	0.10000	0.06793	-0.04607	0.06718	0.01720	0.06793	-0.01398	0.03584	3.52202	-4.98047
25690	0.10000	0.03891	0.00067	0.04408	0.01054	0.03891	0.02324	0.21499	3.45299	-9.99339
25700	0.10000	0.02602	-0.00095	0.01272	0.02663	0.02602	0.01393	0.00799	3.37476	-9.99339
25710	0.10000	-0.00944	0.01840	0.01727	0.00632	-0.00944	0.01579	0.04455	3.29959	-4.98047
25720	0.10000	-0.04490	0.03290	0.04476	0.01255	-0.04490	0.01207	0.05911	3.23977	-4.98047
25730	0.10000	-0.01105	0.00067	0.01201	0.00306	-0.01105	-0.00561	0.05272	3.17227	-4.98047
25740	0.10000	-0.00621	-0.00900	0.01393	0.00634	-0.00621	-0.01398	0.04008	3.09251	-4.99669
25750	0.10000	0.04053	-0.04285	0.04741	-0.00862	0.04053	-0.02608	0.05818	3.02041	-4.96435
25760	0.10000	0.06954	-0.05413	0.07075	0.01815	0.06954	-0.02236	0.20388	2.95752	-4.96435
25770	0.10000	0.05342	-0.19274	-0.08253	0.18109	0.05342	-0.19172	0.02827	2.88849	-4.94834
25780	0.10000	-0.01427	0.00389	-0.00414	-0.01416	-0.01427	-0.00375	0.02172	2.81179	-9.92871
25790	0.10000	-0.01588	0.04418	0.04088	0.01823	-0.01588	0.04185	0.02593	2.73816	-4.98047
25800	0.10000	-0.04651	0.02162	0.04620	-0.00559	-0.04651	-0.00189	0.04443	2.67373	-4.94834
25810	0.10000	-0.01588	0.01034	0.01082	0.01195	-0.01588	0.00276	0.06482	2.60623	-4.99669
25820	0.10000	0.21943	-0.00739	-0.13559	-0.20908	0.21943	0.11815	0.05361	2.52953	-9.99339
25830	0.10000	0.01635	-0.06219	0.05791	0.02835	0.01635	-0.06237	0.04134	2.45744	-4.99669
25840	0.10000	0.06793	-0.06541	0.07121	0.02937	0.06793	-0.03632	0.07480	2.39148	-9.96094
25850	0.10000	0.06148	-0.04446	0.04217	0.04746	0.06148	-0.01585	0.05349	2.32705	-9.89668
25860	0.10000	0.04214	0.01356	0.04820	0.03242	0.04214	0.03999	0.04915	2.25955	-9.96094
25870	0.10000	0.01635	-0.00095	-0.00155	0.01829	0.01635	0.00835	0.04671	2.18592	-4.98047
25880	0.10000	-0.03361	0.05708	0.04486	0.03578	-0.03361	0.04650	0.05822	2.12150	-4.93243
25890	0.10000	-0.05779	-0.00095	0.06682	-0.00788	-0.05779	-0.03446	0.03910	2.05707	-4.99669
25900	0.10000	-0.03039	-0.03157	0.06137	0.00854	-0.03039	-0.05400	0.04465	1.98497	-4.94795
25910	0.10000	0.00507	-0.02512	0.02555	0.00728	0.00507	-0.02608	0.05853	1.90827	-4.98047
25920	0.10000	0.05020	-0.07025	0.06306	0.03551	0.05020	-0.05214	0.08805	1.83771	-9.99339
25930	0.10000	0.04536	-0.02673	0.04067	0.02062	0.04536	-0.00468	0.06998	1.77635	-4.93243
25940	0.10000	0.13723	-0.02351	0.10434	0.10322	0.13723	0.05208	0.04885	1.70425	-4.99631
25950	0.10000	0.01796	0.02323	0.02515	0.03276	0.01796	0.03719	0.00691	1.62295	-4.98047
25960	0.10000	-0.12870	0.04096	0.11422	-0.06515	-0.12870	-0.02701	0.05788	1.55239	-4.99669
25970	0.10000	-0.04328	0.02484	0.03914	0.01884	-0.04328	0.00370	0.07092	1.49256	-4.98047
25980	0.10000	-0.03039	-0.01223	0.04193	0.01297	-0.03039	-0.03166	0.01411	1.42047	-4.98047
25990	0.10000	0.00990	-0.04446	0.04560	0.00999	0.00990	-0.04562	0.02600	1.34070	-4.94834
26000	0.10000	-0.03039	0.20535	0.21164	-0.06588	-0.03039	0.21958	0.22098	1.27627	-4.99669
26010	0.10000	0.09210	-0.05091	0.09222	0.00306	0.09210	-0.00561	0.06841	1.24406	-4.94834
26020	0.10000	0.06309	-0.03802	0.04869	0.04081	0.06309	-0.00747	0.07101	1.18577	-4.99669
26030	0.10000	0.04375	-0.01223	0.01674	0.04192	0.04375	0.01114	0.03459	1.10600	-9.99339
26040	0.10000	0.04858	0.04257	0.02512	0.08769	0.04858	0.07721	0.02069	1.02930	-9.99339
26050	0.10000	0.02441	-0.16856	0.15646	-0.09334	0.02441	-0.18055	0.23265	0.97408	0.00000
26060	0.10000	-0.07552	0.02968	0.07480	0.01390	-0.07552	-0.00933	0.14275	0.92806	-4.99669
26070	0.10000	-0.02072	-0.00900	0.02982	0.00632	-0.02072	-0.02236	0.03695	0.85596	-4.98047
26080	0.10000	-0.00783	-0.01223	0.01520	0.01332	-0.00783	-0.01864	0.15447	0.77926	-4.99669
26090	0.10000	0.03408	-0.06703	0.05722	0.03492	0.03408	-0.05772	0.08874	0.71484	-4.99669
26100	0.10000	0.07115	-0.05091	0.06812	0.02711	0.07115	-0.01771	0.07143	0.65654	-9.96075
26110	0.10000	0.04375	-0.05091	0.00125	0.05510	0.04375	-0.03353	0.05778	0.58445	-9.99339
26120	0.10000	0.04536	0.02323	0.04289	0.05502	0.04536	0.05301	0.04508	0.50621	-9.96075
26130	0.10000	-0.01266	0.06675	0.05037	0.04990	-0.01266	0.06976	0.07084	0.44025	-9.89658
26140	0.10000	-0.06424	0.06352	0.06435	0.03606	-0.06424	0.03626	0.06516	0.38350	-4.99669
26150	0.10000	-0.03361	0.00711	0.03238	0.01438	-0.03361	-0.01119	0.05605	0.27305	-9.96094
26160	0.10000	-0.10936	-0.01062	0.07219	0.11150	-0.10936	-0.07540	0.06909	0.23623	-9.99334
26170	0.10000	0.01151	-0.05091	0.04443	0.02961	0.01151	-0.05214	0.08719	0.16874	-9.89668
26180	0.10000	0.06470	-0.05897	0.06762	0.02361	0.06470	-0.03073	0.07445	0.10738	-9.99336
26190	0.10000	0.06631	-0.05091	0.04123	0.05583	0.06631	-0.02050	0.11879	0.03835	-9.99336
26200	0.10000	0.05342	-0.01062	0.02428	0.05108	0.05342	0.01858	0.04885	6.24484	-9.96094
26210	0.10000	-0.00944	0.07319	0.06576	0.04489	-0.00944	0.07907	0.21511	6.17274	-9.92871
26220	0.10000	-0.03200	0.04902	0.03770	0.03249	-0.03200	0.03812	0.05585	6.10985	-4.94834
26230	0.10000	0.05181	0.01034	-0.06602	0.00875	0.05181	0.04185	0.05680	6.04388	-4.98047
26240	0.10000	-0.03684	-0.01062	0.04007	0.02958	-0.03684	-0.03353	0.04021	5.96719	-9.89668
26250	0.10000	0.01474	-0.03802	0.03712	0.00958	0.01474	-0.03539	0.05844	5.89202	-9.89668
26260	0.10000	0.06631	-0.05091	0.06892	0.00822	0.06631	-0.02050	0.06448	5.82453	-4.98047
26270	0.10000	0.04053	-0.01384	0.03799	0.01594	0.04053	0.00742	0.06159	5.75703	-4.98047
26280	0.10000	0.03891	-0.01867	0.00795	0.03810	0.03891	0.00090	0.04501	5.68187	-14.70273
26290	0.10000	-0.00621	0.01195	0.01185	0.00156	-0.00621	0.01021	0.04572	5.60363	-9.96094
26300	0.10000	-0.03361	0.01356	0.03295	-0.00763	-0.03361	-0.00375	0.04430	5.53307	-4.96435
26310	0.10000	-0.02717	0.00711	0.02671	0.00896	-0.02717	-0.00747	0.05387	5.47018	-4.98047
26320	0.10000	0.00668	0.02323	-0.03137	-0.00143	0.00668	0.03068	0.01898	5.39194	-4.99669
26330	0.10000	0.01635	-0.02190	0.02273	-0.00134	0.01635	-0.01585	0.06990	5.31064	-9.99339
26340	0.10000	0.06631	-0.05413	0.06783	0.01958	0.06631	-0.02422	0.06806	5.24315	-4.99669
26350	0.10000	0.05020	-0.01545	0.04618	0.02259	0.05020	0.01114	0.04103	5.17719	-9.96094
26360	0.10000	0.01635	0.00711	0.01926	0.01442	0.01635	0.01765	0.02154	5.10202	-9.89668
26370	0.10000	-0.03684	0.05546	0.05619	0.00541	-0.03684	0.04278	0.04159	5.02379	-4.93243
26380	0.10000	-0.04328	-0.12988	0.02454	-0.17855	-0.04328	-0.17497	0.06154	4.96243	-4.99669
26390	0.10000	-0.03522	-0.03802	0.06428	-0.03513	-0.03522	-0.06423	0.04731	4.90107	-9.83324
26400	0.10000	0.02763	-0.04769	0.03194	-0.03568	0.02763	-0.03911	0.02908	4.82590	-4.99669
26410	0.10000	0.05020	-0.01062	0.01967	-0.04911	0.05020	0.01672	0.03610	4.74307	-9.89668
26420	0.10000	0.05825	-0.01223	0.05740	-0.02191	0.05825	0.01951	0.06398	4.67097	-4.99669
26430	0.10000	0.01635	0.04096	0.04795	-0.03445	0.01635	0.05674	0.05426	4.60654	-4.98047
26440	0.10000	-0.01588	0.02001	0.01120	-0.01791	-0.01588	0.01393	0.03293	4.53598	-4.91662
26450	0.10000	-0.03684	0.22147	0.19206	0.13942	-0.03684	0.23447	0.02789	4.45008	-9.89668
26460	0.10000	-0.04006	0.00711	0.04015	-0.01467	-0.04006	-0.01492	0.06347	4.38258	-9.89668
26470	0.10000	-0.05134	-0.02512	0.07305	-0.02718	-0.05134	-0.05865	0.11389	4.33963	-4.99669
26480	0.10000	0.04536	-0.04446	0.00373	-0.05173	0.04536	-0.02515	0.06953	4.27520	-4.98047
26490	0.10000	0.04053	-0.06219	0.05920	-0.02194	0.04053	-0.04841	0.05672	4.20618	-4.98047
26500	0.10000	0.01635	-0.04769	0.03408	0.03446	0.01635	-0.04562	0.07090	4.13561	-9.99339
26510	0.10000	0.07276	-0.01062	0.07704	-0.01558	0.07276	0.02975	0.05741	4.07886	-4.96435
26520	0.10000	0.01151	0.03290	0.04175	-0.01955	0.01151	0.04464	0.01766	4.01596	-4.99669
26530	0.10000	-0.01750	-0.00578	-0.01357	-0.02008	-0.01750	-0.01678	0.01454	3.93466	-9.99339
26540	0.10000	-0.03522	0.02484	0.03411	-0.01211	-0.03522	0.00835	0.05279	3.86103	-4.98047
26550	0.10000	-0.03361	-0.00900	0.03689	-0.02564	-0.03361	-0.02980	0.04575	3.80120	-4.98047
26560	0.10000	-0.01427	-0.03318	0.04069	-0.02675	-0.01427	-0.04655	