--- Terminal on /dev/ttyUSB0 | 115200 8-N-1
--- Available filters and text transformations: colorize, debug, default, direct, esp32_exception_decoder, hexlify, log2file, nocontrol, printable, send_on_enter, time
--- More details at https://bit.ly/pio-monitor-filters
--- Quit: Ctrl+C | Menu: Ctrl+T | Help: Ctrl+T followed by Ctrl+H
MOT: Enable driver.
MOT: Align sensor.
MOT: sensor_direction==CCW
MOT: PP check: OK!
MOT: Zero elec. angle: 0.38
MOT: Align current sense.
CS: Inv B
MOT: Success: 3
MOT: Ready.
MOT: Measuring phase to phase resistance, keep motor still...
MOT: Estimated phase to phase resistance: 7.59
MOT: Measuring inductance, keep motor still...
MOT: Newly estimated electrical zero: 2.75
MOT: Current electrical zero: 0.38
MOT: Inductance measurement complete!
MOT: Measured D-inductance in mH: 1.07
MOT: Measured Q-inductance in mH: 1.83
0	0.10000	-0.00491	0.02317	0.01957	0.01460	-0.00491	0.02392	0.01446	2.17365	0.00038
20481	0.10000	-0.04681	0.06507	0.06519	0.01599	-0.04681	0.04811	0.10167	2.15064	-4.96435
20491	0.10000	0.01443	0.04895	-0.01542	0.06463	0.01443	0.06486	0.07228	2.09542	-4.98047
20501	0.10000	-0.05326	-0.00746	0.06606	0.00468	-0.05326	-0.03936	0.02671	2.03252	-9.92871
20511	0.10000	-0.03714	-0.00746	0.03140	0.03601	-0.03714	-0.03005	0.05767	1.95429	-9.99339
20521	0.10000	0.01927	-0.03163	0.03148	0.00501	0.01927	-0.02540	0.06985	1.87759	-4.96435
20531	0.10000	0.00637	-0.06387	0.01024	0.06961	0.00637	-0.07007	0.06021	1.82084	-4.99669
20541	0.10000	0.05956	-0.04614	0.04538	0.04295	0.05956	-0.01889	0.06803	1.77021	-4.98047
20551	0.10000	0.03216	-0.01068	0.01765	0.02760	0.03216	0.00624	0.17102	1.69965	-9.89668
20561	0.10000	0.00960	0.02639	0.02657	0.02614	0.00960	0.03601	0.01368	1.61835	-9.99300
20571	0.10000	-0.03553	0.04090	0.04149	0.01594	-0.03553	0.02671	0.05804	1.55085	-4.99669
20581	0.10000	-0.09517	0.02478	0.09794	0.01253	-0.09517	-0.02633	0.06508	1.48796	-4.99669
20591	0.10000	-0.02425	-0.01390	0.03759	0.00884	-0.02425	-0.03005	0.00925	1.41893	-4.99669
20601	0.10000	-0.00330	-0.02518	0.02596	0.01723	-0.00330	-0.03098	0.05761	1.33610	-9.96094
20611	0.10000	-0.03392	0.20368	0.20828	-0.06521	-0.03392	0.21561	0.19464	1.27167	-4.98047
20621	0.10000	0.08374	-0.06225	0.08126	0.03100	0.08374	-0.02354	0.07445	1.23332	-4.98047
20631	0.10000	0.05956	-0.03647	0.03992	0.04487	0.05956	-0.00772	0.04214	1.17350	-4.94834
20641	0.10000	0.04183	-0.00907	0.01278	0.04211	0.04183	0.01368	0.02786	1.09066	-4.98047
20651	0.10000	-0.00652	0.03928	0.03194	0.02743	-0.00652	0.04160	0.05700	1.01856	-9.99339
20661	0.10000	-0.03714	0.04573	0.03909	0.02890	-0.03714	0.03136	0.05800	0.96027	-4.94834
20671	0.10000	-0.05004	0.02478	0.04116	0.02846	-0.05004	-0.00028	0.05697	0.89738	-4.99669
20681	0.10000	-0.06454	0.01189	0.02985	0.06188	-0.06454	-0.02354	0.05252	0.81761	-4.98047
20691	0.10000	0.01282	-0.06225	0.05725	0.03232	0.01282	-0.06448	0.03925	0.74551	-4.96435
20701	0.10000	0.07084	-0.06064	0.07500	0.01554	0.07084	-0.02912	0.08869	0.68722	-9.99339
20711	0.10000	0.02733	-0.03485	0.01262	0.03444	0.02733	-0.02447	0.14866	0.62280	-4.99669
20721	0.10000	0.01121	-0.01390	-0.00667	0.01315	0.01121	-0.00958	0.05501	0.54610	-14.98989
20731	0.10000	0.01604	0.04251	0.04037	0.04507	0.01604	0.05835	0.02814	0.47247	-9.96094
20741	0.10000	-0.04037	0.06991	0.05653	0.04159	-0.04037	0.05742	0.08040	0.41264	-4.93243
20751	0.10000	-0.03876	0.04251	0.02784	0.03794	-0.03876	0.02671	0.05773	0.35128	-4.99669
20761	0.10000	-0.05648	0.00060	0.05306	0.03733	-0.05648	-0.03191	0.03211	0.27612	-4.98037
20771	0.10000	-0.00169	-0.05903	0.06253	0.02955	-0.00169	-0.06914	0.04266	0.20095	-9.99334
20781	0.10000	0.06278	-0.07354	0.07789	0.01559	0.06278	-0.04866	0.08654	0.14113	-9.96089
20791	0.10000	0.06762	-0.07354	0.05538	0.06008	0.06762	-0.04587	0.05742	0.07670	-9.99336
20801	0.10000	0.04344	-0.01874	0.02556	0.03529	0.04344	0.00345	0.10116	0.00307	-9.99336
20811	0.10000	0.01604	0.03928	0.04859	0.02965	0.01604	0.05462	0.03576	6.21109	-4.93243
20821	0.10000	-0.01941	0.04573	0.03784	0.02598	-0.01941	0.04160	0.06830	6.14359	-4.96435
20831	0.10000	-0.03553	0.04573	0.02931	0.03803	-0.03553	0.03229	0.07688	6.07763	-9.86486
20841	0.10000	-0.01780	-0.00746	0.02581	0.00269	-0.01780	-0.01889	0.02183	6.00860	-4.99669
20851	0.10000	-0.00491	-0.01229	0.01550	0.00859	-0.00491	-0.01703	0.05500	5.93037	-9.92871
20861	0.10000	0.04667	-0.05097	0.05647	0.00269	0.04667	-0.03191	0.09889	5.85981	-4.99669
20871	0.10000	0.06762	-0.03485	0.06640	0.01284	0.06762	-0.00121	0.06247	5.79231	-4.98047
20881	0.10000	0.03216	-0.00746	0.02682	0.02035	0.03216	0.00996	0.02897	5.72021	-4.99669
20891	0.10000	0.01282	0.02961	0.03737	0.02231	0.01282	0.04160	0.10364	5.64352	-9.89668
20901	0.10000	-0.01297	0.03284	0.02606	0.02036	-0.01297	0.03043	0.04219	5.56835	-4.98047
20911	0.10000	-0.03553	0.02317	0.03306	0.01443	-0.03553	0.00624	0.04972	5.50239	-4.93243
20921	0.10000	-0.00652	-0.02518	0.03069	-0.01339	-0.00652	-0.03285	0.04288	5.43336	-4.98047
20931	0.10000	0.01443	-0.03969	0.04005	-0.00324	0.01443	-0.03750	0.01950	5.35206	-9.96094
20941	0.10000	0.03216	-0.03002	0.03595	0.00085	0.03216	-0.01610	0.05743	5.27689	-4.93243
20951	0.10000	0.07084	-0.03969	0.06659	0.02467	0.07084	-0.00493	0.07868	5.21093	-4.96435
20961	0.10000	0.02571	0.01511	0.04073	0.00670	0.02571	0.03229	0.02744	5.14037	-9.86486
20971	0.10000	0.01443	0.03123	0.03671	0.02882	0.01443	0.04439	0.02066	5.06060	-9.89668
20981	0.10000	-0.07905	0.06185	0.08289	-0.00644	-0.07905	0.02578	0.08874	4.99004	-4.96435
20991	0.10000	-0.04037	0.00060	0.04426	-0.01349	-0.04037	-0.02261	0.06430	4.93328	-4.98047
21001	0.10000	-0.00007	-0.04614	0.04203	-0.03281	-0.00007	-0.05332	0.03665	4.86885	-9.99339
21011	0.10000	0.03538	-0.04291	0.03595	-0.02842	0.03538	-0.02912	0.02613	4.78602	-9.96094
21021	0.10000	0.03861	-0.02196	0.03591	-0.01451	0.03861	-0.00307	0.05787	4.90414	-4.93243
21031	0.10000	0.10469	-0.02518	0.10715	-0.02145	0.10469	0.03136	0.08466	4.66023	0.00000
21041	0.10000	0.04344	0.03284	-0.01556	0.07492	0.04344	0.06300	0.07828	4.41786	-589.99280
21051	0.10000	0.01282	0.05701	0.07275	-0.01530	0.01282	0.07323	0.27693	4.55746	0.00000
21061	0.10000	-0.03876	0.04090	0.03552	-0.02928	-0.03876	0.02485	0.03552	4.49610	-4.99669
21071	0.10000	-0.05165	0.01027	0.03806	-0.03926	-0.05165	-0.01796	0.03417	4.42247	-4.98047
21081	0.10000	-0.05810	-0.02841	0.07057	-0.05287	-0.05810	-0.06634	0.04025	4.36264	-4.96435
21091	0.10000	-0.06938	-0.06225	0.12860	-0.02833	-0.06938	-0.11194	0.08718	4.31355	-4.98047
21101	0.10000	-0.03714	-0.03969	0.07244	0.02565	-0.03714	-0.06728	0.05820	4.25066	-4.98047
21111	0.10000	0.04022	-0.03324	0.03845	-0.01920	0.04022	-0.01517	0.05939	4.16936	-9.96094
21121	0.10000	0.07084	-0.01713	0.06889	-0.02682	0.07084	0.02113	0.05337	4.10340	-4.99669
21131	0.10000	0.03216	0.01833	0.04835	-0.01659	0.03216	0.03974	0.05089	4.04971	-4.98047
21141	0.10000	0.00637	0.03284	0.04076	-0.01047	0.00637	0.04160	0.04228	3.98835	-9.86486
21151	0.10000	-0.00813	0.01833	0.01837	-0.00003	-0.00813	0.01647	0.03552	3.90858	-4.99669
21161	0.10000	-0.11612	0.02639	0.09985	-0.06962	-0.11612	-0.03657	0.09489	3.83802	-4.98047
21171	0.10000	-0.01136	-0.00262	0.01389	-0.00528	-0.01136	-0.00958	0.08083	3.77973	-9.92871
21181	0.10000	0.00154	0.20690	-0.21029	0.11526	0.00154	0.23980	0.07786	3.71070	-4.96435
21191	0.10000	0.02088	-0.01229	0.01016	-0.01836	0.02088	-0.00214	0.04889	3.62786	-4.91662
21201	0.10000	0.04989	-0.04453	0.05474	0.00187	0.04989	-0.02261	0.06177	3.56037	-4.91662
21211	0.10000	0.04022	-0.01390	0.04061	0.00438	0.04022	0.00717	0.06118	3.49901	-9.96094
21221	0.10000	0.02088	0.00705	0.02782	0.00834	0.02088	0.02019	0.01886	3.42538	-9.96094
21231	0.10000	0.01604	0.01027	0.01435	0.02231	0.01604	0.02113	0.03425	3.34868	-9.99339
21241	0.10000	-0.06293	0.00060	0.05336	-0.04881	-0.06293	-0.03564	0.04441	3.27965	-4.99669
21251	0.10000	-0.05971	0.01672	0.06159	-0.00115	-0.05971	-0.01517	0.05830	3.21676	-4.98047
21261	0.10000	0.01282	0.00060	-0.01381	-0.00626	0.01282	0.00810	0.04836	3.14619	-4.98047
21271	0.10000	-0.03714	-0.03647	0.04903	0.05490	-0.03714	-0.06355	0.04374	3.06643	-9.96094
21281	0.10000	0.08374	-0.06709	0.08746	-0.01447	0.08374	-0.02912	0.22888	3.00047	-9.83324
21291	0.10000	0.04344	-0.03002	0.04079	0.01775	0.04344	-0.00958	0.06258	2.93604	-9.83324
21301	0.10000	0.03861	-0.02518	0.01684	0.03539	0.03861	-0.00679	0.04910	2.86394	-4.99669
21311	0.10000	0.01282	0.02317	0.03042	0.02013	0.01282	0.03415	0.02845	2.78724	-4.93243
21321	0.10000	-0.01619	0.03606	0.03040	0.01951	-0.01619	0.03229	0.05654	2.71668	-9.92871
21331	0.10000	-0.03714	0.04090	0.03214	0.03179	-0.03714	0.02578	0.05819	2.65225	-4.98047
21341	0.10000	-0.03070	0.01027	0.02437	0.01956	-0.03070	-0.00586	0.04085	2.58783	-9.99339
21351	0.10000	-0.00491	-0.05097	0.06043	0.01335	-0.00491	-0.06169	0.10072	2.50959	-4.99669
21361	0.10000	0.03861	-0.04291	0.04725	-0.00118	0.03861	-0.02726	0.03019	2.43903	-4.96435
21371	0.10000	0.06278	-0.05742	0.05997	0.03532	0.06278	-0.03005	0.04329	2.37460	-4.96435
21381	0.10000	0.06601	-0.01713	0.05814	0.03623	0.06601	0.01833	0.04363	2.30557	-9.96094
21391	0.10000	0.05634	0.01511	0.04606	0.05957	0.05634	0.04997	0.06637	2.23194	-4.93243
21401	0.10000	-0.00169	0.07152	0.05135	0.06345	-0.00169	0.08161	0.04678	2.15678	-9.99339
21411	0.10000	-0.03070	0.06024	0.02812	0.05327	-0.03070	0.05183	0.05477	2.09235	-4.98047
21421	0.10000	-0.03231	-0.01068	0.04475	-0.00106	-0.03231	-0.03098	0.03818	2.02792	-9.89668
21431	0.10000	-0.02425	-0.00907	0.02413	0.02458	-0.02425	-0.02447	0.05808	1.94969	-9.99339
21441	0.10000	0.02733	-0.03808	0.03911	0.00344	0.02733	-0.02819	0.05980	1.87452	-9.92832
21451	0.10000	0.05311	-0.03808	0.05317	0.01305	0.05311	-0.01330	0.06692	1.81163	-4.99669
21461	0.10000	0.01282	-0.03485	-0.01205	0.03313	0.01282	-0.03285	0.05475	1.74414	-4.98047
21471	0.10000	0.04183	-0.00907	0.01464	0.04150	0.04183	0.01368	0.02421	1.66744	-9.99339
21481	0.10000	-0.01619	0.01994	0.02119	-0.00032	-0.01619	0.01368	0.04638	1.58767	-4.96435
21491	0.10000	-0.05810	0.04090	0.05820	0.01323	-0.05810	0.01368	0.04170	1.52631	-4.99669
21501	0.10000	0.00798	0.00705	-0.01416	0.00508	0.00798	0.01275	0.06789	1.46342	-4.99669
21511	0.10000	-0.00974	-0.07998	0.09838	0.00386	-0.00974	-0.09798	0.16728	1.38365	-9.99339
21521	0.10000	0.02733	-0.03647	0.03795	-0.00012	0.02733	-0.02633	0.06241	1.30695	-4.96435
21531	0.10000	0.06762	-0.06225	0.06950	0.02863	0.06762	-0.03285	0.09786	1.24559	-9.92871
21541	0.10000	0.06601	-0.01551	0.06522	0.02259	0.06601	0.02019	0.05289	1.18270	-9.96094
21551	0.10000	0.03377	-0.03324	-0.01494	0.03569	0.03377	-0.01889	0.04993	1.10447	-14.89306
21561	0.10000	0.00315	0.02639	0.02155	0.02425	0.00315	0.03229	0.06667	1.02777	-9.92832
21571	0.10000	-0.03714	-0.09932	0.01890	-0.13983	-0.03714	-0.13613	0.06221	0.96794	-9.96094
21581	0.10000	-0.03392	0.01189	0.03247	0.01142	-0.03392	-0.00586	0.06103	0.90812	-9.99339
21591	0.10000	-0.01780	-0.01068	0.02613	0.01205	-0.01780	-0.02261	0.04011	0.82835	-4.99669
21601	0.10000	0.01282	-0.03485	0.03441	0.00769	0.01282	-0.03285	0.08811	0.75625	-4.96435
21611	0.10000	0.05795	-0.06225	0.06645	0.02046	0.05795	-0.03843	0.09594	0.69489	-4.99669
21621	0.10000	0.05956	-0.05420	0.04447	0.04863	0.05956	-0.02819	0.06758	0.63200	-4.98047
21631	0.10000	0.04828	-0.04130	0.00001	0.05219	0.04828	-0.01982	0.06822	0.55684	-4.96435
21641	0.10000	-0.00652	0.03445	0.03522	0.00993	-0.00652	0.03601	0.15853	0.48320	-4.99669
21651	0.10000	-0.14674	0.05701	0.12589	-0.07771	-0.14674	-0.01889	0.13983	0.42184	-4.99669
21661	0.10000	-0.05004	0.04573	0.04316	0.03482	-0.05004	0.02392	0.07118	0.36202	-4.98047
21671	0.10000	-0.03070	0.00060	0.03076	0.01692	-0.03070	-0.01703	0.04441	0.28839	-4.98037
21681	0.10000	-0.06777	-0.03163	0.05379	0.08614	-0.06777	-0.07565	0.07603	0.21169	-4.98042
21691	0.10000	0.02733	-0.07031	0.05732	0.04170	0.02733	-0.06541	0.09118	0.14880	-9.89668
21701	0.10000	0.06439	-0.04775	0.06155	0.02608	0.06439	-0.01796	0.06774	0.08590	-10.02600
21711	0.10000	0.05795	-0.04453	0.02167	0.05666	0.05795	-0.01796	0.03841	0.01381	-9.99336
21721	0.10000	0.04505	-0.00746	0.00995	0.04726	0.04505	0.01740	0.05926	6.22029	-9.99339
21731	0.10000	-0.03392	0.06185	0.05802	0.02169	-0.03392	0.05183	0.04335	6.15126	-4.91662
21741	0.10000	-0.14191	0.03445	0.14467	-0.03137	-0.14191	-0.04215	0.05140	6.08684	-9.99339
21751	0.10000	-0.03231	-0.01713	0.05013	-0.00271	-0.03231	-0.03843	0.04172	6.01934	-9.99339
21761	0.10000	-0.00974	-0.14123	0.16668	0.02775	-0.00974	-0.16870	0.05445	5.93957	-4.91662
21771	0.10000	-0.00491	-0.05258	0.03474	0.05344	-0.00491	-0.06355	0.06291	5.86748	-4.98047
21781	0.10000	0.04505	-0.03808	0.04328	0.02188	0.04505	-0.01796	0.05712	5.79998	-4.98047
21791	0.10000	0.05956	-0.00907	0.05781	0.02788	0.05956	0.02392	0.03430	5.73249	-9.99339
21801	0.10000	0.02410	-0.00584	0.00378	0.02486	0.02410	0.00717	0.03234	5.65272	-9.92871
21811	0.10000	-0.03553	0.04573	0.04769	0.00550	-0.03553	0.03229	0.04219	5.58062	-9.96094
21821	0.10000	-0.05326	0.01994	0.05359	-0.00493	-0.05326	-0.00772	0.03171	5.51773	-4.94834
21831	0.10000	-0.01458	-0.17507	0.16045	-0.13712	-0.01458	-0.21058	0.03211	5.45023	-4.99669
21841	0.10000	0.00637	-0.03163	0.03313	-0.00470	0.00637	-0.03285	0.01183	5.37200	-4.94834
21851	0.10000	0.04022	-0.04453	0.04911	-0.00072	0.04022	-0.02819	0.03552	5.29223	-4.96435
21861	0.10000	0.04022	-0.01713	0.04032	0.00193	0.04022	0.00345	0.05588	5.22627	-4.99669
21871	0.10000	0.07890	0.01511	0.09924	0.01858	0.07890	0.06300	0.03475	5.15878	-9.96094
21881	0.10000	-0.00652	-0.00907	-0.01311	-0.00856	-0.00652	-0.01424	0.01886	5.07901	-9.92871
21891	0.10000	0.18689	-0.01229	0.19303	0.08028	0.18689	0.09371	0.18881	4.99924	-9.83324
21901	0.10000	-0.00813	0.01511	0.00841	0.01257	-0.00813	0.01275	0.06651	4.95783	-9.99339
21911	0.10000	-0.02103	-0.04453	0.05402	-0.03953	-0.02103	-0.06355	0.05084	4.89493	-4.98047
21921	0.10000	0.01765	-0.04130	0.03344	-0.02448	0.01765	-0.03750	0.08064	4.82284	-4.96435
21931	0.10000	0.02733	-0.02035	0.02432	-0.01465	0.02733	-0.00772	0.04876	4.73693	-4.98047
21941	0.10000	0.06278	-0.03485	0.06281	0.00352	0.06278	-0.00400	0.07651	4.66790	-4.93243
21951	0.10000	0.04344	0.03606	0.07660	-0.02168	0.04344	0.06672	0.05427	4.60194	-9.96094
21961	0.10000	-0.01458	0.30844	0.33022	-0.10987	-0.01458	0.34774	0.05812	4.55132	-9.96094
21971	0.10000	-0.01780	-0.00423	-0.00407	-0.02303	-0.01780	-0.01517	0.04181	4.47309	-9.99339
21981	0.10000	-0.06615	-0.00907	0.05539	-0.06064	-0.06615	-0.04866	0.22244	4.39946	-9.96094
21991	0.10000	-0.03231	-0.02518	0.05019	-0.02834	-0.03231	-0.04773	0.09929	4.33963	-9.96094
22001	0.10000	0.04344	-0.03647	-0.00126	-0.04664	0.04344	-0.01703	0.06088	4.27367	-9.96094
22011	0.10000	0.04828	-0.01068	0.00836	-0.05002	0.04828	0.01554	0.03772	4.19084	-4.99669
22021	0.10000	0.05150	-0.01874	0.04754	-0.02140	0.05150	0.00810	0.09410	4.12027	-4.98047
22031	0.10000	0.06762	0.01350	0.08290	-0.02613	0.06762	0.05462	0.05188	4.06198	-4.94834
22041	0.10000	0.00637	0.02478	0.03151	-0.00951	0.00637	0.03229	0.04904	3.99449	-4.99669
22051	0.10000	-0.02909	0.03284	0.03090	-0.01836	-0.02909	0.02113	0.00557	3.91319	-4.98047
22061	0.10000	-0.03553	0.02961	0.03807	0.00050	-0.03553	0.01368	0.05291	3.84262	-4.93243
22071	0.10000	0.00154	-0.00262	-0.00083	-0.00250	0.00154	-0.00214	0.07671	3.78433	-9.96094
22081	0.10000	0.00960	-0.02841	0.01841	-0.02228	0.00960	-0.02726	0.02895	3.71530	-9.89668
22091	0.10000	0.00798	-0.01068	0.00992	-0.00499	0.00798	-0.00772	0.15551	3.63553	-9.96094
22101	0.10000	0.06762	-0.04130	0.06517	-0.02000	0.06762	-0.00865	0.23423	3.56344	-4.96435
22111	0.10000	0.09018	-0.03324	0.09101	0.00598	0.09018	0.01368	0.06947	3.50515	-4.91662
22121	0.10000	0.01604	0.01189	0.02802	0.00087	0.01604	0.02299	0.01644	3.43305	-9.99339
22131	0.10000	0.00154	0.02317	0.02596	0.00961	0.00154	0.02764	0.02165	3.35328	-4.99669
22141	0.10000	-0.03231	0.04895	0.04580	0.01951	-0.03231	0.03787	0.05641	3.28272	-9.89668
22151	0.10000	-0.03553	0.00060	0.03850	-0.01316	-0.03553	-0.01982	0.04534	3.22289	-4.99669
22161	0.10000	-0.01619	-0.00423	0.02097	0.00501	-0.01619	-0.01424	0.05161	3.14926	-4.98047
22171	0.10000	-0.01136	-0.01229	0.01764	0.01576	-0.01136	-0.02075	0.04039	3.07256	-4.93243
22181	0.10000	0.04989	-0.06709	0.06768	0.01660	0.04989	-0.04866	0.05352	3.00353	-9.99261
22191	0.10000	0.06278	-0.03163	0.06194	0.01024	0.06278	-0.00028	0.04617	2.93911	-9.96094
22201	0.10000	0.04667	-0.00907	0.04186	0.02639	0.04667	0.01647	0.04226	2.87008	-9.99339
22211	0.10000	0.03377	-0.18797	-0.20024	-0.00786	0.03377	-0.19755	0.04384	2.79031	-9.99339
22221	0.10000	-0.01297	0.04573	0.03587	0.03058	-0.01297	0.04532	0.05058	2.72128	-9.83324
22231	0.10000	-0.02586	0.03284	0.02241	0.02636	-0.02586	0.02299	0.05266	2.65532	-9.99339
22241	0.10000	-0.03553	0.09247	-0.04401	0.08226	-0.03553	0.08626	0.04392	2.58629	-9.96094
22251	0.10000	-0.00652	-0.03969	0.04822	0.01328	-0.00652	-0.04960	0.04044	2.51113	-9.99339
22261	0.10000	0.01604	-0.07354	0.05972	0.04912	0.01604	-0.07565	0.11046	2.44210	-4.98047
22271	0.10000	0.09502	-0.05097	0.09506	0.00253	0.09502	-0.00400	0.08631	2.38534	-4.94834
22281	0.10000	0.04183	-0.01713	0.03647	0.02095	0.04183	0.00438	0.07539	2.32398	-4.99669
22291	0.10000	0.05311	-0.02035	0.01338	0.05189	0.05311	0.00717	0.03233	2.24728	-9.96094
22301	0.10000	-0.00491	0.04090	0.03731	0.02453	-0.00491	0.04439	0.01105	2.17518	-4.98047
22311	0.10000	-0.08227	0.05057	0.08266	-0.00741	-0.08227	0.01089	0.07577	2.11843	-4.99669
22321	0.10000	-0.05971	0.01511	0.06146	0.00881	-0.05971	-0.01703	0.03642	2.05860	-9.96094
22331	0.10000	-0.01619	-0.01229	0.02803	0.00552	-0.01619	-0.02354	0.04284	1.98804	-9.99339
22341	0.10000	0.00476	-0.01551	0.01568	0.00261	0.00476	-0.01517	0.20394	1.90827	-9.92871
22351	0.10000	0.05956	-0.07676	0.07377	0.03237	0.05956	-0.05425	0.06232	1.84078	-9.89668
22361	0.10000	0.07245	0.08441	0.11756	-0.10408	0.07245	0.13930	0.04158	1.77788	-4.98047
22371	0.10000	0.02571	-0.00907	0.01465	0.02157	0.02571	0.00438	0.05414	1.70579	-9.96056
22381	0.10000	0.02571	0.02639	0.03037	0.04234	0.02571	0.04532	0.03004	1.62602	-9.89668
22391	0.10000	-0.04681	0.06185	0.05862	0.02692	-0.04681	0.04439	0.04510	1.55546	-9.86486
22401	0.10000	-0.03714	0.02478	0.03250	0.01936	-0.03714	0.00717	0.05611	1.49410	-9.99300
22411	0.10000	-0.01136	0.00544	0.00551	0.00993	-0.01136	-0.00028	0.03862	1.42353	-4.99669
22421	0.10000	-0.01136	-0.03647	0.04003	0.02991	-0.01136	-0.04866	0.05593	1.34223	-4.98047
22431	0.10000	0.06762	-0.05097	0.07024	-0.00564	0.06762	-0.01982	0.07202	1.27474	-4.93243
22441	0.10000	0.05956	-0.05097	0.05063	0.03977	0.05956	-0.02447	0.06832	1.21338	-4.98047
22451	0.10000	0.04344	-0.01229	0.03206	0.03127	0.04344	0.01089	0.02600	1.14282	-4.99669
22461	0.10000	0.02410	0.01027	0.01567	0.03162	0.02410	0.02578	0.05234	1.06151	-4.99669
22471	0.10000	-0.02425	0.05540	0.04366	0.03433	-0.02425	0.04997	0.05849	0.99709	-9.89668
22481	0.10000	-0.06132	0.01350	0.06394	-0.00797	-0.06132	-0.01982	0.05054	0.93726	-4.99669
22491	0.10000	-0.01941	0.01994	0.00211	0.02263	-0.01941	0.01182	0.04198	0.86670	-9.83305
22501	0.10000	-0.00652	-0.05903	0.06875	0.02212	-0.00652	-0.07193	0.04881	0.78847	-4.99669
22511	0.10000	0.04183	-0.08321	0.07353	0.03895	0.04183	-0.07193	0.05820	0.72097	-9.99319
22521	0.10000	0.06762	-0.06709	0.06487	0.04289	0.06762	-0.03843	0.07798	0.66268	-4.99669
22531	0.10000	0.05311	-0.06225	0.00790	0.06676	0.05311	-0.04122	0.04010	0.59365	-9.99339
22541	0.10000	0.04344	0.00705	0.02874	0.04653	0.04344	0.03322	0.07864	0.51388	-9.96094
22551	0.10000	-0.03392	0.04090	0.04375	-0.00049	-0.03392	0.02764	0.06646	0.44639	-4.99669
22561	0.10000	-0.05810	0.05862	0.06036	0.02997	-0.05810	0.03415	0.06640	0.38963	-4.99669
22571	0.10000	-0.03392	0.02317	0.02254	0.02634	-0.03392	0.00717	0.05256	0.32214	-9.99339
22581	0.10000	-0.04037	-0.03808	0.06940	0.03659	-0.04037	-0.06728	0.04185	0.24390	-9.99339
22591	0.10000	0.01604	-0.07676	0.07021	0.04033	0.01604	-0.07937	0.05827	0.17334	-9.99334
22601	0.10000	0.06923	-0.06225	0.07373	0.01938	0.06923	-0.03191	0.08224	0.11505	-9.96092
22611	0.10000	0.07568	-0.03647	0.06657	0.03602	0.07568	0.00158	0.06750	0.04755	-4.98045
22621	0.10000	0.06601	-0.01229	0.03716	0.05956	0.06601	0.02392	0.05501	6.25404	-9.96094
22631	0.10000	0.00637	0.03123	0.02873	0.02817	0.00637	0.03974	0.05910	6.18194	-9.99339
22641	0.10000	-0.05165	0.09086	0.07908	0.04531	-0.05165	0.07510	0.06531	6.11598	-4.98047
22651	0.10000	-0.05004	0.04090	0.03722	0.03814	-0.05004	0.01833	0.04359	6.05309	-4.96435
22661	0.10000	-0.03714	-0.01390	0.04715	0.02372	-0.03714	-0.03750	0.21317	5.97639	-4.96435
22671	0.10000	0.01443	-0.05742	0.05673	0.01874	0.01443	-0.05797	0.03080	5.89969	-9.96094
22681	0.10000	0.11758	-0.06709	0.11598	-0.02159	0.11758	-0.00958	0.06725	5.83220	-4.99669
22691	0.10000	0.04344	-0.02680	0.03547	0.02575	0.04344	-0.00586	0.06571	5.76317	-9.96094
22701	0.10000	0.03216	-0.01068	0.01499	0.02913	0.03216	0.00624	0.01830	5.68953	-9.99339
22711	0.10000	0.01282	0.01350	0.01188	0.02348	0.01282	0.02299	0.04325	5.61130	-9.92871
22721	0.10000	-0.05165	0.05057	0.05660	0.01673	-0.05165	0.02857	0.06350	5.54381	-4.98047
22731	0.10000	-0.03553	0.01027	0.03583	0.00731	-0.03553	-0.00865	0.05256	5.48245	-4.93243
22741	0.10000	-0.00813	-0.02841	0.03799	-0.00539	-0.00813	-0.03750	0.01185	5.41035	-9.92871
22751	0.10000	0.02088	-0.02035	0.02034	-0.01237	0.02088	-0.01144	0.04519	5.33058	-4.94834
22761	0.10000	0.06762	-0.04130	0.06796	-0.00524	0.06762	-0.00865	0.05136	5.25542	-4.98047
22771	0.10000	0.06278	-0.04614	0.04595	0.04604	0.06278	-0.01703	0.04332	5.19099	-9.89668
22781	0.10000	0.01604	-0.00746	0.00521	0.01519	0.01604	0.00065	0.04471	5.11736	-4.98047
22791	0.10000	-0.02103	0.21657	0.20365	0.12483	-0.02103	0.23794	0.04199	5.03452	-9.92871
22801	0.10000	-0.03553	0.02639	0.03627	0.00676	-0.03553	0.00996	0.05703	4.96089	-9.89668
22811	0.10000	-0.01619	-0.03808	0.04297	-0.03547	-0.01619	-0.05332	0.05614	4.89800	-4.98047
22821	0.10000	0.03055	-0.05097	0.03527	-0.03726	0.03055	-0.04122	0.03891	4.82284	-9.96094
22831	0.10000	0.04989	-0.01068	0.02129	-0.04803	0.04989	0.01647	0.03657	4.74000	-4.99669
22841	0.10000	0.05634	-0.02518	0.05630	-0.00388	0.05634	0.00345	0.04394	4.66790	-4.91662
22851	0.10000	0.05311	0.03284	0.08481	-0.01816	0.05311	0.06858	0.09329	4.60348	-4.99669
22861	0.10000	-0.02747	0.03445	0.02074	-0.02994	-0.02747	0.02392	0.02992	4.53138	-9.86486
22871	0.10000	-0.02103	0.02317	0.02539	-0.00330	-0.02103	0.01461	0.04167	4.44701	-9.96094
22881	0.10000	-0.05971	0.02478	0.05982	-0.00448	-0.05971	-0.00586	0.05745	4.38105	-9.92871
22891	0.10000	-0.01458	-0.03647	0.04314	-0.03007	-0.01458	-0.05053	0.09536	4.31969	-4.99669
22901	0.10000	0.04022	-0.05903	0.03855	-0.04638	0.04022	-0.04494	0.04363	4.24759	-4.90091
22911	0.10000	0.06439	-0.03647	0.04882	-0.04227	0.06439	-0.00493	0.06095	4.16629	-9.92871
22921	0.10000	0.08857	-0.01068	0.08733	-0.04151	0.08857	0.03881	0.05767	4.10033	-4.99669
22931	0.10000	0.05795	0.02478	0.08306	-0.01763	0.05795	0.06207	0.04441	4.04051	-9.99339
22941	0.10000	-0.03070	0.01511	-0.00640	-0.03002	-0.03070	-0.00028	0.02851	3.96841	-9.96094
22951	0.10000	-0.00813	0.00705	0.00785	-0.00405	-0.00813	0.00345	0.04001	3.88864	-9.92871
22961	0.10000	-0.03553	0.01189	0.03448	-0.01093	-0.03553	-0.00679	0.09193	3.82268	-4.96435
22971	0.10000	-0.03876	-0.01068	0.05108	-0.00985	-0.03876	-0.03471	0.06284	3.76132	-9.99339
22981	0.10000	0.01765	0.01833	-0.03495	-0.00859	0.01765	0.03136	0.01099	3.68769	-9.96094
22991	0.10000	0.01121	-0.02680	0.02641	0.00517	0.01121	-0.02447	0.04751	3.60792	-4.98047
23001	0.10000	0.07245	-0.03485	0.07032	-0.01753	0.07245	0.00158	0.05579	3.54503	-4.98047
23011	0.10000	0.06601	-0.00907	0.07137	0.00520	0.06601	0.02764	0.05885	3.48214	-4.98047
23021	0.10000	0.01604	-0.00101	0.01237	0.01304	0.01604	0.00810	0.00795	3.40544	-4.91662
23031	0.10000	-0.00974	0.03606	0.03559	0.01119	-0.00974	0.03601	0.01675	3.32874	-9.92871
23041	0.10000	-0.03553	0.02961	0.03785	0.00411	-0.03553	0.01368	0.04805	3.26431	-4.96435
23051	0.10000	-0.02103	0.01027	0.01920	0.00856	-0.02103	-0.00028	0.04193	3.19835	-4.91662
23061	0.10000	-0.01458	-0.01874	0.03321	0.00355	-0.01458	-0.03005	0.02448	3.12472	-9.96094
23071	0.10000	0.01604	-0.05903	0.05915	0.01507	0.01604	-0.05890	0.05887	3.04802	-4.99669
23081	0.10000	0.06762	-0.06709	0.07642	0.01445	0.06762	-0.03843	0.06909	2.98513	-9.89668
23091	0.10000	0.04667	-0.03808	0.03706	0.03308	0.04667	-0.01703	0.06318	2.91763	-4.96435
23101	0.10000	0.03538	-0.00584	0.02589	0.02773	0.03538	0.01368	0.01571	2.84247	-9.86486
23111	0.10000	0.00476	0.03284	0.03466	0.02179	0.00476	0.04067	0.01226	2.76884	-4.99669
23121	0.10000	-0.05165	0.03284	0.05112	-0.01096	-0.05165	0.00810	0.05323	2.69981	-4.99669
23131	0.10000	-0.05165	-0.01068	0.06351	-0.02026	-0.05165	-0.04215	0.02746	2.63385	-9.96094
23141	0.10000	-0.07583	0.00221	0.07023	0.05016	-0.07583	-0.04122	0.05270	2.56482	-9.99339
23151	0.10000	0.00798	-0.05903	0.06180	0.01684	0.00798	-0.06355	0.04892	2.48658	-4.98047
23161	0.10000	0.04667	-0.07031	0.06422	0.03156	0.04667	-0.05425	0.05823	2.41909	-9.89668
23171	0.10000	0.06601	0.07474	0.10033	-0.09883	0.06601	0.12441	0.06564	2.35466	-4.98047
23181	0.10000	0.02733	-0.03485	-0.00815	0.03576	0.02733	-0.02447	0.05775	2.28103	-4.98047
23191	0.10000	-0.00652	0.00060	-0.00086	-0.00716	-0.00652	-0.00307	0.05720	2.20740	-4.98047
23201	0.10000	-0.01941	0.04090	0.03250	0.02485	-0.01941	0.03601	0.05739	2.13530	-9.99339
23211	0.10000	-0.03876	-0.09449	0.06825	-0.11886	-0.03876	-0.13148	0.05720	2.07548	-4.94834
23221	0.10000	-0.06293	0.00705	0.05857	0.03639	-0.06293	-0.02819	0.04994	2.00491	-4.99669
23231	0.10000	-0.10484	-0.03647	0.07136	0.12819	-0.10484	-0.10264	0.02184	1.92515	-4.99669
23241	0.10000	0.06278	-0.08804	0.08581	0.02927	0.06278	-0.06541	0.05504	1.85458	-4.98047
23251	0.10000	0.07890	-0.03647	0.07782	0.01344	0.07890	0.00344	0.07676	1.79169	-9.96056
23261	0.10000	0.04667	-0.02680	0.02496	0.03963	0.04667	-0.00400	0.05604	1.72573	-4.91662
23271	0.10000	0.03377	-0.00101	0.00952	0.03723	0.03377	0.01833	0.02902	1.64289	-9.92871
23281	0.10000	-0.03714	0.06668	0.05914	0.03112	-0.03714	0.05555	0.07994	1.56926	-4.98047
23291	0.10000	-0.05326	0.01189	0.05543	-0.00733	-0.05326	-0.01703	0.04085	1.50944	-4.94834
23301	0.10000	-0.05971	0.00060	0.06391	0.02492	-0.05971	-0.03378	0.05700	1.44194	-4.98047
23311	0.10000	0.00798	-0.07676	0.08439	0.00119	0.00798	-0.08402	0.08479	1.37291	-4.98047
23321	0.10000	0.03055	0.18756	0.22145	-0.08213	0.03055	0.23422	0.23190	1.31002	-9.96094
23331	0.10000	0.09341	-0.10094	0.11039	0.02142	0.09341	-0.06262	0.09515	1.27934	-4.99669
23341	0.10000	0.01604	-0.03485	0.00928	0.03363	0.01604	-0.03098	0.06308	1.22258	-9.99339
23351	0.10000	0.03216	-0.01068	0.02487	0.02132	0.03216	0.00624	0.03599	1.15662	-9.96094
23361	0.10000	0.02733	0.01350	0.02394	0.03401	0.02733	0.03136	0.02832	1.07379	-9.99339
23371	0.10000	-0.05004	0.07313	0.07302	0.01604	-0.05004	0.05555	0.09169	1.01243	-4.99669
23381	0.10000	-0.06777	0.02639	0.06728	-0.01187	-0.06777	-0.00865	0.05266	0.95874	-4.96435
23391	0.10000	-0.03553	0.02317	0.02510	0.02590	-0.03553	0.00624	0.06113	0.89738	-9.99339
23401	0.10000	-0.04520	0.00060	0.02906	0.04294	-0.04520	-0.02540	0.04994	0.81608	-9.96094
23411	0.10000	0.02088	-0.06709	0.06275	0.02788	0.02088	-0.06541	0.05740	0.74551	-9.96094
23421	0.10000	0.06923	-0.07998	0.07771	0.03870	0.06923	-0.05239	0.05775	0.68569	-4.98047
23431	0.10000	0.06762	-0.01874	0.06786	0.01641	0.06762	0.01740	0.05009	0.62280	-9.89668
23441	0.10000	0.07084	-0.04453	0.00648	0.07132	0.07084	-0.01051	0.06567	0.54456	-9.99339
23451	0.10000	0.00476	0.04251	0.04045	0.03275	0.00476	0.05183	0.02569	0.47093	-4.98047
23461	0.10000	-0.03714	0.06507	0.05162	0.03996	-0.03714	0.05369	0.07511	0.41264	-4.93243
23471	0.10000	-0.03876	0.04090	0.02784	0.03666	-0.03876	0.02485	0.05176	0.34975	-5.01302
23481	0.10000	-0.04037	0.00060	0.03681	0.02802	-0.04037	-0.02261	0.03611	0.27458	-4.96435
23491	0.10000	-0.00813	-0.05903	0.06268	0.03802	-0.00813	-0.07286	0.05529	0.19942	-9.99339
23501	0.10000	0.10146	-0.06870	0.10051	-0.02494	0.10146	-0.02075	0.09463	0.13806	-4.98047
23511	0.10000	0.06762	-0.04130	0.06345	0.02491	0.06762	-0.00865	0.07152	0.07363	-4.98045
23521	0.10000	0.10469	-0.02196	0.08446	0.07110	0.10469	0.03508	0.05501	0.00153	-9.96091
23531	0.10000	0.02733	-0.00262	0.00423	0.02985	0.02733	0.01275	0.05152	6.20955	-4.99669
23541	0.10000	-0.05326	0.02639	0.04620	-0.02650	-0.05326	-0.00028	0.07065	6.14206	-4.99669
23551	0.10000	-0.03553	0.04412	0.02964	0.03619	-0.03553	0.03043	0.05368	6.07763	-4.94834
23561	0.10000	-0.01941	0.01672	0.00465	0.02051	-0.01941	0.00810	0.04626	6.00707	-9.99339
23571	0.10000	-0.02425	-0.02196	0.03239	0.03298	-0.02425	-0.03936	0.05226	5.92730	-4.98047
23581	0.10000	0.09179	-0.05581	0.08478	-0.03699	0.09179	-0.01144	0.07150	5.85674	-4.96435
23591	0.10000	0.05795	-0.04614	0.05264	0.03130	0.05795	-0.01982	0.06977	5.78924	-4.98047
23601	0.10000	0.02733	-0.02841	0.00206	0.03213	0.02733	-0.01703	0.20535	5.72021	-4.96435
23611	0.10000	0.02410	-0.00101	0.00578	0.02664	0.02410	0.01275	0.02864	5.64045	-9.92871
23621	0.10000	-0.03553	0.01994	0.03303	-0.01333	-0.03553	0.00251	0.13700	5.56528	-9.96094
23631	0.10000	-0.03553	0.01994	0.03356	0.01195	-0.03553	0.00251	0.05909	5.49932	-9.99339
23641	0.10000	-0.02425	-0.01874	0.04307	0.00175	-0.02425	-0.03564	0.04185	5.43029	-9.83324
23651	0.10000	0.01282	-0.01229	0.01031	-0.01020	0.01282	-0.00679	0.04251	5.35052	-4.94834
23661	0.10000	0.04667	-0.06225	0.06024	0.02384	0.04667	-0.04494	0.04464	5.27229	-9.96094
23671	0.10000	0.06601	-0.01068	0.07081	-0.00258	0.06601	0.02578	0.04259	5.20786	-4.98047
23681	0.10000	0.02249	0.01511	0.03753	0.00480	0.02249	0.03043	0.02607	5.13884	-4.98047
23691	0.10000	-0.00007	0.01994	0.02133	0.00856	-0.00007	0.02299	0.01762	5.05600	-4.99669
23701	0.10000	-0.05165	0.01189	0.04484	-0.03026	-0.05165	-0.01610	0.22431	4.97777	-4.98047
23711	0.10000	-0.05165	-0.03002	0.07269	-0.03926	-0.05165	-0.06448	0.04488	4.91641	-4.96435
23721	0.10000	0.00154	-0.05097	0.05252	-0.02458	0.00154	-0.05797	0.05649	4.84431	-4.98047
23731	0.10000	0.03700	-0.03808	0.03758	-0.02163	0.03700	-0.02261	0.07187	4.75994	-9.96094
23741	0.10000	0.06762	-0.03969	0.06766	-0.00633	0.06762	-0.00679	0.10014	4.68324	-4.99669
23751	0.10000	0.06278	0.01833	0.08223	-0.02181	0.06278	0.05742	0.04107	4.62188	-4.94834
23761	0.10000	-0.00169	0.03445	0.03592	-0.01477	-0.00169	0.03881	0.04598	4.55286	-4.99669
23771	0.10000	-0.03231	-0.01068	-0.00815	-0.04401	-0.03231	-0.03098	0.02221	4.46695	-9.96094
23781	0.10000	-0.05326	0.01672	0.05070	-0.01992	-0.05326	-0.01144	0.06315	4.39639	-4.99669
23791	0.10000	-0.03714	-0.02518	0.05714	-0.02583	-0.03714	-0.05053	0.08109	4.33503	-4.99669
23801	0.10000	0.02733	-0.03808	0.01712	-0.03533	0.02733	-0.02819	0.03738	4.26907	-9.99339
23811	0.10000	0.04505	-0.04291	0.04391	-0.02560	0.04505	-0.02354	0.01939	4.18623	-9.96094
23821	0.10000	0.05150	-0.02196	0.04909	-0.01616	0.05150	0.00438	0.06183	4.11720	-4.93243
23831	0.10000	0.04505	0.20690	0.15025	-0.22278	0.04505	0.26492	0.07211	4.05738	-4.96435
23841	0.10000	-0.00813	0.03767	0.03211	-0.02326	-0.00813	0.03881	0.02055	3.98835	-4.98047
23851	0.10000	-0.03070	0.00060	-0.00114	-0.03508	-0.03070	-0.01703	0.01674	3.90705	-9.92871
23861	0.10000	-0.05648	0.01189	0.04883	-0.03410	-0.05648	-0.01889	0.09145	3.83802	-9.96094
23871	0.10000	-0.05165	-0.02680	0.06885	-0.04024	-0.05165	-0.06076	0.04198	3.77819	-4.98047
23881	0.10000	-0.00813	-0.03163	0.04019	-0.01226	-0.00813	-0.04122	0.03303	3.70763	-4.98047
23891	0.10000	0.01604	-0.01390	0.01254	-0.01209	0.01604	-0.00679	0.04310	3.62786	-9.99339
23901	0.10000	0.06762	-0.06387	0.07562	0.00757	0.06762	-0.03471	0.07407	3.55884	-4.98047
23911	0.10000	0.06762	-0.03163	0.06589	0.01540	0.06762	0.00251	0.05679	3.49901	-4.94834
23921	0.10000	0.01121	0.04412	0.05556	-0.01830	0.01121	0.05742	0.02497	3.42691	-9.99339
23931	0.10000	0.01604	0.00060	0.00355	0.01855	0.01604	0.00996	0.03304	3.34561	-4.98047
23941	0.10000	-0.04037	0.06185	0.05623	0.02796	-0.04037	0.04811	0.05513	3.27812	-9.96094
23951	0.10000	-0.07583	0.01189	0.08087	-0.01061	-0.07583	-0.03005	0.06265	3.21676	-9.99339
23961	0.10000	-0.02586	-0.01390	0.04001	0.00527	-0.02586	-0.03098	0.03674	3.14313	-4.98047
23971	0.10000	-0.00652	-0.03808	0.04376	0.02016	-0.00652	-0.04773	0.01515	3.06643	-4.96435
23981	0.10000	0.06278	-0.07676	0.07991	0.01733	0.06278	-0.05239	0.07305	2.99740	-9.96094
23991	0.10000	0.06439	-0.05097	0.05903	0.03364	0.06439	-0.02168	0.06460	2.93451	-4.94834
24001	0.10000	0.04344	-0.00746	0.03771	0.02714	0.04344	0.01647	0.02874	2.86241	-9.96094
24011	0.10000	0.00154	0.00060	0.00111	0.00191	0.00154	0.00158	0.04240	2.78418	-9.96094
24021	0.10000	-0.01941	0.04573	0.03702	0.02713	-0.01941	0.04160	0.05234	2.71361	-9.99339
24031	0.10000	-0.02425	0.03767	0.01880	0.03324	-0.02425	0.02950	0.05391	2.65072	-4.99669
24041	0.10000	-0.03553	-0.01068	0.04755	0.00897	-0.03553	-0.03285	0.17613	2.58169	-9.96094
24051	0.10000	-0.02747	-0.04453	0.06093	0.03960	-0.02747	-0.06728	0.02750	2.50499	-9.83324
24061	0.10000	0.04344	-0.04453	0.05078	-0.00139	0.04344	-0.02633	0.06079	2.43289	-4.99669
24071	0.10000	0.07084	-0.02680	0.07153	0.00097	0.07084	0.00996	0.05988	2.36847	-4.99669
24081	0.10000	0.06601	-0.01390	0.05909	0.03675	0.06601	0.02206	0.05136	2.30097	-9.96094
24091	0.10000	0.01604	-0.00746	-0.00178	0.01596	0.01604	0.00065	0.05314	2.22427	-4.99669
24101	0.10000	-0.00974	0.04090	0.03130	0.02907	-0.00974	0.04160	0.05406	2.14911	-4.98047
24111	0.10000	-0.03553	0.03928	0.03288	0.02826	-0.03553	0.02485	0.06167	2.08775	-4.99669
24121	0.10000	-0.04037	-0.01068	0.05365	0.00458	-0.04037	-0.03564	0.22169	2.02025	-4.98047
24131	0.10000	-0.01136	-0.03485	0.04597	0.01434	-0.01136	-0.04680	0.02492	1.94509	-4.94834
24141	0.10000	-0.00007	-0.05097	0.03459	0.04767	-0.00007	-0.05890	0.06276	1.86839	-9.96094
24151	0.10000	0.07406	-0.03485	0.07410	0.00089	0.07406	0.00251	0.06610	1.80703	-4.94834
24161	0.10000	0.05956	-0.03163	0.04120	0.04305	0.05956	-0.00214	0.05414	1.73953	-9.99339
24171	0.10000	0.03377	0.00383	0.02180	0.03517	0.03377	0.02392	0.02631	1.65977	-4.98047
24181	0.10000	-0.02425	0.05218	0.04689	0.02298	-0.02425	0.04625	0.03517	1.58307	-9.99339
24191	0.10000	0.06278	0.03767	-0.06614	0.07698	0.06278	0.07975	0.05810	1.52171	-9.96094
24201	0.10000	-0.08711	0.00544	0.09414	0.02574	-0.08711	-0.04401	0.06744	1.45728	-4.98047
24211	0.10000	-0.00652	-0.03808	0.04756	0.00769	-0.00652	-0.04773	0.13392	1.37598	-9.96094
24221	0.10000	0.03700	-0.05581	0.05592	0.00991	0.03700	-0.04308	0.06867	1.30235	-4.99669
24231	0.10000	0.06762	-0.04453	0.06774	0.01164	0.06762	-0.01237	0.06750	1.24099	-4.98008
24241	0.10000	0.05956	-0.01713	0.05591	0.02520	0.05956	0.01461	0.04326	1.17810	-4.99669
24251	0.10000	0.04505	-0.02680	-0.00361	0.04518	0.04505	-0.00493	0.08074	1.09680	-9.92871
24261	0.10000	-0.00169	0.04090	0.03296	0.03248	-0.00169	0.04625	0.05300	1.02163	-4.93243
24271	0.10000	-0.03876	0.05057	0.04210	0.03204	-0.03876	0.03601	0.08578	0.96334	-4.99669
24281	0.10000	-0.08388	0.00060	0.09634	0.00573	-0.08388	-0.04773	0.02869	0.90045	-4.96435
24291	0.10000	-0.03714	0.01027	0.01504	0.03529	-0.03714	-0.00958	0.03323	0.82068	-4.99669
24301	0.10000	0.03055	-0.06064	0.06012	0.00796	0.03055	-0.05239	0.04991	0.75165	-4.98047
24311	0.10000	0.07084	-0.08965	0.08499	0.04145	0.07084	-0.06262	0.07020	0.69489	-4.98047
24321	0.10000	0.06762	-0.04775	0.05718	0.03952	0.06762	-0.01610	0.10930	0.63353	-4.96435
24331	0.10000	0.06762	-0.03002	0.02766	0.06185	0.06762	0.00438	0.04857	0.55530	-9.99339
24341	0.10000	0.02571	-0.17024	-0.17258	-0.06244	0.02571	-0.18173	0.05112	0.48167	-9.96085
24351	0.10000	-0.00330	0.07152	0.03504	0.07274	-0.00330	0.08068	0.05752	0.42184	-4.99669
24361	0.10000	-0.03553	0.03284	0.02968	0.02616	-0.03553	0.01740	0.04657	0.35895	-9.96094
24371	0.10000	-0.04681	0.01189	0.03449	0.03433	-0.04681	-0.01330	0.04514	0.28379	-9.96094
24381	0.10000	-0.02425	-0.02841	0.03695	0.03759	-0.02425	-0.04680	0.07369	0.21016	-9.99339
24391	0.10000	0.05311	-0.06387	0.06759	0.01037	0.05311	-0.04308	0.09560	0.14573	-4.99665
24401	0.10000	0.05150	-0.06225	0.04400	0.04993	0.05150	-0.04215	0.07603	0.08283	-4.99667
24411	0.10000	0.05311	-0.04614	0.01409	0.05598	0.05311	-0.02261	0.06588	0.01227	-9.96091
24421	0.10000	0.02410	0.02639	0.03833	0.03289	0.02410	0.04439	0.21303	6.21722	-9.99339
24431	0.10000	-0.03553	0.06346	0.05911	0.02349	-0.03553	0.05276	0.06009	6.14973	-4.98047
24441	0.10000	-0.04520	0.05218	0.04251	0.03745	-0.04520	0.03415	0.05776	6.08684	-4.93243
24451	0.10000	-0.04198	-0.00907	0.05376	0.00870	-0.04198	-0.03471	0.03038	6.01627	-9.89668
24461	0.10000	-0.18220	-0.03647	0.12020	0.20110	-0.18220	-0.14730	0.02120	5.93497	-4.98047
24471	0.10000	0.06117	-0.07676	0.08076	0.00787	0.06117	-0.05332	0.05163	5.86441	-4.96435
24481	0.10000	0.05634	-0.05742	0.05178	0.04041	0.05634	-0.03378	0.06763	5.79845	-9.99339
24491	0.10000	0.02733	-0.02196	0.01088	0.02683	0.02733	-0.00958	0.05679	5.72942	-4.96435
24501	0.10000	0.03055	0.01350	0.02751	0.03577	0.03055	0.03322	0.03270	5.64965	-14.99008
24511	0.10000	-0.02425	0.04251	0.03938	0.01636	-0.02425	0.03508	0.09322	5.57295	-4.99669
24521	0.10000	-0.05326	0.00866	0.05580	-0.01237	-0.05326	-0.02075	0.03552	5.50853	-4.96435
24531	0.10000	0.00637	-0.01068	0.00295	-0.01033	0.00637	-0.00865	0.05664	5.43950	-9.99339
24541	0.10000	0.00798	-0.01068	0.00927	-0.00611	0.00798	-0.00772	0.04149	5.35819	-9.96094
24551	0.10000	0.01443	-0.03002	0.02514	0.01642	0.01443	-0.02633	0.05827	5.28150	-9.99339
24561	0.10000	0.04828	-0.03808	0.04275	0.02760	0.04828	-0.01610	0.05896	5.21553	-4.98047
24571	0.10000	0.01443	0.01350	0.02787	-0.00189	0.01443	0.02392	0.02690	5.14804	-4.93243
24581	0.10000	0.00154	0.01511	0.01717	0.00661	0.00154	0.01833	0.02522	5.06674	-4.98047
24591	0.10000	-0.02103	0.02961	0.02765	0.01279	-0.02103	0.02206	0.04073	4.98544	-9.96094
24601	0.10000	-0.03553	-0.00101	0.04051	-0.00956	-0.03553	-0.02168	0.05204	4.92408	-9.86486
24611	0.10000	0.01604	-0.03485	0.01914	-0.02917	0.01604	-0.03098	0.06680	4.85352	-4.99669
24621	0.10000	0.04022	-0.01068	0.00558	-0.04129	0.04022	0.01089	0.04258	4.76915	-4.99669
24631	0.10000	0.06923	-0.01874	0.06093	-0.03765	0.06923	0.01833	0.05379	4.69245	-4.99669
24641	0.10000	0.03700	0.00866	0.04649	-0.01383	0.03700	0.03136	0.06246	4.62802	-4.98047
24651	0.10000	0.00798	0.03123	0.04028	-0.00974	0.00798	0.04067	0.04853	4.56052	-4.98047
24661	0.10000	-0.01136	0.01027	0.00982	-0.00779	-0.01136	0.00531	0.04258	4.47769	-9.99339
24671	0.10000	-0.03553	-0.00584	0.02779	-0.03512	-0.03553	-0.02726	0.04450	4.40252	-4.98047
24681	0.10000	-0.04520	-0.04291	0.07251	-0.05007	-0.04520	-0.07565	0.04392	4.34423	-9.92871
24691	0.10000	0.00154	-0.05742	0.05820	-0.02990	0.00154	-0.06541	0.29165	4.27674	-4.98047
24701	0.10000	0.04344	-0.01068	0.00636	-0.04482	0.04344	0.01275	0.04217	4.19544	-4.99669
24711	0.10000	0.03538	-0.02680	0.03691	-0.00044	0.03538	-0.01051	0.05572	4.12334	-4.98047
24721	0.10000	0.06762	0.01027	0.08154	-0.02266	0.06762	0.05090	0.06859	4.06352	-9.99339
24731	0.10000	0.00476	0.03767	0.04247	-0.01892	0.00476	0.04625	0.01886	3.99909	-4.99669
24741	0.10000	-0.00813	0.01027	0.00964	-0.00496	-0.00813	0.00717	0.02320	3.91625	-4.99669
24751	0.10000	-0.05326	0.01027	0.04278	-0.03692	-0.05326	-0.01889	0.02925	3.84416	-4.99669
24761	0.10000	-0.03231	-0.16540	0.08706	-0.19343	-0.03231	-0.20965	0.05742	3.78586	-4.99669
24771	0.10000	-0.03070	-0.03969	0.07002	-0.00882	-0.03070	-0.06355	0.01746	3.71684	-4.99669
24781	0.10000	0.01927	-0.01068	0.00719	-0.01792	0.01927	-0.00121	0.03734	3.63707	-9.96094
24791	0.10000	0.06439	-0.03647	0.06032	-0.02308	0.06439	-0.00493	0.06354	3.56497	-4.99669
24801	0.10000	0.04667	-0.01229	0.04826	-0.00326	0.04667	0.01275	0.14391	3.50668	-4.99669
24811	0.10000	0.01604	-0.01390	0.00366	0.01703	0.01604	-0.00679	0.09774	3.43458	-4.98047
24821	0.10000	-0.00330	-0.01068	-0.01287	-0.00691	-0.00330	-0.01423	0.03234	3.35482	-9.92871
24831	0.10000	-0.03553	0.04251	0.04484	0.00824	-0.03553	0.02857	0.04635	3.28579	-9.96094
24841	0.10000	-0.03553	0.01994	0.03479	0.00765	-0.03553	0.00251	0.05209	3.22596	-4.91662
24851	0.10000	0.00960	-0.00584	-0.00484	-0.00837	0.00960	-0.00121	0.04718	3.15386	-9.96094
24861	0.10000	0.00476	-0.06225	0.06859	0.00987	0.00476	-0.06914	0.01941	3.07410	-4.94834
24871	0.10000	0.02733	-0.08482	0.07607	0.04136	0.02733	-0.08216	0.06183	3.02348	-4.99669
24881	0.10000	0.06762	-0.02841	0.06789	0.00114	0.06762	0.00624	0.05468	2.94371	-4.99669
24891	0.10000	0.04505	0.09408	0.13274	-0.05041	0.04505	0.13465	0.02723	2.87161	-9.89668
24901	0.10000	0.03377	0.01350	0.02933	0.03886	0.03377	0.03508	0.03245	2.79491	-9.99339
24911	0.10000	-0.03070	0.03284	0.03672	-0.00139	-0.03070	0.02019	0.05234	2.72435	-9.99339
24921	0.10000	-0.04037	0.04895	0.03663	0.03729	-0.04037	0.03322	0.04281	2.65839	-9.96094
24931	0.10000	-0.03553	-0.01068	0.04827	0.00330	-0.03553	-0.03285	0.04055	2.59243	-4.94834
24941	0.10000	-0.00974	-0.04775	0.05942	0.01601	-0.00974	-0.06076	0.04798	2.51419	-9.99339
24951	0.10000	0.03377	-0.11866	0.09970	0.07079	0.03377	-0.11752	0.18567	2.44363	-4.93243
24961	0.10000	0.07890	-0.03969	0.07884	0.00305	0.07890	-0.00028	0.05806	2.37767	-4.99669
24971	0.10000	0.03377	-0.01551	0.02517	0.02256	0.03377	0.00158	0.05588	2.30864	-4.98047
24981	0.10000	0.02571	0.01511	0.03141	0.02678	0.02571	0.03229	0.04288	2.23501	-9.55680
24991	0.10000	0.00637	0.05540	0.03928	0.05545	0.00637	0.06765	0.04417	2.15985	-4.99669
25001	0.10000	-0.02747	0.05540	0.02755	0.04806	-0.02747	0.04811	0.04001	2.10002	-4.98047
25011	0.10000	-0.04520	0.02317	0.03765	0.02502	-0.04520	0.00065	0.07608	2.04326	-4.99669
25021	0.10000	-0.01458	0.00544	0.00530	0.01375	-0.01458	-0.00214	0.05435	1.97117	-9.99339
25031	0.10000	0.00154	-0.05258	0.04839	0.03522	0.00154	-0.05983	0.04446	1.89140	-9.96094
25041	0.10000	0.06762	-0.06548	0.07331	0.02311	0.06762	-0.03657	0.07371	1.82851	-4.91662
25051	0.10000	0.06601	-0.03485	0.05627	0.03456	0.06601	-0.00214	0.04466	1.76254	-4.99669
25061	0.10000	0.01927	-0.01068	0.00345	0.01899	0.01927	-0.00121	0.03446	1.68738	-9.96094
25071	0.10000	0.01604	0.03123	0.02764	0.03933	0.01604	0.04532	0.02864	1.60915	-4.99669
25081	0.10000	-0.06132	0.03123	0.06030	-0.01114	-0.06132	0.00065	0.05094	1.54318	-4.99669
25091	0.10000	-0.05004	0.05218	0.02895	0.05146	-0.05004	0.03136	0.04014	1.48029	-4.98047
25101	0.10000	-0.02747	0.00383	0.01935	0.02261	-0.02747	-0.01144	0.04934	1.40819	-9.86447
25111	0.10000	-0.06293	-0.02196	0.01554	0.08674	-0.06293	-0.06169	0.04286	1.32536	-9.96094
25121	0.10000	0.06762	-0.05097	0.07041	0.00268	0.06762	-0.01982	0.06914	1.26400	-9.89668
25131	0.10000	0.04022	-0.04291	0.02567	0.04064	0.04022	-0.02633	0.07732	1.20111	-4.99669
25141	0.10000	0.04667	-0.01229	0.02797	0.03947	0.04667	0.01275	0.03921	1.12594	-4.98047
25151	0.10000	0.01604	0.02317	0.02304	0.03199	0.01604	0.03601	0.02940	1.04771	-9.83324
25161	0.10000	-0.04359	0.03767	0.04714	0.00380	-0.04359	0.01833	0.08371	0.98328	-4.96435
25171	0.10000	-0.04359	-0.00423	0.05112	-0.01377	-0.04359	-0.03005	0.05496	0.92346	-9.99339
25181	0.10000	-0.01780	-0.01068	0.02832	0.00513	-0.01780	-0.02261	0.03609	0.85136	-9.89668
25191	0.10000	-0.01458	-0.05097	0.05670	0.03904	-0.01458	-0.06728	0.05964	0.77313	-4.96435
25201	0.10000	0.05956	-0.08321	0.07960	0.03189	0.05956	-0.06169	0.07481	0.70870	-9.99339
25211	0.10000	0.06762	-0.06225	0.05963	0.04576	0.06762	-0.03285	0.05703	0.65041	-9.99339
25221	0.10000	0.06278	-0.03002	0.03636	0.05121	0.06278	0.00158	0.04440	0.57678	-9.96094
25231	0.10000	0.01765	0.00544	0.01084	0.02157	0.01765	0.01647	0.05723	0.49854	-10.02605
25241	0.10000	-0.02747	0.06991	0.05840	0.03938	-0.02747	0.06486	0.07274	0.43565	-5.01302
25251	0.10000	-0.05648	0.05379	0.05390	0.03398	-0.05648	0.02950	0.04609	0.37583	-4.94824
25261	0.10000	-0.03231	0.02961	0.01055	0.03426	-0.03231	0.01554	0.04866	0.30526	-4.93243
25271	0.10000	-0.02586	-0.01229	0.02649	0.02855	-0.02586	-0.02912	0.07341	0.22856	-5.01302
25281	0.10000	0.03216	-0.07676	0.06967	0.03301	0.03216	-0.07007	0.08334	0.16107	-4.99665
25291	0.10000	0.08212	-0.05258	0.08241	0.01140	0.08212	-0.01330	0.13311	0.09971	-9.99336
25301	0.10000	0.04989	-0.02841	0.03549	0.03528	0.04989	-0.00400	0.06885	0.03221	-4.98046
25311	0.10000	0.03538	-0.02196	-0.00406	0.03549	0.03538	-0.00493	0.06320	6.23717	-4.99669
25321	0.10000	0.01443	0.06024	0.05423	0.05773	0.01443	0.07789	0.07717	6.16814	-4.96435
25331	0.10000	-0.04359	0.05862	0.04864	0.03664	-0.04359	0.04253	0.04309	6.10524	-4.98047
25341	0.10000	-0.08550	0.00060	0.09790	0.00959	-0.08550	-0.04866	0.05335	6.03621	-4.99669
25351	0.10000	-0.02103	0.00705	0.00667	0.02034	-0.02103	-0.00400	0.04994	5.96105	-9.92871
25361	0.10000	0.02088	-0.01551	0.01831	-0.01162	0.02088	-0.00586	0.05227	5.88435	-9.96094
25371	0.10000	0.06439	-0.06064	0.06727	0.02647	0.06439	-0.03285	0.06227	5.81839	-4.99669
25381	0.10000	0.05795	-0.03485	0.04287	0.03957	0.05795	-0.00679	0.07425	5.75089	-4.99669
25391	0.10000	0.03861	-0.00101	0.02481	0.03635	0.03861	0.02113	0.03090	5.67266	-4.98047
25401	0.10000	-0.03553	0.01189	0.02014	-0.03005	-0.03553	-0.00679	0.03791	5.59289	-9.99339
25411	0.10000	0.04667	0.14243	0.14437	0.13404	0.04667	0.19141	0.17757	5.52847	-4.98047
25421	0.10000	-0.05165	-0.01068	0.06581	-0.01062	-0.05165	-0.04215	0.04934	5.47478	-4.96435
25431	0.10000	0.00154	-0.01068	0.01054	-0.00471	0.00154	-0.01144	0.05418	5.40421	-4.96435
25441	0.10000	0.01765	-0.01068	0.01183	-0.01328	0.01765	-0.00214	0.02533	5.32291	-9.96094
25451	0.10000	0.06601	-0.06709	0.07075	0.03000	0.06601	-0.03936	0.08280	5.25082	-4.94834
25461	0.10000	0.04989	-0.01551	0.04813	0.01705	0.04989	0.01089	0.04573	5.18639	-4.99669
25471	0.10000	-0.00491	0.01994	0.01876	-0.00893	-0.00491	0.02019	0.01830	5.11122	-9.89668
25481	0.10000	-0.02425	0.01833	0.02141	-0.01345	-0.02425	0.00717	0.03172	5.02685	-9.99339
25491	0.10000	-0.03876	-0.01068	0.03739	-0.03617	-0.03876	-0.03471	0.04608	4.95783	-9.99339
25501	0.10000	-0.01458	-0.01551	0.02778	-0.01158	-0.01458	-0.02633	0.05485	4.89033	-4.93243
25511	0.10000	0.07084	-0.04130	-0.00205	-0.07114	0.07084	-0.00679	0.03954	4.81670	-4.98047
25521	0.10000	0.06117	-0.01068	0.03006	-0.05802	0.06117	0.02299	0.03419	4.73080	-9.96094
25531	0.10000	-0.15641	0.19562	0.19918	-0.05627	-0.15641	0.13558	0.24152	4.66944	-4.98047
25541	0.10000	0.10469	-0.03002	0.10780	-0.00140	0.10469	0.02578	0.08923	4.65103	-4.99669
25551	0.10000	0.03861	0.04090	0.07746	-0.01797	0.03861	0.06951	0.10914	4.59120	-4.99669
25561	0.10000	-0.03231	0.03284	0.02058	-0.03148	-0.03231	0.01926	0.03552	4.51604	-4.98047
25571	0.10000	-0.02747	0.01833	0.02584	-0.01073	-0.02747	0.00531	0.03865	4.43167	-9.96094
25581	0.10000	-0.05648	0.09086	0.04709	0.07875	-0.05648	0.07230	0.05716	4.37031	-4.94834
25591	0.10000	-0.00974	-0.06225	0.06234	-0.04706	-0.00974	-0.07751	0.06299	4.30895	-4.96435
25601	0.10000	0.04667	-0.04614	0.02810	-0.04562	0.04667	-0.02633	0.04152	4.23225	-4.99669
25611	0.10000	0.05311	-0.01390	0.03322	-0.04394	0.05311	0.01461	0.05136	4.15402	-4.99669
25621	0.10000	0.05956	-0.01068	0.06125	-0.01678	0.05956	0.02206	0.05220	4.08959	-9.96094
25631	0.10000	0.03700	0.03123	0.06583	-0.01821	0.03700	0.05742	0.01705	4.02977	-4.99669
25641	0.10000	-0.01941	-0.00907	-0.02229	-0.01870	-0.01941	-0.02168	0.01070	3.95153	-9.92871
25651	0.10000	-0.01297	0.01994	0.02006	0.00268	-0.01297	0.01554	0.03652	3.87484	-4.91662
25661	0.10000	-0.06454	0.00060	0.06391	-0.03765	-0.06454	-0.03657	0.04338	3.81194	-4.99669
25671	0.10000	-0.01619	-0.01229	0.02721	-0.00872	-0.01619	-0.02354	0.06176	3.74905	-4.93243
25681	0.10000	0.01604	-0.02841	0.02207	-0.01800	0.01604	-0.02354	0.04780	3.67235	-9.99339
25691	0.10000	0.01927	-0.04130	0.03961	0.01180	0.01927	-0.03657	0.04841	3.59412	-4.97970
25701	0.10000	0.05795	-0.05097	0.06028	0.01922	0.05795	-0.02540	0.08535	3.53429	-4.96435
25711	0.10000	0.03700	-0.02035	0.02923	0.02278	0.03700	-0.00214	0.09115	3.46833	-4.96435
25721	0.10000	0.01604	0.00705	0.01900	0.01411	0.01604	0.01740	0.01615	3.38856	-9.96094
25731	0.10000	-0.02586	0.04090	0.04132	0.00189	-0.02586	0.03229	0.02161	3.31493	-4.96435
25741	0.10000	0.01765	0.02317	-0.01228	0.03906	0.01765	0.03694	0.05093	3.25357	-4.99669
25751	0.10000	-0.03392	-0.01551	0.04876	-0.01339	-0.03392	-0.03750	0.15571	3.18454	-4.98047
25761	0.10000	-0.00007	0.00060	-0.00063	0.00020	-0.00007	0.00065	0.06051	3.10938	-4.99669
25771	0.10000	0.03055	-0.03163	0.03374	-0.01231	0.03055	-0.01889	0.01576	3.03421	-4.99669
25781	0.10000	0.07245	-0.06225	0.07663	0.01675	0.07245	-0.03005	0.06803	2.96979	-4.98047
25791	0.10000	0.01604	-0.01713	0.00822	0.01733	0.01604	-0.01051	0.05530	2.90383	-9.99339
25801	0.10000	0.01765	0.19562	0.23445	-0.03273	0.01765	0.23608	0.03382	2.82713	-4.98047
25811	0.10000	0.00154	0.01672	0.01563	0.01288	0.00154	0.02019	0.09258	2.75350	-9.89668
25821	0.10000	-0.05326	0.04895	0.05753	0.01383	-0.05326	0.02578	0.04812	2.68753	-9.96094
25831	0.10000	-0.04520	-0.00101	0.05276	-0.00169	-0.04520	-0.02726	0.03619	2.62004	-4.98047
25841	0.10000	-0.03553	-0.01390	0.04505	0.02387	-0.03553	-0.03657	0.02860	2.54794	-9.89668
25851	0.10000	0.01604	-0.06225	0.06158	0.01966	0.01604	-0.06262	0.04422	2.47124	-4.99669
25861	0.10000	0.02733	-0.04775	0.03626	0.03131	0.02733	-0.03936	0.06129	2.40375	-4.98047
25871	0.10000	0.06762	-0.02518	0.06507	0.02090	0.06762	0.00996	0.05723	2.34085	-4.98047
25881	0.10000	0.05150	-0.01068	0.03275	0.04339	0.05150	0.01740	0.04179	2.26722	-9.99339
25891	0.10000	0.01121	0.03928	0.03930	0.03560	0.01121	0.05183	0.02729	2.19052	-9.99339
25901	0.10000	-0.04681	0.04090	0.05062	0.00604	-0.04681	0.02019	0.03801	2.12303	-9.89668
25911	0.10000	-0.03553	0.01350	0.03461	0.00941	-0.03553	-0.00493	0.05475	2.06014	-4.96435
25921	0.10000	-0.01941	-0.01229	0.03102	0.00774	-0.01941	-0.02540	0.04504	1.98651	-4.94834
25931	0.10000	-0.02103	-0.01874	0.02118	0.03367	-0.02103	-0.03378	0.05418	1.90981	-4.99669
25941	0.10000	0.04667	-0.07676	0.06319	0.04461	0.04667	-0.06169	0.08649	1.84078	-9.96094
25951	0.10000	0.04989	-0.05258	0.03594	0.04707	0.04989	-0.03191	0.06766	1.77788	-4.94834
25961	0.10000	0.04344	-0.03002	0.01005	0.04333	0.04344	-0.00958	0.05820	1.70579	-9.92871
25971	0.10000	0.05956	0.01833	0.02417	0.07777	0.05956	0.05555	0.00270	1.62449	-9.96094
25981	0.10000	-0.05648	0.05862	0.06502	0.01390	-0.05648	0.03508	0.05560	1.55699	-4.98047
25991	0.10000	-0.05326	-0.00262	0.06132	-0.01471	-0.05326	-0.03378	0.03938	1.49410	-4.99631
26001	0.10000	-0.12257	-0.01068	0.13158	0.06790	-0.12257	-0.08309	0.01460	1.42507	-9.99339
26011	0.10000	0.00798	-0.04614	0.04798	0.01139	0.00798	-0.04866	0.05802	1.34377	-9.96094
26021	0.10000	0.06601	-0.05420	0.07037	-0.00190	0.06601	-0.02447	0.18490	1.27474	-4.98047
26031	0.10000	0.06762	-0.04614	0.06118	0.03212	0.06762	-0.01423	0.08084	1.21491	-4.91662
26041	0.10000	0.04667	-0.01068	0.03692	0.03206	0.04667	0.01461	0.02668	1.14588	-9.96094
26051	0.10000	0.00960	0.01672	0.01989	0.01771	0.00960	0.02485	0.05630	1.06305	-9.96094
26061	0.10000	-0.00491	0.04090	0.02383	0.03777	-0.00491	0.04439	0.05731	0.99555	-4.99669
26071	0.10000	-0.07583	0.01511	0.07921	-0.01299	-0.07583	-0.02633	0.05159	0.93880	0.00000
26081	0.10000	-0.01458	-0.00907	0.02386	-0.00038	-0.01458	-0.01889	0.14907	0.86823	-4.98047
26091	0.10000	-0.03392	-0.04130	0.05901	0.04684	-0.03392	-0.06728	0.02612	0.79000	-9.92871
26101	0.10000	0.04344	-0.08643	0.07770	0.03786	0.04344	-0.07472	0.08407	0.72250	-4.98047
26111	0.10000	0.07084	-0.08643	0.06882	0.06125	0.07084	-0.05890	0.05864	0.66575	-9.92871
26121	0.10000	0.06439	-0.01551	0.05944	0.03136	0.06439	0.01926	0.11934	0.59518	-9.96094
26131	0.10000	0.04022	-0.01068	0.00753	0.04098	0.04022	0.01089	0.10046	0.51695	-9.96094
26141	0.10000	0.04505	0.06507	0.03374	0.10545	0.04505	0.10115	0.04785	0.44946	-4.96426
26151	0.10000	-0.04037	0.04090	0.04230	0.02029	-0.04037	0.02392	0.07342	0.39117	-4.99669
26161	0.10000	-0.05648	0.01350	0.05551	0.01997	-0.05648	-0.01703	0.02974	0.32214	-4.96435
26171	0.10000	-0.03876	0.00705	0.01762	0.03733	-0.03876	-0.01423	0.04935	0.24544	-4.99660
26181	0.10000	0.06601	-0.05903	0.06563	-0.03086	0.06601	-0.03005	0.07393	0.17487	-4.98042
26191	0.10000	0.06278	-0.06225	0.06842	0.02301	0.06278	-0.03564	0.08556	0.11505	-9.96094
26201	0.10000	0.07568	-0.03808	0.06566	0.03763	0.07568	-0.00028	0.06522	0.04909	-9.92868
26211	0.10000	0.06439	-0.03485	0.01151	0.06343	0.06439	-0.00307	0.04117	6.25557	-4.99669
26221	0.10000	0.01604	0.01350	0.01146	0.02726	0.01604	0.02485	0.04290	6.18194	-4.98047
26231	0.10000	-0.05165	0.06185	0.06021	0.02780	-0.05165	0.04160	0.05723	6.11752	-9.99339
26241	0.10000	-0.03553	0.03767	0.02151	0.03644	-0.03553	0.02299	0.05653	6.05155	-4.99669
26251	0.10000	-0.02747	0.01027	0.01188	0.02509	-0.02747	-0.00400	0.05204	5.97639	-9.92871
26261	0.10000	0.03377	-0.05903	0.05905	-0.00458	0.03377	-0.04866	0.02609	5.90122	-4.91662
26271	0.10000	0.04022	-0.06870	0.05353	0.04359	0.04022	-0.05611	0.07928	5.83373	-4.93243
26281	0.10000	0.06278	-0.03485	0.05339	0.03328	0.06278	-0.00400	0.06620	5.76470	-4.99669
26291	0.10000	0.01927	-0.00584	0.00988	0.01711	0.01927	0.00438	0.04155	5.69107	-4.91662
26301	0.10000	0.01121	0.03767	0.03578	0.03664	0.01121	0.04997	0.04036	5.61130	-4.99669
26311	0.10000	-0.04037	0.04573	0.04508	0.02161	-0.04037	0.02950	0.05137	5.54074	-9.99339
26321	0.10000	-0.03876	0.01027	0.02689	-0.02982	-0.03876	-0.01051	0.05817	5.57602	313.76816
26331	0.10000	-0.01780	-0.02680	0.04483	0.00239	-0.01780	-0.04122	0.04159	5.41188	-9.92871
26341	0.10000	0.01765	-0.05097	0.05098	0.00901	0.01765	-0.04866	0.02911	5.33058	-9.96094
26351	0.10000	0.06278	-0.06064	0.06897	0.01803	0.06278	-0.03378	0.10780	5.26002	-4.99669
26361	0.10000	0.05150	-0.02035	0.04842	0.01862	0.05150	0.00624	0.08473	5.19252	-4.98047
26371	0.10000	0.01443	0.01350	0.02726	0.00607	0.01443	0.02392	0.04362	5.12196	-4.91662
26381	0.10000	-0.01458	0.02639	0.02644	0.00009	-0.01458	0.02206	0.01321	5.03913	-9.86486
26391	0.10000	-0.05810	-0.00101	0.05341	-0.04156	-0.05810	-0.03471	0.03678	4.96396	-4.99669
26401	0.10000	-0.01941	-0.01068	0.02904	-0.00937	-0.01941	-0.02354	0.06915	4.90107	-9.99339
26411	0.10000	0.02410	-0.05903	0.04807	-0.03482	0.02410	-0.05425	0.03542	4.82590	-4.97892
26421	0.10000	0.03216	-0.03485	0.03732	-0.01054	0.03216	-0.02168	0.04614	4.74307	-9.92871
26431	0.10000	0.05795	-0.03647	0.05814	0.00722	0.05795	-0.00865	0.07209	4.67097	-9.83324
26441	0.10000	0.04344	0.01511	0.06044	-0.00653	0.04344	0.04253	0.07485	4.60654	-4.99669
26451	0.10000	-0.01297	0.01350	0.00591	-0.01410	-0.01297	0.00810	0.04510	4.53598	-4.98047
26461	0.10000	-0.02425	-0.11061	-0.08325	-0.11721	-0.02425	-0.14172	0.03652	4.45008	-4.99669
26471	0.10000	-0.05004	0.01189	0.04987	-0.01570	-0.05004	-0.01517	0.07890	4.38412	-9.99339
26481	0.10000	0.00154	-0.05258	0.03567	-0.04806	0.00154	-0.05983	0.05500	4.32276	-4.99669
26491	0.10000	0.04344	-0.03485	0.00709	-0.04546	0.04344	-0.01517	0.05419	4.25219	-4.96435
26501	0.10000	0.05311	-0.02196	0.03219	-0.04257	0.05311	0.00531	0.04259	4.16783	-9.96094
26511	0.10000	0.09663	-0.03485	0.09274	-0.03127	0.09663	0.01554	0.09459	4.11414	-4.98047
26521	0.10000	0.06601	0.01027	0.08041	-0.01969	0.06601	0.04997	0.04637	4.06045	-4.99669
26531	0.10000	-0.03553	0.03284	0.03636	-0.01560	-0.03553	0.01740	0.06220	3.88711	-352.46753
26541	0.10000	-0.03070	0.02317	0.01872	-0.02595	-0.03070	0.00903	0.02866	3.92086	-9.99339
26551	0.10000	-0.03392	0.00705	0.02584	-0.02477	-0.03392	-0.01144	0.04831	3.85029	-9.99261
26561	0.10000	-0.05326	0.01027	0.05609	-0.00684	-0.05326	-0.01889	0.02971	3.79047	-4.98047
26571	0.10000	-0.00974	-0.01551	0.02457	-0.00673	-0.00974	-0.02354	0.03939	3.72451	-4.93243
26581	0.10000	-0.01458	-0.02035	0.02801	0.02113	-0.01458	-0.03191	0.05554	3.64627	-9.96094
26591	0.10000	0.06762	-0.03808	0.05936	-0.03275	0.06762	-0.00493	0.07478	3.57724	-9.99339
26601	0.10000	0.06923	-0.05258	0.06775	0.02515	0.06923	-0.02075	0.07833	3.51895	-4.98047
26611	0.10000	-0.01780	0.04573	0.03356	-0.03161	-0.01780	0.04253	0.06178	3.41311	-4.94834
26621	0.10000	0.00798	-0.01068	-0.00821	0.00748	0.00798	-0.00772	0.02734	3.37169	-4.96435
26631	0.10000	-0.03553	0.04090	0.04444	-0.00087	-0.03553	0.02671	0.03724	3.29959	-9.99339
26641	0.10000	-0.03553	0.03123	0.03563	0.01532	-0.03553	0.01554	0.07900	3.23977	-4.99669
26651	0.10000	-0.02586	0.00383	0.02622	0.00958	-0.02586	-0.01051	0.04994	3.17074	-9.92793
26661	0.10000	-0.01136	-0.03002	0.04111	0.01173	-0.01136	-0.04122	0.20124	3.09251	-9.83324
26671	0.10000	0.04183	-0.04453	0.04931	-0.00782	0.04183	-0.02726	0.06021	3.02041	-4.99669
26681	0.10000	0.06278	-0.06225	0.06426	0.03290	0.06278	-0.03564	0.11544	2.95598	-4.99669
26691	0.10000	0.05150	-0.02841	0.03743	0.03550	0.05150	-0.00307	0.12029	2.89002	-9.99339
26701	0.10000	0.04183	-0.01551	0.00810	0.04151	0.04183	0.00624	0.03852	2.81179	-4.98047
26711	0.10000	-0.00491	0.04251	0.03675	0.02850	-0.00491	0.04625	0.05006	2.74122	-9.83324
26721	0.10000	-0.04681	0.01994	0.04634	-0.00772	-0.04681	-0.00400	0.04510	2.67526	-9.99339
26731	0.10000	-0.05810	0.01350	0.05685	0.02158	-0.05810	-0.01796	0.05615	2.60777	-9.96094
26741	0.10000	-0.03070	-0.02680	0.05187	0.02490	-0.03070	-0.04866	0.03894	2.53260	-9.96094
26751	0.10000	0.01604	-0.06225	0.05740	0.02972	0.01604	-0.06262	0.04811	2.45897	-9.96094
26761	0.10000	0.06601	-0.07192	0.07140	0.03575	0.06601	-0.04494	0.07325	2.39454	-4.91662
26771	0.10000	0.06439	-0.01713	0.06315	0.02150	0.06439	0.01740	0.06129	2.32858	-4.98047
26781	0.10000	0.02733	0.23269	0.28500	-0.02086	0.02733	0.28446	0.04940	2.25188	-4.98047
26791	0.10000	0.01604	0.02961	0.02457	0.03927	0.01604	0.04346	0.04037	2.17825	-9.92871
26801	0.10000	-0.05648	0.05540	0.06061	0.02236	-0.05648	0.03136	0.05226	2.11229	-9.86486
26811	0.10000	-0.06293	-0.00907	0.07771	-0.01054	-0.06293	-0.04680	0.09326	2.05553	-4.99669
26821	0.10000	-0.04520	-0.01229	0.05575	0.02364	-0.04520	-0.04029	0.07419	1.99264	-9.83324
26831	0.10000	0.00798	-0.02518	0.02560	0.00265	0.00798	-0.02447	0.05561	1.91287	-9.99339
26841	0.10000	0.04505	-0.05903	0.05659	0.02459	0.04505	-0.04215	0.07604	1.84231	-9.96094
26851	0.10000	0.06923	-0.02680	0.06861	0.01293	0.06923	0.00903	0.05811	1.78095	-4.99669
26861	0.10000	0.04344	-0.01068	0.03187	0.03215	0.04344	0.01275	0.02805	1.70885	-4.99669
26871	0.10000	-0.08550	-0.00101	-0.01171	-0.09861	-0.08550	-0.05053	0.09972	1.62602	-4.99669
26881	0.10000	-0.03392	0.06185	0.05008	0.03645	-0.03392	0.05183	0.06287	1.55852	-9.96094
26891	0.10000	0.03377	0.02639	-0.04751	0.03714	0.03377	0.04997	0.06687	1.49717	-9.96094
26901	0.10000	-0.03553	-0.01068	0.04656	0.01316	-0.03553	-0.03285	0.02874	1.42967	-9.92871
26911	0.10000	-0.00330	-0.01229	0.01389	0.00878	-0.00330	-0.01610	0.05418	1.34684	-4.99669
26921	0.10000	0.05956	-0.05742	0.06738	0.00514	0.05956	-0.03191	0.08140	1.27934	-4.96435
26931	0.10000	0.06439	-0.02518	0.06445	0.00759	0.06439	0.00810	0.06411	1.21798	-4.99669
26941	0.10000	0.04667	-0.01229	0.03643	0.03182	0.04667	0.01275	0.02148	1.14742	-4.96435
26951	0.10000	0.01927	0.01672	0.02361	0.02719	0.01927	0.03043	0.01597	1.06765	-4.96397
26961	0.10000	-0.03714	0.06507	0.05793	0.03010	-0.03714	0.05369	0.04510	1.00016	-9.83324
26971	0.10000	-0.05648	0.01994	0.05728	-0.00075	-0.05648	-0.00958	0.08480	0.94033	-4.99669
26981	0.10000	-0.02425	0.09731	-0.05761	0.08332	-0.02425	0.09836	0.03609	0.87437	-4.91662
26991	0.10000	-0.01136	-0.03808	0.04787	0.01975	-0.01136	-0.05053	0.07354	0.79307	-4.96435
27001	0.10000	0.07245	-0.06225	0.07664	-0.01668	0.07245	-0.03005	0.08332	0.72404	-9.99339
27011	0.10000	0.00798	0.08602	0.08891	-0.05442	0.00798	0.10394	0.11682	0.66728	-4.99669
27021	0.10000	0.05311	-0.04775	0.02440	0.05314	0.05311	-0.02447	0.06539	0.60285	-9.99339
27031	0.10000	0.05795	-0.00746	0.02396	0.05831	0.05795	0.02485	0.20001	0.52309	-9.99339
27041	0.10000	-0.00974	0.03928	0.03521	0.02082	-0.00974	0.03974	0.05579	0.45559	-9.99339
27051	0.10000	-0.05648	0.06507	0.06237	0.03329	-0.05648	0.04253	0.05352	0.39730	-4.99660
27061	0.10000	-0.04037	0.03606	0.02469	0.03682	-0.04037	0.01833	0.05654	0.32981	-4.93233
27071	0.10000	-0.03553	0.01027	0.01522	0.03325	-0.03553	-0.00865	0.06370	0.25464	-4.99669
27081	0.10000	-0.00974	-0.04775	0.04381	0.04322	-0.00974	-0.06076	0.06997	0.18101	-4.99669
27091	0.10000	0.06439	-0.08804	0.07877	0.04581	0.06439	-0.06448	0.06546	0.12118	-9.99339
27101	0.10000	0.06762	-0.03808	0.05932	0.03281	0.06762	-0.00493	0.06548	0.05676	-4.99667
27111	0.10000	0.06762	-0.08643	-0.03712	0.08298	0.06762	-0.06076	0.04248	6.26324	-9.99339
27121	0.10000	0.00154	0.02478	0.02464	0.01629	0.00154	0.02950	0.05791	6.18808	-9.99339
27131	0.10000	-0.05004	0.04090	0.05329	0.00024	-0.05004	0.01833	0.05999	6.12672	-4.98047
27141	0.10000	-0.04359	0.03928	0.03303	0.03488	-0.04359	0.02019	0.05706	6.05922	-4.99669
27151	0.10000	0.01604	0.00544	-0.02040	-0.00909	0.01604	0.01554	0.05191	5.98559	-9.99339
27161	0.10000	0.00960	-0.03163	0.03210	0.00467	0.00960	-0.03098	0.10428	5.90889	-4.98047
27171	0.10000	0.06278	-0.05420	0.06794	0.00436	0.06278	-0.02633	0.06927	5.83987	-9.92871
27181	0.10000	0.06278	-0.04453	0.05221	0.03803	0.06278	-0.01517	0.06564	5.77237	-9.86486
27191	0.10000	0.01927	-0.02518	-0.00940	0.02460	0.01927	-0.01796	0.04910	5.69874	-9.92871
27201	0.10000	-0.00974	0.03767	0.03798	0.00931	-0.00974	0.03787	0.01226	5.61897	-4.99669
27211	0.10000	-0.08550	0.04090	0.08143	-0.02612	-0.08550	-0.00214	0.04333	5.54841	-4.99669
27221	0.10000	-0.05326	-0.01068	0.06680	-0.01515	-0.05326	-0.04308	0.03652	5.48245	-4.98047
27231	0.10000	0.03216	-0.01068	-0.01653	-0.02828	0.03216	0.00624	0.04153	5.41035	-9.96094
27241	0.10000	0.02733	-0.06225	0.06239	0.00120	0.02733	-0.05611	0.04350	5.33672	-4.97892
27251	0.10000	0.06117	-0.05742	0.06765	0.01116	0.06117	-0.03098	0.06766	5.26616	-9.89668
27261	0.10000	0.05956	0.07797	0.10360	-0.09105	0.05956	0.12441	0.04288	5.20173	-4.98047
27271	0.10000	0.00154	0.01511	0.01753	-0.00557	0.00154	0.01833	0.02396	5.12810	-4.99669
27281	0.10000	-0.01458	-0.00262	-0.00330	-0.01824	-0.01458	-0.01144	0.02240	5.04680	-9.83324
27291	0.10000	-0.03714	0.02478	0.03783	0.00001	-0.03714	0.00717	0.05949	4.97010	-9.96094
27301	0.10000	-0.02103	-0.01068	0.03000	-0.01185	-0.02103	-0.02447	0.05754	4.90720	-4.93243
27311	0.10000	0.03216	-0.02841	0.00375	-0.03497	0.03216	-0.01423	0.04906	4.83511	-4.99669
27321	0.10000	0.04022	-0.01874	0.02201	-0.03370	0.04022	0.00158	0.05502	4.74920	-4.99669
27331	0.10000	-0.13868	0.32939	0.33071	0.00450	-0.13868	0.30028	0.24168	4.68018	-4.99669
27341	0.10000	0.10952	-0.02680	0.11206	-0.02193	0.10952	0.03229	0.23281	4.66023	0.00000
27351	0.10000	0.07568	0.02639	0.10513	-0.01321	0.07568	0.07417	0.40457	4.61575	-4.99669
27361	0.10000	-0.05971	0.04573	-0.00934	-0.06175	-0.05971	0.01833	0.02940	4.56359	-4.98047
27371	0.10000	-0.03553	-0.00584	-0.00999	-0.04365	-0.03553	-0.02726	0.02061	4.48229	-9.96094
27381	0.10000	-0.03876	0.01350	0.03535	-0.01726	-0.03876	-0.00679	0.05909	4.40713	-9.99339
27391	0.10000	-0.03876	-0.03485	0.05984	-0.04293	-0.03876	-0.06262	0.07369	4.34423	-4.98047
27401	0.10000	0.01765	-0.04453	0.02765	-0.03530	0.01765	-0.04122	0.06877	4.28134	-4.99669
27411	0.10000	0.01604	-0.03808	0.03822	-0.00089	0.01604	-0.03471	0.02791	4.19851	-9.96094
27421	0.10000	0.05311	-0.03808	0.05453	-0.00487	0.05311	-0.01330	0.07403	4.12641	-9.92871
27431	0.10000	0.05311	0.00544	0.06240	-0.01708	0.05311	0.03694	0.15683	4.06658	-4.98047
27441	0.10000	0.01282	0.03928	0.05187	-0.01605	0.01282	0.05276	0.04417	4.00216	-4.91662
27451	0.10000	-0.00491	0.01672	0.01718	0.00056	-0.00491	0.01647	0.03642	3.92086	-9.99339
27461	0.10000	-0.05004	0.05701	0.06054	0.01423	-0.05004	0.03694	0.02326	3.84722	-9.92871
27471	0.10000	0.00798	-0.01229	-0.00533	-0.01128	0.00798	-0.00958	0.01223	3.78893	-4.99669
27481	0.10000	-0.00813	-0.01229	0.02007	-0.00447	-0.00813	-0.01889	0.05817	3.72144	-4.98047
27491	0.10000	0.01927	-0.01229	0.00837	-0.01762	0.01927	-0.00307	0.04159	3.64014	-9.96094
27501	0.10000	0.03861	-0.05903	0.05571	0.02217	0.03861	-0.04587	0.10638	3.56957	-4.96435
27511	0.10000	0.07245	-0.02841	0.07295	0.00304	0.07245	0.00903	0.05661	3.51128	-9.99339
27521	0.10000	0.04022	-0.01068	0.03374	0.02444	0.04022	0.01089	0.04164	3.44225	-9.99339
27531	0.10000	0.02571	0.02317	0.03684	0.03216	0.02571	0.04160	0.02557	3.36555	-9.99339
27541	0.10000	-0.03553	0.02156	0.03212	-0.01581	-0.03553	0.00438	0.04476	3.29192	-4.99669
27551	0.10000	-0.05165	0.03606	0.05057	0.01582	-0.05165	0.01182	0.03403	3.23056	-4.98047
27561	0.10000	-0.03231	-0.00262	0.03788	0.00885	-0.03231	-0.02168	0.04836	3.16153	-4.94834
27571	0.10000	0.00476	-0.03647	0.03964	0.00027	0.00476	-0.03936	0.02438	3.08330	-9.99339
27581	0.10000	0.03055	-0.04130	0.04241	0.00613	0.03055	-0.03005	0.06265	3.01120	-9.99339
27591	0.10000	0.06923	-0.02841	0.06946	-0.00430	0.06923	0.00717	0.05849	2.94985	-9.99339
27601	0.10000	0.03055	-0.01068	0.02508	0.01823	0.03055	0.00531	0.06482	2.87928	-9.96094
27611	0.10000	0.03216	0.00544	0.02184	0.03427	0.03216	0.02485	0.03234	2.80105	-9.99339
27621	0.10000	-0.00813	0.04090	0.03373	0.02714	-0.00813	0.04253	0.04880	2.73049	-4.99669
27631	0.10000	-0.04681	0.04090	0.04637	0.02119	-0.04681	0.02019	0.06570	2.72435	-9.96094
27641	0.10000	-0.04198	-0.01068	0.05561	0.00263	-0.04198	-0.03657	0.03164	2.59856	-9.96094
27651	0.10000	-0.03070	-0.03163	0.05415	0.03086	-0.03070	-0.05425	0.02107	2.52186	-9.99339
27661	0.10000	0.03861	-0.03969	0.04437	-0.00869	0.03861	-0.02354	0.05783	2.44823	-4.98047
27671	0.10000	0.05634	-0.06225	0.05758	0.03752	0.05634	-0.03936	0.06630	2.38534	-4.96435
27681	0.10000	0.05795	-0.01068	0.05807	0.02078	0.05795	0.02113	0.04186	2.31938	-4.99669
27691	0.10000	0.02733	0.06668	0.09404	0.02259	0.02733	0.09278	0.21809	2.24268	-4.98047
27701	0.10000	-0.00974	0.01350	0.01393	-0.00021	-0.00974	0.00996	0.04904	2.16751	-9.86486
27711	0.10000	-0.05326	0.26654	0.07226	0.27267	-0.05326	0.27702	0.05547	2.10309	-4.96435
27721	0.10000	-0.02747	0.03123	0.00999	0.03260	-0.02747	0.02019	0.04025	2.03866	-9.89668
27731	0.10000	-0.01458	-0.02196	0.03546	0.00979	-0.01458	-0.03378	0.04391	1.96350	-9.99339
27741	0.10000	0.01282	-0.03324	0.03172	0.01087	0.01282	-0.03098	0.20960	1.88373	-4.96435
27751	0.10000	0.06762	-0.07192	0.07250	0.03540	0.06762	-0.04401	0.05962	1.82237	-4.94834
27761	0.10000	0.06762	-0.01713	0.06662	0.02246	0.06762	0.01926	0.04186	1.75641	-9.96094
27771	0.10000	0.03377	0.18756	0.23843	-0.00382	0.03377	0.23608	0.05116	1.67971	-9.96094
27781	0.10000	0.00798	0.02961	0.02446	0.03116	0.00798	0.03881	0.04506	1.60148	-4.91662
27791	0.10000	-0.05326	0.04412	0.05537	0.01335	-0.05326	0.02019	0.04874	1.53858	-4.98047
27801	0.10000	-0.05004	-0.01068	0.06434	-0.00796	-0.05004	-0.04122	0.04289	1.47416	-4.98047
27811	0.10000	-0.00652	0.01027	-0.00641	0.00819	-0.00652	0.00810	0.04551	1.39899	-4.99669
27821	0.10000	0.01604	-0.03163	0.03127	0.00475	0.01604	-0.02726	0.05479	1.31769	-9.99339
27831	0.10000	0.00476	-0.05097	0.01379	0.05459	0.00476	-0.05611	0.08809	1.25480	-4.99669
27841	0.10000	0.01604	-0.02196	0.00646	0.02179	0.01604	-0.01610	0.05655	1.19344	-4.99669
27851	0.10000	0.03055	-0.01874	0.00671	0.03007	0.03055	-0.00400	0.04329	1.12748	-9.99339
27861	0.10000	0.01604	0.03606	0.03721	0.03825	0.01604	0.05090	0.04853	1.05078	-4.98047
27871	0.10000	-0.03070	0.05540	0.04529	0.03210	-0.03070	0.04625	0.04713	0.98788	-4.99650
27881	0.10000	-0.06293	0.01511	0.06570	-0.00011	-0.06293	-0.01889	0.03865	0.92806	-9.92871
27891	0.10000	0.04022	0.00060	-0.04116	-0.02226	0.04022	0.02392	0.02646	0.85750	-4.99669
27901	0.10000	-0.00169	-0.05903	0.06580	0.02127	-0.00169	-0.06914	0.05605	0.78386	-4.99669
27911	0.10000	0.06601	-0.06225	0.07398	-0.00497	0.06601	-0.03378	0.08399	0.71790	-4.98047
27921	0.10000	0.09179	-0.06709	0.09044	0.02908	0.09179	-0.02447	0.18891	0.66421	-4.98047
27931	0.10000	0.06439	-0.02841	0.04902	0.04198	0.06439	0.00438	0.06129	0.59518	-9.99339
27941	0.10000	0.05311	-0.01229	0.01203	0.05429	0.05311	0.01647	0.06973	0.51695	-9.99339
27951	0.10000	-0.02586	0.06346	0.05814	0.02630	-0.02586	0.05835	0.04218	0.44946	-4.99660
27961	0.10000	-0.03876	0.05862	0.04256	0.04175	-0.03876	0.04532	0