--- Terminal on /dev/ttyUSB0 | 115200 8-N-1
--- Available filters and text transformations: colorize, debug, default, direct, esp32_exception_decoder, hexlify, log2file, nocontrol, printable, send_on_enter, time
--- More details at https://bit.ly/pio-monitor-filters
--- Quit: Ctrl+C | Menu: Ctrl+T | Help: Ctrl+T followed by Ctrl+H
MOT: Enable driver.
MOT: Align sensor.
MOT: sensor_direction==CCW
MOT: PP check: OK!
MOT: Zero elec. angle: 0.42
MOT: Align current sense.
CS: Inv B
MOT: Success: 3
MOT: Ready.
MOT: Measuring phase to phase resistance, keep motor still...
MOT: Estimated phase to phase resistance: 7.46
MOT: Measuring inductance, keep motor still...
MOT: Newly estimated electrical zero: 0.11
MOT: Current electrical zero: 0.42
MOT: Inductance measurement complete!
MOT: Measured D-inductance in mH: 0.86
MOT: Measured Q-inductance in mH: 1.74
WARN: MOT: Measured Q inductance is more than twice the D inductance. This is probably wrong. From experience, the lower value is probably close to reality.
0	0.10000	-0.00808	-0.04639	-0.04453	-0.03839	-0.00808	-0.05824	0.01782	1.62295	-0.01650
20487	0.10000	0.02738	-0.00126	-0.00281	0.03078	0.02738	0.01435	0.02720	1.62295	0.00000
20500	0.10000	-0.05966	0.07449	0.07874	0.00419	-0.05966	0.05157	0.05789	1.77788	-4.98047
20510	0.10000	-0.06288	0.03258	0.06286	-0.00196	-0.06288	0.00132	0.05625	1.52784	-9.99339
20520	0.10000	-0.05321	0.03258	0.03857	0.03730	-0.05321	0.00690	0.04570	1.46342	-4.98047
20530	0.10000	-0.03548	-0.00771	0.03399	0.03110	-0.03548	-0.02939	0.03123	1.38672	-4.96435
20540	0.10000	0.04027	-0.09313	0.09137	0.01941	0.04027	-0.08429	0.04455	1.31922	0.00000
20550	0.10000	0.07573	-0.06090	0.08018	0.00371	0.07573	-0.02660	0.08421	1.26247	-4.93243
20560	0.10000	0.07573	-0.04478	0.06840	0.03345	0.07573	-0.00799	0.04990	1.20571	-4.99669
20570	0.10000	-0.00969	-0.01577	-0.02563	0.00193	-0.00969	-0.02381	0.05440	1.13054	-4.98047
20580	0.10000	0.02738	0.03742	0.04293	0.04887	0.02738	0.05901	0.04793	1.05384	-4.93243
20590	0.10000	-0.05160	0.06159	0.06412	0.01609	-0.05160	0.04133	0.05254	0.99249	-4.91662
20600	0.10000	-0.05160	0.04709	0.04806	0.03093	-0.05160	0.02458	0.07492	0.93880	-4.99669
20610	0.10000	-0.03548	0.02936	0.01443	0.03508	-0.03548	0.01342	0.04673	0.87284	-9.99339
20620	0.10000	-0.09350	-0.01255	0.05958	0.09940	-0.09350	-0.06847	0.05913	0.79460	-4.99669
20630	0.10000	0.01932	-0.08507	0.07101	0.05397	0.01932	-0.08708	0.09426	0.72864	-4.98047
20640	0.10000	0.04994	-0.07863	0.05560	0.05693	0.04994	-0.06196	0.09625	0.67342	-4.94834
20650	0.10000	0.04188	-0.06251	0.00660	0.06336	0.04188	-0.04800	0.07422	0.60746	-9.96094
20660	0.10000	0.02415	-0.00288	0.01290	0.02301	0.02415	0.01062	0.05815	0.52922	-9.96094
20670	0.10000	0.01126	0.04225	0.03738	0.04226	0.01126	0.05529	0.09876	0.46326	-4.93243
20680	0.10000	-0.05321	0.07287	0.06604	0.03639	-0.05321	0.05343	0.04631	0.40497	-4.96435
20690	0.10000	-0.00163	0.04870	-0.01957	0.05173	-0.00163	0.05529	0.06554	0.34208	-4.99660
20700	0.10000	-0.07900	0.01485	0.05508	0.06338	-0.07900	-0.02846	0.06259	0.26691	-4.99660
20710	0.10000	-0.01130	-0.03189	0.03534	0.02752	-0.01130	-0.04335	0.08784	0.19635	-4.99669
20720	0.10000	0.05800	-0.09958	0.08794	0.04766	0.05800	-0.08150	0.07982	0.13652	-9.96089
20730	0.10000	0.07895	-0.05123	0.07509	0.02790	0.07895	-0.01357	0.05298	0.07517	-4.96433
20740	0.10000	0.06767	-0.05123	0.02224	0.06699	0.06767	-0.02008	0.03392	0.00307	-4.99668
20750	0.10000	0.04349	0.01646	0.03280	0.05256	0.04349	0.04412	0.05712	6.21109	-9.96094
20760	0.10000	-0.01936	0.06482	0.05166	0.04194	-0.01936	0.06366	0.10093	6.14513	-4.99669
20770	0.10000	-0.05160	0.05192	0.04954	0.03342	-0.05160	0.03016	0.05502	6.08377	-4.98047
20780	0.10000	-0.04354	0.02291	0.02862	0.03284	-0.04354	0.00132	0.05667	6.01474	-9.99183
20790	0.10000	-0.02420	-0.01255	0.02688	0.02594	-0.02420	-0.02846	0.10680	5.93957	-4.94834
20800	0.10000	0.01448	-0.05767	0.04792	0.03612	0.01448	-0.05824	0.07154	5.86748	-4.94834
20810	0.10000	0.04994	-0.06251	0.04873	0.04471	0.04994	-0.04335	0.07844	5.80152	-4.98047
20820	0.10000	0.05961	-0.01255	0.05712	0.02623	0.05961	0.01993	0.05425	5.73709	-4.98047
20830	0.10000	0.03705	0.03581	0.06301	0.03655	0.03705	0.06273	0.03645	5.66192	-4.99669
20840	0.10000	0.01287	0.04225	0.02899	0.04985	0.01287	0.05622	0.02131	5.58676	-9.96094
20850	0.10000	-0.06127	0.04064	0.06170	0.00891	-0.06127	0.01155	0.05839	5.52233	-4.96435
20860	0.10000	-0.04354	-0.01093	0.05760	-0.00184	-0.04354	-0.03776	0.02819	5.45637	-4.98047
20870	0.10000	-0.00808	-0.02705	0.03623	0.00648	-0.00808	-0.03590	0.01546	5.37660	-4.99669
20880	0.10000	0.02738	-0.05767	0.05474	0.01824	0.02738	-0.05079	0.02780	5.30144	-4.99669
20890	0.10000	0.06606	-0.05445	0.06551	0.02615	0.06606	-0.02474	0.04920	5.23241	-4.96435
20900	0.10000	0.05155	-0.02866	0.03680	0.03625	0.05155	-0.00333	0.04716	5.16952	-4.94834
20910	0.10000	0.01771	0.00518	0.01645	0.01748	0.01771	0.01621	0.02862	5.08975	-9.96094
20920	0.10000	-0.05321	0.00035	0.02268	-0.05688	-0.05321	-0.03032	0.02167	5.00691	-4.99669
20930	0.10000	-0.03709	-0.00610	0.03939	-0.02517	-0.03709	-0.02846	0.05873	4.94095	-9.92871
20940	0.10000	-0.00486	-0.19306	0.16707	-0.15187	-0.00486	-0.22573	0.04269	4.87499	-9.99339
20950	0.10000	0.02254	-0.03672	0.03084	-0.02051	0.02254	-0.02939	0.02496	4.79522	-9.89668
20960	0.10000	0.02899	-0.02222	0.02931	-0.00780	0.02899	-0.00892	0.05356	4.71086	-9.86486
20970	0.10000	0.01609	0.04870	0.02677	-0.06193	0.01609	0.06552	0.02429	4.65410	-4.98047
20980	0.10000	0.03705	-0.00126	0.04188	0.00401	0.03705	0.01993	0.08806	4.61115	-4.96435
20990	0.10000	-0.07577	0.04064	-0.01612	-0.07410	-0.07577	0.00318	0.01998	4.54058	-9.96094
21000	0.10000	-0.01936	0.01324	0.01505	-0.01285	-0.01936	0.00411	0.04215	4.45621	-9.96094
21010	0.10000	-0.07255	0.01808	0.07039	-0.02737	-0.07255	-0.02101	0.05640	4.38719	-9.99339
21020	0.10000	0.17082	-0.02222	-0.18321	-0.03059	0.17082	0.07297	0.08466	4.32429	-4.99669
21030	0.10000	0.04188	-0.05445	0.02666	-0.05040	0.04188	-0.03869	0.06950	4.25526	-4.98047
21040	0.10000	0.03382	-0.04156	0.04330	-0.00889	0.03382	-0.02846	0.05919	4.17243	-9.96094
21050	0.10000	0.06767	-0.04317	0.06851	0.00105	0.06767	-0.01078	0.07227	4.10647	-9.99339
21060	0.10000	0.06606	0.01002	0.08198	-0.01070	0.06606	0.04971	0.05048	4.04664	-9.99339
21070	0.10000	0.00642	0.01969	0.02713	-0.00203	0.00642	0.02644	0.15329	3.97454	-9.89668
21080	0.10000	-0.00808	0.01969	0.01959	0.00284	-0.00808	0.01807	0.01823	3.89478	-4.99669
21090	0.10000	-0.05804	0.11961	0.08037	0.08861	-0.05804	0.10461	0.03813	3.82728	-4.94834
21100	0.10000	-0.04999	-0.01416	0.06352	-0.02254	-0.04999	-0.04521	0.01334	3.77206	-9.99339
21110	0.10000	-0.00808	0.22115	-0.22010	0.12029	-0.00808	0.25070	0.12729	3.70303	-4.99669
21120	0.10000	0.02738	-0.02705	0.02537	-0.01854	0.02738	-0.01543	0.04118	3.62173	-4.98047
21130	0.10000	0.05478	-0.06251	0.06600	0.01701	0.05478	-0.04056	0.08145	3.55577	-4.96435
21140	0.10000	0.06283	-0.03995	0.05740	0.02739	0.06283	-0.00985	0.04431	3.49441	-9.99339
21150	0.10000	0.04027	-0.00288	0.03648	0.02623	0.04027	0.01993	0.01384	3.41924	-9.96094
21160	0.10000	0.06445	0.03258	0.04768	0.08647	0.06445	0.07483	0.00152	3.34408	-4.98047
21170	0.10000	-0.02742	0.03742	0.03645	0.01313	-0.02742	0.02737	0.05242	3.27505	-4.96435
21180	0.10000	-0.03548	0.02613	0.03222	0.01773	-0.03548	0.00969	0.05763	3.21216	-4.98047
21190	0.10000	-0.01130	0.00679	0.00504	0.01020	-0.01130	0.00132	0.02748	3.14159	-4.99669
21200	0.10000	0.00804	-0.02061	0.02068	-0.00197	0.00804	-0.01915	0.05493	3.06183	-4.98047
21210	0.10000	0.06606	-0.05929	0.07254	-0.00452	0.06606	-0.03032	0.06810	2.99586	-9.96094
21220	0.10000	0.06767	-0.05284	0.06256	0.03386	0.06767	-0.02194	0.06568	2.93144	-4.99669
21230	0.10000	0.04672	-0.02544	0.02487	0.03962	0.04672	-0.00240	0.04286	2.85934	-4.98047
21240	0.10000	0.03221	0.00679	0.01834	0.03742	0.03221	0.02644	0.08830	2.78418	-9.89668
21250	0.10000	-0.03548	0.05837	0.05504	0.02074	-0.03548	0.04691	0.04068	2.71515	-4.98047
21260	0.10000	-0.05643	0.01485	0.05807	-0.00708	-0.05643	-0.01543	0.04464	2.64918	-4.98047
21270	0.10000	-0.02420	-0.01255	0.03735	0.00019	-0.02420	-0.02846	0.03741	2.58322	-9.89668
21280	0.10000	-0.02581	-0.01899	0.03274	0.03083	-0.02581	-0.03683	0.05719	2.50652	-4.93243
21290	0.10000	0.06283	-0.07057	0.07740	-0.00076	0.06283	-0.04521	0.05604	2.43443	-4.99669
21300	0.10000	0.07250	-0.07218	0.06996	0.04564	0.07250	-0.04149	0.04159	2.37307	-4.98047
21310	0.10000	0.06767	-0.01899	0.05941	0.03664	0.06767	0.01714	0.04808	2.30404	-9.96094
21320	0.10000	0.03221	0.01324	0.03314	0.03298	0.03221	0.03389	0.12523	2.23194	-4.93243
21330	0.10000	0.00481	0.06159	0.04516	0.05868	0.00481	0.07390	0.05046	2.15831	-4.99669
21340	0.10000	-0.05804	0.05031	0.05873	0.02288	-0.05804	0.02458	0.04689	2.09542	-4.98047
21350	0.10000	-0.05643	-0.00126	0.06529	0.00898	-0.05643	-0.03404	0.03390	2.02946	-4.99669
21360	0.10000	-0.01936	-0.02866	0.04596	0.01493	-0.01936	-0.04428	0.05074	1.95429	-4.99669
21370	0.10000	0.00159	-0.04478	0.03725	0.03456	0.00159	-0.05079	0.06072	1.87759	-9.96094
21380	0.10000	0.07734	-0.05123	0.07850	0.00540	0.07734	-0.01450	0.07527	1.81777	-4.98047
21390	0.10000	0.08862	-0.01899	0.08941	0.02671	0.08862	0.02923	0.06231	1.75181	-9.96094
21400	0.10000	0.05800	-0.01093	0.02847	0.05466	0.05800	0.02086	0.03973	1.67357	-9.89668
21410	0.10000	-0.00808	0.01808	0.01756	0.00441	-0.00808	0.01621	0.03238	1.59687	-4.96435
21420	0.10000	-0.03548	0.03742	0.03824	0.01768	-0.03548	0.02272	0.06314	1.53398	-4.98047
21430	0.10000	-0.09028	0.02452	0.08926	0.02737	-0.09028	-0.02381	0.05924	1.47109	-9.96094
21440	0.10000	-0.03548	-0.00932	0.03831	0.02771	-0.03548	-0.03125	0.01838	1.39592	-14.94141
21450	0.10000	0.01448	-0.06090	0.05751	0.02723	0.01448	-0.06196	0.02957	1.31616	-9.92871
21460	0.10000	0.06767	-0.07379	0.07623	0.02996	0.06767	-0.04614	0.08693	1.25633	-4.94834
21470	0.10000	0.07089	0.00679	0.08506	-0.01301	0.07089	0.04878	0.05695	1.19344	-4.99669
21480	0.10000	0.03060	0.13573	0.17541	-0.02404	0.03060	0.17440	0.05174	1.11674	-4.98047
21490	0.10000	0.02093	0.04064	0.03933	0.04871	0.02093	0.05901	0.05275	1.04157	-9.89668
21500	0.10000	-0.04354	0.06965	0.05838	0.03929	-0.04354	0.05529	0.05845	0.98021	-9.96094
21510	0.10000	-0.04032	-0.00932	0.04916	-0.01915	-0.04032	-0.03404	0.05758	0.92039	-9.99339
21520	0.10000	-0.02742	0.02291	0.00378	0.02916	-0.02742	0.01062	0.05662	0.84983	-4.96435
21530	0.10000	-0.02742	-0.05606	0.06563	0.05418	-0.02742	-0.08057	0.06770	0.77159	-4.99669
21540	0.10000	0.06606	-0.06412	0.07517	0.00110	0.06606	-0.03590	0.09783	0.70870	-4.98047
21550	0.10000	0.06606	-0.05123	0.06244	0.03009	0.06606	-0.02101	0.07317	0.65348	-4.93243
21560	0.10000	0.04511	-0.02544	0.02541	0.03741	0.04511	-0.00333	0.10756	0.57984	-9.92871
21570	0.10000	0.04833	0.01969	0.04154	0.05634	0.04833	0.05064	0.05027	0.50468	-4.93243
21580	0.10000	-0.03548	0.07287	0.06739	0.02774	-0.03548	0.06366	0.05794	0.44025	-4.98037
21590	0.10000	-0.05804	0.06320	0.05985	0.03667	-0.05804	0.03947	0.07081	0.38350	-5.01302
21600	0.10000	-0.05966	0.03742	0.04021	0.04493	-0.05966	0.00876	0.03601	0.31447	-9.99339
21610	0.10000	-0.03065	-0.01899	0.04059	0.02935	-0.03065	-0.03962	0.02479	0.23623	-4.99669
21620	0.10000	0.02093	-0.06251	0.05881	0.02431	0.02093	-0.06010	0.08755	0.17027	-4.99669
21630	0.10000	0.07412	-0.08669	0.08341	0.04264	0.07412	-0.05730	0.07844	0.11045	-4.98047
21640	0.10000	0.06606	-0.06412	0.03929	0.06410	0.06606	-0.03590	0.09987	0.04602	-4.94833
21650	0.10000	0.07895	-0.01577	0.04638	0.06950	0.07895	0.02737	0.06438	6.25097	-4.99669
21660	0.10000	-0.00163	0.02291	0.02212	0.01281	-0.00163	0.02551	0.05827	6.17887	-4.98047
21670	0.10000	-0.04999	0.04225	0.05367	0.00390	-0.04999	0.01993	0.06594	6.11905	-4.91662
21680	0.10000	-0.05321	0.01646	0.05318	0.01184	-0.05321	-0.01171	0.04765	6.05002	-4.96435
21690	0.10000	-0.04354	-0.00288	0.04088	0.03216	-0.04354	-0.02846	0.04301	5.97639	-14.99008
21700	0.10000	-0.00969	0.19375	-0.19591	-0.09638	-0.00969	0.21813	0.06298	5.90122	-9.99339
21710	0.10000	0.05639	-0.08669	0.07430	0.04712	0.05639	-0.06754	0.07302	5.83373	-4.98047
21720	0.10000	0.06283	-0.05445	0.04757	0.04891	0.06283	-0.02660	0.06800	5.76777	-4.96435
21730	0.10000	0.04349	-0.00771	0.03056	0.03493	0.04349	0.01621	0.03233	5.69414	-9.99339
21740	0.10000	0.00481	0.01646	0.01684	0.01464	0.00481	0.02179	0.05206	5.61744	-9.99339
21750	0.10000	-0.04837	0.03419	0.04932	-0.00640	-0.04837	0.01155	0.04365	5.55301	-4.91662
21760	0.10000	-0.05804	0.22599	-0.02625	0.23324	-0.05804	0.22744	0.04068	5.48705	-9.92871
21770	0.10000	0.00804	-0.00126	-0.00635	-0.00586	0.00804	0.00318	0.04684	5.41495	-4.98047
21780	0.10000	0.01448	-0.04478	0.04552	0.00405	0.01448	-0.04335	0.02210	5.33672	-4.98047
21790	0.10000	0.05800	-0.06251	0.06682	0.01988	0.05800	-0.03869	0.06791	5.26155	-9.96094
21800	0.10000	0.09507	-0.03350	0.09438	0.01982	0.09507	0.01621	0.06854	5.19866	-4.90091
21810	0.10000	0.02576	0.01324	0.03804	0.01127	0.02576	0.03016	0.01156	5.12656	-4.99669
21820	0.10000	-0.00969	-0.00771	-0.00820	-0.01540	-0.00969	-0.01450	0.02534	5.04373	-9.96094
21830	0.10000	-0.02742	0.03742	0.03303	0.02024	-0.02742	0.02737	0.04689	4.96856	-4.99669
21840	0.10000	-0.01130	-0.00932	0.01812	-0.00992	-0.01130	-0.01729	0.05989	4.90414	-9.99339
21850	0.10000	0.01609	-0.04317	0.03294	-0.02861	0.01609	-0.04056	0.03228	4.83204	-4.94834
21860	0.10000	0.03705	-0.03189	0.03381	-0.02161	0.03705	-0.01543	0.03875	4.74614	-4.96435
21870	0.10000	0.06767	-0.01899	0.06555	-0.02399	0.06767	0.01714	0.05441	4.67251	-9.96094
21880	0.10000	0.05316	0.01646	0.07182	-0.01179	0.05316	0.04971	0.02987	4.60961	-9.99339
21890	0.10000	-0.00486	0.00679	0.00384	-0.00585	-0.00486	0.00504	0.09567	4.53752	-9.99339
21900	0.10000	-0.01775	0.01808	0.01960	-0.00662	-0.01775	0.01062	0.04717	4.45315	-9.92871
21910	0.10000	-0.03709	0.01324	0.03655	-0.00878	-0.03709	-0.00613	0.05660	4.38412	-4.99669
21920	0.10000	-0.04515	-0.02544	0.06895	-0.01891	-0.04515	-0.05544	0.08466	4.32122	-9.99339
21930	0.10000	0.03866	-0.03350	0.00800	-0.04121	0.03866	-0.01636	0.03120	4.25066	-9.96094
21940	0.10000	0.04994	-0.05284	0.05711	-0.01636	0.04994	-0.03218	0.04438	4.16783	-9.89668
21950	0.10000	0.05316	-0.02222	0.05230	-0.01079	0.05316	0.00504	0.11269	4.10340	-4.93243
21960	0.10000	0.04994	-0.00610	0.05397	0.00748	0.04994	0.02179	0.06217	4.04204	-4.99669
21970	0.10000	-0.01130	0.01485	0.00733	-0.01367	-0.01130	0.01062	0.02734	3.96841	-4.98047
21980	0.10000	-0.00647	0.00518	0.00564	-0.00389	-0.00647	0.00225	0.08839	3.88864	-9.99339
21990	0.10000	-0.05643	0.01002	0.05177	-0.03075	-0.05643	-0.02101	0.07253	3.82268	-4.98047
22000	0.10000	-0.08061	-0.02544	0.10598	-0.03206	-0.08061	-0.07592	0.02694	3.76439	-9.92871
22010	0.10000	-0.01130	-0.02544	0.03764	-0.00041	-0.01130	-0.03590	0.03226	3.68922	-9.96094
22020	0.10000	0.03060	-0.01577	0.01632	-0.02589	0.03060	-0.00054	0.04133	3.61099	-4.98047
22030	0.10000	0.07089	-0.06251	0.07662	0.01144	0.07089	-0.03125	0.07806	3.54656	-4.98047
22040	0.10000	0.04027	-0.03350	0.03135	0.02962	0.04027	-0.01543	0.06530	3.48520	-9.89668
22050	0.10000	0.03060	-0.00610	0.02096	0.02469	0.03060	0.01062	0.01821	3.40851	-9.96094
22060	0.10000	-0.01775	0.01324	0.01303	-0.01306	-0.01775	0.00504	0.05464	3.33027	-9.96094
22070	0.10000	-0.03548	0.05192	0.04655	0.02549	-0.03548	0.03947	0.05948	3.26585	-9.96094
22080	0.10000	-0.04032	0.01969	0.03800	0.01348	-0.04032	-0.00054	0.05297	3.20295	-4.98047
22090	0.10000	-0.00969	0.01324	-0.00485	0.01282	-0.00969	0.00969	0.02810	3.12625	-4.99669
22100	0.10000	-0.00486	-0.03189	0.03420	0.02060	-0.00486	-0.03962	0.05905	3.05109	-4.98047
22110	0.10000	0.06606	-0.07379	0.07902	0.01833	0.06606	-0.04707	0.07026	2.98513	-4.99669
22120	0.10000	0.04511	-0.04800	0.03438	0.04143	0.04511	-0.02939	0.06334	2.92070	-9.92871
22130	0.10000	0.04672	-0.01093	0.03419	0.03491	0.04672	0.01435	0.02670	2.84707	-9.99339
22140	0.10000	0.12730	0.01646	0.03816	0.15266	0.12730	0.09251	0.11284	2.77190	-9.99339
22150	0.10000	-0.03065	0.05837	0.04958	0.03085	-0.03065	0.04971	0.05975	2.70594	-4.94834
22160	0.10000	-0.03709	0.03419	0.03155	0.02659	-0.03709	0.01807	0.05233	2.63998	-4.99669
22170	0.10000	-0.03709	0.00679	0.03090	0.02460	-0.03709	-0.01357	0.04865	2.56942	-9.96094
22180	0.10000	-0.02420	-0.04317	0.05536	0.03992	-0.02420	-0.06382	0.03982	2.49579	-9.92871
22190	0.10000	0.03866	-0.08346	0.07014	0.04538	0.03866	-0.07405	0.06318	2.42522	-4.96435
22200	0.10000	0.06767	-0.06090	0.06114	0.04264	0.06767	-0.03125	0.07239	2.36233	-9.86486
22210	0.10000	0.08379	-0.04639	0.04670	0.06975	0.08379	-0.00520	0.05740	2.29330	-9.92871
22220	0.10000	0.04188	0.01646	0.03525	0.04875	0.04188	0.04319	0.05224	2.21660	-4.94834
22230	0.10000	-0.01130	0.04870	0.03749	0.03453	-0.01130	0.04971	0.06109	2.14604	-4.93243
22240	0.10000	-0.06449	0.02936	0.06453	0.00241	-0.06449	-0.00333	0.05122	2.08468	-4.99669
22250	0.10000	-0.04676	-0.00449	0.05569	0.01099	-0.04676	-0.03218	0.04984	2.01718	-4.98047
22260	0.10000	-0.03548	0.00679	0.01072	0.03611	-0.03548	-0.01264	0.05370	1.94202	-9.89668
22270	0.10000	0.03382	-0.05123	0.05098	0.01074	0.03382	-0.03962	0.07866	1.86685	-9.96094
22280	0.10000	0.06928	-0.06251	0.06923	0.03229	0.06928	-0.03218	0.05879	1.80703	-4.94834
22290	0.10000	0.06767	-0.01255	0.06689	0.02661	0.06767	0.02458	0.04920	1.73953	-4.99669
22300	0.10000	0.03060	0.18086	0.22595	0.03439	0.03060	0.22651	0.05014	1.65977	-9.96094
22310	0.10000	-0.00808	0.03258	0.02728	0.02018	-0.00808	0.03296	0.05025	1.58307	-9.99339
22320	0.10000	-0.03709	0.06482	0.03895	0.05208	-0.03709	0.05343	0.05820	1.52324	-4.99669
22330	0.10000	-0.03870	0.01485	0.03349	0.02008	-0.03870	-0.00520	0.23235	1.46035	-4.98047
22340	0.10000	-0.03548	-0.01093	0.03553	0.03306	-0.03548	-0.03311	0.02124	1.38212	-9.83324
22350	0.10000	0.05639	-0.04156	0.05139	-0.02786	0.05639	-0.01543	0.05840	1.30542	-4.98047
22360	0.10000	0.06767	-0.04800	0.06885	0.01028	0.06767	-0.01636	0.07371	1.24252	-4.99669
22370	0.10000	0.07089	-0.02061	0.06854	0.02492	0.07089	0.01714	0.30488	1.18117	-4.99669
22380	0.10000	0.05316	-0.03833	-0.00595	0.05454	0.05316	-0.01357	0.03475	1.10140	-4.99669
22390	0.10000	0.03866	0.02936	0.01682	0.06612	0.03866	0.05622	0.05692	1.02777	-9.99300
22400	0.10000	-0.03709	0.02613	0.03808	0.00147	-0.03709	0.00876	0.06456	0.96948	-9.99339
22410	0.10000	-0.04837	0.03258	0.03940	0.02969	-0.04837	0.00969	0.06496	0.90812	-4.98047
22420	0.10000	-0.05160	0.01646	0.02614	0.04577	-0.05160	-0.01078	0.04437	0.83142	-4.99669
22430	0.10000	0.00804	-0.08669	0.08708	0.03992	0.00804	-0.09546	0.05540	0.75932	-4.98047
22440	0.10000	0.06928	-0.06251	0.07620	0.00532	0.06928	-0.03218	0.09021	0.69950	-4.98047
22450	0.10000	0.07250	-0.05445	0.06403	0.03998	0.07250	-0.02101	0.06134	0.63967	-9.83324
22460	0.10000	0.06767	-0.03189	0.03451	0.05825	0.06767	0.00225	0.05000	0.56297	-4.99669
22470	0.10000	-0.00163	0.01163	0.01231	0.00265	-0.00163	0.01248	0.07833	0.48934	-9.99339
22480	0.10000	-0.03065	-0.08991	-0.03581	-0.12008	-0.03065	-0.12151	0.08652	0.42951	-4.96435
22490	0.10000	0.00965	0.05837	-0.01719	0.07156	0.00965	0.07297	0.06220	0.36969	-9.99339
22500	0.10000	-0.13057	0.03742	0.10929	0.07835	-0.13057	-0.03218	0.05768	0.29913	-9.96085
22510	0.10000	-0.02420	-0.04800	0.06655	0.03119	-0.02420	-0.06940	0.06414	0.22396	-4.99669
22520	0.10000	0.04027	-0.10280	0.09191	0.04782	0.04027	-0.09546	0.08522	0.15800	-9.99339
22530	0.10000	0.06767	-0.06251	0.06926	0.02964	0.06767	-0.03311	0.08459	0.09817	-4.99667
22540	0.10000	0.06767	-0.03833	0.04958	0.04634	0.06767	-0.00520	0.07694	0.03068	-9.96091
22550	0.10000	0.06767	0.01163	0.05595	0.06484	0.06767	0.05250	0.02953	6.23717	-4.98047
22560	0.10000	-0.01453	0.06482	0.05884	0.03413	-0.01453	0.06646	0.04312	6.16660	-9.96094
22570	0.10000	-0.03870	0.05676	0.04490	0.03670	-0.03870	0.04319	0.06876	6.10524	-4.99669
22580	0.10000	-0.03548	0.03258	0.02060	0.03359	-0.03548	0.01714	0.05542	6.03775	-4.98047
22590	0.10000	-0.04354	-0.01093	0.04408	0.03712	-0.04354	-0.03776	0.04080	5.96105	-9.99339
22600	0.10000	0.01609	-0.04478	0.04346	0.01301	0.01609	-0.04242	0.07244	5.88742	-4.98047
22610	0.10000	0.04027	-0.04639	0.04493	0.02285	0.04027	-0.03032	0.06889	5.81992	-4.98047
22620	0.10000	0.06606	-0.02222	0.06282	0.02392	0.06606	0.01248	0.21878	5.75550	-4.99669
22630	0.10000	0.04027	-0.02705	-0.00010	0.04105	0.04027	-0.00799	0.04614	5.67726	-4.96435
22640	0.10000	-0.00325	0.03903	0.03594	0.02418	-0.00325	0.04319	0.01162	5.59903	-9.96094
22650	0.10000	0.18049	0.04064	-0.15689	0.17549	0.18049	0.15113	0.05170	5.53307	-4.98047
22660	0.10000	-0.03548	0.01324	0.03250	0.01514	-0.03548	-0.00520	0.04380	5.46711	-9.99339
22670	0.10000	-0.01936	-0.02866	0.04702	0.01115	-0.01936	-0.04428	0.01429	5.39041	-9.99339
22680	0.10000	0.01609	-0.04156	0.04019	0.01186	0.01609	-0.03869	0.02854	5.31218	-4.96435
22690	0.10000	0.06445	-0.06573	0.06733	0.03343	0.06445	-0.03869	0.11634	5.24161	-4.94834
22700	0.10000	0.03705	-0.20595	0.19147	0.10747	0.03705	-0.21642	0.19144	5.17872	-4.96435
22710	0.10000	0.03221	0.02613	0.05710	0.01250	0.03221	0.04878	0.03050	5.12350	-9.99339
22720	0.10000	-0.09189	0.02613	0.02328	-0.09178	-0.09189	-0.02288	0.02095	5.04219	-4.98047
22730	0.10000	-0.08706	0.03903	0.08345	-0.02530	-0.08706	-0.00520	0.04925	4.96856	-4.99669
22740	0.10000	-0.03709	-0.03350	0.06104	-0.03552	-0.03709	-0.06010	0.03718	4.90414	-9.96094
22750	0.10000	-0.01453	-0.01416	0.02815	0.00552	-0.01453	-0.02474	0.04423	4.83357	-9.96094
22760	0.10000	0.03382	-0.06412	0.06372	-0.00746	0.03382	-0.05451	0.07234	4.76454	-4.98047
22770	0.10000	0.06767	-0.05767	0.07302	0.00223	0.06767	-0.02753	0.06764	4.69398	-4.98047
22780	0.10000	0.06283	0.00679	0.07386	-0.02095	0.06283	0.04412	0.04614	4.63262	-4.99669
22790	0.10000	0.01126	0.04064	0.05240	-0.01534	0.01126	0.05343	0.09536	4.56359	-9.89668
22800	0.10000	-0.00969	0.00679	0.00559	-0.00823	-0.00969	0.00225	0.13248	4.48229	-4.98047
22810	0.10000	-0.05643	0.02291	0.05191	-0.02296	-0.05643	-0.00613	0.07597	4.40406	-4.99669
22820	0.10000	-0.01614	-0.01093	0.02293	-0.01470	-0.01614	-0.02194	0.09092	4.34423	-4.98047
22830	0.10000	-0.00486	-0.03511	0.04044	-0.01634	-0.00486	-0.04335	0.05126	4.27827	-9.96094
22840	0.10000	0.03382	-0.03833	0.03556	-0.02216	0.03382	-0.02474	0.04311	4.19544	-4.93243
22850	0.10000	0.04027	-0.04156	0.04627	0.00965	0.04027	-0.02474	0.23362	4.12334	-4.96435
22860	0.10000	0.06606	-0.02705	0.06473	0.01486	0.06606	0.00690	0.04330	4.06198	-4.94834
22870	0.10000	0.01609	0.02291	0.03889	-0.00493	0.01609	0.03575	0.03757	3.99755	-9.99339
22880	0.10000	-0.01453	-0.01093	-0.01486	-0.02078	-0.01453	-0.02101	0.01439	3.91472	-9.92871
22890	0.10000	-0.02742	0.03742	0.03614	0.01396	-0.02742	0.02737	0.04464	3.84416	-9.86486
22900	0.10000	-0.07094	0.01324	0.07488	-0.00915	-0.07094	-0.02567	0.06581	3.78433	-4.99669
22910	0.10000	-0.03548	-0.03350	0.06877	-0.00548	-0.03548	-0.05917	0.01337	3.71684	-4.99669
22920	0.10000	-0.00325	-0.02061	0.02383	0.01008	-0.00325	-0.02567	0.04297	3.63707	-9.99339
22930	0.10000	0.05316	-0.06251	0.06639	0.01183	0.05316	-0.04149	0.05907	3.56497	-4.99669
22940	0.10000	0.05155	-0.04639	0.04726	0.03147	0.05155	-0.02381	0.18802	3.50821	-4.98047
22950	0.10000	0.02738	0.00196	0.03120	0.01013	0.02738	0.01807	0.01577	3.43612	-4.99669
22960	0.10000	0.00804	0.01808	0.02313	0.01343	0.00804	0.02551	0.11375	3.35635	-4.98047
22970	0.10000	-0.03548	0.05192	0.05122	0.01389	-0.03548	0.03947	0.04428	3.28732	-4.98047
22980	0.10000	-0.04515	0.01002	0.04638	-0.00986	-0.04515	-0.01450	0.04068	3.22596	-4.99669
22990	0.10000	0.01609	0.00035	-0.01784	-0.00588	0.01609	0.00969	0.04797	3.15540	-4.98047
23000	0.10000	-0.00969	-0.03189	0.04075	0.01525	-0.00969	-0.04242	0.04037	3.07717	-9.99339
23010	0.10000	0.02415	-0.05767	0.05046	0.02845	0.02415	-0.05265	0.06803	3.00660	-4.98047
23020	0.10000	0.06767	-0.03672	0.06753	0.00541	0.06767	-0.00333	0.05919	2.94678	-4.94834
23030	0.10000	0.06606	-0.01255	0.06330	0.03027	0.06606	0.02365	0.04112	2.87468	-4.99669
23040	0.10000	-0.01130	0.02130	0.01907	-0.00951	-0.01130	0.01807	0.04992	2.79645	-9.96094
23050	0.10000	-0.00808	0.04386	0.03574	0.03003	-0.00808	0.04598	0.05710	2.72588	-9.99339
23060	0.10000	-0.04676	0.04064	0.04619	0.02121	-0.04676	0.01993	0.04068	2.66146	-9.96017
23070	0.10000	-0.05321	-0.00288	0.06209	0.01156	-0.05321	-0.03404	0.02886	2.59550	-9.99339
23080	0.10000	-0.01614	-0.02061	0.03396	-0.01427	-0.01614	-0.03311	0.05178	2.51880	239.84055
23090	0.10000	0.00642	-0.06573	0.05860	0.04265	0.00642	-0.07219	0.08085	2.45437	-4.98047
23100	0.10000	0.04349	-0.06251	0.05114	0.03862	0.04349	-0.04707	0.08814	2.39454	-4.91662
23110	0.10000	0.05155	-0.05284	0.02864	0.05304	0.05155	-0.03125	0.06858	2.32858	-4.96435
23120	0.10000	0.05155	-0.00932	0.03025	0.04586	0.05155	0.01900	0.03899	2.25342	-4.94834
23130	0.10000	0.01126	0.01324	0.01206	0.02136	0.01126	0.02179	0.06020	2.18132	-9.92871
23140	0.10000	-0.03387	0.03742	0.03864	0.01459	-0.03387	0.02365	0.06157	2.11536	-4.99669
23150	0.10000	-0.03548	0.01808	0.03188	0.01557	-0.03548	0.00039	0.03613	2.05247	-9.92871
23160	0.10000	-0.03387	-0.02544	0.05807	0.01301	-0.03387	-0.04893	0.05913	1.98190	-4.94834
23170	0.10000	-0.01453	-0.04800	0.05009	0.04213	-0.01453	-0.06382	0.06749	1.90214	-4.96435
23180	0.10000	0.04027	-0.08024	0.05910	0.05426	0.04027	-0.06940	0.07469	1.83618	-9.99300
23190	0.10000	0.05961	-0.04639	0.04854	0.03954	0.05961	-0.01915	0.06684	1.77328	-9.99339
23200	0.10000	0.04027	-0.02866	0.00819	0.04064	0.04027	-0.00985	0.05677	1.70118	-4.98047
23210	0.10000	0.01609	-0.00288	-0.00143	0.01711	0.01609	0.00597	0.05200	1.62295	-14.89306
23220	0.10000	-0.03065	0.06159	0.04734	0.03940	-0.03065	0.05343	0.06253	1.55392	-4.99669
23230	0.10000	-0.05643	0.02936	0.05317	0.01895	-0.05643	0.00132	0.06750	1.49103	-4.98047
23240	0.10000	-0.02420	0.01163	0.01262	0.02065	-0.02420	-0.00054	0.04865	1.42353	-9.99339
23250	0.10000	0.00481	-0.02222	0.02301	0.00413	0.00481	-0.02288	0.05642	1.34070	-4.99669
23260	0.10000	0.07089	-0.05767	0.07525	-0.00469	0.07089	-0.02567	0.08913	1.27320	-4.98047
23270	0.10000	0.07573	-0.06090	0.06686	0.04440	0.07573	-0.02660	0.08002	1.21338	-4.99669
23280	0.10000	0.04672	-0.03511	0.01424	0.04651	0.04672	-0.01357	0.09943	1.14282	-9.92871
23290	0.10000	0.03382	0.01646	0.02693	0.04363	0.03382	0.03854	0.04243	1.06458	-9.86486
23300	0.10000	-0.03709	0.06320	0.05765	0.02667	-0.03709	0.05157	0.04584	0.99862	-4.98047
23310	0.10000	-0.04999	0.04225	0.04705	0.02611	-0.04999	0.01993	0.06023	0.94033	-4.99669
23320	0.10000	-0.03709	0.02452	0.01975	0.03215	-0.03709	0.00690	0.02990	0.87130	-9.99339
23330	0.10000	0.09185	-0.01093	0.07255	-0.06931	0.09185	0.04040	0.11593	0.79460	-4.98047
23340	0.10000	0.01771	-0.07379	0.06273	0.04473	0.01771	-0.07498	0.05793	0.73017	-4.99669
23350	0.10000	0.06928	-0.08346	0.07432	0.04954	0.06928	-0.05637	0.08286	0.67342	-4.99669
23360	0.10000	0.05961	-0.06251	0.02809	0.06473	0.05961	-0.03776	0.06766	0.60899	-9.99339
23370	0.10000	0.06767	-0.00126	0.04396	0.06372	0.06767	0.03761	0.08285	0.52922	-9.96094
23380	0.10000	0.00965	0.06482	0.05746	0.05708	0.00965	0.08041	0.07259	0.46173	-4.99669
23390	0.10000	-0.05804	0.07449	0.06983	0.03533	-0.05804	0.05250	0.06377	0.40497	-9.96094
23400	0.10000	-0.03548	0.03097	0.02650	0.02810	-0.03548	0.01528	0.05775	0.34208	-4.98047
23410	0.10000	-0.06288	0.00518	0.05017	0.04853	-0.06288	-0.03032	0.08465	0.26538	-4.98047
23420	0.10000	-0.00808	-0.03672	0.03867	0.02802	-0.00808	-0.04707	0.08643	0.19482	-9.99339
23430	0.10000	0.06767	-0.07057	0.07928	0.00965	0.06767	-0.04242	0.09160	0.13346	-4.99669
23440	0.10000	0.11763	-0.04800	0.11700	0.01737	0.11763	0.01248	0.17145	0.06903	-5.01302
23450	0.10000	0.07089	-0.02866	0.04325	0.05671	0.07089	0.00783	0.04459	6.28165	-10.02602
23460	0.10000	0.01609	0.03903	0.04710	0.03154	0.01609	0.05436	0.05378	6.20649	-4.93243
23470	0.10000	-0.03709	0.04709	0.04862	0.00987	-0.03709	0.03296	0.02727	6.14053	-4.98047
23480	0.10000	-0.04999	0.07449	0.04096	0.06393	-0.04999	0.05715	0.06382	6.07610	-9.89668
23490	0.10000	-0.04999	-0.00288	0.05613	0.01960	-0.04999	-0.03218	0.03665	6.00554	-4.96435
23500	0.10000	-0.02903	-0.04156	0.05707	0.04217	-0.02903	-0.06475	0.02637	5.92730	-9.99339
23510	0.10000	0.03866	-0.07057	0.06475	0.02831	0.03866	-0.05917	0.21403	5.85827	-4.96435
23520	0.10000	0.06928	-0.06573	0.06409	0.04450	0.06928	-0.03590	0.05524	5.79385	-4.98047
23530	0.10000	0.05155	-0.03189	0.02926	0.04302	0.05155	-0.00706	0.06854	5.72788	-9.99339
23540	0.10000	0.04027	-0.10925	-0.10717	0.02689	0.04027	-0.10290	0.04202	5.64812	-4.98047
23550	0.10000	-0.01130	0.02775	0.02373	0.01468	-0.01130	0.02551	0.04874	5.57295	-4.99669
23560	0.10000	-0.05643	0.00679	0.05909	-0.01746	-0.05643	-0.02474	0.04068	5.50853	-4.99669
23570	0.10000	-0.00002	0.00679	-0.00588	0.00518	-0.00002	0.00783	0.05709	5.44103	-4.98047
23580	0.10000	-0.01292	-0.03189	0.04234	0.01830	-0.01292	-0.04428	0.01588	5.36280	-9.92871
23590	0.10000	0.04027	-0.06251	0.06029	0.01951	0.04027	-0.04893	0.05023	5.28456	-4.98047
23600	0.10000	0.06767	-0.04156	0.06545	0.01935	0.06767	-0.00892	0.05884	5.22014	-9.89668
23610	0.10000	0.03866	0.00679	0.04767	0.01147	0.03866	0.03016	0.03608	5.15111	-9.96094
23620	0.10000	0.01448	0.01324	0.02020	0.01900	0.01448	0.02365	0.01030	5.06981	-4.98047
23630	0.10000	-0.04676	0.01163	0.03607	-0.03271	-0.04676	-0.01357	0.03766	4.98851	-9.99339
23640	0.10000	-0.03065	-0.12376	0.06761	-0.14885	-0.03065	-0.16059	0.04973	4.92715	-4.99669
23650	0.10000	0.00481	-0.01899	0.01347	-0.01444	0.00481	-0.01915	0.02265	4.85658	-9.86486
23660	0.10000	0.01609	-0.02705	0.02560	-0.00923	0.01609	-0.02194	0.05577	4.77528	-4.98047
23670	0.10000	0.08379	-0.06735	0.08832	-0.00912	0.08379	-0.02939	0.10080	4.70625	-4.99669
23680	0.10000	0.07573	-0.03511	0.07558	0.00564	0.07573	0.00318	0.16403	4.65410	-4.91662
23690	0.10000	0.02738	0.00679	0.03606	0.00285	0.02738	0.02365	0.07444	4.59120	-4.98047
23700	0.10000	-0.01292	0.01485	0.01030	-0.01244	-0.01292	0.00969	0.02906	4.51144	-4.99669
23710	0.10000	-0.02742	0.01808	0.02571	-0.01077	-0.02742	0.00504	0.04042	4.42860	-9.99339
23720	0.10000	-0.05321	0.01324	0.05476	-0.00838	-0.05321	-0.01543	0.05913	4.36571	-4.99669
23730	0.10000	-0.00486	-0.03189	0.03233	-0.02341	-0.00486	-0.03962	0.06451	4.30128	-4.93243
23740	0.10000	0.04027	-0.03995	0.02464	-0.03921	0.04027	-0.02288	0.02187	4.22612	-4.99669
23750	0.10000	0.03544	-0.03672	0.04164	-0.00183	0.03544	-0.02194	0.05084	4.14482	-9.96094
23760	0.10000	0.06606	-0.03511	0.06554	0.00856	0.06606	-0.00240	0.11427	4.08499	-9.99339
23770	0.10000	0.04027	0.02291	0.06350	-0.00775	0.04027	0.04971	0.21664	4.02210	-9.99339
23780	0.10000	0.01448	0.04064	0.05464	0.01676	0.01448	0.05529	0.01453	3.94233	-14.94141
23790	0.10000	-0.01614	0.03903	0.03513	0.01745	-0.01614	0.03575	0.03665	3.86717	-9.89668
23800	0.10000	-0.04515	0.02613	0.04512	0.00439	-0.04515	0.00411	0.05922	3.80581	-4.99669
23810	0.10000	0.01609	-0.01093	-0.01040	-0.01272	0.01609	-0.00333	0.07401	3.74598	-9.96094
23820	0.10000	-0.03226	-0.00771	0.03051	0.02945	-0.03226	-0.02753	0.02606	3.66928	-9.96094
23830	0.10000	0.01609	-0.05123	0.04714	0.02287	0.01609	-0.04986	0.05475	3.59258	-4.98047
23840	0.10000	0.05961	-0.04156	0.06088	0.00560	0.05961	-0.01357	0.08633	3.53276	-4.91662
23850	0.10000	0.07089	-0.03189	0.06225	0.03416	0.07089	0.00411	0.05048	3.46833	-4.96435
23860	0.10000	0.02093	-0.00932	0.00444	0.02050	0.02093	0.00132	0.02658	3.38856	-9.96094
23870	0.10000	-0.02097	0.01485	0.01706	-0.01320	-0.02097	0.00504	0.04340	3.31493	-4.91662
23880	0.10000	-0.05643	0.22599	0.09762	0.21400	-0.05643	0.22837	0.05259	3.25204	-4.96435
23890	0.10000	-0.02420	-0.11570	0.09468	-0.11574	-0.02420	-0.14757	0.03813	3.18608	-4.94834
23900	0.10000	-0.03226	-0.01416	0.04119	0.02381	-0.03226	-0.03497	0.01449	3.11091	-9.99339
23910	0.10000	0.02093	-0.03672	0.03683	0.00069	0.02093	-0.03032	0.06661	3.03421	-4.93243
23920	0.10000	0.06767	-0.07218	0.07668	0.02568	0.06767	-0.04428	0.10800	2.97285	-4.99669
23930	0.10000	0.06606	-0.02061	0.06510	0.01818	0.06606	0.01435	0.05076	2.90536	-4.99669
23940	0.10000	0.04511	-0.02866	0.00544	0.04533	0.04511	-0.00706	0.06784	2.82866	-4.99669
23950	0.10000	0.01448	-0.00126	-0.00145	0.01598	0.01448	0.00690	0.04194	2.75656	-4.98047
23960	0.10000	-0.03870	0.05837	0.04952	0.03279	-0.03870	0.04505	0.05443	2.69060	-9.96094
23970	0.10000	-0.02903	0.00841	0.02931	0.00576	-0.02903	-0.00706	0.04077	2.62311	-4.99669
23980	0.10000	0.01609	0.01002	-0.02521	-0.00766	0.01609	0.02086	0.05010	2.55254	-9.99339
23990	0.10000	-0.00002	-0.05606	0.05787	0.02904	-0.00002	-0.06475	0.02869	2.47585	-4.99669
24000	0.10000	0.05316	-0.07702	0.07040	0.03552	0.05316	-0.05824	0.06050	2.41142	-4.94834
24010	0.10000	0.07895	-0.03511	0.07600	0.02197	0.07895	0.00504	0.06274	2.34699	-4.99669
24020	0.10000	0.04027	-0.03511	0.00192	0.04378	0.04027	-0.01729	0.05930	2.27336	-9.96094
24030	0.10000	0.01448	-0.00126	0.00135	0.01598	0.01448	0.00690	0.05622	2.19973	-9.92871
24040	0.10000	-0.03870	0.04225	0.04623	0.00771	-0.03870	0.02644	0.05784	2.13070	-4.99669
24050	0.10000	-0.03709	0.01969	0.03570	0.01013	-0.03709	0.00132	0.05628	2.06934	-4.98047
24060	0.10000	-0.08544	-0.01416	0.10259	0.03298	-0.08544	-0.06568	0.01808	2.00184	-4.94834
24070	0.10000	-0.03870	-0.01738	0.03122	0.04819	-0.03870	-0.04242	0.06330	1.92361	-9.96094
24080	0.10000	0.05639	-0.05445	0.06401	-0.00073	0.05639	-0.03032	0.07949	1.85305	-9.89668
24090	0.10000	0.06606	-0.03833	0.06407	0.01722	0.06606	-0.00613	0.05442	1.79169	-4.98047
24100	0.10000	0.06606	-0.01255	0.05911	0.03780	0.06606	0.02365	0.04493	1.72113	-9.96094
24110	0.10000	0.02738	-0.01093	-0.00239	0.02745	0.02738	0.00318	0.05473	1.64443	-9.83324
24120	0.10000	-0.01775	0.05353	0.04179	0.03504	-0.01775	0.05157	0.05794	1.57080	-4.98047
24130	0.10000	-0.04999	0.04225	0.04689	0.02640	-0.04999	0.01993	0.05912	1.50790	-4.98047
24140	0.10000	-0.03709	-0.01255	0.05154	0.00290	-0.03709	-0.03590	0.05809	1.44348	-4.94834
24150	0.10000	-0.01292	-0.00610	0.01243	0.01492	-0.01292	-0.01450	0.06071	1.36217	-9.99339
24160	0.10000	0.04672	-0.05445	0.05881	0.00354	0.04672	-0.03590	0.07035	1.29008	-9.92871
24170	0.10000	0.05639	-0.06896	0.05331	0.05052	0.05639	-0.04707	0.07651	1.23025	-4.99669
24180	0.10000	0.04511	-0.03511	0.02222	0.04184	0.04511	-0.01450	0.05884	1.16429	-4.98047
24190	0.10000	0.03221	-0.02061	-0.00716	0.03183	0.03221	-0.00520	0.05111	1.08452	-9.92871
24200	0.10000	-0.02420	0.14540	0.11761	0.10218	-0.02420	0.15393	0.06474	1.01396	-4.96435
24210	0.10000	-0.04515	0.05192	0.04651	0.03199	-0.04515	0.03389	0.06314	0.95567	-4.93224
24220	0.10000	-0.03387	0.01485	0.02902	0.01763	-0.03387	-0.00240	0.05329	0.89431	-4.99669
24230	0.10000	-0.03709	0.00518	0.01883	0.03549	-0.03709	-0.01543	0.05751	0.81301	-9.99339
24240	0.10000	0.01126	-0.06896	0.06254	0.03952	0.01126	-0.07312	0.05546	0.74091	-9.96075
24250	0.10000	0.08540	-0.08991	0.09614	0.03198	0.08540	-0.05451	0.08350	0.68876	-4.99669
24260	0.10000	0.06928	-0.06251	0.05065	0.05718	0.06928	-0.03218	0.05629	0.62586	-4.96435
24270	0.10000	0.06928	-0.02544	0.03372	0.06144	0.06928	0.01062	0.12165	0.55070	-9.89668
24280	0.10000	0.03221	0.03742	0.04106	0.05631	0.03221	0.06180	0.05827	0.47860	-5.01302
24290	0.10000	-0.03065	0.06482	0.05190	0.03888	-0.03065	0.05715	0.11316	0.41878	0.00000
24300	0.10000	-0.07094	0.05031	0.06485	0.03346	-0.07094	0.01714	0.06575	0.35742	-9.99339
24310	0.10000	-0.04999	0.02936	0.02283	0.04475	-0.04999	0.00504	0.05699	0.28685	-9.96094
24320	0.10000	-0.01453	0.02130	-0.01934	0.00998	-0.01453	0.01621	0.08973	0.21169	-9.99334
24330	0.10000	0.05639	-0.07702	0.07823	0.01543	0.05639	-0.05637	0.10452	0.14880	-4.99669
24340	0.10000	0.07734	-0.06090	0.07594	0.02955	0.07734	-0.02567	0.07879	0.08744	-9.92868
24350	0.10000	0.06767	-0.03672	0.04337	0.05204	0.06767	-0.00333	0.04845	0.01687	-9.99336
24360	0.10000	0.05316	0.01485	0.04231	0.05766	0.05316	0.04784	0.04922	6.22336	-4.98047
24370	0.10000	-0.03387	0.06643	0.06260	0.02221	-0.03387	0.05715	0.04099	6.15433	-9.99339
24380	0.10000	-0.05160	0.05676	0.05288	0.03382	-0.05160	0.03575	0.04783	6.09297	-4.99669
24390	0.10000	-0.05321	0.02613	0.04027	0.03478	-0.05321	-0.00054	0.06139	6.02394	-9.99339
24400	0.10000	-0.02420	-0.02705	0.04572	0.02322	-0.02420	-0.04521	0.05074	5.94878	-9.86486
24410	0.10000	-0.03548	-0.05284	0.03088	0.08335	-0.03548	-0.08150	0.06382	5.87361	-4.98047
24420	0.10000	0.06928	-0.04317	0.06973	0.00589	0.06928	-0.00985	0.06274	5.80919	-4.94834
24430	0.10000	0.06767	-0.02061	0.06205	0.03102	0.06767	0.01528	0.04755	5.74169	-4.98047
24440	0.10000	0.05316	-0.01255	0.01751	0.05275	0.05316	0.01621	0.00976	5.66192	-9.96094
24450	0.10000	-0.03226	0.03903	0.04151	-0.00411	-0.03226	0.02644	0.01387	5.58829	-4.96435
24460	0.10000	-0.03548	0.02291	0.03553	0.00564	-0.03548	0.00597	0.05717	5.52080	-9.92871
24470	0.10000	-0.04999	0.00679	0.05150	0.01698	-0.04999	-0.02101	0.05751	5.45484	-9.96094
24480	0.10000	-0.02742	-0.02061	0.04037	0.02632	-0.02742	-0.03962	0.01311	5.37660	-9.92871
24490	0.10000	0.02415	-0.05606	0.05167	0.02220	0.02415	-0.05079	0.02949	5.29684	-4.98047
24500	0.10000	0.08862	-0.05123	0.08843	0.00989	0.08862	-0.00799	0.07055	5.23241	-4.90091
24510	0.10000	0.03866	-0.01738	0.02989	0.02461	0.03866	0.00225	0.05820	5.16491	-4.96435
24520	0.10000	0.04188	0.00679	0.03046	0.04303	0.04188	0.03203	0.01307	5.08515	-4.98047
24530	0.10000	-0.03548	0.02291	0.03203	-0.01639	-0.03548	0.00597	0.03631	5.00385	-9.92871
24540	0.10000	-0.03548	0.01485	0.03562	0.00092	-0.03548	-0.00333	0.06695	4.93788	-4.99669
24550	0.10000	-0.01130	-0.01255	0.02331	-0.00510	-0.01130	-0.02101	0.05909	4.87039	-9.86486
24560	0.10000	0.01932	-0.03833	0.03541	-0.01469	0.01932	-0.03311	0.01309	4.79062	-14.94141
24570	0.10000	0.03382	-0.03672	0.04068	0.00354	0.03382	-0.02288	0.05078	4.70779	-4.98047
24580	0.10000	0.04672	-0.00932	0.04901	-0.00656	0.04672	0.01621	0.06993	4.64489	-4.93243
24590	0.10000	0.00804	0.01646	0.02374	-0.00778	0.00804	0.02365	0.05740	4.57740	-4.96435
24600	0.10000	-0.05321	0.01324	-0.00272	-0.05533	-0.05321	-0.01543	0.03308	4.49456	-4.98047
24610	0.10000	-0.04354	0.01969	0.03830	-0.02085	-0.04354	-0.00240	0.05178	4.41633	-4.99669
24620	0.10000	-0.04837	-0.02061	0.06024	-0.03722	-0.04837	-0.05172	0.06276	4.35497	-9.96094
24630	0.10000	0.06928	-0.03833	-0.03740	-0.05847	0.06928	-0.00426	0.07726	4.29054	-4.98047
24640	0.10000	0.01771	-0.03350	0.03175	-0.01075	0.01771	-0.02846	0.04248	4.20924	-4.98047
24650	0.10000	0.05800	-0.02061	0.04696	-0.03539	0.05800	0.00969	0.04159	4.13408	-4.99669
24660	0.10000	0.07250	-0.00932	0.07742	-0.01517	0.07250	0.03110	0.05467	4.07272	-4.99669
24670	0.10000	0.02738	0.02613	0.05306	-0.00695	0.02738	0.04598	0.02215	4.00829	-9.96094
24680	0.10000	-0.00647	0.00679	0.00528	-0.00556	-0.00647	0.00411	0.09534	3.92852	-14.94141
24690	0.10000	-0.03548	0.04064	0.04418	0.00248	-0.03548	0.02644	0.04800	3.85950	-4.98047
24700	0.10000	-0.06288	0.03258	0.06287	0.00170	-0.06288	0.00132	0.08309	3.80887	-4.94834
24710	0.10000	-0.04515	0.07771	-0.00105	0.07804	-0.04515	0.06366	0.17600	3.74752	-4.99669
24720	0.10000	-0.04354	0.00035	0.02883	0.04095	-0.04354	-0.02474	0.02902	3.66775	-4.98047
24730	0.10000	0.01771	-0.04800	0.04520	0.01772	0.01771	-0.04521	0.05375	3.59412	-4.96435
24740	0.10000	0.06767	-0.05929	0.07059	0.02142	0.06767	-0.02939	0.05825	3.53276	-4.99669
24750	0.10000	0.05155	-0.01093	0.05232	0.01463	0.05155	0.01714	0.04115	3.46680	-9.99339
24760	0.10000	0.02415	-0.00771	0.00899	0.02298	0.02415	0.00504	0.02177	3.38856	-4.99669
24770	0.10000	0.00159	0.03258	0.02862	0.02585	0.00159	0.03854	0.19227	3.31340	-4.98047
24780	0.10000	-0.05321	0.05998	0.05892	0.02906	-0.05321	0.03854	0.04327	3.25051	-4.98047
24790	0.10000	-0.04354	-0.01093	0.05658	-0.01096	-0.04354	-0.03776	0.02919	3.18608	-4.94834
24800	0.10000	-0.03065	-0.01255	0.03811	0.02285	-0.03065	-0.03218	0.01236	3.10938	-9.96094
24810	0.10000	0.01932	-0.06251	0.06116	0.01887	0.01932	-0.06103	0.03120	3.03575	-9.92871
24820	0.10000	0.06767	-0.08830	0.08139	0.04369	0.06767	-0.06289	0.10122	2.97285	-4.98047
24830	0.10000	0.06445	-0.02544	0.06064	0.02319	0.06445	0.00783	0.04523	2.90536	-4.98047
24840	0.10000	0.02738	-0.03833	-0.01939	0.03440	0.02738	-0.02846	0.04614	2.83019	-9.92793
24850	0.10000	-0.00647	0.18408	0.18116	0.10403	-0.00647	0.20883	0.04931	2.75656	-9.92871
24860	0.10000	-0.13702	0.03903	0.12254	-0.07010	-0.13702	-0.03404	0.12579	2.68907	-4.99669
24870	0.10000	-0.03226	0.03581	0.01976	0.03415	-0.03226	0.02272	0.27410	2.62464	-9.99339
24880	0.10000	-0.02420	-0.00126	0.02300	0.01716	-0.02420	-0.01543	0.05205	2.55101	-4.98047
24890	0.10000	0.00159	-0.03028	0.03137	0.01331	0.00159	-0.03404	0.05741	2.47738	-4.93243
24900	0.10000	0.04188	-0.07218	0.05949	0.04141	0.04188	-0.05917	0.08857	2.41142	-9.92871
24910	0.10000	0.06767	-0.06251	0.05156	0.05493	0.06767	-0.03311	0.12431	2.34546	-9.89668
24920	0.10000	0.03705	-0.03833	-0.00378	0.04338	0.03705	-0.02288	0.05790	2.27489	-9.92871
24930	0.10000	0.01448	0.00518	0.00800	0.01875	0.01448	0.01435	0.08552	2.19973	-9.99339
24940	0.10000	0.04349	0.06159	-0.00076	0.10560	0.04349	0.09623	0.05466	2.13070	-4.98047
24950	0.10000	-0.06288	0.02291	0.06341	0.00544	-0.06288	-0.00985	0.04584	2.06934	-4.91662
24960	0.10000	-0.07094	-0.00771	0.08082	0.03141	-0.07094	-0.04986	0.03564	2.00184	-4.94834
24970	0.10000	-0.00969	-0.03833	0.04540	0.02278	-0.00969	-0.04986	0.03114	1.92208	-4.99669
24980	0.10000	0.05961	-0.08346	0.08170	0.02679	0.05961	-0.06196	0.07151	1.85151	-9.92871
24990	0.10000	0.06928	-0.03511	0.06797	0.01342	0.06928	-0.00054	0.05442	1.79016	-4.93243
25000	0.10000	0.06283	-0.03833	0.03303	0.05404	0.06283	-0.00799	0.03815	1.72266	-4.98047
25010	0.10000	0.05639	0.01002	0.03188	0.06410	0.05639	0.04412	0.06939	1.64289	-4.99669
25020	0.10000	-0.03387	0.06482	0.05700	0.03089	-0.03387	0.05529	0.02721	1.56926	-4.98047
25030	0.10000	-0.05643	0.02775	0.05600	0.00697	-0.05643	-0.00054	0.03480	1.50944	-4.94834
25040	0.10000	-0.04032	0.01324	0.03280	0.02476	-0.04032	-0.00799	0.05693	1.44348	-9.96094
25050	0.10000	-0.00969	-0.00610	0.01087	0.01164	-0.00969	-0.01264	0.03406	1.36064	-9.99339
25060	0.10000	0.03866	-0.09958	0.08396	0.05506	0.03866	-0.09266	0.03956	1.29008	-4.98047
25070	0.10000	0.07895	-0.04156	0.07851	0.00868	0.07895	-0.00240	0.07040	1.22872	-4.98047
25080	0.10000	0.05800	-0.05123	0.02368	0.05883	0.05800	-0.02567	0.04214	1.16429	-9.99339
25090	0.10000	0.02254	-0.00126	0.00976	0.02337	0.02254	0.01155	0.02862	1.08299	-4.98047
25100	0.10000	0.01771	0.05998	0.03640	0.07284	0.01771	0.07948	0.03848	1.01243	-4.98047
25110	0.10000	-0.06288	0.05837	0.06458	0.02738	-0.06288	0.03110	0.06993	0.95567	-4.98047
25120	0.10000	-0.05643	0.00518	0.06122	0.01197	-0.05643	-0.02660	0.03880	0.89278	-9.99339
25130	0.10000	-0.03870	0.00518	0.01928	0.03734	-0.03870	-0.01636	0.03777	0.81148	-4.98047
25140	0.10000	0.02093	-0.08507	0.07939	0.03945	0.02093	-0.08615	0.07117	0.74398	-4.99669
25150	0.10000	0.06767	-0.07218	0.07644	0.02639	0.06767	-0.04428	0.09621	0.68876	-4.98047
25160	0.10000	0.09185	-0.03995	0.08695	0.03037	0.09185	0.00690	0.15070	0.62433	-4.99669
25170	0.10000	0.05961	-0.05123	-0.00390	0.06442	0.05961	-0.02474	0.07055	0.54917	-9.96094
25180	0.10000	0.02738	0.04064	0.04315	0.05312	0.02738	0.06273	0.05827	0.47707	-5.01302
25190	0.10000	0.02576	0.05837	0.00992	0.08564	0.02576	0.08227	0.08028	0.41878	-4.99669
25200	0.10000	0.00804	0.05837	-0.02603	0.06765	0.00804	0.07204	0.06548	0.35588	-9.99339
25210	0.10000	-0.03387	0.00518	0.02974	0.02113	-0.03387	-0.01357	0.06328	0.28532	-4.99669
25220	0.10000	-0.01775	-0.02544	0.03341	0.02773	-0.01775	-0.03962	0.08875	0.21016	-9.99339
25230	0.10000	0.04994	-0.10280	0.09072	0.04838	0.04994	-0.08987	0.08814	0.14726	-4.99665
25240	0.10000	0.06767	-0.05929	0.06553	0.03388	0.06767	-0.02939	0.08788	0.08590	-4.99667
25250	0.10000	0.05800	-0.04639	0.02355	0.05668	0.05800	-0.02008	0.07336	0.01534	-9.99336
25260	0.10000	0.03705	-0.00288	0.01364	0.03889	0.03705	0.01807	0.06965	6.22183	-4.99669
25270	0.10000	-0.02420	0.06804	0.05994	0.03412	-0.02420	0.06459	0.08138	6.15433	-9.96094
25280	0.10000	-0.03548	0.04870	0.03619	0.03503	-0.03548	0.03575	0.05805	6.09144	-4.98047
25290	0.10000	-0.03226	-0.00288	0.03878	0.00422	-0.03226	-0.02194	0.05329	6.02548	-4.94834
25300	0.10000	-0.03548	-0.01093	0.03328	0.03532	-0.03548	-0.03311	0.05447	5.94571	-4.93243
25310	0.10000	0.02415	-0.04639	0.04487	0.01184	0.02415	-0.03962	0.13161	5.87361	-9.92871
25320	0.10000	0.06767	-0.04800	0.06827	0.01364	0.06767	-0.01636	0.06395	5.80765	-9.96094
25330	0.10000	0.04027	-0.01899	0.03116	0.02554	0.04027	0.00132	0.08152	5.74016	-9.96094
25340	0.10000	0.04188	-0.01899	0.00399	0.04175	0.04188	0.00225	0.05611	5.66192	-4.90091
25350	0.10000	-0.01292	0.04386	0.03893	0.02273	-0.01292	0.04319	0.09373	5.58676	-9.99339
25360	0.10000	-0.06288	0.01646	0.06300	-0.01681	-0.06288	-0.01729	0.04407	5.51926	-9.99339
25370	0.10000	-0.02742	-0.01093	0.03937	-0.00346	-0.02742	-0.02846	0.00839	5.45484	-9.99339
25380	0.10000	-0.00486	-0.03511	0.04339	0.00439	-0.00486	-0.04335	0.03836	5.37507	-4.96435
25390	0.10000	0.02738	-0.05767	0.05409	0.02007	0.02738	-0.05079	0.03180	5.29684	-4.99669
25400	0.10000	0.07573	-0.03511	0.07579	0.00100	0.07573	0.00318	0.05873	5.22934	-9.99339
25410	0.10000	0.04672	0.04225	0.08650	-0.02094	0.04672	0.07576	0.11631	5.16185	-9.89668
25420	0.10000	0.01771	0.00518	0.01554	0.01829	0.01771	0.01621	0.04410	5.08515	-4.99669
25430	0.10000	-0.02742	0.00357	0.01544	-0.02550	-0.02742	-0.01171	0.10634	5.00231	-4.98047
25440	0.10000	-0.04676	0.03742	0.04616	0.01784	-0.04676	0.01621	0.09627	4.94862	-4.98047
25450	0.10000	-0.01775	-0.01255	0.02903	-0.00916	-0.01775	-0.02474	0.07158	4.89033	-4.99669
25460	0.10000	0.01609	-0.03672	0.03064	-0.02041	0.01609	-0.03311	0.01543	4.81363	-4.96435
25470	0.10000	0.02093	-0.01577	0.01921	-0.01032	0.02093	-0.00613	0.04112	4.73080	-4.93243
25480	0.10000	0.08379	-0.01255	0.08483	-0.03117	0.08379	0.03389	0.05821	4.66023	-4.99669
25490	0.10000	0.03060	0.02613	-0.00996	0.05591	0.03060	0.04784	0.01956	4.41326	-599.60175
25500	0.10000	-0.01130	0.04548	0.04000	-0.02534	-0.01130	0.04598	0.05819	4.54825	-4.98047
25510	0.10000	-0.03065	0.01324	0.01407	-0.02733	-0.03065	-0.00240	0.05695	4.46695	-9.96094
25520	0.10000	-0.05804	0.02291	0.05566	-0.01790	-0.05804	-0.00706	0.04375	4.39639	-9.86486
25530	0.10000	-0.02742	-0.01577	0.04012	-0.01734	-0.02742	-0.03404	0.05783	4.33350	-4.99669
25540	0.10000	-0.03226	-0.06090	0.09451	-0.00438	-0.03226	-0.08894	0.05642	4.26753	-4.96435
25550	0.10000	0.04349	-0.04639	0.04701	-0.02217	0.04349	-0.02846	0.02630	4.18163	-9.99339
25560	0.10000	0.05155	-0.04478	0.05499	0.01070	0.05155	-0.02194	0.08446	4.11260	-4.98047
25570	0.10000	0.02093	-0.01093	0.01879	0.00924	0.02093	-0.00054	0.08034	4.05431	-4.98047
25580	0.10000	0.00159	0.00035	0.00185	0.00092	0.00159	0.00132	0.03108	3.98375	-4.98047
25590	0.10000	-0.00325	0.01646	0.01661	0.00532	-0.00325	0.01714	0.02479	3.90245	-4.99669
25600	0.10000	-0.03387	0.03581	0.03877	0.01090	-0.03387	0.02179	0.05826	3.83342	-4.99669
25610	0.10000	-0.05321	-0.01255	0.06573	-0.02353	-0.05321	-0.04521	0.04256	3.77359	-9.96094
25620	0.10000	-0.00647	-0.01093	0.01749	-0.00190	-0.00647	-0.01636	0.03681	3.70456	-9.86486
25630	0.10000	0.00159	-0.01899	0.01979	0.00725	0.00159	-0.02101	0.05442	3.62480	-9.96094
25640	0.10000	0.07895	-0.04317	0.07432	-0.02697	0.07895	-0.00426	0.05827	3.55884	-4.94834
25650	0.10000	0.06767	-0.05767	0.05922	0.04277	0.06767	-0.02753	0.08850	3.49901	-4.98047
25660	0.10000	0.03060	-0.00288	0.02832	0.01844	0.03060	0.01435	0.01690	3.42691	-4.98047
25670	0.10000	0.00804	-0.00449	-0.00293	0.00750	0.00804	-0.00054	0.03067	3.34868	-9.83324
25680	0.10000	-0.05321	0.24694	0.16315	0.20232	-0.05321	0.25442	0.05404	3.27965	-4.96435
25690	0.10000	-0.04032	0.09060	0.02461	0.08738	-0.04032	0.08134	0.04242	3.21829	-4.94834
25700	0.10000	-0.00808	-0.01899	0.02629	-0.00903	-0.00808	-0.02660	0.02870	3.14619	-4.98047
25710	0.10000	0.00159	-0.04156	0.04598	0.01018	0.00159	-0.04707	0.02039	3.06796	-9.92871
25720	0.10000	0.04672	-0.07218	0.06990	0.02177	0.04672	-0.05637	0.06840	3.00047	-4.94757
25730	0.10000	0.05800	-0.05445	0.05363	0.03676	0.05800	-0.02939	0.06345	2.93757	-9.92871
25740	0.10000	0.04994	-0.01255	0.04204	0.03055	0.04994	0.01435	0.06091	2.86548	-9.86486
25750	0.10000	0.01771	0.01969	0.02962	0.02285	0.01771	0.03296	0.03623	2.79031	-4.93243
25760	0.10000	-0.00647	0.05192	0.03766	0.04224	-0.00647	0.05622	0.05713	2.71975	-4.99669
25770	0.10000	-0.03548	0.03258	0.03334	0.02099	-0.03548	0.01714	0.05775	2.65379	-9.92871
25780	0.10000	0.05800	-0.00932	-0.05616	-0.02694	0.05800	0.02272	0.04761	2.58783	-9.92871
25790	0.10000	-0.03387	-0.04156	0.06408	0.04003	-0.03387	-0.06754	0.24570	2.51113	-9.92871
25800	0.10000	0.02576	-0.07218	0.06261	0.03784	0.02576	-0.06847	0.05438	2.43750	-4.99669
25810	0.10000	0.06767	-0.06573	0.06675	0.03848	0.06767	-0.03683	0.07896	2.37614	-4.99669
25820	0.10000	0.06606	-0.03995	0.04289	0.05087	0.06606	-0.00799	0.12883	2.30864	-9.96094
25830	0.10000	0.04994	0.00035	0.02977	0.04962	0.04994	0.02923	0.02517	2.23501	-4.93243
