0	1.00000	-0.00587	-0.01237	0.01210	-0.01416	-0.00587	-0.01767	0.02218	0.92806	-0.02255
7378	1.00000	-0.03810	0.00213	0.04273	0.00277	-0.03810	-0.01954	0.06508	0.90505	-4.74918
7388	1.00000	-0.02037	-0.00915	0.02804	0.01127	-0.02037	-0.02233	0.02924	0.84062	-9.49836
7398	1.00000	0.00058	-0.05589	0.05889	0.02558	0.00058	-0.06420	0.03475	0.77159	-9.73959
7408	1.00000	0.05860	-0.06395	0.07077	0.00506	0.05860	-0.04001	0.04455	0.71790	-4.86979
7418	1.00000	0.07472	-0.04622	0.07477	0.00989	0.07472	-0.01023	0.07699	0.66882	-4.57906
7428	1.00000	0.06021	-0.03333	0.04621	0.03878	0.06021	-0.00372	0.04246	0.60899	-9.10377
7438	1.00000	-0.08323	-0.03333	-0.09854	-0.06857	-0.08323	-0.08653	0.06454	0.53689	-9.13086
7448	1.00000	0.01347	0.03920	0.03815	0.03924	0.01347	0.05305	0.04847	0.47400	-4.98047
7458	1.00000	-0.05099	0.06821	0.06729	0.02247	-0.05099	0.04932	0.06390	0.42338	0.00000
7468	1.00000	-0.03649	0.05048	0.03285	0.04047	-0.03649	0.03723	0.04932	0.37276	-4.99669
7478	1.00000	-0.02843	0.02470	0.01250	0.02825	-0.02843	0.01210	0.11291	0.31140	-4.99660
7488	1.00000	-0.01231	-0.02688	0.03881	0.01001	-0.01231	-0.03815	0.06467	0.24083	-4.99669
7498	1.00000	0.01831	-0.07523	0.07185	0.03152	0.01831	-0.07630	0.05407	0.18101	-4.99669
7508	1.00000	0.05216	-0.06395	0.06433	0.02223	0.05216	-0.04373	0.08832	0.13039	0.00000
7518	1.00000	0.06666	-0.06395	0.05707	0.04936	0.06666	-0.03535	0.06640	0.07517	-4.98045
7528	1.00000	0.04249	0.03437	0.07681	-0.00530	0.04249	0.06421	0.11963	0.00920	-4.99668
7538	1.00000	0.04410	0.01825	0.04078	0.04946	0.04410	0.04653	0.03762	6.22489	-9.35357
7548	1.00000	-0.02198	0.03759	0.03718	0.00663	-0.02198	0.03071	0.04659	6.16354	-4.67678
7558	1.00000	-0.03649	0.05532	0.04365	0.03547	-0.03649	0.04281	0.06362	6.10985	-4.69109
7568	1.00000	-0.03649	0.03437	0.02503	0.03243	-0.03649	0.01862	0.03561	6.05309	-4.86979
7578	1.00000	-0.03649	0.00536	0.02848	0.02724	-0.03649	-0.01488	0.05420	5.98713	-9.46904
7588	1.00000	-0.00103	-0.03333	0.03651	0.01397	-0.00103	-0.03908	0.03685	5.91963	-4.73452
7598	1.00000	0.02959	-0.07201	0.05934	0.04145	0.02959	-0.06606	0.08136	5.85674	-4.85438
7608	1.00000	0.06666	-0.03333	0.06651	0.00448	0.06666	0.00001	0.22046	5.80152	-4.67678
7618	1.00000	0.06344	-0.01076	0.06391	0.02292	0.06344	0.02420	0.03287	5.74169	-4.67678
7628	1.00000	0.03604	-0.00109	0.02314	0.03384	0.03604	0.01955	0.02888	5.67266	-4.66257
7638	1.00000	0.01347	0.01180	0.00873	0.02374	0.01347	0.02141	0.04490	5.60363	-4.69109
7648	1.00000	-0.04777	0.03920	0.05060	0.00586	-0.04777	0.01769	0.05278	5.54534	-4.56543
7658	1.00000	-0.05422	-0.01076	0.06667	-0.02017	-0.05422	-0.04373	0.04634	5.48552	-4.85438
7668	1.00000	-0.01715	-0.01882	0.03596	-0.00112	-0.01715	-0.03163	0.03885	5.42569	-4.86979
7678	1.00000	0.01347	-0.02688	0.02609	-0.00646	0.01347	-0.02326	0.01913	5.35206	-9.46904
7688	1.00000	0.03604	-0.05428	0.05224	0.01794	0.03604	-0.04187	0.04545	5.28303	-4.74918
7698	1.00000	0.06666	-0.01560	0.06853	-0.01290	0.06666	0.02048	0.05712	5.22627	-4.69109
7708	1.00000	0.03120	0.01664	0.04800	-0.00744	0.03120	0.03723	0.05427	5.17105	-4.56543
7718	1.00000	0.00058	0.01503	0.01764	-0.00134	0.00058	0.01769	0.01739	5.10049	-4.56543
7728	1.00000	-0.01070	0.01986	0.01966	0.00296	-0.01070	0.01675	0.02069	5.02532	-9.10377
7738	1.00000	-0.03971	0.02953	0.04081	0.00604	-0.03971	0.01117	0.05641	4.96243	-4.55188
7748	1.00000	0.06989	0.13268	0.17983	0.10001	0.06989	0.19356	0.21642	4.91181	-4.57906
7758	1.00000	-0.01392	-0.15743	0.14799	-0.11966	-0.01392	-0.18982	0.04272	4.87652	0.00000
7768	1.00000	0.01347	-0.01399	0.00799	-0.01370	0.01347	-0.00837	0.03789	4.80903	-9.49836
7778	1.00000	0.04087	-0.01237	0.02221	-0.03555	0.04087	0.00931	0.16273	4.73386	-4.74918
7788	1.00000	0.05860	-0.01237	0.05725	-0.02319	0.05860	0.01955	0.06424	4.67251	0.00000
7798	1.00000	0.01509	0.02308	0.03084	-0.02296	0.01509	0.03537	0.02617	4.61728	0.00000
7808	1.00000	-0.00909	0.01019	0.00263	-0.01087	-0.00909	0.00652	0.02173	4.55592	-9.35357
7818	1.00000	-0.01231	0.01180	0.01101	-0.00853	-0.01231	0.00652	0.02795	4.48076	-9.15812
7828	1.00000	-0.05099	-0.00432	0.03595	-0.04992	-0.05099	-0.03442	0.04310	4.41173	-9.13086
7838	1.00000	0.01025	-0.03333	-0.00287	-0.03402	0.01025	-0.03256	0.04379	4.36111	-4.74918
7848	1.00000	-0.02198	-0.03655	0.05418	-0.02369	-0.02198	-0.05490	0.08347	4.30895	-4.73452
7858	1.00000	0.02314	-0.04138	0.03235	-0.02596	0.02314	-0.03442	0.05474	4.24146	-4.85438
7868	1.00000	0.05216	-0.01721	0.02848	-0.04488	0.05216	0.01024	0.04033	4.16629	-9.49836
7878	1.00000	0.06666	-0.01560	0.06274	-0.03043	0.06666	0.02048	0.21342	4.11107	-9.49836
7888	1.00000	0.06666	0.00697	0.07957	-0.01663	0.06666	0.04653	0.10615	4.06045	-4.57906
7898	1.00000	0.01509	0.03598	0.05059	-0.01391	0.01509	0.05025	0.04049	4.00216	-4.55188
7908	1.00000	0.03926	-0.01076	0.00021	0.04057	0.03926	0.01024	0.01959	3.92699	-4.57906
7918	1.00000	-0.03810	0.00536	0.02268	-0.03445	-0.03810	-0.01581	0.12073	3.86103	-4.63440
7928	1.00000	-0.03649	-0.10424	0.03821	-0.14097	-0.03649	-0.14144	0.05813	3.81041	-9.05006
7938	1.00000	-0.01715	-0.01237	0.02729	-0.01160	-0.01715	-0.02419	0.04310	3.75825	-4.80873
7948	1.00000	0.01186	-0.00270	-0.00699	-0.01028	0.01186	0.00373	0.01511	3.68922	-4.74918
7958	1.00000	0.09084	-0.04300	0.04380	-0.07962	0.09084	0.00280	0.04981	3.61713	-9.73959
7968	1.00000	0.06666	-0.04138	0.06537	-0.01602	0.06666	-0.00930	0.05670	3.56037	-4.86979
7978	1.00000	-0.03488	-0.04300	-0.04561	0.06329	-0.03488	-0.06978	0.07197	3.50975	-4.64844
7988	1.00000	0.01509	-0.00432	0.01302	0.00847	0.01509	0.00373	0.02139	3.44685	-4.67678
7998	1.00000	0.02314	-0.00109	0.01073	0.02381	0.02314	0.01210	0.01511	3.37322	-4.67678
8008	1.00000	-0.00264	0.02470	0.02069	0.01753	-0.00264	0.02699	0.04139	3.30726	-4.69109
8018	1.00000	-0.05905	0.04887	0.06209	0.01143	-0.05905	0.02234	0.05737	3.25511	-4.56543
8028	1.00000	-0.01876	0.01503	0.01436	0.01371	-0.01876	0.00652	0.01540	3.19835	-4.86979
8038	1.00000	-0.09129	0.00213	0.08501	0.06025	-0.09129	-0.05024	0.23041	3.13239	-4.85438
8048	1.00000	0.00380	-0.02043	0.02137	0.00395	0.00380	-0.02140	0.04381	3.06029	-9.43991
8058	1.00000	0.03604	-0.06395	0.05809	0.02714	0.03604	-0.05303	0.07072	3.00200	-4.86979
8068	1.00000	0.04893	-0.05267	0.04770	0.03433	0.04893	-0.03256	0.06735	2.94831	-4.49849
8078	1.00000	0.05054	-0.01076	0.04922	0.02033	0.05054	0.01675	0.02543	2.88695	-4.64844
8088	1.00000	0.03765	-0.01560	0.00746	0.03709	0.03765	0.00373	0.04001	2.81485	-4.67678
8098	1.00000	-0.00587	0.01825	0.01786	0.00530	-0.00587	0.01769	0.02111	2.75196	-4.56543
8108	1.00000	-0.03810	0.04404	0.04498	0.01613	-0.03810	0.02885	0.04394	2.69520	-4.53842
8118	1.00000	-0.03971	-0.00109	0.04531	-0.01044	-0.03971	-0.02419	0.03661	2.63845	-4.73452
8128	1.00000	-0.02843	-0.02688	0.05528	-0.00197	-0.02843	-0.04745	0.04412	2.57555	-9.64771
8138	1.00000	-0.02521	-0.03977	0.05544	0.03492	-0.02521	-0.06048	0.05104	2.50806	-4.86979
8148	1.00000	0.01509	-0.06395	0.05260	0.04126	0.01509	-0.06513	0.04387	2.44363	-9.49836
8158	1.00000	0.09406	-0.03816	0.09280	-0.01842	0.09406	0.01024	0.06140	2.38841	-4.74918
8168	1.00000	0.06505	-0.01399	0.06684	0.01487	0.06505	0.02141	0.03876	2.33165	-4.57906
8178	1.00000	-0.00748	-0.01237	-0.02000	-0.00148	-0.00748	-0.01861	0.05748	2.26416	-9.05006
8188	1.00000	0.01347	0.00536	0.00669	0.01821	0.01347	0.01396	0.05820	2.19666	-9.15812
8198	1.00000	-0.03810	0.03759	0.04360	0.00293	-0.03810	0.02141	0.08708	2.13530	-4.63440
8208	1.00000	-0.03649	0.03759	0.03286	0.02740	-0.03649	0.02234	0.05702	2.08315	-4.85438
8218	1.00000	0.03120	0.01503	-0.04702	0.00367	0.03120	0.03537	0.09312	2.02485	-4.71995
8228	1.00000	-0.01392	-0.02366	0.03590	0.01245	-0.01392	-0.03535	0.01963	1.95429	-9.73959
8238	1.00000	-0.01876	-0.02849	0.02059	0.04289	-0.01876	-0.04373	0.05779	1.88526	-9.73959
8248	1.00000	0.09245	-0.06556	0.09507	0.00240	0.09245	-0.02233	0.08774	1.83004	-4.74918
8258	1.00000	0.01509	-0.03977	0.00026	0.04015	0.01509	-0.03722	0.13018	1.77482	-4.56543
8268	1.00000	0.02314	0.00374	0.02700	0.01092	0.02314	0.01769	0.03426	1.71346	-9.35357
8278	1.00000	0.01347	0.01180	0.01724	0.01851	0.01347	0.02141	0.01575	1.63983	-4.69109
8288	1.00000	-0.03488	0.05371	0.05166	0.01735	-0.03488	0.04188	0.03986	1.57386	-4.69109
8298	1.00000	-0.03649	0.04081	0.03592	0.02684	-0.03649	0.02606	0.05531	1.52171	-4.62044
8308	1.00000	-0.04132	0.01019	0.04053	0.01453	-0.04132	-0.01209	0.05907	1.46649	-4.73452
8318	1.00000	0.05054	0.00374	-0.04427	-0.04143	0.05054	0.03350	0.04803	1.39746	-4.74918
8328	1.00000	-0.00425	-0.00270	0.00224	0.00665	-0.00425	-0.00558	0.04886	1.32536	-4.82385
8338	1.00000	0.06505	-0.07523	0.07808	0.02380	0.06505	-0.04931	0.07443	1.27167	-4.82385
8348	1.00000	0.08439	0.14235	0.11260	-0.19962	0.08439	0.21310	0.16831	1.22872	-4.67678
8358	1.00000	0.04087	-0.01399	0.03654	0.01978	0.04087	0.00745	0.05102	1.17656	-4.67678
8368	1.00000	0.03282	0.05048	0.08056	0.02348	0.03282	0.07724	0.02914	1.10447	-9.35357
8378	1.00000	-0.00587	0.01825	0.01768	0.00588	-0.00587	0.01769	0.05797	1.03544	-4.69109
8388	1.00000	-0.05261	0.07144	0.06640	0.03278	-0.05261	0.05211	0.05023	0.98482	-9.13086
8398	1.00000	0.07472	-0.16549	0.14372	-0.08255	0.07472	-0.14795	0.17200	0.93419	-4.85438
8408	1.00000	-0.04616	-0.01076	0.06043	0.00232	-0.04616	-0.03908	0.02662	0.88357	-4.86979
8418	1.00000	-0.00909	-0.02366	0.03274	0.00844	-0.00909	-0.03256	0.02366	0.81148	-9.49836
8428	1.00000	-0.00103	-0.00109	0.00081	0.00196	-0.00103	-0.00186	0.06144	0.74858	-4.74918
8438	1.00000	0.07150	-0.09135	0.08760	0.03947	0.07150	-0.06420	0.08269	0.69796	-4.85438
8448	1.00000	0.05054	-0.03816	0.04577	0.02609	0.05054	-0.01488	0.07177	0.64581	-4.67678
8458	1.00000	0.06505	-0.03010	0.04061	0.05089	0.06505	0.00280	0.03826	0.57831	-9.29688
8468	1.00000	0.02476	0.01180	0.02403	0.02855	0.02476	0.02792	0.04570	0.51082	-9.96094
8478	1.00000	-0.05583	0.03759	0.04846	-0.02988	-0.05583	0.01117	0.04561	0.44946	-4.99660
8488	1.00000	-0.05583	0.07305	0.06612	0.03821	-0.05583	0.05211	0.05824	0.40344	-5.01302
8498	1.00000	-0.05099	0.03920	0.04147	0.03363	-0.05099	0.01582	0.05464	0.34668	-4.99669
8508	1.00000	-0.04455	0.00052	0.04242	0.02856	-0.04455	-0.02512	0.03861	0.27765	-4.99660
8518	1.00000	-0.01231	-0.04622	0.05478	0.02842	-0.01231	-0.06048	0.07275	0.21169	-4.99669
8528	1.00000	0.04893	-0.06395	0.06644	0.00767	0.04893	-0.04559	0.09305	0.15493	-4.99669
8538	1.00000	0.04893	0.19231	0.02494	-0.25383	0.04893	0.25032	0.07477	0.10431	-4.99667
8548	1.00000	0.04410	-0.03816	0.02736	0.03927	0.04410	-0.01861	0.06176	0.04295	-4.99668
8558	1.00000	0.05699	-0.03494	0.00681	0.05707	0.05699	-0.00744	0.05822	6.25711	-9.15812
8568	1.00000	0.01831	0.02470	0.02631	0.03421	0.01831	0.03909	0.05645	6.19268	-4.57906
8578	1.00000	-0.02843	0.06338	0.05038	0.03862	-0.02843	0.05677	0.07471	6.13592	-4.55188
8588	1.00000	-0.08001	0.04726	0.07775	0.02062	-0.08001	0.00838	0.05488	6.07917	-4.73452
8598	1.00000	-0.03810	-0.00754	0.04849	0.00657	-0.03810	-0.03070	0.02277	6.01781	-9.35357
8608	1.00000	-0.01231	-0.00754	0.01559	0.01260	-0.01231	-0.01581	0.04634	5.94571	-4.66257
8618	1.00000	0.01509	-0.06395	0.05868	0.03202	0.01509	-0.06513	0.06998	5.88435	-4.83907
8628	1.00000	-0.02521	-0.06395	-0.00690	0.09165	-0.02521	-0.08839	0.08536	5.82759	-9.43991
8638	1.00000	0.06505	-0.04622	0.05217	0.04195	0.06505	-0.01581	0.06915	5.76777	-9.07683
8648	1.00000	0.01831	-0.03010	-0.01453	0.02663	0.01831	-0.02419	0.04082	5.70027	-9.13086
8658	1.00000	0.00058	0.02953	0.03232	0.01190	0.00058	0.03443	0.00371	5.63278	-4.67678
8668	1.00000	-0.03488	0.04726	0.04701	0.01385	-0.03488	0.03443	0.03861	5.56682	-9.35357
8678	1.00000	-0.12513	0.00697	0.13248	-0.04718	-0.12513	-0.06420	0.04128	5.51006	-4.86979
8688	1.00000	-0.03004	-0.00270	0.03579	0.00633	-0.03004	-0.02047	0.05985	5.45023	-4.74918
8698	1.00000	0.00058	-0.03333	0.03809	-0.00204	0.00058	-0.03815	0.00713	5.38120	-9.43991
8708	1.00000	0.01509	-0.03816	0.03609	0.01323	0.01509	-0.03535	0.04754	5.30911	-4.85438
8718	1.00000	0.09406	-0.05428	0.09430	-0.00494	0.09406	-0.00837	0.07559	5.24928	-4.80873
8728	1.00000	0.04249	-0.00754	0.04497	0.00573	0.04249	0.01582	0.04473	5.19406	-9.35357
8738	1.00000	0.03120	0.01019	0.03951	0.01731	0.03120	0.02978	0.01542	5.12810	-9.29688
8748	1.00000	0.00864	0.01019	0.01186	0.01465	0.00864	0.01675	0.01865	5.05293	-9.38217
8758	1.00000	-0.03971	0.03437	0.04309	0.00081	-0.03971	0.01675	0.04251	4.98544	-9.13086
8768	1.00000	-0.05422	0.06338	0.04250	0.05373	-0.05422	0.04188	0.08492	4.93021	-4.85438
8778	1.00000	-0.00103	-0.03977	0.03567	-0.02988	-0.00103	-0.04652	0.04047	4.87346	-4.86979
8788	1.00000	0.00380	-0.01399	0.01415	-0.00301	0.00380	-0.01395	0.02861	4.79829	-9.15812
8798	1.00000	0.05054	-0.01237	0.03035	-0.04307	0.05054	0.01489	0.02375	4.72466	-9.49836
8808	1.00000	0.06666	-0.03977	0.06663	0.00774	0.06666	-0.00744	0.01283	4.66637	-4.67678
8818	1.00000	0.04249	0.02308	0.06418	-0.01749	0.04249	0.05118	0.03091	4.60961	-4.67678
8828	1.00000	0.00542	0.06660	0.07662	-0.02375	0.00542	0.08003	0.07602	4.56206	-4.56543
8838	1.00000	-0.00748	0.01664	0.01624	-0.00373	-0.00748	0.01489	0.03736	4.49763	-4.57906
8848	1.00000	-0.07356	0.02470	0.05682	-0.04874	-0.07356	-0.01395	0.04140	4.42707	-9.10377
8858	1.00000	-0.06389	-0.00109	0.06692	-0.03252	-0.06389	-0.03815	0.06574	4.37338	0.00000
8868	1.00000	-0.03649	-0.04783	0.07494	-0.03920	-0.03649	-0.07630	0.23215	4.32122	-4.69109
8878	1.00000	0.03926	-0.04944	0.02271	-0.04702	0.03926	-0.03442	0.02763	4.25833	-4.85438
8888	1.00000	0.04571	-0.01399	0.01621	-0.04395	0.04571	0.01024	0.04940	4.18470	-9.70877
8898	1.00000	0.05216	-0.02849	0.05079	-0.01217	0.05216	-0.00279	0.05826	4.12181	-9.49836
8908	1.00000	0.07472	-0.00754	0.08118	-0.01339	0.07472	0.03443	0.05570	4.07119	-4.52503
8918	1.00000	0.02637	-0.00754	0.02216	0.01571	0.02637	0.00652	0.05746	4.01596	-9.07683
8928	1.00000	-0.01070	0.01180	0.00795	-0.01033	-0.01070	0.00745	0.01462	3.94386	-4.56543
8938	1.00000	-0.01392	0.02308	0.02293	0.00381	-0.01392	0.01862	0.03861	3.87637	-4.69109
8948	1.00000	-0.06389	0.03759	0.06420	-0.00136	-0.06389	0.00652	0.07057	3.82115	-4.67678
8958	1.00000	-0.03971	-0.01721	0.05403	-0.02212	-0.03971	-0.04280	0.02559	3.76899	-4.74918
8968	1.00000	0.01670	-0.03010	0.01461	-0.02639	0.01670	-0.02512	0.01468	3.70763	-9.43991
8978	1.00000	0.00703	-0.01237	0.01201	-0.00312	0.00703	-0.01023	0.04073	3.63247	-4.86979
8988	1.00000	0.05216	-0.03977	0.05298	-0.01276	0.05216	-0.01581	0.03854	3.57111	-4.85438
8998	1.00000	0.06827	-0.02043	0.06889	-0.01288	0.06827	0.01582	0.08947	3.52049	-4.57906
9008	1.00000	0.02637	0.03275	0.05310	-0.02625	0.02637	0.05305	0.02711	3.46373	-4.63440
9018	1.00000	-0.05099	0.03920	0.02689	-0.04612	-0.05099	0.01582	0.05074	3.39010	-9.35357
9028	1.00000	-0.01070	0.02792	0.02735	0.00676	-0.01070	0.02606	0.02050	3.32107	-9.35357
9038	1.00000	-0.11063	0.05532	0.10576	-0.03243	-0.11063	0.00001	0.05541	3.26738	-9.29688
9048	1.00000	-0.02037	-0.01237	0.02670	-0.01951	-0.02037	-0.02605	0.02118	3.21216	-4.85438
9058	1.00000	0.00542	-0.01237	0.00594	-0.01089	0.00542	-0.01116	0.00372	3.14926	-4.82385
9068	1.00000	-0.00748	-0.01237	0.01685	0.01086	-0.00748	-0.01861	0.01415	3.07563	-9.43991
9078	1.00000	0.02476	-0.00754	0.01556	-0.02005	0.02476	0.00559	0.07418	3.01581	-9.46904
9088	1.00000	0.06505	-0.05911	0.06775	0.02417	0.06505	-0.03070	0.07559	2.96212	-9.61746
9098	1.00000	0.09084	-0.03655	0.08241	0.03956	0.09084	0.01024	0.05727	2.90076	-4.67678
9108	1.00000	0.07472	-0.00915	0.05123	0.06340	0.07472	0.03257	0.02058	2.83326	-9.38144
9118	1.00000	0.00058	0.03920	0.04066	0.02065	0.00058	0.04560	0.01416	2.76730	-9.15812
9128	1.00000	-0.03649	0.06982	0.05833	0.03842	-0.03649	0.05956	0.04350	2.70748	-9.13086
9138	1.00000	-0.04455	-0.00109	0.04844	-0.01912	-0.04455	-0.02698	0.02778	2.65072	-4.73452
9148	1.00000	-0.03165	0.01825	0.01938	0.02518	-0.03165	0.00280	0.05204	2.59089	-4.82385
9158	1.00000	-0.02682	-0.01237	0.02981	0.02677	-0.02682	-0.02977	0.05825	2.52340	-4.69109
9168	1.00000	0.01992	-0.06395	0.05944	0.02737	0.01992	-0.06234	0.21263	2.45590	-9.46904
9178	1.00000	0.06827	-0.04461	0.06933	-0.00094	0.06827	-0.01209	0.21203	2.39915	-4.86979
9188	1.00000	0.04410	-0.01076	0.04568	0.00525	0.04410	0.01303	0.06908	2.34392	-4.56543
9198	1.00000	-0.00587	-0.01076	-0.01674	0.00205	-0.00587	-0.01581	0.04343	2.27950	-9.13086
9208	1.00000	0.02314	0.02470	0.03378	0.03389	0.02314	0.04188	0.03571	2.21047	-4.55188
9218	1.00000	-0.03165	0.05048	0.04813	0.01694	-0.03165	0.04002	0.04383	2.14604	-4.57906
9228	1.00000	-0.03649	0.04242	0.03618	0.02831	-0.03649	0.02792	0.05850	2.09388	-4.52503
9238	1.00000	-0.03649	-0.01560	0.05238	-0.01070	-0.03649	-0.03908	0.06412	2.03866	-4.73452
9248	1.00000	-0.02682	-0.01237	0.03471	0.02002	-0.02682	-0.02977	0.03233	1.96810	-9.73959
9258	1.00000	0.00542	-0.04300	0.04251	0.01966	0.00542	-0.04652	0.05764	1.90060	-4.80873
9268	1.00000	0.06505	-0.07845	0.07872	0.02911	0.06505	-0.05303	0.07196	1.84078	-9.46904
9278	1.00000	0.02314	-0.05267	0.01101	0.05164	0.02314	-0.04745	0.06753	1.78709	-4.56543
9288	1.00000	0.05538	-0.01399	0.04675	0.03363	0.05538	0.01582	0.03287	1.72573	-9.15812
9298	1.00000	0.04249	0.00536	0.02675	0.04508	0.04249	0.03071	0.02629	1.65517	-4.67678
9308	1.00000	-0.02521	0.04726	0.04487	0.01494	-0.02521	0.04002	0.02686	1.58614	-4.63440
9318	1.00000	-0.08806	0.07627	0.09366	0.01919	-0.08806	0.03723	0.09137	1.54779	-4.67678
9328	1.00000	-0.03488	0.03114	0.02969	0.02419	-0.03488	0.01582	0.07720	1.31309	0.00000
9338	1.00000	-0.01554	-0.01237	0.02778	-0.00326	-0.01554	-0.02326	0.02211	1.44194	-4.74918
9348	1.00000	-0.02198	-0.02688	0.04120	0.02642	-0.02198	-0.04373	0.05438	1.36831	-9.49836
9358	1.00000	0.03926	-0.12036	0.10433	0.06468	0.03926	-0.11631	0.05661	1.30082	-9.73959
9368	1.00000	0.05538	-0.04461	0.05727	0.01296	0.05538	-0.01954	0.06496	1.24866	-4.74918
9378	1.00000	0.05216	-0.03977	0.03982	0.03720	0.05216	-0.01581	0.07291	1.19651	-4.63440
9388	1.00000	0.03926	-0.01237	0.02372	0.03239	0.03926	0.00838	0.02717	1.12901	-4.67678
9398	1.00000	0.00380	0.02470	0.02673	0.01560	0.00380	0.03071	0.15064	1.05691	-4.69109
9408	1.00000	-0.02359	0.03437	0.03309	0.01186	-0.02359	0.02606	0.05720	0.99862	-4.66257
9418	1.00000	-0.04294	0.03920	0.04188	0.02256	-0.04294	0.02048	0.06937	0.94953	-4.85438
9428	1.00000	-0.04616	-0.00109	0.05377	0.00425	-0.04616	-0.02791	0.05541	0.89584	-4.86979
9438	1.00000	-0.01715	-0.01237	0.02654	0.01321	-0.01715	-0.02419	0.01993	0.82221	-9.49836
9448	1.00000	-0.00103	-0.03655	0.03546	0.02399	-0.00103	-0.04280	0.05801	0.75779	-4.74918
9458	1.00000	0.05699	-0.11552	0.09229	0.06948	0.05699	-0.10049	0.06459	0.70563	0.00000
9468	1.00000	0.05860	-0.06073	0.05264	0.04449	0.05860	-0.03629	0.07658	0.65501	-9.29688
9478	1.00000	0.03926	-0.02849	0.01983	0.03540	0.03926	-0.01023	0.05553	0.59058	-9.32496
9488	1.00000	-0.06228	0.00213	-0.03176	-0.06317	-0.06228	-0.03349	0.03724	0.52002	210.54639
9498	1.00000	-0.00103	0.04887	0.04267	0.03602	-0.00103	0.05584	0.05255	0.45866	-4.99669
9508	1.00000	-0.05744	0.03920	0.05848	-0.00509	-0.05744	0.01210	0.03822	0.40957	-4.99660
9518	1.00000	-0.05261	0.02147	0.05225	0.00825	-0.05261	-0.00558	0.03753	0.35742	-4.99669
9528	1.00000	-0.04132	0.00536	0.03750	0.02477	-0.04132	-0.01767	0.17663	0.29146	-9.99329
9538	1.00000	-0.03165	-0.03494	0.05284	0.04056	-0.03165	-0.05862	0.05858	0.22243	-9.96089
9548	1.00000	0.04410	-0.05911	0.06142	0.00210	0.04410	-0.04280	0.08413	0.16260	-4.99669
9558	1.00000	0.07150	-0.05267	0.07383	0.00646	0.07150	-0.01954	0.06225	0.11351	-9.92866
9568	1.00000	0.05054	-0.05750	0.02961	0.05534	0.05054	-0.03722	0.07536	0.05369	-4.98047
9578	1.00000	0.01347	-0.06234	-0.05510	0.03559	0.01347	-0.06420	0.13221	6.26785	-9.99339
9588	1.00000	0.01347	0.03920	0.04493	0.03125	0.01347	0.05305	0.01959	6.20188	-9.15812
9598	1.00000	-0.01876	0.04242	0.03602	0.02258	-0.01876	0.03816	0.06549	6.14513	-4.56543
9608	1.00000	-0.03810	0.04081	0.03715	0.02651	-0.03810	0.02513	0.05101	6.08990	-4.57906
9618	1.00000	-0.04455	-0.00432	0.05387	0.00494	-0.04455	-0.03070	0.03845	6.02701	-4.85438
9628	1.00000	-0.06389	0.00697	0.03607	0.06010	-0.06389	-0.02884	0.03651	5.95952	-9.70877
9638	1.00000	0.01509	-0.06073	0.05820	0.02473	0.01509	-0.06141	0.03942	5.89202	-9.46904
9648	1.00000	0.06505	-0.04300	0.06592	-0.00570	0.06505	-0.01209	0.11138	5.83373	-9.70877
9658	1.00000	0.09084	-0.02849	0.09197	0.01318	0.09084	0.01955	0.05299	5.77544	-9.13086
9668	1.00000	0.05216	-0.00109	0.05160	0.02982	0.05216	0.02885	0.06678	5.71561	-9.13086
9678	1.00000	0.02637	0.02147	0.03337	0.03439	0.02637	0.04002	0.04192	5.64505	-9.15812
9688	1.00000	-0.02843	0.02147	0.02793	-0.00990	-0.02843	0.00838	0.03116	5.57755	-4.56543
9698	1.00000	-0.05099	-0.05267	0.05223	-0.08953	-0.05099	-0.09026	0.03524	5.52080	-4.47226
9708	1.00000	-0.05905	-0.00109	0.06849	0.00678	-0.05905	-0.03535	0.23124	5.46404	-4.71995
9718	1.00000	-0.01876	-0.02688	0.04483	0.00975	-0.01876	-0.04187	0.03587	5.39501	-9.38217
9728	1.00000	0.00703	-0.03816	0.03694	0.01689	0.00703	-0.04001	0.04725	5.32291	-9.67814
9738	1.00000	0.04893	-0.05428	0.05577	0.02167	0.04893	-0.03442	0.07658	5.25849	-4.74918
9748	1.00000	0.04893	-0.03333	0.04250	0.02631	0.04893	-0.01023	0.17403	5.20480	-4.63440
9758	1.00000	0.03120	-0.01237	0.01943	0.02470	0.03120	0.00373	0.04369	5.14344	-9.35357
9768	1.00000	-0.03165	0.02470	0.01763	-0.02822	-0.03165	0.01024	0.02425	5.06827	-9.38217
9778	1.00000	-0.01070	0.02147	0.01830	0.01123	-0.01070	0.01862	0.03822	4.99618	-9.35211
9788	1.00000	-0.03649	-0.13809	0.05883	-0.17451	-0.03649	-0.18052	0.10189	4.94095	-4.86979
9798	1.00000	-0.02037	-0.01721	0.03631	-0.00987	-0.02037	-0.03163	0.06415	4.88419	-4.83907
9808	1.00000	0.01186	-0.01399	0.00813	-0.01269	0.01186	-0.00930	0.03789	4.81363	-9.49836
9818	1.00000	0.04571	-0.01237	0.02224	-0.04172	0.04571	0.01210	0.01678	4.73847	-9.46904
9828	1.00000	0.06021	-0.00109	0.05670	-0.03916	0.06021	0.03350	0.06657	4.67557	-9.67814
9838	1.00000	0.11662	-0.00432	0.13224	0.00038	0.11662	0.06235	0.07357	4.62188	-4.69109
9848	1.00000	-0.01070	0.01664	0.00730	-0.01520	-0.01070	0.01303	0.03376	4.56052	-9.38217
9858	1.00000	-0.01231	0.00858	0.00693	-0.01056	-0.01231	0.00280	0.02608	4.48689	-4.57906
9868	1.00000	-0.04616	-0.01076	0.02711	-0.05406	-0.04616	-0.03908	0.02041	4.41633	-4.56543
9878	1.00000	-0.04777	-0.02204	0.05680	-0.04322	-0.04777	-0.05303	0.08454	4.36418	-4.74918
9888	1.00000	-0.08323	-0.03333	0.11983	-0.00731	-0.08323	-0.08653	0.20584	4.31355	-4.73452
9898	1.00000	0.02476	-0.04138	0.03034	-0.02853	0.02476	-0.03349	0.05153	4.24452	-9.70877
9908	1.00000	0.03120	-0.01882	0.02277	-0.02166	0.03120	-0.00372	0.04309	4.17243	-4.86979
9918	1.00000	0.06505	-0.03333	0.06408	-0.01120	0.06505	-0.00093	0.05788	4.11260	-4.71995
9928	1.00000	0.05054	-0.01237	0.05251	0.00437	0.05054	0.01489	0.06955	4.06352	-4.56543
9938	1.00000	0.00542	0.00536	0.01075	-0.00072	0.00542	0.00931	0.02470	4.00522	-9.13086
9948	1.00000	0.01025	0.00858	0.01392	0.01272	0.01025	0.01582	0.01534	3.93313	-9.38144
9958	1.00000	-0.03649	0.03114	0.03827	-0.00942	-0.03649	0.01489	0.04382	3.86563	-4.64844
9968	1.00000	-0.04132	0.02308	0.04137	0.00191	-0.04132	0.00280	0.05743	3.81348	-9.32514
9978	1.00000	0.02314	-0.00915	-0.02149	-0.00904	0.02314	0.00280	0.04450	3.76132	-4.85438
9988	1.00000	0.01992	-0.00432	-0.01285	-0.01656	0.01992	0.00652	0.01793	3.69383	-9.49836
9998	1.00000	-0.10257	-0.04783	0.05611	0.14308	-0.10257	-0.11445	0.05884	3.62173	-4.86979
10008	1.00000	0.06666	-0.03977	0.06370	-0.02100	0.06666	-0.00744	0.05064	3.56344	0.00000
10018	1.00000	0.05216	-0.04300	0.04925	0.02599	0.05216	-0.01954	0.06640	3.51282	-4.63440
10028	1.00000	-0.00103	-0.03494	-0.02919	0.02871	-0.00103	-0.04094	0.03625	3.45146	-4.67678
10038	1.00000	0.02637	-0.00109	0.01376	0.02647	0.02637	0.01396	0.01384	3.37783	-9.29688
10048	1.00000	-0.00264	0.02147	0.01882	0.01393	-0.00264	0.02327	0.02901	3.31033	-4.69109
10058	1.00000	-0.05744	0.04887	0.06106	0.01058	-0.05744	0.02327	0.06397	3.25971	-4.56543
10068	1.00000	-0.03649	0.01180	0.03666	0.00653	-0.03649	-0.00744	0.05305	3.20142	-4.86979
10078	1.00000	0.04571	0.00697	-0.05177	-0.02439	0.04571	0.03443	0.15580	3.13699	-9.73959
10088	1.00000	0.01186	-0.04138	0.04261	0.00112	0.01186	-0.04094	0.08162	3.06643	-9.46904
10098	1.00000	0.04732	-0.04622	0.05389	-0.00364	0.04732	-0.02605	0.04563	3.00507	-9.73959
10108	1.00000	0.04893	-0.03816	0.04888	0.01596	0.04893	-0.01581	0.11446	2.95138	-4.67678
10118	1.00000	0.05538	-0.01237	0.05422	0.02096	0.05538	0.01769	0.05425	2.89002	-9.29688
10128	1.00000	0.03443	-0.02366	-0.00279	0.03511	0.03443	-0.00744	0.04288	2.81946	-9.35357
10138	1.00000	-0.00425	0.03759	0.03667	0.01871	-0.00425	0.04095	0.01865	2.75503	-4.57906
10148	1.00000	-0.03649	0.04404	0.04429	0.01602	-0.03649	0.02978	0.03986	2.69827	-4.53842
10158	1.00000	-0.02682	0.00858	0.02730	0.00224	-0.02682	-0.00558	0.03753	2.63998	-4.74918
10168	1.00000	-0.01392	-0.01399	0.02776	-0.00288	-0.01392	-0.02419	0.01107	2.57862	-4.85438
10178	1.00000	-0.00748	-0.01721	0.02298	0.01063	-0.00748	-0.02419	0.06467	2.51113	-9.70877
10188	1.00000	0.01347	0.03437	-0.02080	-0.04474	0.01347	0.04746	0.06361	2.44670	-9.46904
10198	1.00000	0.07150	-0.06395	0.07450	0.02493	0.07150	-0.03256	0.07755	2.39148	-9.38217
10208	1.00000	0.04571	-0.03655	0.03242	0.03589	0.04571	-0.01581	0.05849	2.33472	-4.56543
10218	1.00000	0.06505	-0.01237	0.04374	0.05347	0.06505	0.02327	0.05583	2.26722	-9.05006
10228	1.00000	0.02476	0.01180	0.01550	0.03395	0.02476	0.02792	0.05437	2.19973	-9.15812
10238	1.00000	-0.05422	0.07627	0.07545	0.02162	-0.05422	0.05677	0.08482	2.14757	-4.57906
10248	1.00000	-0.06066	0.03114	0.06065	-0.00148	-0.06066	0.00094	0.13653	2.10155	-9.26879
10258	1.00000	-0.01554	0.02147	0.00532	0.02153	-0.01554	0.01582	0.22890	2.04633	-4.71995
10268	1.00000	-0.01554	-0.01237	0.02690	0.00766	-0.01554	-0.02326	0.02559	1.97884	-9.73959
10278	1.00000	0.00542	-0.04138	0.04260	0.01446	0.00542	-0.04466	0.02172	1.90981	-9.64771
10288	1.00000	0.06344	-0.05428	0.06856	-0.00168	0.06344	-0.02605	0.05305	1.84845	-4.73452
10298	1.00000	-0.06066	-0.14615	0.20915	0.03816	-0.06066	-0.20378	0.20090	1.79629	-4.73415
10308	1.00000	0.08117	-0.01237	0.08670	0.01153	0.08117	0.03257	0.06372	1.76408	0.00000
10318	1.00000	0.09245	-0.00754	0.07592	0.06912	0.09245	0.04467	0.02429	1.69965	-9.15812
10328	1.00000	-0.00748	0.06338	0.06809	0.01272	-0.00748	0.06886	0.04141	1.63983	-4.57906
10338	1.00000	-0.03649	0.03114	0.03802	-0.01036	-0.03649	0.01489	0.04076	1.58307	-4.64844
10348	1.00000	-0.05422	0.04404	0.05560	0.01516	-0.05422	0.01955	0.05802	1.53245	-4.69109
10358	1.00000	-0.05099	0.23744	-0.07917	0.23710	-0.05099	0.24473	0.06468	1.47722	-9.46904
10368	1.00000	-0.03165	0.00697	0.02094	0.02585	-0.03165	-0.01023	0.03512	1.41280	-9.49836
10378	1.00000	0.01025	-0.05428	0.05543	0.01594	0.01025	-0.05676	0.02559	1.33763	-9.73959
10388	1.00000	0.04410	-0.05589	0.05620	0.01768	0.04410	-0.03908	0.07036	1.27781	-4.74918
10398	1.00000	0.05216	0.00858	0.05711	-0.03255	0.05216	0.04002	0.06038	1.22718	-9.15812
10408	1.00000	0.04410	-0.03171	0.02424	0.03849	0.04410	-0.01116	0.05474	1.16889	-9.07683
10418	1.00000	0.02637	-0.00432	0.01068	0.02619	0.02637	0.01024	0.05229	1.09373	-9.13086
10428	1.00000	-0.01876	0.02953	0.02987	0.00090	-0.01876	0.02327	0.04147	1.02930	-4.63440
10438	1.00000	-0.05744	0.06015	0.06472	0.02065	-0.05744	0.03630	0.05768	0.97715	-4.64826
10448	1.00000	-0.05422	0.02792	0.05176	0.01616	-0.05422	0.00094	0.06226	0.92806	-9.70877
10458	1.00000	-0.03649	-0.00109	0.03950	0.01643	-0.03649	-0.02233	0.02552	0.86363	-9.49836
10468	1.00000	-0.03488	-0.02849	0.04655	0.04314	-0.03488	-0.05303	0.05185	0.79307	-9.49836
10478	1.00000	0.00542	-0.05267	0.04184	0.04008	0.00542	-0.05769	0.07468	0.73324	-4.85438
10488	1.00000	0.05699	-0.01237	0.05293	-0.02817	0.05699	0.01862	0.10261	0.68416	-4.73452
10498	1.00000	0.05860	-0.05589	0.04113	0.05182	0.05860	-0.03070	0.06985	0.62740	-4.57906
10508	1.00000	0.03604	-0.03816	-0.00620	0.04244	0.03604	-0.02326	0.05537	0.55990	-4.67678
10518	1.00000	0.02637	0.02470	0.03278	0.03916	0.02637	0.04374	0.04849	0.49241	-4.96435
10528	1.00000	-0.03810	0.07627	0.06869	0.03314	-0.03810	0.06607	0.05012	0.43718	-4.98047
10538	1.00000	-0.04616	0.03598	0.04695	0.01218	-0.04616	0.01489	0.05766	0.38810	-4.99660
10548	1.00000	-0.03165	0.03759	0.01324	0.03819	-0.03165	0.02513	0.03035	0.32981	-4.99669
10558	1.00000	-0.02521	0.00858	0.01063	0.02332	-0.02521	-0.00465	0.06185	0.25924	-9.99339
10568	1.00000	-0.01554	-0.04138	0.04383	0.03926	-0.01554	-0.05676	0.07457	0.19635	-4.99669
10578	1.00000	0.06505	-0.06395	0.07446	0.00191	0.06505	-0.03629	0.09754	0.14266	-4.99665
10588	1.00000	0.04571	-0.06395	0.04123	0.05139	0.04571	-0.04745	0.07278	0.08744	-4.99667
10598	1.00000	0.08761	-0.04622	0.06124	0.06271	0.08761	-0.00279	0.05822	0.02608	-9.99336
10608	1.00000	0.05699	-0.00109	0.03329	0.05604	0.05699	0.03164	0.08368	6.23717	-9.07683
10618	1.00000	0.03926	0.03437	0.02382	0.06972	0.03926	0.06235	0.05825	6.17427	-4.56543
10628	1.00000	-0.03810	0.03920	0.04346	0.01020	-0.03810	0.02327	0.06449	6.12212	0.00000
10638	1.00000	-0.04616	0.01180	0.04786	0.00314	-0.04616	-0.01302	0.01952	6.06229	-4.73452
10648	1.00000	-0.00264	0.01341	-0.01047	0.00961	-0.00264	0.01396	0.30015	5.99940	-4.73452
10658	1.00000	-0.01876	-0.03494	0.04531	0.03028	-0.01876	-0.05117	0.05772	5.92884	-9.70877
10668	1.00000	0.03765	-0.06234	0.05992	0.01875	0.03765	-0.05024	0.05333	5.86594	-9.70877
10678	1.00000	-0.08806	-0.05750	-0.08806	0.11724	-0.08806	-0.11724	0.06753	5.80765	-4.56543
10688	1.00000	0.04410	-0.01560	0.03980	0.02040	0.04410	0.00745	0.14547	5.74936	-9.26879
10698	1.00000	0.01831	0.00536	0.01961	0.01521	0.01831	0.01675	0.02327	5.67880	-9.35357
10708	1.00000	-0.00587	0.03920	0.03808	0.01839	-0.00587	0.04188	0.01456	5.60977	-9.29688
10718	1.00000	-0.06550	0.04081	0.06558	-0.00870	-0.06550	0.00931	0.05421	5.54687	-4.64844
10728	1.00000	-0.03327	0.01825	0.03059	0.01320	-0.03327	0.00187	0.04932	5.49165	-9.73959
10738	1.00000	-0.01715	-0.00432	0.02173	0.00659	-0.01715	-0.01488	0.02901	5.42722	-4.74918
10748	1.00000	-0.03165	-0.21867	0.25626	0.09297	-0.03165	-0.27078	0.10485	5.35666	-9.46904
10758	1.00000	0.03282	-0.05267	0.05010	0.01789	0.03282	-0.04187	0.05241	5.28763	-4.85438
10768	1.00000	-0.04132	-0.11714	-0.05100	0.15627	-0.04132	-0.15912	0.12365	5.23394	-408.74060
10778	1.00000	0.05860	-0.02043	0.05529	0.02194	0.05860	0.01024	0.06678	5.18639	-4.67678
10788	1.00000	0.00058	0.01503	0.01693	-0.00515	0.00058	0.01769	0.01100	5.12043	-4.69109
10798	1.00000	-0.00748	0.02470	0.02491	0.00458	-0.00748	0.02420	0.01564	5.04680	-9.13086
10808	1.00000	-0.03488	0.03759	0.04034	0.01140	-0.03488	0.02327	0.04382	4.97930	-4.57906
10818	1.00000	-0.04777	-0.02204	0.06172	-0.03584	-0.04777	-0.05303	0.07543	4.92408	-9.73959
10828	1.00000	-0.01231	-0.01721	0.02902	-0.00609	-0.01231	-0.02698	0.05809	4.86425	-4.86979
10838	1.00000	0.02314	-0.03655	0.03181	-0.01886	0.02314	-0.02884	0.03737	4.79216	-9.64771
10848	1.00000	0.01670	-0.02204	0.02266	0.00394	0.01670	-0.01581	0.04144	4.71699	-9.49836
10858	1.00000	0.06666	-0.03655	0.06622	0.00850	0.06666	-0.00372	0.06847	4.65870	-4.67533
10868	1.00000	0.13758	0.01503	0.16810	-0.00584	0.13758	0.09678	0.09333	4.61882	0.00000
10878	1.00000	0.04571	0.02147	0.06688	0.01536	0.04571	0.05118	0.02629	4.56819	-4.57906
10888	1.00000	-0.08645	0.01664	-0.00471	-0.09162	-0.08645	-0.03070	0.02864	4.49303	-9.10377
10898	1.00000	-0.03810	0.01664	0.03269	-0.01977	-0.03810	-0.00279	0.05317	4.42093	-4.57906
10908	1.00000	-0.03649	0.00858	0.03756	-0.00672	-0.03649	-0.01116	0.01678	4.37031	-4.83907
10918	1.00000	-0.02843	-0.05267	0.07191	-0.04002	-0.02843	-0.07723	0.09117	4.31662	-9.49836
10928	1.00000	0.02476	-0.03816	0.02469	-0.02982	0.02476	-0.02977	0.05553	4.25066	-4.86979
10938	1.00000	0.04571	-0.01560	0.02063	-0.04164	0.04571	0.00838	0.04982	4.17703	-9.67814
10948	1.00000	0.05860	-0.01399	0.05278	-0.03099	0.05860	0.01769	0.06029	4.11720	-4.71995
10958	1.00000	-0.07678	0.16008	0.14400	-0.07002	-0.07678	0.14051	0.17738	4.06812	-4.57906
10968	1.00000	0.03926	0.00052	0.04520	0.00630	0.03926	0.02327	0.06188	4.03437	-4.63440
10978	1.00000	-0.01554	-0.00432	-0.01724	-0.01178	-0.01554	-0.01395	0.01569	3.96994	-9.35357
10988	1.00000	-0.02521	0.00374	0.00546	-0.02665	-0.02521	-0.01023	0.14950	3.89631	-9.38217
10998	1.00000	-0.04616	0.03598	0.04850	0.00018	-0.04616	0.01489	0.05723	3.83802	-4.56543
11008	1.00000	-0.06066	-0.01237	0.07036	-0.03406	-0.06066	-0.04931	0.05252	3.78893	-4.85438
11018	1.00000	-0.01392	-0.02043	0.03284	-0.01077	-0.01392	-0.03163	0.05570	3.73064	-4.86979
11028	1.00000	-0.00264	-0.03655	0.04364	0.00385	-0.00264	-0.04373	0.04848	3.66161	-4.63440
11038	1.00000	0.03926	-0.02366	0.03108	-0.02443	0.03926	-0.00465	0.01678	3.59412	-9.49836
11048	1.00000	0.06666	-0.03816	0.06661	-0.00621	0.06666	-0.00558	0.08726	3.54043	-4.86979
11058	1.00000	0.03926	0.03920	0.06167	-0.04850	0.03926	0.06793	0.08176	3.48827	-4.56543
11068	1.00000	0.01025	-0.00109	0.00888	0.00693	0.01025	0.00466	0.01928	3.42231	-9.13086
11078	1.00000	0.05216	0.02308	0.03692	0.06767	0.05216	0.05677	0.10992	3.35021	-9.07683
11088	1.00000	-0.03649	0.02953	0.03804	-0.00735	-0.03649	0.01303	0.04635	3.28732	-9.10377
11098	1.00000	-0.05422	0.02792	0.05418	0.00218	-0.05422	0.00094	0.04564	3.23517	-4.51172
11108	1.00000	-0.01231	-0.01237	0.02289	-0.00926	-0.01231	-0.02140	0.02211	3.17687	-9.43991
11118	1.00000	-0.00264	-0.01399	0.01787	0.00032	-0.00264	-0.01767	0.00886	3.10478	-9.73959
11128	1.00000	0.00864	-0.06395	0.06186	0.03145	0.00864	-0.06885	0.08445	3.03882	-4.86979
11138	1.00000	0.05054	-0.07845	0.06790	0.04141	0.05054	-0.06141	0.06406	2.98359	-4.71995
11148	1.00000	0.03604	-0.04300	0.02629	0.03794	0.03604	-0.02884	0.05427	2.92530	-9.13086
11158	1.00000	0.03926	-0.01237	0.02878	0.02799	0.03926	0.00838	0.02077	2.86087	-9.13086
11168	1.00000	0.01025	0.01825	0.02486	0.01468	0.01025	0.02699	0.01576	2.79338	-4.69109
11178	1.00000	-0.02521	0.02147	0.02594	-0.00820	-0.02521	0.01024	0.02967	2.72895	-9.38217
11188	1.00000	-0.02198	0.02147	0.02275	0.01059	-0.02198	0.01210	0.04561	2.67373	-9.32514
11198	1.00000	-0.03327	0.01986	0.02662	0.02030	-0.03327	0.00373	0.05619	2.61697	-4.80873
11208	1.00000	-0.04455	0.01019	0.02670	0.03829	-0.04455	-0.01395	0.04581	2.54948	-9.46904
11218	1.00000	0.00542	-0.04461	0.04613	0.01557	0.00542	-0.04838	0.05731	2.48198	-4.85438
11228	1.00000	0.04893	-0.06878	0.06653	0.02422	0.04893	-0.05117	0.05727	2.42216	-4.82385
11238	1.00000	0.06666	-0.03655	0.06514	0.01465	0.06666	-0.00372	0.05690	2.36693	-4.57906
11248	1.00000	0.03926	0.09078	0.11819	-0.06184	0.03926	0.12749	0.12584	2.30864	-9.26879
11258	1.00000	0.02314	0.01019	0.02600	0.02216	0.02314	0.02513	0.03287	2.23961	-4.67678
11268	1.00000	-0.00909	0.01503	0.01511	0.00091	-0.00909	0.01210	0.05586	2.17212	-9.38217
11278	1.00000	0.03765	0.05693	-0.01872	0.09337	0.03765	0.08747	0.09095	2.11536	-9.38217
11288	1.00000	-0.03649	0.01180	0.03674	0.00608	-0.03649	-0.00744	0.04460	2.06167	-9.64771
11298	1.00000	0.05699	-0.01237	-0.04556	-0.03896	0.05699	0.01862	0.02278	1.99878	-4.71995
11308	1.00000	-0.01876	-0.03333	0.04378	0.02944	-0.01876	-0.04931	0.04928	1.92668	-4.85438
11318	1.00000	0.03926	-0.18160	0.13573	0.13453	0.03926	-0.18703	0.06413	1.86379	-4.85438
11328	1.00000	0.07150	0.06015	0.07234	-0.11018	0.07150	0.11074	0.05670	1.81163	-9.43991
11338	1.00000	0.06666	-0.03977	0.05015	0.04454	0.06666	-0.00744	0.05805	1.75334	-4.56543
11348	1.00000	0.03120	0.09078	0.12671	0.00236	0.03120	0.12283	0.06197	1.68431	-9.26879
11358	1.00000	0.00380	0.03759	0.03606	0.02816	0.00380	0.04560	0.00612	1.61221	-9.35357
11368	1.00000	-0.06228	0.03759	0.06129	-0.01331	-0.06228	0.00745	0.05797	1.55546	-4.69109
11378	1.00000	-0.05744	0.00858	0.06133	-0.00888	-0.05744	-0.02326	0.05377	1.50177	-4.83907
11388	1.00000	-0.06550	0.00213	0.06892	0.02810	-0.06550	-0.03535	0.04440	1.44348	-9.43991
11398	1.00000	-0.02843	-0.02366	0.04053	0.03283	-0.02843	-0.04373	0.03703	1.36831	-9.46904
11408	1.00000	0.01831	-0.04944	0.04414	0.02347	0.01831	-0.04652	0.06404	1.30235	-4.86979
11418	1.00000	0.04893	0.06015	0.03723	-0.10274	0.04893	0.09771	0.06957	1.25019	-4.73452
11428	1.00000	0.03926	-0.03816	0.02517	0.03695	0.03926	-0.02140	0.06029	1.19497	-4.57906
11438	1.00000	-0.01231	-0.01237	-0.02456	-0.00247	-0.01231	-0.02140	0.13987	1.13361	-4.67678
11448	1.00000	0.03282	0.00374	0.01304	0.03805	0.03282	0.02327	0.04957	1.06765	-4.69109
11458	1.00000	-0.02521	0.06015	0.05208	0.03062	-0.02521	0.05491	0.05786	1.00936	-4.67678
11468	1.00000	-0.06066	0.01019	0.05891	-0.02739	-0.06066	-0.02326	0.05445	0.96027	-4.56543
11478	1.00000	-0.03649	0.00213	0.04093	0.00136	-0.03649	-0.01861	0.03753	0.90658	-4.85438
11488	1.00000	-0.01554	-0.01076	0.02559	0.00664	-0.01554	-0.02140	0.02686	0.84062	-4.82385
11498	1.00000	0.00058	-0.06395	0.06834	0.02707	0.00058	-0.07351	0.03206	0.77313	-4.74918
11508	1.00000	0.03443	-0.06556	0.05837	0.02991	0.03443	-0.05583	0.08425	0.71790	-4.86979
11518	1.00000	0.05216	-0.01237	0.05180	-0.01694	0.05216	0.01582	0.08302	0.66882	-4.86979
11528	1.00000	0.03926	-0.03333	0.02278	0.03568	0.03926	-0.01581	0.05460	0.61052	-9.29688
11538	1.00000	0.05216	-0.01237	0.02383	0.04901	0.05216	0.01582	0.04310	0.53689	-9.29688
11548	1.00000	0.05054	0.02470	0.02395	0.07286	0.05054	0.05770	0.05552	0.47553	-4.99669
11558	1.00000	-0.03649	0.08272	0.06505	0.05140	-0.03649	0.07445	0.14337	0.42491	-4.94834
11568	1.00000	-0.05744	0.03437	0.05637	0.01281	-0.05744	0.00652	0.22925	0.37122	-4.99669
11578	1.00000	-0.01231	0.00536	0.00949	0.00789	-0.01231	-0.00093	0.03589	0.30986	-4.99669
11588	1.00000	-0.02521	-0.03010	0.04995	0.02391	-0.02521	-0.04931	0.04281	0.23930	-9.96094
11598	1.00000	0.01509	-0.04622	0.04444	0.01572	0.01509	-0.04466	0.04894	0.17794	-4.96435
11608	1.00000	0.04571	-0.06234	0.05805	0.02824	0.04571	-0.04559	0.08496	0.12732	-4.96435
11618	1.00000	0.06666	-0.06234	0.05415	0.05132	0.06666	-0.03349	0.07296	0.06903	-9.99336
11628	1.00000	0.05860	-0.04783	0.01458	0.06066	0.05860	-0.02140	0.06110	0.00460	-9.99336
11638	1.00000	0.03604	0.01664	0.03320	0.04240	0.03604	0.04002	0.10948	6.21876	-9.35357
11648	1.00000	-0.02037	0.06338	0.05534	0.03353	-0.02037	0.06142	0.04171	6.15740	-9.32514
11658	1.00000	-0.02198	0.04887	0.02616	0.04137	-0.02198	0.04374	0.05007	6.10371	-9.29688
11668	1.00000	-0.09129	0.02792	0.08921	0.02814	-0.09129	-0.02047	0.05486	6.04542	-4.86979
11678	1.00000	-0.04132	0.01503	0.01915	0.03719	-0.04132	-0.00651	0.05063	5.97639	-9.49836
11688	1.00000	-0.01231	-0.04300	0.04549	0.03610	-0.01231	-0.05676	0.06282	5.90736	-4.85438
11698	1.00000	0.01509	-0.05589	0.03737	0.04413	0.01509	-0.05583	0.05741	5.84907	-4.83757
11708	1.00000	-0.01392	-0.05750	-0.02861	0.07011	-0.01392	-0.07444	0.07877	5.79078	-9.13086
11718	1.00000	0.03120	-0.03010	0.00939	0.03414	0.03120	-0.01674	0.05381	5.73402	-9.35357
11728	1.00000	0.03120	0.00858	0.02744	0.03162	0.03120	0.02792	0.02763	5.66192	-4.51172
11738	1.00000	-0.01231	0.01503	0.01593	-0.00164	-0.01231	0.01024	0.02877	5.59289	-4.69109
11748	1.00000	-0.02682	0.01825	0.02730	0.00231	-0.02682	0.00559	0.04561	5.53307	-4.69109
11758	1.00000	-0.02521	-0.01076	0.03489	-0.01207	-0.02521	-0.02698	0.04207	5.47785	-4.82385
11768	1.00000	0.00703	-0.03010	0.02598	-0.01780	0.00703	-0.03070	0.01140	5.41188	-9.49836
11778	1.00000	0.01509	-0.14292	0.14983	0.04703	0.01509	-0.15632	0.02891	5.33979	-4.71995
11788	1.00000	0.03282	-0.05911	0.04924	0.03293	0.03282	-0.04931	0.05820	5.27229	-4.85438
11798	1.00000	0.08761	-0.03816	0.08700	0.01217	0.08761	0.00652	0.06640	5.21707	-4.67678
11808	1.00000	0.03926	0.00697	0.04894	0.00944	0.03926	0.03071	0.02629	5.15878	-9.32514
11818	1.00000	0.00058	0.01180	0.01390	0.00141	0.00058	0.01396	0.01347	5.08515	-9.35357
11828	1.00000	-0.02037	0.03920	0.03738	0.01183	-0.02037	0.03350	0.03977	5.01305	-4.56543
11838	1.00000	-0.07839	0.04081	0.07799	-0.00811	-0.07839	0.00187	0.08944	4.96550	-4.57906
11848	1.00000	-0.04616	-0.02688	0.06483	-0.03544	-0.04616	-0.05769	0.05520	4.91487	-4.85438
11858	1.00000	-0.02843	0.14235	-0.11120	0.10164	-0.02843	0.14796	0.06188	4.85812	-9.73959
11868	1.00000	0.01992	-0.03010	0.02781	-0.01283	0.01992	-0.02326	0.04033	4.77988	-9.49836
11878	1.00000	0.03604	-0.04138	0.04457	0.00633	0.03604	-0.02698	0.05532	4.70932	-4.74918
11888	1.00000	0.06827	-0.00109	0.07338	-0.02706	0.06827	0.03816	0.05650	4.65256	-4.67678
11898	1.00000	0.01992	0.03437	0.04939	-0.02402	0.01992	0.05118	0.02656	4.59887	-4.56543
11908	1.00000	-0.00425	0.03114	0.03279	-0.00807	-0.00425	0.03350	0.02885	4.52985	-9.05006
11918	1.00000	-0.05099	-0.01237	0.00246	-0.06713	-0.05099	-0.04373	0.02608	4.45315	-9.13086
11928	1.00000	-0.05744	0.02147	0.05554	-0.01688	-0.05744	-0.00837	0.06920	4.39486	-4.67678
11938	1.00000	-0.03165	-0.01399	0.04330	-0.01765	-0.03165	-0.03442	0.04890	4.34117	-9.43991
11948	1.00000	-0.00103	-0.04138	0.04161	-0.02470	-0.00103	-0.04838	0.06413	4.28748	-4.73452
11958	1.00000	0.04087	-0.03333	0.02464	-0.03584	0.04087	-0.01488	0.03522	4.21078	-9.73959
11968	1.00000	0.05216	-0.03977	0.05261	-0.01423	0.05216	-0.01581	0.06479	4.14482	-4.80873
11978	1.00000	0.06666	-0.03655	0.06627	0.00810	0.06666	-0.00372	0.06640	4.08959	-4.56543
11988	1.00000	0.05216	0.02308	0.07547	-0.01569	0.05216	0.05677	0.04126	4.03897	-4.57906
11998	1.00000	-0.01876	-0.00432	-0.02052	-0.01345	-0.01876	-0.01581	0.00110	3.97454	-9.26879
12008	1.00000	-0.05422	0.02147	0.02297	-0.04954	-0.05422	-0.00651	0.03840	3.89938	-9.29688
12018	1.00000	-0.04132	0.02147	0.03924	-0.01298	-0.04132	0.00094	0.05619	3.84109	-4.56543
12028	1.00000	-0.06228	-0.01237	0.07093	-0.03702	-0.06228	-0.05024	0.04450	3.79200	-4.69109
12038	1.00000	0.00542	-0.03010	0.01949	-0.02550	0.00542	-0.03163	0.02744	3.73371	-4.86979
12048	1.00000	0.01509	-0.01721	0.01182	-0.01457	0.01509	-0.01116	0.01384	3.66008	-9.13086
12058	1.00000	0.03120	-0.05428	0.05363	0.00959	0.03120	-0.04466	0.04394	3.59258	-4.71995
12068	1.00000	0.05860	-0.09296	0.07059	0.06208	0.05860	-0.07351	0.07559	3.54043	-4.83907
12078	1.00000	0.06183	-0.02849	0.05773	0.02231	0.06183	0.00280	0.06439	3.48674	-4.69109
12088	1.00000	0.01509	0.00374	0.01841	0.00764	0.01509	0.01303	0.02623	3.42078	-9.13086
12098	1.00000	0.01347	0.01341	0.01734	0.02055	0.01347	0.02327	0.02612	3.34868	-9.15812
12108	1.00000	-0.00587	0.05048	0.03299	0.04428	-0.00587	0.05491	0.06023	3.28732	-4.52503
12118	1.00000	-0.03649	0.01825	0.03646	0.00146	-0.03649	0.00001	0.04128	3.23517	-4.51172
12128	1.00000	-0.02843	0.00858	0.02640	0.01240	-0.02843	-0.00651	0.05377	3.17534	-4.74918
12138	1.00000	-0.01876	0.01019	0.00183	0.01869	-0.01876	0.00094	0.03868	3.10478	-4.85438
12148	1.00000	0.01025	0.02470	-0.02229	-0.02818	0.01025	0.03443	0.06052	3.03728	-4.73452
12158	1.00000	0.09406	-0.06395	0.09526	-0.01243	0.09406	-0.01954	0.07902	2.98359	-4.67678
12168	1.00000	-0.00587	-0.02527	-0.01443	0.02977	-0.00587	-0.03256	0.05139	2.92684	-4.57906
12178	1.00000	0.06021	-0.00915	0.05419	0.03571	0.06021	0.02420	0.06843	2.86241	-4.52503
12188	1.00000	0.01347	-0.00754	-0.00342	0.01307	0.01347	-0.00093	0.07864	2.79031	-4.57906
12198	1.00000	0.04410	0.05048	0.06548	0.06834	0.04410	0.08375	0.13263	2.73049	-4.63440
12208	1.00000	-0.04455	0.02308	0.04434	-0.00432	-0.04455	0.00094	0.05422	2.67833	-9.26879
12218	1.00000	-0.05583	0.11818	0.07564	0.09086	-0.05583	0.10422	0.12362	2.62157	-4.55188
12228	1.00000	-0.01231	0.00536	0.00626	0.01064	-0.01231	-0.00093	0.02904	2.56328	-9.46904
12238	1.00000	0.00703	-0.05428	0.05805	0.01074	0.00703	-0.05862	0.02351	2.49579	-9.70877
12248	1.00000	0.03926	-0.04300	0.04762	0.00120	0.03926	-0.02698	0.05599	2.43289	-4.74918
12258	1.00000	0.05216	0.16814	0.05898	-0.22255	0.05216	0.22426	0.07760	2.37920	-9.05006
12268	1.00000	0.04249	-0.03655	0.02293	0.03989	0.04249	-0.01767	0.06424	2.32091	-9.13086
12278	1.00000	0.00542	-0.01560	-0.01373	0.00790	0.00542	-0.01488	0.05661	2.25188	-9.15812
12288	1.00000	0.00864	0.02470	0.02441	0.02452	0.00864	0.03350	0.04035	2.18746	-4.69109
12298	1.00000	-0.06550	0.08755	0.08585	0.03038	-0.06550	0.06328	0.08053	2.13684	-4.64844
12308	1.00000	-0.18638	0.01986	0.19242	-0.06984	-0.18638	-0.08467	0.05023	2.08928	-4.86979
12318	1.00000	-0.05099	0.16975	0.15754	0.07432	-0.05099	0.16657	0.21408	2.03713	-9.38217
12328	1.00000	-0.03649	-0.02688	0.06306	0.00830	-0.03649	-0.05210	0.06857	1.99418	-4.73452
12338	1.00000	-0.01876	-0.03333	0.04378	0.02944	-0.01876	-0.04931	0.04886	1.92821	-4.73452
12348	1.00000	0.03926	-0.04461	0.04865	0.00247	0.03926	-0.02884	0.08624	1.86379	-4.85438
12358	1.00000	-0.08645	-0.06073	-0.08736	0.11936	-0.08645	-0.12003	0.07291	1.81010	-4.56543
12368	1.00000	0.03926	-0.01721	0.03402	0.01980	0.03926	0.00280	0.04925	1.75487	-4.69109
12378	1.00000	0.06344	-0.01237	0.03622	0.05667	0.06344	0.02234	0.05599	1.68431	-9.35357
12388	1.00000	0.01509	0.02147	0.01976	0.03097	0.01509	0.03350	0.04150	1.61221	-9.32514
12398	1.00000	-0.02521	0.05048	0.03755	0.03374	-0.02521	0.04374	0.05656	1.55392	-9.38217
12408	1.00000	-0.05261	0.03437	0.04849	0.02241	-0.05261	0.00931	0.05619	1.50177	-9.58741
12418	1.00000	-0.03004	-0.01882	0.04918	-0.00331	-0.03004	-0.03908	0.02901	1.44501	-4.83907
12428	1.00000	-0.00587	-0.00109	0.00401	0.00632	-0.00587	-0.00465	0.01213	1.36831	-9.46904
12438	1.00000	0.01670	-0.06395	0.05503	0.03703	0.01670	-0.06420	0.06518	1.30235	-4.74918
12448	1.00000	0.06666	-0.06395	0.07077	0.02617	0.06666	-0.03535	0.06867	1.25019	-4.82385
12458	1.00000	0.06666	-0.01721	0.06803	0.01271	0.06666	0.01862	0.05427	1.19651	-4.64844
12468	1.00000	0.04087	-0.03333	0.00243	0.04343	0.04087	-0.01488	0.04357	1.12748	-4.67678
12478	1.00000	0.02314	0.01986	0.02424	0.03557	0.02314	0.03630	0.05270	1.05845	-9.15812
12488	1.00000	0.01186	0.03920	0.01497	0.05130	0.01186	0.05211	0.05513	1.00016	-4.56543
12498	1.00000	-0.04455	0.03920	0.04389	0.02097	-0.04455	0.01955	0.05818	0.95107	0.00000
12508	1.00000	-0.02198	-0.00754	0.03041	-0.00404	-0.02198	-0.02140	0.03171	0.89431	-4.86979
12518	1.00000	-0.02521	-0.18160	0.22526	-0.01352	-0.02521	-0.22425	0.01416	0.82375	-9.70858
12528	1.00000	-0.01070	-0.04461	0.04208	0.04088	-0.01070	-0.05769	0.06400	0.75625	-9.46904
12538	1.00000	0.06666	-0.08651	0.08509	0.03122	0.06666	-0.06141	0.07658	0.70563	-9.49836
12548	1.00000	0.11824	-0.06395	0.11573	0.02482	0.11824	-0.00558	0.07219	0.65194	-9.38217
12558	1.00000	0.03443	-0.03655	0.00776	0.04029	0.03443	-0.02233	0.05755	0.59212	-9.13069
12568	1.00000	0.03604	-0.01721	-0.00006	0.03605	0.03604	0.00094	0.05260	0.52002	-4.80873
12578	1.00000	0.00703	0.04726	0.03946	0.04392	0.00703	0.05863	0.06278	0.45866	-4.99669
12588	1.00000	-0.05422	0.03920	0.05594	-0.00238	-0.05422	0.01396	0.05101	0.40957	-4.98037
12598	1.00000	-0.05422	0.02147	0.05391	0.00868	-0.05422	-0.00651	0.07348	0.35742	-9.99339
12608	1.00000	-0.03649	0.06982	-0.02964	0.06324	-0.03649	0.05956	0.04299	0.28992	-4.98037
12618	1.00000	-0.01715	-0.01237	0.02116	0.02077	-0.01715	-0.02419	0.05549	0.22396	-9.92866
12628	1.00000	0.01992	-0.07845	0.06787	0.04522	0.01992	-0.07909	0.08427	0.16414	-4.99669
12638	1.00000	0.06666	-0.07201	0.07356	0.03204	0.06666	-0.04466	0.07196	0.11351	-4.99667
12648	1.00000	0.05054	-0.01237	0.05203	0.00831	0.05054	0.01489	0.06438	0.05522	-4.99669
12658	1.00000	0.06183	-0.01399	0.04126	0.05002	0.06183	0.01955	0.03919	6.26785	-4.99669
12668	1.00000	0.00703	0.01180	0.01387	0.01303	0.00703	0.01769	0.03321	6.20188	-4.67678
12678	1.00000	-0.01876	0.05048	0.04040	0.03118	-0.01876	0.04746	0.05834	6.14359	-4.69109
12688	1.00000	-0.04777	0.04404	0.04688	0.02500	-0.04777	0.02327	0.05665	6.08990	-4.52503
12698	1.00000	-0.03971	0.25356	-0.14229	0.23270	-0.03971	0.26986	0.05711	6.02854	-4.83907
12708	1.00000	-0.06228	-0.00915	0.05250	0.05733	-0.06228	-0.04652	0.05409	5.95798	-4.73452
12718	1.00000	-0.00103	-0.06395	0.05972	0.04444	-0.00103	-0.07444	0.06899	5.89202	-4.71995
12728	1.00000	0.05216	-0.06395	0.06240	0.02718	0.05216	-0.04373	0.07072	5.83373	-4.85438
12738	1.00000	0.08439	-0.02204	0.08708	0.00893	0.08439	0.02327	0.05699	5.77390	-4.69109
12748	1.00000	0.02476	0.00374	0.02851	0.01210	0.02476	0.01862	0.06110	5.71254	-9.13086
12758	1.00000	0.07794	0.00213	0.02657	0.08730	0.07794	0.04746	0.03738	5.64045	-4.57906
12768	1.00000	-0.02843	0.03920	0.03941	0.00935	-0.02843	0.02885	0.05233	5.57295	-9.13086
12778	1.00000	-0.05099	0.03759	0.04969	0.01806	-0.05099	0.01396	0.05420	5.51466	-4.73452
12788	1.00000	-0.03649	-0.02043	0.05655	-0.01129	-0.03649	-0.04466	0.07697	5.45944	-9.46904
12798	1.00000	-0.01231	0.09078	-0.09547	0.02419	-0.01231	0.09771	0.03868	5.38887	-9.67814
12808	1.00000	0.01509	-0.01560	0.01666	-0.00605	0.01509	-0.00930	0.05331	5.31678	-4.74918
12818	1.00000	0.03604	-0.03655	0.03946	0.01413	0.03604	-0.02140	0.05661	5.25542	-4.73452
12828	1.00000	0.03926	-0.14937	-0.00639	0.15473	0.03926	-0.14981	0.12792	5.21860	-422.32986
12838	1.00000	0.03765	0.00374	0.04574	0.00213	0.03765	0.02606	0.04418	5.17719	-4.56543
12848	1.00000	-0.00587	0.01180	0.00879	-0.00787	-0.00587	0.01024	0.01165	5.11122	-9.13086
12858	1.00000	0.00542	0.01180	0.01054	0.01411	0.00542	0.01675	0.02201	5.19099	-9.15812
12868	1.00000	-0.06228	0.01180	0.05677	-0.03396	-0.06228	-0.02233	0.08926	4.97010	-9.10377
12878	1.00000	-0.03327	-0.01237	0.04329	-0.01881	-0.03327	-0.03349	0.05011	4.91794	-4.73452
12888	1.00000	-0.00909	-0.02849	0.03746	-0.01158	-0.00909	-0.03815	0.06880	4.85505	-4.86979
12898	1.00000	0.03282	-0.03655	0.03089	-0.02576	0.03282	-0.02326	0.03287	4.78142	-4.82385
12908	1.00000	0.03765	-0.01237	0.03024	-0.02363	0.03765	0.00745	0.05887	4.70625	-9.49836
12918	1.00000	0.11824	-0.06395	0.11753	0.01407	0.11824	-0.00558	0.11612	4.66484	0.00000
12928	1.00000	0.06344	0.01341	0.08056	-0.01582	0.06344	0.05211	0.05553	4.62188	-4.57906
12938	1.00000	-0.00264	0.05048	0.04845	-0.02969	-0.00264	0.05677	0.08864	4.56666	-4.63440
12948	1.00000	-0.02843	0.01180	0.00640	-0.02784	-0.02843	-0.00279	0.04270	4.48996	-9.35357
12958	1.00000	-0.05099	-0.00270	0.03240	-0.05109	-0.05099	-0.03256	0.23279	4.41940	-4.69109
12968	1.00000	-0.05422	-0.01237	0.06116	-0.03574	-0.05422	-0.04559	0.08766	4.36571	-4.86979
12978	1.00000	-0.03649	-0.02849	0.06313	-0.01607	-0.03649	-0.05397	0.09177	4.31355	-4.85438
12988	1.00000	0.08278	-0.03333	-0.02173	-0.08041	0.08278	0.00931	0.04422	4.24759	-4.73452
12998	1.00000	0.06183	-0.01882	0.02773	-0.05699	0.06183	0.01396	0.23682	4.17396	-9.46904
13008	1.00000	0.05538	0.01180	0.04499	-0.05587	0.05538	0.04560	0.07755	4.11414	-4.83907
13018	1.00000	0.05699	-0.01399	0.05927	0.00397	0.05699	0.01675	0.06874	4.06352	-4.69109
13028	1.00000	0.01509	0.00374	0.01933	0.00489	0.01509	0.01303	0.02931	4.00676	-9.38217
13038	1.00000	0.01186	0.00536	0.01113	0.01366	0.01186	0.01303	0.01911	3.93466	-4.57906
13048	1.00000	-0.03165	-0.01237	0.00568	-0.04505	-0.03165	-0.03256	0.04316	3.86717	-9.10377
13058	1.00000	-0.06066	0.02308	0.06029	-0.01069	-0.06066	-0.00837	0.07299	3.81501	-4.57906
13068	1.00000	-0.05261	-0.02688	0.07565	-0.02855	-0.05261	-0.06141	0.05753	3.76286	-4.74918
13078	1.00000	0.01509	-0.03010	0.01905	-0.02330	0.01509	-0.02605	0.01384	3.69536	-9.70877
13088	1.00000	0.02314	-0.02043	0.01899	-0.01672	0.02314	-0.01023	0.02827	3.62480	-4.85438
13098	1.00000	0.06827	-0.06556	0.07718	0.00455	0.06827	-0.03629	0.08938	3.56344	-4.74918
13108	1.00000	0.06827	-0.03977	0.06714	0.01399	0.06827	-0.00651	0.07087	3.51435	-9.15741
13118	1.00000	0.04087	0.00374	0.04905	0.00668	0.04087	0.02792	0.01457	3.45452	-4.56543
13128	1.00000	0.02314	-0.01399	-0.00179	0.02324	0.02314	-0.00279	0.03136	3.38089	-4.56543
13138	1.00000	0.01509	0.01986	0.01396	0.03215	0.01509	0.03164	0.03222	3.31340	-4.57906
13148	1.00000	-0.05744	0.01180	0.05092	-0.03298	-0.05744	-0.01954	0.02860	3.26124	-4.63440
13158	1.00000	-0.03165	-0.01237	0.04077	-0.02000	-0.03165	-0.03256	0.03753	3.20602	-9.64771
13168	1.00000	-0.00425	0.00213	0.00210	0.00370	-0.00425	0.00001	0.02366	3.14006	-9.49836
13178	1.00000	0.00542	-0.04138	0.04445	0.00690	0.00542	-0.04466	0.01782	3.06796	-9.73959
13188	1.00000	0.04732	-0.04300	0.05147	-0.00939	0.04732	-0.02233	0.06603	3.00967	-4.85438
13198	1.00000	0.06505	-0.03494	0.06510	0.00079	0.06505	-0.00279	0.16498	2.95445	-4.71995
13208	1.00000	0.04249	-0.03010	0.02839	0.03322	0.04249	-0.01023	0.05240	2.89309	-4.56543
13218	1.00000	0.01509	0.06982	0.09048	-0.00459	0.01509	0.08934	0.06446	2.82713	-4.63440
13228	1.00000	-0.00264	0.01341	0.01333	0.00493	-0.00264	0.01396	0.08000	2.75963	-9.35357
13238	1.00000	-0.04777	0.05693	0.05835	0.01823	-0.04777	0.03816	0.09292	2.70134	-4.69109
13248	1.00000	-0.03004	0.00536	0.03188	-0.00328	-0.03004	-0.01116	0.03701	2.64305	-4.83907
13258	1.00000	-0.02037	0.01180	0.01101	0.01724	-0.02037	0.00187	0.04634	2.58169	-4.74918
13268	1.00000	-0.00425	-0.04138	0.04957	0.00923	-0.00425	-0.05024	0.02201	2.51419	-9.49836
13278	1.00000	0.01347	0.01019	-0.00376	-0.02344	0.01347	0.01955	0.06652	2.44823	-4.83907
13288	1.00000	0.05054	-0.06395	0.05621	0.03728	0.05054	-0.04466	0.07978	2.39301	-4.83907
13298	1.00000	0.01992	-0.02366	0.01022	0.02329	0.01992	-0.01581	0.05697	2.33625	-9.35357
13308	1.00000	0.03120	-0.01237	0.01492	0.02766	0.03120	0.00373	0.03426	2.27183	-9.35357
13318	1.00000	0.02476	0.01986	0.02526	0.03688	0.02476	0.03723	0.05560	2.20280	-9.35357
13328	1.00000	-0.04132	0.05048	0.05254	0.01153	-0.04132	0.03443	0.06002	2.13990	-4.69109
13338	1.00000	-0.03649	0.03920	0.03355	0.02812	-0.03649	0.02420	0.05791	2.08621	-9.73959
13348	1.00000	-0.04132	0.23744	-0.13018	0.21774	-0.04132	0.25032	0.05388	2.02946	-9.73959
13358	1.00000	-0.03649	0.08272	-0.06928	0.04554	-0.03649	0.07445	0.05664	1.96043	-4.73452
13368	1.00000	-0.01392	-0.03333	0.02859	0.03925	-0.01392	-0.04652	0.04928	1.89140	-9.49836
13378	1.00000	0.06666	-0.09457	0.08272	0.05101	0.06666	-0.07071	0.07196	1.83464	-4.85438
13388	1.00000	0.06666	-0.02688	0.06574	0.01333	0.06666	0.00745	0.04501	1.78095	-4.67678
13398	1.00000	0.03926	-0.01237	0.02865	0.02812	0.03926	0.00838	0.03770	1.71806	-4.64844
13408	1.00000	0.01509	-0.01237	-0.00881	0.01346	0.01509	-0.00558	0.04153	1.64443	-9.38217
13418	1.00000	-0.01231	0.04242	0.03388	0.02751	-0.01231	0.04188	0.05626	1.58000	-9.15776
13428	1.00000	-0.05905	0.04404	0.05951	0.01503	-0.05905	0.01675	0.07931	1.52631	-4.53842
13438	1.00000	-0.04616	0.01019	0.04678	0.01277	-0.04616	-0.01488	0.06944	1.47109	-4.86979
13448	1.00000	0.03765	0.01019	-0.04271	-0.02676	0.03765	0.03350	0.04137	1.40513	-9.73959
13458	1.00000	0.01186	-0.05589	0.05552	0.01965	0.01186	-0.05769	0.02001	1.32996	-9.46904
13468	1.00000	0.06666	-0.05589	0.07157	0.00020	0.06666	-0.02605	0.05741	1.27320	-4.85438
13478	1.00000	0.06183	-0.04300	0.05772	0.02619	0.06183	-0.01395	0.07319	1.22105	-4.67678
13488	1.00000	0.03765	-0.00432	0.03807	0.01577	0.03765	0.01675	0.05805	1.16276	-9.13086
13498	1.00000	0.04249	-0.12358	-0.12017	0.03645	0.04249	-0.11817	0.02888	1.08759	-4.57906
13508	1.00000	0.00058	0.04081	0.03289	0.03422	0.00058	0.04746	0.04245	1.02317	-4.57906
13518	1.00000	-0.03649	0.03598	0.03988	0.01266	-0.03649	0.02048	0.05121	0.97254	-4.55188
13528	1.00000	-0.09451	0.02792	0.09640	0.01170	-0.09451	-0.02233	0.25205	0.92192	-4.74918
13538	1.00000	-0.03327	-0.02204	0.05532	0.00634	-0.03327	-0.04466	0.04239	0.85443	-9.67814
13548	1.00000	0.04249	-0.02043	0.00961	-0.04139	0.04249	0.00094	0.05595	0.78540	-4.86979
13558	1.00000	0.05699	-0.06073	0.06791	-0.00458	0.05699	-0.03722	0.11224	0.72557	-4.71995
13568	1.00000	0.06989	-0.04944	0.07126	0.00927	0.06989	-0.01674	0.07202	0.67802	0.00000
13578	1.00000	0.04571	-0.04783	0.02700	0.04682	0.04571	-0.02884	0.05537	0.62126	-4.53842
13588	1.00000	0.01186	-0.01399	-0.00524	0.01413	0.01186	-0.00930	0.08857	0.54917	-9.05006
13598	1.00000	0.01992	0.04726	0.05240	0.04490	0.01992	0.06607	0.08273	0.48627	-4.94834
13608	1.00000	-0.05099	0.08433	0.07836	0.03277	-0.05099	0.06793	0.05625	0.43258	-4.99660
13618	1.00000	-0.03971	0.03437	0.03984	0.01645	-0.03971	0.01675	0.05711	0.38350	-4.74918
13628	1.00000	-0.04616	0.01180	0.04491	0.01683	-0.04616	-0.01302	0.03822	0.32214	-4.99669
13638	1.00000	-0.04455	-0.01399	0.04847	0.03725	-0.04455	-0.04187	0.04674	0.25157	-4.99669
13648	1.00000	-0.01392	-0.04461	0.04359	0.04289	-0.01392	-0.05955	0.08144	0.18868	-9.96094
13658	1.00000	0.06505	-0.10585	0.09455	0.04960	0.06505	-0.08467	0.07647	0.13652	-4.99665
13668	1.00000	0.06666	-0.21062	0.03721	0.21204	0.06666	-0.20471	0.06714	0.08283	-4.99667
13678	1.00000	0.06505	-0.02688	0.04858	0.04374	0.06505	0.00652	0.03746	0.01841	-4.99668
13688	1.00000	0.04732	0.00536	0.03248	0.04802	0.04732	0.03350	0.03881	6.23256	-4.52503
13698	1.00000	-0.01392	0.06015	0.05504	0.03059	-0.01392	0.06142	0.03128	6.16967	-4.64844
13708	1.00000	-0.10257	0.05048	0.09957	-0.02461	-0.10257	-0.00093	0.05714	6.11445	-4.64844
13718	1.00000	-0.05422	0.03114	0.04834	0.02498	-0.05422	0.00466	0.05818	6.05769	-4.86979
13728	1.00000	-0.03649	0.08594	-0.05310	0.06798	-0.03649	0.07817	0.04470	5.99020	-4.73452
13738	1.00000	-0.01554	-0.04461	0.05356	0.03209	-0.01554	-0.06048	0.06952	5.92270	-4.74918
13748	1.00000	0.01347	-0.05589	0.04143	0.04106	0.01347	-0.05676	0.07364	5.85827	-4.86979
13758	1.00000	0.06344	-0.06395	0.06147	0.04038	0.06344	-0.03722	0.06208	5.80152	-4.67678
13768	1.00000	0.04893	-0.01237	0.04587	0.02202	0.04893	0.01396	0.04113	5.74322	-9.38217
13778	1.00000	0.05054	-0.00109	0.03216	0.04795	0.05054	0.02792	0.01919	5.67113	-4.64844
13788	1.00000	0.00703	0.01825	0.01490	0.02142	0.00703	0.02513	0.04132	5.60210	-9.38217
13798	1.00000	-0.05261	0.06338	0.06075	0.03015	-0.05261	0.04281	0.03925	5.54227	-4.55188
13808	1.00000	-0.05099	-0.00270	0.05983	-0.00902	-0.05099	-0.03256	0.05063	5.48398	-9.70877
13818	1.00000	-0.02037	-0.01399	0.03423	0.00470	-0.02037	-0.02791	0.05724	5.42262	-4.86979
13828	1.00000	-0.00748	-0.00109	0.00298	0.00884	-0.00748	-0.00558	0.04580	5.34899	-9.49836
13838	1.00000	0.04249	-0.05911	0.05817	0.01827	0.04249	-0.04373	0.04590	5.28150	-9.49836
13848	1.00000	0.05538	-0.04300	0.05222	0.02553	0.05538	-0.01767	0.06714	5.22474	-4.69109
13858	1.00000	0.02314	0.02308	0.04425	-0.01337	0.02314	0.04002	0.06480	5.16798	-4.55047
13868	1.00000	0.01670	0.01019	0.02234	0.01542	0.01670	0.02141	0.01085	5.09588	-9.05006
13878	1.00000	0.06666	-0.00432	-0.02225	0.07121	0.06666	0.03350	0.01281	5.02072	-9.10377
13888	1.00000	-0.03810	0.02470	0.03854	0.00293	-0.03810	0.00652	0.02385	4.95936	-4.57906
13898	1.00000	-0.03165	-0.01076	0.04225	-0.01261	-0.03165	-0.03070	0.05252	4.90567	0.00000
13908	1.00000	0.00058	-0.03977	0.04179	-0.01824	0.00058	-0.04559	0.04406	4.84278	-9.64771
13918	1.00000	0.01186	-0.03171	0.03203	0.00102	0.01186	-0.02977	0.03830	4.76608	-4.83907
13928	1.00000	0.06666	-0.04622	0.06772	-0.00886	0.06666	-0.01488	0.22612	4.69705	-4.74918
13938	1.00000	0.07150	0.00213	0.08028	-0.02408	0.07150	0.04374	0.04546	4.64336	-4.56543
13948	1.00000	0.02476	0.03437	0.05714	-0.01616	0.02476	0.05398	0.05240	4.58660	-4.55188
13958	1.00000	-0.01231	0.01180	0.00717	-0.01194	-0.01231	0.00652	0.02782	4.51297	-8.84141
13968	1.00000	-0.03971	-0.00754	0.01047	-0.04968	-0.03971	-0.03163	0.15048	4.44087	-9.35357
13978	1.00000	-0.09773	0.01503	0.09642	-0.04220	-0.09773	-0.03908	0.05801	4.38412	0.00000
13988	1.00000	-0.01876	-0.04622	0.04839	-0.04617	-0.01876	-0.06420	0.04866	4.33350	0.00000
13998	1.00000	0.01831	-0.03171	0.01673	-0.02709	0.01831	-0.02605	0.05778	4.27214	-9.43991
14008	1.00000	0.02314	-0.03010	0.02878	-0.01284	0.02314	-0.02140	0.04624	4.19851	-9.49836
14018	1.00000	0.04410	-0.02043	0.03976	-0.01915	0.04410	0.00187	0.05532	4.13101	-4.86979
14028	1.00000	0.05216	0.14557	0.08439	-0.18677	0.05216	0.19821	0.07758	4.08192	-4.66257
14038	1.00000	0.02314	0.02792	0.04785	-0.01802	0.02314	0.04560	0.02833	4.02823	-9.35357
14048	1.00000	0.01347	0.01503	0.02639	0.01078	0.01347	0.02513	0.02536	3.95920	-9.29688
14058	1.00000	-0.02521	0.03114	0.03264	-0.00530	-0.02521	0.02141	0.03231	3.88711	-9.38217
14068	1.00000	-0.05099	0.03275	0.05158	-0.00316	-0.05099	0.00838	0.06438	3.83035	-4.56543
14078	1.00000	-0.04455	-0.02043	0.05821	-0.03205	-0.04455	-0.04931	0.05124	3.77973	-4.85438
14088	1.00000	-0.00748	-0.15582	0.15494	-0.09997	-0.00748	-0.18424	0.04441	3.71990	-9.73959
14098	1.00000	0.01670	-0.05267	0.05355	-0.00550	0.01670	-0.05117	0.01417	3.64627	-9.49836
14108	1.00000	0.04571	-0.05428	0.05834	0.00128	0.04571	-0.03629	0.04357	3.58185	-4.74918
14118	1.00000	0.06827	-0.03655	0.06829	-0.00235	0.06827	-0.00279	0.05570	3.53122	-4.83907
14128	1.00000	0.01509	-0.01076	0.01111	0.01086	0.01509	-0.00372	0.03624	3.47447	-4.69109
14138	1.00000	0.00542	-0.00754	-0.00364	0.00687	0.00542	-0.00558	0.02294	3.40544	-9.13086
14148	1.00000	-0.00587	0.03275	0.03325	0.01070	-0.00587	0.03443	0.00745	3.33487	-4.53842
14158	1.00000	-0.03649	0.04404	0.04540	0.01251	-0.03649	0.02978	0.05768	3.27658	-4.55188
14168	1.00000	-0.05905	-0.00109	0.06343	-0.02669	-0.05905	-0.03535	0.04856	3.22443	-4.74918
14178	1.00000	0.01025	-0.02366	0.00819	-0.02227	0.01025	-0.02140	0.01682	3.16307	-4.74918
14188	1.00000	-0.01231	-0.01076	0.01927	0.01273	-0.01231	-0.01954	0.04389	3.09097	-4.66257
14198	1.00000	0.06666	-0.06073	0.06803	-0.02857	0.06666	-0.03163	0.06254	3.02808	-4.80873
14208	1.00000	0.05860	-0.03977	0.05983	-0.00077	0.05860	-0.01209	0.16497	2.97439	-4.71995
14218	1.00000	0.04893	-0.03816	0.03864	0.03393	0.04893	-0.01581	0.06549	2.91456	-4.56543
14228	1.00000	-0.00103	-0.02366	-0.02553	0.01132	-0.00103	-0.02791	0.03692	2.84860	-4.56543
14238	1.00000	0.06344	0.03114	0.05016	0.08231	0.06344	0.07259	0.14724	2.77957	-4.69109
14248	1.00000	-0.01876	0.03920	0.03412	0.01932	-0.01876	0.03443	0.05015	2.71821	-9.35357
14258	1.00000	-0.05422	0.01825	0.05467	-0.00747	-0.05422	-0.01023	0.03935	2.66299	-4.86979
14268	1.00000	-0.02521	0.00697	0.02409	0.00986	-0.02521	-0.00651	0.03822	2.60777	-4.85438
14278	1.00000	-0.01392	-0.01721	0.03001	0.00849	-0.01392	-0.02791	0.01838	2.53874	-9.46904
14288	1.00000	0.06666	-0.05267	0.05335	-0.04579	0.06666	-0.02233	0.05759	2.47431	-4.67678
14298	1.00000	0.03120	0.10689	-0.02267	-0.14305	0.03120	0.14145	0.09165	2.41449	-4.83907
14308	1.00000	0.04571	-0.04300	0.03910	0.03319	0.04571	-0.02326	0.06309	2.35926	-4.66257
14318	1.00000	0.05054	-0.01237	0.04284	0.03068	0.05054	0.01489	0.04033	2.29790	-9.29688
14328	1.00000	0.01831	-0.00270	0.00597	0.01884	0.01831	0.00745	0.02375	2.22887	-9.13086
14338	1.00000	-0.01231	0.03920	0.03499	0.01957	-0.01231	0.03816	0.02496	2.16291	-9.13086
14348	1.00000	-0.05099	0.05048	0.05418	0.02231	-0.05099	0.02885	0.05423	2.10769	-9.10377
14358	1.00000	-0.04777	0.02147	0.04392	0.01899	-0.04777	-0.00279	0.06552	2.05247	-4.86979
14368	1.00000	0.01025	0.00697	-0.01696	-0.00351	0.01025	0.01396	0.05063	1.98957	-9.70877
14378	1.00000	-0.00587	-0.02043	0.02338	0.01468	-0.00587	-0.02698	0.23204	1.91748	-4.71959
14388	1.00000	0.06666	-0.07201	0.07990	0.00735	0.06666	-0.04466	0.07831	1.85612	-9.38217
14398	1.00000	0.05860	-0.03816	0.05741	0.01557	0.05860	-0.01023	0.06931	1.80243	-9.35357
14408	1.00000	0.04249	-0.03816	0.01921	0.04263	0.04249	-0.01954	0.05642	1.74414	-4.67678
14418	1.00000	0.02314	-0.00270	0.01276	0.02185	0.02314	0.01024	0.03379	1.67357	-9.10377
14428	1.00000	-0.00748	0.03598	0.03363	0.01763	-0.00748	0.03723	0.01137	1.60301	-9.13086
14438	1.00000	-0.04777	0.05854	0.05614	0.02704	-0.04777	0.04002	0.05422	1.54779	-4.53842
14448	1.00000	-0.03649	-0.02688	0.05122	-0.03771	-0.03649	-0.05210	0.09926	1.49410	-4.73452
14458	1.00000	-0.02359	0.00858	0.01617	0.01758	-0.02359	-0.00372	0.04137	1.43274	-9.67814
14468	1.00000	-0.01070	-0.02849	0.03575	0.01906	-0.01070	-0.03908	0.04339	1.35757	-9.64771
14478	1.00000	0.01992	-0.05911	0.04870	0.03531	0.01992	-0.05676	0.06487	1.29315	-4.74918
14488	1.00000	0.08278	-0.08007	0.08853	0.03176	0.08278	-0.04466	0.10105	1.25633	-4.74918
14498	1.00000	0.11501	-0.02043	0.12271	-0.00006	0.11501	0.04281	0.05820	1.20571	-4.57906
14508	1.00000	0.00380	-0.01237	-0.00825	0.00962	0.00380	-0.01209	0.01664	0.99862	-4.53842
14518	1.00000	0.00380	0.01341	0.01589	0.00865	0.00380	0.01769	0.03571	1.06765	-9.15776
14528	1.00000	-0.05261	0.05532	0.06219	-0.00471	-0.05261	0.03350	0.09549	1.01396	0.00000
14538	1.00000	-0.06228	0.03114	0.06154	-0.00951	-0.06228	0.00001	0.04654	0.96948	-9.29688
14548	1.00000	-0.04777	0.22455	-0.04311	0.23260	-0.04777	0.23171	0.06552	0.91732	-4.74918
14558	1.00000	-0.03165	-0.00109	0.03218	0.01866	-0.03165	-0.01954	0.01909	0.85136	-9.49836
14568	1.00000	-0.12513	-0.04461	0.08114	0.15617	-0.12513	-0.12376	0.07755	0.78080	-4.86979
14578	1.00000	0.04893	-0.05911	0.06295	0.00569	0.04893	-0.04001	0.06945	0.72250	-4.74900
14588	1.00000	0.06827	-0.06073	0.07031	0.02570	0.06827	-0.03070	0.07099	0.67495	-4.73452
14598	1.00000	0.06666	-0.03010	0.05923	0.03080	0.06666	0.00373	0.07788	0.61666	-4.57906
14608	1.00000	0.06183	-0.01560	0.03201	0.05577	0.06183	0.01769	0.04145	0.54456	-9.10377
14618	1.00000	0.01025	0.01341	0.01451	0.01878	0.01025	0.02141	0.08728	0.48167	-4.99660
14628	1.00000	-0.03004	0.06015	0.05125	0.03148	-0.03004	0.05211	0.06620	0.42798	-4.98047
14638	1.00000	-0.03810	0.05048	0.03650	0.03790	-0.03810	0.03630	0.06439	0.37889	-4.96435
14648	1.00000	-0.01231	-0.04300	0.05691	-0.01157	-0.01231	-0.05676	0.08804	0.31600	-9.99339
14658	1.00000	0.04893	-0.02204	-0.00736	-0.04845	0.04893	0.00280	0.02050	0.24390	-4.99669
14668	1.00000	-0.00103	-0.04622	0.04348	0.03198	-0.00103	-0.05397	0.06594	0.18254	-4.98042
14678	1.00000	0.06505	-0.10102	0.08984	0.04914	0.06505	-0.07909	0.07905	0.13039	0.00000
14688	1.00000	0.06183	-0.06395	0.05258	0.05012	0.06183	-0.03815	0.06657	0.07670	-4.98045
14698	1.00000	0.04249	-0.04138	0.00736	0.04787	0.04249	-0.02326	0.05670	0.01074	-4.99668
14708	1.00000	0.03282	-0.00432	0.01042	0.03410	0.03282	0.01396	0.08302	6.22489	-4.55188
14718	1.00000	0.00380	0.03759	0.02912	0.03529	0.00380	0.04560	0.05936	6.16354	-4.55188
14728	1.00000	-0.04777	0.03598	0.04942	0.00589	-0.04777	0.01396	0.08483	6.10831	-4.57906
14738	1.00000	-0.02682	0.02308	0.01873	0.02221	-0.02682	0.01117	0.06032	6.05002	-4.74918
14748	1.00000	-0.03649	-0.03010	0.06546	0.01274	-0.03649	-0.05583	0.04983	5.98253	-4.83907
14758	1.00000	0.00703	-0.02366	0.02418	0.00233	0.00703	-0.02326	0.03994	5.91503	-9.73959
14768	1.00000	0.06344	-0.05267	0.06736	-0.00847	0.06344	-0.02419	0.15742	5.85214	-4.71995
14778	1.00000	0.03765	-0.06234	0.03055	0.05485	0.03765	-0.05024	0.05826	5.79538	-4.56543
14788	1.00000	0.04893	-0.01560	0.04163	0.02768	0.04893	0.01024	0.01693	5.73402	-4.57906
14798	1.00000	0.01509	-0.01237	-0.00581	0.01500	0.01509	-0.00558	0.04153	5.66192	-4.39537
14808	1.00000	-0.01715	0.07305	0.06586	0.03871	-0.01715	0.07445	0.01877	5.59443	-9.26879
14818	1.00000	-0.03327	0.03920	0.03653	0.02123	-0.03327	0.02606	0.04807	5.53614	-4.69109
14828	1.00000	-0.05744	-0.01721	0.07445	-0.02385	-0.05744	-0.05303	0.07647	5.48398	-4.73452
14838	1.00000	0.04249	-0.00109	-0.04018	-0.02706	0.04249	0.02327	0.03248	5.42109	-9.46904
14848	1.00000	-0.00587	-0.03977	0.04505	0.02090	-0.00587	-0.04931	0.05012	5.34746	-4.85438
14858	1.00000	0.04571	-0.03333	0.04614	-0.01032	0.04571	-0.01209	0.06115	5.27996	-9.73959
14868	1.00000	0.06666	-0.03655	0.06518	0.01446	0.06666	-0.00372	0.07117	5.22320	-9.13086
14878	1.00000	0.02637	0.11495	0.12192	-0.08787	0.02637	0.14796	0.10730	5.16645	-4.62044
14888	1.00000	-0.00264	0.01503	0.01564	-0.00356	-0.00264	0.01582	0.00987	5.09435	-4.67678
14898	1.00000	-0.01554	0.01825	0.01954	-0.00243	-0.01554	0.01210	0.02111	5.02072	-4.66257
14908	1.00000	-0.06066	0.03114	0.06048	-0.00474	-0.06066	0.00094	0.07089	4.96089	-4.55188
14918	1.00000	-0.03649	-0.01237	0.04893	-0.01368	-0.03649	-0.03535	0.07263	4.90567	-4.85438
14928	1.00000	0.01992	-0.02366	0.00725	-0.02438	0.01992	-0.01581	0.05602	4.84124	-9.49836
14938	1.00000	0.01509	-0.02366	0.02319	-0.00600	0.01509	-0.01861	0.03934	4.76608	-4.69109
14948	1.00000	0.05860	-0.04461	0.06116	-0.00244	0.05860	-0.01767	0.06556	4.69552	-4.85438
14958	1.00000	0.05216	-0.00432	0.05701	-0.01005	0.05216	0.02513	0.04394	4.64029	-4.69109
14968	1.00000	0.01509	0.03920	0.05087	-0.02352	0.01509	0.05398	0.02913	4.58660	-4.56543
14978	1.00000	-0.00587	0.00374	0.00125	-0.00581	-0.00587	0.00094	0.01911	4.51451	-8.84141
14988	1.00000	-0.02037	0.01019	0.01592	-0.01270	-0.02037	0.00001	0.03735	4.43934	-9.15812
14998	1.00000	-0.01715	-0.00754	0.01686	-0.01886	-0.01715	-0.01861	0.04941	4.38258	-4.57906
15008	1.00000	0.01347	-0.04622	0.01195	-0.04601	0.01347	-0.04559	0.05249	4.33196	-4.74918
15018	1.00000	-0.01876	-0.06556	0.08519	-0.02412	-0.01876	-0.08653	0.08833	4.28441	-4.83907
15028	1.00000	0.04249	-0.04138	0.03132	-0.03694	0.04249	-0.02326	0.04109	4.21538	-9.73959
15038	1.00000	0.03765	-0.00754	0.02396	-0.03183	0.03765	0.01303	0.06063	4.14635	-4.71995
15048	1.00000	0.06989	-0.01237	0.07027	-0.02498	0.06989	0.02606	0.05783	4.09419	-4.56543
15058	1.00000	0.10373	-0.00915	0.11391	0.01470	0.10373	0.04932	0.09735	4.04357	-4.57906
15068	1.00000	-0.03327	0.02308	-0.00409	-0.03384	-0.03327	0.00745	0.04469	3.98068	-9.05006
15078	1.00000	-0.00264	0.01825	0.01840	0.00711	-0.00264	0.01955	0.03056	3.90398	-9.15812
15088	1.00000	-0.04132	0.21971	0.12615	0.19652	-0.04132	0.22985	0.01278	3.84416	-4.63440
15098	1.00000	-0.05905	-0.01076	0.06586	-0.03624	-0.05905	-0.04652	0.03782	3.79507	-4.80873
15108	1.00000	0.01025	-0.01399	-0.00021	-0.01448	0.01025	-0.01023	0.18023	3.73831	-4.71995
15118	1.00000	-0.00103	-0.02688	0.03165	-0.00023	-0.00103	-0.03163	0.02174	3.66621	-9.38217
15128	1.00000	0.04249	-0.04622	0.05010	-0.01127	0.04249	-0.02884	0.08271	3.59872	-9.70801
15138	1.00000	0.06505	-0.05911	0.07002	0.01645	0.06505	-0.03070	0.08150	3.54350	-4.74918
15148	1.00000	0.04249	-0.03333	0.03522	0.02756	0.04249	-0.01395	0.05734	3.49134	-4.63440
15158	1.00000	0.01509	0.01825	0.03335	-0.00156	0.01509	0.02978	0.02206	3.42538	-9.35284
15168	1.00000	-0.00425	0.01825	0.01905	0.00133	-0.00425	0.01862	0.00481	3.35175	-9.35357
15178	1.00000	-0.10257	0.04404	0.08198	-0.06219	-0.10257	-0.00837	0.05377	3.29039	-9.29688
15188	1.00000	-0.05099	0.03759	0.05114	0.01341	-0.05099	0.01396	0.05932	3.23977	-4.55188
15198	1.00000	-0.03165	0.01341	0.02721	0.01641	-0.03165	-0.00279	0.05252	3.17841	-4.85438
15208	1.00000	-0.01231	-0.00109	0.01045	0.01060	-0.01231	-0.00837	0.03479	3.10938	-9.49836
15218	1.00000	0.03120	-0.03010	0.03079	-0.01750	0.03120	-0.01674	0.14244	3.04342	-4.73452
15228	1.00000	0.04410	-0.08812	0.06861	0.05531	0.04410	-0.07630	0.07418	2.98666	-4.83907
15238	1.00000	0.05216	-0.03977	0.04692	0.02772	0.05216	-0.01581	0.05812	2.92990	-4.66257
15248	1.00000	0.03765	-0.01076	0.02994	0.02465	0.03765	0.00931	0.07042	2.86548	-4.69109
15258	1.00000	0.03120	0.00374	0.01845	0.03365	0.03120	0.02234	0.02615	2.79645	-9.15812
15268	1.00000	-0.01392	0.05048	0.04423	0.02761	-0.01392	0.05025	0.03202	2.73355	-4.56543
15278	1.00000	0.10695	0.03759	-0.09578	0.11542	0.10695	0.10515	0.06217	2.67680	-4.52503
15288	1.00000	-0.04455	-0.00432	0.05392	-0.00434	-0.04455	-0.03070	0.03840	2.61697	-4.86979
15298	1.00000	-0.03327	-0.01076	0.04089	0.02085	-0.03327	-0.03163	0.02366	2.55254	-9.73959
15308	1.00000	-0.00748	0.03114	-0.03194	-0.00608	-0.00748	0.03164	0.04848	2.48505	-4.73452
15318	1.00000	0.04893	-0.07040	0.06778	0.02475	0.04893	-0.05304	0.05299	2.42369	-4.74918
15328	1.00000	0.06666	-0.03655	0.06537	0.01356	0.06666	-0.00372	0.04323	2.36847	-9.38217
15338	1.00000	0.02637	-0.00754	0.02365	0.01335	0.02637	0.00652	0.04933	2.31018	-4.56543
15348	1.00000	0.01992	0.00374	0.01690	0.01902	0.01992	0.01582	0.02717	2.24268	-9.15812
15358	1.00000	-0.00103	0.01664	0.01523	0.01076	-0.00103	0.01862	0.04952	2.17518	-4.57906
15368	1.00000	-0.06711	0.05532	0.07118	0.00829	-0.06711	0.02513	0.05667	2.11689	-4.53842
15378	1.00000	-0.06550	0.03114	0.06220	0.02060	-0.06550	-0.00186	0.05729	2.06474	-4.73452
15388	1.00000	-0.03488	0.00374	0.03202	0.02101	-0.03488	-0.01581	0.04983	2.00184	-4.85438
15398	1.00000	-0.00748	-0.03655	0.04391	0.01709	-0.00748	-0.04652	0.01568	1.92975	-4.73452
15408	1.00000	0.03120	-0.05267	0.05021	0.01687	0.03120	-0.04280	0.07305	1.86532	-4.73452
15418	1.00000	0.05054	-0.01399	0.05019	-0.01435	0.05054	0.01303	0.07060	1.81163	-4.83907
15428	1.00000	0.05860	-0.03816	0.04196	0.04217	0.05860	-0.01023	0.07197	1.75487	-9.35357
15438	1.00000	0.03282	-0.01237	0.01306	0.03046	0.03282	0.00466	0.04152	1.68738	-9.13086
15448	1.00000	0.00058	0.02470	0.02435	0.01548	0.00058	0.02885	0.09208	1.61528	-4.53842
15458	1.00000	-0.04132	0.03920	0.04605	0.00673	-0.04132	0.02141	0.05121	1.55699	-4.55188
15468	1.00000	-0.05099	0.01180	0.05323	-0.00409	-0.05099	-0.01581	0.22263	1.50330	-4.73452
15478	1.00000	-0.02037	0.00536	0.01765	0.01159	-0.02037	-0.00558	0.04171	1.44501	-4.86979
15488	1.00000	-0.02198	-0.01882	0.03279	0.02436	-0.02198	-0.03442	0.02202	1.37138	-4.85438
15498	1.00000	0.03604	-0.06395	0.06185	0.01690	0.03604	-0.05303	0.04398	1.30388	-9.49836
15508	1.00000	0.06827	-0.03977	0.06848	-0.00379	0.06827	-0.00651	0.05605	1.25173	-4.74918
15518	1.00000	0.06505	-0.01721	0.06638	0.01172	0.06505	0.01769	0.04484	1.19804	-4.56508
15528	1.00000	0.03604	-0.03977	-0.00743	0.04329	0.03604	-0.02512	0.04907	1.13054	-4.56543
15538	1.00000	0.00864	0.03920	0.04369	0.02628	0.00864	0.05025	0.01147	1.05998	-9.35357
15548	1.00000	-0.03810	0.03759	0.04370	-0.00055	-0.03810	0.02141	0.14737	1.00169	-4.64844
15558	1.00000	-0.03810	0.03920	0.03733	0.02448	-0.03810	0.02327	0.04760	0.95260	-4.63440
15568	1.00000	-0.03649	0.01825	0.02963	0.02129	-0.03649	0.00001	0.05459	0.89584	-4.74918
15578	1.00000	-0.06550	-0.01076	0.06163	0.05491	-0.06550	-0.05024	0.16841	0.82528	-9.46886
15588	1.00000	0.01186	-0.05750	0.05652	0.02218	0.01186	-0.05955	0.11000	0.75779	-4.85438
15598	1.00000	0.06666	-0.24769	0.15971	0.20049	0.06666	-0.24752	0.06852	0.70717	-4.82385
15608	1.00000	0.07472	-0.04138	0.07323	0.01556	0.07472	-0.00465	0.05733	0.65501	-9.10377
15618	1.00000	0.04893	-0.05267	0.00945	0.05801	0.04893	-0.03256	0.05229	0.59058	-9.13069
15628	1.00000	0.03765	-0.01399	0.00518	0.03770	0.03765	0.00559	0.07100	0.52155	-9.05006
15638	1.00000	-0.01392	0.03114	0.03030	0.00741	-0.01392	0.02792	