.10	0.04913	0.00724	0.04100	0.01048
0.10	0.05222	0.00695	0.04844	0.00797
0.10	0.02539	0.03242	0.03301	0.02549
0.10	0.01107	0.01922	0.01844	0.02103
0.10	0.06744	0.03637	0.05112	0.03199
0.10	0.02578	0.02309	0.03422	0.02563
0.10	-0.00704	0.00840	0.00676	0.01334
0.10	0.01393	0.01045	0.01155	0.01127
0.10	0.10302	-0.05645	0.07262	-0.03717
0.10	0.06794	0.00557	0.06951	-0.00667
0.10	0.01494	0.01460	0.03311	0.00853
0.10	0.05437	0.08273	0.04731	0.06161
0.10	0.06703	0.04122	0.06044	0.04706
0.10	0.03668	0.01933	0.04463	0.02729
0.10	-0.02090	0.01900	0.00095	0.02137
0.10	0.02672	0.00998	0.01818	0.01321
0.10	0.06633	-0.01078	0.05026	-0.00391
0.10	0.02490	0.00974	0.03336	0.00583
0.10	0.05433	0.02509	0.04731	0.01956
0.10	0.06250	0.01885	0.05743	0.01905
0.10	0.05072	0.05089	0.05295	0.04180
0.10	0.02435	0.02808	0.03385	0.03198
0.10	0.00053	0.01061	0.01169	0.01675
0.10	0.06544	0.00573	0.04754	0.00887
0.10	0.05475	-0.01170	0.05234	-0.00581
0.10	0.05038	0.02085	0.05103	0.01330
0.10	0.06847	0.04594	0.06267	0.03663
0.10	0.05875	0.04869	0.06006	0.04525
0.10	0.07530	0.32627	0.07022	0.24608
0.10	0.00816	0.03486	0.02888	0.09531
0.10	0.03775	0.01208	0.03480	0.03583
0.10	0.05618	-0.02906	0.04907	-0.01055
0.10	0.12928	0.01689	0.10254	0.00905
0.10	0.07267	0.08519	0.08266	0.06336
0.10	0.04411	0.05702	0.05703	0.05884
0.10	0.03065	0.03442	0.03941	0.04137
0.10	0.00457	0.02474	0.01624	0.02952
0.10	0.00515	0.00830	0.00884	0.01435
0.10	0.04594	-0.01763	0.03358	-0.00850
0.10	0.04265	0.00883	0.03963	0.00388
0.10	0.02081	0.02804	0.02709	0.02113
0.10	0.01049	-0.05297	0.01599	-0.03196
0.10	0.05921	0.02246	0.04476	0.00686
0.10	0.02867	-0.00179	0.03404	0.00069
0.10	-0.01257	-0.02701	0.00290	-0.01913
0.10	0.04601	-0.01196	0.03168	-0.01400
0.10	0.06595	-0.00039	0.05449	-0.00429
0.10	0.06354	-0.00589	0.06052	-0.00543
0.10	0.01877	-0.00791	0.03264	-0.00721
0.10	0.02792	0.02493	0.02951	0.01565
0.10	0.04724	0.03084	0.04138	0.02654
0.10	0.03979	0.00109	0.04032	0.00836
0.10	-0.01856	-0.01110	0.00104	-0.00555
0.10	-0.06451	-0.12755	-0.04255	-0.09250
0.10	0.06808	-0.03922	0.03139	-0.05436
0.10	0.05837	0.00067	0.04930	-0.01520
0.10	0.02376	0.01923	0.03221	0.00948
0.10	0.04570	0.00186	0.04119	0.00404
0.10	0.07590	0.01488	0.06434	0.01179
0.10	-0.01933	0.00880	0.00873	0.00966
0.10	0.00281	0.00190	0.00477	0.00411
0.10	0.08354	0.00566	0.05734	0.00522
0.10	0.06466	-0.00067	0.06222	0.00102
0.10	-0.08443	-0.05390	-0.03550	-0.03819
0.10	0.03082	0.00860	0.00881	-0.00471
0.10	0.07180	0.01587	0.05053	0.00991
0.10	0.03081	0.01966	0.03731	0.01691
0.10	0.00356	0.00384	0.01483	0.00758
0.10	0.03966	-0.02959	0.03134	-0.01891
0.10	0.09243	-0.05238	0.07200	-0.04278
0.10	0.08661	0.03768	0.08177	0.01486
0.10	0.06240	0.03977	0.06884	0.03268
0.10	0.05105	0.01656	0.05698	0.02116
0.10	0.01784	0.04090	0.03087	0.03527
0.10	-0.01715	0.02835	-0.00114	0.03032
0.10	0.03113	0.01244	0.02038	0.01754
0.10	0.05609	-0.02923	0.04404	-0.01568
0.10	0.04440	0.00290	0.04428	-0.00242
0.10	0.04220	0.01609	0.04289	0.01087
0.10	0.06157	0.03685	0.05530	0.02938
0.10	0.06075	0.00407	0.05895	0.01125
0.10	-0.00118	0.01534	0.01903	0.01416
0.10	0.01484	0.00996	0.01623	0.01115
0.10	0.06139	-0.02732	0.04634	-0.01633
0.10	0.07495	-0.01938	0.06543	-0.01851
0.10	0.05412	0.01766	0.05790	0.00730
0.10	0.03564	0.04281	0.04303	0.03270
0.10	0.06173	0.01410	0.05542	0.01949
0.10	0.02654	0.00971	0.03607	0.01248
0.10	0.01962	0.02420	0.02509	0.02086
0.10	0.03823	-0.00705	0.03386	0.00091
0.10	0.07507	-0.01251	0.06117	-0.00863
0.10	0.04383	0.01363	0.04955	0.00733
0.10	0.03596	0.04208	0.04049	0.03216
0.10	0.07711	0.03801	0.06476	0.03632
0.10	0.06128	0.01204	0.06244	0.01895
0.10	-0.01936	0.05901	0.00797	0.04754
0.10	-0.11689	0.05768	-0.07529	0.05479
0.10	-0.00786	-0.01405	-0.03026	0.00555
0.10	0.07005	-0.01711	0.03672	-0.01066
0.10	0.06390	-0.00053	0.05482	-0.00343
0.10	0.04207	0.03069	0.04633	0.02093
0.10	0.06839	0.05378	0.06108	0.04445
0.10	0.05667	0.06602	0.05815	0.05979
0.10	0.02553	0.03102	0.03642	0.03925
0.10	-0.13334	0.04520	-0.07680	0.04350
0.10	0.06086	0.01228	0.01539	0.02111
0.10	0.06774	0.00548	0.05010	0.01000
0.10	0.06443	0.01267	0.05967	0.01191
0.10	0.06856	0.06708	0.06561	0.05139
0.10	0.06377	0.05191	0.06439	0.05176
0.10	0.03515	0.04056	0.04484	0.04374
0.10	-0.00124	0.03686	0.01419	0.03884
0.10	0.03221	0.01089	0.02622	0.01884
0.10	0.04976	-0.02844	0.04194	-0.01497
0.10	0.04144	0.02060	0.04161	0.01042
0.10	0.01444	0.02850	0.02348	0.02334
0.10	0.05111	0.02840	0.04182	0.02694
0.10	0.03890	0.04093	0.03987	0.03696
0.10	0.03566	0.01075	0.03707	0.01831
0.10	0.00195	-0.02988	0.01358	-0.01621
0.10	0.05173	0.00622	0.03901	-0.00019
0.10	0.06650	-0.07923	0.05733	-0.05662
0.10	0.01230	0.00592	0.02730	-0.01193
0.10	0.03261	0.02139	0.03085	0.01191
0.10	0.05381	-0.00505	0.04612	-0.00018
0.10	0.13134	0.03975	0.10296	0.02836
0.10	0.14883	-0.05462	0.13354	-0.03091
0.10	0.04265	-0.02470	0.07309	-0.02648
0.10	0.07244	-0.00976	0.07266	-0.01452
0.10	0.03494	-0.00634	0.04758	-0.00869
0.10	-0.00384	0.02635	0.01320	0.01640
0.10	0.06201	0.01506	0.04578	0.01544
0.10	0.04679	0.22549	0.04645	0.16525
0.10	0.04170	-0.01260	0.04329	0.03850
0.10	-0.02307	-0.02700	-0.00109	-0.00841
0.10	0.03614	-0.04310	0.02376	-0.03321
0.10	0.05336	0.00227	0.04347	-0.00789
0.10	0.04186	-0.01896	0.04240	-0.01580
0.10	0.04215	0.03645	0.04223	0.02157
0.10	0.02897	-0.08254	0.03338	-0.05284
0.10	0.02640	0.02239	0.02873	0.00083
0.10	-0.00386	0.00414	0.00699	0.00319
0.10	0.03965	0.00199	0.02865	0.00234
0.10	0.06168	-0.03384	0.05079	-0.02362
0.10	0.05366	-0.01247	0.05270	-0.01565
0.10	0.06842	0.03601	0.06317	0.02122
0.10	0.04158	0.03860	0.04881	0.03361
0.10	0.06028	0.02524	0.05648	0.02762
0.10	0.03174	0.01289	0.04005	0.01713
0.10	0.02732	0.01838	0.03155	0.01803
0.10	0.05395	0.00466	0.04650	0.00847
0.10	0.04508	0.03890	0.04555	0.03022
0.10	0.04560	0.02665	0.04558	0.02767
0.10	0.05180	0.05112	0.04973	0.04443
0.10	0.04336	0.02162	0.04548	0.02815
0.10	0.01010	0.03296	0.02190	0.03159
0.10	-0.01021	0.00650	0.00053	0.01369
0.10	0.04208	-0.05282	0.02816	-0.03371
0.10	0.07056	0.13351	0.05652	0.08608
0.10	0.04734	-0.00999	0.05038	0.01727
0.10	0.03447	0.02152	0.03982	0.02029
0.10	0.06547	0.03989	0.05691	0.03428
0.10	0.03366	0.06877	0.04140	0.05893
0.10	0.00444	0.00982	0.01681	0.02391
0.10	0.01940	0.02382	0.01854	0.02385
0.10	0.05374	0.01156	0.04203	0.01506
0.10	0.05901	0.01900	0.05334	0.01787
0.10	0.03826	0.05801	0.04328	0.04654
0.10	0.05133	0.04572	0.04866	0.04595
0.10	0.04833	0.04624	0.04844	0.04616
0.10	-0.02822	0.01615	-0.00261	0.02474
0.10	-0.02624	0.01298	-0.01837	0.01634
0.10	0.04148	0.01039	0.02165	0.01208
0.10	0.06872	0.00858	0.05296	0.00959
0.10	0.03571	0.02334	0.04145	0.01942
0.10	0.03978	0.01905	0.04034	0.01916
0.10	0.06250	0.04007	0.05519	0.03416
0.10	0.03917	0.04656	0.04455	0.04299
0.10	0.08924	0.03796	0.07440	0.03939
0.10	0.00249	0.01633	0.02636	0.02289
0.10	0.07074	0.02121	0.05592	0.02169
0.10	0.06597	-0.01579	0.06259	-0.00499
0.10	0.05081	0.03287	0.05471	0.02212
0.10	0.03332	0.00342	0.04052	0.00882
0.10	0.06985	0.05401	0.06012	0.04117
0.10	0.04270	0.04144	0.04854	0.04137
0.10	0.13495	0.08458	0.10641	0.07236
0.10	0.04296	0.00899	0.06407	0.02706
0.10	0.00947	0.11433	0.02776	0.08926
0.10	0.03883	0.03328	0.03515	0.04924
0.10	0.01818	0.03861	0.02386	0.04166
0.10	0.03792	0.01143	0.03323	0.02007
0.10	0.04082	0.03038	0.03829	0.02744
0.10	0.03363	0.02530	0.03518	0.02591
0.10	0.01195	0.00912	0.01971	0.01393
0.10	0.03338	-0.01986	0.02886	-0.01028
0.10	0.05763	0.01020	0.04799	0.00432
0.10	0.08708	0.04085	0.07411	0.03047
0.10	0.05763	0.02840	0.06310	0.02899
0.10	0.05706	0.02869	0.05908	0.02878
0.10	0.04283	0.00454	0.04825	0.01147
0.10	-0.01662	0.00936	0.00502	0.00996
0.10	0.02191	0.01500	0.01629	0.01357
0.10	0.02080	-0.15976	0.01929	-0.11009
0.10	0.04582	-0.01290	0.03701	-0.04056
0.10	0.05198	0.03938	0.04697	0.01645
0.10	0.03169	0.02792	0.03680	0.02463
0.10	0.03250	0.03428	0.03394	0.03152
0.10	0.00310	0.00497	0.01344	0.01260
0.10	-0.02242	-0.03423	-0.01054	-0.02094
0.10	0.06764	-0.00705	0.04163	-0.01101
0.10	0.07844	-0.02921	0.06614	-0.02399
0.10	-0.10815	0.08884	-0.05025	0.05672
0.10	0.02757	0.01470	0.00139	0.02682
0.10	0.09205	0.02143	0.06212	0.02296
0.10	0.13707	-0.02719	0.11203	-0.01283
0.10	0.03904	-0.00430	0.06344	-0.00675
0.10	0.01041	-0.02453	0.02797	-0.01948
0.10	0.06760	-0.01027	0.05426	-0.01293
0.10	0.06760	-0.01676	0.06320	-0.01568
0.10	0.02693	-0.01481	0.03904	-0.01506
0.10	0.01019	0.01640	0.01990	0.00732
0.10	0.06139	-0.00689	0.04757	-0.00283
0.10	0.02236	0.05185	0.03068	0.03639
0.10	-0.15060	0.05836	-0.09021	0.05209
0.10	0.02625	-0.05253	-0.01289	-0.02238
0.10	-0.00120	-0.25082	-0.00510	-0.18558
0.10	0.02493	0.00966	0.01496	-0.04590
0.10	0.00975	0.01526	0.01149	-0.00228
0.10	0.04949	0.00456	0.03678	0.00260
0.10	0.04564	0.03514	0.04270	0.02589
0.10	-0.01751	0.01734	0.00268	0.01980
0.10	0.03769	0.00311	0.02606	0.00786
0.10	0.05687	-0.03536	0.04662	-0.02303
0.10	0.03478	0.01731	0.03872	0.00579
0.10	0.04176	0.02586	0.04075	0.02013
0.10	0.05696	0.02630	0.05157	0.02454
0.10	0.05809	0.02058	0.05591	0.02171
0.10	0.03780	0.00694	0.04384	0.01117
0.10	0.07366	0.07763	0.06368	0.05857
0.10	0.04090	0.01759	0.04844	0.02921
0.10	0.05077	-0.05677	0.04999	-0.03204
0.10	0.01455	0.02301	0.02629	0.00739
0.10	0.05554	0.04924	0.04568	0.03714
0.10	0.05756	0.05721	0.05365	0.05154
0.10	0.04585	0.04338	0.04845	0.04571
0.10	0.02536	0.01912	0.03311	0.02678
0.10	0.01848	-0.00902	0.02333	0.00115
0.10	0.05556	0.00544	0.04483	0.00422
0.10	0.06672	-0.01065	0.05942	-0.00640
0.10	0.02051	0.00844	0.03349	0.00419
0.10	0.25408	0.17989	0.18079	0.12987
0.10	0.12882	-0.04034	0.14615	0.00830
0.10	0.02602	0.02534	0.06622	0.02045
0.10	-0.02769	0.01884	0.00361	0.01930
0.10	0.02070	-0.01334	0.01502	-0.00405
0.10	0.09113	-0.00327	0.06573	-0.00349
0.10	0.05788	0.01138	0.06051	0.00712
0.10	-0.07074	-0.03299	-0.02703	-0.02154
0.10	0.06081	0.04681	0.03128	0.02710
0.10	0.05485	0.01861	0.04699	0.02104
0.10	0.02736	0.01637	0.03384	0.01769
0.10	0.00178	0.00875	0.01249	0.01131
0.10	0.03618	0.01198	0.02822	0.01178
0.10	0.06335	0.01511	0.05179	0.01417
0.10	0.03387	0.02772	0.03985	0.02384
0.10	0.05116	0.07496	0.04737	0.06030
0.10	0.06437	-0.02080	0.05869	0.00243
0.10	0.04966	0.01900	0.05266	0.01427
0.10	0.00043	0.05577	0.01781	0.04393
0.10	0.00004	0.00893	0.00598	0.01896
0.10	0.05214	-0.01824	0.03676	-0.00762
0.10	0.06815	0.00936	0.05765	0.00449
0.10	0.08000	0.04944	0.07260	0.03669
0.10	0.06248	0.04667	0.06586	0.04382
0.10	0.04311	0.03794	0.05069	0.03962
0.10	0.03794	0.02276	0.04218	0.02757
0.10	0.01868	0.02569	0.02652	0.02623
0.10	0.03641	0.02168	0.03312	0.02298
0.10	0.06376	0.01326	0.05356	0.01603
0.10	0.05705	-0.00547	0.05588	0.00067
0.10	0.02932	0.03568	0.03820	0.02564
0.10	0.05179	0.03394	0.04723	0.03155
0.10	0.06531	0.00270	0.05931	0.01090
0.10	0.00813	0.00434	0.02532	0.00623
0.10	-0.00842	-0.01300	0.00278	-0.00753
0.10	0.03461	-0.00511	0.02399	-0.00580
0.10	0.06982	-0.01536	0.05455	-0.01263
0.10	0.04172	0.00727	0.04600	0.00158
0.10	0.03601	0.01784	0.03933	0.01321
0.10	0.05361	-0.00686	0.04882	-0.00109
0.10	0.03981	-0.00001	0.04278	-0.00032
0.10	0.01484	-0.00411	0.02426	-0.00301
0.10	0.02104	-0.04914	0.02211	-0.03606
0.10	0.06696	0.00014	0.05205	-0.01017
0.10	0.05111	0.00564	0.05143	0.00110
0.10	0.02285	-0.00495	0.03233	-0.00323
0.10	0.06028	0.01633	0.05085	0.01066
0.10	0.03353	0.02996	0.03924	0.02450
0.10	-0.01413	-0.00479	0.00361	0.00355
0.10	0.01674	0.02799	0.01231	0.02092
0.10	0.08013	-0.04298	0.05776	-0.02493
0.10	0.06839	-0.01124	0.06484	-0.01516
0.10	-0.01814	-0.00740	0.00982	-0.00964
0.10	0.02569	0.02370	0.02044	0.01425
0.10	0.03435	0.01698	0.02969	0.01620
0.10	0.06009	0.01898	0.04995	0.01819
0.10	-0.01150	0.00747	0.00877	0.01049
0.10	0.04934	0.00565	0.03576	0.00704
0.10	0.06573	-0.02417	0.05567	-0.01518
0.10	0.04405	0.00228	0.04790	-0.00268
0.10	0.00423	0.00043	0.01872	-0.00046
0.10	0.04255	0.00941	0.03452	0.00656
0.10	0.04159	0.00086	0.03923	0.00248
0.10	0.11204	-0.05153	0.08777	-0.03610
0.10	0.04764	-0.00096	0.06098	-0.01098
0.10	0.06485	-0.00171	0.06356	-0.00435
0.10	0.04411	-0.00178	0.05059	-0.00252
0.10	0.01078	0.01790	0.02408	0.01205
0.10	0.05023	0.03137	0.04157	0.02588
0.10	0.03815	0.04356	0.03930	0.03848
0.10	0.14831	0.04891	0.11219	0.04595
0.10	-0.00176	-0.00279	0.03652	0.01125
0.10	-0.09525	-0.23751	-0.05138	-0.16652
0.10	0.06819	-0.00902	0.02841	-0.05393
0.10	0.02202	0.00958	0.02415	-0.00859
0.10	0.04584	0.02385	0.03862	0.01460
0.10	0.04933	0.04519	0.04576	0.03645
0.10	0.02797	0.00243	0.03392	0.01218
0.10	0.02259	0.02917	0.02636	0.02432
0.10	0.04475	-0.04293	0.03866	-0.02384
0.10	0.05786	0.01611	0.05143	0.00464
0.10	0.03553	-0.00193	0.04081	-0.00006
0.10	0.04423	0.03614	0.04309	0.02574
0.10	0.06108	0.03962	0.05506	0.03564
0.10	0.06434	0.02282	0.06126	0.02646
0.10	0.05327	0.01047	0.05593	0.01503
0.10	0.00490	0.01893	0.02199	0.01781
0.10	0.06218	-0.02499	0.04876	-0.01273
0.10	-0.03862	0.06522	-0.00966	0.04308
0.10	0.01312	0.02440	0.00547	0.02977
0.10	0.01944	0.02789	0.01480	0.02843
0.10	0.06017	0.04234	0.04507	0.03837
0.10	0.05227	0.00730	0.04987	0.01617
0.10	-0.00584	0.03986	0.01259	0.03315
0.10	0.00990	-0.00411	0.01080	0.00667
0.10	0.07275	0.00602	0.05213	0.00620
0.10	0.05119	0.02195	0.05151	0.01746
0.10	0.00744	0.03418	0.02220	0.02938
0.10	0.06876	0.03193	0.05324	0.03120
0.10	0.06329	0.00491	0.05996	0.01237
0.10	0.03733	0.02787	0.04486	0.02345
0.10	-0.01208	0.04757	0.00704	0.04062
0.10	0.02655	-0.00273	0.02006	0.00963
0.10	0.06034	-0.00523	0.04701	-0.00102
0.10	0.04007	0.03422	0.04238	0.02413
0.10	0.04474	0.03918	0.04395	0.03487
0.10	0.04386	0.01731	0.04389	0.02230
0.10	0.04311	0.04026	0.04337	0.03512
0.10	0.02630	0.02022	0.03198	0.02447
0.10	0.03928	0.02842	0.03684	0.02728
0.10	0.04835	-0.02315	0.04450	-0.00868
0.10	0.04793	0.01724	0.04679	0.00987
0.10	0.05896	0.01684	0.05489	0.01484
0.10	0.01963	0.00727	0.03137	0.00943
0.10	-0.01059	-0.09785	0.00337	-0.06727
0.10	0.02640	0.03838	0.01871	0.00813
0.10	0.01080	0.01350	0.01344	0.01197
0.10	0.03925	-0.07437	0.03070	-0.04986
0.10	0.07653	0.00052	0.06113	-0.01400
0.10	0.05832	-0.00534	0.05925	-0.00780
0.10	0.03452	0.03610	0.04284	0.02343
0.10	0.05534	0.03514	0.05118	0.03180
0.10	0.03451	0.01803	0.04009	0.02198
0.10	-0.00386	-0.01879	0.01076	-0.00716
0.10	-0.01582	0.04954	-0.00701	0.03344
0.10	0.06148	-0.00945	0.03852	0.00288
0.10	0.03433	-0.00174	0.03572	-0.00042
0.10	-0.00008	-0.00893	0.01189	-0.00649
0.10	0.03887	0.00463	0.02986	0.00145
0.10	0.00710	0.22482	0.01460	0.16172
0.10	0.16448	-0.11376	0.11442	-0.03488
0.10	-0.00641	-0.04011	0.03420	-0.03860
0.10	0.09516	-0.01101	0.07487	-0.01888
0.10	0.07841	-0.02819	0.07723	-0.02552
0.10	0.02435	0.00448	0.04197	-0.00409
0.10	0.02722	-0.03907	0.03212	-0.02911
0.10	0.05479	0.03550	0.04722	0.01701
0.10	0.01222	0.02493	0.02392	0.02266
0.10	-0.04244	-0.00464	-0.02034	0.00315
0.10	0.02191	-0.01555	0.00792	-0.01025
0.10	0.06676	-0.00606	0.04708	-0.00726
0.10	0.00401	0.01247	0.01832	0.00685
0.10	0.02203	-0.01610	0.02079	-0.00951
0.10	0.05628	0.00416	0.04443	0.00025
0.10	0.03899	0.06779	0.04080	0.04857
0.10	-0.01508	0.02248	0.00362	0.02997
0.10	0.02906	0.01853	0.02060	0.02179
0.10	0.05938	-0.03075	0.04649	-0.01579
0.10	0.07061	0.01016	0.06256	0.00273
0.10	0.03661	0.02991	0.04525	0.02215
0.10	0.05467	0.02826	0.05154	0.02652
0.10	0.03977	0.01855	0.04371	0.02083
0.10	0.08864	0.04140	0.07369	0.03554
0.10	0.03119	0.00110	0.04542	0.01098
0.10	0.03287	-0.02719	0.03707	-0.01625
0.10	0.05673	0.01947	0.05021	0.00933
0.10	0.01696	0.02785	0.02810	0.02253
0.10	0.04811	0.04777	0.04147	0.04059
0.10	0.04745	0.00979	0.04546	0.01860
0.10	0.03027	0.04598	0.03533	0.03817
0.10	-0.05746	-0.02140	-0.02647	-0.00434
0.10	0.01161	0.03459	-0.00104	0.02351
0.10	0.06725	-0.00533	0.04455	0.00288
0.10	0.03974	0.02018	0.04135	0.01522
0.10	0.04108	0.03725	0.04117	0.03096
0.10	0.06323	0.03929	0.05591	0.03692
0.10	0.04984	0.04218	0.05188	0.04067
0.10	0.03915	0.00721	0.04338	0.01674
0.10	0.00874	0.00171	0.02035	0.00603
0.10	0.06981	-0.00184	0.05331	0.00041
0.10	0.05746	-0.01003	0.05608	-0.00706
0.10	0.08839	0.04643	0.07755	0.03104
0.10	0.02545	0.03117	0.04276	0.03114
0.10	0.05971	0.04278	0.05407	0.03945
0.10	0.06148	0.00903	0.05901	0.01774
0.10	-0.01694	0.04277	0.00813	0.03569
0.10	0.01805	-0.00526	0.01471	0.00658
0.10	0.05829	0.01422	0.04380	0.01204
0.10	0.06775	-0.00335	0.05978	0.00105
0.10	0.04240	0.02090	0.04821	0.01521
0.10	0.04139	0.03847	0.04367	0.03179
0.10	0.05739	0.04332	0.05284	0.04005
0.10	0.14990	0.01312	0.11754	0.02082
0.10	0.00029	0.03690	0.03925	0.03232
0.10	0.05679	0.01358	0.05089	0.01899
0.10	0.06857	-0.00047	0.06272	0.00504
0.10	0.04355	0.03126	0.04996	0.02375
0.10	0.02477	0.03311	0.03315	0.03044
0.10	0.07354	0.00700	0.06015	0.01366
0.10	0.02871	0.03171	0.03922	0.02654
0.10	0.00694	0.03932	0.01768	0.03567
0.10	-0.00424	0.00032	0.00311	0.01048
0.10	0.01547	0.05690	0.01133	0.04357
0.10	0.06554	0.01692	0.04757	0.02449
0.10	0.03126	0.00349	0.03672	0.00951
0.10	0.03236	0.01783	0.03381	0.01545
0.10	0.01790	-0.02591	0.02319	-0.01411
0.10	0.05933	-0.00304	0.04729	-0.00620
0.10	0.01637	0.01460	0.02667	0.00867
0.10	0.01825	-0.02622	0.02104	-0.01630
0.10	0.05565	0.00250	0.04404	-0.00291
0.10	0.04149	0.01273	0.04233	0.00829
0.10	0.12347	0.06984	0.09621	0.05211
0.10	0.03497	0.00231	0.05547	0.01660
0.10	0.05428	-0.00334	0.05468	0.00234
0.10	0.03918	-0.00274	0.04431	-0.00130
0.10	0.00501	-0.00411	0.01822	-0.00330
0.10	0.07446	-0.01130	0.05570	-0.00901
0.10	0.04646	-0.02683	0.04955	-0.02173
0.10	0.07674	-0.00772	0.06768	-0.01172
0.10	0.02578	-0.01705	0.03969	-0.01553
0.10	0.05969	-0.01789	0.05301	-0.01722
0.10	0.05542	-0.01167	0.05461	-0.01326
0.10	-0.02411	-0.01705	0.00205	-0.01597
0.10	0.02502	-0.05579	0.01743	-0.04451
0.10	0.05037	-0.03422	0.03931	-0.03718
0.10	0.06722	-0.02003	0.05795	-0.02491
0.10	0.05255	0.00034	0.05436	-0.00690
0.10	0.01180	0.05412	0.02602	0.03664
0.10	0.05746	-0.00856	0.04701	0.00431
0.10	0.01879	0.00744	0.02814	0.00655
0.10	-0.00086	-0.01638	0.00889	-0.00977
0.10	0.07597	0.00695	0.05361	0.00217
0.10	0.04893	-0.01909	0.05049	-0.01302
0.10	0.01906	0.00714	0.02954	0.00138
0.10	0.05923	0.02573	0.04936	0.01879
0.10	0.13528	-0.08099	0.10668	-0.05253
0.10	0.03280	0.00335	0.05747	-0.01265
0.10	-0.01696	0.00293	0.00786	-0.00152
0.10	0.02985	0.00386	0.02256	0.00233
0.10	0.05680	-0.01964	0.04534	-0.01334
0.10	0.05490	0.00781	0.05169	0.00172
0.10	0.05461	0.03567	0.05364	0.02602
0.10	0.06418	0.03548	0.06066	0.03278
0.10	0.03867	0.01661	0.04599	0.02122
0.10	0.01683	0.02309	0.02656	0.02255
0.10	0.03034	0.01926	0.02908	0.02020
0.10	0.05378	-0.03059	0.04556	-0.01609
0.10	0.07489	-0.00315	0.06509	-0.00685
0.10	0.06232	0.01758	0.06324	0.01059
0.10	0.01806	0.01554	0.03304	0.01414
0.10	0.03777	0.02944	0.03618	0.02504
0.10	0.02119	0.03829	0.02617	0.03452
0.10	0.01776	0.02903	0.02057	0.03061
0.10	0.09081	0.03980	0.06729	0.03716
0.10	0.05932	0.01524	0.06196	0.02146
0.10	0.04900	0.00934	0.05330	0.01279
0.10	0.04003	-0.03542	0.04449	-0.02152
0.10	0.06158	0.00255	0.05589	-0.00432
0.10	0.04423	0.03794	0.04810	0.02592
0.10	0.02775	0.01281	0.03457	0.01658
0.10	0.15493	-0.08568	0.11499	-0.05661
0.10	0.05256	-0.00937	0.07331	-0.02283
0.10	0.06596	-0.01521	0.06843	-0.01740
0.10	0.05169	0.03145	0.05723	0.01760
0.10	0.06170	0.04235	0.06021	0.03530
0.10	0.05291	0.01972	0.05537	0.02423
0.10	0.05344	0.01194	0.05408	0.01545
0.10	-0.00442	0.00966	0.01491	0.01130
0.10	0.01614	-0.00655	0.01573	-0.00145
0.10	0.06804	0.01214	0.05043	0.00821
0.10	0.05725	0.02328	0.05498	0.01898
0.10	0.01119	0.01117	0.02566	0.01338
0.10	0.04298	0.02116	0.03713	0.01890
0.10	0.05065	0.02992	0.04617	0.02679
0.10	0.01336	0.04582	0.02426	0.04040
0.10	0.00481	0.02005	0.01136	0.02593
0.10	0.04924	0.00432	0.03663	0.01048
0.10	0.06119	-0.02296	0.05306	-0.01348
0.10	0.03700	0.00307	0.04235	-0.00166
0.10	0.02273	0.03389	0.02927	0.02373
0.10	0.06860	0.03448	0.05554	0.03142
0.10	0.05800	0.06713	0.05718	0.05692
0.10	0.03468	0.01650	0.04216	0.02801
0.10	0.03777	0.03063	0.03924	0.02988
0.10	0.05514	0.01674	0.04983	0.02050
0.10	0.06359	-0.01411	0.05902	-0.00427
0.10	0.02488	0.00699	0.03629	0.00376
0.10	0.02595	0.01146	0.02939	0.00927
0.10	0.04236	0.00655	0.03804	0.00733
0.10	0.05862	-0.00230	0.05174	0.00046
0.10	-0.02222	0.00860	0.00240	0.00628
0.10	0.03539	0.00823	0.02445	0.00767
0.10	0.05877	-0.00033	0.04726	0.00197
0.10	0.05672	-0.01282	0.05359	-0.00862
0.10	0.03080	0.02378	0.03845	0.01445
0.10	0.03940	0.01721	0.03908	0.01642
0.10	0.04989	-0.00945	0.04628	-0.00203
0.10	-0.00279	0.00711	0.01353	0.00450
0.10	0.00334	-0.01888	0.00672	-0.01223
0.10	0.06659	-0.01294	0.04647	-0.01274
0.10	0.05767	-0.02654	0.05395	-0.02261
0.10	0.03813	0.00201	0.04339	-0.00502
0.10	0.03002	0.01780	0.03445	0.01133
0.10	0.03511	-0.01442	0.03489	-0.00697
0.10	-0.02021	-0.02454	-0.00198	-0.01956
0.10	-0.00053	-0.01401	-0.00102	-0.01561
0.10	0.05686	-0.04073	0.03760	-0.03357
0.10	0.07601	-0.03204	0.06319	-0.03248
0.10	0.03591	0.00250	0.04502	-0.00751
0.10	0.02244	0.01020	0.02993	0.00517
0.10	0.05890	-0.00412	0.04925	-0.00147
0.10	0.02921	0.01835	0.03591	0.01267
0.10	-0.00504	0.00104	0.00859	0.00436
0.10	0.04262	-0.00532	0.03132	-0.00257
0.10	0.05503	0.01037	0.04710	0.00666
0.10	0.02128	-0.00869	0.02989	-0.00430
0.10	0.00183	0.01359	0.01121	0.00847
0.10	0.05070	0.06974	0.03750	0.05218
0.10	0.03458	0.04375	0.03555	0.04614
0.10	0.03195	0.01236	0.03316	0.02209
0.10	0.02590	0.01173	0.02831	0.01468
0.10	0.06877	-0.01152	0.05531	-0.00405
0.10	0.02896	0.02339	0.03773	0.01556
0.10	0.00055	0.02344	0.01294	0.02119
0.10	0.05688	-0.02783	0.04225	-0.01384
0.10	0.03175	0.04687	0.03525	0.02952
0.10	0.03157	0.00755	0.03280	0.01381
0.10	-0.00852	0.01154	0.00527	0.01219
0.10	0.04304	0.02246	0.03037	0.01950
0.10	0.06411	0.00974	0.05293	0.01251
0.10	0.01569	0.02225	0.02821	0.01944
0.10	0.02069	0.03757	0.02319	0.03242
0.10	0.03159	0.09570	0.02878	0.07761
0.10	0.05006	-0.10814	0.04298	-0.05513
0.10	0.00963	0.03124	0.02078	0.00649
0.10	0.00432	0.00876	0.00979	0.00811
0.10	0.07625	0.00233	0.05415	0.00398
0.10	0.04012	0.01981	0.04480	0.01529
0.10	0.02543	0.00463	0.03189	0.00768
0.10	0.06115	0.02099	0.05143	0.01720
0.10	-0.00822	0.12233	0.01163	0.09234
0.10	0.03744	0.04295	0.02884	0.05706
0.10	0.01663	0.01886	0.02071	0.02981
0.10	0.02509	0.02086	0.02363	0.02341
0.10	0.06994	0.00383	0.05434	0.00949
0.10	0.07330	-0.01108	0.06704	-0.00527
0.10	0.01337	0.04894	0.03123	0.03348
0.10	0.08586	0.02939	0.06748	0.03057
0.10	0.05138	0.03795	0.05674	0.03584
0.10	0.01530	0.04691	0.02916	0.04374
0.10	-0.02378	0.02067	-0.00635	0.02717
0.10	0.03043	0.00994	0.01805	0.01491
0.10	0.07466	-0.03266	0.05581	-0.01908
0.10	0.03194	0.03878	0.03992	0.02220
0.10	0.05228	0.05011	0.04816	0.04212
0.10	0.05932	-0.01864	0.05561	-0.00134
0.10	0.06043	0.01577	0.05883	0.01091
0.10	-0.00273	0.05130	0.01783	0.03974
0.10	0.01640	0.03138	0.01688	0.03376
0.10	0.05408	0.02110	0.04163	0.02473
0.10	0.02214	0.02891	0.02862	0.02772
0.10	0.02338	0.03228	0.02512	0.03098
0.10	0.08116	0.04437	0.06256	0.04056
0.10	0.05776	0.01370	0.05937	0.02140
0.10	0.03578	0.04368	0.04370	0.03726
0.10	0.02790	0.02428	0.03313	0.02796
0.10	0.03466	0.02797	0.03415	0.02796
0.10	0.06187	0.00806	0.05253	0.01381
0.10	0.04255	0.00303	0.04584	0.00607
0.10	-0.12061	0.07656	-0.06519	0.05645
0.10	0.05300	0.03357	0.01324	0.04017
0.10	0.03741	0.01678	0.02941	0.02341
0.10	0.00531	0.02599	0.01342	0.02524
0.10	-0.01111	-0.00925	-0.00298	0.00053
0.10	0.05242	-0.02284	0.03398	-0.01617
0.10	0.07473	-0.02437	0.06115	-0.02203
0.10	0.04046	0.00613	0.04734	-0.00191
0.10	0.00554	0.00609	0.01960	0.00378
0.10	0.04216	0.03541	0.03471	0.02646
0.10	0.03030	0.01046	0.03177	0.01503
0.10	0.01204	-0.01569	0.01863	-0.00690
0.10	0.07927	-0.06521	0.05903	-0.04853
0.10	0.09954	-0.01753	0.08604	-0.02638
0.10	0.04167	-0.02748	0.05650	-0.02717
0.10	0.02392	-0.04852	0.03472	-0.04245
0.10	0.06146	-0.00983	0.05254	-0.01916
0.10	0.05282	-0.00977	0.05273	-0.01246
0.10	-0.00349	-0.01320	0.01519	-0.01299
0.10	0.03894	-0.02553	0.03097	-0.02192
0.10	0.05215	-0.00450	0.04514	-0.00944
0.10	0.07449	-0.02395	0.06461	-0.01977
0.10	0.02380	-0.00112	0.03727	-0.00639
0.10	0.05360	0.01776	0.04815	0.01084
0.10	0.05608	0.02311	0.05344	0.01961
0.10	-0.00187	0.01203	0.01667	0.01421
0.10	0.02164	0.00728	0.01999	0.00926
0.10	0.10056	-0.07704	0.07378	-0.05246
0.10	0.04191	-0.00794	0.05253	-0.02066
0.10	0.01947	0.02460	0.03049	0.01167
0.10	0.08337	0.04304	0.06579	0.03411
0.10	0.04998	0.03512	0.05532	0.03483
0.10	0.02211	0.00486	0.03304	0.01330
0.10	0.01506	0.01643	0.02108	0.01553
0.10	-0.05729	-0.09168	-0.03107	-0.06093
0.10	0.04365	0.01671	0.01862	-0.00559
0.10	0.02129	0.02305	0.02041	0.01491
0.10	0.02233	0.01438	0.02169	0.01453
0.10	0.02276	0.09084	0.02240	0.06905
0.10	0.01562	0.03837	0.01788	0.04714
0.10	0.01700	0.02001	0.01730	0.02776
0.10	0.01852	0.02862	0.01811	0.02838
0.10	0.06106	-0.02528	0.04674	-0.00993
0.10	0.03041	0.01980	0.03585	0.01131
0.10	0.06253	0.01266	0.05359	0.01227
0.10	0.13311	0.11903	0.10678	0.08875
0.10	0.04513	0.08762	0.06580	0.08795
0.10	0.00186	0.05151	0.02312	0.06189
0.10	0.02754	0.02800	0.02606	0.03776
0.10	-0.03935	-0.11010	-0.01754	-0.06783
0.10	0.06846	-0.02373	0.04003	-0.03621
0.10	0.03570	0.00461	0.03714	-0.00705
0.10	0.00885	0.02008	0.01831	0.01230
0.10	0.05533	0.01292	0.04295	0.01274
0.10	0.03317	0.02453	0.03641	0.02118
0.10	0.02146	0.00883	0.02648	0.01239
0.10	0.01228	0.00290	0.01699	0.00560
0.10	0.05516	-0.02860	0.04244	-0.01884
0.10	0.06440	0.01300	0.05711	0.00394
0.10	0.02105	0.03361	0.03313	0.02509
0.10	0.03153	0.02134	0.03206	0.02241
0.10	0.17094	0.27314	0.12474	0.20165
0.10	0.06313	0.00857	0.08371	0.06385
0.10	-0.08165	0.01061	-0.02632	0.02588
0.10	0.02378	0.02478	0.00710	0.02510
0.10	0.06686	-0.01994	0.04699	-0.00711
0.10	0.06284	-0.00301	0.05757	-0.00418
0.10	0.02790	0.01594	0.03778	0.01020
0.10	0.06528	0.05050	0.05607	0.03893
0.10	0.05992	0.04829	0.05863	0.04560
0.10	0.03385	0.02360	0.04209	0.02987
0.10	0.01474	0.02112	0.02383	0.02361
0.10	0.05137	0.03109	0.04221	0.02896
0.10	0.05237	0.01523	0.04897	0.01918
0.10	-0.00394	0.05016	0.01373	0.04129
0.10	0.04538	0.03445	0.03484	0.03640
0.10	0.06034	0.03915	0.05188	0.03837
0.10	0.04434	0.01700	0.04686	0.02312
0.10	0.00142	0.03850	0.01651	0.03412
0.10	0.01543	0.02236	0.01579	0.02575
0.10	0.05779	-0.02528	0.04392	-0.01084
0.10	0.05227	-0.01423	0.04946	-0.01326
0.10	0.02640	0.00591	0.03411	0.00042
0.10	0.05373	0.02898	0.04720	0.02083
0.10	0.05013	0.03958	0.04915	0.03423
0.10	0.02298	0.03618	0.03161	0.03563
0.10	0.00786	0.01386	0.01589	0.02017
0.10	0.00001	0.03649	0.00527	0.03185
0.10	0.08195	-0.03072	0.05655	-0.01295
0.10	0.04445	0.01333	0.04848	0.00582
0.10	0.02715	0.01012	0.03427	0.00889
0.10	-0.02324	-0.05470	-0.00398	-0.03643
0.10	0.03665	-0.00145	0.02314	-0.01142
0.10	0.04037	-0.01232	0.03460	-0.01206
0.10	0.01216	-0.01828	0.01960	-0.01651
0.10	0.06537	-0.00666	0.05009	-0.00947
0.10	0.07899	-0.03044	0.06935	-0.02444
0.10	0.03196	-0.00044	0.04440	-0.00729
0.10	0.03339	-0.01070	0.03708	-0.00972
0.10	0.05439	-0.01202	0.04865	-0.01137
0.10	0.05446	-0.01062	0.05251	-0.01084
0.10	0.00007	-0.01225	0.01743	-0.01185
0.10	0.04264	-0.00500	0.03425	-0.00695
0.10	0.07917	-0.03142	0.06418	-0.02442
0.10	-0.07645	-0.03801	-0.02955	-0.03413
0.10	0.00646	-0.00862	-0.00563	-0.01597
0.10	0.04967	0.03251	0.03128	0.01870
0.10	0.03754	0.01901	0.03545	0.01892
0.10	0.01286	0.01473	0.02038	0.01592
0.10	0.05098	0.00194	0.04081	0.00592
0.10	0.06316	-0.02919	0.05570	-0.01914
0.10	0.02724	-0.01716	0.03673	-0.01773
0.10	0.01422	0.01456	0.02175	0.00531
0.10	0.05145	0.00257	0.04163	0.00335
0.10	0.04539	0.03647	0.04413	0.02694
0.10	-0.02351	0.02587	-0.00110	0.02617
0.10	0.00180	0.01158	0.00083	0.01573
0.10	0.06698	-0.00071	0.04496	0.00398
0.10	0.01757	-0.00138	0.02681	0.00017
0.10	0.00375	0.02380	0.01144	0.01705
0.10	0.05294	0.02509	0.03912	0.02280
0.10	0.02648	0.05213	0.03070	0.04374
0.10	0.03505	0.01180	0.03360	0.02092
0.10	-0.00112	0.00575	0.01034	0.01004
0.10	0.04692	-0.04541	0.03466	-0.02948
0.10	0.06697	-0.02237	0.05628	-0.02439
0.10	0.05412	0.01208	0.05484	0.00160
0.10	0.03174	0.03651	0.03943	0.02656
0.10	0.15357	0.16274	0.11555	0.12386
0.10	0.02686	0.04121	0.05645	0.06485
0.10	0.02865	0.02198	0.03792	0.03424
0.10	0.02884	0.02853	0.03186	0.03016
0.10	0.13167	0.02950	0.09845	0.02969
0.10	0.07774	-0.01571	0.08465	-0.00271
0.10	0.02223	0.01376	0.04313	0.00903
0.10	0.04048	0.04613	0.04136	0.03556
0.10	0.11748	0.14729	0.09217	0.11545
0.10	0.03524	0.03324	0.05428	0.05681
0.10	-0.05089	-0.02265	-0.01590	0.00000
0.10	0.03031	0.00931	0.01495	0.00666
0.10	0.04108	0.00185	0.03236	0.00322
0.10	0.04516	0.01934	0.04089	0.01473
0.10	0.03752	0.01875	0.03864	0.01760
0.10	0.07240	0.02559	0.06122	0.02333
0.10	0.04188	0.03296	0.04836	0.03020
0.10	0.02169	0.03697	0.03059	0.03503
0.10	0.02501	0.01145	0.02688	0.01822
0.10	0.04933	0.00665	0.04190	0.00993
0.10	0.05592	0.01485	0.05123	0.01344
0.10	0.07902	0.02262	0.06977	0.02000
0.10	-0.02088	-0.06578	0.00943	-0.04119
0.10	0.06127	0.00230	0.04400	-0.01012
0.10	0.05631	0.03238	0.05219	0.02020
0.10	0.02527	0.02641	0.03420	0.02464
0.10	0.03796	0.03529	0.03670	0.03223
0.10	0.08372	-0.03080	0.06808	-0.01283
0.10	0.04350	0.02316	0.05173	0.01284
0.10	0.02361	0.02327	0.03301	0.02028
0.10	0.06208	0.03306	0.05242	0.02942
0.10	0.06166	0.05287	0.05859	0.04619
0.10	0.01915	0.04894	0.03229	0.04815
0.10	0.04143	0.06923	0.03839	0.06321
0.10	0.04723	0.00819	0.04430	0.02381
0.10	0.06407	0.00450	0.05748	0.01001
0.10	0.04487	0.02375	0.04907	0.01983
0.10	0.01855	0.01639	0.02876	0.01737
0.10	0.04689	0.00690	0.04082	0.00990
0.10	0.02291	0.27439	0.02886	0.19909
0.10	0.03194	-0.01263	0.03091	0.04810
0.10	-0.02729	-0.02530	-0.00796	-0.00442
0.10	0.05083	0.00650	0.03129	0.00339
0.10	0.04227	0.01333	0.03860	0.01048
0.10	0.04293	0.01404	0.04148	0.01303
0.10	0.04044	0.01861	0.04079	0.01702
0.10	0.03802	-0.00544	0.03895	0.00104
0.10	0.01254	0.01379	0.02128	0.01018
0.10	-0.00095	0.01233	0.00652	0.01171
0.10	0.15691	-0.01084	0.10678	-0.00440
0.10	0.08188	-0.03933	0.09019	-0.02933
0.10	0.03878	-0.00553	0.05579	-0.01228
0.10	0.02025	0.01838	0.03217	0.00956
0.10	0.04693	0.02814	0.04201	0.02283
0.10	0.05566	-0.00964	0.05116	-0.00046
0.10	-0.01452	-0.00917	0.00734	-0.00668
0.10	0.02365	-0.00194	0.01817	-0.00331
0.10	0.05187	0.00923	0.04061	0.00564
0.10	0.08009	-0.02434	0.06690	-0.01576
0.10	0.01272	-0.00883	0.03075	-0.01081
0.10	0.05042	0.01945	0.04391	0.01088
0.10	0.03490	0.04152	0.03793	0.03269
0.10	0.01729	0.01336	0.02416	0.01887
0.10	0.01699	0.00973	0.01936	0.01232
0.10	0.05872	-0.02601	0.04560	-0.01505
0.10	-0.03210	0.03341	-0.00598	0.01944
0.10	0.02146	0.00270	0.01238	0.00744
0.10	0.02811	0.02934	0.02288	0.02310
0.10	0.05172	0.00677	0.04211	0.01143
0.10	0.00458	0.04128	0.01712	0.03273
0.10	-0.01773	0.01328	-0.00612	0.01883
0.10	0.02859	-0.02573	0.01692	-0.01288
0.10	0.01154	0.02354	0.01334	0.01312
0.10	0.06660	0.00011	0.04888	0.00382
0.10	0.04764	0.03597	0.04805	0.02685
0.10	0.06077	0.02803	0.05652	0.02769
0.10	0.03410	-0.06050	0.04153	-0.03545
0.10	0.02401	0.01688	0.02988	0.00185
0.10	0.03294	0.02201	0.03192	0.01627
0.10	0.04864	-0.01976	0.04307	-0.00948
0.10	0.03727	0.01355	0.03921	0.00696
0.10	0.04898	0.03318	0.04573	0.02569
0.10	0.10337	0.07910	0.08416	0.06385
0.10	0.07189	0.01129	0.07598	0.02630
0.10	0.03297	0.01807	0.04735	0.02043
0.10	0.01192	0.00858	0.02373	0.01196
0.10	0.00337	-0.00996	0.01015	-0.00371
0.10	0.05353	0.01246	0.03893	0.00779
0.10	0.12687	0.00694	0.09784	0.00718
0.10	0.05153	0.01473	0.06698	0.01257
0.10	0.01418	0.01952	0.03173	0.01754
0.10	0.07923	0.04164	0.06323	0.03468
0.10	0.03257	0.04577	0.04277	0.04261
0.10	0.03087	0.04490	0.03480	0.04425
0.10	0.02412	0.00370	0.02771	0.01539
0.10	0.02986	0.02083	0.02915	0.01928
0.10	0.04916	0.00227	0.04250	0.00712
0.10	0.00225	0.02499	0.01572	0.01986
0.10	0.02623	0.02911	0.02273	0.02647
0.10	0.07676	0.01572	0.05879	0.01878
0.10	0.06238	0.02964	0.06118	0.02654
0.10	0.01905	0.02092	0.03319	0.02254
0.10	0.03284	0.00238	0.03296	0.00812
0.10	0.05912	0.01026	0.05042	0.00965
0.10	0.06722	-0.00904	0.06164	-0.00372
0.10	0.03822	0.03328	0.04606	0.02266
0.10	0.03467	0.03001	0.03850	0.02789
0.10	0.04691	0.02343	0.04412	0.02470
0.10	0.04190	0.02627	0.04264	0.02582
0.10	0.01557	0.03473	0.02459	0.03219
0.10	0.04949	0.02699	0.04120	0.02847
0.10	0.07290	0.01334	0.06228	0.01769
0.10	0.05756	0.01378	0.05913	0.01489
0.10	0.02781	0.03086	0.03821	0.02632
0.10	0.04856	-0.01060	0.04512	-0.00009
0.10	0.03449	0.04197	0.03803	0.02997
0.10	0.02763	0.02484	0.03110	0.02631
0.10	0.00263	0.01208	0.01216	0.01616
0.10	0.05382	0.00522	0.03986	0.00836
0.10	0.06743	-0.01245	0.05830	-0.00655
0.10	0.03146	0.02315	0.04045	0.01462
0.10	0.04851	0.04787	0.04583	0.03838
0.10	0.03691	0.04250	0.03988	0.04133
0.10	0.05428	0.00096	0.04947	0.01253
0.10	0.00786	0.01386	0.02173	0.01348
0.10	0.02761	0.01172	0.02566	0.01222
0.10	0.05207	0.01125	0.04319	0.01153
0.10	0.06089	-0.00582	0.05502	-0.00088
0.10	0.01228	0.01847	0.02660	0.01291
0.10	0.05051	0.00024	0.04253	0.00387
0.10	0.06232	-0.01422	0.05579	-0.00911
0.10	0.00953	0.01228	0.02495	0.00617
0.10	0.17589	0.04528	0.12499	0.03397
0.10	0.07510	-0.01024	0.09172	0.00238
0.10	0.04331	-0.00272	0.05928	-0.00128
0.10	0.00784	-0.00921	0.02516	-0.00692
0.10	0.06235	0.01288	0.05002	0.00725
0.10	0.06486	-0.01763	0.05989	-0.01049
0.10	0.04596	0.01305	0.05062	0.00630
0.10	-0.00489	-0.01482	0.01355	-0.00881
0.10	-0.01935	-0.07768	-0.00844	-0.05811
0.10	-0.05432	0.12313	-0.03904	0.07141
0.10	0.11439	-0.03208	0.06311	-0.00243
0.10	-0.00425	-0.00611	0.01813	-0.00506
0.10	0.04200	0.01951	0.03397	0.01242
0.10	0.06300	0.02292	0.05342	0.01995
0.10	0.04058	-0.00152	0.04487	0.00462
0.10	-0.00193	-0.01514	0.01369	-0.00949
0.10	0.03405	-0.04070	0.02723	-0.03174
0.10	0.05184	0.00660	0.04359	-0.00441
0.10	0.04222	-0.00247	0.04267	-0.00302
0.10	0.00954	0.01589	0.02050	0.01053
0.10	0.05576	-0.00588	0.04402	-0.00120
0.10	0.04563	0.00609	0.04509	0.00399
0.10	0.03233	0.01763	0.03654	0.01377
0.10	0.04459	0.01264	0.04191	0.01296
0.10	0.03698	0.03255	0.03864	0.02689
0.10	0.01930	-0.00646	0.02576	0.00309
0.10	-0.00001	0.01877	0.00858	0.01429
0.10	0.04749	0.04113	0.03459	0.03351
0.10	0.02595	0.04383	0.02884	0.04087
0.10	0.00702	0.01042	0.01427	0.01908
0.10	0.03211	0.02442	0.02618	0.02290
0.10	0.04182	-0.02584	0.03660	-0.01189
0.10	0.04923	0.01508	0.04503	0.00739
0.10	-0.00170	0.02525	0.01392	0.02013
0.10	0.05499	0.10723	0.04132	0.08239
0.10	0.04421	0.03381	0.04325	0.04766
0.10	0.01234	0.04927	0.02268	0.04881
0.10	-0.01554	0.01962	-0.00283	0.02794
0.10	0.02571	-0.01696	0.01624	-0.00420
0.10	0.05575	-0.01282	0.04256	-0.01035
0.10	0.04053	-0.00269	0.04120	-0.00488
0.10	0.03024	0.03490	0.03390	0.02350
0.10	0.05029	-0.00471	0.04480	0.00340
0.10	0.05367	0.03029	0.05073	0.02266
0.10	0.02742	0.01046	0.03527	0.01398
0.10	0.00674	0.00210	0.01618	0.00547
0.10	0.06186	-0.02069	0.04664	-0.01322
0.10	0.06435	0.01223	0.05846	0.00498
0.10	0.04763	0.01741	0.05126	0.01384
0.10	0.05125	0.04691	0.05125	0.03747
0.10	0.05839	0.01108	0.05602	0.01860
0.10	-0.00919	0.03884	0.01254	0.03306
0.10	-0.03123	0.03420	-0.01658	0.03387
0.10	0.02225	0.02584	0.00932	0.02813
0.10	0.06301	0.00733	0.04516	0.01326
0.10	0.03887	0.02735	0.04097	0.02332
0.10	0.01350	0.04068	0.02268	0.03571
0.10	0.03652	0.01756	0.03187	0.02279
0.10	0.12061	-0.07082	0.09124	-0.04427
0.10	-0.01848	0.04208	0.01815	0.01736
0.10	0.02215	0.03071	0.02082	0.02691
0.10	0.02525	-0.00795	0.02376	0.00210
0.10	0.07113	0.00150	0.05544	0.00167
0.10	0.07189	0.00065	0.06639	0.00094
0.10	0.02767	0.03559	0.04055	0.02571
0.10	0.04785	0.01955	0.04543	0.02130
0.10	0.03895	0.03992	0.04111	0.03458
0.10	0.00749	0.04730	0.01867	0.04368
0.10	0.02870	0.00733	0.02533	0.01779
0.10	0.05238	-0.01033	0.04335	-0.00229
0.10	0.03613	0.04662	0.03852	0.03273
0.10	0.02751	0.02909	0.03119	0.03013
0.10	0.04071	-0.00765	0.03754	0.00313
0.10	0.04662	0.02478	0.04359	0.01859
0.10	0.03224	0.02848	0.03603	0.02565
0.10	0.01873	0.01520	0.02450	0.01819
0.10	0.04295	-0.00294	0.03684	0.00305
0.10	0.05871	0.00352	0.05136	0.00338
0.10	0.01787	0.01050	0.02896	0.00848
0.10	0.01084	0.01409	0.01693	0.01247
0.10	0.04281	0.01370	0.03419	0.01334
0.10	0.03302	-0.01852	0.03341	-0.00951
0.10	-0.02081	-0.01198	-0.00256	-0.01127
0.10	0.03346	-0.02173	0.02153	-0.01876
0.10	0.05281	0.02363	0.04230	0.01141
0.10	0.07684	-0.01946	0.06540	-0.01070
0.10	0.01984	0.01385	0.03512	0.00679
0.10	0.05305	-0.02156	0.04707	-0.01346
0.10	0.05294	0.01954	0.05100	0.01022
0.10	0.03217	-0.00542	0.03849	-0.00092
0.10	0.01667	-0.00325	0.02389	-0.00259
0.10	0.06506	-0.01769	0.05119	-0.01333
0.10	-0.01236	-0.00044	0.00858	-0.00408
0.10	0.02783	-0.01944	0.02141	-0.01505
0.10	0.01985	-0.00701	0.02038	-0.00933
0.10	0.02359	-0.07578	0.02252	-0.05685
0.10	0.05681	-0.01333	0.04535	-0.02580
0.10	0.00116	0.00574	0.01589	-0.00327
0.10	0.01424	-0.00454	0.01479	-0.00418
0.10	0.07571	0.00351	0.05541	0.00132
0.10	0.02969	-0.00593	0.03828	-0.00386
0.10	0.03990	0.02487	0.03936	0.01665
0.10	0.06480	0.02707	0.05639	0.02412
0.10	0.05169	0.03720	0.05326	0.03344
0.10	0.00875	0.02752	0.02352	0.02920
0.10	0.00878	0.01436	0.01373	0.01864
0.10	0.04890	-0.03568	0.03718	-0.02017
0.10	0.05442	-0.01025	0.04869	-0.01308
0.10	0.01938	0.03437	0.02915	0.02081
0.10	0.05594	0.04935	0.04702	0.04120
0.10	0.04219	0.03622	0.04380	0.03764
0.10	0.01977	0.03620	0.02780	0.03662
0.10	0.02094	0.00400	0.02323	0.01333
0.10	0.02996	-0.02598	0.02773	-0.01483
0.10	0.05320	0.00663	0.04467	0.00047
0.10	0.02601	0.00494	0.03221	0.00367
0.10	0.01223	0.01850	0.01893	0.01423
0.10	0.05353	0.01445	0.04198	0.01439
0.10	0.04252	0.04153	0.04234	0.03379
0.10	0.03618	0.00787	0.03825	0.01531
0.10	0.02855	0.06237	0.03177	0.04898
0.10	0.05577	0.00223	0.04778	0.01556
0.10	0.03168	-0.00630	0.03705	-0.00005
0.10	0.04120	0.02086	0.03981	0.01488
0.10	0.03060	-0.02273	0.03366	-0.01202
0.10	0.04845	0.04162	0.04352	0.02630
0.10	0.01988	0.03275	0.02777	0.03091
0.10	0.01291	0.02494	0.01787	0.02664
0.10	0.05502	-0.00499	0.04258	0.00410
0.10	0.06970	0.00795	0.06073	0.00686
0.10	0.07611	0.00121	0.07100	0.00282
0.10	0.04632	0.04257	0.05460	0.03113
0.10	0.05680	0.01016	0.05607	0.01616
0.10	0.04793	0.03628	0.05064	0.03055
0.10	0.00591	0.03410	0.02072	0.03309
0.10	0.04329	0.02574	0.03569	0.02786
0.10	0.07450	-0.04046	0.06158	-0.02096
0.10	0.05635	0.02220	0.05809	0.00992
0.10	0.00135	0.03720	0.02036	0.02936
0.10	0.06162	0.02501	0.04792	0.02625
0.10	0.05612	0.01684	0.05337	0.01955
0.10	0.01999	0.05021	0.03108	0.04148
0.10	-0.00179	0.01303	0.00916	0.02115
0.10	0.04936	0.02514	0.03598	0.02400
0.10	0.06568	0.01187	0.05573	0.01535
0.10	0.03072	0.03242	0.03905	0.02754
0.10	0.02953	0.04553	0.03269	0.04042
0.10	0.04646	0.01537	0.04188	0.02251
0.10	0.05104	0.02692	0.04799	0.02566
0.10	0.03193	0.01731	0.03727	0.01969
0.10	0.03250	0.02917	0.03410	0.02645
0.10	0.05836	0.00479	0.05023	0.01101
0.10	0.04480	0.02079	0.04659	0.01802
0.10	-0.02752	0.00973	-0.00265	0.01211
0.10	0.04713	0.03529	0.03060	0.02869
0.10	0.02689	0.03256	0.02813	0.03146
0.10	0.02934	0.02744	0.02894	0.02859
0.10	0.00922	0.01299	0.01579	0.01744
0.10	0.03710	-0.00025	0.03002	0.00479
0.10	0.06582	-0.01775	0.05382	-0.01127
0.10	0.04809	0.00829	0.04999	0.00273
0.10	0.03965	0.02303	0.04312	0.01719
0.10	0.05596	0.00365	0.05168	0.00751
0.10	0.03389	0.01369	0.03976	0.01195
0.10	0.01328	-0.00353	0.02210	0.00089
0.10	0.02361	-0.02315	0.02310	-0.01622
0.10	0.05171	-0.01063	0.04224	-0.01221
0.10	0.03248	-0.00195	0.03576	-0.00491
0.10	-0.00429	-0.01090	0.00892	-0.00921
0.10	0.10852	-0.09812	0.07529	-0.07269
0.10	0.05570	-0.01124	0.06224	-0