0.10	0.05614	0.03498	0.05344	0.02508
0.10	0.01496	0.03984	0.03145	0.03492
0.10	-0.10093	-0.05157	-0.04439	-0.02285
0.10	0.06215	0.00616	0.01648	-0.00352
0.10	-0.00373	0.04279	0.00494	0.02735
0.10	-0.00267	0.01097	0.00059	0.01644
0.10	0.03669	-0.01720	0.02117	-0.00595
0.10	0.05824	0.04628	0.04248	0.02903
0.10	0.04104	0.02129	0.04166	0.02389
0.10	0.01574	0.02677	0.02679	0.02582
0.10	0.06216	0.03839	0.04699	0.03420
0.10	0.04497	0.01261	0.04584	0.01980
0.10	0.04086	0.04354	0.04300	0.03559
0.10	-0.02421	-0.01232	0.00449	0.00358
0.10	0.06834	-0.00068	0.04095	0.00074
0.10	0.03877	0.01068	0.03970	0.00737
0.10	-0.16974	0.03659	-0.07985	0.02683
0.10	0.04479	0.00161	-0.00879	0.01005
0.10	0.11962	-0.04205	0.06471	-0.02473
0.10	0.02015	0.00360	0.03918	-0.00581
0.10	0.00721	0.01293	0.02096	0.00666
0.10	0.05410	0.00446	0.03988	0.00520
0.10	0.06824	0.00372	0.05610	0.00421
0.10	0.04617	0.00372	0.05039	0.00388
0.10	0.01837	0.00042	0.03206	0.00157
0.10	0.05041	0.02496	0.04247	0.01708
0.10	0.05612	-0.00558	0.05026	0.00199
0.10	-0.00074	0.01016	0.02087	0.00747
0.10	0.04180	0.02606	0.03274	0.01979
0.10	0.06304	-0.02216	0.05009	-0.00822
0.10	0.04231	-0.00288	0.04565	-0.00466
0.10	0.04820	0.04316	0.04710	0.02721
0.10	0.07196	0.03509	0.06136	0.03248
0.10	0.05198	0.05139	0.05600	0.04509
0.10	0.00373	0.04716	0.02616	0.04647
0.10	0.03189	0.03869	0.02943	0.04129
0.10	-0.07486	-0.09216	-0.03049	-0.04805
0.10	0.06145	-0.02385	0.02205	-0.03192
0.10	0.04161	0.03720	0.03315	0.01392
0.10	0.03670	0.02849	0.03519	0.02367
0.10	0.06243	-0.02683	0.05071	-0.00993
0.10	0.04055	0.02860	0.04488	0.01586
0.10	-0.00435	0.04097	0.01688	0.03254
0.10	0.00592	0.00364	0.01060	0.01323
0.10	0.06652	0.01530	0.04253	0.01461
0.10	0.07028	-0.00886	0.05844	-0.00108
0.10	0.06940	0.02529	0.06469	0.01646
0.10	0.07487	0.05065	0.07052	0.03929
0.10	0.05706	0.01239	0.06283	0.02137
0.10	0.06095	0.02560	0.06176	0.02418
0.10	0.02425	0.04719	0.04028	0.03954
0.10	0.03250	0.03594	0.03585	0.03715
0.10	0.07438	-0.00049	0.05796	0.01197
0.10	0.07593	0.00896	0.06821	0.00997
0.10	0.04235	0.01458	0.05343	0.01304
0.10	0.03347	0.02936	0.04205	0.02390
0.10	0.06535	0.04725	0.05543	0.03952
0.10	0.06225	0.01908	0.05932	0.02591
0.10	0.01691	0.04523	0.03507	0.03880
0.10	-0.00880	0.02056	0.01007	0.02666
0.10	0.06952	0.01277	0.04423	0.01736
0.10	0.06111	0.02279	0.05386	0.02098
0.10	0.04934	-0.00762	0.05128	0.00190
0.10	0.03165	0.04963	0.04009	0.03365
0.10	0.06426	0.01767	0.05386	0.02302
0.10	0.06511	0.07459	0.06033	0.05760
0.10	0.01082	0.05291	0.03208	0.05447
0.10	0.03340	0.02136	0.03283	0.03243
0.10	0.05119	0.01431	0.04335	0.02033
0.10	0.06986	-0.01522	0.05850	-0.00338
0.10	0.10993	-0.00494	0.08789	-0.00442
0.10	0.02639	0.04303	0.05304	0.02700
0.10	0.05802	0.02774	0.05589	0.02750
0.10	0.08458	0.04819	0.07233	0.04132
0.10	0.03285	0.05807	0.04971	0.05250
0.10	0.01057	0.03662	0.02736	0.04192
0.10	0.06214	0.14313	0.04725	0.10943
0.10	0.11110	-0.07709	0.08357	-0.01447
0.10	0.06652	-0.00547	0.07383	-0.00847
0.10	0.03837	0.05143	0.05347	0.03160
0.10	0.03408	0.04461	0.04241	0.04027
0.10	0.06376	0.01343	0.05459	0.02240
0.10	0.05345	0.02394	0.05393	0.02343
0.10	0.03844	0.03602	0.04514	0.03178
0.10	0.04212	0.01930	0.04341	0.02343
0.10	0.04840	0.02103	0.04625	0.02183
0.10	0.06667	0.01689	0.05796	0.01853
0.10	0.13929	-0.06977	0.10428	-0.04018
0.10	0.05981	0.04909	0.07881	0.01943
0.10	0.06367	0.04207	0.07015	0.03453
0.10	0.04114	0.02198	0.05358	0.02617
0.10	0.02533	0.02777	0.03745	0.02724
0.10	0.03914	0.01301	0.03842	0.01775
0.10	0.05462	0.01710	0.04769	0.01732
0.10	0.04294	0.01584	0.04498	0.01634
0.10	0.04010	0.03509	0.04219	0.02884
0.10	0.04717	0.03605	0.04505	0.03366
0.10	0.06348	-0.00664	0.05555	0.00687
0.10	0.03908	0.00883	0.04612	0.00818
0.10	0.02174	0.02248	0.03225	0.01768
0.10	0.06002	-0.00310	0.04812	0.00382
0.10	0.07419	-0.02801	0.06301	-0.01739
0.10	0.02665	0.01371	0.04223	0.00335
0.10	0.13430	-0.05724	0.09499	-0.03713
0.10	0.05879	0.02404	0.07428	0.00369
0.10	0.01519	0.03517	0.04058	0.02465
0.10	-0.01083	-0.01044	0.01115	0.00122
0.10	0.03991	0.00165	0.02763	0.00150
0.10	0.01051	-0.15278	0.01785	-0.10132
0.10	0.04424	0.00074	0.03292	-0.03331
0.10	-0.07833	-0.08419	-0.03069	-0.06724
0.10	0.03286	0.03062	0.00552	-0.00215
0.10	0.04167	0.03566	0.02611	0.02299
0.10	0.03779	0.00819	0.03280	0.01310
0.10	-0.00157	0.00895	0.01323	0.01034
0.10	0.00774	-0.05299	0.01007	-0.03211
0.10	0.06981	0.01029	0.04410	-0.00391
0.10	0.07878	-0.04990	0.06398	-0.03464
0.10	0.04835	0.02761	0.05510	0.00668
0.10	0.07935	0.03308	0.06896	0.02428
0.10	0.02539	0.03243	0.04400	0.02973
0.10	-0.01491	0.03629	0.01044	0.03409
0.10	0.04906	0.00834	0.03253	0.01691
0.10	0.02238	-0.03688	0.02672	-0.01900
0.10	0.06071	0.02627	0.04619	0.01124
0.10	0.06008	0.03395	0.05412	0.02636
0.10	0.04070	0.02104	0.04645	0.02281
0.10	0.07989	0.02835	0.06558	0.02651
0.10	0.05478	0.01904	0.05946	0.02156
0.10	0.03655	0.02732	0.04628	0.02542
0.10	0.02433	0.00451	0.03375	0.01149
0.10	0.06092	0.02396	0.04930	0.01982
0.10	0.05869	0.00635	0.05466	0.01084
0.10	0.04685	0.02908	0.05020	0.02300
0.10	0.03331	0.02834	0.04055	0.02656
0.10	0.05754	0.01860	0.05027	0.02125
0.10	0.03003	0.05214	0.03873	0.04181
0.10	0.01968	0.02206	0.02785	0.02865
0.10	0.04356	0.14913	0.03683	0.10898
0.10	0.06645	0.02578	0.05378	0.05345
0.10	0.06156	0.02217	0.05822	0.03262
0.10	0.03711	0.05530	0.04616	0.04774
0.10	0.04878	0.02437	0.04766	0.03215
0.10	0.06470	0.00726	0.05741	0.01554
0.10	0.04212	0.04597	0.04869	0.03580
0.10	-0.01831	0.03565	0.01038	0.03570
0.10	0.05078	0.02314	0.03350	0.02732
0.10	0.06999	0.01072	0.05420	0.01631
0.10	0.05410	0.02567	0.05414	0.02258
0.10	0.01384	0.00987	0.03113	0.01412
0.10	0.07654	0.02748	0.05711	0.02303
0.10	-0.00254	0.11434	0.02325	0.08359
0.10	0.05418	0.02354	0.04090	0.04359
0.10	0.02009	0.02576	0.02892	0.03164
0.10	0.07376	-0.06393	0.05452	-0.03203
0.10	0.01271	-0.06021	0.03059	-0.05085
0.10	0.03290	0.01943	0.03190	-0.00420
0.10	0.04295	0.03367	0.03825	0.02115
0.10	0.06929	0.03965	0.05585	0.03341
0.10	0.09049	0.04645	0.07568	0.04212
0.10	0.06026	0.03013	0.06687	0.03413
0.10	0.00252	0.08400	0.03002	0.06743
0.10	0.04752	0.04019	0.03999	0.04930
0.10	0.03733	-0.02836	0.03848	-0.00242
0.10	0.02080	-0.07421	0.02833	-0.05042
0.10	0.07108	0.00896	0.05277	-0.01083
0.10	0.08321	0.06600	0.07008	0.04021
0.10	0.06520	0.01658	0.06729	0.02442
0.10	0.04484	0.03049	0.05445	0.02847
0.10	0.02000	0.05393	0.03475	0.04545
0.10	0.00956	0.03534	0.02037	0.03872
0.10	0.01395	-0.00808	0.01669	0.00744
0.10	0.05423	0.02738	0.03813	0.02072
0.10	0.10707	0.01907	0.07754	0.01962
0.10	0.01785	0.02074	0.04352	0.02037
0.10	0.02065	0.11879	0.03050	0.08580
0.10	0.05542	0.03636	0.04479	0.05274
0.10	0.01297	0.01830	0.02654	0.02971
0.10	-0.00449	-0.00157	0.00889	0.00894
0.10	0.05494	-0.02849	0.03523	-0.01603
0.10	0.04028	0.01705	0.03812	0.00603
0.10	0.00772	0.02422	0.02077	0.01814
0.10	0.14445	0.07339	0.09156	0.05502
0.10	0.04393	0.03376	0.06431	0.04083
0.10	0.05701	0.00651	0.06014	0.01797
0.10	0.01758	0.01048	0.03587	0.01298
0.10	-0.00040	-0.07930	0.01508	-0.04868
0.10	0.05307	0.00479	0.03677	-0.01306
0.10	0.04850	-0.00104	0.04348	-0.00504
0.10	0.03021	0.02204	0.03590	0.01300
0.10	0.04296	0.00100	0.03992	0.00502
0.10	0.01947	0.04494	0.02822	0.03167
0.10	0.01896	0.00087	0.02290	0.01106
0.10	0.00908	0.00981	0.01505	0.01023
0.10	0.06028	-0.04169	0.04095	-0.02443
0.10	0.07494	-0.02594	0.06035	-0.02544
0.10	-0.01694	0.01891	0.01616	0.00414
0.10	0.04000	-0.01513	0.02981	-0.00872
0.10	0.05808	0.07275	0.04595	0.04557
0.10	0.06212	-0.10859	0.05518	-0.05706
0.10	0.12862	-0.01422	0.09714	-0.02850
0.10	0.04954	0.01926	0.06982	0.00345
0.10	0.06355	-0.02067	0.06624	-0.01263
0.10	0.03510	0.02448	0.04844	0.01211
0.10	0.03174	0.04182	0.03892	0.03188
0.10	0.07093	0.04237	0.05715	0.03885
0.10	0.05631	0.03929	0.05666	0.03915
0.10	0.00763	0.02715	0.02884	0.03119
0.10	0.03414	0.03686	0.03189	0.03499
0.10	0.07126	0.00079	0.05433	0.01224
0.10	0.05897	0.01390	0.05698	0.01334
0.10	0.04920	0.00244	0.05252	0.00606
0.10	0.29809	0.06754	0.19329	0.04714
0.10	0.05751	0.01378	0.11579	0.02492
0.10	0.03140	0.04963	0.06744	0.04143
0.10	-0.00320	0.04218	0.02719	0.04193
0.10	0.00895	-0.11623	0.01674	-0.06371
0.10	0.02838	-0.00616	0.02339	-0.02536
0.10	0.06895	0.01716	0.04935	0.00293
0.10	-0.00416	0.06414	0.01869	0.04382
0.10	0.05801	0.05453	0.04106	0.05094
0.10	0.07933	0.03497	0.06288	0.04031
0.10	0.06377	0.01702	0.06339	0.02479
0.10	0.01359	0.04950	0.03473	0.04135
0.10	-0.13269	-0.13265	-0.06098	-0.07469
0.10	0.06575	0.00543	0.01110	-0.02147
0.10	0.09558	0.00148	0.05948	-0.00614
0.10	0.06128	0.03224	0.06051	0.01942
0.10	0.01730	0.04246	0.03583	0.03477
0.10	0.06485	0.01278	0.05242	0.02011
0.10	-0.05632	-0.16181	-0.00986	-0.10139
0.10	0.05314	0.01900	0.02621	-0.02101
0.10	0.00280	0.02213	0.01288	0.00767
0.10	0.00975	0.00299	0.01109	0.00455
0.10	0.06138	0.01699	0.03987	0.01285
0.10	0.06603	0.01923	0.05484	0.01711
0.10	0.04222	0.03653	0.04765	0.03002
0.10	0.03829	0.03646	0.04230	0.03432
0.10	0.07847	0.04681	0.06298	0.04265
0.10	0.04155	0.06010	0.05080	0.05423
0.10	0.01480	0.03816	0.03017	0.04349
0.10	0.01639	0.00868	0.02228	0.02024
0.10	0.05895	-0.01382	0.04321	-0.00245
0.10	0.06702	-0.00674	0.05680	-0.00531
0.10	0.03613	0.06414	0.04498	0.04102
0.10	0.03520	0.03540	0.03942	0.03728
0.10	0.07488	0.01506	0.05963	0.02250
0.10	0.05136	0.03721	0.05488	0.03233
0.10	0.02774	0.05592	0.03940	0.04804
0.10	0.01079	0.03146	0.02301	0.03696
0.10	0.06567	0.01805	0.04742	0.02434
0.10	0.08019	0.01436	0.06608	0.01770
0.10	0.06691	0.00555	0.06656	0.00959
0.10	0.03433	0.05251	0.04807	0.03828
0.10	0.05768	0.04705	0.05356	0.04412
0.10	0.07100	0.04601	0.06354	0.04538
0.10	0.06137	0.04093	0.06231	0.04243
0.10	0.02143	0.04081	0.03878	0.04135
0.10	0.02310	-0.00758	0.02982	0.00871
0.10	0.03361	0.05291	0.03197	0.03801
0.10	0.04158	0.00942	0.03746	0.01897
0.10	0.05999	0.04195	0.05034	0.03430
0.10	0.04329	0.04865	0.04631	0.04387
0.10	0.04937	0.04943	0.04805	0.04757
0.10	0.01296	0.03699	0.02800	0.04052
0.10	-0.00594	0.00946	0.00848	0.01970
0.10	0.05300	0.01339	0.03383	0.01551
0.10	0.04941	-0.01155	0.04271	-0.00249
0.10	0.02020	0.01726	0.02982	0.01070
0.10	0.05220	0.04846	0.04257	0.03581
0.10	0.05069	0.03881	0.04724	0.03782
0.10	0.05050	0.00667	0.04910	0.01705
0.10	-0.00071	0.00378	0.02070	0.00822
0.10	0.01709	0.01119	0.01864	0.01021
0.10	0.03704	-0.00071	0.02915	0.00293
0.10	0.13930	0.00160	0.09204	0.00204
0.10	-0.01246	0.01201	0.03235	0.00869
0.10	0.05440	0.02184	0.04491	0.01744
0.10	0.06004	-0.00941	0.05357	-0.00047
0.10	0.02584	0.01532	0.03769	0.01007
0.10	-0.00674	-0.01445	0.01238	-0.00624
0.10	0.05314	0.00287	0.03567	-0.00017
0.10	0.07866	-0.02318	0.06028	-0.01553
0.10	0.03276	0.00299	0.04460	-0.00321
0.10	0.04248	0.03666	0.04338	0.02342
0.10	0.01964	0.06353	0.02980	0.05019
0.10	0.15003	-0.02921	0.09845	-0.00271
0.10	-0.03934	0.04187	0.01976	0.02699
0.10	0.04746	0.00863	0.03561	0.01474
0.10	0.10680	-0.07655	0.07637	-0.04622
0.10	0.03725	0.01849	0.05406	-0.00314
0.10	0.02718	0.04374	0.03870	0.02811
0.10	0.09077	0.04372	0.06853	0.03854
0.10	0.06080	0.01380	0.06415	0.02215
0.10	-0.00131	0.04589	0.02647	0.03807
0.10	0.00673	0.00174	0.01520	0.01387
0.10	0.05283	0.02343	0.03659	0.02022
0.10	0.06795	0.00068	0.05451	0.00719
0.10	0.06671	0.01869	0.06149	0.01486
0.10	0.05558	0.06697	0.05810	0.04973
0.10	0.07572	0.03735	0.06813	0.04150
0.10	0.05957	0.01943	0.06322	0.02673
0.10	0.09190	0.06215	0.07951	0.05024
0.10	0.06602	0.07444	0.07176	0.06643
0.10	0.04907	0.02606	0.05883	0.03958
0.10	0.06610	-0.00905	0.06298	0.00722
0.10	0.04431	0.04123	0.05229	0.02993
0.10	0.03563	0.03270	0.04272	0.03179
0.10	0.07289	0.01048	0.05992	0.01761
0.10	0.05845	0.05189	0.05908	0.04043
0.10	0.19107	0.02572	0.13444	0.03063
0.10	0.02885	0.03396	0.07415	0.03285
0.10	0.03783	0.04797	0.05332	0.04296
0.10	0.07951	-0.01685	0.06828	0.00311
0.10	0.05336	0.02026	0.05977	0.01453
0.10	0.03799	0.02741	0.04732	0.02312
0.10	0.03442	0.00111	0.03994	0.00844
0.10	0.07095	0.03989	0.05767	0.02942
0.10	0.03824	0.04126	0.04653	0.03733
0.10	0.00387	0.05198	0.02230	0.04705
0.10	0.01493	-0.01542	0.01808	0.00530
0.10	0.07194	0.01866	0.04885	0.01421
0.10	0.07510	-0.01914	0.06378	-0.00795
0.10	0.01631	0.04074	0.03656	0.02460
0.10	0.05645	0.04760	0.04796	0.03997
0.10	0.08654	0.05006	0.07000	0.04670
0.10	0.06468	0.05052	0.06697	0.04923
0.10	-0.01518	0.05569	0.01994	0.05354
0.10	-0.04752	0.02531	-0.01876	0.03467
0.10	0.07046	0.03439	0.03214	0.03448
0.10	0.06760	0.02162	0.05240	0.02591
0.10	0.08937	0.02205	0.07351	0.02334
0.10	0.05946	0.03521	0.06549	0.03124
0.10	0.09457	0.02879	0.08209	0.02961
0.10	0.09754	0.13051	0.09089	0.09667
0.10	0.00746	0.06663	0.04291	0.07654
0.10	0.04501	0.04022	0.04410	0.05242
0.10	0.06590	0.03245	0.05656	0.03911
0.10	0.00107	-0.07375	0.02470	-0.03641
0.10	0.06657	0.00584	0.04850	-0.00837
0.10	0.02762	0.04456	0.03654	0.02697
0.10	0.09642	0.03719	0.07072	0.03378
0.10	0.07046	0.04048	0.07057	0.03825
0.10	0.05431	0.02563	0.06127	0.02983
0.10	0.08198	0.08882	0.07308	0.06910
0.10	0.02587	0.00304	0.04610	0.02506
0.10	0.05331	0.02016	0.05023	0.02179
0.10	0.05952	0.03073	0.05554	0.02775
0.10	0.00993	0.03832	0.02947	0.03480
0.10	0.04010	0.01523	0.03555	0.02175
0.10	0.06135	0.04666	0.05028	0.03835
0.10	0.00760	0.04680	0.02591	0.04398
0.10	0.02728	0.02814	0.02669	0.03343
0.10	0.04925	-0.04012	0.03965	-0.01578
0.10	0.05372	0.01946	0.04766	0.00764
0.10	0.03365	0.02858	0.03963	0.02163
0.10	0.04293	0.04796	0.04151	0.03912
0.10	0.02636	-0.06814	0.03285	-0.03242
0.10	0.04014	0.04119	0.03702	0.01669
0.10	0.01011	0.00495	0.02160	0.00885
0.10	0.01590	0.01430	0.01836	0.01247
0.10	0.02032	0.02861	0.01948	0.02323
0.10	0.06196	0.00780	0.04392	0.01289
0.10	0.00522	0.00894	0.02180	0.01026
0.10	0.02917	0.00555	0.02598	0.00713
0.10	0.05243	-0.00657	0.04109	-0.00200
0.10	0.06292	0.01358	0.05354	0.00837
0.10	-0.04752	0.00301	-0.00431	0.00479
0.10	0.06071	-0.06771	0.03297	-0.04367
0.10	0.03312	-0.13122	0.03306	-0.10195
0.10	0.03917	0.00912	0.03655	-0.02795
0.10	-0.00634	0.01561	0.01205	0.00108
0.10	0.05187	0.01929	0.03492	0.01327
0.10	0.04535	0.03748	0.04085	0.02936
0.10	-0.02443	0.03177	0.00346	0.03097
0.10	-0.03804	0.01484	-0.02015	0.02025
0.10	0.06528	-0.02916	0.02868	-0.01270
0.10	0.06589	-0.01676	0.05004	-0.01541
0.10	0.02363	0.03596	0.03501	0.01872
0.10	0.06206	0.05172	0.05050	0.04075
0.10	0.06230	0.03530	0.05725	0.03712
0.10	0.01632	0.05571	0.03382	0.04953
0.10	-0.02070	0.04071	0.00272	0.04366
0.10	0.04941	0.00597	0.02940	0.01853
0.10	0.06266	-0.02545	0.04845	-0.01083
0.10	0.06973	-0.00193	0.06053	-0.00492
0.10	0.03097	0.04674	0.04364	0.02952
0.10	0.06301	0.04273	0.05470	0.03832
0.10	0.05096	0.08433	0.05256	0.06903
0.10	0.03003	0.05037	0.03961	0.05653
0.10	-0.00820	0.02580	0.01248	0.03616
0.10	-0.08258	-0.05234	-0.04190	-0.02290
0.10	0.07139	0.01348	0.02296	0.00139
0.10	0.04053	0.03459	0.03298	0.02349
0.10	0.06159	0.04463	0.04933	0.03758
0.10	0.05051	0.03973	0.05001	0.03902
0.10	0.06015	0.01994	0.05580	0.02631
0.10	0.11973	0.03753	0.09227	0.03378
0.10	0.03757	0.04368	0.06103	0.04038
0.10	0.06182	0.02629	0.06148	0.03097
0.10	0.06549	0.03072	0.06377	0.03080
0.10	0.07118	0.00795	0.06800	0.01559
0.10	0.02427	0.03918	0.04303	0.03131
0.10	0.06305	0.04436	0.05452	0.04004
0.10	0.05162	0.05397	0.05286	0.04932
0.10	0.15393	0.01288	0.11057	0.02504
0.10	0.01220	0.01744	0.05443	0.01998
0.10	0.06581	0.02067	0.06096	0.02044
0.10	0.06694	-0.00746	0.06438	0.00186
0.10	0.07241	0.00777	0.06896	0.00580
0.10	0.04995	0.04989	0.05812	0.03515
0.10	0.07138	0.04727	0.06573	0.04326
0.10	0.08133	0.02759	0.07464	0.03282
0.10	0.05705	0.02937	0.06461	0.03052
0.10	0.03402	0.03933	0.04714	0.03639
0.10	0.05182	-0.00518	0.04982	0.00862
0.10	0.08413	0.02202	0.06929	0.01750
0.10	0.07088	0.01085	0.07020	0.01307
0.10	0.03287	0.05914	0.04877	0.04389
0.10	0.08135	0.07234	0.06726	0.06275
0.10	0.06845	0.04474	0.06794	0.05071
0.10	0.09037	0.04211	0.08080	0.04496
0.10	0.01734	0.03226	0.04456	0.03650
0.10	0.05869	0.03805	0.05264	0.03754
0.10	0.02222	0.16688	0.03534	0.12345
0.10	0.04808	0.02897	0.04266	0.06019
0.10	0.03745	0.05632	0.03969	0.05761
0.10	0.07660	0.04562	0.06077	0.04962
0.10	0.09203	0.04727	0.07861	0.04806
0.10	0.04335	0.05892	0.05837	0.05532
0.10	-0.02154	0.04357	0.01293	0.04752
0.10	0.04240	0.01746	0.02982	0.02743
0.10	0.07209	-0.04560	0.05392	-0.02118
0.10	0.06837	-0.01195	0.06221	-0.01500
0.10	0.00766	0.01559	0.03116	0.00533
0.10	0.08654	0.07414	0.06290	0.05131
0.10	0.05653	0.02187	0.05925	0.03167
0.10	0.02172	0.05090	0.03780	0.04449
0.10	0.02445	0.02756	0.03018	0.03322
0.10	-0.15454	-0.07396	-0.07558	-0.03834
0.10	0.05387	0.00149	-0.00214	-0.01193
0.10	0.07160	-0.00769	0.03997	-0.00911
0.10	-0.01073	-0.01662	0.01096	-0.01412
0.10	0.05165	0.02575	0.03429	0.01253
0.10	0.06705	0.01937	0.05293	0.01707
0.10	0.13503	0.03633	0.09993	0.02993
0.10	-0.02100	-0.01122	0.03097	0.00254
0.10	0.03358	0.03674	0.03247	0.02546
0.10	0.08282	0.00243	0.06104	0.01019
0.10	0.03302	0.01533	0.04497	0.01362
0.10	0.01758	0.04779	0.02935	0.03636
0.10	0.12334	-0.11100	0.08301	-0.06182
0.10	0.04198	0.02305	0.05956	-0.00523
0.10	-0.01865	0.01402	0.01456	0.00767
0.10	0.01874	0.01053	0.01693	0.00956
0.10	0.05922	-0.02719	0.04114	-0.01498
0.10	0.04731	-0.00775	0.04466	-0.01016
0.10	-0.01213	0.01642	0.01218	0.00757
0.10	0.03376	0.03098	0.02454	0.02321
0.10	0.05969	0.01433	0.04461	0.01729
0.10	0.02232	-0.00015	0.03189	0.00567
0.10	0.01686	0.01866	0.02331	0.01432
0.10	0.06871	-0.01308	0.04939	-0.00402
0.10	0.04573	-0.00492	0.04730	-0.00462
0.10	0.04031	0.01328	0.04330	0.00732
0.10	0.05430	0.04273	0.04956	0.03085
0.10	0.07042	0.04059	0.06145	0.03733
0.10	0.06890	0.02323	0.06573	0.02789
0.10	0.02678	0.02717	0.04360	0.02741
0.10	0.00229	0.00298	0.01993	0.01109
0.10	0.07514	0.00938	0.05145	0.00995
0.10	0.03912	0.03275	0.04437	0.02520
0.10	0.07044	0.04702	0.05921	0.03970
0.10	0.06638	0.03316	0.06331	0.03534
0.10	0.05640	0.05158	0.05936	0.04617
0.10	0.04098	0.01817	0.04884	0.02748
0.10	0.02629	0.03192	0.03600	0.03043
0.10	0.01764	0.01502	0.02550	0.02016
0.10	0.06611	0.02302	0.04874	0.02207
0.10	0.10564	0.02573	0.08133	0.02452
0.10	0.03968	0.01691	0.05761	0.01946
0.10	0.05305	0.04648	0.05500	0.03749
0.10	0.03017	0.07176	0.04081	0.06034
0.10	0.05880	0.01390	0.05102	0.02954
0.10	0.00369	0.05063	0.02384	0.04365
0.10	0.03793	0.04472	0.03191	0.04436
0.10	0.06851	0.02401	0.05284	0.03079
0.10	0.07171	0.01584	0.06357	0.02086
0.10	0.01873	0.03128	0.03791	0.02781
0.10	0.02964	0.05085	0.03316	0.04323
0.10	0.05885	0.01452	0.04781	0.02412
0.10	0.03855	0.05235	0.04254	0.04288
0.10	-0.02779	0.16110	0.00231	0.12176
0.10	0.03208	0.03120	0.01927	0.06152
0.10	0.04939	-0.01410	0.03655	0.01095
0.10	0.07251	0.00873	0.05710	0.00947
0.10	0.07033	0.00246	0.06464	0.00481
0.10	0.05569	0.05097	0.05953	0.03555
0.10	0.07969	0.00499	0.07109	0.01512
0.10	0.06501	0.04635	0.06761	0.03596
0.10	0.04484	0.02792	0.05462	0.03061
0.10	0.02858	0.03459	0.03975	0.03326
0.10	-0.00359	-0.01041	0.01496	0.00412
0.10	0.06927	-0.01284	0.04602	-0.00719
0.10	0.06810	0.01761	0.05868	0.00938
0.10	0.04463	0.03863	0.05068	0.02883
0.10	0.07004	0.04635	0.06173	0.04050
0.10	0.09763	0.04219	0.08226	0.04162
0.10	0.05620	-0.00800	0.06735	0.00852
0.10	0.01367	0.06144	0.03664	0.04384
0.10	0.04097	0.04355	0.03911	0.04365
0.10	0.07325	0.00776	0.05857	0.01977
0.10	0.07024	-0.02567	0.06521	-0.01045
0.10	0.05736	-0.00749	0.06069	-0.00846
0.10	0.05739	0.02962	0.05882	0.01679
0.10	0.05741	0.02460	0.05801	0.02201
0.10	0.06395	0.06527	0.06141	0.05088
0.10	0.14074	0.03682	0.10665	0.04152
0.10	0.02714	0.03301	0.06122	0.03585
0.10	0.03443	-0.00714	0.04587	0.00713
0.10	0.06376	-0.01347	0.05609	-0.00661
0.10	0.07194	0.01133	0.06515	0.00535
0.10	0.05465	0.03022	0.05917	0.02190
0.10	0.04822	0.04561	0.05288	0.03777
0.10	0.05219	0.03647	0.05249	0.03690
0.10	0.00769	0.04715	0.02681	0.04375
0.10	-0.05169	0.00937	-0.01781	0.02092
0.10	0.06150	-0.02990	0.02757	-0.01299
0.10	0.06520	0.01461	0.04908	0.00541
0.10	0.00871	0.01800	0.02603	0.01380
0.10	0.01586	0.01415	0.02022	0.01403
0.10	0.05966	0.01025	0.04276	0.01151
0.10	0.04551	-0.01004	0.04434	-0.00293
0.10	-0.00295	-0.00993	0.01729	-0.00760
0.10	0.01420	0.08469	0.01553	0.05374
0.10	0.06050	0.00766	0.04109	0.02315
0.10	-0.03042	-0.02079	0.00005	-0.00624
0.10	0.01298	0.04205	0.00746	0.02603
0.10	0.05138	0.03216	0.03239	0.03010
0.10	0.05582	-0.01031	0.04586	0.00303
0.10	-0.01499	0.00983	0.01108	0.00756
0.10	0.02680	0.00263	0.02001	0.00429
0.10	0.01279	-0.24285	0.01585	-0.16136
0.10	0.02378	0.01158	0.02038	-0.04601
0.10	-0.03553	0.03311	-0.01153	0.00669
0.10	0.07137	0.06417	0.03572	0.04493
0.10	0.06162	0.00484	0.05046	0.01829
0.10	0.03268	0.00865	0.04029	0.01186
0.10	0.01067	-0.00213	0.02329	0.00250
0.10	0.06377	-0.02576	0.04642	-0.01634
0.10	0.05362	0.01752	0.05051	0.00614
0.10	0.02278	0.04755	0.03459	0.03386
0.10	0.06501	0.03577	0.05200	0.03513
0.10	0.06787	0.03489	0.06100	0.03497
0.10	0.02300	0.05041	0.03924	0.04528
0.10	0.04474	0.03923	0.04240	0.04123
0.10	0.02187	-0.00274	0.03076	0.01210
0.10	0.05636	0.01664	0.04541	0.01513
0.10	0.04290	0.02613	0.04397	0.02247
0.10	0.04412	0.02643	0.04406	0.02511
0.10	0.04729	0.02415	0.04590	0.02447
0.10	0.04920	0.02094	0.04779	0.02212
0.10	0.04502	0.02596	0.04621	0.02467
0.10	0.11934	0.10927	0.08803	0.08110
0.10	0.04743	0.01177	0.06481	0.03485
0.10	0.07503	0.01423	0.07066	0.02109
0.10	0.04009	0.03140	0.05322	0.02795
0.10	0.06356	0.04915	0.05913	0.04208
0.10	0.05935	0.05875	0.05926	0.05321
0.10	0.05813	0.01671	0.05862	0.02888
0.10	0.02688	0.05212	0.04052	0.04435
0.10	-0.02260	0.03094	0.00446	0.03541
0.10	0.04948	-0.01379	0.03026	0.00253
0.10	0.11928	0.14765	0.08112	0.09927
0.10	0.04770	0.01296	0.06205	0.04179
0.10	0.07520	0.02772	0.06956	0.03242
0.10	-0.09870	-0.11469	-0.02702	-0.06599
0.10	0.06046	0.01849	0.02295	-0.00969
0.10	0.02935	0.03500	0.02660	0.02009
0.10	0.00831	0.03566	0.01616	0.03046
0.10	0.10155	0.03775	0.06482	0.03531
0.10	0.05963	0.01582	0.06185	0.02230
0.10	0.05273	0.02838	0.05665	0.02635
0.10	0.07353	-0.05115	0.06630	-0.02536
0.10	0.07507	0.06294	0.07132	0.03353
0.10	0.07465	0.04577	0.07323	0.04170
0.10	0.02739	0.27243	0.04704	0.19550
0.10	-0.00918	0.05052	0.01473	0.09841
0.10	-0.11688	-0.03017	-0.06050	0.01268
0.10	0.07996	0.00739	0.01914	0.00917
0.10	0.14875	-0.03088	0.09356	-0.01763
0.10	-0.09113	0.17932	-0.01149	0.11320
0.10	0.04489	0.02368	0.02080	0.05342
0.10	0.06670	0.02700	0.04704	0.03579
0.10	0.06704	0.04587	0.05848	0.04252
0.10	0.03469	0.03985	0.04487	0.04074
0.10	0.03534	0.02375	0.03943	0.02943
0.10	0.05103	0.01486	0.04604	0.01974
0.10	0.06495	0.02409	0.05689	0.02265
0.10	0.03775	0.04289	0.04596	0.03613
0.10	0.06562	0.05434	0.05721	0.04828
0.10	0.07874	0.03493	0.06953	0.03936
0.10	0.13263	-0.03422	0.10564	-0.00975
0.10	0.01532	0.05381	0.05404	0.03262
0.10	0.04193	0.03969	0.04712	0.03733
0.10	0.03798	0.01887	0.04193	0.02508
0.10	0.04356	0.01021	0.04286	0.01517
0.10	0.06762	0.01508	0.05701	0.01511
0.10	0.03771	0.04558	0.04592	0.03551
0.10	0.04730	0.02865	0.04671	0.03095
0.10	0.07183	0.01546	0.06112	0.02059
0.10	-0.07449	0.01408	-0.01587	0.01627
0.10	0.02537	0.02619	0.00780	0.02291
0.10	0.05412	-0.02412	0.03426	-0.00844
0.10	0.04601	-0.00020	0.04099	-0.00294
0.10	0.02580	0.02206	0.03232	0.01370
0.10	0.03552	0.02854	0.03415	0.02360
0.10	0.12928	-0.06753	0.08850	-0.03715
0.10	0.04117	0.00025	0.06149	-0.01224
0.10	-0.00715	-0.00265	0.02225	-0.00584
0.10	0.04456	0.00864	0.03495	0.00379
0.10	0.13301	-0.05614	0.09124	-0.03630
0.10	0.05063	-0.01061	0.06800	-0.01916
0.10	0.01244	0.02833	0.03632	0.01245
0.10	0.04955	0.02477	0.04387	0.02065
0.10	0.06081	0.01699	0.05355	0.01821
0.10	0.01959	0.01580	0.03408	0.01660
0.10	0.14420	0.02212	0.09669	0.02026
0.10	0.04351	-0.00785	0.06627	0.00151
0.10	0.14672	-0.02206	0.11221	-0.01420
0.10	0.04104	-0.01341	0.07157	-0.01368
0.10	0.05769	0.02717	0.06363	0.01357
0.10	0.10031	0.16527	0.08462	0.11481
0.10	0.01827	0.01052	0.04678	0.04539
0.10	-0.00234	0.00514	0.01870	0.01855
0.10	0.02762	-0.00398	0.02381	0.00351
0.10	0.06158	-0.02595	0.04542	-0.01615
0.10	0.03528	-0.00389	0.03963	-0.00799
0.10	0.05781	0.01941	0.05001	0.01026
0.10	0.05704	0.04385	0.05404	0.03272
0.10	0.06984	0.03638	0.06307	0.03516
0.10	-0.00897	0.05501	0.02188	0.04840
0.10	0.04212	0.08188	0.03341	0.07067
0.10	0.04861	0.03431	0.04212	0.04637
0.10	0.06929	0.00817	0.05762	0.02094
0.10	0.05690	0.02807	0.05721	0.02570
0.10	0.05510	0.02174	0.05601	0.02307
0.10	0.09015	-0.01862	0.07548	-0.00469
0.10	0.06802	0.03055	0.07120	0.01888
0.10	0.05423	0.06803	0.06155	0.05153
0.10	0.22915	0.04527	0.15756	0.04735
0.10	0.00843	0.14226	0.07241	0.11058
0.10	0.06253	0.07746	0.06675	0.08845
0.10	0.04750	0.02213	0.05579	0.04436
0.10	0.06257	0.04836	0.05967	0.04703
0.10	0.05549	0.01690	0.05728	0.02693
0.10	0.03382	0.05570	0.04386	0.04613
0.10	0.00896	0.03030	0.02402	0.03562
0.10	0.03288	0.01889	0.02910	0.02444
0.10	0.06444	0.02003	0.04928	0.02150
0.10	0.06922	0.01371	0.06072	0.01629
0.10	0.03954	0.01531	0.04868	0.01564
0.10	0.11085	0.05057	0.08433	0.03899
0.10	0.07387	0.04852	0.07836	0.04534
0.10	0.03386	0.05814	0.05302	0.05385
0.10	0.00375	0.04596	0.02483	0.04858
0.10	-0.00580	0.01178	0.00724	0.02396
0.10	0.06053	-0.02975	0.03766	-0.01181
0.10	0.06143	0.01434	0.05120	0.00558
0.10	0.02673	0.01915	0.03720	0.01464
0.10	0.06707	0.06599	0.05419	0.04876
0.10	0.08278	0.03448	0.07063	0.03919
0.10	0.14130	-0.05219	0.11092	-0.02162
0.10	0.02793	0.03188	0.06350	0.01404
0.10	0.03729	0.02006	0.04856	0.01805
0.10	0.04980	-0.00771	0.04927	0.00082
0.10	0.05785	-0.00871	0.05418	-0.00554
0.10	0.03921	0.04122	0.04564	0.02559
0.10	0.04078	0.04483	0.04287	0.03840
0.10	0.06122	0.01965	0.05336	0.02589
0.10	0.06010	0.02612	0.05720	0.02604
0.10	0.04597	0.05389	0.05078	0.04461
0.10	0.03513	0.01111	0.04184	0.02228
0.10	0.05734	0.01051	0.05070	0.01443
0.10	0.06294	-0.02425	0.05767	-0.01129
0.10	0.03021	0.01852	0.04192	0.00865
0.10	0.02835	0.04964	0.03415	0.03601
0.10	0.08136	0.03726	0.06113	0.03684
0.10	0.06625	0.02676	0.06406	0.03012
0.10	0.04267	0.03324	0.05190	0.03219
0.10	-0.03862	0.01130	-0.00012	0.01820
0.10	0.01613	0.00754	0.00910	0.01113
0.10	0.05275	-0.00851	0.03408	-0.00198
0.10	0.03148	0.01145	0.03259	0.00698
0.10	0.03820	0.02340	0.03579	0.01792
0.10	0.06413	0.05739	0.05199	0.04424
0.10	0.05594	0.04453	0.05425	0.04444
0.10	0.02059	0.04935	0.03505	0.04770
0.10	0.02271	0.02840	0.02800	0.03484
0.10	0.04239	0.00733	0.03625	0.01646
0.10	0.06001	0.00569	0.04979	0.00929
0.10	0.02637	0.02795	0.03638	0.02175
0.10	0.03979	0.03762	0.03832	0.03230
0.10	0.06991	0.03807	0.05648	0.03617
0.10	0.08152	0.18961	0.07073	0.13811
0.10	0.02685	0.02526	0.04562	0.06281
0.10	-0.02698	-0.00733	0.00423	0.01613
0.10	0.00155	0.06489	0.00269	0.04880
0.10	0.05625	-0.03416	0.03307	-0.00619
0.10	0.05135	-0.00101	0.04359	-0.00272
0.10	0.05842	0.02370	0.05201	0.01481
0.10	0.05835	0.02662	0.05563	0.02268
0.10	0.04930	-0.00186	0.05199	0.00623
0.10	0.00066	0.00906	0.02267	0.00811
0.10	0.01122	0.02950	0.01615	0.02233
0.10	0.05166	-0.01001	0.03654	0.00070
0.10	0.02440	0.00075	0.02964	0.00073
0.10	0.02149	0.02361	0.02497	0.01603
0.10	0.05876	0.03138	0.04426	0.02626
0.10	0.03582	0.03969	0.03943	0.03523
0.10	-0.01543	0.01075	0.00819	0.01896
0.10	0.02978	0.00508	0.02055	0.00970
0.10	0.08010	0.00493	0.05458	0.00652
0.10	0.06562	0.01638	0.06090	0.01310
0.10	0.04435	0.03126	0.05146	0.02518
0.10	0.04664	0.09997	0.04871	0.07505
0.10	0.06730	0.04237	0.05935	0.05324
0.10	0.03029	0.04890	0.04276	0.05035
0.10	-0.02338	0.02095	0.00495	0.03074
0.10	0.04892	0.02153	0.03011	0.02460
0.10	0.05697	-0.02420	0.04548	-0.00798
0.10	0.07164	0.00030	0.06041	-0.00247
0.10	0.03615	0.04271	0.04655	0.02766
0.10	0.06174	0.04968	0.05517	0.04226
0.10	0.04595	0.04827	0.04990	0.04627
0.10	0.00334	0.08106	0.02307	0.06961
0.10	0.01414	0.02528	0.01798	0.04010
0.10	0.04511	0.01881	0.03341	0.02596
0.10	0.05062	0.01899	0.04322	0.02132
0.10	0.05928	0.02460	0.05240	0.02351
0.10	0.03214	0.03821	0.04076	0.03335
0.10	0.08395	0.04214	0.06534	0.03919
0.10	0.06521	0.01436	0.06526	0.02257
0.10	0.01932	0.02242	0.03899	0.02247
0.10	0.05800	0.02538	0.04982	0.02441
0.10	0.04814	-0.00647	0.04887	0.00390
0.10	0.07111	-0.01152	0.06158	-0.00638
0.10	0.07386	0.00043	0.06860	-0.00184
0.10	0.04121	0.02532	0.05283	0.01636
0.10	0.11098	0.06333	0.08591	0.04757
0.10	0.06787	0.01006	0.07562	0.02259
0.10	0.02158	0.03928	0.04478	0.03371
0.10	0.02549	0.03654	0.03369	0.03561
0.10	0.00238	-0.03883	0.01586	-0.01388
0.10	0.06913	-0.01904	0.04634	-0.01733
0.10	0.06867	0.00422	0.05908	-0.00298
0.10	0.00632	0.04405	0.02891	0.02839
0.10	0.05875	-0.02375	0.04600	-0.00643
0.10	0.06275	0.05421	0.05558	0.03405
0.10	0.04709	0.02508	0.05074	0.02807
0.10	0.00204	0.03195	0.02295	0.03066
0.10	0.05120	0.02437	0.03908	0.02647
0.10	0.06404	-0.02386	0.05337	-0.00714
0.10	0.04410	0.05256	0.04810	0.03247
0.10	0.05340	0.04100	0.05115	0.03818
0.10	0.07079	0.05467	0.06234	0.04915
0.10	0.02941	-0.00937	0.04345	0.01002
0.10	0.01743	-0.10293	0.02860	-0.06521
0.10	0.03475	0.04681	0.03210	0.00934
0.10	0.04991	0.04157	0.04230	0.03086
0.10	0.08286	0.03261	0.06548	0.03203
0.10	0.06070	0.00214	0.06275	0.01211
0.10	0.03552	0.05133	0.04717	0.03829
0.10	0.06582	0.03982	0.05783	0.03931
0.10	0.09040	-0.01448	0.07637	0.00356
0.10	0.05339	0.06114	0.06324	0.04193
0.10	0.00991	0.05074	0.03276	0.04780
0.10	0.04309	0.03379	0.03865	0.03847
0.10	0.06419	0.02782	0.05331	0.03135
0.10	0.06901	0.01029	0.06226	0.01733
0.10	0.07238	0.01473	0.06806	0.01559
0.10	0.00531	0.03668	0.03235	0.02961
0.10	0.06070	0.02745	0.04866	0.02816
0.10	0.04406	0.04142	0.04605	0.03696
0.10	-0.06253	0.10367	-0.01634	0.08163
0.10	0.05272	0.19093	0.02289	0.15417
0.10	0.04862	0.01328	0.03761	0.06018
0.10	0.06209	0.02957	0.05159	0.03978
0.10	0.05149	0.03218	0.05153	0.03472
0.10	0.02414	-0.02735	0.03585	-0.00672
0.10	0.05240	0.04088	0.04529	0.02496
0.10	0.02398	0.00884	0.03311	0.01421
0.10	0.05481	-0.00199	0.04550	0.00342
0.10	0.06608	0.00606	0.05730	0.00518
0.10	0.06973	0.00040	0.06438	0.00200
0.10	0.05215	0.01112	0.05738	0.00808
0.10	0.00093	0.01032	0.02519	0.00957
0.10	0.04932	0.00543	0.03907	0.00680
0.10	0.05362	-0.00734	0.04732	-0.00257
0.10	-0.20304	0.18096	-0.09671	0.12042
0.10	0.00517	0.06295	-0.03882	0.08228
0.10	0.06057	-0.00447	0.01810	0.02435
0.10	0.04667	-0.01339	0.03439	-0.00078
0.10	0.05058	0.03992	0.04365	0.02637
0.10	0.03329	0.00884	0.03771	0.01466
0.10	0.05766	0.02430	0.04909	0.02108
0.10	0.02348	0.00576	0.03447	0.01087
0.10	0.02225	0.02434	0.02751	0.01983
0.10	0.05718	0.00492	0.04456	0.00985
0.10	0.05290	0.01807	0.04932	0.01532
0.10	0.09653	0.02344	0.07633	0.02074
0.10	0.01544	0.01890	0.04170	0.01951
0.10	0.06796	0.05395	0.05682	0.04260
0.10	0.04819	0.03453	0.05191	0.03724
0.10	-0.01128	0.03757	0.01566	0.03746
0.10	0.04793	0.03452	0.03398	0.03551
0.10	0.06138	-0.02103	0.04965	-0.00221
0.10	-0.00202	0.01846	0.01997	0.01163
0.10	0.08994	-0.01984	0.05987	-0.00932
0.10	0.03174	0.00798	0.04379	0.00222
0.10	0.04323	0.03606	0.04347	0.02479
0.10	0.01017	0.05505	0.02443	0.04497
0.10	-0.00164	0.01292	0.00954	0.02361
0.10	0.04989	0.01824	0.03259	0.02003
0.10	0.05598	0.03431	0.04597	0.02956
0.10	0.03811	0.02347	0.04148	0.02550
0.10	0.02008	0.03761	0.02925	0.03357
0.10	0.03912	0.04155	0.03489	0.03889
0.10	0.09311	0.00234	0.06817	0.01452
0.10	0.06403	0.03981	0.06580	0.03139
0.10	0.05960	0.06498	0.06227	0.05373
0.10	0.03130	0.03743	0.04456	0.04285
0.10	0.07922	0.01287	0.06440	0.02284
0.10	0.04861	0.02326	0.05537	0.02312
0.10	-0.12964	0.16148	-0.05011	0.11520
0.10	0.03165	0.02664	-0.00334	0.05611
0.10	0.07464	0.03980	0.04128	0.04522
0.10	0.04451	0.04397	0.04313	0.04439
0.10	-0.00490	0.02531	0.01572	0.03168
0.10	0.04864	0.01725	0.03454	0.02205
0.10	0.05830	0.01783	0.04814	0.01923
0.10	0.06375	0.02581	0.05706	0.02362
0.10	0.01224	0.06058	0.03151	0.04822
0.10	0.04996	0.03976	0.04205	0.04258
0.10	0.06855	0.01236	0.05721	0.02242
0.10	0.04746	0.04135	0.05167	0.03498
0.10	-0.05719	0.02229	-0.01079	0.02649
0.10	0.05497	0.04573	0.02685	0.03934
0.10	0.07653	0.01879	0.05524	0.02564
0.10	0.07079	0.01798	0.06411	0.02054
0.10	0.05970	0.03182	0.06159	0.02807
0.10	0.02963	0.02464	0.04345	0.02579
0.10	0.08467	0.04755	0.06715	0.04037
0.10	0.05832	0.05895	0.06213	0.05271
0.10	0.02701	0.06284	0.04209	0.05946
0.10	0.03476	0.04114	0.03790	0.04725
0.10	0.07129	0.03249	0.05705	0.03738
0.10	0.06947	0.03249	0.06412	0.03413
0.10	0.00525	0.18189	0.03027	0.13310
0.10	0.06637	0.04959	0.05085	0.07753
0.10	0.05615	0.08239	0.05388	0.08077
0.10	0.03914	0.08243	0.04544	0.08188
0.10	0.04844	0.02632	0.04715	0.04488
0.10	-0.00566	0.03679	0.01695	0.03948
0.10	0.05682	-0.10417	0.03976	-0.05639
0.10	0.01434	0.04421	0.02533	0.01034
0.10	0.04555	0.03382	0.03696	0.02608
0.10	0.08423	0.07101	0.06395	0.05602
0.10	-0.11336	-0.10345	-0.03692	-0.04993
0.10	0.07696	0.02060	0.02803	-0.00298
0.10	0.03809	0.02315	0.03379	0.01446
0.10	0.01522	0.00709	0.02312	0.00953
0.10	0.05077	-0.03008	0.03892	-0.01688
0.10	0.05061	0.00164	0.04557	-0.00458
0.10	-0.01040	0.04345	0.01344	0.02756
0.10	0.02983	0.02700	0.02275	0.02719
0.10	0.05894	0.00173	0.04346	0.01019
0.10	0.07008	0.02443	0.05864	0.01967
0.10	0.01525	0.01261	0.03367	0.01494
0.10	0.01019	0.00644	0.02034	0.00930
0.10	0.06459	0.00604	0.04559	0.00713
0.10	0.07306	0.00188	0.06130	0.00363
0.10	0.02973	0.01222	0.04325	0.00936
0.10	0.09819	-0.05110	0.07477	-0.03106
0.10	0.06469	0.01730	0.06902	0.00114
0.10	0.04749	-0.00005	0.05672	0.00035
0.10	-0.01151	-0.01359	0.01772	-0.00895
0.10	0.06791	-0.05546	0.04633	-0.03990
0.10	0.06602	-0.02267	0.05763	-0.02838
0.10	0.03914	-0.01837	0.04702	-0.02168
0.10	0.01648	0.01720	0.02964	0.00416
0.10	0.05782	0.00981	0.04574	0.00793
0.10	0.03253	0.01470	0.03818	0.01244
0.10	0.01644	0.03336	0.02580	0.02635
0.10	0.03039	0.01397	0.02843	0.01809
0.10	0.07724	0.00273	0.05637	0.00783
0.10	0.03658	0.02136	0.04506	0.01685
0.10	0.02940	0.02304	0.03612	0.02097
0.10	0.06367	-0.00933	0.05188	0.00075
0.10	0.03833	0.01680	0.04413	0.01146
0.10	0.02656	0.01997	0.03411	0.01713
0.10	0.01363	0.01254	0.02241	0.01407
0.10	0.03876	-0.00498	0.03177	0.00135
0.10	0.06142	-0.02633	0.04859	-0.01699
0.10	0.04882	0.03357	0.04872	0.01671
0.10	0.05619	0.03891	0.05302	0.03158
0.10	0.09629	0.04683	0.07760	0.04170
0.10	0.06023	0.01923	0.06769	0.02674
0.10	0.01648	0.05567	0.03817	0.04616
0.10	0.04428	0.02802	0.04165	0.03409
0.10	0.05810	0.01099	0.05101	0.01874
0.10	0.07157	0.01323	0.06283	0.01505
0.10	0.11355	0.05337	0.09161	0.04046
0.10	0.06923	0.02965	0.07874	0.03322
0.10	0.04916	0.04147	0.06192	0.03870
0.10	-0.00209	-0.18168	0.02536	-0.10817
0.10	0.02913	0.04092	0.02751	-0.00878
0.10	0.04162	0.03582	0.03556	0.02092
0.10	0.05254	-0.01273	0.04531	-0.00159
0.10	0.06430	0.02909	0.05615	0.01885
0.10	0.10661	0.01415	0.08497	0.01572
0.10	0.02027	0.03879	0.04799	0.03111
0.10	0.07547	0.02824	0.06373	0.02919
0.10	0.05878	0.01812	0.06090	0.02182
0.10	0.04898	0.02359	0.05410	0.02300
0.10	-0.01614	0.02885	0.01397	0.02690
0.10	0.06258	-0.07035	0.04183	-0.03809
0.10	0.06483	-0.01616	0.05499	-0.02346
0.10	0.05438	0.01725	0.05464	0.00364
0.10	0.13424	0.00738	0.10012	0.00613
0.10	0.05391	0.01882	0.07366	0.01461
0.10	0.06403	0.02028	0.06819	0.01837
0.10	0.03817	0.05005	0.05107	0.03946
0.10	-0.00048	0.04861	0.02138	0.04560
0.10	0.04856	0.08051	0.03691	0.06887
0.10	0.07043	0.02745	0.05593	0.04140
0.10	0.09263	-0.00795	0.07696	0.00843
0.10	0.04729	0.04637	0.06007	0.03366
0.10	0.06428	0.03327	0.06247	0.03340
0.10	0.08925	0.04506	0.07779	0.04118
0.10	0.04593	0.06501	0.05960	0.05706
0.10	0.03631	0.04561	0.04625	0.04941
0.10	0.04719	0.04024	0.04679	0.04331
0.10	0.05364	-0.02186	0.05073	-0.00039
0.10	0.10309	0.13999	0.08048	0.09279
0.10	0.06152	0.04562	0.06963	0.06131
0.10	0.07502	0.05388	0.07271	0.05636
0.10	0.05845	0.00578	0.06453	0.02254
0.10	0.04802	0.02826	0.05510	0.02635
0.10	0.01074	0.05378	0.02974	0.04464
0.10	0.01791	0.03376	0.02300	0.03740
0.10	0.04647	-0.01055	0.03648	0.00531
0.10	0.05909	0.02024	0.04937	0.01525
0.10	0.04190	0.04431	0.04509	0.03465
0.10	0.02204	0.02680	0.03197	0.02943
0.10	0.06233	0.05225	0.04929	0.04462
0.10	0.05920	-0.00253	0.05497	0.01312
0.10	0.04130	0.02528	0.04719	0.02120
0.10	0.03103	0.03135	0.03794	0.02798
0.10	0.06417	-0.01970	0.05296	-0.00385
0.10	0.06977	-0.00221	0.06255	-0.00276
0.10	0.14342	0.04156	0.10881	0.02681
0.10	0.04214	0.04798	0.07067	0.04093
0.10	0.05042	-0.00776	0.05911	0.00850
0.10	-0.11764	0.02910	-0.04191	0.02223
0.10	0.00237	0.01378	-0.01665	0.01660
0.10	-0.03212	-0.07403	-0.02554	-0.04410
0.10	0.06570	-0.01892	0.02642	-0.02736
0.10	0.03531	0.00409	0.03152	-0.00633
0.10	0.00314	0.01471	0.01537	0.00765
0.10	0.04841	0.01932	0.03426	0.01543
0.10	0.03798	-0.00274	0.03639	0.00334
0.10	0.02642	-0.00976	0.03070	-0.00539
0.10	0.02988	0.00350	0.03023	0.00055
0.10	0.05888	0.00786	0.04658	0.00542
0.10	0.04410	0.00960	0.04517	0.00820
0.10	0.02838	0.03016	0.03558	0.02283
0.10	0.05615	0.01683	0.04739	0.01882
0.10	0.05775	0.00065	0.05329	0.00674
0.10	0.00110	0.01365	0.02341	0.01136
0.10	0.00577	0.02156	0.01338	0.01813
0.10	0.06474	0.02762	0.04271	0.02445
0.10	0.06466	-0.01279	0.05531	-0.00046
0.10	0.02208	0.03490	0.03640	0.02304
0.10	0.03211	0.03558	0.03394	0.03140
0.10	0.05714	0.01754	0.04722	0.02215
0.10	0.01043	0.01713	0.02616	0.01880
0.10	-0.00961	0.04546	0.00574	0.03656
0.10	0.05082	0.02966	0.03151	0.03196
0.10	0.06171	-0.00940	0.04880	0.00434
0.10	0.05625	0.02929	0.05306	0.02097
0.10	0.01726	0.03899	0.03260	0.03299
0.10	0.03728	0.01579	0.03528	0.02152
0.10	0.04959	0.02946	0.04346	0.02682
0.10	0.05468	0.02654	0.04986	0.02663
0.10	0.03865	0.03101	0.04345	0.02955
0.10	0.02398	0.01594	0.03231	0.02047
0.10	0.05722	0.01349	0.04654	0.01581
0.10	0.04039	0.03285	0.04304	0.02715
0.10	0.03272	0.04139	0.03714	0.03665
0.10	0.04328	0.08958	0.04065	0.07197
0.10	0.08292	0.02622	0.06482	0.04145
0.10	0.01973	0.05420	0.03911	0.04994
0.10	0.03864	0.04158	0.03884	0.04437
0.10	0.04387	0.00842	0.04172	0.02037
0.10	0.07810	0.02258	0.06254	0.02185
0.10	0.04182	0.03684	0.05072	0.03183
0.10	0.08864	0.02902	0.07238	0.02996
0.10	0.06065	0.03834	0.06567	0.03555
0.10	0.06079	0.05392	0.06290	0.04773
0.10	0.04134	0.04667	0.05050	0.04702
0.10	0.01490	0.03849	0.03016	0.04134
0.10	0.05263	0.02051	0.04302	0.02743
0.10	0.06247	-0.01944	0.05406	-0.00366
0.10	0.03675	0.06932	0.04419	0.04493
0.10	0.03845	0.02826	0.04091	0.03382
0.10	0.07529	0.02892	0.06058	0.03055
0.10	0.06774	0.04749	0.06467	0.04185
0.10	0.03929	0.04756	0.05019	0.04566
0.10	0.00658	0.03755	0.02512	0.04023
0.10	0.03736	0.00479	0.03211	0.01663
0.10	0.07132	0.02506	0.05455	0.02226
0.10	0.06207	0.00426	0.05883	0.01031
0.10	0.03150	0.03753	0.04313	0.02853
0.10	0.05440	0.04504	0.04954	0.03949
0.10	0.10501	-0.00130	0.08130	0.01225
0.10	0.06324	0.02195	0.07098	0.01872
0.10	0.00152	0.06060	0.03153	0.04650
0.10	0.05162	0.04020	0.04308	0.04228
0.10	0.05990	-0.01013	0.05268	0.00738
0.10	0.06731	-0.00431	0.06100	-0.00039
0.10	0.03467	0.04639	0.04595	0.03080
0.10	0.04238	0.05208	0.04391	0.04502
0.10	0.06601	0.00918	0.05657	0.02108
0.10	0.05039	0.02672	0.05304	0.02484
0.10	0.01435	0.05294	0.03094	0.04356
0.10	0.03958	0.03258	0.03587	0.03625
0.10	0.04789	0.02241	0.04276	0.02700
0.10	0.02311	0.05412	0.03155	0.04506
0.10	0.06991	0.01567	0.05351	0.02544
0.10	0.04816	0.01603	0.05046	0.01918
0.10	-0.00167	0.16822	0.02074	0.11835
0.10	0.05094	0.02332	0.03805	0.05483
0.10	-0.00747	0.03361	0.01213	0.04072
0.10	0.02053	0.02337	0.01694	0.02913
0.10	0.07222	-0.00335	0.04859	0.00744
0.10	0.06043	0.02084	0.05535	0.01636
0.10	0.04089	0.02461	0.04709	0.02186
0.10	0.02398	0.01634	0.03387	0.01818
0.10	0.04171	0.02671	0.03834	0.02385
0.10	0.00913	0.00547	0.02165	0.01160
0.10	0.00063	0.00905	0.00967	0.00990
0.10	0.05212	0.00570	0.03409	0.00708
0.10	0.04845	-0.23128	0.04230	-0.15190
0.10	0.04799	-0.02824	0.04554	-0.06974
0.10	0.00034	-0.00091	0.01960	-0.02371
0.10	0.05421	0.03876	0.03923	0.01770
0.10	0.03284	0.01834	0.03555	0.01813
0.10	0.02544	0.02834	0.02978	0.02493
0.10	0.02381	-0.00258	0.02636	0.00655
0.10	0.04511	-0.02477	0.03699	-0.01420
0.10	0.06682	-0.01794	0.05415	-0.01671
0.10	0.01659	0.02300	0.03285	0.00960
0.10	0.05438	0.04298	0.04519	0.03191
0.10	0.06665	0.02626	0.05742	0.02815
0.10	0.11481	-0.17249	0.09024	-0.10569
0.10	-0.00752	0.00087	0.03446	-0.03473
0.10	0.07779	0.00157	0.05938	-0.01041
0.10	-0.00350	0.03225	0.02353	0.01798
0.10	0.04490	0.01335	0.03577	0.01489
0.10	0.03283	0.04990	0.03410	0.03814
0.10	0.06458	0.05153	0.05151	0.04706
0.10	0.04157	0.03975	0.04581	0.04218
0.10	0.01811	0.03211	0.03004	0.03548
0.10	0.08884	0.20060	0.06368	0.14565
0.10	0.06452	0.01749	0.06416	0.06012
0.10	0.03807	0.03448	0.04922	0.04300
0.10	0.03748	0.03531	0.04252	0.03788
0.10	0.03288	0.01321	0.03701	0.02144
0.10	0.04053	0.04211	0.03902	0.03524
0.10	0.02306	0.04938	0.02991	0.04466
0.10	-0.00350	0.02858	0.01079	0.03393
0.10	0.03414	0.02483	0.02414	0.02786
0.10	0.07947	-0.02452	0.05580	-0.00710
0.10	0.04400	0.03420	0.04907	0.02040
0.10	0.05342	0.04231	0.05156	0.03501
0.10	0.04339	0.04787	0.04689	0.04360
0.10	0.06161	0.01480	0.05524	0.02451
0.10	0.14503	0.00897	0.10686	0.01410
0.10	0.01954	0.04279	0.05694	0.03323
0.10	0.03697	0.04113	0.04552	0.03850
0.10	0.08129	0.01150	0.06582	0.02060
0.10	0.05433	0.03129	0.05924	0.02773
0.10	0.00864	0.04523	0.03015	0.03945
0.10	0.03042	0.02406	0.03030	0.02925
0.10	0.06003	0.00730	0.04731	0.01460
0.10	0.05644	0.02382	0.05254	0.02076
0.10	-0.00040	0.04953	0.02239	0.03989
0.10	0.04599	0.04384	0.03590	0.04253
0.10	0.06265	0.03587	0.05120	0.03809
0.10	0.06679	-0.00236	0.06013	0.01107
0.10	0.00684	0.04424	0.02980	0.03311
0.10	0.05634	0.03997	0.04498	0.03769
0.10	0.06705	0.04471	0.05760	0.04237
0.10	0.05754	0.04941	0.05756	0.04708
0.10	-0.05191	0.01619	-0.00512	0.02646
0.10	0.04169	0.02856	0.02148	0.02785
0.10	0.06478	-0.02471	0.04619	-0.00716
0.10	0.02359	-0.03986	0.03327	-0.02897
0.10	0.02906	0.04775	0.03086	0.02220
0.10	0.04919	0.01252	0.04131	0.01576
0.10	0.06774	0.00813	0.05651	0.01065
0.10	0.06751	0.02145	0.06277	0.01783
0.10	0.03685	0.01969	0.04799	0.01907
0.10	0.01337	0.03247	0.02815	0.02802
0.10	0.04620	0.00035	0.03848	0.00956
0.10	0.06347	-0.01346	0.05272	-0.00575
0.10	0.05110	0.03375	0.05179	0.02060
0.10	0.06535	0.04493	0.05952	0.03679
0.10	0.07508	0.03508	0.06847	0.03565
0.10	0.06071	0.02795	0.06407	0.03054
0.10	0.02489	0.11280	0.04167	0.08540
0.10	0.03344	0.03502	0.03697	0.05182
0.10	0.02180	-0.00430	0.02830	0.01441
0.10	0.05588	-0.01475	0.04409	-0.00507
0.10	0.04717	0.01325	0.04585	0.00715
0.10	0.05566	0.03788	0.05146	0.02764
0.10	0.05890	0.03754	0.05572	0.03425
0.10	0.12759	-0.06228	0.09678	-0.03010
0.10	0.04998	0.03996	0.07005	0.01658
0.10	-0.02820	-0.00653	0.01394	0.00118
0.10	0.04548	0.02459	0.03204	0.01684
0.10	0.05535	-0.12325	0.04531	-0.07626
0.10	0.12457	0.00791	0.09069	-0.02006
0.10	0.04238	0.04283	0.06316	0.02177
0.10	0.11110	-0.03787	0.09053	-0.01796
0.10	0.04813	-0.00108	0.06628	-0.00670
0.10	0.00186	-0.00210	0.02953	-0.00364
0.10	0.02535	-0.00184	0.02713	-0.00243
0.10	0.03254	0.00192	0.03022	0.00047
0.10	0.03777	0.00911	0.03453	0.00623
0.10	0.16124	-0.09159	0.10687	-0.05894
0.10	0.05693	0.01956	0.07821	-0.00643
0.10	0.03215	0.01867	0.05202	0.01024
0.10	0.00306	0.01571	0.02396	0.01390
0.10	-0.10098	-0.01358	-0.04714	-0.00436
0.10	-0.02254	0.12836	-0.03306	0.08422
0.10	0.07411	-0.02558	0.02822	0.01099
0.10	0.05229	0.03945	0.04194	0.02993
0.10	0.05049	-0.01293	0.04684	0.00131
0.10	0.06451	0.03948	0.05695	0.02679
0.10	0.01057	0.03613	0.03050	0.03301
0.10	0.01965	0.02374	0.02430	0.02683
0.10	0.02792	-0.02377	0.02638	-0.00698
0.10	0.04745	0.01412	0.03843	0.00709
0.10	0.05796	-0.00089	0.04958	0.00177
0.10	0.02460	0.02184	0.03533	0.01513
0.10	0.02513	0.15995	0.02952	0.11148
0.10	-0.00305	0.06324	0.01078	0.07915
0.10	-0.00977	0.04333	-0.00088	0.05540
0.10	0.03424	0.02779	0.01928	0.03693
0.10	0.07525	0.01099	0.05119	0.01966
0.10	0.05795	-0.01026	0.05504	-0.00025
0.10	0.05579	0.01857	0.05547	0.01233
0.10	0.05980	0.05474	0.05795	0.04066
0.10	0.05470	0.03537	0.05610	0.03714
0.10	0.13933	-0.00981	0.10345	0.00595
0.10	-0.00971	0.04470	0.03850	0.03187
0.10	0.03886	0.03951	0.03871	0.03697
0.10	0.07043	-0.04394	0.05683	-0.01695
0.10	0.06477	0.02057	0.06134	0.00796
0.10	0.04240	0.03216	0.05047	0.02415
0.10	0.06453	0.05280	0.05846	0.04316
0.10	0.07169	0.05707	0.06602	0.05243
0.10	0.04747	0.06177	0.05537	0.05868
0.10	0.05087	0.03305	0.05279	0.04158
0.10	0.03873	0.04241	0.04478	0.04213
0.10	0.06687	0.02196	0.05738	0.02871
0.10	0.07936	0.00597	0.07000	0.01349
0.10	0.03247	0.03289	0.04869	0.02636
0.10	0.04116	0.02779	0.04437	0.02732
0.10	0.07667	0.03527	0.06280	0.03261
0.10	0.02214	0.04195	0.03948	0.03886
0.10	0.01924	0.01870	0.02798	0.02547
0.10	0.03066	0.07417	0.02951	0.05801
0.10	0.09010	0.02117	0.06414	0.03344
0.10	0.06611	-0.01169	0.06526	0.00345
0.10	0.04585	0.02223	0.05414	0.01599
0.10	0.03760	0.03229	0.04466	0.02688
0.10	0.06902	0.04619	0.05858	0.03975
0.10	0.04255	0.04316	0.04946	0.04202
0.10	0.01698	0.02270	0.03088	0.02913
0.10	0.04457	0.03873	0.03874	0.03555
0.10	-0.00868	-0.05257	0.01170	-0.02309
0.10	0.06089	0.02768	0.03982	0.01076
0.10	0.03337	0.04250	0.03614	0.03190
0.10	0.07305	0.05121	0.05720	0.04476
0.10	0.07030	0.04564	0.06470	0.04535
0.10	0.06441	0.05580	0.06454	0.05230
0.10	0.04199	0.06160	0.05166	0.05850
0.10	0.03460	0.03728	0.04189	0.04433
0.10	0.03687	0.00212	0.03903	0.01620
0.10	0.06283	-0.00912	0.05269	-0.00074
0.10	0.06661	0.00431	0.06060	0.00262
0.10	0.02235	0.02499	0.03863	0.01759
0.10	0.06957	0.04990	0.05629	0.03911
0.10	0.07176	0.05751	0.06507	0.05132
0.10	0.04305	0.05349	0.05246	0.05277
0.10	0.05399	0.01810	0.05334	0.02970
0.10	0.04005	-0.00248	0.04574	0.00823
0.10	0.14716	0.14515	0.10379	0.09962
0.10	0.04757	0.02533	0.07165	0.05007
0.10	0.05170	0.03745	0.06027	0.04167
0.10	0.03139	0.00070	0.04375	0.01434
0.10	0.06041	0.04145	0.05329	0.03243
0.10	0.03135	0.04675	0.04078	0.04196
0.10	0.00629	0.01087	0.02106	0.02122
0.10	0.04409	0.01563	0.03426	0.01749
0.10	0.06938	-0.00902	0.05429	-0.00016
0.10	0.13881	0.00041	0.10266	0.00022
0.10	0.06041	0.05962	0.07853	0.03980
0.10	0.04984	0.02617	0.06208	0.03069
0.10	0.03949	0.04006	0.04922	0.03692
0.10	0.01246	0.00400	0.02817	0.01493
0.10	-0.00479	0.01315	0.00941	0.01375
0.10	0.05678	0.00343	0.03650	0.00687
0.10	0.05235	0.00534	0.04555	0.00585
0.10	0.00386	0.00960	0.02172	0.00835
0.10	0.04109	0.03651	0.03281	0.02715
0.10	0.12755	-0.04924	0.08727	-0.02401
0.10	0.05115	-0.00207	0.06666	-0.00940
0.10	-0.14753	0.04069	-0.05579	0.02400
0.10	0.03180	-0.03069	-0.00588	-0.01238
0.10	0.06291	0.01349	0.03329	0.00482
0.10	0.06060	-0.00370	0.04892	-0.00087
0.10	0.00115	0.01522	0.02168	0.00984
0.10	0.04986	0.00500	0.03789	0.00660
0.10	0.05755	0.00172	0.04906	0.00336
0.10	-0.01675	0.03647	0.01127	0.02551
0.10	0.03412	0.00910	0.02427	0.01461
0.10	0.05844	0.00756	0.04380	0.00990
0.10	0.06678	0.01265	0.05697	0.01174
0.10	0.02026	0.00973	0.03607	0.01040
0.10	0.03379	-0.00584	0.03477	-0.00044
0.10	0.06784	0.00344	0.05370	0.00215
0.10	0.02386	0.05013	0.03664	0.03415
0.10	0.04702	0.04643	0.04257	0.04233
0.10	0.03738	0.01874	0.03960	0.02660
0.10	0.05487	0.01582	0.04834	0.01940
0.10	0.05050	0.03374	0.04957	0.02895
0.10	0.02506	0.04228	0.03556	0.03784
0.10	0.05305	0.01888	0.04557	0.02519
0.10	0.04575	0.01898	0.04567	0.02107
0.10	0.02493	0.04632	0.03374	0.03799
0.10	0.00936	0.02534	0.01982	0.02956
0.10	0.05565	0.01872	0.04035	0.02232
0.10	0.05521	0.00976	0.04884	0.01395
0.10	0.12408	-0.14537	0.09180	-0.09220
0.10	0.00865	0.04334	0.04430	-0.00187
0.10	0.06468	0.05187	0.05589	0.03382
0.10	0.05216	0.06012	0.05376	0.05134
0.10	0.03679	0.04929	0.04401	0.04997
0.10	0.01831	0.02394	0.02931	0.03261
0.10	0.05747	-0.01796	0.04542	-0.00113
0.10	0.06791	-0.01749	0.05819	-0.01198
0.10	0.04222	0.02367	0.04906	0.01180
0.10	0.00882	0.04701	0.02610	0.03524
0.10	0.07950	0.02508	0.05659	0.02847
0.10	0.06357	0.04953	0.06058	0.04253
0.10	0.11403	-0.00831	0.09122	0.00856
0.10	0.02578	0.02581	0.05372	0.02008
0.10	0.03198	0.03713	0.04136	0.03140
0.10	0.06609	0.01240	0.05549	0.01873
0.10	0.06465	-0.01143	0.06074	-0.00144
0.10	0.02069	0.03342	0.03798	0.02171
0.10	0.08204	0.03498	0.06323	0.03057
0.10	0.08919	0.03689	0.07803	0.03478
0.10	0.06994	0.01571	0.07341	0.02208
0.10	0.00635	0.05497	0.03483	0.04413
0.10	0.03715	0.03714	0.03615	0.03948
0.10	0.05375	0.02122	0.04616	0.02735
0.10	0.07698	0.01819	0.06380	0.02123
0.10	0.03923	0.04662	0.04977	0.03815
0.10	0.06920	0.05396	0.06087	0.04868
0.10	0.08141	0.04921	0.07259	0.04904
0.10	0.09491	0.07338	0.08538	0.06530
0.10	0.04050	0.06007	0.05968	0.06181
0.10	-0.03654	0.00449	0.00470	0.02360
0.10	0.05544	0.03091	0.03369	0.02848
0.10	0.08062	0.00872	0.06041	0.01534
0.10	0.06275	-0.03139	0.06175	-0.01595
0.10	0.05694	0.04173	0.05901	0.02246
0.10	0.05340	0.05324	0.05580	0.04300
0.10	0.08797	0.04751	0.07417	0.04601
0.10	0.00778	0.07152	0.03640	0.06296
0.10	-0.00132	0.05210	0.01475	0.05570
0.10	-0.21527	-0.01913	-0.11600	0.00602
0.10	0.06999	0.01069	-0.00972	0.00913
0.10	0.06858	-0.00290	0.03518	0.00109
0.10	0.01165	0.03688	0.02178	0.02489
0.10	0.07088	0.07211	0.04990	0.05643
0.10	0.03075	0.02481	0.03894	0.03533
0.10	0.04438	0.03963	0.04205	0.03820
0.10	-0.09940	0.09515	-0.03871	0.07614
0.10	0.03444	0.03296	0.00316	0.04732
0.10	0.05754	0.01184	0.03423	0.02367
0.10	0.07385	-0.00183	0.05684	0.00669
0.10	0.01851	0.01757	0.03495	0.01394
0.10	0.05622	0.02578	0.04716	0.02186
0.10	0.03582	0.04298	0.04071	0.03588
0.10	0.04064	0.00579	0.04067	0.01576
0.10	-0.01377	-0.00880	0.00973	-0.00054
0.10	0.06035	-0.02900	0.03871	-0.01954
0.10	0.11484	-0.02860	0.08216	-0.02558
0.10	-0.00627	0.01306	0.03154	0.00021
0.10	0.05490	0.02637	0.04493	0.01769
0.10	0.03928	0.03426	0.04172	0.02869
0.10	0.02793	0.02081	0.03382	0.02343
0.10	-0.01308	-0.00106	0.00688	0.00704
0.10	0.05496	-0.00268	0.03436	0.00056
0.10	0.08098	-0.03139	0.06081	-0.02062
0.10	0.01631	0.00147	0.03526	-0.00584
0.10	0.04114	0.02016	0.03860	0.01140
0.10	0.05122	0.02325	0.04583	0.01931
0.10	0.03211	0.03128	0.03799	0.02729
0.10	-0.01341	0.03025	0.00839	0.02927
0.10	0.03301	-0.09149	0.02235	-0.05073
0.10	0.05543	-0.00574	0.04130	-0.02067
0.10	0.07379	-0.15570	0.05987	-0.11068
0.10	0.05152	0.04171	0.05510	-0.00909
0.10	0.06927	0.02632	0.06321	0.01455
0.10	0.05236	0.00809	0.05701	0.01024
0.10	0.03253	0.02078	0.04305	0.01726
0.10	0.02481	0.03124	0.03264	0.02657
0.10	0.05322	0.02253	0.04444	0.02387
0.10	0.05052	0.02388	0.04791	0.02388
0.10	0.03136	0.01790	0.03845	0.01989
0.10	0.06293	0.04878	0.05239	0.03910
0.10	0.06295	0.04332	0.05845	0.04193
0.10	0.01526	-0.11504	0.03384	-0.06249
0.10	-0.14428	0.24741	-0.06822	0.14455
0.10	0.03724	0.03520	-0.00818	0.07186
0.10	0.05725	0.02568	0.02913	0.04113
0.10	0.05228	-0.00080	0.04242	0.01307
0.10	0.06402	0.02783	0.05469	0.02286
0.10	0.05888	0.04973	0.05709	0.04082
0.10	0.09164	0.05846	0.07681	0.05257
0.10	0.03910	0.03648	0.05518	0.04181
0.10	0.01936	0.04836	0.03483	0.04615
0.10	-0.00073	0.01226	0.01443	0.02349
0.10	-0.03269	-0.08611	-0.01250	-0.04958
0.10	0.07012	-0.00110	0.03471	-0.01726
0.10	0.03606	0.03671	0.03548	0.01872
0.10	0.04101	0.06668	0.03864	0.05064
0.10	0.06944	0.04895	0.05633	0.04951
0.10	0.06377	0.01222	0.06057	0.02471
0.10	0.04696	0.05244	0.05279	0.04320
0.10	-0.00507	0.01537	0.01982	0.02468
0.10	0.07721	-0.00118	0.05255	0.00747
0.10	0.07527	-0.02291	0.06561	-0.01288
0.10	0.03258	0.02811	0.04671	0.01448
0.10	0.02932	0.04795	0.03681	0.03672
0.10	0.09706	0.00793	0.07116	0.01756
0.10	0.05373	0.05418	0.06122	0.04194
0.10	0.02584	-0.07092	0.04087	-0.03369
0.10	0.03918	0.03307	0.03990	0.01078
0.10	0.07425	-0.01881	0.05942	-0.00886
0.10	0.06717	0.02384	0.06386	0.01297
0.10	0.07143	0.00783	0.06818	0.00955
0.10	0.03631	0.04937	0.04998	0.03608
0.10	0.07712	0.05432	0.06551	0.04826
0.10	0.06869	0.02210	0.06734	0.03078
0.10	0.05095	0.03594	0.05801	0.03421
0.10	0.02042	0.03017	0.03656	0.03152
0.10	0.05868	0.01793	0.04921	0.02245
0.10	0.06315	-0.01189	0.05721	-0.00051
0.10	0.06150	0.03543	0.05966	0.02342
0.10	0.05703	0.06228	0.05816	0.04926
0.10	0.05936	0.00141	0.05884	0.01737
0.10	0.06565	0.05390	0.06276	0.04185
0.10	0.04573	0.02690	0.05307	0.03191
0.10	0.00405	0.05362	0.02495	0.04643
0.10	-0.09405	0.01078	-0.04267	0.02276
0.10	0.06843	0.00602	0.02083	0.01160
0.10	0.05126	0.02696	0.03828	0.02187
0.10	0.02273	0.03653	0.02943	0.03162
0.10	-0.06766	0.00582	-0.02616	0.01439
0.10	0.09399	-0.00044	0.04263	0.00449
0.10	0.04969	0.01121	0.04666	0.00897
0.10	0.18368	-0.08064	0.12496	-0.05078
0.10	0.01338	-0.06972	0.06109	-0.06342
0.10	0.05795	0.02526	0.05929	-0.00428
0.10	0.07612	-0.00693	0.06890	-0.00605
0.10	0.05883	0.05835	0.06315	0.03687
0.10	0.05156	0.04598	0.05655	0.04292
0.10	0.03831	0.04356	0.04609	0.04335
0.10	-0.00355	0.02127	0.01784	0.02867
0.10	0.02193	0.01581	0.02018	0.02008
0.10	0.08325	-0.03707	0.05628	-0.01807
0.10	0.03659	0.01464	0.04505	0.00371
0.10	0.02875	0.00996	0.03573	0.00788
0.10	0.03489	0.02495	0.03525	0.01929
0.10	0.04734	-0.00652	0.04213	0.00214
0.10	0.01699	-0.00253	0.02772	-0.00098
0.10	-0.00732	-0.01113	0.00776	-0.00773
0.10	0.04896	0.00934	0.03128	0.00364
0.10	0.07287	-0.02328	0.05509	-0.01433
0.10	0.02679	0.01525	0.03898	0.00533
0.10	0.02870	0.09832	0.03309	0.06744
0.10	0.05175	0.02814	0.04377	0.04120
0.10	0.02579	0.04067	0.03351	0.04085
0.10	0.06573	0.02619	0.05189	0.03109
0.10	0.02051	-0.00729	0.03393	0.00547
0.10	0.06225	-0.02427	0.05015	-0.01439
0.10	0.03980	0.04442	0.04424	0.02478
0.10	0.01381	0.03368	0.02686	0.03071
0.10	0.08486	0.03921	0.06008	0.03639
0.10	0.06033	0.04222	0.06022	0.04028
0.10	0.01322	0.05287	0.03339	0.04867
0.10	0.01552	0.01385	0.02320	0.02549
0.10	0.03980	-0.01321	0.03273	-0.00040
0.10	0.05103	-0.01106	0.04319	-0.00751
0.10	0.06430	0.01547	0.05516	0.00773
0.10	0.21581	0.03148	0.14734	0.02361
0.10	0.06409	0.01814	0.09999	0.01998
0.10	0.04879	0.02065	0.07057	0.02042
0.10	0.01080	0.02970	0.03662	0.02658
0.10	0.01235	0.02283	0.02269	0.02407
0.10	0.02481	0.00071	0.02390	0.00853
0.10	0.06601	0.01615	0.04806	0.01363
0.10	0.02491	0.04024	0.03490	0.03129
0.10	0.05901	0.05196	0.04872	0.04510
0.10	0.07164	0.03470	0.06180	0.03818
0.10	0.03777	0.03591	0.04803	0.03666
0.10	0.11713	0.13581	0.08765	0.10293
0.10	0.04225	0.03483	0.06178	0.05764
0.10	0.07630	0.00778	0.07005	0.02449
0.10	0.06272	0.01525	0.06587	0.01834
0.10	0.05543	0.03416	0.05990	0.02889
0.10	0.04162	0.05318	0.04940	0.04515
0.10	0.07640	0.04152	0.06479	0.04273
0.10	0.05904	0.03472	0.06152	0.03740
0.10	0.13584	-0.09948	0.10403	-0.05393
0.10	-0.09113	-0.06928	-0.00757	-0.06417
0.10	0.03271	0.19059	0.01552	0.10610
0.10	0.06760	0.01886	0.04531	0.04790
0.10	0.03883	0.02890	0.04161	0.03525
0.10	0.01757	0.03930	0.02787	0.03795
0.10	0.07305	0.00214	0.05372	0.01405
0.10	0.05996	0.05276	0.05729	0.03988
0.10	0.03849	0.04822	0.04656	0.04543
0.10	-0.01627	0.04432	0.01067	0.04469
0.10	0.05392	0.03171	0.03536	0.03604
0.10	0.06593	-0.01864	0.05287	-0.00046
0.10	0.06672	-0.00203	0.06074	-0.00150
0.10	0.06587	0.07645	0.06369	0.05068
0.10	0.04730	0.02937	0.05432	0.03647
0.10	0.06899	0.03510	0.06266	0.03556
0.10	0.06694	0.09438	0.06511	0.07479
0.10	0.03558	0.04026	0.04820	0.05173
0.10	0.02344	0.03789	0.03408	0.04252
0.10	0.05582	-0.00514	0.04658	0.01060
0.10	0.05738	0.03151	0.05272	0.02449
0.10	0.05585	0.04066	0.05451	0.03527
0.10	0.04987	0.05925	0.05185	0.05130
0.10	0.08040	0.05567	0.06807	0.05420
0.10	0.05845	0.05150	0.06257	0.05240
0.10	0.01895	0.05240	0.03766	0.05240
0.10	0.03517	0.04676	0.03623	0.04861
0.10	0.05853	0.02710	0.04891	0.03432
0.10	0.05168	0.02193	0.05049	0.02607
0.10	0.04734	0.04071	0.04869	0.03584
0.10	0.07406	0.03173	0.06317	0.03310
0.10	0.04924	0.01771	0.05516	0.02280
0.10	0.04170	0.05007	0.04749	0.04094
0.10	0.03323	0.01907	0.03933	0.02635
0.10	0.01431	0.03343	0.02511	0.03105
0.10	-0.01163	-0.05831	0.00397	-0.02885
0.10	0.06643	0.02133	0.03946	0.00446
0.10	0.02437	0.02665	0.03080	0.01930
0.10	0.01199	0.01047	0.02012	0.01344
0.10	0.06532	-0.00766	0.04599	-0.00064
0.10	0.02273	0.02703	0.03273	0.01778
0.10	0.01160	0.01602	0.02065	0.01661
0.10	0.05910	-0.09990	0.04271	-0.06131
0.10	0.06980	-0.03128	0.05813	-0.04135
0.10	0.04010	0.00892	0.04778	-0.00773
0.10	0.03002	0.02863	0.03768	0.01642
0.10	0.06041	0.00380	0.05068	0.00800
0.10	0.04967	-0.00128	0.05010	0.00178
0.10	-0.00853	0.01239	0.01659	0.00886
0.10	0.01793	-0.02770	0.01735	-0.01540
0.10	0.05107	0.01150	0.03660	0.00252
0.10	0.03226	-0.00647	0.03410	-0.00351
0.10	0.00774	0.03081	0.01905	0.01935
0.10	0.04882	0.00427	0.03601	0.00932
0.10	0.06363	0.02624	0.05173	0.02056
0.10	-0.01310	0.03649	0.01462	0.03120
0.10	0.02951	0.02062	0.02317	0.02412
0.10	0.04221	-0.05265	0.03405	-0.02705
0.10	0.04429	0.00121	0.03988	-0.00827
0.10	0.03032	0.03645	0.03440	0.02163
0.10	0.04941	0.03267	0.04292	0.02895
0.10	0.06801	0.04890	0.05727	0.04226
0.10	0.02129	0.05116	0.03666	0.04820
0.10	0.00892	0.01647	0.02084	0.02708
0.10	0.21674	0.08715	0.13277	0.06712
0.10	0.06593	0.02988	0.09451	0.04226
0.10	0.04467	0.03686	0.06602	0.03866
0.10	0.04599	0.04690	0.05457	0.04415
0.10	0.05890	0.02635	0.05705	0.03228
0.10	0.04358	0.05207	0.04934	0.04549
0.10	0.08435	-0.12635	0.06932	-0.06893
0.10	0.00876	0.01356	0.03473	-0.01396
0.10	0.04566	0.03048	0.04098	0.01568
0.10	0.04605	-0.00654	0.04389	0.00085
0.10	0.05447	0.03511	0.04992	0.02365
0.10	0.04950	0.03107	0.04968	0.02860
0.10	0.04177	0.04996	0.04515	0.04286
0.10	0.05844	0.07973	0.05274	0.06744
0.10	0.07080	-0.08234	0.06304	-0.03227
0.10	0.01985	0.02077	0.03834	0.00311
0.10	0.06348	0.01790	0.05273	0.01299
0.10	0.09627	-0.03968	0.07764	-0.02215
0.10	0.07463	0.00184	0.07592	-0.00618
0.10	0.08767	0.09604	0.08265	0.06204
0.10	0.07036	0.02848	0.07562	0.03964
0.10	0.05535	0.06020	0.06412	0.05327
0.10	0.02996	0.04685	0.04448	0.04897
0.10	-0.01164	0.02598	0.01264	0.03373
0.10	0.01352	0.01159	0.01314	0.01895
0.10	0.06442	-0.01968	0.04249	-0.00684
0.10	0.06837	0.00023	0.05726	-0.00213
0.10	0.01287	0.04574	0.03190	0.02978
0.10	0.07410	0.03040	0.05604	0.03019
0.10	0.04775	0.03681	0.05129	0.03461
0.10	0.04236	0.04733	0.04619	0.04309
0.10	0.03217	-0.06150	0.03819	-0.02653
0.10	0.03678	0.04130	0.03739	0.01868
0.10	0.06602	-0.02046	0.05377	-0.00744
0.10	0.03961	-0.05711	0.04565	-0.04066
0.10	0.07086	0.04994	0.05999	0.01953
0.10	0.05606	0.05032	0.05775	0.04003
0.10	0.08866	0.03755	0.07545	0.03838
0.10	0.05459	0.02484	0.06354	0.02936
0.10	0.02780	-0.00580	0.04308	0.00589
0.10	0.14256	0.19026	0.09982	0.12863
0.10	0.05042	-0.01438	0.07165	0.03344
0.10	0.05260	0.01249	0.06073	0.01944
0.10	0.02195	0.10149	0.03859	0.07411
0.10	0.06833	0.05688	0.05563	0.06260
0.10	0.05737	0.01566	0.05662	0.03146
0.10	0.05011	0.08319	0.05289	0.06597
0.10	0.01536	0.05411	0.03147	0.05807
0.10	0.03637	0.03365	0.03427	0.04180
0.10	0.06014	0.02911	0.04910	0.03332
0.10	0.06298	-0.01676	0.05703	-0.00006
0.10	0.05626	0.03279	0.05659	0.02185
0.10	0.08675	0.08974	0.07378	0.06702
0.10	0.06163	0.04616	0.06680	0.05305
0.10	0.03590	0.03143	0.04923	0.03869
0.10	-0.00171	0.01999	0.02002	0.02619
0.10	0.02083	0.02332	0.02048	0.02429
0.10	0.05541	-0.03101	0.04045	-0.01260
0.10	0.07090	0.01542	0.05787	0.00610
0.10	0.04070	-0.00800	0.04801	-0.00333
0.10	0.03314	0.03491	0.03957	0.02203
0.10	0.04637	0.03838	0.04346	0.03294
0.10	0.03803	0.00199	0.04034	0.01221
0.10	-0.01119	-0.00618	0.01085	-0.00006
0.10	0.02890	-0.03421	0.02113	-0.02276
0.10	0.06541	0.00550	0.04632	-0.00398
0.10	0.05226	0.01458	0.04973	0.00843
0.10	0.00943	0.02371	0.02663	0.01864
0.10	0.05780	0.00283	0.04431	0.00816
0.10	0.08928	-0.01874	0.07018	-0.00987
0.10	-0.03056	0.00285	0.01259	-0.00138
0.10	-0.00214	-0.02117	0.00421	-0.01452
0.10	0.05793	0.00522	0.03489	-0.00137
0.10	0.06950	-0.00840	0.05466	-0.00605
0.10	0.03663	0.03047	0.04437	0.01826
0.10	0.04446	0.03837	0.04442	0.03172
0.10	0.06539	0.00704	0.05635	0.01532
0.10	-0.00752	0.03728	0.01982	0.02998
0.10	0.01942	0.00160	0.01959	0.01098
0.10	0.08233	-0.00296	0.05542	0.00169
0.10	0.06961	0.00844	0.06350	0.00618
0.10	0.05365	-0.02189	0.05786	-0.01257
0.10	0.05253	0.04937	0.05483	0.02855
0.10	0.06219	0.01652	0.05904	0.02053
0.10	0.01948	0.03222	0.03636	0.02834
0.10	0.12956	0.06801	0.08945	0.05472
0.10	0.04393	0.00141	0.06344	0.01918
0.10	0.05063	0.00627	0.05611	0.01056
0.10	0.06377	0.02254	0.06050	0.01856
0.10	0.20288	-0.05668	0.14174	-0.03154
0.10	0.06218	0.03425	0.09629	0.01231
0.10	0.04235	0.03328	0.06541	0.02631
0.10	0.02318	0.04971	0.04131	0.04189
0.10	0.06277	0.06188	0.05357	0.05521
0.10	0.04715	0.02813	0.04990	0.03716
0.10	0.09336	0.00344	0.07476	0.01466
0.10	0.06355	0.04623	0.06836	0.03569
0.10	0.04447	0.02912	0.05472	0.03131
0.10	0.04021	0.04831	0.04643	0.04264
0.10	0.05628	0.01647	0.05207	0.02518
0.10	-0.00727	0.04515	0.01819	0.03848
0.10	0.04400	0.03459	0.03292	0.03589
0.10	0.02654	0.13146	0.02928	0.09961
0.10	0.08153	0.00416	0.05919	0.03590
0.10	0.04170	-0.12347	0.04914	-0.07076
0.10	0.06979	0.01620	0.06086	-0.01308
0.10	0.03200	0.05805	0.04429	0.03451
0.10	0.07253	0.04659	0.06041	0.04255
0.10	0.04290	0.02713	0.05044	0.03231
0.10	-0.02003	0.04538	0.01009	0.04103
0.10	0.02064	0.02385	0.01614	0.02955
0.10	0.06072	-0.02103	0.04160	-0.00416
0.10	0.05126	0.00431	0.04710	0.00147
0.10	0.03873	0.03001	0.04231	0.02053
0.10	0.01734	0.02365	0.02800	0.02261
0.10	0.06524	0.01531	0.04926	0.01775
0.10	0.06744	0.01604	0.05961	0.01661
0.10	-0.00108	0.05371	0.02491	0.04136
0.10	0.01017	0.02837	0.01652	0.03273
0.10	0.07696	0.00708	0.05118	0.01558
0.10	0.07232	0.02869	0.06328	0.02433
0.10	0.05721	0.02808	0.05982	0.02683
0.10	0.05340	0.05608	0.05616	0.04631
0.10	0.05983	0.00852	0.05827	0.02105
0.10	0.06608	0.01863	0.06272	0.01944
0.10	0.04462	0.04234	0.05236	0.03472
0.10	0.04145	0.04166	0.04612	0.03935
0.10	0.02721	0.01198	0.03531	0.02109
0.10	0.06053	0.00520	0.04967	0.01052
0.10	0.04409	0.04001	0.04647	0.03024
0.10	0.05382	0.04363	0.05067	0.03917
0.10	0.04781	0.02937	0.04904	0.03264
0.10	0.07570	0.04179	0.06428	0.03874
0.10	0.04833	0.06624	0.05521	0.05700
0.10	0.00818	0.05234	0.02819	0.05388
0.10	0.02880	0.01079	0.02853	0.02532
0.10	0.08727	0.03016	0.06211	0.02855
0.10	0.06876	-0.00360	0.06592	0.00708
0.10	-0.03543	0.08774	0.00812	0.06077
0.10	0.06180	0.04907	0.03881	0.05297
0.10	0.11941	-0.07086	0.08495	-0.02970
0.10	0.07295	0.03719	0.07809	0.01490
0.10	0.02091	0.03005	0.04543	0.02500
0.10	0.01088	-0.00927	0.02565	0.00212
0.10	0.05704	0.01005	0.04359	0.00741
0.10	0.07839	-0.01203	0.06345	-0.00554
0.10	0.04425	0.03903	0.05248	0.02417
0.10	0.04984	0.02617	0.05097	0.02551
0.10	0.05925	-0.00071	0.05569	0.00807
0.10	0.01700	-0.00242	0.03354	0.00107
0.10	0.00308	0.00965	0.01621	0.00677
0.10	0.06453	-0.00114	0.04383	0.00150
0.10	0.07302	-0.02255	0.06050	-0.01453
0.10	0.01722	0.01134	0.03577	0.00272
0.10	0.02007	-0.00988	0.02677	-0.00570
0.10	0.08596	0.16878	0.06051	0.11040
0.10	0.00851	0.01977	0.03078	0.04996
0.10	0.00789	-0.01378	0.01773	0.00753
0.10	0.06275	-0.02092	0.04363	-0.01154
0.10	0.12318	-0.03430	0.08884	-0.02665
0.10	0.03749	0.00419	0.05937	-0.00602
0.10	0.28687	0.09590	0.18863	0.06162
0.10	0.07412	0.02584	0.12311	0.03774
0.10	0.05945	-0.00047	0.08673	0.01227
0.10	0.00037	0.04276	0.03747	0.03257
0.10	0.03134	0.02241	0.03397	0.02579
0.10	0.07687	-0.03506	0.05853	-0.01484
0.10	0.01390	0.22677	0.03303	0.14623
0.10	0.07319	0.06351	0.05597	0.09109
0.10	0.05292	0.03317	0.05423	0.05243
0.10	0.06672	0.04146	0.06138	0.04510
0.10	0.02136	0.04469	0.03856	0.04483
0.10	-0.05072	-0.05964	-0.01246	-0.02483
0.10	0.04297	0.01561	0.01935	0.00222
0.10	0.05904	0.01791	0.04184	0.01261
0.10	0.04022	0.03541	0.04091	0.02781
0.10	0.05813	0.02700	0.05081	0.02727
0.10	0.08472	0.04417	0.07010	0.03850
0.10	0.04638	0.05646	0.05657	0.05045
0.10	0.14689	0.02846	0.10831	0.03576
0.10	0.18894	0.01600	0.15460	0.02254
0.10	0.04996	0.02634	0.09508	0.02506
0.10	0.05388	0.00402	0.07158	0.01105
0.10	0.03282	0.02474	0.04941	0.02018
0.10	0.03599	0.03060	0.04170	0.02716
0.10	0.06844	0.04924	0.05693	0.04184
0.10	0.06402	0.01445	0.06097	0.02362
0.10	0.00866	0.05096	0.03106	0.04186
0.10	0.02263	0.01661	0.02622	0.02495
0.10	0.08064	0.01009	0.05722	0.01507
0.10	0.05351	0.00277	0.05511	0.00688
0.10	0.02738	0.02696	0.03925	0.02028
0.10	0.04148	0.03307	0.04052	0.02879
0.10	0.08120	0.04192	0.06391	0.03759
0.10	0.06785	0.03279	0.06615	0.03440
0.10	0.04054	0.02530	0.05149	0.02833
0.10	0.02353	0.03640	0.03558	0.03369
0.10	-0.00619	-0.07205	0.01152	-0.03725
0.10	0.01643	0.02920	0.01432	0.00692
0.10	0.10534	0.03372	0.06644	0.02481
0.10	0.07678	0.05322	0.07232	0.04368
0.10	0.08129	0.02821	0.07747	0.03332
0.10	0.04195	0.00602	0.05720	0.01515
0.10	0.01657	0.05458	0.03399	0.04143
0.10	0.00256	0.02503	0.01609	0.03052
0.10	-0.10634	-0.11821	-0.05419	-0.06899
0.10	0.06262	0.02351	0.01213	-0.00763
0.10	0.03695	0.04069	0.02640	0.02474
0.10	0.03508	0.03357	0.03136	0.03063
0.10	0.08158	0.12357	0.05997	0.09244
0.10	0.06184	0.02244	0.06103	0.04591
0.10	0.05075	0.03300	0.05515	0.03730
0.10	0.04507	0.04418	0.04939	0.04189
0.10	0.06367	0.01781	0.05755	0.02584
0.10	0.05683	-0.01031	0.05714	0.00166
0.10	0.03725	0.04650	0.04582	0.03145
0.10	0.03691	0.02895	0.04074	0.02979
0.10	0.06386	0.01757	0.05397	0.02164
0.10	0.06277	0.01277	0.05899	0.01573
0.10	0.03698	0.05177	0.04636	0.03983
0.10	0.15289	0.07141	0.10698	0.06082
0.10	0.04767	0.01266	0.07302	0.02865
0.10	0.07424	0.01785	0.07371	0.02146
0.10	0.06180	0.02216	0.06689	0.02193
0.10	0.05692	0.03928	0.06121	0.03347
0.10	0.04503	0.04598	0.05196	0.04181
0.10	0.09010	0.04880	0.07379	0.04648
0.10	0.02634	0.04739	0.04672	0.04708
0.10	0.02707	0.02414	0.03551	0.03181
0.10	0.03093	0.02298	0.03289	0.02592
0.10	0.07426	0.01350	0.05655	0.01763
0.10	0.04023	-0.00848	0.04724	0.00024
0.10	0.04070	0.03877	0.04350	0.02592
0.10	-0.08996	-0.11877	-0.03308	-0.07085
0.10	0.01287	0.05542	-0.00694	0.01305
0.10	0.06400	0.00335	0.03371	0.00657
0.10	-0.00651	-0.00715	0.01077	-0.00256
0.10	0.05504	0.00963	0.03603	0.00555
0.10	0.07528	-0.03021	0.05847	-0.01831
0.10	0.04877	0.00490	0.05293	-0.00285
0.10	0.00872	-0.00527	0.02759	-0.00447
0.10	0.04585	0.03259	0.03802	0.02022
0.10	0.03151	0.02248	0.03431	0.02172
0.10	0.05018	-0.04777	0.04339	-0.02463
0.10	0.01772	0.02062	0.02869	0.00558
0.10	-0.05275	0.15803	-0.01796	0.10740
0.10	0.07082	-0.00161	0.03271	0.03480
0.10	0.03659	0.00919	0.03492	0.01776
0.10	0.04214	-0.03550	0.03905	-0.01779
0.10	0.05114	0.02667	0.04597	0.01189
0.10	0.05027	0.02454	0.04842	0.02032
0.10	-0.00205	-0.08382	0.01959	-0.04909
0.10	0.04894	0.01149	0.03639	-0.00865
0.10	0.06304	-0.02216	0.05166	-0.01767
0.10	0.01952	0.02640	0.03332	0.01167
0.10	0.04149	0.03909	0.03799	0.02994
0.10	0.05844	0.01619	0.04971	0.02075
0.10	0.04727	0.04698	0.04832	0.03825
0.10	0.02795	0.02517	0.03669	0.02954
0.10	0.03051	0.04550	0.03316	0.04017
0.10	0.03293	0.05561	0.03303	0.05043
0.10	0.05909	-0.00430	0.04791	0.01396
0.10	0.01917	0.02708	0.03146	0.02272
0.10	0.28790	0.03589	0.17864	0.03153
0.10	0.06525	0.05366	0.11403	0.04625
0.10	0.03574	0.05239	0.06910	0.05036
0.10	0.01964	0.03685	0.04097	0.04138
0.10	0.00802	0.01461	0.02211	0.02351
0.10	0.04584	0.01391	0.03564	0.01712
0.10	0.07517	0.19644	0.05831	0.13701
0.10	0.01311	0.04277	0.03261	0.07443
0.10	0.05598	0.05041	0.04600	0.05838
0.10	0.06564	0.05591	0.05721	0.05674
0.10	0.09169	0.02243	0.07697	0.03381
0.10	0.15716	0.06264	0.12256	0.05296
0.10	0.00317	0.01269	0.05408	0.02603
0.10	-0.10756	-0.19595	-0.03824	-0.12190
0.10	0.06796	-0.00716	0.02224	-0.04561
0.10	0.04617	0.00696	0.03597	-0.01046
0.10	0.04532	0.02853	0.04133	0.01560
0.10	-0.01845	0.04179	0.00716	0.03306
0.10	0.05749	0.01617	0.03582	0.02183
0.10	0.04200	0.02895	0.03935	0.02658
0.10	0.02746	0.02954	0.03257	0.02855
0.10	-0.01053	-0.05681	0.00781	-0.02860
0.10	0.06851	-0.02168	0.04246	-0.02399
0.10	0.05136	0.00116	0.04754	-0.00722
0.10	0.03897	0.05717	0.04266	0.03562
0.10	0.07285	0.04371	0.05985	0.04099
0.10	0.09704	0.01486	0.08107	0.02359
0.10	0.02621	0.04905	0.04952	0.04065
0.10	0.04601	0.04190	0.04752	0.04148
0.10	0.04935	-0.01022	0.04857	0.00693
0.10	0.06530	0.03500	0.05806	0.02554
0.10	0.04139	0.03757	0.04855	0.03355
0.10	0.03092	0.04810	0.03848	0.04325
0.10	0.07433	0.05106	0.05898	0.04846
0.10	0.07402	0.04434	0.06761	0.04570
0.10	0.05200	0.04809	0.05873	0.04729
0.10	0.02667	0.04930	0.04030	0.04864
0.10	0.05932	0.03706	0.05109	0.04096
0.10	0.05890	-0.00942	0.05557	0.00729
0.10	0.06625	-0.00879	0.06166	-0.00342
0.10	0.11302	-0.03861	0.09116	-0.02697
0.10	0.06969	0.04418	0.07889	0.02046
0.10	0.08771	0.04491	0.08392	0.03674
0.10	0.03651	0.07892	0.05693	0.06477
0.10	0.03838	0.06148	0.04630	0.06257
0.10	0.00719	0.00715	0.02388	0.02554
0.10	0.05890	0.03329	0.04388	0.03070
0.10	0.04748	0.02951	0.04592	0.02991
0.10	0.03077	0.03399	0.03723	0.03264
0.10	0.06222	0.04731	0.05154	0.04244
0.10	0.05065	0.04162	0.05104	0.04189
0.10	0.03270	0.01987	0.04048	0.02712
0.10	0.00499	0.01539	0.02024	0.01931
0.10	0.03036	0.02060	0.02604	0.02017
0.10	0.04554	0.03259	0.03710	0.02840
0.10	0.06977	-0.01227	0.05589	0.00115
0.10	0.04003	0.03397	0.04682	0.02304
0.10	-0.04899	-0.06362	-0.00768	-0.03453
0.10	0.05993	0.02545	0.03082	0.00535
0.10	0.01867	0.00653	0.02386	0.00614
0.10	-0.01368	0.00135	0.00232	0.00294
0.10	0.05613	0.01795	0.03308	0.01295
0.10	0.07509	-0.02549	0.05708	-0.01267
0.10	0.00537	0.00885	0.02752	0.00168
0.10	0.10302	-0.05313	0.07042	-0.03470
0.10	0.06551	0.00017	0.06762	-0.01145
0.10	0.05273	-0.00585	0.05913	-0.00772
0.10	-0.01590	0.01679	0.01619	0.00864
0.10	0.04226	-0.00447	0.03114	-0.00013
0.10	0.05360	0.00682	0.04394	0.00450
0.10	0.03835	0.02498	0.04075	0.01816
0.10	0.00565	0.01395	0.02075	0.01536
0.10	0.05904	0.04559	0.04278	0.03562
0.10	0.05315	0.03258	0.04867	0.03361
0.10	-0.01545	0.03476	0.01190	0.03437
0.10	0.02480	-0.00479	0.01929	0.00821
0.10	0.07489	0.00889	0.05081	0.00866
0.10	0.04120	-0.00306	0.04531	0.00083
0.10	0.03106	0.01084	0.03718	0.00750
0.10	0.06024	0.02728	0.05036	0.02069
0.10	0.07063	0.03691	0.06196	0.03151
0.10	0.01936	0.04846	0.03761	0.04281
0.10	0.00832	0.01677	0.02089	0.02546
0.10	0.03327	-0.00157	0.02796	0.00744
0.10	0.06929	-0.00250	0.05163	0.00080
0.10	0.05010	-0.02534	0.05076	-0.01662
0.10	0.02242	0.03966	0.03456	0.02092
0.10	0.05203	0.02154	0.04455	0.02133
0.10	0.03777	0.06112	0.04068	0.04785
0.10	0.03205	0.04902	0.03575	0.04863
0.10	0.03286	0.01445	0.03410	0.02587
0.10	0.05941	0.03178	0.04860	0.02982
0.10	0.06545	-0.00496	0.05821	0.00666
0.10	0.06587	0.01987	0.06259	0.01548
0.10	0.02501	0.03161	0.04117	0.02621
0.10	0.05357	0.01386	0.04829	0.01795
0.10	0.06069	0.01400	0.05538	0.01532
0.10	0.02320	0.05263	0.03702	0.04016
0.10	0.02876	0.03542	0.03230	0.03700
0.10	0.06022	0.02774	0.04829	0.03082
0.10	0.06988	-0.00583	0.06064	0.00637
0.10	0.07162	0.00184	0.06691	0.00335
0.10	0.05271	0.05673	0.05880	0.03891
0.10	0.05566	0.01205	0.05702	0.02107
0.10	0.06174	0.08946	0.05973	0.06692
0.10	0.07576	0.04237	0.06888	0.05057
0.10	0.00541	0.01328	0.03267	0.02574
0.10	0.07844	-0.04899	0.05872	-0.02392
0.10	0.06534	-0.01397	0.06250	-0.01729
0.10	-0.06008	0.04418	-0.00809	0.02394
0.10	0.02353	0.03591	0.00995	0.03191
0.10	0.06330	0.00648	0.04031	0.01502
0.10	0.05473	0.05318	0.04855	0.04047
0.10	0.02491	0.06312	0.03508	0.05554
0.10	-0.00073	0.02911	0.01463	0.03793
0.10	0.03838	-0.00221	0.02823	0.01112
0.10	0.08655	0.01749	0.06162	0.01537
0.10	0.06555	0.00362	0.06387	0.00754
0.10	-0.01776	-0.01484	0.01724	-0.00738
0.10	0.07755	0.03873	0.05156	0.02327
0.10	0.08869	0.05176	0.07287	0.04233
0.10	0.05750	0.02678	0.06412	0.03199
0.10	-0.04118	0.09693	0.00359	0.07549
0.10	0.05417	0.04182	0.03232	0.05315
0.10	0.08591	0.02033	0.06301	0.03124
0.10	0.04824	0.02948	0.05457	0.03006
0.10	0.04728	0.02621	0.05039	0.02749
0.10	0.08291	0.04700	0.06892	0.04046
0.10	0.09750	-0.06984	0.08522	-0.03297
0.10	0.04756	0.05370	0.06355	0.02512
0.10	0.03327	0.02967	0.04636	0.02814
0.10	0.04163	0.01440	0.04364	0.01895
0.10	0.05574	-0.01573	0.05054	-0.00413
0.10	0.06668	-0.00285	0.05980	-0.00327
0.10	0.06722	0.02238	0.06403	0.01378
0.10	0.03933	0.03754	0.04988	0.02965
0.10	0.06257	0.03772	0.05713	0.03503
0.10	0.05322	0.01007	0.05490	0.01839
0.10	0.02786	0.02597	0.03946	0.02344
0.10	0.01219	-0.00873	0.02385	0.00196
0.10	0.05107	0.01499	0.03927	0.01059
0.10	0.11332	-0.00953	0.08189	-0.00290
0.10	0.04805	0.03549	0.06255	0.02269
0.10	0.02403	0.10987	0.04064	0.08061
0.10	0.03842	0.00877	0.03937	0.03258
0.10	0.03657	0.01109	0.03778	0.01831
0.10	-0.01600	-0.01531	0.00694	-0.00417
0.10	0.06952	-0.00582	0.04277	-0.00527
0.10	0.06637	0.00548	0.05624	0.00189
0.10	0.04718	-0.00182	0.05106	-0.00059
0.10	0.02862	-0.01155	0.03830	-0.00787
0.10	0.06143	0.02191	0.05156	0.01204
0.10	0.03820	-0.00123	0.04393	0.00319
0.10	-0.04251	0.00136	-0.00548	0.00197
0.10	0.04803	0.00712	0.02500	0.00540
0.10	0.06694	0.00110	0.04906	0.00253
0.10	0.05734	-0.00829	0.05380	-0.00470
0.10	0.03809	0.03166	0.04485	0.01948
0.10	0.06313	0.02317	0.05529	0.02193
0.10	0.04323	0.03962	0.04839	0.03374
0.10	-0.02725	0.02692	0.00533	0.02920
0.10	0.01034	-0.04507	0.00820	-0.02038
0.10	0.07628	0.00624	0.04720	-0.00260
0.10	0.04988	0.02341	0.04873	0.01476
0.10	0.03182	-0.00927	0.03908	-0.00125
0.10	0.06052	0.05182	0.05134	0.03416
0.10	0.05626	0.04696	0.05415	0.04270
0.10	0.04044	0.02036	0.04633	0.02783
0.10	0.02355	0.03066	0.03331	0.02972
0.10	0.15450	0.07419	0.10268	0.05941
0.10	0.06425	0.01122	0.08070	0.02725
0.10	0.03466	0.02745	0.05444	0.02738
0.10	0.01658	0.03857	0.03283	0.03484
0.10	0.06158	0.04068	0.04930	0.03874
0.10	0.03596	0.04646	0.04168	0.04388
0.10	0.02400	0.02800	0.03158	0.03329
0.10	0.02784	0.00998	0.02945	0.01778
0.10	0.06509	0.02400	0.04973	0.02191
0.10	0.06956	0.02412	0.06113	0.02339
0.10	-0.05216	0.17784	-0.00319	0.12585
0.10	0.04872	0.04329	0.02662	0.07060
0.10	0.05966	-0.02384	0.04544	0.00779
