0.10	-0.00501	0.00518	-0.00501	0.00518
0.10	0.00477	0.00501	0.00226	0.00505
0.10	0.01693	-0.01317	0.01328	-0.00863
0.10	0.05075	0.01202	0.04140	0.00687
0.10	0.04567	0.00793	0.04460	0.00766
0.10	0.01670	0.01046	0.02358	0.00977
0.10	0.02029	0.01984	0.02111	0.01733
0.10	0.05379	0.00292	0.04560	0.00653
0.10	0.04837	0.00232	0.04768	0.00336
0.10	0.00340	0.01134	0.01449	0.00934
0.10	0.03698	0.01727	0.03141	0.01530
0.10	0.04639	0.00682	0.04266	0.00893
0.10	-0.06471	-0.10067	-0.03805	-0.07345
0.10	0.04021	0.02059	0.02054	-0.00304
0.10	0.05772	0.00476	0.04842	0.00281
0.10	0.01804	0.04804	0.02551	0.03691
0.10	0.01965	0.01116	0.02112	0.01764
0.10	-0.00066	-0.00852	0.00477	-0.00201
0.10	0.07125	-0.02611	0.05468	-0.02010
0.10	0.09252	-0.03210	0.08321	-0.02915
0.10	-0.02078	0.01019	0.00522	0.00035
0.10	0.05617	0.04382	0.04349	0.03301
0.10	0.05767	0.03545	0.05411	0.03484
0.10	0.01465	0.02787	0.02442	0.02960
0.10	0.00040	0.04002	0.00639	0.03742
0.10	0.04794	0.02455	0.03763	0.02775
0.10	0.05705	-0.00836	0.05220	0.00065
0.10	0.12256	-0.13176	0.10504	-0.09878
0.10	0.03587	0.02853	0.05302	-0.00303
0.10	0.10907	0.08449	0.09504	0.06260
0.10	0.04404	0.00194	0.05677	0.01707
0.10	0.02017	0.01312	0.02920	0.01410
0.10	0.02622	0.01022	0.02696	0.01119
0.10	0.06330	0.00099	0.05421	0.00354
0.10	0.00653	0.00707	0.01842	0.00619
0.10	0.05691	0.00201	0.04739	0.00304
0.10	0.04055	-0.00681	0.04227	-0.00434
0.10	0.04537	0.02397	0.04461	0.01702
0.10	0.02247	0.00387	0.02802	0.00716
0.10	-0.00586	-0.02214	0.00257	-0.01485
0.10	0.05872	-0.03224	0.04468	-0.02789
0.10	0.03359	-0.00233	0.03636	-0.00871
0.10	-0.00378	-0.01455	0.00610	-0.01311
0.10	0.03911	-0.00049	0.03081	-0.00366
0.10	0.06880	-0.01639	0.05931	-0.01321
0.10	-0.01273	-0.02544	0.00505	-0.02242
0.10	0.01396	0.04227	0.01175	0.02621
0.10	0.05170	-0.01184	0.04172	-0.00233
0.10	0.06336	-0.01583	0.05793	-0.01245
0.10	-0.01398	-0.06941	0.00393	-0.05523
0.10	0.02721	-0.04623	0.02141	-0.04847
0.10	0.09756	0.02219	0.07873	0.00471
0.10	0.04656	0.00069	0.05461	0.00169
0.10	0.02456	-0.02044	0.03204	-0.01493
0.10	0.04928	-0.03461	0.04499	-0.02971
0.10	0.06526	-0.01026	0.06025	-0.01506
0.10	0.04364	-0.01400	0.04780	-0.01426
0.10	0.05355	-0.02586	0.05212	-0.02296
0.10	0.01529	-0.02149	0.02445	-0.02186
0.10	0.05691	-0.00691	0.04880	-0.01065
0.10	0.05182	0.00771	0.05108	0.00318
0.10	0.01265	-0.01359	0.02223	-0.00941
0.10	0.02677	-0.01994	0.02564	-0.01732
0.10	0.05879	-0.00202	0.05050	-0.00585
0.10	0.03421	-0.00577	0.03823	-0.00579
0.10	0.02343	-0.01631	0.02712	-0.01368
0.10	0.06131	-0.00623	0.05272	-0.00810
0.10	0.05559	-0.01891	0.05488	-0.01623
0.10	0.00472	-0.00937	0.01717	-0.01108
0.10	0.01557	-0.00587	0.01597	-0.00716
0.10	0.04911	0.01020	0.04085	0.00587
0.10	0.02867	-0.01442	0.03171	-0.00936
0.10	0.03263	0.00526	0.03240	0.00160
0.10	0.02675	0.00353	0.02814	0.00306
0.10	0.05390	0.03712	0.04745	0.02859
0.10	0.02027	0.02608	0.02706	0.02671
0.10	-0.00017	0.01493	0.00656	0.01784
0.10	0.03565	0.00812	0.02834	0.01056
0.10	0.04228	0.11742	0.03881	0.09080
0.10	0.04194	0.00958	0.04117	0.02965
0.10	0.03409	0.02620	0.03586	0.02706
0.10	0.06021	0.02011	0.05412	0.02185
0.10	0.02887	0.02730	0.03511	0.02595
0.10	0.01115	0.01609	0.01714	0.01856
0.10	0.03127	0.01954	0.02776	0.01930
0.10	0.05307	0.01363	0.04678	0.01503
0.10	0.02533	0.00227	0.03074	0.00549
0.10	-0.17267	-0.02928	-0.12224	-0.02066
0.10	0.02850	0.08009	-0.00910	0.05496
0.10	0.02914	0.02601	0.01969	0.03316
0.10	0.01194	0.01050	0.01387	0.01616
0.10	0.05095	-0.02072	0.04172	-0.01154
0.10	0.04070	-0.01414	0.04096	-0.01349
0.10	0.04629	0.00769	0.04495	0.00238
0.10	0.01357	0.01716	0.02128	0.01353
0.10	0.03769	-0.00082	0.03356	0.00280
0.10	0.04166	0.00328	0.03966	0.00316
0.10	0.00858	0.02518	0.01635	0.01967
0.10	-0.00542	0.01824	-0.00004	0.01859
0.10	0.04541	0.02264	0.03400	0.02162
0.10	0.08099	-0.01258	0.06934	-0.00410
0.10	0.01561	-0.00124	0.02895	-0.00195
0.10	0.05339	0.01729	0.04727	0.01247
0.10	0.06252	0.00487	0.05873	0.00676
0.10	0.04299	0.04112	0.04692	0.03255
0.10	-0.00164	0.03164	0.01035	0.03187
0.10	0.04469	0.01672	0.03612	0.02050
0.10	0.05123	-0.01843	0.04743	-0.00864
0.10	0.02192	0.01821	0.02823	0.01156
0.10	0.01507	0.01673	0.01834	0.01545
0.10	0.04076	0.03432	0.03520	0.02964
0.10	0.04498	0.00898	0.04252	0.01416
0.10	-0.00493	0.02483	0.00686	0.02218
0.10	-0.00764	-0.01159	-0.00404	-0.00320
0.10	0.05885	-0.00999	0.04319	-0.00830
0.10	0.02965	0.01635	0.03305	0.01018
0.10	0.02688	-0.00445	0.02840	-0.00086
0.10	0.03098	-0.00666	0.03033	-0.00520
0.10	0.05039	-0.00352	0.04542	-0.00394
0.10	0.01398	0.00924	0.02177	0.00597
0.10	-0.00293	-0.00027	0.00320	0.00128
0.10	0.04839	-0.03595	0.03712	-0.02666
0.10	0.07048	-0.02475	0.06213	-0.02523
0.10	0.04114	-0.00722	0.04636	-0.01170
0.10	0.11740	0.08720	0.09971	0.06257
0.10	0.07386	-0.01054	0.08026	0.00758
0.10	0.06055	-0.01912	0.06547	-0.01246
0.10	-0.01896	-0.02319	0.00214	-0.02051
0.10	0.02480	-0.04923	0.01920	-0.04213
0.10	0.07084	-0.03670	0.05793	-0.03806
0.10	0.03631	-0.01944	0.04172	-0.02410
0.10	0.02277	-0.01375	0.02748	-0.01632
0.10	0.06346	-0.03244	0.05447	-0.02842
0.10	0.06315	-0.03729	0.06101	-0.03510
0.10	0.02808	-0.00459	0.03628	-0.01218
0.10	-0.00417	-0.04484	0.00589	-0.03672
0.10	0.00263	-0.25318	0.00344	-0.19902
0.10	0.14163	-0.02327	0.10752	-0.06664
0.10	0.11408	-0.08394	0.11243	-0.07958
0.10	0.01614	-0.03045	0.04012	-0.04268
0.10	0.05221	0.02250	0.04923	0.00640
0.10	0.02484	0.00425	0.03096	0.00479
0.10	-0.00037	-0.00782	0.00732	-0.00472
0.10	0.01700	-0.04181	0.01456	-0.03248
0.10	0.05921	-0.00359	0.04817	-0.01073
0.10	-0.00723	-0.00444	0.00654	-0.00601
0.10	0.00114	-0.00686	0.00249	-0.00664
0.10	0.04711	-0.00599	0.03608	-0.00615
0.10	0.03753	-0.00071	0.03717	-0.00206
0.10	-0.00646	0.01260	0.00451	0.00891
0.10	0.02852	-0.00810	0.02253	-0.00386
0.10	0.05966	-0.00812	0.05042	-0.00706
0.10	0.02685	0.00460	0.03267	0.00173
0.10	0.06991	0.03711	0.06061	0.02827
0.10	0.03659	0.02172	0.04256	0.02335
0.10	0.04547	0.03030	0.04475	0.02858
0.10	0.03226	0.00947	0.03541	0.01429
0.10	0.02213	-0.00698	0.02543	-0.00169
0.10	0.00579	0.03459	0.01063	0.02565
0.10	0.04087	-0.01890	0.03333	-0.00780
0.10	0.08753	0.07206	0.07400	0.05212
0.10	0.05094	0.03411	0.05671	0.03861
0.10	0.04994	0.03355	0.05163	0.03481
0.10	0.02360	0.00354	0.03052	0.01127
0.10	0.00708	0.00719	0.01294	0.00821
0.10	0.03919	0.02623	0.03268	0.02176
0.10	0.06086	0.00136	0.05385	0.00643
0.10	0.02087	0.00541	0.02906	0.00566
0.10	0.04564	0.09201	0.04151	0.07053
0.10	0.06335	-0.00416	0.05791	0.01447
0.10	0.03584	0.02565	0.04137	0.02285
0.10	0.00577	-0.00082	0.01454	0.00501
0.10	0.02481	0.01328	0.02225	0.01122
0.10	0.05330	0.01032	0.04552	0.01055
0.10	0.02655	0.00324	0.03130	0.00507
0.10	0.03253	-0.03986	0.03223	-0.02879
0.10	0.05207	0.02736	0.04707	0.01323
0.10	0.11132	-0.03341	0.09547	-0.02190
0.10	0.01357	0.01155	0.03410	0.00316
0.10	-0.00660	0.02421	0.00356	0.01896
0.10	0.04371	0.00544	0.03372	0.00881
0.10	0.06367	0.00464	0.05629	0.00567
0.10	0.10396	0.01304	0.09202	0.01120
0.10	0.03883	0.02434	0.05199	0.02109
0.10	0.06015	-0.00051	0.05811	0.00489
0.10	0.05727	0.00257	0.05748	0.00315
0.10	0.02974	0.02311	0.03664	0.01815
0.10	0.00191	0.01090	0.01056	0.01271
0.10	0.05237	0.00940	0.04197	0.01022
0.10	0.06296	-0.01809	0.05773	-0.01103
0.10	0.00590	0.01636	0.01882	0.00953
0.10	0.04007	0.02397	0.03484	0.02041
0.10	0.05274	0.03317	0.04826	0.02998
0.10	0.04811	0.00551	0.04815	0.01162
0.10	0.01442	0.01527	0.02277	0.01436
0.10	0.04565	0.01022	0.03991	0.01126
0.10	0.04478	0.03898	0.04357	0.03208
0.10	-0.11301	-0.06080	-0.07441	-0.03790
0.10	0.07685	0.04989	0.03921	0.02804
0.10	0.03242	0.01773	0.03412	0.02031
0.10	0.02123	0.01242	0.02445	0.01440
0.10	0.01345	0.00759	0.01617	0.00927
0.10	0.02824	0.01675	0.02520	0.01487
0.10	0.06933	-0.03009	0.05832	-0.01887
0.10	0.04642	-0.01122	0.04936	-0.01311
0.10	0.03782	0.01612	0.04069	0.00884
0.10	0.04766	0.02673	0.04591	0.02224
0.10	0.03446	-0.01957	0.03728	-0.00927
0.10	0.01162	-0.01191	0.01803	-0.01125
0.10	0.02781	-0.01297	0.02539	-0.01254
0.10	0.05477	-0.00061	0.04744	-0.00359
0.10	0.07324	-0.02827	0.06676	-0.02207
0.10	0.01253	-0.01129	0.02598	-0.01397
0.10	0.04733	-0.02201	0.04200	-0.02000
0.10	0.05608	-0.00233	0.05260	-0.00669
0.10	0.01124	-0.00807	0.02157	-0.00773
0.10	-0.00984	-0.04773	-0.00203	-0.03778
0.10	0.07310	-0.05722	0.05434	-0.05236
0.10	0.05105	-0.00656	0.05188	-0.01804
0.10	0.08736	-0.01298	0.07853	-0.01424
0.10	0.01781	-0.03126	0.03291	-0.02703
0.10	0.07454	-0.01577	0.06427	-0.01855
0.10	0.05606	-0.01400	0.05812	-0.01514
0.10	-0.03468	-0.01059	-0.01158	-0.01172
0.10	0.01913	-0.00774	0.01152	-0.00873
0.10	0.05904	0.00478	0.04726	0.00143
0.10	0.09211	-0.00619	0.08093	-0.00429
0.10	0.01391	-0.01300	0.03067	-0.01082
0.10	0.05591	0.03674	0.04966	0.02496
0.10	0.04195	0.03010	0.04390	0.02881
0.10	0.01475	0.01318	0.02200	0.01706
0.10	-0.00761	-0.01161	-0.00025	-0.00449
0.10	0.06190	-0.00940	0.04642	-0.00818
0.10	0.04547	0.00178	0.04570	-0.00067
0.10	0.00057	0.00105	0.01184	0.00062
0.10	0.04699	0.02578	0.03823	0.01951
0.10	0.02890	0.01900	0.03124	0.01913
0.10	0.01051	0.01662	0.01561	0.01724
0.10	0.02996	0.01765	0.02635	0.01755
0.10	0.05876	0.04451	0.05075	0.03784
0.10	0.04457	0.00354	0.04611	0.01208
0.10	0.04998	0.00360	0.04901	0.00573
0.10	0.05179	0.08513	0.05109	0.06531
0.10	0.04027	0.02450	0.04294	0.03454
0.10	0.03590	0.00269	0.03767	0.01068
0.10	0.00449	-0.00074	0.01278	0.00211
0.10	0.03054	-0.00435	0.02613	-0.00275
0.10	0.01715	0.02595	0.01938	0.01884
0.10	0.02653	-0.00637	0.02475	-0.00009
0.10	0.00924	0.01740	0.01313	0.01301
0.10	0.03121	0.07461	0.02674	0.05938
0.10	0.06047	-0.02417	0.05206	-0.00333
0.10	0.00164	0.01197	0.01412	0.00818
0.10	0.05088	0.00734	0.04161	0.00755
0.10	0.04575	0.01173	0.04473	0.01070
0.10	0.06554	-0.03155	0.06035	-0.02101
0.10	0.01388	0.00034	0.02555	-0.00502
0.10	0.03360	-0.01842	0.03160	-0.01509
0.10	0.09102	0.00191	0.07622	-0.00232
0.10	0.02293	0.03498	0.03610	0.02577
0.10	0.02335	0.06573	0.02654	0.05574
0.10	0.04013	0.01942	0.03674	0.02847
0.10	0.06387	-0.02747	0.05710	-0.01351
0.10	0.05657	-0.00626	0.05670	-0.00805
0.10	0.00963	0.01964	0.02144	0.01270
0.10	0.05338	0.01094	0.04542	0.01138
0.10	0.04919	0.01975	0.04826	0.01768
0.10	-0.01247	0.03377	0.00266	0.02976
0.10	0.03275	0.03560	0.02519	0.03414
0.10	0.04315	-0.01916	0.03868	-0.00589
0.10	0.05865	0.01093	0.05368	0.00675
0.10	0.01366	0.00250	0.02354	0.00355
0.10	0.03357	0.00434	0.03107	0.00414
0.10	0.04632	0.02951	0.04252	0.02318
0.10	0.04415	0.00579	0.04374	0.01015
0.10	0.01373	0.02321	0.02114	0.01998
0.10	0.04332	0.01432	0.03775	0.01574
0.10	0.05893	0.00599	0.05366	0.00842
0.10	0.01237	0.00215	0.02259	0.00370
0.10	0.03787	0.02292	0.03406	0.01813
0.10	0.03839	0.04071	0.03730	0.03507
0.10	0.03541	0.00200	0.03588	0.01028
0.10	-0.01704	-0.00701	-0.00402	-0.00276
0.10	0.02639	0.00415	0.01874	0.00241
0.10	0.07429	-0.03068	0.06047	-0.02245
0.10	0.04131	0.00114	0.04607	-0.00472
0.10	0.03163	0.01240	0.03520	0.00816
0.10	0.03203	0.01305	0.03283	0.01182
0.10	0.04957	0.00974	0.04543	0.01026
0.10	0.04904	-0.01045	0.04814	-0.00528
0.10	-0.00517	-0.03963	0.00808	-0.03109
0.10	0.04850	-0.02695	0.03835	-0.02799
0.10	0.06976	-0.02837	0.06205	-0.02827
0.10	0.01247	-0.03114	0.02485	-0.03042
0.10	0.02391	-0.00360	0.02414	-0.01034
0.10	0.06797	-0.02398	0.05704	-0.02058
0.10	0.02074	-0.00699	0.02973	-0.01036
0.10	-0.01098	-0.01432	-0.00093	-0.01334
0.10	-0.10684	-0.28046	-0.08037	-0.21369
0.10	0.04852	-0.02439	0.01636	-0.07162
0.10	0.05343	-0.02718	0.04427	-0.03816
0.10	0.03008	-0.00427	0.03365	-0.01280
0.10	0.04853	-0.01871	0.04482	-0.01724
0.10	0.04179	0.01554	0.04254	0.00744
0.10	0.01988	-0.00429	0.02556	-0.00135
0.10	-0.25778	-0.13611	-0.18746	-0.10266
0.10	0.06261	0.00046	0.00027	-0.02525
0.10	0.04045	-0.01935	0.03053	-0.02080
0.10	0.05841	0.01557	0.05145	0.00649
0.10	0.05382	0.01568	0.05323	0.01339
0.10	0.06566	-0.01073	0.06254	-0.00468
0.10	0.01506	0.02249	0.02688	0.01573
0.10	0.01239	0.01225	0.01598	0.01311
0.10	0.03241	-0.02050	0.02829	-0.01208
0.10	0.03478	-0.02233	0.03317	-0.01978
0.10	0.03742	-0.00539	0.03637	-0.00895
0.10	0.05023	0.02244	0.04678	0.01462
0.10	0.05616	0.03289	0.05382	0.02833
0.10	0.04919	-0.00205	0.05035	0.00556
0.10	0.00720	0.01557	0.01782	0.01310
0.10	0.03151	0.03279	0.02806	0.02783
0.10	0.09631	-0.02139	0.07936	-0.00917
0.10	0.01244	0.01428	0.02902	0.00847
0.10	0.01002	0.00923	0.01474	0.00904
0.10	0.04658	0.00289	0.03864	0.00443
0.10	0.03400	0.03314	0.03517	0.02594
0.10	0.00091	0.00012	0.00932	0.00646
0.10	0.02033	0.01456	0.01759	0.01254
0.10	0.05600	-0.02228	0.04638	-0.01356
0.10	0.04580	0.00992	0.04595	0.00405
0.10	0.00514	0.00905	0.01522	0.00781
0.10	0.03578	0.07127	0.03062	0.05533
0.10	0.04019	0.03701	0.03780	0.04158
0.10	0.03344	0.00461	0.03452	0.01378
0.10	0.01654	-0.00163	0.02102	0.00220
0.10	0.05334	0.00852	0.04529	0.00695
0.10	0.04583	0.00222	0.04570	0.00339
0.10	-0.00422	-0.01267	0.00823	-0.00867
0.10	0.03485	0.02106	0.02823	0.01367
0.10	0.05412	0.00532	0.04763	0.00741
0.10	0.01689	0.00298	0.02459	0.00409
0.10	-0.02116	0.00792	-0.00988	0.00698
0.10	0.04893	0.00324	0.03435	0.00417
0.10	0.06623	-0.02415	0.05823	-0.01704
0.10	0.05429	0.00111	0.05527	-0.00342
0.10	0.04382	0.01598	0.04665	0.01118
0.10	0.06288	0.00598	0.05884	0.00727
0.10	0.05205	0.01578	0.05374	0.01366
0.10	0.01733	0.02783	0.02635	0.02432
0.10	0.03055	0.02842	0.02950	0.02740
0.10	0.05481	-0.02638	0.04844	-0.01286
0.10	0.02544	0.02076	0.03112	0.01246
0.10	0.03747	0.02692	0.03588	0.02329
0.10	0.05458	0.01277	0.04993	0.01538
0.10	0.04261	-0.01132	0.04442	-0.00472
0.10	0.04160	0.01034	0.04230	0.00660
0.10	-0.00717	-0.00061	0.00509	0.00118
0.10	0.04342	-0.03023	0.03383	-0.02237
0.10	0.06953	-0.02138	0.06063	-0.02163
0.10	0.01168	0.00460	0.02391	-0.00195
0.10	0.03819	0.03313	0.03463	0.02439
0.10	0.05844	-0.00292	0.05256	0.00383
0.10	0.05037	0.00066	0.05091	0.00145
0.10	0.01612	0.00664	0.02487	0.00534
0.10	0.03705	0.00401	0.03405	0.00434
0.10	0.00415	0.21429	0.01165	0.16167
0.10	0.00418	-0.00821	0.00604	0.03419
0.10	0.05010	0.02208	0.03928	0.02505
0.10	0.06777	0.01596	0.06062	0.01824
0.10	0.02604	0.00334	0.03468	0.00706
0.10	0.01769	-0.03013	0.02187	-0.02097
0.10	0.03811	-0.01486	0.03403	-0.01640
0.10	0.06773	-0.01509	0.05932	-0.01541
0.10	0.09547	-0.07946	0.08653	-0.06362
0.10	-0.10846	-0.03510	-0.06016	-0.04217
0.10	0.05831	0.01638	0.02870	0.00175
0.10	0.06540	-0.02488	0.05619	-0.01821
0.10	0.05403	-0.01648	0.05457	-0.01691
0.10	0.01335	-0.03418	0.02360	-0.02989
0.10	0.06913	-0.00699	0.05792	-0.01262
0.10	0.07356	-0.01092	0.06964	-0.01135
0.10	0.06913	-0.03047	0.06926	-0.02569
0.10	0.01841	-0.00482	0.03106	-0.01001
0.10	0.05254	0.02071	0.04718	0.01304
0.10	0.06783	-0.01597	0.06272	-0.00880
0.10	0.01944	-0.01256	0.03030	-0.01162
0.10	0.02292	-0.00269	0.02475	-0.00490
0.10	0.06357	-0.03648	0.05389	-0.02861
0.10	0.04863	-0.00227	0.04993	-0.00877
0.10	0.01859	-0.02166	0.02642	-0.01844
0.10	0.02806	0.00524	0.02765	-0.00065
0.10	0.05882	0.02386	0.05101	0.01772
0.10	0.00971	0.01364	0.01989	0.01464
0.10	0.01795	0.01685	0.01843	0.01630
0.10	0.05079	-0.00163	0.04278	0.00281
0.10	0.03448	0.03993	0.03654	0.03071
0.10	0.05661	-0.00839	0.05156	0.00145
0.10	0.04525	0.02080	0.04682	0.01598
0.10	0.04817	0.00422	0.04784	0.00715
0.10	0.01565	0.02940	0.02360	0.02390
0.10	0.00705	0.03376	0.01118	0.03130
0.10	0.03084	0.01367	0.02594	0.01806
0.10	0.05425	-0.00370	0.04726	0.00168
0.10	0.07608	0.00114	0.06881	0.00127
0.10	0.05634	0.00984	0.05944	0.00771
0.10	0.04591	0.03619	0.04925	0.02915
0.10	0.03884	0.02880	0.04144	0.02889
0.10	-0.01169	0.01896	0.00164	0.02145
0.10	0.02010	0.00307	0.01556	0.00759
0.10	0.04391	-0.00359	0.03684	-0.00080
0.10	0.06129	-0.01360	0.05517	-0.01040
0.10	0.03028	0.01907	0.03649	0.01172
0.10	0.02608	0.01436	0.02867	0.01370
0.10	-0.04291	0.03754	-0.02521	0.03165
0.10	0.05572	-0.00365	0.03545	0.00519
0.10	0.01411	0.00774	0.01944	0.00710
0.10	0.04128	0.01001	0.03586	0.00929
0.10	0.03785	-0.00613	0.03736	-0.00227
0.10	0.05354	0.01404	0.04949	0.00996
0.10	0.01186	0.00671	0.02113	0.00751
0.10	0.05074	0.05015	0.04330	0.03944
0.10	0.04732	0.03606	0.04632	0.03690
0.10	0.03243	0.00887	0.03589	0.01585
0.10	0.02901	0.02454	0.03072	0.02238
0.10	0.06523	0.00306	0.05660	0.00789
0.10	0.04338	-0.00279	0.04667	-0.00013
0.10	0.01078	0.02914	0.01966	0.02190
0.10	0.05254	0.02627	0.04435	0.02518
0.10	0.06845	0.03136	0.06247	0.02982
0.10	0.02419	0.04147	0.03377	0.03855
0.10	-0.02171	0.01874	-0.00788	0.02367
0.10	0.06131	0.01750	0.04411	0.01904
0.10	0.04359	0.01689	0.04372	0.01743
0.10	0.00882	0.02057	0.01753	0.01979
0.10	0.01147	0.01015	0.01298	0.01255
0.10	0.05285	0.04595	0.04300	0.03770
0.10	0.03873	0.03524	0.03979	0.03585
0.10	-0.02369	-0.00924	-0.00780	0.00205
0.10	0.03616	0.00720	0.02520	0.00592
0.10	0.05101	0.01108	0.04456	0.00979
0.10	0.04463	0.00948	0.04461	0.00956
0.10	0.00598	0.00403	0.01568	0.00542
0.10	0.05050	0.02402	0.04188	0.01942
0.10	0.05927	-0.01143	0.05494	-0.00373
0.10	0.02524	0.00022	0.03268	-0.00077
0.10	-0.00447	-0.00172	0.00476	-0.00148
0.10	0.05540	-0.03430	0.04290	-0.02620
0.10	0.01248	0.04769	0.02009	0.02920
0.10	0.01989	-0.02488	0.01994	-0.01140
0.10	-0.01060	0.08808	-0.00302	0.06338
0.10	0.04947	0.02103	0.03641	0.03157
0.10	0.02748	-0.01761	0.02969	-0.00541
0.10	0.00730	-0.02981	0.01293	-0.02368
0.10	0.03501	-0.01140	0.02949	-0.01446
0.10	0.10722	0.01341	0.08803	0.00652
0.10	0.03272	-0.01606	0.04660	-0.01039
0.10	0.02690	-0.02103	0.03177	-0.01840
0.10	0.10778	0.11936	0.08876	0.08489
0.10	0.04280	-0.01527	0.05416	0.00948
0.10	0.04377	-0.03052	0.04637	-0.02050
0.10	-0.01147	-0.01490	0.00288	-0.01629
0.10	0.05196	-0.04228	0.03972	-0.03580
0.10	0.06758	-0.06122	0.06070	-0.05495
0.10	0.01662	-0.02412	0.02764	-0.03182
0.10	0.00370	-0.02723	0.00965	-0.02837
0.10	0.05195	0.02651	0.04139	0.01280
0.10	0.06449	-0.01389	0.05869	-0.00719
0.10	0.01269	-0.00965	0.02414	-0.00904
0.10	0.02838	-0.01652	0.02733	-0.01466
0.10	0.07304	0.00339	0.06176	-0.00107
0.10	0.02579	0.00468	0.03479	0.00325
0.10	-0.00263	-0.00825	0.00673	-0.00538
0.10	0.04164	0.02510	0.03300	0.01755
0.10	0.05679	-0.00215	0.05088	0.00274
0.10	0.03673	0.00209	0.04025	0.00225
0.10	0.01756	-0.00486	0.02320	-0.00309
0.10	0.02611	-0.02219	0.02538	-0.01743
0.10	0.09499	-0.03357	0.07760	-0.02954
0.10	0.00674	0.00369	0.02440	-0.00459
0.10	0.02563	-0.00177	0.02533	-0.00247
0.10	0.05268	0.04745	0.04583	0.03494
0.10	0.04513	0.00598	0.04530	0.01320
0.10	-0.00568	-0.00130	0.00689	0.00228
0.10	0.02237	0.03888	0.01848	0.02969
0.10	0.03884	-0.01608	0.03377	-0.00468
0.10	0.01196	-0.00077	0.01734	-0.00173
0.10	0.00847	-0.01068	0.01068	-0.00845
0.10	0.04553	0.03574	0.03682	0.02470
0.10	0.09757	-0.15806	0.08237	-0.11233
0.10	0.03329	0.01005	0.04537	-0.02008
0.10	0.02610	0.01705	0.03096	0.00768
0.10	0.04307	-0.00210	0.04007	0.00032
0.10	0.07636	-0.01090	0.06731	-0.00810
0.10	0.02917	0.00858	0.03859	0.00446
0.10	0.04980	0.03979	0.04699	0.03091
0.10	0.05017	0.03202	0.04938	0.03174
0.10	0.00076	0.06230	0.01279	0.05474
0.10	0.00310	0.01746	0.00550	0.02671
0.10	0.10059	-0.00810	0.07683	0.00060
0.10	0.07899	-0.00717	0.07845	-0.00524
0.10	0.03623	0.01261	0.04681	0.00814
0.10	-0.02416	-0.01151	-0.00671	-0.00667
0.10	0.05010	0.03081	0.03583	0.02139
0.10	0.06959	-0.00438	0.06121	0.00202
0.10	0.03400	0.00512	0.04079	0.00435
0.10	-0.00709	0.00640	0.00476	0.00589
0.10	0.03399	0.01206	0.02667	0.01051
0.10	0.01141	0.01625	0.01520	0.01482
0.10	0.01556	0.02021	0.01547	0.01887
0.10	0.02309	0.01057	0.02119	0.01265
0.10	0.06314	0.00428	0.05273	0.00635
0.10	0.02723	0.02543	0.03360	0.02066
0.10	0.00473	0.01071	0.01194	0.01319
0.10	0.02159	-0.00290	0.01919	0.00111
0.10	0.04883	0.01647	0.04147	0.01266
0.10	0.05036	-0.00231	0.04817	0.00138
0.10	0.30079	-0.00322	0.23760	-0.00207
0.10	0.05047	0.03914	0.09679	0.02894
0.10	0.05662	0.02847	0.06672	0.02858
0.10	0.02221	0.03027	0.03323	0.02986
0.10	0.01538	0.05683	0.01983	0.05010
0.10	0.04601	0.01310	0.03950	0.02230
0.10	0.06252	-0.01154	0.05677	-0.00308
0.10	0.02592	0.00134	0.03352	0.00025
0.10	0.02798	0.01640	0.02938	0.01233
0.10	0.03920	0.02335	0.03676	0.02061
0.10	0.02590	0.00088	0.02859	0.00577
0.10	0.00791	0.00510	0.01306	0.00526
0.10	0.06230	-0.00299	0.05002	-0.00093
0.10	0.05260	-0.01349	0.05196	-0.01039
0.10	-0.00116	-0.01044	0.01224	-0.01043
0.10	0.18047	0.13784	0.13862	0.10095
0.10	0.08197	-0.01093	0.09601	0.01681
0.10	0.03204	-0.01731	0.04800	-0.00880
0.10	0.01309	-0.01283	0.02170	-0.01183
0.10	0.02831	-0.05993	0.02665	-0.04785
0.10	0.07057	-0.03425	0.05962	-0.03764
0.10	0.03528	-0.02125	0.04129	-0.02530
0.10	0.02345	-0.02015	0.02794	-0.02145
0.10	0.04672	0.01721	0.04210	0.00769
0.10	0.06994	-0.02945	0.06296	-0.02014
0.10	0.04936	-0.01493	0.05275	-0.01623
0.10	0.00808	-0.03293	0.01918	-0.02878
0.10	0.06195	-0.04136	0.05130	-0.03823
0.10	0.07572	-0.03338	0.06968	-0.03458
0.10	0.07801	-0.02774	0.07593	-0.02945
0.10	0.00156	-0.03359	0.02005	-0.03256
0.10	0.06283	-0.01065	0.05216	-0.01612
0.10	0.04573	0.01167	0.04732	0.00480
0.10	0.10732	0.06214	0.09234	0.04783
0.10	0.02127	0.00268	0.03896	0.01392
0.10	0.05820	0.00484	0.05337	0.00712
0.10	0.02594	-0.00576	0.03270	-0.00259
0.10	0.19116	-0.04171	0.15149	-0.03191
0.10	0.05922	0.00697	0.08207	-0.00266
0.10	0.06279	-0.01356	0.06764	-0.01082
0.10	0.00684	-0.00875	0.02192	-0.00927
0.10	-0.00401	-0.01065	0.00243	-0.01031
0.10	0.03473	-0.00570	0.02668	-0.00685
0.10	0.04051	0.00229	0.03706	0.00000
0.10	0.00960	0.00610	0.01636	0.00460
0.10	0.04529	0.02654	0.03808	0.02107
0.10	0.02842	0.03654	0.03084	0.03266
0.10	0.05336	0.00818	0.04774	0.01430
0.10	0.01357	0.01359	0.02202	0.01377
0.10	0.04335	-0.04389	0.03801	-0.02944
0.10	0.03505	0.01408	0.03579	0.00323
0.10	0.02909	0.01907	0.03074	0.01516
0.10	0.01244	0.00045	0.01701	0.00412
0.10	0.04406	0.03961	0.03729	0.03073
0.10	0.01330	0.03251	0.01922	0.03207
0.10	-0.00333	0.01563	0.00231	0.01974
0.10	0.04215	-0.01181	0.03225	-0.00397
0.10	0.06293	0.00466	0.05522	0.00249
0.10	0.03046	0.00499	0.03662	0.00437
0.10	0.02827	0.01237	0.03034	0.01039
0.10	0.08139	-0.03637	0.06863	-0.02469
0.10	0.04151	0.02854	0.04820	0.01541
0.10	-0.00534	0.00233	0.00807	0.00561
0.10	-0.00098	-0.02064	0.00127	-0.01410
0.10	0.06453	-0.03550	0.04873	-0.03016
0.10	0.03245	0.01740	0.03647	0.00565
0.10	0.04390	-0.01304	0.04205	-0.00838
0.10	0.02347	0.00359	0.02809	0.00061
0.10	0.12586	-0.02120	0.10136	-0.01574
0.10	0.07279	-0.03582	0.07985	-0.03086
0.10	-0.02507	0.01969	0.00114	0.00706
0.10	0.02350	-0.02160	0.01795	-0.01448
0.10	0.05996	-0.01896	0.04944	-0.01784
0.10	0.04494	-0.00286	0.04606	-0.00660
0.10	0.04770	0.03425	0.04729	0.02405
0.10	0.06781	0.04062	0.06275	0.03654
0.10	0.05173	0.03545	0.05450	0.03573
0.10	0.00781	-0.03357	0.01940	-0.01638
0.10	0.02912	0.01222	0.02670	0.00510
0.10	0.06721	-0.00252	0.05717	-0.00063
0.10	0.02613	0.01989	0.03389	0.01476
0.10	-0.17946	0.10006	-0.12644	0.07886
0.10	0.03377	-0.00117	-0.00608	0.01874
0.10	0.04533	0.00180	0.03247	0.00604
0.10	0.03914	0.00958	0.03748	0.00869
0.10	0.02223	0.00083	0.02600	0.00277
0.10	0.04394	-0.03819	0.03945	-0.02794
0.10	0.05485	0.01136	0.05101	0.00156
0.10	0.02017	-0.00607	0.02776	-0.00419
0.10	0.03065	-0.13052	0.02993	-0.09904
0.10	0.05021	0.02734	0.04513	-0.00435
0.10	0.04916	0.00039	0.04816	-0.00079
0.10	-0.01233	-0.00966	0.00264	-0.00747
0.10	0.01184	-0.01771	0.00954	-0.01514
0.10	0.06346	-0.02940	0.05006	-0.02586
0.10	0.04437	-0.02620	0.04578	-0.02611
0.10	0.01730	0.00727	0.02438	-0.00103
0.10	0.06371	-0.01265	0.05388	-0.00975
0.10	0.06175	-0.01409	0.05977	-0.01300
0.10	0.02763	-0.01341	0.03563	-0.01331
0.10	0.02566	-0.00850	0.02814	-0.00970
0.10	0.06267	-0.00030	0.05411	-0.00263
0.10	0.06093	-0.01086	0.05924	-0.00881
0.10	0.06416	-0.02112	0.06293	-0.01804
0.10	0.02919	-0.00127	0.03760	-0.00545
0.10	0.04987	0.01207	0.04683	0.00773
0.10	0.07177	0.02449	0.06554	0.02031
0.10	0.02365	-0.03159	0.03410	-0.01864
0.10	-0.02786	-0.06932	-0.01252	-0.05677
0.10	0.06546	-0.01406	0.04609	-0.02467
0.10	0.05995	-0.01470	0.05651	-0.01718
0.10	0.01301	0.01163	0.02391	0.00442
0.10	0.03612	-0.02209	0.03310	-0.01553
0.10	0.06745	-0.01696	0.05890	-0.01661
0.10	0.05108	0.01041	0.05305	0.00361
0.10	0.02476	0.02234	0.03179	0.01769
0.10	0.04923	-0.04595	0.04493	-0.03026
0.10	0.06201	0.01028	0.05775	0.00017
0.10	0.00504	-0.00292	0.01830	-0.00214
0.10	0.03732	0.00179	0.03258	0.00081
0.10	0.05789	0.01636	0.05168	0.01254
0.10	0.04773	-0.00818	0.04872	-0.00299
0.10	0.01159	0.00468	0.02086	0.00277
0.10	0.01179	0.05702	0.01405	0.04349
0.10	0.06203	0.00850	0.05018	0.01714
0.10	0.05411	-0.00749	0.05313	-0.00135
0.10	0.04038	0.01316	0.04359	0.00951
0.10	0.05455	0.02312	0.05184	0.01976
0.10	0.04087	0.02766	0.04360	0.02569
0.10	0.02330	0.01357	0.02839	0.01661
0.10	-0.00058	0.00551	0.00654	0.00824
0.10	0.04464	-0.02866	0.03514	-0.01946
0.10	0.09372	-0.12057	0.07907	-0.09529
0.10	-0.04024	-0.05459	-0.01048	-0.06474
0.10	0.04450	0.01785	0.03086	-0.00264
0.10	0.04014	0.03796	0.03784	0.02787
0.10	0.01480	0.03157	0.02051	0.03065
0.10	0.01703	0.02308	0.01791	0.02499
0.10	0.04902	0.00574	0.04138	0.01047
0.10	0.03463	0.01250	0.03633	0.01199
0.10	0.02521	0.01460	0.02799	0.01395
0.10	0.02815	0.02456	0.02811	0.02192
0.10	-0.05611	0.09492	-0.03528	0.07686
0.10	0.03330	0.00463	0.01618	0.02266
0.10	-0.02620	-0.00006	-0.01573	0.00555
0.10	0.05311	-0.00161	0.03588	0.00018
0.10	0.04471	0.00073	0.04251	0.00059
0.10	0.01352	0.00408	0.02071	0.00322
0.10	0.03896	0.01855	0.03442	0.01473
0.10	0.05962	0.03776	0.05333	0.03202
0.10	0.04439	0.01065	0.04663	0.01601
0.10	-0.02492	0.02225	-0.00727	0.02071
0.10	0.01828	-0.00139	0.01191	0.00412
0.10	0.07436	0.04280	0.05879	0.03316
0.10	0.03441	-0.00885	0.04053	0.00168
0.10	-0.01768	-0.01133	-0.00314	-0.00808
0.10	0.06767	0.03511	0.05011	0.02440
0.10	0.05985	0.03619	0.05742	0.03325
0.10	-0.00605	0.04125	0.00979	0.03925
0.10	-0.00209	0.01644	0.00085	0.02208
0.10	0.04665	0.01059	0.03521	0.01346
0.10	0.03834	0.01360	0.03756	0.01356
0.10	0.03809	0.01306	0.03796	0.01318
0.10	0.02750	0.01866	0.03008	0.01731
0.10	0.05703	0.03069	0.05032	0.02736
0.10	0.02837	0.03446	0.03386	0.03268
0.10	0.01965	0.02728	0.02320	0.02863
0.10	0.02934	-0.02705	0.02781	-0.01323
0.10	0.02731	-0.23309	0.02743	-0.17865
0.10	0.00704	0.01271	0.01210	-0.03471
0.10	0.03207	-0.00159	0.02710	-0.00983
0.10	0.05012	0.01515	0.04439	0.00893
0.10	0.03292	0.01835	0.03579	0.01599
0.10	-0.01694	-0.00184	-0.00380	0.00261
0.10	0.02997	-0.00690	0.02159	-0.00454
0.10	0.04541	-0.00925	0.03948	-0.00808
0.10	0.05837	-0.01523	0.05363	-0.01343
0.10	0.01713	0.00487	0.02620	0.00032
0.10	0.06482	0.01260	0.05518	0.00954
0.10	0.05742	-0.01132	0.05686	-0.00617
0.10	0.02343	-0.00761	0.03177	-0.00725
0.10	0.02329	-0.01851	0.02540	-0.01571
0.10	0.07552	-0.00022	0.06311	-0.00406
0.10	0.05156	-0.04495	0.05444	-0.03476
0.10	0.06141	-0.02210	0.05967	-0.02525
0.10	0.02440	-0.00586	0.03317	-0.01068
0.10	0.08426	0.00327	0.07138	-0.00025
0.10	0.01015	0.00616	0.02528	0.00457
0.10	0.13219	-0.04842	0.10557	-0.03523
0.10	0.02784	-0.02710	0.04721	-0.02912
0.10	0.06883	-0.02222	0.06342	-0.02394
0.10	0.05621	-0.00894	0.05799	-0.01265
0.10	0.01126	-0.02470	0.02289	-0.02170
0.10	0.06279	0.00017	0.05287	-0.00527
0.10	0.05102	0.02824	0.05149	0.01984
0.10	0.05280	-0.01165	0.05247	-0.00376
0.10	-0.03630	-0.05914	-0.01450	-0.04554
0.10	0.03054	-0.00431	0.01922	-0.01467
0.10	0.04158	0.01423	0.03603	0.00706
0.10	0.02850	-0.02030	0.03037	-0.01350
0.10	0.00927	0.00209	0.01457	-0.00183
0.10	0.06462	-0.02172	0.05228	-0.01681
0.10	0.03554	0.00571	0.03971	0.00009
0.10	0.03595	-0.00582	0.03690	-0.00434
0.10	0.01898	0.00742	0.02345	0.00449
0.10	0.05263	0.00688	0.04536	0.00628
0.10	0.02118	0.00229	0.02715	0.00328
0.10	-0.00456	-0.01592	0.00335	-0.01113
0.10	0.04979	0.02490	0.03826	0.01595
0.10	0.02713	0.03943	0.02989	0.03361
0.10	0.04209	0.01162	0.03901	0.01716
0.10	0.00233	-0.00413	0.01143	0.00115
0.10	0.03063	-0.00760	0.02590	-0.00545
0.10	0.03776	-0.00245	0.03480	-0.00320
0.10	-0.00831	0.01986	0.00246	0.01410
0.10	0.10925	0.04586	0.08260	0.03794
0.10	0.04975	0.02948	0.05795	0.03159
0.10	0.06706	0.02120	0.06481	0.02376
0.10	0.01637	0.01886	0.02849	0.02008
0.10	0.03694	0.01306	0.03485	0.01480
0.10	0.06553	-0.02648	0.05790	-0.01622
0.10	0.01768	0.00664	0.02781	0.00088
0.10	0.01870	0.01877	0.02097	0.01433
0.10	0.09333	0.02083	0.07527	0.01921
0.10	0.05062	-0.00244	0.05668	0.00288
0.10	0.03487	0.00947	0.04036	0.00781
0.10	0.01159	-0.00205	0.01875	0.00040
0.10	0.06133	-0.02778	0.05072	-0.02076
0.10	0.03940	0.00717	0.04220	0.00027
0.10	0.03802	-0.01556	0.03906	-0.01161
0.10	0.10258	0.05216	0.08675	0.03627
0.10	0.11143	0.19054	0.10527	0.15199
0.10	0.04870	0.00441	0.06268	0.04089
0.10	-0.00262	0.00597	0.01370	0.01469
0.10	0.02921	-0.02719	0.02536	-0.01679
0.10	0.06291	0.00709	0.05349	0.00110
0.10	0.02576	0.02160	0.03268	0.01648
0.10	0.04091	0.06685	0.03887	0.05438
0.10	0.10805	-0.09932	0.09081	-0.06100
0.10	0.04889	0.03626	0.05930	0.01209
0.10	-0.01937	0.04728	0.00035	0.03846
0.10	0.03019	-0.00178	0.02276	0.00824
0.10	0.04313	0.01166	0.03808	0.01081
0.10	0.02365	0.01590	0.02726	0.01463
0.10	0.06914	0.05437	0.05876	0.04452
0.10	0.05220	0.02746	0.05383	0.03171
0.10	0.02810	0.05369	0.03446	0.04825
0.10	0.03452	0.00813	0.03451	0.01812
0.10	0.02877	0.01113	0.03021	0.01289
0.10	0.06000	0.04595	0.05265	0.03779
0.10	0.03917	0.00741	0.04253	0.01499
0.10	0.03927	0.00549	0.04009	0.00787
0.10	0.04759	0.00840	0.04572	0.00827
0.10	0.04280	-0.00195	0.04352	0.00058
0.10	0.01565	0.01564	0.02261	0.01188
0.10	0.00082	-0.01096	0.00620	-0.00533
0.10	0.03354	-0.02970	0.02668	-0.02358
0.10	0.10064	-0.04873	0.08225	-0.04248
0.10	0.01798	-0.00402	0.03387	-0.01353
0.10	0.03445	-0.00609	0.03431	-0.00797
0.10	0.06840	-0.01406	0.06000	-0.01256
0.10	0.03512	0.00863	0.04136	0.00332
0.10	0.02194	-0.00997	0.02678	-0.00666
0.10	0.03432	-0.01552	0.03244	-0.01332
0.10	0.08301	-0.04822	0.07046	-0.03955
0.10	0.06706	-0.02941	0.06790	-0.03193
0.10	0.04029	-0.01415	0.04720	-0.01860
0.10	0.03994	0.00163	0.04174	-0.00337
0.10	0.06498	-0.02271	0.05917	-0.01787
0.10	0.05255	-0.02894	0.05421	-0.02616
0.10	0.00498	-0.04556	0.01711	-0.04078
0.10	0.04782	-0.00942	0.04011	-0.01729
0.10	0.06952	-0.04019	0.06219	-0.03448
0.10	0.06291	-0.00544	0.06273	-0.01265
0.10	0.01564	-0.02540	0.02742	-0.02221
0.10	0.04303	0.00733	0.03917	0.00003
0.10	0.05903	0.01716	0.05408	0.01289
0.10	0.05047	-0.00909	0.05137	-0.00364
0.10	0.02784	0.00709	0.03376	0.00439
0.10	0.11767	0.10273	0.09707	0.07860
0.10	0.08233	-0.25877	0.08602	-0.17428
0.10	0.08841	0.01623	0.08781	-0.03149
0.10	0.03471	0.02196	0.04793	0.00866
0.10	0.06667	0.02088	0.06205	0.01787
0.10	0.00865	0.01791	0.02204	0.01790
0.10	-0.01501	0.00121	-0.00575	0.00538
0.10	0.04003	0.01419	0.02868	0.01201
0.10	0.05018	0.00451	0.04478	0.00639
0.10	0.01926	-0.00002	0.02560	0.00157
0.10	0.02073	0.01424	0.02194	0.01109
0.10	0.06253	0.01434	0.05239	0.01353
0.10	0.03782	0.02260	0.04141	0.02036
0.10	-0.00823	-0.00637	0.00415	0.00030
0.10	0.04535	0.00800	0.03510	0.00609
0.10	0.03983	0.02288	0.03865	0.01867
0.10	0.03924	-0.00431	0.03909	0.00143
0.10	0.04556	0.02222	0.04396	0.01709
0.10	0.04136	-0.00678	0.04201	-0.00079
0.10	0.06336	0.00165	0.05804	0.00104
0.10	-0.00689	0.02099	0.00916	0.01606
0.10	0.02552	0.01911	0.02144	0.01835
0.10	-0.02695	0.11301	-0.01489	0.08941
0.10	0.05398	0.00699	0.03677	0.02760
0.10	0.05001	0.00329	0.04673	0.00930
0.10	0.03427	0.01497	0.03737	0.01356
0.10	0.05089	0.02747	0.04751	0.02400
0.10	0.04651	-0.00232	0.04676	0.00419
0.10	0.00518	0.01740	0.01556	0.01410
0.10	0.19985	-0.04026	0.15409	-0.02676
0.10	-0.01544	-0.20993	0.02691	-0.16418
0.10	0.04845	0.00474	0.04306	-0.03756
0.10	0.01971	0.01398	0.02546	0.00129
0.10	0.04303	0.02263	0.03860	0.01725
0.10	0.05936	0.00642	0.05422	0.00911
0.10	0.01245	0.00824	0.02287	0.00846
0.10	0.00179	0.01525	0.00702	0.01357
0.10	0.04255	-0.01971	0.03366	-0.01139
0.10	0.04606	0.01554	0.04297	0.00884
0.10	0.02986	0.01097	0.03311	0.01044
0.10	0.02919	0.01725	0.03016	0.01556
0.10	0.04850	0.01354	0.04389	0.01405
0.10	0.02688	0.02985	0.03108	0.02594
0.10	0.02015	0.02920	0.02288	0.02839
0.10	0.04228	0.01775	0.03745	0.02040
0.10	0.06076	0.01071	0.05494	0.01313
0.10	0.02288	0.02045	0.03089	0.01862
0.10	0.01011	0.00951	0.01529	0.01178
0.10	0.06134	0.03999	0.04996	0.03302
0.10	0.03808	0.07411	0.04103	0.06389
0.10	-0.00214	0.01612	0.00855	0.02795
0.10	0.02104	0.00964	0.01793	0.01421
0.10	0.03944	0.02660	0.03408	0.02351
0.10	0.03122	0.00776	0.03193	0.01170
0.10	0.00060	0.00605	0.00843	0.00746
0.10	0.03472	-0.01521	0.02819	-0.00958
0.10	0.03654	0.02748	0.03447	0.01828
0.10	0.01781	-0.00560	0.02194	0.00032
0.10	0.02080	-0.00518	0.02109	-0.00382
0.10	0.04972	-0.03921	0.04257	-0.03038
0.10	0.04960	-0.01611	0.04784	-0.01969
0.10	0.03796	-0.00336	0.04042	-0.00743
0.10	0.03390	0.00405	0.03552	0.00120
0.10	0.04494	0.01430	0.04259	0.01103
0.10	0.04873	-0.01464	0.04721	-0.00827
0.10	-0.11057	-0.03141	-0.07146	-0.02567
0.10	0.05132	-0.01274	0.02067	-0.01597
0.10	0.09291	-0.02433	0.07481	-0.02224
0.10	0.13802	0.01138	0.12226	0.00300
0.10	0.00620	-0.00993	0.03511	-0.00671
0.10	0.05349	0.00637	0.04894	0.00314
0.10	0.03731	0.00079	0.04022	0.00138
0.10	0.03656	-0.02551	0.03747	-0.01881
0.10	0.02737	-0.01819	0.02988	-0.01835
0.10	0.06053	-0.00599	0.05294	-0.00905
0.10	0.07697	-0.02964	0.07098	-0.02451
0.10	0.16704	-0.07109	0.14311	-0.05948
0.10	0.03631	0.01189	0.06284	-0.00585
0.10	0.03778	-0.09365	0.04408	-0.07161
0.10	0.05228	-0.01051	0.05023	-0.02578
0.10	-0.02767	-0.01085	-0.00848	-0.01453
0.10	0.12754	0.08708	0.09339	0.06157
0.10	0.04654	0.00296	0.05818	0.01752
0.10	0.01192	-0.00223	0.02343	0.00269
0.10	0.02010	0.01258	0.02093	0.01013
0.10	0.06158	0.02873	0.05143	0.02409
0.10	0.03272	-0.00771	0.03741	0.00024
0.10	0.02181	0.00184	0.02565	0.00145
0.10	0.03235	0.00960	0.03068	0.00756
0.10	0.05515	-0.02766	0.04904	-0.01887
0.10	0.02182	0.00958	0.02861	0.00249
0.10	0.05282	0.04595	0.04684	0.03522
0.10	0.07561	-0.04400	0.06838	-0.02410
0.10	0.03692	0.02697	0.04473	0.01430
0.10	0.01250	0.00029	0.02049	0.00376
0.10	0.03195	0.00042	0.02910	0.00125
0.10	0.03704	0.01091	0.03506	0.00850
0.10	0.06204	0.00695	0.05527	0.00734
0.10	0.03467	0.01064	0.03981	0.00982
0.10	0.02362	0.02684	0.02765	0.02260
0.10	0.06169	-0.00239	0.05325	0.00380
0.10	0.03616	0.00922	0.04041	0.00787
0.10	0.02148	0.02116	0.02617	0.01786
0.10	0.00857	0.08760	0.01297	0.07017
0.10	0.06169	-0.02905	0.04956	-0.00435
0.10	0.01596	-0.02140	0.02428	-0.01718
0.10	0.02790	0.02168	0.02698	0.01187
0.10	0.01311	-0.08864	0.01651	-0.06396
0.10	0.05171	-0.00661	0.04288	-0.02099
0.10	-0.01126	0.01721	0.00223	0.00769
0.10	0.02743	-0.04704	0.02116	-0.03342
0.10	0.12416	0.21101	0.09844	0.14998
0.10	0.05066	0.00774	0.06247	0.04288
0.10	0.02304	0.01960	0.03290	0.02542
0.10	0.04201	-0.01675	0.03975	-0.00629
0.10	0.04815	0.03389	0.04604	0.02380
0.10	0.04523	0.00514	0.04543	0.00973
0.10	0.01600	0.00694	0.02340	0.00764
0.10	0.06198	-0.00810	0.05249	-0.00422
0.10	0.05921	0.02034	0.05751	0.01414
0.10	0.03863	0.01135	0.04331	0.01204
0.10	0.04231	0.02720	0.04255	0.02344
0.10	0.05797	0.03999	0.05410	0.03583
0.10	0.04054	0.01306	0.04389	0.01868
0.10	0.01876	0.02251	0.02502	0.02156
0.10	0.04506	0.02181	0.04007	0.02174
0.10	0.03939	-0.07222	0.03956	-0.04886
0.10	0.01225	0.00061	0.01907	-0.01175
0.10	0.02315	0.02557	0.02213	0.01626
0.10	0.04772	-0.00783	0.04139	-0.00187
0.10	0.03837	0.04150	0.03912	0.03072
0.10	0.03925	0.02366	0.03922	0.02543
0.10	0.02133	-0.00221	0.02579	0.00469
0.10	0.04189	0.00901	0.03787	0.00793
0.10	-0.01949	-0.00183	-0.00537	0.00057
0.10	0.03649	0.02293	0.02602	0.01734
0.10	0.06510	0.01215	0.05538	0.01344
0.10	0.04989	0.02710	0.05126	0.02370
0.10	-0.05576	0.07556	-0.02926	0.06272
0.10	0.00074	0.00549	-0.00684	0.01995
0.10	0.04531	-0.03784	0.03249	-0.02362
0.10	0.00584	-0.01388	0.01251	-0.01632
0.10	0.00105	-0.01484	0.00390	-0.01521
0.10	0.02802	0.00535	0.02202	0.00023
0.10	0.06661	0.00427	0.05552	0.00327
0.10	0.02256	0.00570	0.03076	0.00510
0.10	0.01037	-0.02654	0.01549	-0.01860
0.10	0.04495	-0.05018	0.03769	-0.04240
0.10	0.05038	-0.01053	0.04720	-0.01852
0.10	0.07374	-0.02870	0.06712	-0.02616
0.10	0.00147	-0.03729	0.01780	-0.03452
0.10	0.04997	0.01770	0.04202	0.00480
0.10	0.05637	-0.01270	0.05277	-0.00831
0.10	0.12666	0.04306	0.10828	0.03028
0.10	0.00206	-0.05240	0.02850	-0.03182
0.10	0.06582	-0.05204	0.05646	-0.04697
0.10	0.13337	-0.01627	0.11444	-0.02383
0.10	0.03216	-0.02229	0.05266	-0.02267
0.10	0.03993	0.01102	0.04309	0.00266
0.10	0.06549	-0.01476	0.05985	-0.01037
0.10	0.03513	0.00492	0.04129	0.00110
0.10	-0.03083	-0.00275	-0.01303	-0.00180
0.10	0.05081	-0.00750	0.03484	-0.00607
0.10	0.06291	-0.03461	0.05592	-0.02751
0.10	0.02510	-0.02240	0.03273	-0.02367
0.10	0.03532	0.01757	0.03467	0.00730
0.10	0.05753	-0.00969	0.05183	-0.00546
0.10	0.04758	-0.00899	0.04865	-0.00811
0.10	0.01448	0.00704	0.02300	0.00326
0.10	0.06718	0.01166	0.05634	0.00960
0.10	0.05434	-0.02894	0.05484	-0.01929
0.10	0.01928	0.00550	0.02814	-0.00068
0.10	0.00722	0.00495	0.01240	0.00356
0.10	0.05896	-0.02560	0.04731	-0.01830
0.10	0.03944	0.02351	0.04140	0.01309
0.10	0.02092	0.00981	0.02605	0.01063
0.10	0.03960	0.00246	0.03628	0.00447
0.10	0.03973	0.02399	0.03887	0.01912
0.10	0.05897	-0.01030	0.05394	-0.00293
0.10	0.01223	0.00656	0.02267	0.00419
0.10	0.04646	0.04489	0.04054	0.03477
0.10	0.04206	0.00880	0.04168	0.01520
0.10	0.03218	0.03009	0.03456	0.02637
0.10	0.01355	0.01989	0.01881	0.02151
0.10	0.03843	0.01792	0.03357	0.01881
0.10	0.07688	0.00304	0.06609	0.00697
0.10	0.04180	0.01337	0.04783	0.01178
0.10	0.04878	0.02016	0.04854	0.01808
0.10	0.07315	-0.01396	0.06700	-0.00595
0.10	0.03918	0.01005	0.04610	0.00607
0.10	0.04164	0.00441	0.04275	0.00482
0.10	0.01270	0.02051	0.02017	0.01661
0.10	0.06833	-0.00094	0.05631	0.00344
0.10	0.06417	-0.01990	0.06220	-0.01406
0.10	0.01662	-0.00696	0.02802	-0.00873
0.10	0.05488	-0.00896	0.04819	-0.00890
0.10	0.05344	0.03203	0.05214	0.02195
0.10	0.02383	0.02492	0.03094	0.02417
0.10	-0.01633	0.02423	-0.00452	0.02422
0.10	0.01960	0.01702	0.01362	0.01881
0.10	0.04127	0.00280	0.03444	0.00675
0.10	0.00893	0.02290	0.01531	0.01886
0.10	0.04250	0.00973	0.03575	0.01200
0.10	0.06812	0.03250	0.06000	0.02736
0.10	0.09460	0.00396	0.08602	0.00977
0.10	0.00664	0.03585	0.02637	0.02937
0.10	0.02555	0.01907	0.02575	0.02163
0.10	0.06611	0.00215	0.05608	0.00699
0.10	0.04753	-0.00365	0.04966	-0.00099
0.10	0.00312	-0.00711	0.01471	-0.00558
0.10	0.03029	-0.00178	0.02641	-0.00272
0.10	0.04291	0.03388	0.03879	0.02473
0.10	0.02663	0.02802	0.02967	0.02720
0.10	-0.00590	0.00835	0.00290	0.01301
0.10	0.04165	0.01862	0.03194	0.01722
0.10	0.03534	0.01110	0.03450	0.01262
0.10	0.02002	0.00476	0.02359	0.00670
0.10	0.02498	0.01646	0.02464	0.01403
0.10	0.04862	0.02987	0.04261	0.02590
0.10	0.06219	0.00062	0.05730	0.00693
0.10	0.00782	0.00449	0.02002	0.00509
0.10	0.03461	-0.06514	0.03095	-0.04750
0.10	0.06562	-0.03168	0.05697	-0.03563
0.10	0.03167	-0.02314	0.03791	-0.02622
0.10	0.01706	-0.13118	0.02225	-0.10505
0.10	0.07517	0.00459	0.06192	-0.02287
0.10	0.03669	-0.01932	0.04290	-0.02019
0.10	0.02205	-0.01498	0.02725	-0.01628
0.10	0.01265	-0.04322	0.01632	-0.03644
0.10	0.05197	-0.02972	0.04309	-0.03140
0.10	0.08859	-0.00476	0.07732	-0.01136
0.10	-0.00157	-0.02785	0.01812	-0.02373
0.10	0.03575	-0.00024	0.03140	-0.00604
0.10	0.04884	-0.01168	0.04450	-0.01028
0.10	0.06323	-0.01906	0.05858	-0.01688
0.10	0.00344	-0.04039	0.01723	-0.03451
0.10	0.00110	-0.03630	0.00515	-0.03585
0.10	0.10616	0.16005	0.08121	0.11166
0.10	0.11477	-0.00835	0.10636	0.02173
0.10	-0.02650	-0.07003	0.00658	-0.04718
0.10	0.03857	0.00662	0.03061	-0.00675
0.10	0.05150	0.02738	0.04628	0.01885
0.10	0.04655	0.00318	0.04648	0.00706
0.10	0.00337	-0.01003	0.01413	-0.00576
0.10	0.03062	-0.01860	0.02652	-0.01541
0.10	0.05896	0.00849	0.05084	0.00250
0.10	0.10704	-0.17931	0.09319	-0.13450
0.10	0.08112	0.12064	0.08414	0.05667
0.10	0.04337	-0.01282	0.05346	0.00438
0.10	0.03442	0.02410	0.03916	0.01919
0.10	0.01229	0.01336	0.01895	0.01481
0.10	0.04441	0.00388	0.03798	0.00664
0.10	0.04587	0.01085	0.04391	0.00981
0.10	0.04508	0.01079	0.04479	0.01055
0.10	0.00687	0.00220	0.01632	0.00428
0.10	0.03138	-0.00668	0.02763	-0.00395
0.10	0.04976	0.03149	0.04421	0.02260
0.10	0.04010	0.00861	0.04112	0.01209
0.10	0.02224	0.00038	0.02691	0.00328
0.10	0.02828	0.00599	0.02794	0.00532
0.10	0.03803	-0.00492	0.03551	-0.00237
0.10	0.02481	-0.00409	0.02748	-0.00366
0.10	0.01564	0.00081	0.01859	-0.00030
0.10	0.04608	0.03778	0.03920	0.02825
0.10	0.04755	0.00346	0.04549	0.00957
0.10	0.02133	0.02219	0.02737	0.01903
0.10	0.02846	-0.02044	0.02819	-0.01066
0.10	0.04325	-0.01262	0.03945	-0.01213
0.10	0.05008	0.00493	0.04744	0.00070
0.10	-0.16003	-0.04356	-0.10845	-0.03256
0.10	0.08667	0.06381	0.03808	0.03981
0.10	0.08760	-0.00675	0.07520	0.00491
0.10	0.02435	0.00664	0.03690	0.00621
0.10	0.01772	-0.05058	0.02250	-0.03645
0.10	0.04283	0.02566	0.03775	0.01016
0.10	0.01609	-0.00677	0.02145	-0.00258
0.10	-0.00110	0.01322	0.00452	0.00928
0.10	0.04402	0.02713	0.03406	0.02263
0.10	0.09126	-0.02607	0.07711	-0.01403
0.10	0.04813	0.00528	0.05537	0.00046
0.10	0.01638	0.01771	0.02603	0.01344
0.10	0.03804	-0.01265	0.03503	-0.00611
0.10	0.01849	0.03463	0.02260	0.02451
0.10	0.03887	0.00691	0.03483	0.01128
0.10	0.03533	0.02989	0.03521	0.02525
0.10	0.06764	0.01778	0.05948	0.01966
0.10	0.03242	0.00404	0.03909	0.00789
0.10	0.04755	0.06353	0.04544	0.04964
0.10	0.03939	0.03144	0.04090	0.03598
0.10	0.05278	0.01145	0.04983	0.01755
0.10	0.02285	0.02178	0.02960	0.02072
0.10	0.02760	0.00765	0.02809	0.01088
0.10	0.05292	0.03300	0.04677	0.02752
0.10	-0.01851	0.04403	-0.00230	0.03993
0.10	0.03024	0.01719	0.02206	0.02290
0.10	0.02223	0.02039	0.02219	0.02101
0.10	0.04319	-0.01672	0.03796	-0.00732
0.10	0.06271	-0.01048	0.05661	-0.00970
0.10	0.01766	0.01459	0.02739	0.00852
0.10	0.03920	0.02785	0.03627	0.02306
0.10	0.06067	-0.00687	0.05461	0.00057
0.10	0.02765	0.00767	0.03443	0.00589
0.10	0.01956	0.01415	0.02326	0.01209
0.10	0.10480	-0.04863	0.08473	-0.03369
0.10	0.08040	-0.07428	0.08148	-0.06413
0.10	-0.00985	-0.02126	0.01291	-0.03194
0.10	0.02189	-0.02231	0.01966	-0.02470
0.10	0.06514	-0.02081	0.05382	-0.02178
0.10	0.04429	-0.01256	0.04669	-0.01488
0.10	-0.22736	-0.07433	-0.15936	-0.05957
0.10	0.03746	-0.01377	-0.01167	-0.02520
0.10	0.04935	-0.00776	0.03429	-0.01206
0.10	0.02780	-0.01895	0.02942	-0.01723
0.10	0.02494	-0.00500	0.02605	-0.00804
0.10	0.05242	0.01923	0.04582	0.01240
0.10	0.06033	0.00202	0.05674	0.00459
0.10	0.04043	-0.02082	0.04449	-0.01449
0.10	0.02357	-0.01601	0.02878	-0.01563
0.10	0.07663	-0.04409	0.06463	-0.03695
0.10	0.08548	-0.03576	0.08035	-0.03606
0.10	-0.00723	-0.02522	0.01487	-0.02795
0.10	0.03650	0.01127	0.03113	0.00152
0.10	0.06083	0.02579	0.05346	0.01976
0.10	0.01567	0.00917	0.02510	0.01182
0.10	0.01282	-0.00465	0.01585	-0.00058
0.10	0.03592	-0.04913	0.03089	-0.03697
0.10	0.05922	0.00342	0.05216	-0.00664
0.10	0.01024	-0.00188	0.02061	-0.00305
0.10	0.03306	-0.00490	0.02996	-0.00444
0.10	0.06562	0.04055	0.05674	0.02935
0.10	-0.16961	0.06231	-0.11294	0.05406
0.10	0.00009	0.00746	-0.02813	0.01909
0.10	0.01753	-0.02656	0.00616	-0.01519
0.10	0.03337	-0.00407	0.02666	-0.00681
0.10	0.04890	-0.00476	0.04336	-0.00527
0.10	0.03601	0.01068	0.03785	0.00668
0.10	0.03029	0.01397	0.03219	0.01214
0.10	0.04029	0.01915	0.03830	0.01743
0.10	0.00103	0.01763	0.01037	0.01758
0.10	0.04251	0.13823	0.03450	0.10814
0.10	0.04773	-0.02373	0.04443	0.00916
0.10	0.08325	-0.01133	0.07367	-0.00627
0.10	0.04382	0.01826	0.05128	0.01213
0.10	0.02601	0.00192	0.03229	0.00446
0.10	0.10817	0.02589	0.08931	0.02056
0.10	0.01041	0.02182	0.03007	0.02150
0.10	0.01481	0.00002	0.01865	0.00542
0.10	0.05416	-0.00066	0.04541	0.00084
0.10	0.06207	-0.04207	0.05792	-0.03138
0.10	0.05008	-0.00178	0.05205	-0.00922
0.10	-0.00027	0.00116	0.01274	-0.00142
0.10	0.04537	0.00483	0.03723	0.00327
0.10	0.03638	0.02581	0.03659	0.02024
0.10	-0.00697	-0.00186	0.00388	0.00364
0.10	0.02338	0.00862	0.01852	0.00738
0.10	0.05875	-0.02592	0.04865	-0.01756
0.10	0.07281	-0.01361	0.06687	-0.01459
0.10	0.01574	0.00958	0.02855	0.00353
0.10	0.06417	0.04461	0.05524	0.03431
0.10	0.06159	0.02729	0.06001	0.02903
0.10	0.00174	0.02963	0.01622	0.02948
0.10	-0.00600	-0.00638	-0.00048	0.00253
0.10	0.07058	0.00655	0.05287	0.00555
0.10	0.06402	-0.02345	0.06124	-0.01621
0.10	0.03556	0.01889	0.04190	0.01023
0.10	0.02692	0.00382	0.03068	0.00543
0.10	0.06820	0.01629	0.05886	0.01359
0.10	0.04221	0.00714	0.04633	0.00874
0.10	0.02084	0.02734	0.02719	0.02271
0.10	0.03931	-0.01161	0.03630	-0.00309
0.10	0.07895	-0.00463	0.06830	-0.00425
0.10	0.02357	0.00068	0.03470	-0.00055
0.10	-0.02064	-0.09848	-0.00697	-0.07429
0.10	0.05907	0.03206	0.04257	0.00549
0.10	-0.02193	0.05198	-0.00585	0.04039
0.10	0.01432	0.02755	0.00928	0.03076
0.10	0.02813	0.03541	0.02343	0.03425
0.10	0.05510	-0.02636	0.04728	-0.01141
0.10	0.05323	0.00197	0.05175	-0.00136
0.10	0.03790	0.01064	0.04138	0.00763
0.10	0.04280	-0.01694	0.04245	-0.01087
0.10	0.05321	-0.00700	0.05053	-0.00797
0.10	-0.00387	0.00109	0.00973	-0.00118
0.10	-0.00491	-0.02117	-0.00127	-0.01619
0.10	0.08417	-0.05062	0.06280	-0.04200
0.10	0.06146	0.00178	0.06179	-0.00903
0.10	0.03366	-0.02971	0.04067	-0.02456
0.10	0.00938	-0.00949	0.01715	-0.01323
0.10	0.05927	-0.01671	0.04879	-0.01585
0.10	0.05149	-0.01156	0.05081	-0.01264
0.10	0.01343	-0.02513	0.02269	-0.02204
0.10	0.05603	-0.02413	0.04770	-0.02360
0.10	0.06782	-0.01731	0.06285	-0.01886
0.10	0.02767	-0.04859	0.03644	-0.04118
0.10	0.03436	-0.01650	0.03488	-0.02264
0.10	0.06701	-0.02545	0.05894	-0.02475
0.10	0.07404	-0.02123	0.07032	-0.02210
0.10	0.00633	-0.01215	0.02226	-0.01463
0.10	0.02172	-0.01208	0.02185	-0.01273
0.10	0.05263	-0.02870	0.04500	-0.02474
0.10	0.04949	-0.00583	0.04837	-0.01054
0.10	-0.01552	-0.02560	0.00043	-0.02184
0.10	0.05385	0.00407	0.04064	-0.00233
0.10	0.06328	-0.01105	0.05764	-0.00888
0.10	0.01488	-0.00036	0.02549	-0.00247
0.10	0.00332	-0.01864	0.00889	-0.01458
0.10	0.05571	-0.05725	0.04405	-0.04662
0.10	0.04156	-0.01914	0.04217	-0.02589
0.10	-0.00350	-0.00601	0.00795	-0.01099
0.10	0.00824	-0.01086	0.00817	-0.01089
0.10	0.06898	0.02185	0.05384	0.01370
0.10	0.03831	-0.00698	0.04214	-0.00187
0.10	0.01474	0.00462	0.02157	0.00300
0.10	0.04972	-0.00663	0.04273	-0.00424
0.10	0.02222	-0.07161	0.02736	-0.05472
0.10	0.02989	0.00855	0.02926	-0.00720
0.10	0.04256	0.08073	0.03926	0.05892
0.10	0.06444	0.02250	0.05814	0.03161
0.10	0.16514	-0.03935	0.13839	-0.02161
0.10	0.01039	0.00948	0.04239	0.00171
0.10	0.02336	0.00935	0.02809	0.00745
0.10	0.03518	0.00908	0.03343	0.00868
0.10	0.02473	0.01096	0.02690	0.01039
0.10	0.01137	0.00796	0.01526	0.00857
0.10	0.03416	0.02642	0.02948	0.02200
0.10	0.05421	0.05495	0.04806	0.04676
0.10	0.03409	0.01516	0.03756	0.02300
0.10	0.01897	0.02534	0.02360	0.02476
0.10	0.05657	-0.02235	0.04836	-0.01062
0.10	0.05126	0.00782	0.05053	0.00319
0.10	0.01220	0.00888	0.02176	0.00746
0.10	0.17667	0.12806	0.13814	0.09806
0.10	0.06312	-0.00491	0.08172	0.02062
0.10	0.09302	0.00176	0.09021	0.00645
0.10	0.02627	0.00887	0.04211	0.00827
0.10	0.06044	-0.00777	0.05585	-0.00375
0.10	0.04511	-0.02032	0.04779	-0.01620
0.10	0.04133	-0.00184	0.04293	-0.00539
0.10	0.01522	-0.00574	0.02211	-0.00565
0.10	0.06199	-0.00692	0.05206	-0.00660
0.10	0.03955	0.02433	0.04269	0.01657
0.10	0.00573	0.01914	0.01497	0.01850
0.10	0.14315	0.07812	0.11169	0.06349
0.10	0.12675	0.20099	0.12300	0.16669
0.10	0.03652	0.01608	0.05821	0.05385
0.10	-0.00507	0.01003	0.01076	0.02099
0.10	0.05198	0.00292	0.04173	0.00742
0.10	0.06461	0.02102	0.05896	0.01766
0.10	-0.00364	0.03155	0.01196	0.02809
0.10	0.02901	0.00809	0.02473	0.01311
0.10	0.05019	-0.02644	0.04384	-0.01657
0.10	0.06069	-0.02004	0.05651	-0.01918
0.10	0.01893	0.00359	0.02822	-0.00204
0.10	0.03343	0.02405	0.03212	0.01751
0.10	0.05684	0.03613	0.05068	0.03149
0.10	0.03358	-0.00164	0.03780	0.00652
0.10	0.01576	0.01955	0.02127	0.01630
0.10	0.04662	0.00778	0.04030	0.00991
0.10	0.03253	-0.01076	0.03448	-0.00557
0.10	0.07035	-0.00314	0.06143	-0.00374
0.10	0.12397	0.02817	0.10845	0.02025
0.10	0.03377	0.01804	0.05222	0.01858
0.10	-0.22520	0.07577	-0.15578	0.06146
0.10	0.05248	0.01860	0.00043	0.02931
0.10	0.02805	-0.00248	0.02117	0.00544
0.10	0.04041	0.00319	0.03565	0.00375
0.10	0.04790	-0.00283	0.04485	-0.00119
0.10	0.06537	0.00200	0.06023	0.00120
0.10	0.02724	-0.03050	0.03541	-0.02265
0.10	0.04463	-0.01041	0.04233	-0.01347
0.10	0.04603	-0.01395	0.04512	-0.01383
0.10	-0.00875	-0.04039	0.00464	-0.03379
0.10	0.07872	-0.01178	0.06023	-0.01727
0.10	0.04055	-0.01108	0.04548	-0.01263
0.10	0.07306	-0.02020	0.06617	-0.01831
0.10	0.00425	-0.04310	0.01965	-0.03694
0.10	0.02369	0.04689	0.02269	0.02617
0.10	0.06875	-0.02569	0.05722	-0.01270
0.10	0.04758	0.00274	0.04998	-0.00110
0.10	-0.11425	-0.06286	-0.07333	-0.04747
0.10	0.07854	-0.05360	0.04058	-0.05207
0.10	0.06508	-0.01256	0.05903	-0.02231
0.10	0.00707	-0.02186	0.02000	-0.02197
0.10	0.02066	-0.03149	0.02050	-0.02912
0.10	0.09148	-0.00164	0.07369	-0.00853
0.10	0.02239	0.01018	0.03524	0.00550
0.10	-0.01495	-0.00330	-0.00261	-0.00113
0.10	-0.09737	-0.13569	-0.07364	-0.10200
0.10	0.05304	-0.00007	0.02165	-0.02532
0.10	0.01720	-0.00297	0.01831	-0.00854
0.10	0.00108	-0.00841	0.00542	-0.00845
0.10	0.05293	-0.00372	0.04121	-0.00489
0.10	0.03372	0.00836	0.03559	0.00506
0.10	0.00768	0.02075	0.01469	0.01681
0.10	0.00156	-0.03660	0.00479	-0.02349
0.10	0.06375	-0.00348	0.04885	-0.00854
0.10	0.01441	0.01024	0.02289	0.00561
0.10	0.02863	0.01283	0.02719	0.01103
0.10	0.04712	0.02702	0.04219	0.02306
0.10	0.02638	0.03803	0.03036	0.03426
0.10	0.00219	0.01487	0.00918	0.01969
0.10	0.03117	0.00035	0.02571	0.00515
0.10	0.01535	0.06305	0.01794	0.04858
0.10	0.03253	0.01376	0.02894	0.02234
0.10	0.04427	0.01452	0.04044	0.01647
0.10	0.02267	-0.00372	0.02710	0.00131
0.10	0.05618	-0.00857	0.04888	-0.00609
0.10	0.01543	0.01829	0.02365	0.01230
0.10	0.03685	0.01866	0.03353	0.01706
0.10	0.04684	0.01283	0.04351	0.01389
0.10	0.06898	0.00397	0.06272	0.00641
0.10	0.01175	0.00800	0.02460	0.00760
0.10	0.01640	-0.01126	0.01843	-0.00658
0.10	0.04562	0.01875	0.03884	0.01243
0.10	0.09468	-0.00904	0.08093	-0.00375
0.10	0.01838	0.01647	0.03409	0.01139
0.10	-0.00300	0.01790	0.00620	0.01629
0.10	0.01033	0.04488	0.00930	0.03773
0.10	0.03426	-0.01500	0.02810	-0.00200
0.10	0.01487	0.01262	0.01819	0.00896
0.10	0.02529	0.00305	0.02352	0.00452
0.10	0.04255	0.01454	0.03780	0.01204
0.10	0.03871	0.02783	0.03849	0.02393
0.10	-0.02542	0.01294	-0.00947	0.01568
0.10	0.03863	-0.01086	0.02668	-0.00427
0.10	0.05029	0.02012	0.04438	0.01402
0.10	0.05887	0.01845	0.05525	0.01734
0.10	0.02712	0.00920	0.03408	0.01121
0.10	-0.07526	-0.12365	-0.04799	-0.09001
0.10	0.06391	0.00278	0.03588	-0.02047
0.10	0.00487	0.03356	0.01257	0.02015
0.10	0.03355	0.03153	0.02833	0.02870
0.10	0.06807	0.00421	0.05819	0.01030
0.10	0.02930	0.03051	0.03650	0.02547
0.10	0.01655	0.00411	0.02152	0.00944
0.10	0.05592	0.07704	0.04744	0.06037
0.10	0.05284	-0.00438	0.05149	0.01178
0.10	0.04725	0.00629	0.04831	0.00766
0.10	0.01349	0.02101	0.02223	0.01766
0.10	0.02788	-0.00224	0.02648	0.00267
0.10	0.03272	-0.00694	0.03117	-0.00455
0.10	0.02493	-0.00096	0.02649	-0.00186
0.10	0.04561	0.08884	0.04085	0.06625
0.10	0.03368	0.00737	0.03545	0.02188
0.10	0.03312	0.02100	0.03370	0.02122
0.10	-0.01704	-0.00701	-0.00435	0.00005
0.10	0.03061	-0.01195	0.02196	-0.00898
0.10	0.06141	-0.00033	0.05158	-0.00248
0.10	0.02501	-0.00266	0.03166	-0.00261
0.10	0.00131	-0.01846	0.00885	-0.01452
0.10	0.06123	-0.02196	0.04814	-0.02010
0.10	0.10459	-0.02215	0.09065	-0.02164
0.10	0.04119	-0.00969	0.05350	-0.01267
0.10	-0.03483	-0.05114	-0.01290	-0.04159
0.10	0.06877	-0.01368	0.04821	-0.02070
0.10	0.07236	-0.02928	0.06636	-0.02715
0.10	-0.00449	-0.04217	0.01299	-0.03847
0.10	0.05582	0.04650	0.04510	0.02522
0.10	0.04097	0.01252	0.04201	0.01570
0.10	0.07722	0.01221	0.06852	0.01307
0.10	0.00652	-0.04537	0.02205	-0.03073
0.10	-0.03085	-0.15939	-0.01778	-0.12760
0.10	0.06030	-0.03725	0.04092	-0.05968
0.10	0.04617	-0.00674	0.04487	-0.01991
0.10	0.01531	-0.01949	0.02270	-0.01959
0.10	0.03429	-0.02483	0.03138	-0.02351
0.10	0.05047	-0.00461	0.04571	-0.00932
0.10	-0.12110	0.18982	-0.07969	0.14038
0.10	-0.00535	-0.00230	-0.02374	0.03300
0.10	0.06420	-0.05467	0.04226	-0.03279
0.10	0.04629	0.00257	0.04528	-0.00627
0.10	0.02105	0.00536	0.02704	0.00248
0.10	0.01909	0.00375	0.02108	0.00343
0.10	0.06515	0.02520	0.05415	0.01977
0.10	0.02053	0.00318	0.02884	0.00728
0.10	0.00078	-0.00468	0.00778	-0.00169
0.10	0.04008	0.00054	0.03195	-0.00002
0.10	0.05315	-0.02569	0.04791	-0.01934
0.10	0.04676	-0.00439	0.04704	-0.00810
0.10	0.05879	0.00643	0.05587	0.00282
0.10	0.06247	0.02086	0.06082	0.01635
0.10	0.04936	0.01703	0.05223	0.01686
0.10	-0.00061	-0.00102	0.01257	0.00344
0.10	0.02538	0.01375	0.02223	0.01121
0.10	0.05014	-0.01893	0.04316	-0.01139
0.10	0.01213	0.09310	0.01986	0.06707
0.10	0.04650	0.02388	0.03982	0.03472
0.10	0.03169	0.02661	0.03370	0.02862
0.10	0.03996	0.03726	0.03840	0.03511
0.10	0.02443	0.01141	0.02789	0.01728
0.10	0.00374	0.06236	0.00976	0.05112
0.10	0.04850	-0.01148	0.03884	0.00413
0.10	0.02188	0.01433	0.02614	0.01176
0.10	0.03119	0.01156	0.02993	0.01161
0.10	0.05060	0.01472	0.04546	0.01395
0.10	0.06479	-0.00383	0.05999	0.00058
0.10	0.04899	0.00408	0.05173	0.00321
0.10	-0.01699	0.00019	0.00003	0.00094
0.10	0.05965	-0.00837	0.04474	-0.00604
0.10	0.08668	0.00306	0.07621	0.00079
0.10	0.01293	0.00677	0.02865	0.00528
0.10	0.00706	0.01195	0.01243	0.01029
0.10	0.06375	0.03431	0.05095	0.02832
0.10	0.04486	0.02833	0.04638	0.02833
0.10	0.01804	0.01270	0.02506	0.01657
0.10	0.02696	0.05944	0.02649	0.04875
0.10	0.06605	-0.00530	0.05620	0.00815
0.10	0.02802	0.02312	0.03496	0.01944
0.10	-0.00465	0.02108	0.00526	0.02067
0.10	0.05409	0.02981	0.04193	0.02753
0.10	0.05744	0.00642	0.05354	0.01173
0.10	0.07773	0.01016	0.07175	0.01055
0.10	-0.03655	0.04372	-0.00956	0.03546
0.10	0.04308	0.02226	0.03004	0.02553
0.10	0.06242	0.00698	0.05432	0.01162
0.10	0.02601	-0.01077	0.03305	-0.00521
0.10	0.04482	0.03557	0.04188	0.02538
0.10	-0.01698	0.13917	-0.00251	0.11119
0.10	0.12455	-0.02172	0.09286	0.01144
0.10	-0.02002	0.02868	0.00817	0.02438
0.10	0.01543	-0.02213	0.01362	-0.01055
0.10	0.05556	0.01051	0.04506	0.00524
0.10	0.05900	-0.00786	0.05553	-0.00460
0.10	0.04450	0.01395	0.04724	0.00935
0.10	0.05639	0.01788	0.05410	0.01574
0.10	0.04792	0.01660	0.04946	0.01639
0.10	-0.01677	-0.00154	-0.00047	0.00287
0.10	-0.00934	-0.01775	-0.00713	-0.01262
0.10	0.05848	-0.02580	0.04205	-0.02250
0.10	0.04419	-0.00308	0.04366	-0.00791
0.10	-0.00179	-0.01492	0.00960	-0.01317
0.10	0.04169	-0.01119	0.03378	-0.01168
0.10	0.07213	-0.02148	0.06252	-0.01902
0.10	0.06670	-0.01959	0.06565	-0.01945
0.10	-0.02137	-0.08700	0.00026	-0.07021
0.10	0.07204	-0.00789	0.05433	-0.02326
0.10	0.05984	-0.00733	0.05846	-0.01131
0.10	0.07202	-0.02874	0.06862	-0.02437
0.10	0.00351	-0.01117	0.01968	-0.01445
0.10	0.05877	-0.02457	0.04901	-0.02204
0.10	0.05180	-0.00185	0.05111	-0.00683
0.10	0.05145	-0.01817	0.05137	-0.01535
0.10	-0.00417	-0.04484	0.00964	-0.03751
0.10	0.04595	-0.02271	0.03687	-0.02641
0.10	0.01661	-0.00335	0.02161	-0.00904
0.10	0.00707	-0.02186	0.01074	-0.01862
0.10	0.02368	0.00018	0.02046	-0.00450
0.10	0.04488	0.00559	0.03886	0.00310
0.10	0.04057	-0.02366	0.04014	-0.01695
0.10	-0.02979	-0.01344	-0.01239	-0.01431
0.10	0.01098	-0.03882	0.00517	-0.03273
0.10	0.06590	-0.03071	0.05069	-0.03121
0.10	0.05590	-0.02389	0.05462	-0.02569
0.10	0.00196	-0.00527	0.01516	-0.01039
0.10	0.04700	-0.00678	0.03913	-0.00767
0.10	-0.00815	0.04842	0.00361	0.03446
0.10	0.15330	0.04871	0.11561	0.04512
0.10	0.00269	0.00314	0.03083	0.01360
0.10	0.03468	-0.00072	0.03372	0.00284
0.10	0.03955	0.00253	0.03811	0.00261
0.10	0.00760	-0.00096	0.01521	-0.00007
0.10	0.03485	-0.01300	0.02997	-0.00978
0.10	0.03711	0.03185	0.03532	0.02139
0.10	0.02792	0.02510	0.02976	0.02418
0.10	0.01682	-0.00700	0.02003	0.00074
0.10	0.03918	0.00355	0.03439	0.00285
0.10	0.05314	0.00417	0.04852	0.00385
0.10	0.00827	0.00978	0.01833	0.00829
0.10	0.03865	0.01280	0.03358	0.01167
0.10	0.05507	0.02698	0.04977	0.02321
0.10	0.01997	0.00781	0.02743	0.01166
0.10	0.01605	0.01913	0.01890	0.01726
0.10	0.03611	0.01034	0.03184	0.01206
0.10	0.06219	-0.02077	0.05468	-0.01264
0.10	0.00429	0.00430	0.01684	0.00008
0.10	0.02878	0.00330	0.02578	0.00249
0.10	0.04751	0.06169	0.04215	0.04709
0.10	0.08933	0.01557	0.07752	0.02347
0.10	0.02606	0.00738	0.03895	0.01141
0.10	0.02153	-0.00336	0.02580	0.00026
0.10	0.05736	0.00851	0.04947	0.00644
0.10	0.05865	-0.01202	0.05635	-0.00739
0.10	0.00708	0.00132	0.01938	-0.00086
0.10	0.05675	0.01137	0.04748	0.00834
0.10	0.06299	-0.00609	0.05915	-0.00252
0.10	0.03119	0.02376	0.03817	0.01721
0.10	0.01075	0.02562	0.01764	0.02350
0.10	0.04485	-0.02227	0.03814	-0.01097
0.10	0.05847	-0.04392	0.05342	-0.03574
0.10	-0.00242	0.01669	0.01163	0.00350
0.10	0.05368	0.02961	0.04329	0.02316
0.10	0.05871	0.02671	0.05487	0.02583
0.10	0.04261	0.01215	0.04567	0.01557
0.10	-0.00419	0.02953	0.00828	0.02604
0.10	0.16430	0.07900	0.12538	0.06579
0.10	0.04695	0.01766	0.06642	0.02961
0.10	0.03087	0.02405	0.03966	0.02542
0.10	0.01683	0.01906	0.02257	0.02066
0.10	0.05883	0.02601	0.04985	0.02468
0.10	-0.08423	0.08279	-0.05095	0.06837
0.10	0.03109	0.01468	0.01078	0.02797
0.10	0.02682	0.01860	0.02277	0.02097
0.10	0.03787	-0.00839	0.03411	-0.00109
0.10	0.06208	-0.01690	0.05519	-0.01300
0.10	0.02170	0.00340	0.03006	-0.00070
0.10	0.04184	0.02719	0.03892	0.02026
0.10	0.03773	0.02725	0.03803	0.02551
0.10	0.00905	0.01204	0.01633	0.01543
0.10	-0.00752	-0.01374	-0.00159	-0.00649
0.10	0.06091	-0.00372	0.04534	-0.00441
0.10	0.05253	-0.00098	0.05075	-0.00183
0.10	0.04141	-0.01785	0.04373	-0.01386
0.10	0.01145	0.00490	0.01959	0.00017
0.10	0.04067	0.00199	0.03542	0.00154
0.10	0.05350	-0.01030	0.04901	-0.00736
0.10	-0.01854	-0.03405	-0.00181	-0.02744
0.10	0.05469	-0.05488	0.04059	-0.04803
0.10	0.05519	-0.00966	0.05153	-0.01928
0.10	0.02630	-0.02159	0.03258	-0.02102
0.10	0.02696	0.00031	0.02836	-0.00500
0.10	0.07342	-0.02873	0.06226	-0.02285
0.10	0.06223	-0.02104	0.06224	-0.02149
0.10	-0.00682	-0.02789	0.01038	-0.02629
0.10	0.03723	-0.03273	0.03056	-0.03113
0.10	0.05739	-0.00565	0.05074	-0.01197
0.10	0.04406	-0.00833	0.04572	-0.00924
0.10	-0.01465	-0.02610	0.00043	-0.02189
0.10	0.04266	0.00611	0.03222	-0.00081
0.10	0.06283	-0.01052	0.05512	-0.00808
0.10	0.04177	-0.00303	0.04510	-0.00429
0.10	-0.00574	-0.02052	0.00680	-0.01652
