0.10	0.09297	0.06987	0.08194	0.04590
0.10	0.02928	0.08136	0.04690	0.06950
0.10	-0.01681	0.03690	0.00430	0.04770
0.10	0.06665	0.06402	0.04568	0.05853
0.10	0.02423	0.04089	0.03137	0.04677
0.10	-0.00413	0.00782	0.00764	0.02073
0.10	0.08117	-0.00944	0.05669	0.00061
0.10	0.11272	0.06825	0.09400	0.04565
0.10	0.04275	0.08031	0.05994	0.06869
0.10	-0.01233	0.05041	0.01179	0.05651
0.10	0.21486	0.16515	0.14703	0.12886
0.10	0.03645	0.05457	0.07308	0.07918
0.10	0.00164	0.02007	0.02552	0.03983
0.10	-0.00304	-0.01579	0.00642	0.00263
0.10	0.08897	0.04392	0.06122	0.03004
0.10	0.08468	0.07361	0.07686	0.05909
0.10	0.00275	0.05182	0.02734	0.05423
0.10	-0.01798	0.02008	-0.00287	0.03146
0.10	0.05717	0.08372	0.03712	0.06627
0.10	-0.00499	0.04926	0.00896	0.05489
0.10	0.00026	-0.03061	0.00317	-0.00207
0.10	-0.00090	0.02164	0.00045	0.01375
0.10	0.08729	0.07942	0.05812	0.05736
0.10	0.04119	0.06172	0.04685	0.06026
0.10	-0.01605	0.06013	0.00480	0.06017
0.10	0.22616	0.28386	0.15190	0.20882
0.10	0.01139	-0.13641	0.05816	-0.02151
0.10	-0.01120	-0.00166	0.01186	-0.00826
0.10	0.05019	-0.00891	0.03743	-0.00869
0.10	0.12076	0.03374	0.09291	0.01956
0.10	0.08179	0.07680	0.08551	0.05768
0.10	-0.02110	0.08344	0.01421	0.07491
0.10	0.01755	0.02382	0.01644	0.04082
0.10	0.04619	0.07574	0.03618	0.06399
0.10	-0.01761	0.05183	0.00013	0.05585
0.10	0.00722	-0.05225	0.00483	-0.01581
0.10	0.08721	0.02307	0.05984	0.01015
0.10	0.10554	0.08014	0.09032	0.05684
0.10	0.04069	0.06835	0.05724	0.06451
0.10	0.00378	0.04172	0.02164	0.04933
0.10	0.03317	0.05199	0.02935	0.05111
0.10	0.05678	0.22573	0.04766	0.16766
0.10	-0.00352	0.02007	0.01367	0.06967
0.10	0.04187	-0.02108	0.03259	0.00880
0.10	0.10688	0.06024	0.08203	0.04303
0.10	0.10273	-0.10897	0.09580	-0.05802
0.10	-0.01196	0.04631	0.02404	0.01145
0.10	0.02111	0.05145	0.02209	0.03812
0.10	0.03944	0.05616	0.03367	0.05016
0.10	-0.00045	0.05522	0.01089	0.05354
0.10	0.02454	-0.02992	0.02000	-0.00215
0.10	0.08880	0.05601	0.06581	0.03657
0.10	0.05736	0.05920	0.06020	0.05161
0.10	0.00235	0.02095	0.02143	0.03106
0.10	0.00588	0.03547	0.01105	0.03400
0.10	0.03801	0.04979	0.02891	0.04446
0.10	0.01326	-0.00969	0.01846	0.00831
0.10	0.05741	-0.04666	0.04448	-0.02842
0.10	0.07528	0.00837	0.06496	-0.00395
0.10	0.07982	0.06398	0.07490	0.04150
0.10	0.03373	0.03431	0.04751	0.03671
0.10	0.01718	0.03330	0.02728	0.03443
0.10	0.06060	0.07774	0.04945	0.06325
0.10	0.00252	0.03974	0.01808	0.04753
0.10	0.01060	-0.03579	0.01310	-0.00797
0.10	0.07842	-0.01513	0.05666	-0.01274
0.10	0.10900	0.05263	0.09142	0.03067
0.10	0.06168	0.06086	0.07151	0.05089
0.10	-0.00678	0.03135	0.01938	0.03788
0.10	0.03561	0.04271	0.03021	0.04111
0.10	0.03572	0.02553	0.03389	0.03072
0.10	0.04171	0.06437	0.03910	0.05314
0.10	0.03145	-0.01487	0.03399	0.00771
0.10	0.10908	0.04504	0.08391	0.03252
0.10	0.07494	0.07923	0.07794	0.06363
0.10	-0.00156	0.03411	0.02478	0.04389
0.10	0.00517	0.03721	0.01172	0.03944
0.10	0.07868	0.12838	0.05631	0.09866
0.10	0.00602	0.01764	0.02290	0.04484
0.10	-0.01958	-0.00393	-0.00555	0.01217
0.10	0.09230	-0.00108	0.05979	0.00332
0.10	0.06393	0.06368	0.06254	0.04341
0.10	0.02999	0.05886	0.04084	0.05371
0.10	-0.00811	0.03267	0.00816	0.03967
0.10	0.02701	0.03329	0.02068	0.03543
0.10	0.01165	0.02741	0.01463	0.03005
0.10	-0.00545	0.01446	0.00127	0.01969
0.10	0.05046	-0.01630	0.03403	-0.00428
0.10	0.09390	0.07108	0.07388	0.04588
0.10	0.03489	0.04672	0.04777	0.04644
0.10	0.01253	0.03580	0.02435	0.03937
0.10	0.04248	0.05391	0.03646	0.04908
0.10	0.01601	0.07521	0.02283	0.06650
0.10	-0.00115	0.01047	0.00681	0.02909
0.10	-0.00176	-0.01214	0.00109	0.00159
0.10	0.12046	0.06114	0.08059	0.04125
0.10	0.08161	0.07039	0.08127	0.06064
0.10	0.01728	0.08433	0.03853	0.07646
0.10	-0.02311	0.02628	-0.00258	0.04299
0.10	0.04803	0.07429	0.03114	0.06384
0.10	0.01509	0.03494	0.02048	0.04463
0.10	0.15803	-0.10293	0.11263	-0.05423
0.10	0.20711	0.10322	0.17560	0.05071
0.10	0.08352	0.06405	0.11439	0.05957
0.10	0.04634	0.08223	0.06919	0.07463
0.10	-0.03003	0.04846	0.00269	0.05709
0.10	0.04853	0.03632	0.03326	0.04324
0.10	0.01305	0.00669	0.01984	0.01896
0.10	0.00555	0.02469	0.01034	0.02277
0.10	0.01213	-0.02243	0.01153	-0.00747
0.10	0.23785	0.16639	0.16287	0.10879
0.10	0.10101	0.09281	0.12184	0.09819
0.10	0.00876	0.03872	0.04646	0.05854
0.10	0.01826	0.04027	0.02766	0.04637
0.10	-0.00587	0.07048	0.00529	0.06245
0.10	-0.00376	0.06480	-0.00075	0.06402
0.10	-0.02996	0.07399	-0.02019	0.07065
0.10	0.03802	0.00325	0.01863	0.02570
0.10	0.09098	0.08002	0.06696	0.06198
0.10	0.04027	0.07906	0.04920	0.07335
0.10	-0.00522	0.04805	0.01296	0.05650
0.10	0.02133	0.05793	0.01854	0.05746
0.10	0.10318	0.18929	0.07523	0.14575
0.10	0.00175	0.02843	0.02625	0.06755
0.10	-0.04336	0.05434	-0.01995	0.05878
0.10	0.12032	0.02826	0.07393	0.03835
0.10	0.07474	0.09960	0.07447	0.07920
0.10	0.00410	0.06258	0.02775	0.06817
0.10	0.02643	0.05264	0.02687	0.05783
0.10	-0.01201	0.03730	0.00084	0.04408
0.10	0.00659	0.02161	0.00466	0.02913
0.10	-0.00528	-0.02839	-0.00195	-0.00913
0.10	0.09430	0.02592	0.06241	0.01431
0.10	0.06957	0.08235	0.06718	0.05961
0.10	0.01199	0.03473	0.03026	0.04297
0.10	-0.00359	0.03648	0.00770	0.03864
0.10	0.05592	0.07808	0.03973	0.06484
0.10	0.00063	0.02328	0.01371	0.03718
0.10	0.02176	-0.03967	0.01910	-0.01426
0.10	0.09450	0.00267	0.06916	-0.00302
0.10	0.08926	0.06009	0.08263	0.03926
0.10	-0.07411	0.13384	-0.02155	0.10213
0.10	0.00305	0.00437	-0.00515	0.03695
0.10	0.05119	0.04784	0.03231	0.04419
0.10	0.02397	0.02434	0.02674	0.03091
0.10	0.01472	-0.05094	0.01873	-0.02361
0.10	0.07026	-0.00468	0.05310	-0.01098
0.10	0.07156	0.05640	0.06545	0.03409
0.10	0.07129	0.06122	0.06933	0.05212
0.10	-0.15154	0.09980	-0.07786	0.08390
0.10	0.05554	0.03669	0.01109	0.05242
0.10	0.06799	0.07441	0.04914	0.06712
0.10	-0.00446	-0.01337	0.01349	0.01358
0.10	-0.07593	-0.01005	-0.04600	-0.00214
0.10	0.16151	-0.01383	0.09267	-0.00995
0.10	0.09342	0.05797	0.09317	0.03540
0.10	0.01622	0.05485	0.04185	0.04837
0.10	0.01339	0.02423	0.02299	0.03237
0.10	0.06956	0.07865	0.05420	0.06338
0.10	0.04321	0.07413	0.04688	0.07054
0.10	-0.00878	-0.02782	0.00987	0.00514
0.10	0.07180	0.00120	0.05111	0.00252
0.10	0.10339	0.06553	0.08613	0.04473
0.10	0.04802	0.06600	0.06077	0.05888
0.10	0.18986	0.02795	0.14710	0.03819
0.10	0.04878	0.03771	0.08185	0.03787
0.10	0.00733	0.03534	0.03213	0.03618
0.10	-0.02678	0.02706	-0.00723	0.03009
0.10	-0.07900	-0.04224	-0.05509	-0.01814
0.10	0.10518	0.03887	0.05172	0.01985
0.10	0.06187	0.06752	0.05847	0.05153
0.10	0.01991	0.05938	0.03266	0.05679
0.10	0.05044	0.04415	0.04451	0.04836
0.10	0.04873	0.08004	0.04731	0.06943
0.10	-0.00934	0.04864	0.00943	0.05553
0.10	-0.00936	0.01204	-0.00308	0.02657
0.10	0.08517	0.02194	0.05577	0.02348
0.10	0.15656	0.10592	0.12273	0.07825
0.10	0.07284	0.07111	0.08935	0.07347
0.10	0.23271	-0.09654	0.18476	-0.03968
0.10	0.11859	0.01855	0.14065	-0.00087
0.10	0.04311	0.09715	0.07542	0.06468
0.10	-0.01776	0.02816	0.01338	0.04036
0.10	0.00002	-0.00139	0.00451	0.01263
0.10	0.08402	0.03097	0.05760	0.02488
0.10	0.07777	0.07644	0.07107	0.05930
0.10	0.28458	0.13294	0.21342	0.10839
0.10	-0.01179	0.05218	0.06395	0.07108
0.10	0.05745	0.04952	0.05960	0.05666
0.10	0.03997	0.06154	0.04651	0.05991
0.10	-0.02786	0.00997	-0.00314	0.02657
0.10	0.02960	-0.01223	0.01868	0.00070
0.10	0.11354	0.05346	0.08188	0.03585
0.10	0.05474	0.06135	0.06381	0.05283
0.10	-0.03102	0.06342	0.00038	0.05991
0.10	0.00686	0.04369	0.00467	0.04916
0.10	0.05118	0.08265	0.03570	0.07150
0.10	-0.01241	0.05716	0.00349	0.06190
0.10	0.01118	-0.06852	0.00858	-0.02455
0.10	0.08927	-0.00389	0.06249	-0.01075
0.10	0.10400	0.05643	0.09018	0.03406
0.10	0.02966	0.09217	0.04986	0.07278
0.10	-0.00303	0.05771	0.01462	0.06274
0.10	0.04145	0.06905	0.03256	0.06696
0.10	0.01722	0.07755	0.02233	0.07403
0.10	-0.00575	0.00889	0.00368	0.03078
0.10	0.07947	-0.00810	0.05452	0.00470
0.10	0.08100	0.06020	0.07216	0.04167
0.10	0.05744	0.07494	0.06237	0.06379
0.10	-0.00585	0.05293	0.01699	0.05657
0.10	0.04592	0.04729	0.03630	0.05038
0.10	0.03621	0.04755	0.03624	0.04849
0.10	-0.10240	0.12361	-0.05634	0.09865
0.10	0.01525	-0.02223	-0.00858	0.01800
0.10	0.10855	0.04345	0.06943	0.03495
0.10	0.06699	0.07309	0.06781	0.06029
0.10	0.01308	0.03460	0.03114	0.04308
0.10	-0.09094	0.03212	-0.05036	0.03576
0.10	0.01285	0.05422	-0.00849	0.04799
0.10	-0.00625	-0.00243	-0.00700	0.01431
0.10	0.04338	-0.03194	0.02666	-0.01659
0.10	0.08715	0.04210	0.06691	0.02246
0.10	0.07170	0.06049	0.07012	0.04791
0.10	0.04881	-0.00813	0.05593	0.01060
0.10	-0.08542	-0.03440	-0.03835	-0.01942
0.10	0.05356	0.07440	0.02277	0.04297
0.10	0.02204	0.01064	0.02228	0.02135
0.10	-0.00660	-0.03202	0.00303	-0.01423
0.10	0.10298	0.00364	0.06962	-0.00233
0.10	0.19481	0.10717	0.15279	0.07042
0.10	0.05463	0.02732	0.08711	0.04158
0.10	0.01022	0.01516	0.03591	0.02399
0.10	0.01524	0.03003	0.02212	0.02802
0.10	0.05417	0.06499	0.04338	0.05254
0.10	-0.00066	0.02979	0.01388	0.03730
0.10	0.00925	-0.01972	0.01080	-0.00060
0.10	0.11179	0.03208	0.07832	0.02124
0.10	0.09081	0.05761	0.08665	0.04550
0.10	0.01856	0.05022	0.04148	0.04863
0.10	-0.00960	0.02038	0.00742	0.02979
0.10	0.05954	0.05138	0.04213	0.04417
0.10	-0.00704	0.04014	0.00921	0.04147
0.10	-0.01256	-0.01897	-0.00528	0.00123
0.10	0.07760	0.01039	0.04997	0.00734
0.10	0.09347	0.06521	0.07889	0.04582
0.10	0.00509	0.03340	0.02940	0.03749
0.10	0.03752	0.04988	0.03479	0.04572
0.10	0.06657	0.07438	0.05604	0.06488
0.10	0.01628	0.06955	0.02953	0.06799
0.10	-0.00046	-0.02564	0.00960	0.00578
0.10	0.04738	-0.00509	0.03477	-0.00146
0.10	0.07864	0.03813	0.06419	0.02509
0.10	0.04344	0.09066	0.05039	0.06868
0.10	-0.00041	0.04707	0.01657	0.05429
0.10	0.01484	0.04999	0.01541	0.05143
0.10	0.02799	0.05838	0.02381	0.05607
0.10	-0.08296	0.14384	-0.04735	0.11457
0.10	0.01412	0.00148	-0.00629	0.03902
0.10	0.11003	0.05269	0.07106	0.04811
0.10	0.09172	0.10155	0.08483	0.08373
0.10	0.01094	0.05828	0.03551	0.06674
0.10	0.01577	0.02792	0.02235	0.04085
0.10	0.05906	0.05987	0.04680	0.05352
0.10	0.00141	0.05439	0.01663	0.05410
0.10	-0.00502	-0.00620	0.00212	0.01368
0.10	0.09197	0.01202	0.06201	0.01257
0.10	0.11255	0.08087	0.09562	0.05800
0.10	0.05382	0.06726	0.06782	0.06416
0.10	-0.02698	0.04215	0.00438	0.04943
0.10	0.05307	0.04015	0.03669	0.04327
0.10	0.04177	0.05847	0.04009	0.05344
0.10	-0.00936	0.01047	0.00718	0.02484
0.10	0.01038	0.00372	0.00932	0.01073
0.10	0.13707	0.10938	0.09475	0.07670
0.10	0.09781	0.09317	0.09678	0.08764
0.10	-0.03148	-0.02042	0.01124	0.01557
0.10	-0.01658	0.05061	-0.00732	0.03895
0.10	0.14782	0.05480	0.09616	0.04952
0.10	0.00485	0.07422	0.03557	0.06591
0.10	-0.01141	0.02040	0.00412	0.03545
0.10	0.04405	-0.01937	0.03076	-0.00112
0.10	0.00410	0.05460	0.01297	0.03606
0.10	0.04975	0.09125	0.03747	0.07282
0.10	-0.00855	0.09306	0.00684	0.08629
0.10	0.10583	0.11380	0.07283	0.10463
0.10	0.02406	0.06873	0.04040	0.08076
0.10	-0.01895	0.03638	0.00059	0.05099
0.10	0.01518	-0.00016	0.01027	0.01705
0.10	0.02892	0.02695	0.02274	0.02367
0.10	0.07304	0.06550	0.05625	0.05154
0.10	0.01372	0.04773	0.02797	0.04901
0.10	0.01326	0.04119	0.01817	0.04380
0.10	0.13367	0.08634	0.09544	0.07226
0.10	-0.01275	0.02137	0.02338	0.03837
0.10	0.00849	-0.03257	0.01344	-0.00901
0.10	0.15967	0.11040	0.11049	0.07025
0.10	0.08602	0.06429	0.09419	0.06628
0.10	0.01621	0.04160	0.04205	0.04978
0.10	0.00156	0.01217	0.01506	0.02470
0.10	0.03260	0.06896	0.02673	0.05414
0.10	0.00654	0.03563	0.01323	0.04176
0.10	0.04364	-0.05702	0.03350	-0.02408
0.10	0.05977	-0.00788	0.05102	-0.01328
0.10	0.09532	0.05739	0.08058	0.03388
0.10	0.05242	0.08297	0.06180	0.06662
0.10	0.03825	0.00895	0.04613	0.02824
0.10	0.01788	0.00469	0.02730	0.01254
0.10	0.02528	0.05578	0.02595	0.04140
0.10	0.07894	0.10435	0.06125	0.08334
0.10	0.20438	0.10493	0.15642	0.09770
0.10	0.06580	0.01458	0.09590	0.04219
0.10	0.09471	0.05840	0.09510	0.05300
0.10	0.05435	0.03996	0.06793	0.04430
0.10	0.00681	0.03230	0.02736	0.03634
0.10	0.05215	0.07819	0.04394	0.06434
0.10	0.03061	0.04089	0.03506	0.04871
0.10	-0.01869	-0.00159	-0.00079	0.01516
0.10	0.06750	-0.01466	0.04482	-0.00476
0.10	0.12028	0.05562	0.09505	0.03543
0.10	0.06169	0.07405	0.07284	0.06114
0.10	0.00164	0.03663	0.02522	0.04475
0.10	0.02648	0.03366	0.02606	0.03736
0.10	0.04798	0.04657	0.04065	0.04349
0.10	0.00358	0.01812	0.01603	0.02663
0.10	0.01281	-0.03435	0.01388	-0.01420
0.10	0.08866	0.02130	0.06382	0.00951
0.10	0.06097	0.05841	0.06192	0.04200
0.10	0.01216	0.05017	0.02873	0.04745
0.10	0.01285	0.04583	0.01814	0.04637
0.10	0.01761	0.05579	0.01778	0.05264
0.10	-0.00074	0.05931	0.00537	0.05711
0.10	-0.00503	-0.00281	-0.00155	0.01723
0.10	0.09571	0.00741	0.06324	0.01069
0.10	0.01756	-0.05858	0.03287	-0.03537
0.10	0.05143	0.07368	0.04530	0.03770
0.10	-0.03537	0.08246	-0.00832	0.06745
0.10	0.02384	0.05561	0.01316	0.05954
0.10	0.01319	0.07264	0.01318	0.06827
0.10	-0.00065	0.01898	0.00401	0.03559
0.10	-0.00079	-0.00666	0.00081	0.00740
0.10	0.10271	0.06062	0.06869	0.04285
0.10	0.04348	0.07127	0.05183	0.06186
0.10	-0.19108	0.14056	-0.10996	0.11428
0.10	-0.00325	0.03556	-0.03882	0.06180
0.10	0.02822	0.07542	0.00600	0.07091
0.10	0.00481	0.02023	0.00521	0.03716
0.10	-0.03346	0.01429	-0.02047	0.02197
0.10	0.20449	0.04949	0.13003	0.04038
0.10	0.08602	0.08280	0.10070	0.06865
0.10	0.02104	0.06811	0.04752	0.06829
0.10	-0.00305	0.04193	0.01381	0.05072
0.10	0.05357	0.06219	0.04030	0.05836
0.10	0.02175	0.04432	0.02797	0.04903
0.10	-0.04190	0.03471	-0.01880	0.03945
0.10	0.06324	0.01363	0.03586	0.02224
0.10	0.11493	0.05752	0.08850	0.04573
0.10	0.04423	0.05453	0.05909	0.05158
0.10	-0.02365	0.05815	0.00369	0.05598
0.10	-0.02092	0.00906	-0.01272	0.02469
0.10	0.03586	0.08018	0.01965	0.06167
0.10	-0.00691	0.03273	0.00193	0.04236
0.10	0.00063	-0.01102	0.00106	0.00685
0.10	0.10212	0.03778	0.06833	0.02744
0.10	0.08379	0.06587	0.07866	0.05313
0.10	-0.00137	0.09439	0.02546	0.08056
0.10	0.00378	0.05056	0.01103	0.06059
0.10	0.03763	0.06199	0.02887	0.06153
0.10	0.00015	0.05214	0.00976	0.05528
0.10	-0.03012	0.00021	-0.01679	0.01861
0.10	0.07102	0.01064	0.04177	0.01330
0.10	0.10011	0.10121	0.08051	0.07168
0.10	0.02082	0.07724	0.04071	0.07539
0.10	0.04346	0.04436	0.04255	0.05467
0.10	0.03894	0.04475	0.04013	0.04803
0.10	0.01597	0.05987	0.02407	0.05590
0.10	-0.00747	0.07649	0.00307	0.06961
0.10	0.02608	-0.01731	0.01841	0.01164
0.10	0.07153	0.02255	0.05393	0.01894
0.10	0.02809	0.04872	0.03672	0.03878
0.10	0.00867	0.03832	0.01810	0.03847
0.10	0.07637	0.11747	0.05707	0.09130
0.10	0.12429	0.14822	0.10178	0.12916
0.10	0.01769	-0.02090	0.04563	0.02895
0.10	0.06486	-0.04105	0.05845	-0.01774
0.10	0.12207	0.07327	0.10078	0.04281
0.10	0.14602	-0.18846	0.13106	-0.11198
0.10	0.02487	0.00077	0.06029	-0.03683
0.10	0.02671	0.01425	0.03789	-0.00275
0.10	0.04228	0.04470	0.04080	0.02869
0.10	0.01807	-0.00592	0.02564	0.00560
0.10	0.08109	-0.12073	0.06272	-0.07889
0.10	0.08902	0.03433	0.08020	-0.00367
0.10	0.06792	0.04334	0.07197	0.02783
0.10	0.02850	0.02357	0.04312	0.02501
0.10	-0.00267	0.02083	0.01257	0.02222
0.10	0.02702	0.03201	0.02219	0.02874
0.10	0.00824	0.01672	0.01286	0.02070
0.10	-0.00405	-0.02917	0.00162	-0.01247
0.10	0.07870	-0.00608	0.05301	-0.00821
0.10	0.11446	0.05287	0.09416	0.03270
0.10	0.03965	0.05794	0.05793	0.04948
0.10	-0.01260	0.03044	0.01102	0.03681
0.10	0.03631	0.05435	0.02791	0.04853
0.10	0.06112	0.08795	0.05008	0.07485
0.10	-0.00162	0.00199	0.01558	0.02623
0.10	0.03802	-0.01102	0.03055	0.00138
0.10	0.09654	0.05090	0.07449	0.03435
0.10	0.05160	0.07465	0.05925	0.06117
0.10	-0.00574	0.04185	0.01597	0.04831
0.10	0.03679	0.04575	0.02984	0.04660
0.10	0.02435	0.03958	0.02617	0.04190
0.10	0.01752	0.04897	0.02041	0.04661
0.10	0.00143	-0.00615	0.00773	0.01136
0.10	0.09054	0.03655	0.06271	0.02808
0.10	0.08267	0.07199	0.07601	0.05734
0.10	-0.00823	0.05421	0.01967	0.05525
0.10	0.02185	0.03449	0.02112	0.04142
0.10	0.02971	0.06933	0.02684	0.06000
0.10	-0.01437	0.03709	-0.00073	0.04467
0.10	0.00088	-0.02149	0.00034	0.00063
0.10	0.08166	0.00128	0.05462	0.00106
0.10	0.10011	0.09836	0.08479	0.06561
0.10	0.04016	0.13753	0.05503	0.11356
0.10	0.04317	0.02111	0.04710	0.05177
0.10	0.04846	0.04562	0.04800	0.04768
0.10	0.05699	0.08346	0.05400	0.07155
0.10	-0.02607	-0.25614	0.00060	-0.14698
0.10	-0.00503	-0.00176	-0.00315	-0.05029
0.10	0.01014	0.02025	0.00572	-0.00319
0.10	0.09471	0.05888	0.06521	0.03830
0.10	0.02987	0.08409	0.04166	0.06881
0.10	-0.02032	0.05370	0.00051	0.05878
0.10	0.06198	0.04820	0.04163	0.05170
0.10	0.04250	0.08894	0.04221	0.07656
0.10	-0.01061	-0.00693	0.00700	0.02090
0.10	0.02583	-0.01152	0.01950	-0.00063
0.10	0.11160	0.04037	0.08113	0.02681
0.10	0.08453	0.09199	0.08340	0.07030
0.10	-0.16769	0.24827	-0.08414	0.18905
0.10	0.08621	-0.05179	0.02906	0.02901
0.10	0.11304	0.05672	0.08512	0.04751
0.10	0.01817	0.07234	0.04047	0.06407
0.10	-0.03543	0.03458	-0.01006	0.04444
0.10	0.02484	-0.00510	0.01322	0.01139
0.10	0.11570	0.03848	0.08126	0.02937
0.10	0.05940	0.07336	0.06663	0.05882
0.10	-0.01845	0.07269	0.00990	0.06807
0.10	0.05041	0.05500	0.03694	0.05935
0.10	0.01387	0.06634	0.02162	0.06399
0.10	-0.02310	0.01322	-0.00820	0.03014
0.10	0.00945	-0.01932	0.00359	-0.00289
0.10	0.11500	0.03111	0.07771	0.01973
0.10	0.06669	0.06000	0.07036	0.04658
0.10	0.00601	0.05838	0.02729	0.05448
0.10	0.02204	0.04898	0.02379	0.05081
0.10	0.02819	0.07153	0.02672	0.06458
0.10	-0.00533	0.03599	0.00536	0.04553
0.10	-0.01573	0.04663	-0.00874	0.04627
0.10	0.08116	0.03217	0.05099	0.03690
0.10	0.09467	0.11219	0.08025	0.08733
0.10	0.01237	0.03784	0.03518	0.05447
0.10	0.00860	0.03466	0.01747	0.04127
0.10	0.04819	0.07486	0.03803	0.06375
0.10	0.01234	0.01244	0.02094	0.02964
0.10	0.15239	0.16120	0.10846	0.11723
0.10	0.06755	-0.03446	0.08118	0.01609
0.10	0.12980	0.08376	0.11373	0.06139
0.10	0.06135	0.07291	0.07893	0.06904
0.10	0.02423	0.02181	0.04249	0.03757
0.10	0.00421	0.00357	0.01697	0.01490
0.10	0.05540	0.05086	0.04268	0.03896
0.10	0.01176	-0.00235	0.02212	0.01149
0.10	0.02731	-0.05125	0.02558	-0.03032
0.10	0.09093	-0.00278	0.06917	-0.01195
0.10	0.10555	0.07645	0.09346	0.04706
0.10	0.07293	0.10048	0.07981	0.08259
0.10	0.00695	0.00008	0.03127	0.02762
0.10	0.02937	0.01386	0.03000	0.01845
0.10	0.11376	0.35567	0.08595	0.24370
0.10	0.01521	0.01384	0.03860	0.08985
0.10	0.02034	-0.02969	0.02647	0.01039
0.10	-0.03992	-0.10559	-0.01788	-0.06708
0.10	0.09874	0.08437	0.05952	0.03344
0.10	0.01507	0.05467	0.02990	0.04759
0.10	-0.02414	0.03619	-0.00618	0.03998
0.10	0.11399	0.16170	0.07380	0.12099
0.10	-0.00146	0.04175	0.02335	0.06787
0.10	-0.00049	-0.01247	0.00749	0.01445
0.10	0.05244	-0.00862	0.03746	-0.00093
0.10	0.11053	0.05149	0.08612	0.03399
0.10	0.02195	0.05749	0.04344	0.04962
0.10	-0.03979	0.09068	-0.01225	0.07709
0.10	0.03054	0.04710	0.01634	0.05706
0.10	0.02150	0.04988	0.01976	0.05230
0.10	-0.00275	0.01171	0.00472	0.02518
0.10	0.03502	-0.00312	0.02492	0.00631
0.10	0.09788	0.05543	0.07349	0.03901
0.10	0.04915	0.04637	0.05720	0.04394
0.10	-0.00032	0.08847	0.01891	0.07359
0.10	0.01484	0.02416	0.01620	0.04065
0.10	0.03586	0.07534	0.02934	0.06384
0.10	-0.01667	0.04662	-0.00131	0.05237
0.10	-0.00025	-0.02233	-0.00061	0.00275
0.10	0.09169	0.03208	0.06113	0.02237
0.10	0.08246	0.07271	0.07534	0.05591
0.10	0.01424	0.06147	0.03450	0.05963
0.10	-0.00273	0.04027	0.00967	0.04672
0.10	0.05748	0.08345	0.04151	0.07118
0.10	0.01314	0.03720	0.02264	0.04858
0.10	-0.00532	0.00018	0.00405	0.01641
0.10	0.04276	-0.00194	0.02986	0.00418
0.10	0.12070	0.08131	0.09075	0.05588
0.10	0.05332	0.09299	0.06588	0.08054
0.10	-0.01415	0.06418	0.01262	0.06965
0.10	0.03847	-0.02746	0.02987	0.00484
0.10	-0.02832	0.04294	-0.00909	0.03035
0.10	-0.01589	0.03849	-0.01361	0.03576
0.10	-0.27414	0.04659	-0.18695	0.04296
0.10	0.08080	-0.00559	-0.00809	0.01053
0.10	0.09651	0.08161	0.06140	0.05775
0.10	0.02533	0.04913	0.03723	0.05197
0.10	-0.02561	0.05410	-0.00459	0.05339
0.10	0.08042	0.07483	0.05204	0.06768
0.10	0.03448	0.08284	0.04037	0.07775
0.10	-0.00929	-0.00184	0.00718	0.02455
0.10	0.05107	-0.00561	0.03648	0.00442
0.10	0.11427	0.03765	0.08841	0.02660
0.10	0.04454	0.11333	0.05932	0.08411
0.10	-0.00811	0.06412	0.01410	0.07070
0.10	0.04684	0.04270	0.03590	0.05206
0.10	0.02905	0.06558	0.03134	0.06106
0.10	0.00283	0.02965	0.01237	0.04016
0.10	0.00824	-0.00975	0.00961	0.00677
0.10	0.08264	0.02555	0.05809	0.01924
0.10	0.08624	0.06426	0.07687	0.04928
0.10	0.01791	0.06095	0.03746	0.05708
0.10	0.00180	0.03926	0.01370	0.04521
0.10	0.02642	0.03864	0.02216	0.04084
0.10	0.01014	0.02419	0.01411	0.02969
0.10	0.02459	-0.03269	0.02108	-0.01179
0.10	0.09320	0.00387	0.06926	-0.00133
0.10	0.09122	0.08998	0.08391	0.05959
0.10	0.01477	0.04062	0.03807	0.04702
0.10	-0.00073	0.01288	0.01217	0.02424
0.10	0.03798	0.06685	0.02945	0.05277
0.10	0.00890	0.04334	0.01580	0.04651
0.10	0.02965	-0.04760	0.02503	-0.01619
0.10	0.05769	-0.00450	0.04683	-0.00839
0.10	0.15602	0.08251	0.11967	0.05225
0.10	0.05858	0.04920	0.07904	0.05022
0.10	0.01980	0.00257	0.03934	0.01828
0.10	0.02518	0.03079	0.02995	0.02657
0.10	0.03651	0.06535	0.03432	0.05242
0.10	0.01317	-0.03006	0.02021	-0.00261
0.10	0.03305	-0.03758	0.02880	-0.02599
0.10	0.10130	0.01359	0.07701	0.00033
0.10	0.06440	0.06443	0.06856	0.04326
0.10	0.04676	0.03128	0.05408	0.03530
0.10	0.00692	0.00521	0.02263	0.01524
0.10	0.05259	0.04379	0.04259	0.03426
0.10	0.06952	0.06964	0.06060	0.05792
0.10	-0.00995	-0.03785	0.01367	-0.00578
0.10	0.07964	-0.01791	0.05765	-0.01386
0.10	0.11700	0.04700	0.09716	0.02666
0.10	0.05419	0.05227	0.06842	0.04379
0.10	-0.02994	0.04532	0.00299	0.04481
0.10	0.05990	0.05572	0.04097	0.05209
0.10	0.05045	0.05374	0.04730	0.05319
0.10	0.00136	0.01895	0.01668	0.03036
0.10	0.00588	-0.01505	0.00952	0.00024
0.10	0.11915	0.02943	0.08295	0.01980
0.10	0.05301	0.04306	0.06301	0.03529
0.10	-0.00636	0.04292	0.01688	0.04037
0.10	0.02100	0.02401	0.01962	0.02947
0.10	0.03280	0.06614	0.02845	0.05403
0.10	-0.01955	0.01858	-0.00351	0.03043
0.10	0.02374	-0.01244	0.01460	0.00193
0.10	0.08287	0.01441	0.06016	0.01026
0.10	0.08787	0.06976	0.07865	0.04996
0.10	0.01908	0.03701	0.03888	0.04132
0.10	-0.00772	0.03445	0.00781	0.03674
0.10	0.03328	0.07049	0.02477	0.05921
0.10	0.01277	0.04738	0.01679	0.05135
0.10	0.00477	-0.02602	0.00874	-0.00049
0.10	-0.01658	-0.05195	-0.00813	-0.03478
0.10	0.10514	0.05391	0.06727	0.02426
0.10	0.03280	0.04232	0.04435	0.03627
0.10	-0.03285	0.04098	-0.00734	0.03942
0.10	0.04318	0.03687	0.02618	0.03773
0.10	0.01612	0.07392	0.01947	0.06186
0.10	-0.00506	-0.00851	0.00309	0.01487
0.10	0.02028	-0.00222	0.01456	0.00346
0.10	0.12394	0.05099	0.08742	0.03512
0.10	0.08454	0.11007	0.08551	0.08498
0.10	0.01802	0.06513	0.04042	0.07172
0.10	0.00040	0.03187	0.01375	0.04516
0.10	0.05767	0.05880	0.04301	0.05424
0.10	0.00274	0.05745	0.01606	0.05639
0.10	-0.01170	-0.00791	-0.00240	0.01363
0.10	0.06063	-0.01645	0.03960	-0.00642
0.10	0.15618	0.06085	0.11729	0.03841
0.10	-0.02015	0.02474	0.02538	0.02927
0.10	-0.02971	0.06877	-0.01129	0.05556
0.10	0.04004	0.05005	0.02300	0.05188
0.10	0.15710	0.10277	0.11193	0.08563
0.10	-0.00040	0.03809	0.03672	0.05380
0.10	-0.00035	-0.03703	0.01201	-0.00673
0.10	0.09776	0.03102	0.06908	0.01839
0.10	0.14231	0.07918	0.11783	0.05886
0.10	0.01824	0.06007	0.05134	0.05967
0.10	-0.02094	0.03167	0.00302	0.04095
0.10	0.13186	0.17952	0.08875	0.13315
0.10	0.00221	0.08598	0.03110	0.10173
0.10	-0.02869	0.08824	-0.00895	0.09270
0.10	0.06813	0.01134	0.04241	0.03850
0.10	0.07092	0.06512	0.06137	0.05620
0.10	0.02610	0.08754	0.03788	0.07707
0.10	-0.00264	0.05610	0.01080	0.06305
0.10	0.06526	0.05417	0.04697	0.05715
0.10	0.04625	0.09224	0.04648	0.08066
0.10	0.00256	-0.00696	0.01728	0.02241
0.10	0.05087	-0.00358	0.03966	0.00510
0.10	0.07950	0.06724	0.06630	0.04665
0.10	0.06955	0.01847	0.06846	0.02788
0.10	-0.00616	0.01929	0.01890	0.02218
0.10	0.08900	0.02624	0.06577	0.02489
0.10	0.03463	0.03781	0.04506	0.03349
0.10	0.00499	-0.01470	0.01825	0.00124
0.10	0.03679	-0.02652	0.03061	-0.01727
0.10	0.11038	0.07287	0.08367	0.04268
0.10	0.05069	0.05130	0.06176	0.04841
0.10	0.03278	0.02541	0.04234	0.03300
0.10	0.05289	0.01492	0.04938	0.02094
0.10	0.03060	0.04557	0.03689	0.03732
0.10	0.00733	0.02394	0.01725	0.02843
0.10	0.03424	-0.06538	0.02865	-0.03450
0.10	0.09317	0.00166	0.07167	-0.01040
0.10	0.09426	0.06536	0.08669	0.03998
0.10	0.06566	0.10213	0.07272	0.08128
0.10	0.03465	0.01252	0.04721	0.03520
0.10	0.01511	0.00220	0.02581	0.01320
0.10	0.05433	0.05178	0.04476	0.03883
0.10	0.00513	0.02607	0.01825	0.03029
0.10	0.01897	-0.04513	0.01873	-0.01990
0.10	0.07601	0.02456	0.05698	0.00979
0.10	0.07226	0.05183	0.06712	0.03768
0.10	0.03118	0.05402	0.04302	0.04864
0.10	-0.00731	0.02466	0.00964	0.03274
0.10	0.06101	0.05369	0.04404	0.04677
0.10	0.00924	0.05495	0.02087	0.05222
0.10	-0.00070	-0.01246	0.00653	0.00923
0.10	0.07017	-0.00147	0.04894	0.00210
0.10	0.10050	0.06237	0.08328	0.04224
0.10	0.04125	0.05353	0.05514	0.04980
0.10	-0.00801	0.04901	0.01316	0.04927
0.10	0.04159	0.04112	0.03214	0.04383
0.10	0.01562	0.06972	0.02111	0.06111
0.10	-0.01069	0.08371	-0.00013	0.07621
0.10	0.00659	-0.01122	0.00435	0.01793
0.10	0.15979	0.15516	0.10788	0.10933
0.10	0.05638	0.09757	0.07365	0.10152
0.10	-0.00923	0.05359	0.01847	0.06961
0.10	0.01220	0.05107	0.01429	0.05725
0.10	0.04047	0.08360	0.03178	0.07486
0.10	-0.01351	0.04338	0.00160	0.05389
0.10	-0.00425	-0.00321	-0.00231	0.01572
0.10	0.13192	0.02359	0.08692	0.02095
0.10	0.08959	0.08850	0.08870	0.06603
0.10	0.01993	0.07907	0.04282	0.07473
0.10	-0.01367	0.04449	0.00512	0.05455
0.10	0.06880	0.07738	0.04752	0.06975
0.10	0.01348	0.03194	0.02489	0.04461
0.10	0.00394	0.01138	0.01087	0.02236
0.10	0.04402	-0.00700	0.03297	0.00279
0.10	0.10976	0.05141	0.08413	0.03518
0.10	0.07950	0.06658	0.08105	0.05608
0.10	0.00666	0.05979	0.03129	0.05856
0.10	0.01617	0.02477	0.02122	0.03605
0.10	0.05971	0.08459	0.04685	0.06836
0.10	0.00835	0.03022	0.02128	0.04302
0.10	-0.03402	-0.00563	-0.01577	0.01043
0.10	0.08048	-0.00568	0.04844	-0.00032
0.10	0.11307	0.07958	0.09141	0.05281
0.10	0.02750	0.11060	0.04892	0.09124
0.10	-0.00406	0.06750	0.01350	0.07537
0.10	0.06397	0.04586	0.04709	0.05573
0.10	0.05955	0.16904	0.05538	0.13110
0.10	-0.00535	0.03090	0.01485	0.06424
0.10	0.01632	-0.00049	0.01583	0.02097
0.10	0.18096	0.00573	0.12591	0.01081
0.10	0.07635	0.07171	0.09301	0.05124
0.10	0.01222	0.07695	0.03892	0.06845
0.10	0.01920	0.02649	0.02575	0.04042
0.10	0.05314	0.07747	0.04400	0.06511
0.10	-0.01338	0.04653	0.00586	0.05276
0.10	-0.01901	-0.00564	-0.01069	0.01389
0.10	0.08378	0.00233	0.05237	0.00617
0.10	0.08326	0.05603	0.07300	0.03947
0.10	0.02576	0.05938	0.04145	0.05276
0.10	0.03236	0.03223	0.03539	0.03908
0.10	0.02720	0.04137	0.02993	0.04060
0.10	0.01174	0.02345	0.01785	0.02921
0.10	0.00226	-0.01038	0.00740	0.00268
0.10	0.06555	0.02612	0.04593	0.01821
0.10	0.07269	0.05671	0.06379	0.04390
0.10	0.01926	0.04711	0.03406	0.04605
0.10	0.03386	0.00588	0.03393	0.01926
0.10	0.05620	0.04948	0.04874	0.03936
0.10	0.00791	0.05050	0.02144	0.04681
0.10	0.01998	-0.03048	0.02047	-0.00462
0.10	0.15577	-0.05083	0.11062	-0.03541
0.10	0.11215	0.06189	0.11165	0.02976
0.10	0.07866	0.06307	0.08973	0.05189
0.10	0.02794	0.02635	0.04860	0.03489
0.10	-0.16793	-0.09670	-0.09582	-0.05288
0.10	0.03173	0.06750	-0.01057	0.02759
0.10	0.01385	0.00549	0.00569	0.01287
0.10	-0.02078	-0.00568	-0.01196	0.00050
0.10	0.09987	0.00963	0.06264	0.00659
0.10	0.10425	0.05676	0.09042	0.04009
0.10	0.03460	0.03563	0.05325	0.03712
0.10	0.00426	0.02206	0.02069	0.02711
0.10	-0.05306	0.03048	-0.02862	0.02936
0.10	0.01493	0.06247	0.00040	0.05142
0.10	0.06443	-0.11319	0.04314	-0.05845
0.10	0.05067	-0.01973	0.04816	-0.03261
0.10	0.11010	0.05743	0.08941	0.02736
0.10	0.04754	0.04254	0.06155	0.03746
0.10	0.01975	0.03484	0.03359	0.03571
0.10	0.01453	0.02019	0.02089	0.02537
0.10	0.03308	0.05081	0.02899	0.04227
0.10	0.00092	0.01035	0.01021	0.02092
0.10	0.03984	-0.03701	0.02991	-0.01759
0.10	0.10676	0.02332	0.08126	0.00975
0.10	0.06746	0.06636	0.07211	0.04730
0.10	0.02389	0.06159	0.03992	0.05684
0.10	0.25272	0.09317	0.18175	0.08105
0.10	0.03567	0.06823	0.08451	0.07252
0.10	-0.00166	0.05569	0.02682	0.06125
0.10	0.00670	-0.00400	0.01343	0.01784
0.10	-0.01362	0.07470	-0.00458	0.05569
0.10	0.16141	0.09738	0.10658	0.08361
0.10	0.09211	-0.00918	0.09695	0.02186
0.10	-0.01467	0.04263	0.02275	0.03567
0.10	0.02093	0.02589	0.02153	0.02914
0.10	0.02997	0.05802	0.02716	0.04841
0.10	-0.00458	0.01953	0.00597	0.02913
0.10	0.03334	0.00175	0.02423	0.01086
0.10	0.01661	0.12042	0.01916	0.08379
0.10	0.08989	0.09496	0.06629	0.09123
0.10	0.03585	0.07164	0.04597	0.07815
0.10	0.00578	0.03855	0.01914	0.05171
0.10	0.04986	0.05782	0.03958	0.05577
0.10	0.02934	0.05648	0.03278	0.05624
0.10	-0.02445	0.01515	-0.00543	0.02880
0.10	0.00213	-0.00921	-0.00039	0.00344
0.10	0.11328	0.05874	0.07535	0.04029
0.10	0.05905	0.08136	0.06451	0.06760
0.10	0.00183	0.05642	0.02257	0.06012
0.10	0.02141	0.02548	0.02180	0.03705
0.10	0.03961	0.06659	0.03366	0.05672
0.10	0.01118	0.04118	0.01863	0.04633
0.10	-0.03738	0.01391	-0.01863	0.02477
0.10	0.09433	0.00279	0.05663	0.01013
0.10	0.20675	0.28880	0.15661	0.19573
0.10	0.03590	0.08413	0.07591	0.12111
0.10	-0.02722	0.04897	0.00731	0.07313
0.10	0.05029	0.04106	0.03597	0.05174
0.10	-0.01006	0.04784	0.00528	0.04914
0.10	0.01544	0.11150	0.01205	0.09066
0.10	0.03728	-0.01161	0.02895	0.02217
0.10	0.11144	0.01930	0.08383	0.02026
0.10	0.09602	0.08629	0.09194	0.06418
0.10	-0.00169	0.07039	0.02938	0.06833
0.10	-0.01220	0.03156	0.00174	0.04388
0.10	0.03513	0.05357	0.02411	0.05037
0.10	-0.00968	0.05579	0.00162	0.05398
0.10	-0.02771	-0.00307	-0.01791	0.01600
0.10	0.05883	-0.01316	0.03324	-0.00343
0.10	0.11269	0.04970	0.08643	0.03214
0.10	0.04268	0.07696	0.05727	0.06201
0.10	0.02174	0.17370	0.03369	0.13615
0.10	0.03087	0.05515	0.03180	0.08196
0.10	0.01888	0.06078	0.02320	0.06786
0.10	-0.01710	-0.00772	-0.00360	0.01760
0.10	0.03889	-0.02451	0.02472	-0.01046
0.10	0.09939	0.05204	0.07470	0.03137
0.10	0.04079	0.07035	0.05213	0.05732
0.10	-0.00859	0.02938	0.01177	0.03875
0.10	0.05629	0.04894	0.04153	0.04556
0.10	0.04123	0.04985	0.04133	0.04841
0.10	0.01619	0.00379	0.02456	0.01865
0.10	0.05274	-0.03829	0.04338	-0.01938
0.10	0.09639	0.05539	0.07866	0.03038
0.10	0.06183	0.02829	0.06748	0.02899
0.10	0.03981	0.02092	0.04892	0.02358
0.10	0.01038	0.00045	0.02326	0.00818
0.10	0.03382	0.06091	0.03027	0.04320
0.10	-0.00252	0.00576	0.00832	0.01813
0.10	-0.08544	-0.01131	-0.05413	-0.00148
0.10	0.08682	-0.01402	0.04001	-0.00986
0.10	0.08381	0.08482	0.06904	0.05290
0.10	0.03448	0.06849	0.04601	0.06329
0.10	-0.00491	0.00294	0.01196	0.02293
0.10	0.05327	0.05710	0.03958	0.04577
0.10	0.04376	0.04887	0.04235	0.04782
0.10	0.00643	-0.02483	0.01826	-0.00090
0.10	0.00475	-0.02054	0.00929	-0.01394
0.10	0.09000	0.03090	0.06294	0.01586
0.10	0.07046	0.07024	0.06795	0.05212
0.10	0.00466	0.04128	0.02569	0.04488
0.10	0.00004	0.01523	0.00860	0.02513
0.10	0.10556	0.17164	0.07318	0.12271
0.10	-0.01077	0.01043	0.01698	0.04755
0.10	0.00348	-0.03002	0.00799	-0.00408
0.10	0.08696	-0.00865	0.06066	-0.00713
0.10	0.08713	0.07212	0.07826	0.04557
0.10	0.02960	0.05237	0.04584	0.05010
0.10	-0.01475	0.04366	0.00536	0.04580
0.10	0.04491	0.05929	0.03182	0.05482
0.10	0.00124	0.05371	0.01145	0.05408
0.10	-0.00382	-0.00493	0.00129	0.01483
0.10	0.02913	-0.01397	0.01984	-0.00436
0.10	0.08802	0.06289	0.06523	0.04041
0.10	0.03096	0.07814	0.04229	0.06567
0.10	0.00533	0.04294	0.01772	0.05056
0.10	0.03807	0.03449	0.03131	0.03984
0.10	0.05961	0.07527	0.05019	0.06348
0.10	0.00951	0.10189	0.02308	0.08907
0.10	0.00069	-0.01587	0.00813	0.01896
0.10	0.10526	0.04470	0.07268	0.03607
0.10	0.07666	0.10262	0.07533	0.08038
0.10	0.01395	0.05633	0.03429	0.06430
0.10	0.02331	0.03920	0.02697	0.04757
0.10	0.09727	0.21936	0.07375	0.16189
0.10	0.02448	0.07598	0.04099	0.10475
0.10	-0.00493	-0.00806	0.01021	0.02914
0.10	0.08849	-0.02317	0.06240	-0.00573
0.10	0.12562	0.06940	0.10451	0.04431
0.10	0.07069	0.07073	0.08204	0.06186
0.10	-0.03586	0.08336	0.00354	0.07618
0.10	0.22704	0.20926	0.15254	0.16490
0.10	-0.00094	-0.08160	0.04972	-0.00024
0.10	0.00917	0.03849	0.02278	0.02549
0.10	0.02097	-0.01909	0.02157	-0.00435
0.10	0.10033	0.02094	0.07380	0.01242
0.10	0.08510	0.05731	0.08136	0.04244
0.10	0.01543	0.07601	0.03746	0.06480
0.10	-0.00073	0.05794	0.01206	0.06023
0.10	0.06733	0.08168	0.04908	0.07460
0.10	0.01904	0.07196	0.02913	0.07285
0.10	-0.01044	0.02467	0.00269	0.04066
0.10	-0.05750	-0.04587	-0.03750	-0.01712
0.10	0.10625	0.04906	0.05791	0.02680
0.10	0.07172	0.08889	0.06713	0.06822
0.10	-0.02431	0.06754	0.00619	0.06777
0.10	0.02501	0.05126	0.01880	0.05671
0.10	0.03807	0.06326	0.03163	0.06107
0.10	0.00279	0.02799	0.01245	0.03907
0.10	-0.00704	0.01072	-0.00052	0.02021
0.10	0.10489	0.03013	0.06991	0.02684
0.10	0.06741	0.07495	0.06824	0.05895
0.10	-0.00439	0.05157	0.01969	0.05402
0.10	0.00200	0.04110	0.00790	0.04541
0.10	0.03196	0.03767	0.02391	0.04026
0.10	0.01572	0.07225	0.01847	0.06154
0.10	-0.00219	-0.03206	0.00463	-0.00116
0.10	0.10947	0.01632	0.07426	0.01045
0.10	0.07481	0.06358	0.07463	0.04594
0.10	0.20193	0.03870	0.15952	0.04111
0.10	0.02203	0.02078	0.06826	0.02761
0.10	0.04172	0.05185	0.05051	0.04382
0.10	0.02941	0.03658	0.03648	0.03901
0.10	-0.00139	-0.03758	0.01112	-0.01228
0.10	0.02871	-0.02572	0.02285	-0.02125
0.10	0.10804	0.05697	0.07945	0.03072
0.10	0.10712	-0.05111	0.09787	-0.02377
0.10	0.02026	-0.00703	0.04586	-0.01255
0.10	0.01693	0.03320	0.02667	0.01780
0.10	0.03207	0.05865	0.03027	0.04501
0.10	0.01202	0.01669	0.01808	0.02610
0.10	0.01839	-0.01178	0.01829	0.00076
0.10	0.10571	0.00664	0.07638	0.00467
0.10	0.08343	0.07441	0.08107	0.05110
0.10	0.03536	0.01640	0.05054	0.02792
0.10	-0.00385	0.00868	0.01424	0.01508
0.10	0.08920	0.04412	0.06416	0.03442
0.10	0.00077	0.04336	0.02199	0.04037
0.10	-0.00204	-0.04229	0.00592	-0.01492
0.10	0.00555	-0.03859	0.00567	-0.03070
0.10	0.09098	0.07097	0.06250	0.03703
0.10	0.05444	0.00274	0.05711	0.01409
0.10	0.01275	0.01784	0.02757	0.01659
0.10	0.06058	0.02039	0.04959	0.01912
0.10	0.05033	0.07456	0.05008	0.05594
0.10	-0.00101	0.01034	0.01605	0.02557
0.10	0.08135	-0.02564	0.05968	-0.00864
0.10	0.09125	0.03525	0.08067	0.02054
0.10	0.05617	0.06176	0.06434	0.04802
0.10	-0.00660	0.06860	0.01689	0.06179
0.10	0.04298	0.03408	0.03426	0.04335
0.10	0.08825	0.07889	0.07019	0.06701
0.10	-0.00866	0.04642	0.01740	0.05322
0.10	0.00776	-0.00723	0.01099	0.01304
0.10	0.07672	0.02757	0.05487	0.02274
0.10	0.07343	0.06127	0.06726	0.04846
0.10	0.03880	0.11919	0.04838	0.09538
0.10	0.00542	0.04484	0.01972	0.06166
0.10	0.09461	0.07189	0.06990	0.06851
0.10	0.01065	0.04824	0.03051	0.05504
0.10	-0.00849	-0.01343	0.00457	0.00950
0.10	0.10439	-0.05221	0.07108	-0.03162
0.10	0.09317	0.06564	0.08587	0.03350
0.10	0.05109	0.06935	0.06273	0.05735
0.10	-0.00915	0.04118	0.01493	0.04660
0.10	0.06409	0.06098	0.04778	0.05621
0.10	-0.00288	0.06397	0.01400	0.06139
0.10	0.00573	0.02559	0.00848	0.03749
0.10	-0.00365	-0.02107	0.00043	-0.00138
0.10	0.08018	0.03330	0.05383	0.02184
0.10	0.08507	0.07205	0.07464	0.05529
0.10	0.01014	0.03849	0.03154	0.04407
0.10	0.00710	0.02676	0.01525	0.03253
0.10	0.06760	0.08199	0.05013	0.06549
0.10	0.00280	0.06728	0.01868	0.06668
0.10	-0.00748	-0.00724	0.00115	0.01715
0.10	0.01551	0.02062	0.01066	0.01945
0.10	0.01831	0.05397	0.01579	0.04259
0.10	0.05180	0.06751	0.03971	0.05914
0.10	-0.03927	0.09593	-0.01314	0.08376
0.10	0.16607	0.00922	0.10619	0.03413
0.10	0.02700	0.07671	0.05345	0.06249
0.10	-0.03608	0.01554	-0.00624	0.03119
0.10	0.00651	0.00692	0.00224	0.01505
0.10	0.11559	0.02378	0.07770	0.02086
0.10	0.10209	0.08007	0.09401	0.06045
0.10	0.01866	0.08107	0.04393	0.07415
0.10	0.04238	0.03411	0.04289	0.04733
0.10	0.05874	0.07487	0.05345	0.06568
0.10	-0.00109	0.06602	0.01714	0.06590
0.10	-0.00274	-0.01592	0.00390	0.01141
0.10	0.05196	-0.00374	0.03594	0.00131
0.10	0.08402	0.02444	0.06810	0.01678
0.10	0.01085	0.07290	0.02992	0.05420
0.10	-0.00547	0.03805	0.00644	0.04349
0.10	0.04792	0.06627	0.03421	0.05874
0.10	0.01898	0.03855	0.02408	0.04532
0.10	-0.00059	-0.01060	0.00767	0.00812
0.10	0.05929	-0.00519	0.04230	-0.00081
0.10	0.09986	0.05974	0.08052	0.03940
0.10	0.03864	0.06303	0.05266	0.05512
0.10	-0.03314	0.09435	-0.00479	0.08139
0.10	0.02020	0.01175	0.01180	0.03516
0.10	0.02555	0.06881	0.02096	0.05758
0.10	0.01486	-0.02147	0.01688	0.00474
0.10	0.03822	-0.04367	0.03111	-0.02754
0.10	0.15404	0.07538	0.11290	0.04094
0.10	0.07766	0.06163	0.08933	0.05478
