--- Terminal on /dev/ttyUSB0 | 115200 8-N-1
--- Available filters and text transformations: colorize, debug, default, direct, esp32_exception_decoder, hexlify, log2file, nocontrol, printable, send_on_enter, time
--- More details at https://bit.ly/pio-monitor-filters
--- Quit: Ctrl+C | Menu: Ctrl+T | Help: Ctrl+T followed by Ctrl+H
MOT: Init
MOT: Enable driver.
MOT: Align sensor.
MOT: sensor_direction==CCW
MOT: PP check: OK!
MOT: Zero elec. angle: 1.01
MOT: Align current sense.
CS: Inv B
MOT: Success: 3
MOT: Ready.
0 0.00 1.44 -0.05 -0.1000 -0.0017 0.1160 -0.0098 -0.0186
8377 0.00 1.43 -0.53 -0.0242 -0.0098 0.0339 -0.0087 -0.0126
8397 0.00 1.39 -2.76 -0.1403 -0.0001 0.1501 0.0609 -0.0251
8417 0.00 1.34 -2.32 -0.0597 -0.0001 0.0387 0.0571 -0.0283
8437 0.00 1.32 0.00 -0.0146 0.0193 -0.0156 0.0126 -0.0158
8457 0.00 1.33 0.00 -0.0855 -0.0162 0.0578 0.0927 0.0296
8477 0.00 1.32 0.00 0.0241 -0.0291 0.0227 -0.0213 -0.1020
8497 0.00 1.33 0.21 0.0096 -0.0049 0.0009 -0.0096 -0.0084
8517 0.00 1.33 -0.26 -0.0178 0.0031 0.0049 0.0183 0.0264
8537 0.00 1.33 0.00 0.0241 -0.0355 0.0290 -0.0218 0.0143
8557 0.00 1.33 0.00 0.0757 0.0289 -0.0707 -0.0817 -0.0293
8577 0.00 1.33 0.00 0.0241 -0.0049 -0.0054 -0.0249 -0.0430
8597 0.00 1.33 0.00 0.0257 0.0418 -0.0623 -0.0277 -0.0179
8617 0.00 1.32 0.21 -0.0146 0.0402 -0.0396 0.0094 -0.0290
8637 0.00 1.34 -1.03 0.0241 -0.0065 -0.0069 -0.0240 -0.0516
8657 0.00 1.33 0.39 0.0257 -0.0227 0.0125 -0.0252 0.0245
8677 0.00 1.33 -0.55 0.0257 -0.0017 -0.0125 -0.0259 0.0115
8697 0.00 1.33 0.76 -0.0146 -0.0291 0.0407 0.0179 0.0861
8717 0.00 1.33 -1.90 -0.0113 -0.0049 0.0113 0.0123 0.0019
8737 0.00 1.33 0.21 0.0209 0.0015 -0.0128 -0.0215 -0.0408
8757 0.00 1.33 0.00 -0.0081 -0.0178 0.0247 0.0097 0.0385
8777 0.00 1.33 -0.39 0.0257 -0.0259 0.0179 -0.0238 0.1512
8797 0.00 1.34 0.55 0.0177 -0.0339 0.0289 -0.0178 0.0317
8817 0.00 1.33 0.77 -0.0097 0.0225 -0.0206 0.0091 -0.0201
8837 0.00 1.33 0.00 -0.0113 -0.0081 0.0158 0.0116 0.0565
8857 0.00 1.33 0.21 -0.0146 0.0080 -0.0012 0.0145 -0.0114
8877 0.00 1.33 0.77 0.0209 -0.0049 -0.0057 -0.0211 -0.0459
8897 0.00 1.33 -0.77 -0.0146 0.0080 -0.0020 0.0144 0.0182
8917 0.00 1.33 0.55 -0.0049 -0.0001 0.0027 0.0050 0.0311
8937 0.00 1.32 0.00 -0.0081 -0.0227 0.0295 0.0121 0.0290
8957 0.00 1.33 0.00 0.0241 -0.0355 0.0290 -0.0218 0.0407
8977 0.00 1.31 -1.29 0.0112 -0.0114 0.0097 -0.0088 0.0338
8997 0.00 1.31 -0.26 -0.0178 0.0193 -0.0165 0.0137 0.0136
9017 0.00 1.31 0.00 -0.0097 0.0257 -0.0258 0.0026 -0.0186
9037 0.00 1.32 0.96 -0.1000 0.0031 0.0405 0.1062 -0.0357
9057 0.00 1.32 0.77 0.0177 -0.0162 0.0108 -0.0164 -0.0433
9077 0.00 1.32 1.90 0.0257 -0.0355 0.0297 -0.0216 0.0865
9097 0.00 1.31 -0.21 -0.0178 0.0128 -0.0088 0.0161 -0.0146
9117 0.00 1.31 -0.77 0.0370 0.0031 -0.0158 -0.0418 -0.0084
9137 0.00 1.32 0.77 0.0241 -0.0323 0.0280 -0.0185 0.0326
9157 0.00 1.31 0.00 0.0257 0.0176 -0.0278 -0.0337 -0.0193
9177 0.00 1.32 0.00 -0.0178 -0.0033 0.0099 0.0204 0.0290
9197 0.00 1.32 0.00 0.0257 -0.0243 0.0184 -0.0223 0.0289
9217 0.00 1.31 0.00 0.0241 -0.0162 0.0117 -0.0216 0.0268
9237 0.00 1.32 0.00 -0.0146 0.0031 0.0023 0.0151 0.0633
9257 0.00 1.32 0.30 0.0241 -0.0033 -0.0060 -0.0255 -0.0373
9277 0.00 1.32 0.39 0.0209 0.0144 -0.0244 -0.0258 -0.0640
9297 0.00 1.32 0.48 0.0257 0.0708 -0.0904 -0.0429 -0.1282
9317 0.00 1.32 0.77 -0.0210 0.0273 -0.0232 0.0167 -0.0194
9337 0.00 1.33 0.00 -0.0146 0.0031 0.0041 0.0148 -0.0051
9357 0.00 1.32 -0.64 0.0838 -0.0001 -0.0292 -0.0922 -0.0106
9377 0.00 1.33 0.52 -0.0178 0.0031 0.0052 0.0183 0.0087
9397 0.00 1.33 0.00 0.0209 0.0096 -0.0206 -0.0234 -0.0448
9417 0.00 1.32 -0.96 0.0257 0.0176 -0.0305 -0.0312 -0.0193
9437 0.00 1.32 -0.77 -0.0146 0.0402 -0.0402 0.0067 -0.0251
9457 0.00 1.32 0.00 -0.0081 0.0160 -0.0151 0.0055 -0.0179
9477 0.00 1.32 0.00 0.0821 0.0225 -0.0557 -0.0951 -0.0420
9497 0.00 1.33 0.26 0.0241 0.0064 -0.0188 -0.0261 -0.0444
9517 0.00 1.33 0.77 -0.0146 0.0289 -0.0263 0.0120 -0.0349
9537 0.00 1.35 0.00 0.0177 -0.0323 0.0237 -0.0221 -0.0296
9557 0.00 1.33 0.77 0.0209 -0.0162 0.0069 -0.0208 0.1203
9577 0.00 1.34 0.00 0.0209 -0.0227 0.0126 -0.0218 0.0269
9597 0.00 1.34 0.00 -0.0146 0.0031 0.0053 0.0144 0.0070
9617 0.00 1.33 0.00 0.0225 0.0450 -0.0643 -0.0245 -0.0789
9637 0.00 1.34 -0.77 0.0209 0.0031 -0.0161 -0.0206 -0.0408
9657 0.00 1.33 0.48 0.0499 -0.0339 0.0102 -0.0499 0.0310
9677 0.00 1.34 0.77 0.0209 -0.0033 -0.0087 -0.0207 -0.0283
9697 0.00 1.33 0.00 -0.0178 -0.0049 0.0157 0.0180 0.0037
9717 0.00 1.34 0.00 -0.0194 -0.0049 0.0173 0.0191 -0.0137
9737 0.00 1.33 0.00 0.0241 -0.0227 0.0126 -0.0240 -0.1114
9757 0.00 1.34 -0.39 -0.0855 0.0031 0.0474 0.0845 -0.0364
9777 0.00 1.33 0.00 0.0161 -0.0307 0.0264 -0.0157 0.1779
9797 0.00 1.33 0.77 0.0032 -0.0227 0.0244 -0.0024 -0.0297
9817 0.00 1.33 0.00 0.0177 -0.1322 0.1433 -0.0085 -0.0137
9837 0.00 1.34 0.86 -0.0146 0.0273 -0.0228 0.0150 0.1477
9857 0.00 1.32 -1.03 0.0241 -0.0227 0.0164 -0.0215 0.0266
9877 0.00 1.33 0.00 -0.0049 0.0096 -0.0085 0.0043 0.0182
9897 0.00 1.33 0.48 0.0241 0.0031 -0.0155 -0.0255 -0.0435
9917 0.00 1.32 -0.77 0.0241 -0.0001 -0.0097 -0.0261 -0.1000
9937 0.00 1.33 0.00 -0.0162 0.0160 -0.0094 0.0160 -0.0179
9957 0.00 1.33 0.43 -0.0162 -0.0049 0.0142 0.0169 -0.0346
9977 0.00 1.33 0.00 -0.0113 0.0418 -0.0424 0.0086 -0.1165
9997 0.00 1.33 0.39 -0.0146 0.0708 -0.0736 0.0135 0.0290
10017 0.00 1.32 0.00 0.0241 -0.0162 0.0095 -0.0227 -0.0293
10037 0.00 1.32 -0.76 0.0112 0.0209 -0.0286 -0.0156 -0.0533
10057 0.00 1.33 0.00 -0.0146 0.0031 0.0041 0.0148 -0.0207
10077 0.00 1.33 0.21 -0.0146 0.0031 0.0043 0.0147 0.0070
10097 0.00 1.32 0.26 0.0241 -0.0307 0.0245 -0.0211 0.0294
10117 0.00 1.32 -0.39 -0.0001 0.0193 -0.0220 -0.0032 -0.0198
10137 0.00 1.33 0.55 -0.1306 -0.0130 0.0748 0.1401 -0.0282
10157 0.00 1.32 -0.77 0.0225 -0.0291 0.0234 -0.0196 -0.0334
10177 0.00 1.31 0.00 -0.0049 -0.0001 0.0017 0.0054 0.0135
10197 0.00 1.32 -0.43 0.0209 -0.0323 0.0289 -0.0155 0.0297
10217 0.00 1.32 0.00 0.0225 -0.0033 -0.0045 -0.0239 -0.0308
10237 0.00 1.31 0.00 0.0241 -0.0017 -0.0061 -0.0262 -0.1243
10257 0.00 1.32 -0.55 -0.0146 0.0467 -0.0472 0.0069 -0.0435
10277 0.00 1.31 -0.76 0.0257 0.0773 -0.0927 -0.0538 -0.0283
10297 0.00 1.32 0.00 0.0273 -0.0033 -0.0068 -0.0291 -0.0036
10317 0.00 1.31 -0.43 0.0241 -0.0033 -0.0029 -0.0260 -0.0417
10337 0.00 1.32 0.00 0.0080 -0.0098 0.0082 -0.0064 -0.0289
10357 0.00 1.32 0.32 0.0773 -0.0162 -0.0074 -0.0812 0.0288
10377 0.00 1.34 -0.39 0.0241 -0.0227 0.0117 -0.0244 0.0268
10397 0.00 1.31 -0.48 -0.0065 -0.0049 0.0068 0.0092 -0.1295
10417 0.00 1.31 -0.76 0.0193 0.0869 -0.0999 -0.0532 -0.0106
10437 0.00 1.31 1.89 -0.0033 -0.0339 0.0385 0.0146 0.0439
10457 0.00 1.31 -0.23 0.0048 -0.0098 0.0094 -0.0027 0.0290
10477 0.00 1.31 0.00 -0.0081 0.0096 -0.0084 0.0060 -0.0153
10497 0.00 1.31 -0.60 -0.0049 -0.0033 0.0051 0.0065 0.0034
10517 0.00 1.31 0.00 -0.0049 -0.0243 0.0287 0.0124 0.0380
10537 0.00 1.31 0.00 -0.0146 0.0096 -0.0062 0.0134 0.0143
10557 0.00 1.31 0.00 -0.0081 0.0547 -0.0587 -0.0066 -0.0326
10577 0.00 1.31 -1.90 -0.0113 -0.0098 0.0139 0.0159 0.1522
10597 0.00 1.31 0.00 0.0257 0.0031 -0.0115 -0.0295 -0.0134
10617 0.00 1.30 -0.76 -0.0613 -0.0162 0.0271 0.0771 0.0282
10637 0.00 1.31 0.39 0.0838 0.0015 -0.0247 -0.0944 -0.0105
10657 0.00 1.29 -0.57 0.0273 -0.1322 0.1345 0.0375 0.0145
10677 0.00 1.31 0.00 0.0241 -0.0098 0.0042 -0.0239 -0.0290
10697 0.00 1.31 0.00 0.0257 -0.0081 0.0024 -0.0262 -0.0533
10717 0.00 1.30 0.22 0.0112 0.0112 -0.0144 -0.0172 -0.0581
10737 0.00 1.31 0.24 0.0177 0.0176 -0.0231 -0.0267 -0.0478
10757 0.00 1.31 -0.39 -0.0017 -0.0227 0.0251 0.0105 0.0322
10777 0.00 1.31 -0.55 -0.0033 -0.0065 0.0079 0.0061 0.0070
10797 0.00 1.30 0.00 0.0112 -0.0533 0.0555 0.0084 -0.0420
10817 0.00 1.31 0.00 0.0241 0.0128 -0.0208 -0.0312 -0.0179
10837 0.00 1.31 -0.21 0.0241 -0.0098 0.0050 -0.0237 0.1125
10857 0.00 1.31 0.77 0.0225 -0.0323 0.0294 -0.0153 0.0358
10877 0.00 1.31 0.00 -0.0017 0.0031 -0.0030 0.0007 -0.0049
10897 0.00 1.31 0.48 0.0241 0.0595 -0.0718 -0.0475 -0.1163
10917 0.00 1.31 -0.77 -0.0146 0.0128 -0.0106 0.0118 0.0201
10937 0.00 1.30 1.90 -0.0581 -0.0259 0.0408 0.0757 0.0375
10957 0.00 1.31 0.00 0.0257 -0.0355 0.0326 -0.0168 0.0431
10977 0.00 1.31 0.00 0.0435 0.0176 -0.0296 -0.0555 -0.0180
10997 0.00 1.31 0.00 0.0145 0.0483 -0.0564 -0.0337 -0.0631
11017 0.00 1.31 0.00 -0.0081 0.0128 -0.0121 0.0048 -0.0289
11037 0.00 1.31 -0.77 -0.0097 0.0160 -0.0151 0.0057 0.0058
11057 0.00 1.31 0.00 -0.0774 -0.0243 0.0481 0.0947 0.0326
11077 0.00 1.31 -0.23 0.0402 -0.2128 0.2234 0.0350 0.0371
11097 0.00 1.31 1.28 0.0209 -0.0001 -0.0052 -0.0235 -0.0315
11117 0.00 1.31 0.00 -0.0113 -0.0001 0.0034 0.0127 0.0097
11137 0.00 1.31 0.00 -0.0162 0.0209 -0.0185 0.0117 -0.0871
11157 0.00 1.31 -0.77 0.0693 0.0176 -0.0413 -0.0820 -0.0157
11177 0.00 1.31 1.91 0.0273 -0.0323 0.0287 -0.0197 0.0359
11197 0.00 1.30 0.44 -0.0162 0.0176 -0.0159 0.0114 -0.0135
11217 0.00 1.31 -0.77 -0.0049 0.0064 -0.0057 0.0034 0.0128
11237 0.00 1.31 0.00 0.0241 0.0225 -0.0309 -0.0349 -0.0660
11257 0.00 1.31 0.00 0.0257 0.0015 -0.0087 -0.0294 -0.0106
11277 0.00 1.31 0.77 -0.0468 -0.0420 0.0605 0.0650 0.0452
11297 0.00 1.31 0.00 0.0209 -0.0339 0.0321 -0.0119 0.0451
11317 0.00 1.30 0.44 0.0273 -0.0049 0.0014 -0.0291 0.0290
11337 0.00 1.31 0.24 0.0628 0.0289 -0.0479 -0.0806 -0.0321
11357 1.10 1.31 0.77 0.0273 -0.0130 0.0078 -0.0262 0.0282
11377 1.10 0.80 -35.56 -0.9187 0.3319 0.6947 0.6190 0.9502
11397 1.10 0.12 -35.26 -0.1000 -0.8575 0.8357 0.6400 1.0135
11417 1.10 5.68 -40.12 0.7978 -0.5851 0.4925 0.6634 0.8369
11437 1.10 4.80 -46.02 -0.4852 0.4125 0.1585 0.4988 0.5979
11457 1.10 3.91 -42.25 0.9557 -0.2161 0.6355 0.7751 0.9816
11477 1.10 3.21 -32.76 -0.4110 1.0540 0.7637 0.7385 1.0055
11497 1.10 2.58 -31.68 -1.0332 1.0185 0.8870 0.7851 1.1294
11517 1.10 1.93 -35.64 -0.9639 0.1579 0.7697 0.6903 1.0067
11537 1.10 1.18 -38.18 0.6172 -0.9365 0.6904 0.6557 0.9600
11557 1.10 0.47 -33.05 1.1201 -0.0001 0.8376 0.9853 1.2987
11577 1.10 6.09 -35.27 0.0467 0.9895 0.7130 0.9282 1.1370
11597 1.10 5.30 -42.51 -0.7785 0.1192 0.3071 0.7804 0.7879
11617 1.10 4.41 -45.55 0.2385 0.2804 0.3246 0.4055 0.6771
11637 1.10 3.59 -38.04 -0.6995 -0.3192 0.6403 0.8222 0.9600
11657 1.10 2.94 -31.31 0.2111 -1.1444 0.8310 0.8903 1.1900
11677 1.10 2.31 -32.97 0.8816 -0.9848 0.8080 0.7203 1.0912
11697 1.10 1.60 -37.92 0.8364 0.0612 0.5393 0.8456 0.9609
11717 1.10 0.87 -36.92 -0.8672 1.0475 0.7135 0.8634 1.1315
11737 1.10 0.20 -35.02 -1.0654 0.0418 0.7990 0.9043 1.0900
11757 1.10 5.76 -39.01 0.4142 -0.8076 0.5587 0.5832 0.8073
11777 1.10 4.91 -47.63 -0.0597 0.4931 0.2078 0.4965 0.4745
11797 1.10 4.00 -43.66 0.7558 -1.0445 0.4658 0.9729 1.0233
11817 1.10 3.28 -33.13 0.3465 0.6607 0.7930 0.6469 1.0254
11837 1.10 2.64 -31.85 -0.4272 1.0395 0.7843 0.6903 1.0042
11857 1.10 1.99 -34.61 -1.0154 1.0282 0.7082 0.9438 1.1535
11877 1.10 1.25 -38.22 -0.1177 -0.8317 0.7191 0.7445 1.0078
11897 1.10 0.55 -34.42 1.0298 -0.7270 0.7273 0.7690 1.0267
11917 1.10 6.16 -36.34 0.7526 0.3078 0.6827 0.8509 1.0749
11937 1.10 5.38 -43.94 -0.6447 0.3480 0.4193 0.4906 0.6575
11957 1.10 4.47 -46.48 0.8751 -0.1967 0.4907 0.7760 0.9124
11977 1.10 3.64 -38.58 -0.9542 0.2223 0.7284 0.6829 0.9597
11997 1.10 2.99 -31.98 -0.1048 -0.8333 0.8822 0.5280 1.0006
12017 1.10 2.36 -32.36 0.2756 -1.0235 0.7565 0.7414 1.0096
12037 1.10 1.66 -36.89 0.8880 -0.2838 0.6895 0.5894 0.9234
12057 1.10 0.90 -36.96 -0.5883 0.8944 0.6909 0.5908 0.9103
12077 1.10 0.21 -31.79 -0.9913 0.0773 0.8573 0.6935 1.0931
12097 1.10 5.79 -37.43 0.0177 -0.8672 0.5157 0.8465 0.9254
12117 1.10 4.93 -45.08 0.2208 0.6736 0.3633 0.8581 0.9160
12137 1.10 4.03 -43.63 0.3835 -0.7044 0.4548 0.5392 0.8302
12157 1.10 3.30 -33.42 0.7268 0.3899 0.7908 0.8121 1.0980
12177 1.10 2.67 -31.89 -0.0017 1.0830 0.9113 0.8548 1.2936
12197 1.10 2.03 -34.43 -0.7817 0.8767 0.8067 0.5244 0.9371
12217 1.10 1.28 -37.64 -0.3530 -0.5029 0.6351 0.5804 0.8616
12237 1.10 0.57 -34.63 1.0169 -1.0638 0.7091 0.9708 1.2031
12257 1.10 6.19 -35.02 1.0879 -0.0307 0.7846 0.9585 1.2323
12277 1.10 5.42 -42.94 -0.8091 0.9976 0.5142 0.9268 0.9802
12297 1.10 4.53 -46.30 0.4754 -0.6254 0.1033 0.6448 0.6370
12317 1.10 3.68 -37.83 -0.9316 0.7606 0.5518 0.8242 0.9513
12337 1.10 3.03 -30.34 -0.7882 -0.3434 0.8257 0.8151 1.1288
12357 1.10 2.39 -32.11 -0.0355 -0.9832 0.8733 0.7580 1.1778
12377 1.10 1.71 -36.34 0.9267 -1.0493 0.6959 0.9122 1.1413
12397 1.10 0.98 -36.83 0.2095 0.7123 0.7485 0.6113 1.0273
12417 1.10 0.28 -34.72 -1.0316 1.0217 0.6989 0.9575 1.1563
12437 1.10 5.88 -37.35 -0.7592 -0.1596 0.5737 0.7968 0.9290
12457 1.10 5.04 -45.12 0.9267 -0.1887 0.4656 0.8616 0.9253
12477 1.10 4.14 -41.92 -0.4981 -0.0823 0.2589 0.5722 0.5898
12497 1.10 3.38 -35.27 0.9783 -0.2934 0.7972 0.6104 0.9789
12517 1.10 2.74 -32.07 0.8542 0.2932 0.8356 0.8503 1.1789
12537 1.10 2.09 -34.01 0.0209 0.9895 0.7315 0.8935 1.1242
12557 1.10 1.38 -38.64 -0.8559 0.3867 0.5739 0.6367 0.9272
12577 1.10 0.64 -36.17 0.3368 -0.9542 0.6386 0.7273 0.9285
12597 1.10 6.25 -35.43 0.9767 -0.5787 0.6735 0.7148 0.9723
12617 1.10 5.48 -42.24 -0.1129 0.6994 0.3695 0.6537 0.7479
12637 1.10 4.57 -46.84 0.6011 -0.7560 0.4947 0.6270 0.8383
12657 1.10 3.74 -39.80 -0.6786 0.8670 0.7050 0.5786 0.9180
12677 1.10 3.06 -31.66 -1.0573 0.0096 0.9302 0.7822 1.2489
12697 1.10 2.45 -32.43 -0.6592 -0.3869 0.7864 0.7075 1.1916
12717 1.10 1.76 -36.88 0.5657 -0.9010 0.6967 0.5865 0.9097
12737 1.10 1.01 -41.72 0.6688 0.2932 0.5937 0.7874 0.9629
12757 1.10 0.32 -34.01 -0.8075 0.9186 0.8440 0.5412 0.9723
12777 1.10 5.89 -36.92 -0.9913 0.0418 0.6568 0.9087 1.0836
12797 1.10 5.08 -44.69 0.5141 -0.2418 0.3337 0.3914 0.5078
12817 1.10 4.15 -44.46 -0.6963 0.0708 0.2404 0.7277 0.7266
12837 1.10 3.40 -33.75 1.0556 -0.7640 0.7224 0.8166 1.0594
12857 1.10 2.77 -35.04 1.0879 0.0354 0.9090 0.8968 1.2919
12877 1.10 2.13 -33.84 0.3304 0.6881 0.7712 0.6965 1.0810
12897 1.10 1.39 -38.36 -0.7979 0.6962 0.3966 0.7727 0.8432
12917 1.10 0.66 -35.41 0.0161 -0.9720 0.7027 0.8633 1.1010
12937 1.10 6.28 -33.78 0.9976 -1.0348 0.7051 0.9386 1.1278
12957 1.10 5.54 -40.37 0.1386 0.6607 0.6559 0.5471 0.8983
12977 1.10 4.65 -46.84 -0.1564 -0.6013 0.3328 0.7274 0.7958
12997 1.10 3.80 -41.53 0.1772 0.8396 0.5256 0.9507 1.0325
13017 1.10 3.12 -32.80 -1.0686 0.7768 0.7455 0.8151 1.0897
13037 1.10 2.51 -32.05 -0.9896 0.1901 0.8043 0.6753 1.0802
13057 1.10 1.82 -37.49 -0.1048 -0.9027 0.7391 0.8251 1.0960
13077 1.10 1.08 -37.28 0.8880 -0.2402 0.7135 0.5785 0.9243
13097 1.10 0.38 -34.09 -0.0403 1.0346 0.7455 0.9043 1.1782
13117 1.10 5.97 -36.45 -0.9252 0.6930 0.6348 0.7236 0.9263
13137 1.10 5.17 -43.63 0.4367 -0.6158 0.4719 0.4226 0.7559
13157 1.10 4.25 -46.46 -0.5448 0.6091 0.1415 0.6542 0.5962
13177 1.10 3.47 -35.23 0.5947 -1.0429 0.7411 0.7385 1.0593
13197 1.10 2.83 -32.07 1.0588 -0.4820 0.8415 0.6448 1.0493
13217 1.10 2.18 -34.65 1.0943 0.0289 0.8170 0.9860 1.2140
13237 1.10 1.46 -35.64 -0.6915 0.8412 0.7293 0.5231 0.9108
13257 1.10 0.73 -36.46 -0.5513 -0.4175 0.6912 0.6832 0.9289
13277 1.10 0.05 -34.23 0.5979 -0.9671 0.7408 0.6355 0.9336
13297 1.10 5.57 -39.76 0.5753 0.2288 0.4621 0.6877 0.7866
13317 1.10 4.69 -47.91 -0.1274 -0.3192 0.3194 0.3312 0.4649
13337 1.10 3.82 -40.00 0.2240 0.7252 0.6602 0.7407 0.9770
13357 1.10 3.13 -30.85 -1.1041 0.9992 0.7958 0.9231 1.2218
13377 1.10 2.51 -32.86 -1.0058 0.1836 0.8495 0.6525 1.0552
13397 1.10 1.83 -35.58 -0.1064 -0.7963 0.7848 0.5980 0.9560
13417 1.10 1.08 -38.17 0.8493 -0.1290 0.7420 0.5360 0.9222
13437 1.10 0.39 -34.56 0.0596 1.0217 0.7898 0.9240 1.2303
13457 1.10 5.98 -36.22 -0.9284 0.9557 0.6022 0.9062 1.0300
13477 1.10 5.17 -44.12 0.3819 -0.6915 0.4449 0.5310 0.7318
13497 1.10 4.26 -44.67 -0.6206 0.8541 0.2278 0.8529 0.8871
13517 1.10 3.47 -36.71 0.5657 -1.0364 0.7143 0.7529 1.0553
13537 1.10 2.83 -31.41 1.1056 -0.6818 0.8376 0.7368 1.1202
13557 1.10 2.20 -33.92 1.0298 -0.0549 0.8238 0.8149 1.2101
13577 1.10 1.48 -38.73 -0.4465 0.8541 0.6055 0.6028 0.8673
13597 1.10 0.73 -37.34 -0.5770 -0.3434 0.6287 0.6856 0.9161
13617 1.10 0.07 -32.99 0.3690 -0.9977 0.7212 0.7056 0.9626
13637 1.10 5.61 -40.22 1.0298 -0.1613 0.5986 0.9322 1.0593
13657 1.10 4.73 -46.72 -0.6947 0.1675 0.1841 0.7013 0.6879
13677 1.10 3.87 -42.34 0.6785 0.1708 0.4344 0.7863 0.8859
13697 1.10 3.16 -32.61 -0.9574 1.0217 0.8768 0.7354 1.1726
13717 1.10 2.55 -31.93 -1.0783 0.6365 0.8135 0.7166 1.0727
13737 1.10 1.86 -37.65 -0.4143 -0.4739 0.6558 0.6000 0.8884
13757 1.10 1.11 -37.00 0.8558 -0.7044 0.5239 0.7482 0.9190
13777 1.10 0.41 -33.17 0.1498 0.8219 0.8300 0.6369 1.0454
13797 1.10 6.00 -35.38 -0.9139 1.0217 0.7526 0.8331 1.1235
13817 1.10 5.22 -43.66 -0.1274 -0.6818 0.3566 0.7938 0.8483
13837 1.10 4.30 -45.97 -0.5658 0.7091 0.5157 0.5443 0.7788
13857 1.10 3.51 -36.00 -0.0500 -0.9671 0.6582 0.9390 1.1442
13877 1.10 2.88 -31.50 0.9912 -1.0155 0.9157 0.7101 1.1952
13897 1.10 2.25 -34.76 0.9831 -0.5191 0.7206 0.6695 0.9455
13917 1.10 1.54 -36.16 0.1466 0.8154 0.7222 0.7436 1.0248
13937 1.10 0.80 -36.80 -0.9026 0.2836 0.6693 0.6357 0.9612
13957 1.10 0.11 -33.81 -0.0661 -0.9462 0.8273 0.7735 1.1506
13977 1.10 5.67 -39.73 0.7720 -0.3982 0.5443 0.5475 0.7740
13997 1.10 4.80 -48.00 -0.4062 0.2288 0.2307 0.3356 0.4650
14017 1.10 3.90 -41.03 1.0621 -0.2241 0.5201 0.9914 1.0644
14037 1.10 3.21 -33.39 -0.4304 1.0604 0.7551 0.7533 1.0413
14057 1.10 2.57 -31.75 -1.1041 1.0475 0.8877 0.8707 1.2278
14077 1.10 1.92 -35.23 -0.9977 0.1224 0.7646 0.7744 1.0782
14097 1.10 1.18 -38.42 0.6736 -0.8495 0.6862 0.5773 0.9128
14117 1.10 0.47 -34.84 1.0008 0.0692 0.7669 0.9198 1.2479
14137 1.10 6.08 -37.10 -0.0677 0.9573 0.6237 0.8673 1.0423
14157 1.10 5.29 -46.18 -0.3917 -0.1355 0.2774 0.4720 0.5283
14177 1.10 4.38 -45.17 0.2046 0.6784 0.4892 0.7844 0.9255
14197 1.10 3.57 -37.73 -0.4014 -0.5642 0.7197 0.6504 0.8930
14217 1.10 2.92 -31.52 0.5012 -1.0542 0.8171 0.6667 1.0225
14237 1.10 2.28 -33.67 0.9976 -0.8753 0.7529 0.7857 1.1147
14257 1.10 1.58 -37.22 0.5141 0.3255 0.5555 0.6388 0.8787
14277 1.10 0.83 -36.07 -0.9139 0.7897 0.5375 0.8329 0.9347
14297 1.10 0.15 -33.48 -0.4949 -0.5191 0.7551 0.6768 0.9321
14317 1.10 5.72 -43.56 0.8010 -0.9317 0.6530 0.7689 0.9824
14337 1.10 4.86 -46.00 -0.6625 0.7832 0.5320 0.6544 0.8663
14357 1.10 3.98 -43.26 0.7333 -0.9623 0.3472 0.9435 0.9339
14377 1.10 3.26 -34.06 0.1305 0.8928 0.8201 0.7538 1.1374
14397 1.10 2.64 -32.85 -0.4014 1.0314 0.7632 0.7061 1.0070
14417 1.10 1.97 -35.99 -0.9461 0.7381 0.5850 0.8040 0.9388
14437 1.10 1.24 -37.21 -0.1322 -0.9027 0.6783 0.8992 1.0858
14457 1.10 0.52 -33.26 0.9718 -0.4353 0.7084 0.6678 0.9740
14477 1.10 6.12 -34.94 0.1208 0.7639 0.7842 0.5527 1.0284
14497 1.10 5.33 -42.09 -0.9445 0.1965 0.5396 0.8380 0.9597
14517 1.10 4.44 -45.85 0.7558 -0.1645 0.1973 0.7700 0.7159
14537 1.10 3.61 -37.80 -1.0348 0.0902 0.6398 0.9512 1.1358
14557 1.10 2.98 -31.59 -0.0258 -0.9897 0.9135 0.7117 1.1669
14577 1.10 2.35 -33.18 0.3948 -1.0396 0.7528 0.7314 0.9806
14597 1.10 1.64 -37.23 0.8945 -0.1065 0.7574 0.6173 0.9586
14617 1.10 0.89 -36.95 -0.6447 0.8993 0.7133 0.5921 0.9217
14637 1.10 0.21 -34.18 -1.0042 0.0789 0.8436 0.7317 1.1136
14657 1.10 5.79 -38.79 -0.0097 -0.8479 0.5173 0.8379 0.9304
14677 1.10 4.94 -46.39 0.2095 0.6801 0.3873 0.8456 0.9021
14697 1.10 4.05 -43.16 0.0854 -0.6867 0.3205 0.6764 0.7096
14717 1.10 3.31 -34.14 0.7397 0.3287 0.7537 0.7935 1.1140
14737 1.10 2.69 -31.14 0.0886 0.9250 0.8951 0.6778 1.1498
14757 1.10 2.03 -34.95 -0.7995 0.8928 0.8063 0.5595 0.9479
14777 1.10 1.29 -38.36 -0.4884 -0.3224 0.5446 0.6083 0.8636
14797 1.10 0.56 -34.67 1.0041 -1.0380 0.6893 0.9571 1.1833
14817 1.10 6.18 -35.40 1.0605 -0.0081 0.7738 0.9429 1.2016
14837 1.10 5.42 -41.70 -0.8075 1.0088 0.5078 0.9393 0.9709
14857 1.10 4.53 -47.00 0.4142 -0.3966 0.1727 0.4354 0.4403
14877 1.10 3.68 -39.68 -0.8672 0.6607 0.5085 0.7497 0.9045
14897 1.10 3.03 -32.39 -0.6963 -0.4030 0.8068 0.7656 0.9892
14917 1.10 2.39 -32.51 -0.0033 -1.0396 0.8621 0.8380 1.2213
14937 1.10 1.70 -38.54 0.8671 -0.9059 0.5373 0.8720 0.9614
14957 1.10 0.97 -36.07 0.1595 0.8154 0.7375 0.7416 1.0583
14977 1.10 0.27 -33.92 -1.0509 0.8928 0.7400 0.8582 1.1082
14997 1.10 5.87 -36.87 -0.6302 -0.2644 0.5695 0.7216 0.8917
15017 1.10 5.02 -44.71 0.8848 -0.1709 0.3552 0.8689 0.8923
15037 1.10 4.13 -44.12 -0.2676 -0.3595 0.4210 0.4677 0.6221
15057 1.10 3.38 -33.84 0.9783 -0.3434 0.7635 0.6343 1.0051
15077 1.10 2.74 -34.35 0.6624 0.4222 0.7764 0.7697 1.1035
15097 1.10 2.08 -34.12 -0.2321 0.9541 0.6562 0.7479 0.9435
15117 1.10 1.35 -37.73 -0.9365 0.1836 0.7093 0.6941 0.9556
15137 1.10 0.62 -35.77 0.4883 -0.9591 0.6867 0.6696 0.9284
15157 1.10 6.23 -34.69 0.9380 -0.2225 0.7997 0.5668 0.9578
15177 1.10 5.45 -41.82 -0.5496 0.6962 0.5777 0.4527 0.7471
15197 1.10 4.56 -46.72 0.6914 -0.9317 0.4150 0.8738 0.9246
15217 1.10 3.72 -36.86 -0.8607 1.0798 0.6397 0.9453 1.1343
15237 1.10 3.07 -32.05 -1.0316 0.0257 0.9276 0.7237 1.2046
15257 1.10 2.44 -31.70 -0.4368 -0.5497 0.7856 0.6003 0.9334
15277 1.10 1.76 -36.83 0.6301 -0.8688 0.7096 0.5498 0.9445
15297 1.10 0.99 -37.15 0.3078 0.6220 0.7061 0.6315 1.0316
15317 1.10 0.30 -34.86 -0.9751 1.0540 0.7923 0.8665 1.2781
15337 1.10 5.90 -37.03 -1.0316 0.0692 0.6859 0.9271 1.1329
15357 1.10 5.07 -44.00 0.5898 -0.1210 0.4942 0.3795 0.6647
15377 1.10 4.17 -44.83 -0.7737 0.1643 0.3004 0.7578 0.8213
15397 1.10 3.41 -35.52 1.0105 -0.7399 0.6992 0.7781 1.0113
15417 1.10 2.78 -30.82 1.0137 -0.0049 0.9353 0.6990 1.2176
15437 1.10 2.13 -34.56 0.1289 0.7864 0.8127 0.5668 1.0046
15457 1.10 1.40 -37.19 -0.8543 0.6994 0.5231 0.7449 0.9114
15477 1.10 0.66 -35.16 -0.0790 -1.0251 0.7506 0.9767 1.2192
15497 1.10 0.00 -34.41 1.0041 -0.9623 0.7854 0.8208 1.1899
15517 1.10 5.56 -40.25 0.1595 0.5834 0.6130 0.4858 0.8856
15537 1.10 4.65 -47.64 -0.1773 -0.6480 0.3411 0.7992 0.8448
15557 1.10 3.79 -41.47 0.0016 0.7703 0.4123 0.7891 0.8883
15577 1.10 3.11 -31.04 -1.1009 0.6220 0.8204 0.7387 1.0527
15597 1.10 2.48 -32.94 -1.0815 0.0096 0.8410 0.9157 1.2898
15617 1.10 1.81 -36.85 -0.0871 -0.9623 0.7041 0.9277 1.1413
15637 1.10 1.06 -37.84 0.9976 -0.1532 0.7253 0.7926 1.0920
15657 1.10 0.38 -34.50 -0.0146 0.9992 0.7092 0.8994 1.1116
15677 1.10 5.97 -36.11 -0.9300 0.7042 0.6334 0.7348 0.9218
15697 1.10 5.15 -44.22 0.6108 -0.7254 0.5653 0.5372 0.8132
15717 1.10 4.26 -46.75 -0.5658 0.7058 0.1769 0.7261 0.7060
15737 1.10 3.46 -36.02 0.6946 -0.9446 0.7589 0.6182 1.0183
15757 1.10 2.83 -28.30 1.0814 -0.5868 0.8484 0.6726 1.0812
15777 1.10 2.18 -33.99 1.0041 0.0515 0.7473 0.9262 1.1629
15797 1.10 1.47 -37.64 -0.5416 0.8847 0.6640 0.5957 0.8938
15817 1.10 0.72 -35.54 -0.4900 -0.4675 0.7023 0.6508 0.9267
15837 1.10 0.06 -33.27 0.4996 -0.9784 0.7283 0.6534 0.9379
15857 1.10 5.59 -39.48 0.8332 0.0096 0.4844 0.8376 0.9096
15877 1.10 4.71 -46.72 -0.3385 -0.0694 0.1685 0.4026 0.4094
15897 1.10 3.84 -43.88 0.1756 0.6543 0.6599 0.5741 0.8998
15917 1.10 3.14 -32.87 -1.0590 1.0459 0.8017 0.9133 1.2318
15937 1.10 2.53 -31.62 -1.0573 0.5576 0.7228 0.7724 1.0483
15957 1.10 1.84 -36.02 -0.1016 -0.7560 0.7638 0.5429 0.9238
15977 1.10 1.10 -37.61 0.9138 -0.4465 0.6526 0.6397 0.9128
15997 1.10 0.39 -34.14 0.0660 1.0088 0.8080 0.8936 1.2283
16017 1.10 5.99 -35.19 -0.9655 1.0153 0.6639 0.9324 1.1433
16037 1.10 5.20 -45.16 0.0112 -0.5980 0.2664 0.6301 0.6638
16057 1.10 4.28 -45.87 -0.6931 0.8912 0.4769 0.8052 0.9175
16077 1.10 3.51 -36.70 0.0306 -0.9816 0.6439 0.9118 1.0470
16097 1.10 2.87 -32.16 1.0234 -1.0396 0.8687 0.8150 1.3063
16117 1.10 2.24 -33.18 1.0057 -0.3933 0.7908 0.6339 0.9685
16137 1.10 1.53 -39.15 0.1289 0.8976 0.6421 0.9155 1.1036
16157 1.10 0.79 -36.69 -0.9494 0.2062 0.7377 0.6732 0.9668
16177 1.10 0.11 -31.28 -0.0661 -0.9478 0.8417 0.7606 1.1519
16197 1.10 5.67 -38.49 0.8090 -0.4465 0.5669 0.5793 0.8283
16217 1.10 4.81 -47.17 -0.3949 0.2610 0.2072 0.3441 0.3664
16237 1.10 3.90 -43.17 1.0588 -0.2386 0.5179 0.9826 1.1180
16257 1.10 3.21 -32.44 -0.4352 1.0701 0.7753 0.7464 1.0494
16277 1.10 2.58 -31.39 -1.0573 0.9637 0.9024 0.7456 1.2411
16297 1.10 1.92 -36.08 -0.9751 0.1224 0.7695 0.7325 1.0609
16317 1.10 1.17 -37.38 0.6785 -0.9107 0.7139 0.6214 0.9549
16337 1.10 0.47 -34.62 1.0782 0.0176 0.8103 0.9586 1.2490
16357 1.10 6.07 -35.30 -0.1129 0.9750 0.6447 0.8497 1.0329
16377 1.10 5.30 -42.23 -0.6963 0.0289 0.3164 0.7215 0.7150
16397 1.10 4.38 -45.55 0.1805 0.6317 0.5175 0.6779 0.8877
16417 1.10 3.59 -35.51 -0.7559 -0.2225 0.6371 0.8039 0.8669
16437 1.10 2.94 -31.44 0.2820 -1.1460 0.8120 0.8757 1.1536
16457 1.10 2.32 -33.17 0.8300 -0.9510 0.8146 0.6390 1.0333
16477 1.10 1.60 -37.64 0.7784 0.0805 0.5158 0.7962 0.9404
16497 1.10 0.85 -36.30 -0.9622 1.1007 0.6619 0.9998 1.1832
16517 1.10 0.19 -34.11 -1.0219 -0.0146 0.7530 0.9195 1.1406
16537 1.10 5.77 -39.54 0.3352 -0.8076 0.5239 0.6196 0.8213
16557 1.10 4.90 -46.72 -0.1983 0.4544 0.2638 0.3715 0.4415
16577 1.10 4.00 -43.21 0.7268 -1.0042 0.5101 0.9030 0.9892
16597 1.10 3.28 -33.66 0.2465 0.7478 0.8156 0.6379 1.1195
16617 1.10 2.65 -32.44 -0.2628 1.0556 0.7656 0.7884 1.1005
16637 1.10 1.98 -34.67 -0.9526 0.9541 0.5928 0.9274 0.9994
16657 1.10 1.26 -36.89 -0.1242 -0.7850 0.7343 0.6580 0.9470
16677 1.10 0.55 -37.74 1.0234 -0.8059 0.6699 0.8449 1.0430
16697 1.10 6.15 -35.00 0.5141 0.4464 0.6933 0.6657 0.8419
16717 1.10 5.38 -42.31 -0.6399 0.3803 0.3954 0.5078 0.6622
16737 1.10 4.45 -46.59 0.8945 -0.2161 0.3146 0.8788 0.9283
16757 1.10 3.64 -37.89 -0.9590 0.2239 0.7080 0.7110 0.9631
16777 1.10 2.98 -31.01 -0.0500 -0.9413 0.9218 0.6307 1.1238
16797 1.10 2.36 -33.12 0.3851 -1.0187 0.7365 0.7183 0.9539
16817 1.10 1.65 -36.71 0.8751 -0.1065 0.7586 0.5799 0.9352
16837 1.10 0.91 -37.12 -0.4449 0.9057 0.6441 0.6368 0.9050
16857 1.10 0.21 -34.21 -0.9832 0.0805 0.8225 0.7179 1.0971
16877 1.10 5.79 -38.73 0.0032 -0.8591 0.5170 0.8445 0.9200
16897 1.10 4.94 -47.52 0.1805 0.6897 0.3928 0.8303 0.9029
16917 1.10 4.05 -42.87 0.0725 -0.6947 0.3255 0.6910 0.7281
16937 1.10 3.31 -35.59 0.8235 0.2868 0.7479 0.8771 1.2277
16957 1.10 2.69 -31.88 0.0950 0.9057 0.8645 0.6878 1.1303
16977 1.10 2.03 -35.38 -0.7995 0.8928 0.7871 0.5863 0.9516
16997 1.10 1.29 -37.63 -0.5013 -0.3611 0.5823 0.6412 0.8372
17017 1.10 0.56 -34.73 0.9912 -0.9429 0.7021 0.8696 1.0667
17037 1.10 6.19 -35.51 1.0427 0.0176 0.7744 0.9353 1.1891
17057 1.10 5.41 -40.80 -0.7898 0.9315 0.4899 0.8762 0.9322
17077 1.10 4.53 -46.62 0.4464 -0.4981 0.1421 0.5290 0.5192
17097 1.10 3.68 -39.40 -0.9203 0.6994 0.5410 0.7940 0.9269
17117 1.10 3.02 -31.73 -0.6947 -0.3724 0.7834 0.7480 1.1241
17137 1.10 2.39 -32.50 -0.0307 -0.9977 0.8609 0.7926 1.1931
17157 1.10 1.71 -36.50 0.9396 -1.0187 0.6753 0.9102 1.0950
17177 1.10 0.96 -35.59 0.1466 0.8654 0.7324 0.8122 1.1059
17197 1.10 0.28 -33.98 -1.0573 1.0524 0.7946 0.9231 1.2616
17217 1.10 5.88 -36.73 -0.8365 -0.0549 0.5642 0.8246 0.9368
17237 1.10 5.05 -44.46 0.8042 -0.1194 0.5723 0.6524 0.9016
17257 1.10 4.16 -44.66 -0.7995 0.1385 0.2657 0.8121 0.8294
17277 1.10 3.39 -33.77 1.0492 -0.6254 0.7567 0.7360 1.0387
17297 1.10 2.77 -31.74 1.0556 0.0289 0.9464 0.7948 1.2819
17317 1.10 2.12 -34.13 0.1466 0.7880 0.8053 0.6018 0.9865
17337 1.10 1.38 -37.81 -0.8801 0.4850 0.5925 0.6527 0.8743
17357 1.10 0.66 -35.80 -0.0162 -1.0090 0.6997 0.9434 1.1378
17377 1.10 6.28 -34.55 1.0105 -1.0574 0.7265 0.9485 1.1965
17397 1.10 5.53 -40.20 0.1627 0.7252 0.6426 0.6934 0.9360
17417 1.10 4.66 -46.55 -0.1757 -0.6528 0.4625 0.7406 0.8766
17437 1.10 3.80 -39.91 0.1531 0.8348 0.4851 0.9462 1.0119
17457 1.10 3.13 -30.26 -1.1009 0.9186 0.7719 0.8926 1.1520
17477 1.10 2.50 -31.81 -1.0009 0.1160 0.8560 0.6826 1.1050
17497 1.10 1.83 -35.95 -0.1000 -0.8479 0.7689 0.7026 1.0142
17517 1.10 1.08 -37.60 0.8816 -0.1403 0.7639 0.5603 0.9320
17537 1.10 0.37 -34.73 -0.0597 0.9702 0.6805 0.8481 1.0506
17557 1.10 5.97 -36.89 -0.8784 0.6881 0.5595 0.7356 0.9130
17577 1.10 5.17 -44.03 0.4496 -0.6544 0.4799 0.4668 0.7475
17597 1.10 4.24 -43.43 -0.5480 0.6027 0.1720 0.6440 0.6246
17617 1.10 3.47 -36.27 0.6172 -0.9929 0.7391 0.6775 1.0502
17637 1.10 2.82 -31.45 1.0782 -0.5158 0.8382 0.6786 1.0554
17657 1.10 2.19 -34.40 0.8751 0.0225 0.6392 0.7995 1.2408
17677 1.10 1.46 -37.66 -0.6625 0.8509 0.7022 0.5529 0.9074
17697 1.10 0.73 -35.17 -0.5980 -0.3579 0.6658 0.6998 0.9272
17717 1.10 0.05 -34.31 0.5641 -0.9623 0.7428 0.6192 0.9319
17737 1.10 5.59 -39.87 0.6946 0.0902 0.4256 0.7459 0.7903
17757 1.10 4.71 -47.30 -0.3627 -0.0339 0.1428 0.4159 0.4055
17777 1.10 3.82 -41.58 0.2143 0.7494 0.6187 0.8007 1.0123
17797 1.10 3.15 -31.83 -1.0557 1.0862 0.8754 0.8738 1.2578
17817 1.10 2.53 -32.64 -0.9961 0.3287 0.8015 0.6228 0.9828
17837 1.10 1.84 -37.66 -0.0758 -0.7447 0.7687 0.4811 0.9055
17857 1.10 1.08 -36.18 0.8751 -0.2290 0.7104 0.5648 0.9272
17877 1.10 0.39 -34.41 0.0628 1.0056 0.7912 0.9008 1.2036
17897 1.10 5.99 -35.99 -0.9252 0.9702 0.6069 0.9117 1.0509
17917 1.10 5.17 -43.78 0.3400 -0.6528 0.4096 0.5085 0.7430
17937 1.10 4.26 -45.32 -0.6560 0.8348 0.3354 0.8125 0.8926
17957 1.10 3.48 -35.71 0.4174 -0.9961 0.6679 0.7448 0.9321
17977 1.10 2.85 -29.87 1.1201 -0.9671 0.8323 0.8848 1.2259
17997 1.10 2.21 -33.97 0.9912 -0.0613 0.8347 0.7328 1.1452
18017 1.10 1.50 -37.91 -0.1564 0.8154 0.5160 0.6948 0.8841
18037 1.10 0.76 -36.35 -1.0525 0.0531 0.7240 0.9391 1.1775
18057 1.10 0.09 -34.67 0.0628 -1.0139 0.7141 0.8837 1.0823
18077 1.10 5.65 -38.79 0.7913 -0.0936 0.7181 0.4818 0.8927
18097 1.10 4.78 -48.09 -0.5883 0.0966 0.4490 0.4433 0.6511
18117 1.10 3.89 -44.05 0.9396 -0.1451 0.4304 0.9154 0.9271
18137 1.10 3.20 -31.19 -0.4900 1.0540 0.7594 0.7321 1.0161
18157 1.10 2.57 -32.10 -1.0928 1.0540 0.8273 0.9237 1.2263
18177 1.10 1.91 -35.37 -1.0332 0.1208 0.7134 0.8760 1.1426
18197 1.10 1.17 -37.42 0.7059 -0.8833 0.6983 0.6210 0.9282
18217 1.10 0.45 -34.56 0.8106 0.2578 0.7340 0.8393 1.0929
18237 1.10 6.06 -35.97 -0.2837 0.9702 0.6399 0.7653 0.9374
18257 1.10 5.28 -46.08 -0.3885 -0.2322 0.3327 0.5316 0.5784
18277 1.10 4.36 -46.08 0.2272 0.6962 0.3663 0.8897 0.9284
18297 1.10 3.56 -37.42 -0.1854 -0.7044 0.7519 0.5623 0.9266
18317 1.10 2.90 -31.90 0.7462 -0.9768 0.8350 0.5876 1.0573
18337 1.10 2.26 -33.23 1.0298 -0.7560 0.7077 0.7981 1.0547
18357 1.10 1.54 -37.56 0.1531 0.7993 0.7189 0.7276 1.0172
18377 1.10 0.81 -35.75 -0.9687 0.4995 0.6842 0.6859 0.9222
18397 1.10 0.12 -34.56 -0.0871 -0.8124 0.8118 0.5704 0.9651
18417 1.10 5.68 -38.44 0.7526 -0.4997 0.5213 0.5612 0.7919
18437 1.10 4.82 -46.86 -0.5158 0.5060 0.2320 0.5424 0.5592
18457 1.10 3.92 -42.39 0.8816 -0.1919 0.6409 0.6700 0.9289
18477 1.10 3.22 -32.70 -0.2160 1.0991 0.7736 0.8705 1.1689
18497 1.10 2.60 -31.46 -0.9058 0.9766 0.8780 0.6444 1.0907
18517 1.10 1.93 -35.67 -0.9123 0.1643 0.7561 0.6116 0.9322
18537 1.10 1.18 -37.60 0.5850 -0.8543 0.6695 0.5610 0.9284
18557 1.10 0.48 -34.90 1.0943 -0.0178 0.7982 0.9663 1.2432
18577 1.10 6.08 -35.35 -0.1242 0.9186 0.6040 0.7928 0.9319
18597 1.10 5.30 -43.56 -0.6818 0.0160 0.2999 0.7180 0.7226
18617 1.10 4.38 -46.34 0.1853 0.6607 0.4932 0.7401 0.9128
18637 1.10 3.58 -36.63 -0.6044 -0.3547 0.6550 0.7152 0.9277
18657 1.10 2.93 -31.55 0.4158 -1.0429 0.7642 0.7200 1.0192
18677 1.10 2.30 -33.01 0.9267 -0.9800 0.8445 0.7081 1.1348
18697 1.10 1.59 -37.67 0.7478 0.1321 0.5324 0.7854 0.9088
18717 1.10 0.86 -36.25 -0.8881 1.0540 0.7054 0.8871 1.1324
18737 1.10 0.18 -34.52 -0.9542 -0.0823 0.7377 0.8852 1.1215
18757 1.10 5.76 -39.29 0.4045 -0.8221 0.5543 0.6071 0.8170
18777 1.10 4.89 -46.01 -0.3353 0.4480 0.3559 0.3009 0.4645
18797 1.10 3.99 -44.03 0.7575 -1.0364 0.4544 0.9716 0.9953
18817 1.10 3.28 -33.50 0.3142 0.6656 0.7809 0.6255 1.1144
18837 1.10 2.64 -32.57 -0.4352 1.0314 0.7628 0.7003 1.0021
18857 1.10 1.98 -35.51 -0.9735 0.8122 0.6518 0.8148 0.9953
18877 1.10 1.23 -37.76 -0.1306 -0.9139 0.6411 0.9405 1.1078
18897 1.10 0.53 -34.86 1.0041 -0.5142 0.7376 0.6813 0.9640
18917 1.10 6.12 -35.41 0.1144 0.7768 0.7971 0.5523 1.0192
18937 1.10 5.35 -41.41 -0.7914 0.1192 0.6410 0.5633 0.8661
18957 1.10 4.43 -46.37 0.5915 -0.1000 0.1462 0.6160 0.6753
18977 1.10 3.62 -37.62 -1.0573 0.1708 0.6914 0.9003 1.1444
18997 1.10 2.97 -32.51 -0.0146 -0.9897 0.8907 0.7293 1.1752
19017 1.10 2.35 -33.31 0.4109 -1.0139 0.7281 0.7141 0.9623
19037 1.10 1.64 -38.38 0.9138 -0.1194 0.7410 0.6616 0.9885
19057 1.10 0.91 -37.49 -0.4884 0.9041 0.6366 0.6433 0.9021
19077 1.10 0.21 -34.24 -1.0219 0.0692 0.8184 0.7966 1.1453
19097 1.10 5.78 -37.86 0.0306 -0.8366 0.4915 0.8116 0.9174
19117 1.10 4.95 -44.63 0.1805 0.6736 0.5007 0.7481 0.9152
19137 1.10 4.05 -43.16 0.1724 -0.7028 0.3610 0.6374 0.7347
19157 1.10 3.30 -33.32 0.6978 0.3964 0.7711 0.7955 1.1798
19177 1.10 2.69 -31.66 0.0257 0.9927 0.8938 0.7415 1.2010
19197 1.10 2.03 -35.11 -0.8188 0.9121 0.7959 0.6114 0.9702
19217 1.10 1.29 -37.63 -0.4658 -0.3434 0.5500 0.5978 0.8159
19237 1.10 0.56 -35.21 0.9815 -0.9381 0.6933 0.8657 1.1014
19257 1.10 6.19 -34.81 1.0298 0.0096 0.7559 0.9251 1.1773
19277 1.10 5.43 -39.77 -0.7479 0.8783 0.5976 0.7357 0.9282
19297 1.10 4.53 -46.22 0.4432 -0.5062 0.1415 0.5332 0.5191
19317 1.10 3.70 -39.23 -0.8849 0.9460 0.5176 0.9236 0.9956
19337 1.10 3.03 -31.38 -0.8768 -0.2128 0.8107 0.8228 1.2447
19357 1.10 2.42 -32.45 -0.1628 -0.7640 0.8189 0.5558 0.9505
19377 1.10 1.71 -37.25 0.9364 -1.0429 0.6464 0.9482 1.1372
19397 1.10 0.98 -38.41 0.1466 0.7510 0.7447 0.6105 0.9504
19417 1.10 0.29 -31.96 -1.0138 1.0991 0.7760 0.9451 1.2339
19437 1.10 5.87 -37.31 -0.6254 -0.1645 0.4994 0.6673 0.8433
19457 1.10 5.05 -44.40 0.7945 -0.1129 0.5817 0.6330 0.8930
19477 1.10 4.14 -44.38 -0.5416 -0.0613 0.2705 0.6060 0.6349
19497 1.10 3.39 -34.45 1.0008 -0.4610 0.7876 0.6192 0.9550
19517 1.10 2.75 -31.39 0.9557 0.1756 0.8364 0.8848 1.1877
19537 1.10 2.11 -34.58 0.0950 0.8944 0.8102 0.7317 1.1086
19557 1.10 1.37 -37.13 -0.8768 0.3803 0.6235 0.6201 0.8927
19577 1.10 0.65 -35.49 0.1047 -1.0026 0.6782 0.8689 1.0306
19597 1.10 6.27 -34.22 0.9541 -0.8156 0.6977 0.7592 1.0339
19617 1.10 5.52 -40.95 0.1724 0.7945 0.5684 0.8606 0.9673
19637 1.10 4.63 -46.71 -0.1048 -0.5819 0.2293 0.7034 0.6744
19657 1.10 3.79 -41.14 -0.0339 0.7735 0.4231 0.7651 0.8613
19677 1.10 3.10 -31.24 -0.9913 0.3899 0.7928 0.6073 0.9655
19697 1.10 2.48 -33.05 -1.0332 -0.0436 0.8027 0.9172 1.2296
19717 1.10 1.79 -36.58 0.1514 -0.9123 0.5865 0.7824 0.9220
19737 1.10 1.05 -37.45 1.0685 -0.1387 0.6999 0.9276 1.1496
19757 1.10 0.36 -33.96 -0.2273 1.0217 0.6910 0.8208 1.0378
19777 1.10 5.95 -36.02 -0.9316 0.4641 0.6790 0.6378 0.9011
19797 1.10 5.14 -45.35 0.6946 -0.8253 0.5547 0.6923 0.9086
19817 1.10 4.23 -47.31 -0.5077 0.3352 0.2544 0.4493 0.5907
19837 1.10 3.45 -40.17 0.7978 -0.9671 0.7495 0.7107 1.0219
19857 1.10 2.82 -31.67 1.0105 -0.3353 0.8408 0.5939 1.0106
19877 1.10 2.17 -34.14 0.7204 0.2513 0.6641 0.7592 1.0265
19897 1.10 1.44 -38.42 -0.8253 0.9976 0.6597 0.8378 1.0359
19917 1.10 0.72 -35.97 -0.3981 -0.5352 0.7062 0.6153 0.9159
19937 1.10 0.04 -34.42 0.7784 -0.9526 0.7999 0.6239 1.0111
19957 1.10 5.56 -40.25 0.2820 0.4576 0.5458 0.5093 0.8602
19977 1.10 4.67 -45.62 -0.0984 -0.5577 0.4857 0.5147 0.7290
19997 1.10 3.81 -41.36 0.2224 0.8541 0.5838 0.9752 1.1057
20017 1.10 3.14 -32.26 -1.1363 1.0733 0.8472 0.9558 1.2463
20037 1.10 2.52 -32.25 -0.9429 0.2094 0.7810 0.6087 1.0316
20057 1.10 1.83 -37.92 -0.1000 -0.7898 0.7372 0.6379 0.9342
20077 1.10 1.08 -37.49 0.8687 -0.1613 0.7303 0.5663 0.9250
