--- Terminal on /dev/ttyUSB0 | 115200 8-N-1
--- Available filters and text transformations: colorize, debug, default, direct, esp32_exception_decoder, hexlify, log2file, nocontrol, printable, send_on_enter, time
--- More details at https://bit.ly/pio-monitor-filters
--- Quit: Ctrl+C | Menu: Ctrl+T | Help: Ctrl+T followed by Ctrl+H
MOT: Init
MOT: Enable driver.
MOT: Align sensor.
MOT: sensor_direction==CCW
MOT: PP check: OK!
MOT: Zero elec. angle: 1.00
MOT: Align current sense.
CS: Inv B
MOT: Success: 3
MOT: Ready.
0 0.00 1.44 -0.05 0.0233 0.0147 -0.0345 0.0165 -0.0410
8378 0.00 1.43 -1.03 -0.0283 0.0163 0.0230 0.0166 0.0211
8398 0.00 1.41 -1.93 0.0104 -0.0047 -0.0076 -0.0071 -0.0522
8418 0.00 1.35 -2.34 -0.0251 -0.0127 0.0334 0.0191 0.0391
8438 0.00 1.33 0.75 0.0620 0.0034 -0.0323 -0.0661 -0.0072
8458 0.00 1.33 0.00 0.0217 0.0082 -0.0202 -0.0234 -0.0262
8478 0.00 1.33 0.44 0.0297 0.0292 -0.0499 -0.0313 -0.0182
8498 0.00 1.34 -0.50 -0.0202 0.0034 0.0085 0.0199 -0.0409
8518 0.00 1.33 0.00 0.0136 -0.0111 0.0059 -0.0133 0.0274
8538 0.00 1.33 -0.47 0.0136 -0.0160 0.0110 -0.0133 0.0245
8558 0.00 1.34 0.74 -0.0138 -0.0127 0.0222 0.0145 0.1043
8578 0.00 1.33 -1.23 -0.0122 0.0324 -0.0311 0.0102 -0.0284
8598 0.00 1.33 0.22 -0.0186 0.0114 -0.0030 0.0185 -0.0163
8618 0.00 1.33 0.50 -0.0251 0.0292 -0.0204 0.0241 -0.0203
8638 0.00 1.33 0.00 -0.0154 -0.0127 0.0231 0.0161 -0.0288
8658 0.00 1.34 0.00 -0.0009 0.0195 -0.0220 0.0010 -0.0160
8678 0.00 1.33 -0.75 0.0201 -0.0192 0.0115 -0.0195 0.0257
8698 0.00 1.34 1.84 -0.0057 0.0114 -0.0097 0.0061 -0.0239
8718 0.00 1.34 0.00 0.0217 -0.0160 0.0051 -0.0219 0.0274
8738 0.00 1.34 0.00 0.0168 -0.0192 0.0121 -0.0171 -0.0884
8758 0.00 1.34 0.63 0.0201 0.0066 -0.0196 -0.0197 -0.0290
8778 0.00 1.34 -0.42 0.0587 0.0163 -0.0548 -0.0568 -0.0145
8798 0.00 1.33 0.00 0.0217 0.0276 -0.0433 -0.0238 -0.0117
8818 0.00 1.33 -0.75 0.0201 -0.0176 0.0097 -0.0196 -0.0290
8838 0.00 1.33 0.00 -0.0057 -0.0111 0.0158 0.0067 0.0109
8858 0.00 1.33 -0.44 -0.0073 0.0114 -0.0092 0.0071 -0.0160
8878 0.00 1.34 0.00 0.0233 0.0807 -0.1063 -0.0248 -0.1164
8898 0.00 1.31 -0.38 0.0201 -0.0289 0.0263 -0.0136 0.0323
8918 0.00 1.32 0.00 0.0168 -0.0063 0.0009 -0.0170 -0.0233
8938 0.00 1.32 0.00 -0.0218 0.0034 0.0042 0.0231 0.0291
8958 0.00 1.32 1.23 0.0233 -0.0289 0.0250 -0.0176 -0.0441
8978 0.00 1.32 -0.22 -0.0089 0.0114 -0.0097 0.0072 -0.0141
8998 0.00 1.31 0.00 -0.0057 -0.0321 0.0368 0.0174 0.1529
9018 0.00 1.32 1.13 0.0201 0.0066 -0.0156 -0.0230 -0.0105
9038 0.00 1.32 0.00 0.0974 0.0034 -0.0415 -0.1067 -0.0059
9058 0.00 1.32 0.00 -0.0186 0.0130 -0.0070 0.0178 -0.0348
9078 0.00 1.32 -1.25 0.0217 -0.0127 0.0057 -0.0210 -0.0865
9098 0.00 1.33 0.00 0.0168 -0.0176 0.0127 -0.0153 -0.0341
9118 0.00 1.32 0.00 -0.0122 0.0034 0.0007 0.0125 0.0420
9138 0.00 1.33 0.62 0.0185 -0.0031 -0.0046 -0.0192 -0.0262
9158 0.00 1.33 -0.37 -0.0218 -0.0144 0.0269 0.0246 -0.0465
9178 0.00 1.32 -0.53 -0.0089 0.0453 -0.0480 0.0002 0.0344
9198 0.00 1.33 0.00 -0.0073 0.0098 -0.0078 0.0066 -0.0431
9218 0.00 1.33 0.00 -0.0138 0.0098 -0.0049 0.0133 -0.0198
9238 0.00 1.33 0.00 -0.0089 -0.0095 0.0150 0.0107 0.1582
9258 0.00 1.32 0.00 -0.0122 0.0066 -0.0032 0.0118 0.0224
9278 0.00 1.33 0.42 -0.0154 0.0002 0.0074 0.0160 0.0239
9298 0.00 1.32 0.00 0.0201 0.0098 -0.0185 -0.0242 -0.0893
9318 0.00 1.32 -1.49 0.0007 -0.0127 0.0142 0.0019 0.0257
9338 0.00 1.32 1.23 -0.0122 0.0114 -0.0083 0.0108 -0.0117
9358 0.00 1.32 -0.22 0.0201 -0.0160 0.0097 -0.0188 0.0788
9378 0.00 1.32 -0.50 -0.0122 0.0098 -0.0065 0.0112 0.0060
9398 0.00 1.32 -0.41 -0.0089 -0.0321 0.0404 0.0151 0.0273
9418 0.00 1.31 0.00 0.0201 -0.0289 0.0263 -0.0136 0.0352
9438 0.00 1.32 0.00 0.0217 -0.0369 0.0343 -0.0141 0.0961
9458 0.00 1.32 1.25 0.0652 0.0195 -0.0473 -0.0750 -0.0163
9478 0.00 1.33 0.44 0.0217 -0.0385 0.0342 -0.0179 0.0296
9498 0.00 1.33 0.00 0.0168 -0.0144 0.0090 -0.0158 0.0284
9518 0.00 1.34 -0.83 0.0217 -0.0385 0.0315 -0.0223 -0.1023
9538 0.00 1.33 -0.47 0.0040 -0.0160 0.0165 -0.0021 0.0245
9558 0.00 1.33 0.00 0.0201 0.0356 -0.0513 -0.0234 0.0229
9578 0.00 1.32 0.00 -0.0122 0.0147 -0.0118 0.0104 -0.0412
9598 0.00 1.33 0.22 -0.0122 0.0034 0.0021 0.0124 0.0351
9618 0.00 1.33 0.25 -0.0073 0.0114 -0.0096 0.0064 0.1477
9638 0.00 1.33 0.83 0.0233 -0.0160 0.0072 -0.0227 0.0291
9658 0.00 1.34 -1.07 -0.0138 -0.0127 0.0227 0.0137 0.0326
9678 0.00 1.34 0.00 0.0217 -0.0047 -0.0068 -0.0218 -0.0326
9698 0.00 1.33 0.00 -0.0057 -0.0321 0.0402 0.0070 0.1082
9718 0.00 1.33 0.22 0.0201 0.0276 -0.0428 -0.0214 -0.0402
9738 0.00 1.33 -1.25 -0.0122 -0.0031 0.0091 0.0133 0.0229
9758 0.00 1.33 -0.38 0.0201 -0.0256 0.0202 -0.0179 0.0576
9778 0.00 1.32 0.47 0.0233 -0.0240 0.0193 -0.0194 -0.0796
9798 0.00 1.32 0.00 0.0314 -0.0095 -0.0008 -0.0321 0.0241
9818 0.00 1.32 -1.23 0.0201 -0.0160 0.0101 -0.0187 -0.0436
9838 0.00 1.32 -0.22 0.0233 -0.0305 0.0256 -0.0190 0.0400
9858 0.00 1.33 1.50 0.0201 -0.0063 -0.0027 -0.0204 -0.0386
9878 0.00 1.34 -0.38 0.0136 -0.0127 0.0070 -0.0135 0.0239
9898 0.00 1.34 0.53 -0.0122 -0.0224 0.0329 0.0121 0.0286
9918 0.00 1.33 0.00 0.0201 0.0018 -0.0127 -0.0207 0.0092
9938 0.00 1.34 0.00 0.0040 -0.0095 0.0084 -0.0046 -0.0293
9958 0.00 1.34 0.00 -0.1282 -0.0224 0.1024 0.1262 0.0264
9978 0.00 1.34 0.27 -0.0122 0.0098 -0.0041 0.0122 0.0274
9998 0.00 1.34 -0.31 0.0136 -0.0385 0.0366 -0.0137 0.0415
10018 0.00 1.34 0.00 0.0201 0.0066 -0.0189 -0.0203 -0.0341
10038 0.00 1.34 1.07 0.0781 -0.0224 -0.0194 -0.0780 0.0285
10058 0.00 1.33 0.00 -0.0202 -0.0031 0.0146 0.0207 0.0554
10078 0.00 1.33 0.00 0.0168 -0.0224 0.0167 -0.0163 -0.0510
10098 0.00 1.33 -0.22 -0.0057 0.0227 -0.0232 0.0042 0.0263
10118 0.00 1.33 -0.25 0.0136 -0.0289 0.0261 -0.0124 0.0273
10138 0.00 1.33 0.37 0.0201 -0.1675 0.1827 -0.0083 -0.0175
10158 0.00 1.33 0.47 0.0233 -0.0127 0.0032 -0.0231 0.0961
10178 0.00 1.33 0.00 0.0217 -0.0160 0.0069 -0.0214 -0.0260
10198 0.00 1.33 0.00 0.0217 -0.0031 -0.0079 -0.0221 -0.0262
10218 0.00 1.34 0.00 -0.0186 0.0147 -0.0064 0.0185 -0.0144
10238 0.00 1.34 0.25 -0.0025 0.0066 -0.0062 0.0024 -0.0304
10258 0.00 1.33 -0.75 -0.0186 0.0034 0.0063 0.0188 -0.0748
10278 0.00 1.34 0.00 -0.0122 0.0066 -0.0006 0.0122 -0.1017
10298 0.00 1.34 0.00 0.0168 -0.0401 0.0369 -0.0163 0.0415
10318 0.00 1.33 0.00 0.0201 -0.0321 0.0261 -0.0193 -0.0288
10338 0.00 1.33 -0.44 0.0072 -0.0369 0.0390 -0.0034 0.0344
10358 0.00 1.33 0.50 0.0185 0.0034 -0.0137 -0.0191 0.0458
10378 0.00 1.34 -0.75 -0.0186 -0.0111 0.0251 0.0165 -0.0333
10398 0.00 1.33 0.94 0.0201 -0.1433 0.1546 -0.0127 -0.0163
10418 0.00 1.33 0.00 0.0265 0.0002 -0.0133 -0.0277 0.0109
10438 0.00 1.33 -1.84 -0.0122 0.0034 0.0021 0.0124 0.0207
10458 0.00 1.33 0.44 0.0233 0.0421 -0.0613 -0.0252 -0.1081
10478 0.00 1.33 -0.54 0.0136 -0.0031 -0.0032 -0.0139 0.0091
10498 0.00 1.32 0.31 -0.0057 0.0276 -0.0291 -0.0010 -0.0268
10518 0.00 1.33 -0.37 -0.0089 0.0114 -0.0089 0.0081 0.0124
10538 0.00 1.33 0.00 -0.0154 0.0034 0.0035 0.0158 -0.0139
10558 0.00 1.33 0.74 -0.0815 0.0034 0.0335 0.0859 0.0241
10578 0.00 1.33 0.00 0.0249 -0.0160 0.0061 -0.0245 -0.0276
10598 0.00 1.33 -0.44 0.0201 -0.0160 0.0094 -0.0190 0.0280
10618 0.00 1.33 0.50 0.0217 -0.0240 0.0162 -0.0209 0.0904
10638 0.00 1.33 0.37 0.0217 -0.0353 0.0305 -0.0183 -0.0282
10658 0.00 1.32 0.47 0.0136 0.1146 -0.1360 -0.0365 -0.0369
10678 0.00 1.33 0.00 -0.0089 -0.0031 0.0078 0.0098 -0.0041
10698 0.00 1.33 0.00 -0.0202 0.0662 -0.0667 0.0127 0.0222
10718 0.00 1.33 -0.22 -0.0073 -0.0063 0.0103 0.0090 0.0229
10738 0.00 1.33 0.00 0.1941 -0.0192 -0.0636 -0.2043 0.0261
10758 0.00 1.33 0.75 0.0072 0.0034 -0.0072 -0.0080 -0.0304
10778 0.00 1.32 -0.47 -0.0122 -0.0063 0.0123 0.0141 -0.0149
10798 0.00 1.33 -0.74 0.0217 -0.0289 0.0235 -0.0188 0.1060
10818 0.00 1.32 0.00 0.0217 -0.0031 -0.0060 -0.0227 0.0239
10838 0.00 1.33 0.44 0.0813 0.0098 -0.0471 -0.0883 -0.0117
10858 0.00 1.33 0.00 0.0217 0.0098 -0.0220 -0.0235 -0.0316
10878 0.00 1.33 -0.31 0.0201 0.0098 -0.0205 -0.0226 -0.0103
10898 0.00 1.33 0.37 0.0201 -0.0031 -0.0067 -0.0205 -0.0124
10918 0.00 1.33 0.47 0.0201 0.0018 -0.0112 -0.0215 -0.0316
10938 0.00 1.33 0.00 -0.0186 0.0163 -0.0101 0.0176 -0.0242
10958 0.00 1.33 0.00 -0.0138 -0.0031 0.0098 0.0150 -0.0102
10978 0.00 1.33 0.44 0.0217 -0.0176 0.0095 -0.0210 0.1329
10998 0.00 1.33 0.00 0.0217 -0.0127 0.0036 -0.0215 -0.0227
11018 0.00 1.33 0.00 0.0040 -0.0240 0.0257 -0.0019 0.0313
11038 0.00 1.34 -0.47 -0.0138 -0.0031 0.0113 0.0139 0.0222
11058 0.00 1.33 0.00 0.0217 -0.0224 0.0140 -0.0213 0.0274
11078 0.00 1.33 0.00 0.0217 0.0114 -0.0250 -0.0225 -0.0471
11098 0.00 1.33 0.00 0.0201 -0.0160 0.0081 -0.0196 0.0273
11118 0.00 1.33 -0.25 0.0233 -0.0224 0.0143 -0.0222 0.0303
11138 0.00 1.33 0.00 -0.0122 0.0098 -0.0053 0.0118 -0.0177
11158 0.00 1.34 0.47 0.0217 0.0114 -0.0254 -0.0220 0.1209
11178 0.00 1.33 0.00 0.0217 0.0034 -0.0142 -0.0232 -0.0072
11198 0.00 1.33 0.00 -0.0138 0.0163 -0.0112 0.0134 -0.0243
11218 0.00 1.33 -0.44 -0.0122 0.0130 -0.0090 0.0115 -0.0234
11238 0.00 1.33 0.27 0.0297 0.0114 -0.0289 -0.0311 -0.0124
11258 0.00 1.33 0.31 0.0040 0.0066 -0.0098 -0.0043 -0.0371
11278 0.00 1.33 -0.83 0.0185 -0.0659 0.0667 -0.0131 -0.0102
11298 0.00 1.34 0.00 0.0201 -0.0321 0.0247 -0.0210 -0.0593
11318 0.00 1.33 0.00 -0.0089 -0.0031 0.0080 0.0096 0.0194
11338 0.00 1.33 0.00 -0.0186 -0.0289 0.0431 0.0207 -0.0887
11358 -1.10 1.31 -0.88 0.0072 0.0259 -0.0304 -0.0169 -0.0258
11378 -1.10 1.89 40.02 -0.8841 0.6835 -0.6525 0.6584 -0.9216
11398 -1.10 2.73 43.75 0.5616 -0.2368 -0.3402 0.4497 -0.4974
11418 -1.10 3.60 42.32 -0.7729 0.5707 -0.5915 0.5410 -0.8905
11438 -1.10 4.31 30.62 0.3037 0.8415 -0.8177 0.8596 -1.1406
11458 -1.10 4.89 32.16 0.4939 0.5643 -0.8127 0.6789 -1.0447
11478 -1.10 5.50 32.81 0.8259 0.1936 -0.8193 0.7079 -1.0824
11498 -1.10 6.25 40.92 0.3827 -0.8283 -0.5132 0.6511 -0.8751
11518 -1.10 0.81 42.55 -0.6021 0.7319 -0.3362 0.7049 -0.7316
11538 -1.10 1.60 39.43 0.8582 -0.7267 -0.7067 0.5959 -0.9247
11558 -1.10 2.41 40.71 -0.7552 -0.1578 -0.3979 0.8912 -0.9313
11578 -1.10 3.27 40.18 0.6390 0.1065 -0.2824 0.7553 -0.7951
11598 -1.10 4.05 37.13 -0.5859 -0.4753 -0.7717 0.7313 -0.9359
11618 -1.10 4.68 29.03 -1.2065 0.2419 -0.9575 0.8443 -1.3035
11638 -1.10 5.25 30.44 -1.0388 0.1968 -0.8362 0.7202 -1.0623
11658 -1.10 5.93 38.99 -0.9083 0.8995 -0.5253 0.9018 -1.0809
11678 -1.10 0.46 44.08 0.7776 -0.6381 -0.5836 0.5889 -0.8741
11698 -1.10 1.28 36.96 -0.8229 0.0872 -0.4583 0.7793 -0.8546
11718 -1.10 2.05 40.17 0.2650 0.4547 -0.4487 0.5732 -0.7262
11738 -1.10 2.93 45.03 -0.3635 -0.1352 -0.3920 0.3353 -0.4869
11758 -1.10 3.78 40.30 0.5100 0.3708 -0.6065 0.6438 -0.9527
11778 -1.10 4.46 31.22 1.0048 -0.9782 -0.9332 0.6635 -1.1813
11798 -1.10 5.03 28.48 1.0258 -0.9089 -0.8759 0.7027 -1.1430
11818 -1.10 5.65 33.89 0.7228 -0.9685 -0.6182 0.7947 -0.9439
11838 -1.10 0.15 41.84 -0.6520 0.2177 -0.3776 0.5460 -0.6377
11858 -1.10 0.99 41.48 0.7292 -0.0901 -0.3894 0.6932 -0.7977
11878 -1.10 1.77 39.10 -0.4215 -0.3802 -0.5703 0.5640 -0.7819
11898 -1.10 2.60 43.89 -0.1298 0.8028 -0.3217 0.7995 -0.8144
11918 -1.10 3.47 44.96 0.0217 -0.6929 -0.2926 0.7315 -0.7367
11938 -1.10 4.21 31.76 -0.8341 1.0542 -0.7585 0.8135 -1.0717
11958 -1.10 4.80 29.97 -0.4796 1.1187 -0.8861 0.6890 -1.1094
11978 -1.10 5.39 32.16 -0.2765 1.0091 -0.8192 0.6452 -1.0201
11998 -1.10 6.12 40.03 0.8453 0.0533 -0.4549 0.8997 -0.9384
12018 -1.10 0.68 42.10 -0.8084 -0.2190 -0.4981 0.9608 -0.9992
12038 -1.10 1.45 39.40 -0.0186 0.8318 -0.4849 0.8168 -0.9353
12058 -1.10 2.26 43.76 0.2586 -0.7380 -0.5472 0.5113 -0.8679
12078 -1.10 3.11 42.35 -0.3587 0.6126 -0.3439 0.5105 -0.6045
12098 -1.10 3.95 38.75 0.5100 -0.8879 -0.6072 0.6522 -0.8908
12118 -1.10 4.59 29.77 -0.2700 -0.8670 -0.8673 0.8120 -1.2024
12138 -1.10 5.15 29.14 -0.2636 -0.7767 -0.8417 0.6792 -0.9334
12158 -1.10 5.82 36.52 -0.9405 -0.0998 -0.6949 0.9137 -1.1244
12178 -1.10 0.32 42.99 -0.0815 0.7061 -0.2792 0.7203 -0.7850
12198 -1.10 1.16 42.58 0.1748 -1.0201 -0.5481 0.9434 -1.0583
12218 -1.10 1.92 39.54 -1.0002 0.8350 -0.5207 0.9373 -1.0211
12238 -1.10 2.75 44.02 0.6905 -0.5865 -0.5516 0.5001 -0.7887
12258 -1.10 3.61 42.00 -0.9051 0.6819 -0.6033 0.7248 -0.9280
12278 -1.10 4.32 32.66 0.3650 0.7512 -0.7983 0.8113 -1.1552
12298 -1.10 4.89 27.68 0.5584 0.4998 -0.8582 0.6199 -1.1816
12318 -1.10 5.48 37.74 0.0072 0.6029 -0.0949 0.6939 -0.8433
12338 -1.10 6.21 39.90 0.8678 -0.7461 -0.4449 0.8277 -0.9302
12358 -1.10 0.75 42.85 -0.8599 0.6513 -0.5673 0.6950 -0.9081
12378 -1.10 1.54 38.19 0.8904 0.1774 -0.6169 0.9638 -1.1725
12398 -1.10 2.32 41.96 0.0217 -0.7219 -0.3348 0.7500 -0.7690
12418 -1.10 3.19 42.87 -0.0347 0.6013 -0.2230 0.6373 -0.6862
12438 -1.10 3.99 40.91 0.1974 -1.0233 -0.7025 0.8278 -1.0830
12458 -1.10 4.61 29.88 -0.6133 -0.4995 -0.8858 0.6767 -1.1059
12478 -1.10 5.18 29.34 -0.5682 -0.4576 -0.8327 0.6023 -1.0014
12498 -1.10 5.85 36.34 -0.8889 0.3064 -0.5785 0.6935 -0.9021
12518 -1.10 0.39 43.48 0.7437 0.2000 -0.5290 0.8421 -0.9540
12538 -1.10 1.21 40.04 -0.5988 -0.2464 -0.6663 0.5585 -0.8841
12558 -1.10 1.99 40.45 -0.1089 0.8930 -0.7015 0.6762 -0.9668
12578 -1.10 2.83 40.89 0.2280 -0.6558 -0.4752 0.4664 -0.7595
12598 -1.10 3.70 41.79 -0.1572 0.8286 -0.6742 0.5657 -0.9025
12618 -1.10 4.39 32.04 1.1612 -0.0289 -0.8633 1.0043 -1.3757
12638 -1.10 4.95 27.82 0.9420 -0.0450 -0.7777 0.7241 -1.0151
12658 -1.10 5.56 33.94 0.9613 -0.4382 -0.7140 0.6455 -0.9307
12678 -1.10 0.04 43.15 -0.1218 -0.4834 -0.3230 0.5527 -0.6240
12698 -1.10 0.89 45.73 -0.0734 0.7867 -0.3630 0.7897 -0.8946
12718 -1.10 1.66 38.90 0.5777 -0.7993 -0.4951 0.6602 -0.8233
12738 -1.10 2.48 43.04 -0.8406 0.6867 -0.5750 0.6860 -0.9099
12758 -1.10 3.34 44.21 0.9017 -0.7106 -0.5439 0.7791 -0.9275
12778 -1.10 4.10 33.59 -1.0179 -0.0917 -0.7727 0.9592 -1.2363
12798 -1.10 4.70 27.55 -1.1597 0.4982 -0.8718 0.7706 -1.1924
12818 -1.10 5.28 30.08 -1.0614 0.4998 -0.7858 0.7143 -1.0221
12838 -1.10 5.97 37.79 -0.1347 0.8092 -0.7077 0.5011 -0.8863
12858 -1.10 0.53 43.70 0.6132 -0.6236 -0.2382 0.6732 -0.6607
12878 -1.10 1.33 39.97 -0.9985 0.8092 -0.6232 0.8583 -1.0453
12898 -1.10 2.12 40.70 0.7679 0.0936 -0.4081 0.8527 -0.9161
12918 -1.10 2.96 44.80 -0.7020 -0.1513 -0.5321 0.7390 -0.9076
12938 -1.10 3.79 41.03 0.6922 0.2032 -0.6518 0.6755 -0.9299
12958 -1.10 4.46 28.58 1.0387 -1.0201 -0.9383 0.7298 -1.2288
12978 -1.10 5.04 28.99 0.8759 -0.9411 -0.8071 0.6732 -0.9077
12998 -1.10 5.67 34.95 0.3553 -0.9330 -0.7110 0.6176 -0.9247
13018 -1.10 0.18 42.72 -0.7761 0.6545 -0.6279 0.5501 -0.8673
13038 -1.10 1.02 40.68 0.7292 -0.4785 -0.5469 0.4999 -0.7873
13058 -1.10 1.80 38.10 -0.7681 -0.1385 -0.7042 0.6768 -0.9322
13078 -1.10 2.62 43.79 0.1135 0.4256 -0.2634 0.5037 -0.5777
13098 -1.10 3.50 43.48 -0.4441 -0.2287 -0.5038 0.4630 -0.7026
13118 -1.10 4.24 34.52 -0.4135 0.9930 -0.7607 0.6454 -0.9657
13138 -1.10 4.83 28.84 -0.0573 1.0349 -0.9671 0.6465 -1.1939
13158 -1.10 5.42 32.34 -0.0234 1.0123 -0.8794 0.7497 -1.1554
13178 -1.10 6.15 42.46 0.7163 -0.3786 -0.5008 0.5126 -0.7541
13198 -1.10 0.71 46.26 -0.7503 0.0614 -0.3255 0.7670 -0.8233
13218 -1.10 1.51 39.00 0.7260 0.1613 -0.7146 0.6187 -0.9318
13238 -1.10 2.30 42.17 0.1216 -0.8492 -0.4260 0.8137 -0.8611
13258 -1.10 3.17 43.80 -0.1927 0.8415 -0.3190 0.8220 -0.8431
13278 -1.10 3.97 37.59 0.2908 -0.9201 -0.6911 0.6380 -0.9653
13298 -1.10 4.62 28.12 -0.6826 -0.3593 -0.8727 0.5989 -1.0331
13318 -1.10 5.18 29.04 -0.5972 -0.4382 -0.8271 0.6295 -1.0228
13338 -1.10 5.86 35.72 -0.8793 0.4514 -0.6332 0.6102 -0.8818
13358 -1.10 0.41 43.70 0.6712 0.1388 -0.3507 0.7921 -0.8569
13378 -1.10 1.23 40.22 -0.7697 -0.1707 -0.6728 0.7424 -0.9675
13398 -1.10 2.00 41.39 -0.1363 0.9640 -0.6451 0.8199 -1.0605
13418 -1.10 2.84 45.09 0.1248 -0.7009 -0.5741 0.4791 -0.8385
13438 -1.10 3.68 41.84 -0.2894 0.7931 -0.5860 0.5485 -0.8280
13458 -1.10 4.38 29.43 1.1386 -0.0240 -0.8938 0.9454 -1.3525
13478 -1.10 4.95 28.32 0.9404 -0.0434 -0.7759 0.7246 -1.0376
13498 -1.10 5.56 32.76 0.9710 -0.3996 -0.7126 0.6669 -0.9322
13518 -1.10 0.05 41.53 -0.0734 -0.5188 -0.3010 0.5712 -0.6344
13538 -1.10 0.91 41.97 0.1861 0.5804 -0.4278 0.6754 -0.7382
13558 -1.10 1.68 39.45 0.2522 -0.8992 -0.6906 0.6193 -0.9642
13578 -1.10 2.51 42.32 -0.7149 0.6610 -0.3449 0.7175 -0.7852
13598 -1.10 3.38 46.56 0.6261 -0.6123 -0.2478 0.6708 -0.6902
13618 -1.10 4.15 36.55 -0.9824 0.4933 -0.6856 0.7036 -0.9313
13638 -1.10 4.75 29.77 -1.0582 1.1187 -0.9795 0.7898 -1.2997
13658 -1.10 5.33 32.57 -0.9518 0.9881 -0.8026 0.7821 -1.1200
13678 -1.10 6.04 39.30 0.1345 0.6835 -0.4628 0.7452 -0.8594
13698 -1.10 0.59 44.00 0.2135 -0.8653 -0.3718 0.8214 -0.9112
13718 -1.10 1.38 38.67 -0.4941 0.8334 -0.5406 0.6405 -0.8385
13738 -1.10 2.18 40.97 0.7808 -0.6752 -0.6513 0.5417 -0.8845
13758 -1.10 3.04 44.72 -0.6714 0.5771 -0.5609 0.4624 -0.7535
13778 -1.10 3.87 39.84 0.8582 -0.4608 -0.5910 0.6232 -0.8756
13798 -1.10 4.53 30.50 0.3037 -1.0668 -0.8943 0.6391 -1.1169
13818 -1.10 5.11 29.05 0.2457 -1.0620 -0.8437 0.7241 -1.1110
13838 -1.10 5.76 37.49 -0.4183 -0.4366 -0.6185 0.5903 -0.8545
13858 -1.10 0.29 47.90 -0.1878 0.9124 -0.5030 0.8218 -0.9323
13878 -1.10 1.12 41.64 0.2908 -0.9234 -0.6403 0.6939 -0.9547
13898 -1.10 1.88 39.08 -0.8341 0.6416 -0.6627 0.5691 -0.9231
13918 -1.10 2.72 44.03 0.6003 -0.1417 -0.3060 0.5479 -0.6083
13938 -1.10 3.61 43.58 -0.8777 0.6610 -0.5728 0.7127 -0.9176
13958 -1.10 4.32 32.24 0.3553 0.7512 -0.7872 0.8105 -1.0755
13978 -1.10 4.90 30.03 0.5809 0.4998 -0.8513 0.6673 -1.1078
13998 -1.10 5.49 31.65 0.7615 0.2193 -0.8113 0.6338 -1.1004
14018 -1.10 6.25 40.46 0.3311 -0.7106 -0.4921 0.5133 -0.7057
14038 -1.10 0.81 41.97 -0.5473 0.6996 -0.3659 0.6384 -0.7153
14058 -1.10 1.60 40.07 0.8582 -0.7155 -0.6952 0.6021 -0.9252
14078 -1.10 2.43 42.14 -0.7262 0.0404 -0.3522 0.7362 -0.8299
14098 -1.10 3.30 44.03 0.6132 -0.2352 -0.3545 0.5070 -0.6204
14118 -1.10 4.08 36.41 -0.9051 -0.1175 -0.7617 0.8198 -1.1194
14138 -1.10 4.69 27.33 -1.1468 0.4289 -0.8714 0.7639 -1.1833
14158 -1.10 5.27 29.91 -1.0662 0.4530 -0.8142 0.6945 -1.0579
14178 -1.10 5.97 37.98 -0.4054 0.8544 -0.5621 0.6439 -0.8667
14198 -1.10 0.52 43.79 0.7760 -0.6381 -0.2259 0.7965 -0.8058
14218 -1.10 1.32 39.72 -0.9180 0.7158 -0.6562 0.7071 -0.9325
14238 -1.10 2.10 39.53 0.7872 0.1855 -0.6126 0.8316 -1.0122
14258 -1.10 2.95 41.16 -0.6278 -0.1127 -0.5731 0.5553 -0.8349
14278 -1.10 3.78 41.23 0.6132 0.3370 -0.6661 0.6961 -0.9526
14298 -1.10 4.46 31.87 1.0193 -0.9927 -0.9239 0.7045 -1.1945
14318 -1.10 5.03 28.30 1.0000 -0.9314 -0.8779 0.6910 -1.1286
14338 -1.10 5.66 34.95 0.6196 -1.0023 -0.7155 0.7151 -0.9385
14358 -1.10 0.17 42.10 -0.7181 0.5788 -0.6035 0.4645 -0.8066
14378 -1.10 0.99 41.96 0.7631 -0.0998 -0.3743 0.7402 -0.8561
14398 -1.10 1.79 37.78 -0.7149 -0.1159 -0.7157 0.5455 -0.9018
14418 -1.10 2.62 43.26 0.0056 0.6223 -0.2741 0.6676 -0.8126
14438 -1.10 3.49 44.08 -0.3216 -0.2996 -0.4078 0.4689 -0.6085
14458 -1.10 4.24 35.30 -0.4425 1.0155 -0.7502 0.6886 -0.9784
14478 -1.10 4.84 28.76 0.0362 1.0220 -1.0067 0.6558 -1.2036
14498 -1.10 5.43 32.88 -0.0025 1.0445 -0.8487 0.8550 -1.2049
14518 -1.10 6.16 43.83 0.7163 -0.5043 -0.5629 0.4740 -0.7544
14538 -1.10 0.72 42.68 -0.7278 0.1742 -0.3921 0.6511 -0.7043
14558 -1.10 1.51 39.52 0.7228 0.1839 -0.6775 0.6780 -0.9352
14578 -1.10 2.30 41.29 0.1667 -0.9701 -0.5165 0.8996 -0.9805
14598 -1.10 3.16 44.45 -0.2346 0.9817 -0.4560 0.9183 -0.9401
14618 -1.10 3.96 38.54 0.4778 -0.9975 -0.6614 0.7471 -0.9788
14638 -1.10 4.60 27.60 -0.4989 -0.6445 -0.8889 0.7241 -1.0470
14658 -1.10 5.17 32.35 -0.4667 -0.5559 -0.8124 0.6231 -0.9465
14678 -1.10 5.86 36.33 -0.9018 0.3725 -0.6104 0.6700 -0.8790
14698 -1.10 0.39 43.63 0.7518 0.2032 -0.4906 0.8784 -0.9523
14718 -1.10 1.20 39.83 -0.4425 -0.3722 -0.5783 0.5751 -0.8223
14738 -1.10 1.99 40.38 -0.1024 0.8608 -0.7213 0.6035 -0.9297
14758 -1.10 2.83 45.25 0.2618 -0.6929 -0.4824 0.5068 -0.7444
14778 -1.10 3.70 42.13 -0.1701 0.8286 -0.6516 0.5843 -0.9001
14798 -1.10 4.39 32.28 1.1096 -0.0869 -0.8490 0.8956 -1.2451
14818 -1.10 4.96 28.56 1.0193 -0.1433 -0.8228 0.7355 -1.0753
14838 -1.10 5.57 33.84 0.9420 -0.5156 -0.7129 0.6176 -0.9281
14858 -1.10 0.06 40.72 -0.3345 -0.2996 -0.4438 0.4535 -0.6313
14878 -1.10 0.91 41.87 0.2038 0.4998 -0.4077 0.5983 -0.7103
14898 -1.10 1.69 36.96 0.2135 -0.8637 -0.7100 0.5527 -0.9431
14918 -1.10 2.51 42.58 -0.6585 0.6610 -0.3779 0.6614 -0.7366
14938 -1.10 3.37 43.68 0.7228 -0.6510 -0.2607 0.7525 -0.7972
14958 -1.10 4.14 34.85 -1.0066 0.4240 -0.6990 0.7301 -0.9386
14978 -1.10 4.74 29.19 -1.0276 1.0252 -0.9595 0.6957 -1.2197
14998 -1.10 5.32 32.48 -1.0276 0.9736 -0.8592 0.7742 -1.1812
15018 -1.10 6.02 40.05 -0.0283 0.7899 -0.4338 0.7842 -0.9073
15038 -1.10 0.58 41.84 0.2296 -0.9782 -0.5251 0.8779 -1.1215
15058 -1.10 1.37 39.49 -0.6923 0.8318 -0.4856 0.7469 -0.8719
15078 -1.10 2.16 41.10 0.7163 -0.4044 -0.5011 0.5145 -0.7167
15098 -1.10 3.03 45.68 -0.5747 0.4514 -0.4639 0.3884 -0.7075
15118 -1.10 3.86 38.88 0.8904 -0.3496 -0.5739 0.6895 -0.8981
15138 -1.10 4.52 31.78 0.4520 -1.0716 -0.8414 0.6705 -1.0318
15158 -1.10 5.10 27.62 0.3875 -1.0845 -0.8675 0.6748 -1.1099
15178 -1.10 5.74 35.64 -0.1347 -0.7106 -0.5489 0.7237 -0.8964
15198 -1.10 0.25 42.74 -0.3861 0.5804 -0.3288 0.4909 -0.4979
15218 -1.10 1.09 41.18 0.6583 -0.7670 -0.3956 0.7296 -0.8218
15238 -1.10 1.86 39.21 -0.8019 0.3547 -0.5255 0.6080 -0.7996
15258 -1.10 2.70 43.75 0.6357 0.0791 -0.2806 0.7318 -0.7664
15278 -1.10 3.57 42.82 -0.7020 0.0678 -0.3575 0.6869 -0.7342
15298 -1.10 4.29 35.63 -0.0057 1.0865 -0.8682 0.9009 -1.2451
15318 -1.10 4.86 28.67 0.2650 0.7029 -0.8203 0.5724 -0.9095
15338 -1.10 5.46 32.67 0.2650 0.7254 -0.6926 0.7562 -0.9769
15358 -1.10 6.21 40.02 0.9194 -0.8105 -0.4945 0.8745 -0.9238
15378 -1.10 0.75 43.38 -0.8454 0.6400 -0.5688 0.6739 -0.8968
15398 -1.10 1.54 38.54 0.8775 0.1903 -0.6024 0.9668 -1.1824
15418 -1.10 2.33 43.29 -0.0218 -0.6542 -0.3396 0.6892 -0.7392
15438 -1.10 3.19 41.82 0.0297 0.5900 -0.2593 0.6492 -0.6277
15458 -1.10 3.99 38.27 0.1555 -1.0201 -0.7449 0.8082 -1.0906
15478 -1.10 4.62 30.00 -0.6440 -0.4431 -0.8664 0.6665 -1.0801
15498 -1.10 5.19 29.09 -0.6714 -0.3770 -0.8373 0.6533 -1.0398
15518 -1.10 5.87 37.61 -0.8293 0.5643 -0.6505 0.5426 -0.9231
15538 -1.10 0.43 43.15 0.6374 -0.0933 -0.3266 0.6060 -0.6746
15558 -1.10 1.24 37.73 -0.8390 -0.1852 -0.6332 0.8890 -1.0584
15578 -1.10 2.01 37.66 -0.1476 1.0252 -0.6073 0.9273 -1.0595
15598 -1.10 2.85 44.20 0.1764 -0.7864 -0.5584 0.6076 -0.8589
15618 -1.10 3.70 42.04 -0.1766 0.8834 -0.6672 0.6549 -0.9278
15638 -1.10 4.39 32.70 1.1531 -0.0740 -0.8432 0.9775 -1.3107
15658 -1.10 4.96 29.31 0.9807 -0.2432 -0.8006 0.6340 -0.9952
15678 -1.10 5.57 34.73 0.9226 -0.5253 -0.6943 0.6119 -0.9306
15698 -1.10 0.07 43.30 -0.3909 -0.2223 -0.4593 0.4177 -0.6262
15718 -1.10 0.91 42.08 0.3360 0.4063 -0.4870 0.5617 -0.7751
15738 -1.10 1.70 39.42 0.1361 -0.8670 -0.7008 0.6150 -0.9241
15758 -1.10 2.51 42.51 -0.6794 0.6303 -0.2954 0.6978 -0.7513
15778 -1.10 3.39 43.62 0.4907 -0.5913 -0.2744 0.5701 -0.6362
15798 -1.10 4.15 34.91 -0.9873 0.5900 -0.7342 0.6693 -0.9547
15818 -1.10 4.76 29.69 -1.0453 1.1380 -0.9636 0.8180 -1.2800
15838 -1.10 5.35 31.54 -0.8213 1.0413 -0.7867 0.7655 -1.0253
15858 -1.10 6.06 39.29 0.4359 0.4450 -0.5446 0.6924 -0.9094
15878 -1.10 0.62 43.03 -0.0815 -0.6623 -0.3502 0.7369 -0.6294
15898 -1.10 1.42 39.10 -0.0766 0.8866 -0.7260 0.6620 -0.9629
15918 -1.10 2.19 41.87 0.8711 -0.7267 -0.6334 0.6859 -0.9280
15938 -1.10 3.05 46.37 -0.7810 0.6303 -0.5404 0.6281 -0.8560
15958 -1.10 3.87 37.46 0.8646 -0.4479 -0.5920 0.6304 -0.8754
15978 -1.10 4.53 31.04 0.3295 -1.0281 -0.8508 0.6152 -1.0335
15998 -1.10 5.11 28.71 0.2489 -1.0459 -0.8594 0.6747 -1.0720
16018 -1.10 5.76 35.30 -0.3603 -0.4672 -0.5937 0.5797 -0.8988
16038 -1.10 0.29 43.50 -0.1637 0.8930 -0.5806 0.7530 -0.9292
16058 -1.10 1.10 41.15 0.5036 -0.7993 -0.4818 0.6488 -0.8162
16078 -1.10 1.88 41.61 -0.8309 0.5771 -0.5995 0.6049 -0.9210
16098 -1.10 2.74 43.10 0.5971 -0.3770 -0.4277 0.4263 -0.6210
16118 -1.10 3.61 43.64 -0.8374 0.6513 -0.6018 0.6412 -0.8955
16138 -1.10 4.32 32.89 0.3392 0.7673 -0.7906 0.8127 -1.1361
16158 -1.10 4.89 28.54 0.5100 0.5643 -0.8311 0.6813 -1.0758
16178 -1.10 5.49 32.82 0.6760 0.3322 -0.7677 0.6830 -1.1339
16198 -1.10 6.24 39.63 0.4617 -0.7155 -0.4152 0.5948 -0.7075
16218 -1.10 0.80 46.43 -0.7117 0.6835 -0.2976 0.7490 -0.7869
16238 -1.10 1.58 39.33 0.8453 -0.5188 -0.5945 0.6110 -0.8683
16258 -1.10 2.40 42.53 -0.7793 -0.1949 -0.5035 0.8997 -0.9456
16278 -1.10 3.26 44.70 0.6970 0.2081 -0.3727 0.8717 -0.9212
16298 -1.10 4.05 36.58 -0.4409 -0.5559 -0.6954 0.7171 -0.9055
16318 -1.10 4.67 29.48 -1.1919 0.0969 -0.9787 0.8916 -1.3269
16338 -1.10 5.23 31.43 -1.0356 0.0421 -0.8552 0.8017 -1.1725
16358 -1.10 5.92 37.69 -0.9566 0.8882 -0.6232 0.8664 -1.0065
16378 -1.10 0.45 43.69 0.6132 -0.4608 -0.4912 0.4079 -0.6686
16398 -1.10 1.29 39.92 -0.8051 0.2645 -0.4935 0.6558 -0.8381
16418 -1.10 2.05 39.94 0.2779 0.4740 -0.4491 0.6136 -0.7096
16438 -1.10 2.93 45.09 -0.3539 -0.1594 -0.3902 0.3519 -0.5219
16458 -1.10 3.78 41.33 0.5616 0.2467 -0.6236 0.5454 -0.9315
16478 -1.10 4.46 29.38 1.0097 -0.9733 -0.9391 0.6557 -1.1763
16498 -1.10 5.03 29.33 0.9226 -0.8637 -0.7925 0.6624 -1.0163
16518 -1.10 5.66 34.85 0.6100 -0.9637 -0.6417 0.7340 -0.9220
16538 -1.10 0.16 43.26 -0.6295 0.3934 -0.4575 0.4418 -0.7125
16558 -1.10 1.01 40.72 0.7421 -0.2481 -0.4252 0.6245 -0.7699
16578 -1.10 1.79 40.07 -0.6843 -0.1191 -0.6760 0.5430 -0.8876
16598 -1.10 2.62 41.87 0.0201 0.5449 -0.2475 0.5914 -0.6252
16618 -1.10 3.49 43.75 -0.2378 -0.3609 -0.3542 0.4879 -0.6010
16638 -1.10 4.24 34.68 -0.4425 1.0091 -0.7658 0.6609 -0.9613
16658 -1.10 4.83 29.67 -0.1089 1.0026 -0.8604 0.6857 -1.1746
16678 -1.10 5.42 31.79 -0.0089 1.0865 -0.9197 0.8457 -1.1886
16698 -1.10 6.15 41.02 0.7872 -0.3802 -0.4996 0.6085 -0.7770
16718 -1.10 0.74 42.86 -0.6988 0.4160 -0.4748 0.5184 -0.7177
16738 -1.10 1.53 39.78 0.8163 0.1710 -0.6498 0.8314 -1.0761
16758 -1.10 2.31 41.65 0.1248 -0.8702 -0.4221 0.8410 -0.9210
16778 -1.10 3.18 44.82 -0.1556 0.7125 -0.2313 0.7126 -0.7446
16798 -1.10 3.97 37.38 0.2522 -0.9717 -0.7485 0.6758 -1.0135
16818 -1.10 4.61 29.60 -0.5682 -0.5156 -0.8521 0.6703 -1.0452
16838 -1.10 5.18 30.73 -0.6053 -0.4560 -0.8084 0.6928 -1.0535
16858 -1.10 5.86 37.69 -0.8551 0.4740 -0.6248 0.5862 -0.8508
16878 -1.10 0.40 43.53 0.6648 0.1130 -0.3473 0.7653 -0.8232
16898 -1.10 1.21 40.10 -0.6697 -0.1836 -0.6769 0.5905 -0.9089
16918 -1.10 2.00 40.81 -0.1314 0.8463 -0.5774 0.7044 -0.9911
16938 -1.10 2.84 45.53 0.2650 -0.7090 -0.4416 0.5641 -0.8048
16958 -1.10 3.70 41.46 -0.1604 0.8479 -0.6806 0.5902 -0.9163
16978 -1.10 4.39 31.34 1.1064 -0.0901 -0.8328 0.9034 -1.2625
16998 -1.10 4.96 31.46 1.0306 -0.2706 -0.8369 0.6644 -1.0640
17018 -1.10 5.59 33.67 0.8904 -0.6929 -0.7667 0.5354 -0.9269
17038 -1.10 0.08 42.22 -0.6053 -0.0627 -0.6052 0.4219 -0.7661
17058 -1.10 0.92 42.62 0.4649 0.2935 -0.5382 0.5434 -0.8966
17078 -1.10 1.71 39.05 0.1522 -0.9282 -0.6973 0.7106 -0.9596
17098 -1.10 2.52 45.14 -0.6585 0.6529 -0.2763 0.7049 -0.7007
17118 -1.10 3.38 36.79 0.4311 -0.5801 -0.3178 0.5119 -0.6026
17138 -1.10 4.15 35.80 -0.9663 0.4998 -0.6864 0.6803 -0.9297
17158 -1.10 4.75 29.79 -1.0614 1.1187 -0.9788 0.7934 -1.2788
17178 -1.10 5.34 31.87 -0.8632 0.9946 -0.8026 0.7235 -1.0431
17198 -1.10 6.05 39.26 0.2296 0.4998 -0.4497 0.5950 -0.7594
17218 -1.10 0.61 43.58 0.0185 -0.6800 -0.2926 0.7174 -0.7400
17238 -1.10 1.41 39.37 -0.1105 0.8737 -0.7520 0.5830 -0.9322
17258 -1.10 2.20 45.49 0.9742 -0.7880 -0.5416 0.8811 -0.9619
17278 -1.10 3.05 44.79 -0.8519 0.6851 -0.5392 0.7242 -0.9008
17298 -1.10 3.87 39.47 0.8582 -0.4737 -0.6125 0.6032 -0.8825
17318 -1.10 4.53 30.94 0.2779 -1.0088 -0.8638 0.5829 -1.0191
17338 -1.10 5.11 30.41 0.2699 -1.0604 -0.8184 0.7380 -1.1043
17358 -1.10 5.76 36.42 -0.4441 -0.4028 -0.6265 0.5702 -0.8509
17378 -1.10 0.29 43.22 -0.1991 0.9575 -0.5111 0.8717 -0.9617
17398 -1.10 1.12 43.26 0.2070 -0.8702 -0.6489 0.6367 -0.9458
17418 -1.10 1.90 39.46 -0.9357 0.7641 -0.6604 0.7459 -0.9583
17438 -1.10 2.73 44.04 0.5100 -0.2545 -0.3231 0.3947 -0.4981
17458 -1.10 3.60 41.93 -0.7729 0.6158 -0.6269 0.5239 -0.8713
17478 -1.10 4.31 32.25 0.3537 0.8028 -0.8112 0.8639 -1.1023
17498 -1.10 4.89 30.76 0.5874 0.4966 -0.8344 0.6938 -1.0762
17518 -1.10 5.50 37.28 0.8034 0.1323 -0.7975 0.6240 -0.9953
17538 -1.10 6.25 40.50 0.2763 -0.7155 -0.5285 0.4913 -0.8461
17558 -1.10 0.83 42.70 -0.1991 0.7270 -0.5750 0.4837 -0.7791
17578 -1.10 1.62 38.48 0.9549 -0.8089 -0.6772 0.7743 -1.0258
17598 -1.10 2.41 42.64 -0.7084 -0.1159 -0.3488 0.8215 -0.9020
17618 -1.10 3.28 42.28 0.6261 0.0292 -0.2653 0.6911 -0.7165
17638 -1.10 4.07 38.10 -0.7310 -0.1642 -0.7662 0.5669 -0.9264
17658 -1.10 4.69 29.42 -1.1694 0.3306 -0.8929 0.8102 -1.2253
17678 -1.10 5.26 30.19 -1.0421 0.3096 -0.7962 0.7152 -1.0127
17698 -1.10 5.95 38.27 -0.5408 0.8866 -0.6075 0.6555 -0.8827
17718 -1.10 0.49 43.86 1.0129 -0.7606 -0.4636 0.9471 -1.0423
17738 -1.10 1.30 39.70 -0.8116 0.3902 -0.5336 0.6118 -0.8326
17758 -1.10 2.08 37.14 0.7034 0.1710 -0.6640 0.6466 -0.9261
17778 -1.10 2.94 44.34 -0.5456 -0.0869 -0.5372 0.4262 -0.7046
17798 -1.10 3.79 41.05 0.6503 0.2355 -0.6859 0.6093 -0.9831
17818 -1.10 4.46 31.63 1.0258 -0.9959 -0.9144 0.7259 -1.1945
17838 -1.10 5.03 28.81 0.9968 -0.8879 -0.8206 0.7227 -0.9315
17858 -1.10 5.66 34.29 0.5809 -0.9443 -0.6530 0.6935 -0.9337
17878 -1.10 0.18 42.94 -0.6907 0.5884 -0.5888 0.4573 -0.7804
17898 -1.10 1.01 38.95 0.7663 -0.4205 -0.5280 0.5569 -0.7797
17918 -1.10 1.80 39.37 -0.7407 -0.1272 -0.7115 0.6102 -0.9206
17938 -1.10 2.62 43.58 0.1264 0.3644 -0.2657 0.4350 -0.6463
17958 -1.10 3.50 43.26 -0.4506 -0.2158 -0.5011 0.4597 -0.6905
17978 -1.10 4.24 34.27 -0.3829 0.9914 -0.7842 0.6202 -0.9571
17998 -1.10 4.83 28.46 0.0201 0.9962 -0.9762 0.6304 -1.1901
18018 -1.10 5.43 32.08 0.0007 1.0510 -0.8430 0.8736 -1.1980
18038 -1.10 6.16 40.11 0.7872 -0.5043 -0.5629 0.5649 -0.8145
18058 -1.10 0.72 42.38 -0.6843 0.1823 -0.3729 0.6026 -0.7032
18078 -1.10 1.52 38.30 0.8163 0.1758 -0.6764 0.8144 -1.0761
18098 -1.10 2.31 41.95 0.1023 -0.8186 -0.3876 0.8035 -0.8476
18118 -1.10 3.17 46.37 -0.1830 0.8673 -0.2447 0.8809 -0.8388
18138 -1.10 3.98 37.87 0.1974 -0.9346 -0.7315 0.6599 -0.9492
18158 -1.10 4.61 27.91 -0.5730 -0.5768 -0.8821 0.7376 -1.0390
18178 -1.10 5.19 29.48 -0.6133 -0.4221 -0.8292 0.6299 -0.9962
18198 -1.10 5.86 36.85 -0.8825 0.4289 -0.5830 0.6626 -0.8612
18218 -1.10 0.40 43.22 0.7228 0.1629 -0.3997 0.8538 -0.9192
18238 -1.10 1.21 40.21 -0.6488 -0.1578 -0.6825 0.5149 -0.8753
18258 -1.10 2.00 40.92 -0.1330 0.9575 -0.6705 0.7915 -1.0057
18278 -1.10 2.84 48.05 0.1200 -0.6365 -0.5220 0.4301 -0.7822
18298 -1.10 3.70 42.85 -0.1637 0.8447 -0.6538 0.6126 -0.9090
18318 -1.10 4.39 32.32 1.1160 -0.0820 -0.8518 0.9066 -1.2799
18338 -1.10 4.96 28.98 1.0371 -0.2271 -0.8453 0.6885 -1.0672
18358 -1.10 5.58 34.94 0.8968 -0.5639 -0.7098 0.5641 -0.9103
18378 -1.10 0.07 41.00 -0.4941 -0.1530 -0.5312 0.4186 -0.6899
18398 -1.10 0.92 39.14 0.4037 0.3708 -0.5240 0.5706 -0.7924
18418 -1.10 1.71 38.96 0.1409 -0.9169 -0.6989 0.6977 -0.9520
18438 -1.10 2.52 43.20 -0.6633 0.6319 -0.2959 0.6875 -0.7200
18458 -1.10 3.39 44.40 0.4714 -0.5994 -0.2894 0.5610 -0.6276
18478 -1.10 4.15 34.98 -0.9647 0.6223 -0.7359 0.6444 -1.0210
18498 -1.10 4.76 29.55 -1.0066 1.1187 -0.9263 0.8124 -1.2453
18518 -1.10 5.36 31.26 -0.7165 1.0542 -0.8198 0.6979 -1.0539
18538 -1.10 6.07 38.16 0.6003 0.2403 -0.6489 0.5732 -0.9237
18558 -1.10 0.62 43.48 -0.1669 -0.4253 -0.3294 0.5143 -0.6362
18578 -1.10 1.43 39.77 -0.1330 0.9769 -0.6683 0.8222 -1.1508
18598 -1.10 2.21 40.89 0.9968 -0.8105 -0.4811 0.9444 -1.0037
18618 -1.10 3.06 44.72 -0.9582 0.7335 -0.4185 0.9106 -0.9694
18638 -1.10 3.88 40.07 0.8775 -0.6864 -0.6907 0.6120 -0.9248
18658 -1.10 4.54 33.15 0.0910 -0.9766 -0.9236 0.5576 -1.0905
18678 -1.10 5.12 29.38 0.1329 -1.1651 -1.0221 0.7631 -1.0709
18698 -1.10 5.77 35.42 -0.5279 -0.3528 -0.6764 0.5730 -0.8832
18718 -1.10 0.31 43.32 -0.1846 0.9253 -0.4151 0.8870 -0.9267
18738 -1.10 1.12 40.65 0.2393 -0.8283 -0.6260 0.5787 -0.9226
18758 -1.10 1.91 39.79 -1.0098 0.8221 -0.5951 0.8942 -1.0586
18778 -1.10 2.74 44.68 0.6245 -0.4930 -0.5052 0.4221 -0.6884
18798 -1.10 3.61 40.30 -0.8712 0.6642 -0.6121 0.6738 -0.9188
18818 -1.10 4.31 32.98 0.3553 0.7319 -0.7774 0.7904 -1.1100
18838 -1.10 4.89 29.24 0.5745 0.5900 -0.8656 0.7790 -1.1714
18858 -1.10 5.50 32.61 0.8453 0.1146 -0.8287 0.6422 -1.0364
18878 -1.10 6.26 41.62 0.1667 -0.7219 -0.5798 0.4849 -0.8647
18898 -1.10 0.83 43.18 -0.2878 0.7061 -0.5044 0.4998 -0.7142
18918 -1.10 1.62 37.83 0.9613 -0.8041 -0.6706 0.7835 -1.0240
18938 -1.10 2.42 42.21 -0.7374 -0.1191 -0.3349 0.8654 -0.8574
18958 -1.10 3.28 44.76 0.6003 -0.0063 -0.2673 0.6356 -0.6835
18978 -1.10 4.08 36.75 -0.8503 -0.1272 -0.7634 0.7394 -1.0436
18998 -1.10 4.69 29.07 -1.1645 0.4063 -0.8800 0.7893 -1.1780
19018 -1.10 5.25 30.68 -1.0453 0.2548 -0.8182 0.7202 -1.0544
19038 -1.10 5.94 40.89 -0.6246 0.8399 -0.5281 0.6946 -0.8564
19058 -1.10 0.50 44.21 1.0242 -0.7219 -0.3322 0.9985 -0.9520
19078 -1.10 1.30 40.41 -0.8648 0.4466 -0.5511 0.6666 -0.9129
19098 -1.10 2.09 40.11 0.7292 0.1710 -0.6544 0.6971 -0.9378
19118 -1.10 2.93 44.19 -0.4248 -0.1771 -0.4528 0.4215 -0.6321
19138 -1.10 3.78 40.93 0.5842 0.2613 -0.6492 0.5726 -0.9365
19158 -1.10 4.46 32.13 1.0113 -0.9733 -0.9045 0.7044 -1.1763
19178 -1.10 5.03 30.30 0.9710 -0.9137 -0.8507 0.6808 -1.0715
19198 -1.10 5.67 34.51 0.3634 -0.9379 -0.7093 0.6255 -0.9227
19218 -1.10 0.18 42.83 -0.7987 0.6658 -0.5983 0.6120 -0.8821
19238 -1.10 1.02 40.55 0.7470 -0.4415 -0.5246 0.5373 -0.7647
19258 -1.10 1.80 39.10 -0.7503 -0.1223 -0.7107 0.6227 -0.9278
19278 -1.10 2.62 45.12 0.0716 0.4482 -0.2410 0.5093 -0.5400
19298 -1.10 3.49 39.82 -0.3667 -0.2384 -0.4374 0.4246 -0.6271
19318 -1.10 4.24 34.31 -0.4570 1.0236 -0.7702 0.6770 -0.9862
19338 -1.10 4.84 29.66 0.0330 0.9962 -0.9896 0.6238 -1.2035
19358 -1.10 5.43 32.02 -0.0025 1.0478 -0.8797 0.8284 -1.1956
19378 -1.10 6.15 39.91 0.6970 -0.4350 -0.5287 0.4649 -0.7457
19398 -1.10 0.74 42.60 -0.6939 0.4079 -0.4667 0.5183 -0.8276
19418 -1.10 1.53 40.09 0.8243 0.1742 -0.6271 0.8629 -1.0866
19438 -1.10 2.31 40.57 0.1103 -0.8379 -0.3903 0.8227 -0.8543
19458 -1.10 3.18 44.23 -0.1798 0.7818 -0.2434 0.7819 -0.8256
19478 -1.10 3.98 38.41 0.2070 -0.9169 -0.7152 0.6431 -0.9327
19498 -1.10 4.61 29.69 -0.5747 -0.5672 -0.8801 0.7274 -1.0628
19518 -1.10 5.19 29.98 -0.6488 -0.3867 -0.8258 0.6427 -1.0239
19538 -1.10 5.87 39.10 -0.8245 0.4998 -0.6107 0.5630 -0.9222
19558 -1.10 0.41 42.50 0.7018 0.1097 -0.3583 0.8044 -0.8771
19578 -1.10 1.24 40.16 -0.7858 -0.1642 -0.6631 0.7692 -0.9820
19598 -1.10 1.99 40.29 -0.1056 0.8673 -0.7032 0.6333 -0.9310
19618 -1.10 2.85 43.82 0.1748 -0.7960 -0.5588 0.6228 -0.8650
19638 -1.10 3.70 41.34 -0.1637 0.8866 -0.6726 0.6617 -0.9282
19658 -1.10 4.39 31.83 1.0999 -0.0949 -0.8150 0.9064 -1.2369
19678 -1.10 4.95 27.91 1.0258 -0.1513 -0.8783 0.6746 -1.1304
19698 -1.10 5.56 33.31 0.9500 -0.3867 -0.6831 0.6680 -0.9394
19718 -1.10 0.06 41.74 -0.3200 -0.2706 -0.4062 0.4297 -0.5658
19738 -1.10 0.91 42.23 0.2763 0.4418 -0.4501 0.5675 -0.7240
19758 -1.10 1.69 40.58 0.1941 -0.9169 -0.7009 0.6652 -0.9381
19778 -1.10 2.51 43.72 -0.6504 0.6368 -0.3212 0.6703 -0.7102
19798 -1.10 3.38 44.63 0.5971 -0.6478 -0.2304 0.6827 -0.6731
19818 -1.10 4.15 32.72 -1.0002 0.6126 -0.7338 0.6918 -1.0613
19838 -1.10 4.76 29.54 -1.0598 1.1703 -0.9374 0.8894 -1.3158
19858 -1.10 5.35 31.38 -0.7729 1.0155 -0.8050 0.6906 -1.0152
19878 -1.10 6.06 40.36 0.4101 0.4676 -0.5207 0.7073 -0.9001
19898 -1.10 0.62 43.69 -0.0911 -0.6042 -0.3386 0.6758 -0.7100
19918 -1.10 1.42 39.87 -0.0702 0.8882 -0.7344 0.6603 -0.9660
19938 -1.10 2.19 39.87 0.8904 -0.7364 -0.6406 0.7039 -0.9313
19958 -1.10 3.04 44.72 -0.7858 0.6303 -0.5502 0.6244 -0.8616
19978 -1.10 3.87 39.81 0.8453 -0.4737 -0.5994 0.5988 -0.8620
19998 -1.10 4.53 30.15 0.2715 -1.0297 -0.8823 0.6007 -1.1284
20018 -1.10 5.12 29.08 0.1812 -0.9943 -0.8267 0.6619 -1.0205
20038 -1.10 5.77 36.46 -0.4860 -0.3641 -0.6426 0.5610 -0.8592
20058 -1.10 0.31 42.89 -0.1927 0.9575 -0.4431 0.9108 -0.7930
20078 -1.10 1.12 44.14 0.2489 -0.8315 -0.6297 0.5761 -0.9248
20098 -1.10 1.91 39.64 -1.0066 0.8189 -0.6075 0.8814 -0.9879
20118 -1.10 2.74 43.68 0.5890 -0.4415 -0.4737 0.3889 -0.6429
20138 -1.10 3.61 43.56 -0.8615 0.6545 -0.5800 0.6874 -0.9066
20158 -1.10 4.32 31.64 0.3360 0.7254 -0.7650 0.7693 -1.0792
20178 -1.10 4.89 28.41 0.5100 0.6851 -0.8842 0.8105 -1.1269
20198 -1.10 5.49 37.37 0.7099 0.3515 -0.7690 0.7601 -1.0698
20218 -1.10 6.25 40.56 0.4069 -0.7026 -0.4178 0.5684 -0.6990
20238 -1.10 0.81 41.94 -0.5134 0.7270 -0.4230 0.6161 -0.7341
20258 -1.10 1.60 38.27 0.8582 -0.7155 -0.7052 0.5902 -0.9222
20278 -1.10 2.41 43.72 -0.7600 -0.1401 -0.3500 0.9031 -0.8865
20298 -1.10 3.28 44.18 0.6390 0.0340 -0.2316 0.7219 -0.7662
20318 -1.10 4.08 36.60 -0.8438 -0.1191 -0.7827 0.6997 -1.0260
20338 -1.10 4.69 31.36 -1.1404 0.4031 -0.8386 0.7966 -1.1765
20358 -1.10 5.27 29.89 -1.0630 0.4385 -0.8030 0.7048 -1.0098
20378 -1.10 5.97 38.31 -0.3603 0.8366 -0.5728 0.6134 -0.8528
20398 -1.10 0.52 42.53 0.7776 -0.6607 -0.2508 0.8001 -0.8399
20418 -1.10 1.33 40.14 -0.9147 0.7254 -0.6548 0.7098 -0.9321
20438 -1.10 2.10 39.55 0.7808 0.1903 -0.5918 0.8420 -1.0352
20458 -1.10 2.95 42.87 -0.6440 -0.1223 -0.5671 0.5968 -0.8487
20478 -1.10 3.78 41.20 0.6261 0.3418 -0.6799 0.7081 -0.9512
20498 -1.10 4.46 31.80 1.0226 -0.9943 -0.9252 0.7075 -1.1982
20518 -1.10 5.04 30.02 0.9404 -0.8992 -0.8048 0.6941 -1.0229
20538 -1.10 5.67 34.98 0.4488 -0.9153 -0.6657 0.6282 -0.9178
20558 -1.10 0.19 41.80 -0.8390 0.6867 -0.6151 0.6486 -0.9081
20578 -1.10 1.02 39.20 0.7808 -0.4318 -0.5313 0.5741 -0.7955
20598 -1.10 1.79 37.88 -0.7310 -0.1256 -0.7022 0.6023 -0.9218
20618 -1.10 2.62 43.23 0.0716 0.4998 -0.2689 0.5615 -0.6491
20638 -1.10 3.49 44.21 -0.3539 -0.2497 -0.4256 0.4321 -0.6244
20658 -1.10 4.24 33.84 -0.4215 0.9914 -0.7411 0.6640 -0.9620
20678 -1.10 4.84 29.93 0.0652 0.9124 -0.9031 0.6158 -1.2488
20698 -1.10 5.44 33.38 0.0571 0.8930 -0.7288 0.7774 -1.1610
20718 -1.10 6.17 39.82 0.7437 -0.6091 -0.6409 0.4663 -0.8345
20738 -1.10 0.73 42.83 -0.7149 0.3322 -0.4474 0.5583 -0.6944
20758 -1.10 1.54 39.22 0.8840 0.1517 -0.5242 0.9880 -1.0985
20778 -1.10 2.33 41.93 -0.1153 -0.5398 -0.3419 0.6102 -0.6884
20798 -1.10 3.21 45.15 0.2876 0.3128 -0.3559 0.4838 -0.7513
20818 -1.10 4.01 34.64 0.0571 -1.0056 -0.6531 0.9216 -1.0726
20838 -1.10 4.63 31.28 -0.8035 -0.1852 -0.8669 0.5945 -1.0332
20858 -1.10 5.21 29.51 -0.8728 -0.1352 -0.8646 0.6707 -1.0929
20878 -1.10 5.89 37.01 -0.8986 0.7802 -0.7246 0.6545 -0.9360
20898 -1.10 0.43 43.36 0.6712 -0.0869 -0.3356 0.6483 -0.7106
20918 -1.10 1.24 38.23 -0.8277 -0.1755 -0.6414 0.8583 -1.0468
20938 -1.10 2.01 40.85 -0.1411 0.9817 -0.6259 0.8574 -0.9975
20958 -1.10 2.84 42.61 0.2280 -0.7251 -0.4948 0.5523 -0.8343
20978 -1.10 3.71 42.29 -0.1927 0.9059 -0.6250 0.7213 -0.9318
20998 -1.10 4.39 32.13 1.1096 -0.1062 -0.8420 0.8890 -1.2607
21018 -1.10 4.96 28.96 1.0129 -0.2545 -0.8393 0.6373 -1.0681
21038 -1.10 5.58 35.08 0.9065 -0.5688 -0.7164 0.5711 -0.9166
21058 -1.10 0.07 41.40 -0.4780 -0.1433 -0.5201 0.3909 -0.6716
21078 -1.10 0.92 39.05 0.3827 0.3451 -0.5042 0.5251 -0.7542
21098 -1.10 1.70 39.96 0.1490 -0.8960 -0.6824 0.6753 -0.9300
21118 -1.10 2.53 43.59 -0.3909 0.6158 -0.3510 0.5150 -0.6060
21138 -1.10 3.42 45.15 0.1587 -0.7461 -0.5519 0.5597 -0.8932
21158 -1.10 4.17 35.07 -0.9808 0.8028 -0.7750 0.7010 -1.0222
21178 -1.10 4.77 28.35 -0.9437 1.1509 -0.9178 0.8142 -1.2558
21198 -1.10 5.35 31.69 -0.7793 1.0220 -0.7731 0.7367 -1.0534
21218 -1.10 6.06 38.79 0.4810 0.3418 -0.5652 0.6033 -0.8891
21238 -1.10 0.62 42.63 -0.0702 -0.5833 -0.3283 0.6379 -0.7058
21258 -1.10 1.42 38.94 -0.1121 0.8866 -0.7322 0.6294 -0.9414
21278 -1.10 2.20 42.70 0.9742 -0.7976 -0.5226 0.8969 -0.9521
21298 -1.10 3.06 44.96 -0.8728 0.6996 -0.5245 0.7610 -0.9230
21318 -1.10 3.88 39.45 0.8420 -0.6042 -0.6586 0.5656 -0.8948
21338 -1.10 4.53 27.56 0.1974 -0.9927 -0.8886 0.5611 -1.0943
21358 -1.10 5.12 29.55 0.0781 -0.9766 -0.8796 0.6357 -1.0217
21378 -1.10 5.77 36.31 -0.5376 -0.3496 -0.6460 0.6176 -0.8729
21398 -1.10 0.31 43.40 -0.1798 0.9446 -0.4337 0.9045 -0.9299
21418 -1.10 1.13 41.61 0.2086 -0.9234 -0.6160 0.7473 -0.9392
21438 -1.10 1.91 39.61 -0.9550 0.7834 -0.6386 0.7931 -0.9738
21458 -1.10 2.73 44.17 0.5874 -0.3480 -0.4140 0.4214 -0.5848
21478 -1.10 3.61 45.15 -0.8309 0.6481 -0.5990 0.6354 -0.8934
21498 -1.10 4.32 33.62 0.3601 0.8092 -0.8219 0.8712 -1.1240
21518 -1.10 4.89 28.94 0.5100 0.6094 -0.8509 0.7295 -1.0803
21538 -1.10 5.49 33.41 0.7341 0.2290 -0.7836 0.6312 -1.0831
21558 -1.10 6.25 41.18 0.3585 -0.6800 -0.4436 0.5157 -0.6971
21578 -1.10 0.81 40.91 -0.6262 0.7383 -0.3723 0.7032 -0.7566
21598 -1.10 1.60 37.92 0.8324 -0.6671 -0.6950 0.5419 -0.9055
21618 -1.10 2.41 42.24 -0.7939 -0.1949 -0.4032 0.9667 -0.9324
21638 -1.10 3.27 44.05 0.6486 0.1484 -0.2891 0.7969 -0.8423
21658 -1.10 4.07 37.17 -0.7358 -0.1965 -0.7526 0.6323 -0.9323
21678 -1.10 4.69 29.94 -1.1903 0.3225 -0.8578 0.8833 -1.1970
21698 -1.10 5.25 30.64 -1.0372 0.2709 -0.8207 0.6957 -1.0873
21718 -1.10 5.94 39.65 -0.6391 0.8511 -0.5546 0.6911 -0.8771
21738 -1.10 0.49 44.21 0.9581 -0.7380 -0.4293 0.9071 -0.9277
21758 -1.10 1.30 40.09 -0.7955 0.3837 -0.5241 0.5986 -0.8068
21778 -1.10 2.08 40.23 0.6905 0.1581 -0.6525 0.6235 -0.9174
21798 -1.10 2.93 44.19 -0.4328 -0.1449 -0.4587 0.3885 -0.6121
21818 -1.10 3.78 40.01 0.5874 0.2693 -0.6536 0.5834 -0.9612
21838 -1.10 4.45 31.02 1.0016 -0.9653 -0.9088 0.6818 -1.1527
21858 -1.10 5.03 28.36 0.9549 -0.8815 -0.8186 0.6776 -1.0506
21878 -1.10 5.66 38.63 0.5100 -0.9314 -0.6684 0.6506 -0.9275
21898 -1.10 0.18 42.08 -0.7519 0.6158 -0.5987 0.5327 -0.8358
21918 -1.10 1.00 41.33 0.8034 -0.1143 -0.3880 0.7778 -0.8565
21938 -1.10 1.79 38.79 -0.7036 -0.1191 -0.6951 0.5545 -0.9034
21958 -1.10 2.62 43.47 0.0330 0.5707 -0.2623 0.6261 -0.6140
21978 -1.10 3.49 43.69 -0.3313 -0.3576 -0.4297 0.5387 -0.6379
21998 -1.10 4.24 34.09 -0.4409 0.9897 -0.7456 0.6538 -0.9550
22018 -1.10 4.83 30.03 0.0072 0.9769 -0.9648 0.5923 -1.1723
22038 -1.10 5.43 31.83 0.0168 1.0429 -0.8399 0.8766 -1.1982
22058 -1.10 6.16 39.89 0.7744 -0.4946 -0.5799 0.5279 -0.7996
22078 -1.10 0.72 42.39 -0.7020 0.2081 -0.3890 0.6072 -0.7205
22098 -1.10 1.51 37.68 0.7421 0.1758 -0.6967 0.6812 -0.9499
22118 -1.10 2.31 42.88 0.1345 -0.9121 -0.4677 0.8666 -0.9295
22138 -1.10 3.17 48.82 -0.1621 0.7673 -0.2812 0.7584 -0.8186
22158 -1.10 3.97 38.42 0.2796 -0.9572 -0.7296 0.6608 -0.9758
22178 -1.10 4.61 29.98 -0.5682 -0.5366 -0.8722 0.6783 -0.9612
22198 -1.10 5.19 30.05 -0.6488 -0.4028 -0.8302 0.6608 -1.0436
22218 -1.10 5.86 36.89 -0.8551 0.4901 -0.6384 0.5734 -0.8743
22238 -1.10 0.40 43.29 0.7437 0.1484 -0.4207 0.8584 -0.9214
22258 -1.10 1.21 38.18 -0.6488 -0.1594 -0.6826 0.5167 -0.8797
22278 -1.10 2.00 38.67 -0.1347 0.8092 -0.5307 0.6858 -0.9870
22298 -1.10 2.86 44.17 0.1812 -0.8428 -0.5616 0.6868 -0.9011
22318 -1.10 3.70 42.10 -0.1685 0.8802 -0.6614 0.6599 -0.9280
22338 -1.10 4.39 32.31 1.1483 -0.0563 -0.8319 0.9919 -1.3093
22358 -1.10 4.96 29.75 1.0774 -0.2900 -0.8780 0.6870 -1.1045
22378 -1.10 5.58 35.39 0.9097 -0.6123 -0.7352 0.5656 -0.9196
22398 -1.10 0.08 41.15 -0.5795 -0.0998 -0.5943 0.4300 -0.7548
22418 -1.10 0.92 41.82 0.3940 0.4321 -0.5163 0.6452 -0.8667
22438 -1.10 1.70 39.37 0.1361 -0.8911 -0.7026 0.6542 -0.9317
22458 -1.10 2.52 44.32 -0.5618 0.5771 -0.2689 0.6002 -0.6450
22478 -1.10 3.39 44.22 0.4182 -0.6252 -0.3342 0.5422 -0.6353
22498 -1.10 4.16 35.52 -0.9518 0.7190 -0.7698 0.6261 -0.9634
22518 -1.10 4.77 28.44 -0.9744 1.1703 -0.9686 0.7958 -1.2551
22538 -1.10 5.35 31.44 -0.7036 0.9994 -0.7864 0.6601 -0.9904
22558 -1.10 6.06 38.42 0.4343 0.3725 -0.5605 0.5812 -0.8093
22578 -1.10 0.63 43.43 -0.3168 -0.2690 -0.4050 0.4241 -0.5737
22598 -1.10 1.42 39.69 -0.1266 0.9446 -0.6749 0.7721 -1.0004
22618 -1.10 2.22 41.84 0.8130 -0.7590 -0.3843 0.8240 -0.8631
22638 -1.10 3.09 46.46 -0.6230 0.4998 -0.1631 0.6393 -0.6545
22658 -1.10 3.89 43.67 0.9533 -0.7574 -0.6537 0.7657 -0.9857
22678 -1.10 4.55 30.74 0.0136 -1.0039 -0.9576 0.6393 -1.1685
22698 -1.10 5.13 29.62 0.0894 -1.0378 -0.8678 0.7550 -1.1442
22718 -1.10 5.78 36.80 -0.7004 -0.1481 -0.7252 0.5437 -0.9108
22738 -1.10 0.30 43.13 -0.2104 0.9317 -0.4494 0.8678 -0.8982
22758 -1.10 1.13 41.10 0.1941 -0.8863 -0.6446 0.6727 -0.9257
22778 -1.10 1.90 43.14 -0.9341 0.7818 -0.6286 0.7806 -0.9672
22798 -1.10 2.73 43.80 0.5971 -0.3480 -0.4083 0.4393 -0.6207
22818 -1.10 3.60 42.79 -0.8406 0.6352 -0.5735 0.6627 -0.8955
22838 -1.10 4.32 31.73 0.3505 0.7544 -0.7968 0.8001 -1.1965
22858 -1.10 4.89 29.11 0.5100 0.4756 -0.7822 0.5999 -1.1611
22878 -1.10 5.50 34.21 0.8066 0.1194 -0.8111 0.5974 -0.9963
22898 -1.10 6.25 38.76 0.3553 -0.7864 -0.5252 0.5869 -0.8369
22918 -1.10 0.82 42.65 -0.4989 0.7061 -0.3798 0.6186 -0.7063
22938 -1.10 1.60 38.30 0.8711 -0.7187 -0.6979 0.6152 -0.9281
22958 -1.10 2.43 42.85 -0.6182 0.0743 -0.2975 0.6058 -0.6632
22978 -1.10 3.30 44.20 0.6003 -0.3254 -0.4061 0.4430 -0.6070
22998 -1.10 4.09 35.25 -0.9212 -0.1143 -0.7623 0.8414 -1.1251
23018 -1.10 4.69 29.50 -1.1404 0.3257 -0.8591 0.8012 -1.1309
23038 -1.10 5.26 31.53 -1.0550 0.3773 -0.8071 0.7011 -1.0111
23058 -1.10 5.95 37.56 -0.4054 0.8141 -0.5793 0.5719 -0.8155
23078 -1.10 0.52 43.90 0.5971 -0.6155 -0.2635 0.6488 -0.6492
23098 -1.10 1.33 40.63 -0.9582 0.7577 -0.6048 0.8099 -0.9850
23118 -1.10 2.10 40.78 0.7937 0.1936 -0.5870 0.8661 -1.0378
23138 -1.10 2.95 46.02 -0.6504 -0.1288 -0.5616 0.6183 -0.8617
23158 -1.10 3.78 38.03 0.6438 0.2177 -0.6781 0.5855 -0.9708
23178 -1.10 4.46 31.42 1.0129 -0.9927 -0.9128 0.7126 -1.1968
23198 -1.10 5.03 29.52 0.9484 -0.9169 -0.8342 0.6819 -1.0643
23218 -1.10 5.67 36.14 0.4327 -0.9169 -0.6699 0.6267 -0.9083
23238 -1.10 0.17 42.59 -0.6907 0.4998 -0.5253 0.4826 -0.8285
23258 -1.10 1.01 41.36 0.7421 -0.3738 -0.5006 0.5478 -0.7918
23278 -1.10 1.81 37.29 -0.7987 -0.1578 -0.6541 0.7899 -1.0095
23298 -1.10 2.61 42.93 -0.0799 0.6255 -0.2326 0.6399 -0.7869
23318 -1.10 3.49 43.92 -0.3442 -0.3464 -0.4140 0.5527 -0.6778
23338 -1.10 4.24 33.83 -0.4248 1.0220 -0.7947 0.6502 -1.0064
23358 -1.10 4.84 28.76 0.0201 0.9865 -0.9773 0.6077 -1.1795
23378 -1.10 5.43 33.10 -0.0041 1.0413 -0.8442 0.8528 -1.1933
23398 -1.10 6.16 43.94 0.7163 -0.5043 -0.5629 0.4740 -0.7516
23418 -1.10 0.72 42.69 -0.7229 0.1758 -0.3916 0.6444 -0.7211
23438 -1.10 1.51 38.80 0.7228 0.1774 -0.7003 0.6472 -0.9402
23458 -1.10 2.31 42.30 0.1603 -0.9540 -0.4819 0.9008 -0.9508
23478 -1.10 3.16 44.89 -0.2362 0.9833 -0.4241 0.9348 -0.9309
23498 -1.10 3.98 37.93 0.2006 -0.9330 -0.7154 0.6730 -0.9463
23518 -1.10 4.61 28.38 -0.5811 -0.4737 -0.8501 0.6274 -1.0273
23538 -1.10 5.19 28.90 -0.6311 -0.4527 -0.8362 0.6971 -1.0332
23558 -1.10 5.87 36.53 -0.8293 0.4998 -0.6212 0.5581 -0.8389
23578 -1.10 0.40 43.85 0.7002 0.1678 -0.4104 0.8242 -0.9031
23598 -1.10 1.23 40.45 -0.7407 -0.1433 -0.6849 0.6566 -0.9290
23618 -1.10 2.01 41.22 -0.1347 0.9575 -0.6416 0.8142 -0.9765
23638 -1.10 2.84 44.66 0.1345 -0.6590 -0.5226 0.4603 -0.7230
23658 -1.10 3.70 42.01 -0.1733 0.8802 -0.6675 0.6512 -0.9280
23678 -1.10 4.39 33.48 1.0709 -0.1223 -0.7923 0.8640 -1.2029
23698 -1.10 4.97 29.03 1.0741 -0.3254 -0.8808 0.6615 -1.1198
23718 -1.10 5.58 34.00 0.8952 -0.6735 -0.7588 0.5418 -0.9270
23738 -1.10 0.08 41.66 -0.6198 -0.0885 -0.6274 0.4495 -0.7955
23758 -1.10 0.92 41.18 0.4842 0.3741 -0.5814 0.6346 -0.8938
23778 -1.10 1.71 39.83 0.1248 -0.9395 -0.7002 0.7422 -0.9892
23798 -1.10 2.52 45.64 -0.7052 0.6739 -0.2795 0.7462 -0.7646
23818 -1.10 3.39 43.98 0.4262 -0.5913 -0.2991 0.5319 -0.6107
23838 -1.10 4.16 35.79 -0.9582 0.6932 -0.7458 0.6504 -1.0228
23858 -1.10 4.76 29.36 -0.9728 1.1493 -0.9454 0.7989 -1.2323
23878 -1.10 5.35 32.39 -0.7729 1.0284 -0.7961 0.7163 -1.0425
23898 -1.10 6.06 38.43 0.4649 0.3966 -0.5783 0.6397 -0.8816
23918 -1.10 0.61 49.54 -0.0057 -0.6236 -0.2491 0.6792 -0.6919
23938 -1.10 1.42 39.49 -0.1121 0.8898 -0.7245 0.6438 -0.9451
23958 -1.10 2.20 40.57 0.9742 -0.7912 -0.5600 0.8710 -1.0171
23978 -1.10 3.08 45.75 -0.7632 0.6336 -0.3280 0.7481 -0.7951
23998 -1.10 3.90 38.48 0.9484 -0.7574 -0.6672 0.7491 -0.9874
24018 -1.10 4.54 30.23 0.0733 -0.9701 -0.9431 0.5271 -1.1077
24038 -1.10 5.12 29.87 0.1232 -0.9894 -0.8349 0.6825 -1.0437
24058 -1.10 5.77 35.50 -0.6053 -0.2416 -0.6989 0.5222 -0.8803
24078 -1.10 0.29 42.88 -0.1895 0.8882 -0.4822 0.8017 -0.9148
24098 -1.10 1.12 40.81 0.1716 -0.8186 -0.6533 0.5644 -0.8862
24118 -1.10 1.90 40.57 -0.9163 0.7706 -0.6333 0.7541 -0.9570
24138 -1.10 2.73 44.37 0.5858 -0.2706 -0.3596 0.4631 -0.6250
24158 -1.10 3.61 42.84 -0.8374 0.6529 -0.6141 0.6302 -0.9004
24178 -1.10 4.32 30.43 0.3553 0.