--- Terminal on /dev/ttyUSB0 | 115200 8-N-1
--- Available filters and text transformations: colorize, debug, default, direct, esp32_exception_decoder, hexlify, log2file, nocontrol, printable, send_on_enter, time
--- More details at https://bit.ly/pio-monitor-filters
--- Quit: Ctrl+C | Menu: Ctrl+T | Help: Ctrl+T followed by Ctrl+H
MOT: Align sensor.
MOT: sensor_direction==CCW
MOT: PP check: OK!
MOT: Zero elec. angle: 1.09
MOT: Align current sense.
CS: Inv B
MOT: Success: 3
MOT: Ready.
0 0.00 3.73 -0.04 0.0277 0.0192 -0.0373 0.0288 -0.0145
8377 0.00 3.73 -0.24 -0.0126 0.0144 0.0099 0.0122 -0.0579
8397 0.00 3.74 1.09 0.0261 -0.0130 -0.0255 -0.0056 -0.1159
8417 0.00 3.73 -1.03 -0.0207 0.0144 0.0190 0.0093 -0.0288
8437 0.00 3.73 0.91 -0.0078 0.0063 0.0067 0.0049 0.0186
8457 0.00 3.73 0.00 0.0083 0.0144 -0.0140 0.0182 -0.0640
8477 0.00 3.74 0.43 -0.0013 -0.0098 0.0041 -0.0114 -0.0768
8497 0.00 3.73 0.00 -0.0287 0.0160 0.0270 0.0099 0.0340
8517 0.00 3.73 -0.81 -0.0062 -0.0130 0.0109 -0.0163 0.0769
8537 0.00 3.73 0.00 0.0180 -0.0017 -0.0195 0.0036 -0.0311
8557 0.00 3.74 0.72 0.0228 -0.0098 -0.0226 -0.0039 -0.0253
8577 0.00 3.73 -1.20 -0.0432 0.0160 0.0432 0.0067 0.0335
8597 0.00 3.73 0.21 0.0083 0.0450 -0.0266 0.0508 0.0146
8617 0.00 3.72 0.25 -0.0045 -0.0130 0.0109 -0.0146 0.0356
8637 0.00 3.74 0.91 -0.0013 0.0112 -0.0011 0.0121 -0.0189
8657 0.00 3.73 0.00 -0.0255 0.0095 0.0256 0.0028 0.0301
8677 0.00 3.73 -1.03 -0.0062 0.0579 -0.0119 0.0625 -0.0382
8697 0.00 3.73 0.00 -0.0045 0.0047 0.0037 0.0039 0.0454
8717 0.00 3.73 0.00 -0.0271 -0.0001 0.0305 -0.0075 0.0278
8737 0.00 3.73 0.46 0.0083 -0.0082 -0.0067 -0.0068 0.0884
8757 0.00 3.73 0.24 0.0228 -0.0130 -0.0214 -0.0082 -0.0444
8777 0.00 3.73 -0.36 -0.0029 0.0305 -0.0061 0.0331 -0.0219
8797 0.00 3.72 -1.04 -0.0287 -0.0066 0.0355 -0.0122 -0.0145
8817 0.00 3.73 0.00 -0.0126 0.0192 0.0076 0.0180 0.0274
8837 0.00 3.72 0.00 -0.0013 -0.0034 0.0029 -0.0038 -0.0084
8857 0.00 3.73 0.68 0.0228 -0.0179 -0.0194 -0.0142 -0.0501
8877 0.00 3.75 0.00 -0.0174 0.0934 0.0076 0.0990 -0.0321
8897 0.00 3.74 -0.36 -0.0239 0.0160 0.0223 0.0097 0.0146
8917 0.00 3.74 0.00 0.0212 -0.0066 -0.0217 -0.0000 -0.0329
8937 0.00 3.74 0.73 -0.0255 0.0192 0.0235 0.0124 0.0248
8957 0.00 3.74 0.00 -0.0368 0.0144 0.0369 0.0034 0.0177
8977 0.00 3.74 0.21 0.0986 -0.0001 -0.1091 0.0323 -0.0331
8997 0.00 3.73 -0.52 0.0051 0.0160 -0.0103 0.0195 0.0249
9017 0.00 3.74 0.00 -0.0045 0.0112 0.0020 0.0110 0.0067
9037 0.00 3.74 0.00 -0.0078 0.0160 0.0043 0.0154 0.0292
9057 0.00 3.74 0.73 0.0277 0.0144 -0.0345 0.0253 0.0163
9077 0.00 3.73 0.00 -0.0045 0.0144 -0.0001 0.0147 0.0288
9097 0.00 3.73 0.23 0.0212 -0.0082 -0.0212 -0.0029 -0.0344
9117 0.00 3.73 0.26 0.0470 -0.0130 -0.0485 -0.0033 -0.0712
9137 0.00 3.74 0.00 -0.0045 -0.0823 0.0191 -0.0959 -0.1780
9157 0.00 3.73 0.00 -0.0432 0.0160 0.0435 0.0045 0.0292
9177 0.00 3.73 1.04 0.0132 -0.0130 -0.0107 -0.0107 -0.0222
9197 0.00 3.74 -0.72 -0.0110 0.0676 -0.0035 0.0724 -0.0578
9217 0.00 3.74 0.00 0.0502 0.0128 -0.0590 0.0309 -0.0189
9237 0.00 3.73 -0.86 0.0019 -0.0098 0.0011 -0.0103 -0.0240
9257 0.00 3.73 -0.26 0.0793 0.0160 -0.0935 0.0409 0.0209
9277 0.00 3.73 -0.41 0.0132 -0.0066 -0.0127 -0.0035 -0.0288
9297 0.00 3.74 0.52 0.0228 -0.0130 -0.0220 -0.0064 -0.1345
9317 0.00 3.73 -0.90 -0.0110 0.0160 0.0074 0.0146 -0.0218
9337 0.00 3.73 1.19 -0.0255 0.0063 0.0265 -0.0008 0.0218
9357 0.00 3.73 0.00 0.0148 0.0144 -0.0206 0.0207 0.0181
9377 -1.10 4.09 36.76 -0.9071 -0.1565 -0.6721 0.9312 -1.1657
9397 -1.10 4.73 32.37 -1.0054 0.9089 -0.8699 0.6885 -1.1144
9417 -1.10 5.39 34.99 -0.2656 0.9605 -0.7727 0.6218 -0.9532
9437 -1.10 6.16 41.82 0.6788 -0.5530 -0.5860 0.4220 -0.7551
9457 -1.10 0.77 45.30 -0.9361 0.6961 -0.4751 0.8484 -0.9202
9477 -1.10 1.57 41.23 0.7755 -0.3096 -0.4741 0.6202 -0.7799
9497 -1.10 2.42 44.66 -0.5912 -0.0195 -0.2452 0.6494 -0.6903
9517 -1.10 3.34 46.02 0.9238 -0.6980 -0.4476 0.8529 -0.9458
9537 -1.10 4.13 37.95 -0.9748 0.3480 -0.5973 0.7870 -0.9375
9557 -1.10 4.78 31.75 -0.8040 1.1023 -0.8159 0.7965 -1.1505
9577 -1.10 5.43 33.47 -0.0561 1.0765 -0.7771 0.9299 -1.2006
9597 -1.10 6.19 44.75 0.9367 -0.7705 -0.5508 0.8341 -0.9367
9617 -1.10 0.78 44.78 -0.8749 0.6284 -0.2935 0.8531 -0.8757
9637 -1.10 1.59 40.77 0.7965 -0.5965 -0.6295 0.5389 -0.8646
9657 -1.10 2.43 43.83 -0.5944 0.2126 -0.3307 0.5035 -0.6069
9677 -1.10 3.36 45.59 0.6933 -0.5932 -0.2448 0.7083 -0.7542
9697 -1.10 4.16 35.67 -0.9136 0.7348 -0.7572 0.6035 -0.9515
9717 -1.10 4.80 33.97 -0.4591 1.0507 -0.7977 0.6881 -1.0278
9737 -1.10 5.46 34.46 0.3823 0.5027 -0.6365 0.6187 -0.9092
9757 -1.10 6.25 42.14 0.2888 -0.6126 -0.4026 0.4621 -0.7217
9777 -1.10 0.86 44.55 -0.1915 0.9314 -0.5544 0.8126 -0.9322
9797 -1.10 1.66 41.59 0.5886 -0.7770 -0.4223 0.6918 -0.7879
9817 -1.10 2.51 46.24 -0.5912 0.5865 -0.2436 0.6348 -0.6387
9837 -1.10 3.44 46.34 0.2727 -0.9897 -0.4144 0.9347 -1.0058
9857 -1.10 4.21 37.67 -0.8120 0.9959 -0.6274 0.8541 -0.9864
9877 -1.10 4.84 30.80 0.0245 1.0378 -0.9686 0.7297 -1.2469
9897 -1.10 5.49 34.77 0.7691 0.1385 -0.7690 0.6040 -0.9641
9917 -1.10 0.00 43.63 0.1808 -0.9220 -0.5236 0.8250 -0.9273
9937 -1.10 0.88 44.92 -0.1883 0.9153 -0.3579 0.8980 -0.9010
9957 -1.10 1.69 43.14 0.2179 -0.8624 -0.6609 0.6063 -0.9309
9977 -1.10 2.54 48.38 -0.2721 0.5914 -0.3611 0.4691 -0.5967
9997 -1.10 3.46 45.57 0.0728 -0.6110 -0.2023 0.6360 -0.6219
10017 -1.10 4.24 36.85 -0.4784 0.9669 -0.6243 0.7383 -0.9443
10037 -1.10 4.88 31.50 0.3339 0.7703 -0.7848 0.8165 -1.1653
10057 -1.10 5.54 34.97 0.9625 -0.1162 -0.6231 0.8460 -0.9881
10077 -1.10 0.05 43.91 -0.2237 -0.3225 -0.3241 0.4433 -0.4736
10097 -1.10 0.93 38.97 0.6337 0.1481 -0.6345 0.5359 -0.9347
10117 -1.10 1.76 40.95 -0.2334 -0.4385 -0.4111 0.5445 -0.6696
10137 -1.10 2.61 44.53 -0.0045 0.5027 -0.1794 0.5493 -0.5854
10157 -1.10 3.52 44.81 -0.6766 -0.1710 -0.5532 0.7054 -0.9075
10177 -1.10 4.29 34.56 -0.0303 1.1055 -0.7842 0.9853 -1.2348
10197 -1.10 4.91 30.62 0.7175 0.2706 -0.8256 0.6009 -1.1290
10217 -1.10 5.57 34.37 0.8561 -0.6255 -0.7224 0.5127 -0.9133
10237 -1.10 0.12 43.30 -0.6718 -0.0904 -0.3431 0.7589 -0.8125
10257 -1.10 0.99 43.92 0.7368 0.0660 -0.3059 0.8371 -0.8665
10277 -1.10 1.81 41.31 -0.7959 -0.1903 -0.5508 0.8896 -0.9985
10297 -1.10 2.66 44.84 0.6530 0.1675 -0.5386 0.6794 -0.8987
10317 -1.10 3.55 44.67 -0.6686 -0.1162 -0.3024 0.7912 -0.7869
10337 -1.10 4.32 33.76 0.3758 0.6317 -0.6968 0.7424 -0.9856
10357 -1.10 4.94 34.01 1.0270 0.0112 -0.8655 0.8200 -1.2610
10377 0.00 4.87 -37.40 -0.0207 0.1530 0.0021 0.1660 -0.2052
10397 0.00 4.31 -21.90 0.0728 0.0353 -0.0786 0.0774 -0.1092
10417 0.00 4.02 -10.19 -0.0255 -0.0517 -0.0366 0.0697 0.0344
10437 0.00 3.89 -5.69 -0.0045 -0.0372 -0.0450 -0.0084 -0.0512
10457 0.00 3.87 0.70 -0.0045 0.0450 0.0478 0.0128 0.0575
10477 0.00 3.88 2.39 -0.0126 -0.0098 -0.0159 -0.0158 -0.0446
10497 0.00 3.91 0.43 -0.0110 0.0144 0.0089 -0.0121 0.1072
10517 0.00 3.90 0.00 0.0212 -0.0130 -0.0017 0.0214 0.0320
10537 0.00 3.91 -0.30 -0.0110 0.0160 0.0107 -0.0123 0.0156
10557 0.00 3.91 0.36 0.0228 0.0095 0.0260 0.0207 0.0413
10577 0.00 3.90 -0.52 -0.0223 0.0192 0.0082 -0.0227 0.0311
10597 0.00 3.91 -0.73 0.0228 -0.1403 -0.1470 0.0328 0.0112
10617 0.00 3.91 0.00 -0.0191 -0.0195 -0.0352 -0.0156 0.0445
10637 0.00 3.91 0.23 0.0212 -0.0211 -0.0102 0.0222 0.0501
10657 0.00 3.90 -0.24 0.0212 -0.0259 -0.0169 0.0218 0.0297
10677 0.00 3.90 -0.73 -0.0174 0.0160 0.0081 -0.0176 0.0163
10697 0.00 3.90 0.00 0.0148 -0.0146 -0.0076 0.0152 0.0571
10717 0.00 3.91 0.00 -0.0239 -0.0066 -0.0229 -0.0224 -0.0156
10737 0.00 3.90 0.00 -0.0239 0.0128 0.0005 -0.0239 0.0270
10757 0.00 3.92 0.86 0.0180 -0.0146 -0.0031 0.0189 0.0470
10777 0.00 3.91 0.00 -0.0174 0.0063 -0.0051 -0.0169 -0.0132
10797 0.00 3.91 0.00 0.0228 -0.0130 0.0009 0.0229 0.1147
10817 0.00 3.91 0.52 0.0148 -0.0195 -0.0118 0.0165 0.0579
10837 0.00 3.91 0.00 0.0212 0.0160 0.0327 0.0180 0.0649
10857 0.00 3.91 0.00 -0.0110 0.0144 0.0089 -0.0121 0.0572
10877 0.00 3.91 0.23 -0.0174 0.0128 0.0029 -0.0178 -0.0468
10897 0.00 3.90 0.26 0.0228 -0.0195 -0.0104 0.0223 0.0242
10917 0.00 3.91 0.00 0.0245 -0.0146 -0.0011 0.0246 0.0365
10937 0.00 3.90 0.00 0.0148 -0.0130 -0.0055 0.0152 0.0313
10957 0.00 3.90 0.52 0.0148 -0.0678 -0.0698 0.0148 -0.0257
10977 0.00 3.90 0.00 -0.0174 -0.0082 -0.0201 -0.0168 -0.0474
10997 0.00 3.91 0.00 0.0341 0.0192 0.0466 0.0274 0.0199
11017 0.00 3.91 0.00 0.0035 -0.0034 -0.0014 0.0037 -0.0267
11037 0.00 3.91 -0.26 -0.0126 0.0128 0.0059 -0.0134 0.0574
11057 0.00 3.91 0.81 0.0051 -0.0324 -0.0336 0.0091 -0.0285
11077 0.00 3.91 -0.52 0.0228 -0.0001 0.0156 0.0212 0.0583
11097 0.00 3.91 -0.73 0.0228 -0.0082 0.0060 0.0224 -0.1172
11117 0.00 3.91 0.00 -0.0207 0.0112 -0.0015 -0.0206 0.0203
11137 0.00 3.91 0.00 0.0212 0.0144 0.0312 0.0177 0.0199
11157 0.00 3.91 -0.26 0.0212 -0.0034 0.0105 0.0203 0.0619
11177 0.00 3.90 0.61 0.0228 -0.0291 -0.0197 0.0235 -0.0281
11197 0.00 3.91 -0.36 0.0196 -0.0195 -0.0084 0.0209 0.0399
11217 0.00 3.91 0.52 -0.0126 0.0901 0.0946 -0.0239 0.0234
11237 0.00 3.90 -0.72 0.0083 -0.0968 -0.1066 0.0119 -0.0163
11257 0.00 3.91 0.00 -0.0174 0.0128 0.0032 -0.0178 -0.0265
11277 0.00 3.91 0.43 -0.0126 0.0031 -0.0052 -0.0121 -0.0125
11297 0.00 3.91 0.00 0.0212 -0.0130 -0.0006 0.0214 0.0801
11317 0.00 3.91 0.73 0.0438 0.0482 0.0850 0.0354 0.0555
11337 0.00 3.91 0.52 0.0196 -0.0017 0.0106 0.0190 0.0383
11357 0.00 3.91 0.00 -0.0142 -0.0275 -0.0409 -0.0115 -0.0299
11377 -1.10 4.32 33.82 0.4854 0.5027 -0.7349 0.6605 -0.9677
11397 -1.10 4.95 31.53 1.1059 -0.0162 -0.8798 0.9127 -1.3168
11417 -1.10 5.61 35.77 0.9560 -0.8769 -0.7648 0.7356 -1.0672
11437 -1.10 0.14 44.29 -0.5961 0.0627 -0.2811 0.5916 -0.5927
11457 -1.10 1.01 44.21 0.7030 -0.2951 -0.3902 0.5883 -0.7048
11477 -1.10 1.84 40.81 -0.7363 0.0482 -0.3769 0.7324 -0.8038
11497 -1.10 2.70 44.28 0.5676 0.0353 -0.2256 0.6380 -0.6185
11517 -1.10 3.60 48.73 -0.7846 0.5994 -0.5479 0.6104 -0.8531
11537 -1.10 4.36 35.43 0.8593 0.1514 -0.8031 0.7372 -1.1077
11557 -1.10 4.97 31.10 1.0656 -0.3902 -0.7888 0.7351 -1.0576
11577 -1.10 5.65 36.48 0.6756 -0.9108 -0.5909 0.7382 -0.9124
11597 -1.10 0.19 43.83 -0.8894 0.7155 -0.5468 0.7679 -0.8965
11617 -1.10 1.04 41.98 0.9496 -0.7351 -0.5732 0.8144 -0.9628
11637 -1.10 1.86 42.01 -0.7330 0.2948 -0.4518 0.5832 -0.7061
11657 -1.10 2.73 46.19 0.5628 -0.2645 -0.3073 0.4718 -0.5005
11677 -1.10 3.63 44.12 -1.0135 0.7542 -0.4327 0.9600 -0.9785
11697 -1.10 4.37 34.05 1.0141 0.0837 -0.8151 0.9105 -1.2736
11717 -1.10 4.99 31.41 1.0318 -0.5546 -0.7974 0.6562 -1.0164
11737 -1.10 5.67 38.08 0.3629 -0.8801 -0.6521 0.5977 -0.8855
11757 -1.10 0.22 43.96 -0.7218 0.6188 -0.2439 0.7417 -0.7217
11777 -1.10 1.09 44.75 0.5692 -0.6577 -0.2986 0.6484 -0.7271
11797 -1.10 1.90 41.63 -0.9458 0.7606 -0.5962 0.8059 -0.9715
11817 -1.10 2.78 45.08 0.9238 -0.7109 -0.3835 0.8882 -0.9297
11837 -1.10 3.66 43.21 -0.4913 0.5930 -0.2828 0.5677 -0.6030
11857 -1.10 4.39 34.19 1.0656 -0.1436 -0.6872 0.9301 -1.1661
11877 -1.10 5.02 31.47 0.9947 -0.9639 -0.9183 0.6604 -1.1558
11897 -1.10 5.70 33.69 0.1260 -0.9801 -0.7230 0.7838 -1.0471
11917 -1.10 0.24 44.22 -0.4913 0.4866 -0.1152 0.5527 -0.4640
11937 -1.10 1.12 43.37 0.1776 -0.8060 -0.6109 0.5865 -0.8777
11957 -1.10 1.93 42.88 -0.7459 0.7219 -0.3740 0.7608 -0.8291
11977 -1.10 2.80 47.01 0.6724 -0.5884 -0.1654 0.7138 -0.6667
11997 -1.10 3.71 44.82 -0.2157 0.9540 -0.5434 0.8401 -0.9603
12017 -1.10 4.42 30.72 1.0108 -0.6158 -0.7813 0.6538 -1.0070
12037 -1.10 5.05 32.00 0.9818 -1.0929 -0.8168 0.8830 -1.2121
12057 -1.10 5.75 37.65 -0.2092 -0.5803 -0.4839 0.6597 -0.7871
12077 -1.10 0.29 43.85 -0.1835 0.9153 -0.5586 0.7911 -0.9287
12097 -1.10 1.15 42.25 0.2146 -0.9994 -0.5424 0.9015 -1.0464
12117 -1.10 1.97 41.66 -0.2785 0.7477 -0.5513 0.5169 -0.7793
12137 -1.10 2.85 43.26 0.1470 -0.7351 -0.5172 0.5811 -0.8081
12157 -1.10 3.72 43.45 -0.2431 0.9460 -0.4037 0.8956 -0.9321
12177 -1.10 4.44 34.18 0.9754 -0.8592 -0.8299 0.6682 -1.0698
12197 -1.10 5.07 31.29 0.7175 -1.1122 -0.8544 0.7360 -1.0954
12217 -1.10 5.75 38.34 -0.3140 -0.5433 -0.5548 0.6668 -0.7630
12237 -1.10 0.31 44.18 -0.1399 0.7767 -0.2697 0.7828 -0.7532
12257 -1.10 1.18 38.12 -0.0593 -0.6835 -0.3946 0.7252 -0.6389
12277 -1.10 2.01 42.09 -0.1835 0.9460 -0.5000 0.8697 -0.9268
12297 -1.10 2.88 46.66 0.1824 -0.8140 -0.3047 0.7981 -0.8417
12317 -1.10 3.76 43.43 0.0857 0.5833 -0.3082 0.6597 -0.7208
12337 -1.10 4.48 33.40 1.0979 -1.1477 -0.8554 0.9753 -1.3089
12357 -1.10 5.09 31.11 0.3694 -1.0300 -0.8393 0.6202 -1.0004
12377 0.00 4.97 -30.68 0.1212 -0.0098 -0.0249 0.1323 -0.1525
12397 0.00 4.50 -18.32 -0.0045 0.0547 0.0530 -0.0295 0.0202
12417 0.00 4.25 -8.90 -0.0207 -0.0598 0.0744 -0.0380 0.0202
12437 0.00 4.12 -4.78 -0.0013 0.0063 -0.0060 -0.0030 0.0460
12457 0.00 4.10 0.52 0.0245 -0.0162 0.0224 -0.0109 0.0267
12477 0.00 4.10 -0.91 0.0035 0.0128 -0.0075 -0.0154 -0.0142
12497 0.00 4.10 1.23 0.0309 -0.0259 0.0320 -0.0088 0.0751
12517 0.00 4.10 0.43 -0.0174 0.0047 -0.0115 0.0139 -0.0341
12537 0.00 4.10 0.26 -0.0287 0.0160 -0.0247 0.0148 -0.1669
12557 0.00 4.10 -0.37 0.2001 0.0627 0.0438 -0.2711 -0.0654
12577 0.00 4.10 0.53 0.0003 0.0144 -0.0093 -0.0139 -0.0251
12597 0.00 4.10 0.00 -0.0110 0.0063 -0.0092 0.0061 -0.0973
12617 0.00 4.10 1.80 0.0180 0.0676 -0.0369 -0.0823 0.1020
12637 0.00 4.10 -0.43 0.0228 -0.0098 0.0167 -0.0157 0.0331
12657 0.00 4.10 0.49 0.0003 -0.0034 0.0024 0.0028 0.0277
12677 0.00 4.10 0.41 0.0261 -0.0179 0.0236 -0.0123 0.0394
12697 0.00 4.10 0.00 -0.0062 0.0095 -0.0095 -0.0020 0.0297
12717 0.00 4.10 0.00 0.0132 -0.0066 0.0107 -0.0077 -0.0616
12737 0.00 4.10 0.00 -0.0045 0.0257 -0.0198 -0.0189 -0.0266
12757 0.00 4.09 0.65 -0.0271 0.0144 -0.0233 0.0139 0.0003
12777 0.00 4.10 0.00 0.0228 -0.0211 0.0248 -0.0055 0.0299
12797 0.00 4.09 0.00 0.0728 -0.0582 0.0756 -0.0145 0.1148
12817 0.00 4.10 0.53 0.0003 -0.0001 0.0002 -0.0002 0.1557
12837 0.00 4.09 0.00 0.0212 0.0063 0.0077 -0.0278 0.1163
12857 0.00 4.10 0.00 0.0083 0.0047 0.0012 -0.0132 0.0263
12877 0.00 4.10 0.22 0.0196 0.0160 -0.0002 -0.0357 -0.0199
12897 0.00 4.09 0.53 0.0116 -0.0034 0.0082 -0.0086 0.1313
12917 0.00 4.10 -0.31 -0.0045 0.0498 -0.0343 -0.0431 -0.0465
12937 0.00 4.09 -0.37 -0.0819 -0.0356 -0.0190 0.1190 0.0489
12957 0.00 4.10 -0.53 0.0051 -0.0420 0.0302 0.0345 -0.0358
12977 0.00 4.10 0.00 0.0083 0.0192 -0.0085 -0.0269 0.0345
12997 0.00 4.09 -1.22 0.0083 -0.0259 0.0206 0.0166 0.0501
13017 0.00 4.10 0.43 -0.0207 -0.0001 -0.0105 0.0215 0.0233
13037 0.00 4.09 -0.24 0.0793 0.0176 0.0325 -0.0979 -0.0270
13057 0.00 4.10 -0.41 0.0180 -0.0082 0.0146 -0.0105 0.0331
13077 0.00 4.10 0.00 -0.0497 0.0563 -0.0615 0.0005 -0.0579
13097 0.00 4.10 -0.91 0.0309 -0.0275 0.0332 -0.0067 0.0384
13117 0.00 4.10 0.00 -0.0110 0.0966 -0.0676 -0.0813 0.0282
13137 0.00 4.10 -0.22 0.0261 0.0257 -0.0031 -0.0516 -0.0296
13157 0.00 4.10 0.52 0.0228 -0.0130 0.0198 -0.0115 0.0282
13177 0.00 4.10 0.61 0.1889 0.0240 0.0773 -0.2200 -0.0242
13197 0.00 4.09 -0.73 -0.0110 0.0128 -0.0137 -0.0016 -0.1623
13217 0.00 4.10 -0.53 0.0406 -0.0195 0.0332 -0.0233 0.0512
13237 0.00 4.10 0.73 -0.0191 0.1288 -0.0906 -0.1055 -0.0256
13257 0.00 4.10 -1.81 -0.0207 0.0321 -0.0312 -0.0094 -0.0315
13277 0.00 4.10 0.65 0.0986 0.0128 0.0363 -0.1164 -0.0141
13297 0.00 4.10 0.00 0.0051 0.0063 -0.0016 -0.0113 0.0073
13317 0.00 4.10 0.31 -0.0255 0.0514 -0.0464 -0.0222 0.0426
13337 0.00 4.10 -0.37 0.0019 -0.0098 0.0075 0.0072 0.0406
13357 0.00 4.10 1.05 0.0148 0.0224 -0.0075 -0.0367 0.0822
13377 -1.10 4.52 31.87 0.3855 -1.0203 -0.8113 0.6352 -0.9966
13397 -1.10 5.14 30.82 -0.0690 -0.9913 -0.7912 0.8842 -1.2036
13417 -1.10 5.85 38.18 -0.8040 0.2964 -0.5225 0.6230 -0.7981
13437 -1.10 0.43 45.25 0.5692 -0.1549 -0.2816 0.5168 -0.5112
13457 -1.10 1.29 40.66 -0.7476 0.2835 -0.4428 0.6112 -0.7543
13477 -1.10 2.11 42.38 0.7981 0.2320 -0.4434 0.9854 -1.0615
13497 -1.10 3.01 48.71 -0.4687 0.1610 -0.2370 0.4131 -0.4671
13517 -1.10 3.88 38.17 0.8190 -0.6448 -0.6541 0.5628 -0.8904
13537 -1.10 4.56 32.60 -0.0094 -1.0800 -0.8909 0.8804 -1.1714
13557 -1.10 5.19 32.15 -0.6444 -0.3886 -0.8054 0.6633 -0.9996
13577 -1.10 5.91 39.01 -1.0167 0.8573 -0.5723 0.9320 -0.9655
13597 -1.10 0.47 46.87 0.8061 -0.6480 -0.5204 0.6775 -0.8816
13617 -1.10 1.32 40.77 -0.9152 0.7026 -0.6127 0.7363 -0.9314
13637 -1.10 2.13 45.12 0.6369 -0.0001 -0.2885 0.6764 -0.7193
13657 -1.10 3.04 47.29 -0.7137 0.5833 -0.4875 0.5832 -0.7885
13677 -1.10 3.89 41.04 0.9238 -0.7125 -0.6421 0.7244 -0.9472
13697 -1.10 4.57 31.61 -0.0239 -1.0945 -0.8884 0.9184 -1.2837
13717 -1.10 5.18 32.73 -0.5235 -0.5497 -0.7520 0.7658 -1.0018
13737 -1.10 5.92 43.22 -0.8700 0.8122 -0.4685 0.8526 -0.9120
13757 -1.10 0.48 44.10 0.9238 -0.7093 -0.4914 0.8327 -0.9265
13777 -1.10 1.33 41.65 -0.9925 0.7735 -0.5786 0.8676 -1.0177
13797 -1.10 2.14 43.17 0.6917 -0.0646 -0.2998 0.7028 -0.7227
13817 -1.10 3.03 45.95 -0.6009 0.5027 -0.4847 0.4251 -0.6701
13837 -1.10 3.90 41.02 1.0495 -0.8060 -0.5772 0.9347 -1.0699
13857 -1.10 4.57 31.28 -0.1109 -0.9994 -0.8395 0.8894 -1.1727
13877 -1.10 5.19 30.68 -0.6476 -0.3289 -0.7841 0.6105 -0.9367
13897 -1.10 5.92 39.22 -0.8636 0.7993 -0.4994 0.8224 -0.9154
13917 -1.10 0.49 44.55 0.9560 -0.6996 -0.3484 0.9263 -0.9493
13937 -1.10 1.34 41.84 -1.0248 0.7928 -0.4647 0.9690 -1.0285
13957 -1.10 2.16 43.46 0.6885 -0.3466 -0.4224 0.5436 -0.6899
13977 -1.10 3.06 47.50 -0.9039 0.6865 -0.4394 0.8350 -0.9271
13997 -1.10 3.92 39.99 0.9238 -0.8350 -0.5071 0.8841 -1.0836
14017 -1.10 4.59 32.61 -0.3140 -0.8850 -0.8649 0.8934 -1.0238
14037 -1.10 5.16 27.99 -0.2785 -0.7238 -0.6992 0.7628 -1.0169
14057 -1.10 5.87 38.36 -0.8024 0.6575 -0.6863 0.5102 -0.9072
14077 -1.10 0.46 44.54 0.6627 -0.5610 -0.5362 0.4710 -0.7477
14097 -1.10 1.30 41.27 -0.7733 0.5027 -0.5454 0.5644 -0.8621
14117 -1.10 2.14 42.75 0.6530 -0.1565 -0.3466 0.5872 -0.6854
14137 -1.10 3.04 46.15 -0.6509 0.5479 -0.4879 0.5016 -0.7190
14157 -1.10 3.89 43.47 0.9238 -0.7093 -0.6139 0.7470 -0.9467
14177 -1.10 4.56 32.65 -0.0287 -1.1025 -0.9156 0.9086 -1.4232
14197 -1.10 5.19 31.68 -0.6525 -0.3692 -0.7986 0.6579 -0.9489
14217 -1.10 5.92 39.13 -0.9458 0.8251 -0.5194 0.8889 -0.9699
14237 -1.10 0.49 44.63 0.9496 -0.7077 -0.3914 0.9059 -0.9322
14257 -1.10 1.32 42.93 -0.9297 0.7090 -0.5917 0.7704 -0.9379
14277 -1.10 2.15 40.24 0.6659 -0.2645 -0.4002 0.5380 -0.6665
14297 -1.10 3.05 46.62 -0.8298 0.6639 -0.5040 0.7191 -0.8930
14317 -1.10 3.90 41.84 0.9850 -0.7576 -0.5867 0.8483 -0.9988
14337 -1.10 4.58 31.42 -0.2399 -0.8624 -0.8095 0.8300 -1.0183
14357 -1.10 5.20 32.23 -0.7782 -0.1677 -0.8277 0.5777 -0.9593
14377 0.00 4.97 -32.20 0.0970 0.0257 0.0199 0.1278 0.1258
14397 0.00 4.46 -21.09 -0.0352 -0.0388 -0.0630 -0.0388 -0.0659
14417 0.00 4.15 -12.07 -0.0287 0.0095 -0.0043 0.0289 0.0447
14437 0.00 3.98 -6.02 -0.0126 0.0128 -0.0056 -0.0135 0.0068
14457 0.00 3.90 -3.38 -0.0045 -0.0034 -0.0067 -0.0042 0.0300
14477 0.00 3.90 0.61 0.0567 0.0144 0.0503 0.0559 0.0163
14497 0.00 3.90 -0.36 0.0212 -0.0050 0.0072 0.0210 0.0483
14517 0.00 3.90 0.52 0.0132 -0.0001 0.0079 0.0129 0.0163
14537 0.00 3.90 0.90 0.0212 -0.0195 -0.0091 0.0217 -0.0242
14557 0.00 3.90 0.00 0.0035 -0.0001 0.0019 0.0035 -0.0271
14577 0.00 3.91 0.00 0.0148 -0.1742 -0.1901 0.0342 0.0134
14597 0.00 3.91 0.00 -0.0174 -0.0001 -0.0117 -0.0165 0.0529
14617 0.00 3.91 -1.22 -0.0126 0.0160 0.0103 -0.0133 0.0134
14637 0.00 3.91 0.00 0.0228 -0.0001 0.0160 0.0209 0.0253
14657 0.00 3.91 0.72 -0.0191 -0.0066 -0.0204 -0.0171 -0.0136
14677 0.00 3.91 0.00 0.0148 0.0257 0.0389 0.0128 0.0264
14697 0.00 3.91 0.00 -0.0239 -0.0066 -0.0237 -0.0216 -0.0971
14717 0.00 3.91 0.52 0.0212 -0.0179 -0.0054 0.0222 0.0235
14737 0.00 3.91 0.66 -0.0239 -0.0001 -0.0174 -0.0215 0.0460
14757 0.00 3.91 0.00 0.0196 0.0257 0.0425 0.0161 0.0341
14777 0.00 3.91 -0.52 -0.0094 -0.0259 -0.0364 -0.0039 -0.0285
14797 0.00 3.91 -0.73 0.0148 -0.0372 -0.0314 0.0204 -0.0277
14817 0.00 3.91 1.79 -0.0045 0.0063 0.0043 -0.0049 -0.0092
14837 0.00 3.90 -0.46 0.0148 0.0031 0.0128 0.0142 0.0364
14857 0.00 3.91 0.00 -0.0174 0.0063 -0.0048 -0.0170 -0.0752
14877 0.00 3.91 1.09 0.0212 -0.0017 0.0137 0.0192 0.0485
14897 0.00 3.91 0.00 -0.0239 -0.0050 -0.0226 -0.0210 0.0213
14917 0.00 3.91 0.90 -0.0142 0.0031 -0.0067 -0.0134 -0.0248
14937 0.00 3.91 0.00 -0.1013 -0.0227 -0.0990 -0.0873 -0.0267
14957 0.00 3.91 0.21 0.0228 -0.0936 -0.0903 0.0369 0.0067
14977 0.00 3.91 -0.26 -0.0110 0.0434 0.0424 -0.0154 -0.1480
14997 0.00 3.91 0.36 0.0664 -0.0082 0.0343 0.0637 0.0273
15017 0.00 3.91 0.52 0.0083 -0.0291 -0.0272 0.0126 -0.0281
15037 0.00 3.91 -0.91 0.0696 -0.0001 0.0479 0.0644 -0.0132
15057 0.00 3.91 0.00 0.0196 -0.0324 -0.0232 0.0230 0.0676
15077 0.00 3.92 0.43 0.0277 -0.0130 0.0060 0.0270 0.0235
15097 0.00 3.91 0.26 0.0228 -0.0017 0.0145 0.0209 0.0523
15117 0.00 3.91 0.00 -0.0174 0.0144 0.0041 -0.0182 0.0117
15137 0.00 3.91 -0.73 0.0212 -0.0179 -0.0054 0.0222 0.0253
15157 0.00 3.91 1.56 -0.0207 0.0660 0.0622 -0.0260 -0.0225
15177 0.00 3.91 0.00 0.0212 -0.0162 -0.0036 0.0219 0.0289
15197 0.00 3.91 -1.79 0.0196 -0.0146 -0.0029 0.0202 -0.0274
15217 0.00 3.92 1.59 0.0196 -0.0952 -0.0920 0.0406 0.0145
15237 0.00 3.91 -0.73 -0.0126 0.0176 0.0107 -0.0146 0.0134
15257 0.00 3.91 1.09 0.0212 -0.0130 -0.0003 0.0214 0.0253
15277 0.00 3.90 -1.04 0.0228 -0.0130 -0.0003 0.0229 0.0635
15297 0.00 3.91 0.91 0.0228 -0.0162 -0.0032 0.0233 0.0282
15317 0.00 3.90 0.00 0.0760 -0.0017 0.0457 0.0738 -0.0132
15337 0.00 3.91 -0.43 0.0228 -0.0195 -0.0053 0.0241 0.0290
15357 0.00 3.91 0.26 -0.0045 0.0160 0.0151 -0.0066 0.0203
15377 -1.10 4.41 33.69 1.0382 -0.4143 -0.7258 0.7522 -1.0114
15397 -1.10 5.05 32.46 1.0463 -1.1477 -0.8976 0.8993 -1.2544
15417 -1.10 5.73 37.09 0.0245 -0.8817 -0.5413 0.8459 -0.9250
15437 -1.10 0.27 43.43 -0.1319 0.7606 -0.5702 0.5794 -0.8650
15457 -1.10 1.13 42.69 0.2018 -0.9333 -0.6138 0.7667 -0.9523
15477 -1.10 1.93 41.34 -0.7218 0.7268 -0.3694 0.7503 -0.8788
15497 -1.10 2.81 47.48 0.5757 -0.5513 -0.1533 0.6328 -0.5791
15517 -1.10 3.72 43.29 -0.2366 0.9411 -0.4225 0.8832 -1.0266
15537 -1.10 4.43 33.75 0.9754 -0.7061 -0.7998 0.6126 -0.9782
15557 -1.10 5.06 34.13 0.9109 -1.1477 -0.8254 0.8872 -1.1879
15577 -1.10 5.76 38.09 -0.4107 -0.3950 -0.5535 0.5856 -0.7806
15597 -1.10 0.32 44.03 -0.0271 0.6188 -0.2363 0.6582 -0.7115
15617 -1.10 1.19 43.19 -0.2560 -0.4401 -0.4147 0.5691 -0.6852
15637 -1.10 2.01 43.44 -0.1561 0.9669 -0.5015 0.9090 -0.9460
15657 -1.10 2.88 46.16 0.1824 -0.7335 -0.2293 0.7285 -0.7104
15677 -1.10 3.77 42.08 0.4967 0.2723 -0.5632 0.5392 -0.9041
15697 -1.10 4.49 33.58 0.9238 -1.0832 -0.7535 0.8945 -1.1712
15717 -1.10 5.10 31.61 0.2404 -0.9978 -0.8543 0.5956 -1.0979
15737 -1.10 5.82 39.12 -0.8910 -0.0775 -0.5214 0.9416 -1.0306
15757 -1.10 0.38 45.30 0.6917 0.1675 -0.5428 0.7315 -0.9221
15777 -1.10 1.22 42.38 -0.6766 -0.1403 -0.6505 0.5833 -0.8924
15797 -1.10 2.05 41.32 0.2598 0.4640 -0.4112 0.6072 -0.6644
15817 -1.10 2.94 50.24 -0.5445 -0.1033 -0.4757 0.5081 -0.7312
15837 -1.10 3.81 43.00 0.7949 0.2255 -0.5880 0.8963 -1.0625
15857 -1.10 4.51 33.41 0.4983 -1.0606 -0.7985 0.6989 -1.0277
15877 -1.10 5.14 31.64 -0.0174 -1.0687 -0.8812 0.8783 -1.2784
15897 -1.10 5.84 39.23 -0.8024 0.0901 -0.4687 0.7437 -0.8719
15917 -1.10 0.40 47.09 0.6595 0.1481 -0.3324 0.7930 -0.8542
15937 -1.10 1.26 44.85 -0.8007 -0.1420 -0.3852 0.9407 -0.9134
15957 -1.10 2.06 42.08 0.4725 0.3254 -0.5236 0.6080 -0.8456
15977 -1.10 2.97 46.51 -0.6734 -0.2064 -0.3340 0.8574 -0.9066
15997 -1.10 3.83 41.99 0.7755 0.0112 -0.4001 0.8083 -0.8920
16017 -1.10 4.53 31.74 0.2501 -1.0332 -0.8798 0.6229 -1.0985
16037 -1.10 5.17 34.20 -0.3914 -0.6787 -0.7419 0.7887 -1.0203
16057 -1.10 5.89 42.68 -0.8749 0.7413 -0.6589 0.6740 -0.9265
16077 -1.10 0.45 45.07 0.6079 -0.4014 -0.4380 0.4362 -0.6416
16097 -1.10 1.31 42.23 -0.8185 0.6333 -0.6065 0.6073 -0.8842
16117 -1.10 2.13 43.14 0.6982 0.0579 -0.2893 0.7902 -0.8188
16137 -1.10 3.01 46.97 -0.4881 0.2739 -0.3161 0.3734 -0.5964
16157 -1.10 3.90 39.35 1.0044 -0.7850 -0.6120 0.8607 -1.0965
16177 -1.10 4.57 32.37 -0.0803 -1.0139 -0.8450 0.8795 -1.2568
16197 -1.10 5.18 32.28 -0.5461 -0.4498 -0.7356 0.6736 -0.9479
16217 -1.10 5.93 39.68 -0.8765 0.8396 -0.4526 0.8820 -0.9267
16237 -1.10 0.49 45.43 0.9722 -0.7173 -0.4082 0.9218 -0.9871
16257 -1.10 1.34 41.81 -1.0361 0.7993 -0.5001 0.9637 -1.0757
16277 -1.10 2.15 42.39 0.6659 -0.2467 -0.3854 0.5521 -0.6745
16297 -1.10 3.05 50.65 -0.8378 0.6575 -0.4821 0.7384 -0.8671
16317 -1.10 3.91 41.13 1.1075 -0.8189 -0.4523 1.0562 -1.1060
16337 -1.10 4.58 32.15 -0.2012 -0.9172 -0.8281 0.8578 -1.1510
16357 -1.10 5.20 32.28 -0.7363 -0.2177 -0.8090 0.5875 -0.9422
16377 0.00 4.98 -31.03 0.0228 -0.0195 -0.0194 0.0152 -0.1382
16397 0.00 4.44 -22.52 0.0454 -0.0324 -0.0196 0.0425 -0.0578
16417 0.00 4.11 -14.52 -0.0110 0.0063 -0.0084 0.0072 -0.0355
16437 0.00 3.91 -8.01 0.0083 0.0112 0.0189 0.0049 -0.1037
16457 0.00 3.86 -0.24 0.0277 0.0144 0.0177 0.0389 0.0170
16477 0.00 3.87 0.00 0.0180 -0.0001 0.0030 0.0205 0.0462
16497 0.00 3.87 1.04 -0.0078 0.0128 0.0122 -0.0041 0.0098
16517 0.00 3.87 0.00 0.0180 -0.0324 -0.0308 0.0102 0.0570
16537 0.00 3.87 0.00 -0.0062 -0.0098 -0.0127 -0.0099 -0.0136
16557 0.00 3.88 0.21 0.0212 -0.0227 -0.0179 0.0180 0.0262
16577 0.00 3.88 -0.52 0.0083 0.0144 0.0189 0.0131 0.0133
16597 0.00 3.88 0.40 -0.0110 0.0047 0.0011 -0.0110 -0.0345
16617 0.00 3.89 0.00 -0.0126 0.0095 0.0054 -0.0120 -0.0269
16637 0.00 3.88 -0.73 0.0051 0.0643 0.0753 0.0180 -0.0269
16657 0.00 3.89 1.21 -0.0239 0.0514 0.0478 -0.0192 0.0564
16677 0.00 3.89 0.00 -0.0094 0.0224 0.0212 -0.0076 0.0199
16697 0.00 3.89 0.26 0.0148 -0.0130 -0.0077 0.0142 0.0288
16717 0.00 3.89 0.00 0.0228 -0.0017 0.0092 0.0237 0.0049
16737 0.00 3.89 -0.73 0.0228 0.0063 0.0185 0.0245 0.1050
16757 0.00 3.88 0.00 -0.0078 -0.0001 -0.0031 -0.0085 0.0631
16777 0.00 3.89 0.00 -0.0142 0.0128 0.0084 -0.0132 -0.0300
16797 0.00 3.89 0.00 0.0180 0.0063 0.0154 0.0200 0.0100
16817 0.00 3.92 1.93 -0.0239 -0.0195 -0.0398 -0.0175 0.2889
16837 0.00 3.91 -0.78 0.0228 -0.0130 0.0020 0.0228 0.0349
16857 0.00 3.91 0.40 0.0196 -0.0324 -0.0228 0.0233 -0.0255
16877 0.00 3.91 -0.45 0.0212 -0.0082 0.0060 0.0206 0.0242
16897 0.00 3.92 0.00 -0.0255 -0.0453 -0.0707 -0.0115 -0.1802
16917 0.00 3.91 0.00 0.0228 -0.0001 0.0156 0.0212 0.0312
16937 0.00 3.91 -0.21 -0.0207 -0.0259 -0.0443 -0.0148 -0.0285
16957 0.00 3.93 0.00 0.0261 -0.0340 -0.0147 0.0324 0.0199
16977 0.00 3.92 0.00 -0.0174 0.0095 -0.0035 -0.0171 0.0279
16997 0.00 3.91 -0.73 -0.1061 -0.0420 -0.1231 -0.0903 -0.0432
17017 0.00 3.92 -0.52 -0.0722 -0.0291 -0.0893 -0.0541 -0.0288
17037 0.00 3.91 0.00 0.0212 0.0144 0.0320 0.0161 0.0145
17057 0.00 3.91 0.00 0.0970 -0.0001 0.0669 0.0897 -0.0209
17077 0.00 3.91 0.00 0.0228 -0.0001 0.0167 0.0203 0.0405
17097 0.00 3.91 0.49 0.0228 0.0047 0.0219 0.0198 0.0467
17117 0.00 3.91 -0.36 0.0228 0.0643 0.0899 0.0093 -0.0070
17137 0.00 3.92 0.00 -0.0239 -0.0034 -0.0218 -0.0202 0.0416
17157 0.00 3.91 0.00 -0.0174 0.0031 -0.0088 -0.0164 -0.0406
17177 0.00 3.91 0.00 -0.0142 0.0128 0.0040 -0.0151 0.0098
17197 0.00 3.91 -0.21 0.0180 -0.0646 -0.0603 0.0285 -0.0092
17217 0.00 3.92 0.26 0.0228 0.0095 0.0283 0.0175 0.0299
17237 0.00 3.91 -0.41 -0.1270 -0.0372 -0.1285 -0.1146 -0.0281
17257 0.00 3.91 0.00 0.0228 0.0144 0.0329 0.0181 0.0405
17277 0.00 3.91 -0.72 0.0664 -0.0034 0.0441 0.0604 -0.0092
17297 0.00 3.91 0.00 -0.0191 0.0176 0.0063 -0.0202 0.0145
17317 0.00 3.91 0.00 0.0277 -0.0066 0.0125 0.0261 0.0262
17337 0.00 3.91 -0.26 -0.0110 0.0047 -0.0026 -0.0107 -0.0168
17357 0.00 3.91 0.00 -0.0126 0.0095 0.0018 -0.0130 0.0123
17377 -1.10 4.42 34.40 1.0656 -0.4853 -0.7255 0.7823 -1.0462
17397 -1.10 5.04 31.46 1.0979 -1.1477 -0.9094 0.9252 -1.3204
17417 -1.10 5.72 37.97 0.0793 -0.9736 -0.5843 0.9099 -1.0376
17437 -1.10 0.27 43.56 -0.0916 0.6865 -0.5605 0.4914 -0.7949
17457 -1.10 1.13 42.65 0.2018 -0.9365 -0.6167 0.7691 -0.9482
17477 -1.10 1.95 42.30 -0.3656 0.7219 -0.4912 0.5290 -0.7093
17497 -1.10 2.84 47.16 0.1163 -0.5997 -0.4566 0.4427 -0.6605
17517 -1.10 3.72 41.81 -0.2431 1.0507 -0.4958 0.9820 -1.0195
17537 -1.10 4.43 33.70 0.9544 -0.7109 -0.7908 0.5986 -0.9735
17557 -1.10 5.07 33.43 0.6401 -1.0606 -0.7704 0.7400 -1.0410
17577 -1.10 5.77 37.97 -0.4881 -0.3434 -0.5969 0.5849 -0.8195
17597 -1.10 0.33 44.33 0.0325 0.4995 -0.2160 0.5559 -0.5940
17617 -1.10 1.20 42.78 -0.4655 -0.2435 -0.5375 0.4798 -0.7130
17637 -1.10 2.02 43.47 -0.1319 0.9476 -0.4074 0.9422 -0.9236
17657 -1.10 2.89 47.18 0.1631 -0.7028 -0.1615 0.7177 -0.6894
17677 -1.10 3.76 43.35 0.3371 0.4044 -0.4324 0.6036 -0.8801
17697 -1.10 4.48 30.29 1.0044 -1.1477 -0.8486 0.9187 -1.2171
17717 -1.10 5.11 32.01 0.1437 -0.9930 -0.8788 0.6160 -1.0734
17737 -1.10 5.81 38.51 -0.8958 -0.1403 -0.6074 0.9460 -1.0549
17757 -1.10 0.37 45.76 0.5982 0.1272 -0.5335 0.5618 -0.8211
17777 -1.10 1.21 42.26 -0.6718 -0.1130 -0.6653 0.5265 -0.8760
17797 -1.10 2.04 40.67 0.1872 0.4479 -0.3640 0.5418 -0.6732
17817 -1.10 2.93 48.05 -0.4639 -0.0614 -0.4484 0.3590 -0.5992
17837 -1.10 3.81 42.79 0.7723 0.2239 -0.5551 0.8857 -1.0098
17857 -1.10 4.51 32.95 0.5112 -1.0687 -0.8094 0.6983 -1.0617
17877 -1.10 5.14 32.81 -0.0110 -1.0606 -0.8527 0.8879 -1.2168
17897 -1.10 5.84 37.61 -0.8426 0.1095 -0.5018 0.7668 -0.8648
17917 -1.10 0.41 46.33 0.5112 -0.0130 -0.2216 0.5391 -0.5900
17937 -1.10 1.27 42.96 -0.7782 -0.0001 -0.3446 0.8299 -0.8944
17957 -1.10 2.08 42.59 0.6788 0.1804 -0.5780 0.6977 -0.9233
17977 -1.10 2.98 46.62 -0.5654 -0.1130 -0.2312 0.6892 -0.6741
17997 -1.10 3.85 41.99 0.7433 -0.1710 -0.4125 0.6603 -0.7788
18017 -1.10 4.54 32.74 0.0922 -0.9865 -0.8661 0.6615 -1.0876
18037 -1.10 5.16 31.92 -0.3221 -0.6561 -0.7256 0.6837 -0.9644
18057 -1.10 5.89 37.56 -0.9023 0.7703 -0.6858 0.6926 -0.9510
18077 -1.10 0.45 44.84 0.5902 -0.4417 -0.4681 0.3973 -0.6457
18097 -1.10 1.31 41.99 -0.8298 0.6381 -0.6109 0.6178 -0.8880
18117 -1.10 2.13 43.30 0.6949 0.0772 -0.2747 0.8049 -0.8856
18137 -1.10 3.02 45.41 -0.5364 0.2723 -0.3206 0.4300 -0.6659
18157 -1.10 3.88 40.06 0.8771 -0.6706 -0.6377 0.6590 -0.9240
18177 -1.10 4.58 31.21 -0.1786 -0.9172 -0.8165 0.8461 -1.1308
18197 -1.10 5.20 32.06 -0.6992 -0.2693 -0.7870 0.6165 -0.9470
18217 -1.10 5.92 40.17 -0.8781 0.8364 -0.4479 0.8836 -0.9194
18237 -1.10 0.51 45.79 0.7239 -0.5546 -0.1583 0.7405 -0.7102
18257 -1.10 1.35 41.06 -0.9313 0.7799 -0.4755 0.8792 -0.9308
18277 -1.10 2.17 43.69 0.7497 -0.6384 -0.6112 0.5301 -0.8533
18297 -1.10 3.06 45.76 -0.8942 0.6768 -0.3608 0.8600 -0.8904
18317 -1.10 3.91 42.66 1.0914 -0.8527 -0.4981 1.0337 -1.1229
18337 -1.10 4.59 32.31 -0.3898 -0.6787 -0.7994 0.7282 -1.1129
18357 -1.10 5.21 32.15 -0.8942 -0.0662 -0.8611 0.6399 -1.0610
18377 0.00 4.89 -30.95 0.0083 0.0966 0.0022 0.1166 -0.1229
18397 0.00 4.37 -20.17 0.0116 0.0289 0.0118 0.0399 0.0729
18417 0.00 4.08 -10.96 0.0212 -0.0372 0.0342 0.0149 -0.0548
18437 0.00 3.97 -3.61 0.0196 0.0112 0.0311 -0.0019 -0.0200
18457 0.00 3.94 0.00 0.0261 -0.0114 0.0132 0.0226 -0.0386
18477 0.00 3.97 1.47 0.0019 -0.0098 -0.0057 0.0087 0.0237
18497 0.00 3.97 -0.41 0.0406 0.0160 0.0583 -0.0014 -0.0152
18517 0.00 3.96 -0.53 -0.0239 0.0031 -0.0233 -0.0115 -0.1060
18537 0.00 3.97 -0.73 0.0148 -0.0130 0.0055 0.0152 0.0222
18557 0.00 3.96 0.00 -0.0078 -0.1242 -0.1246 0.0802 -0.0368
18577 0.00 3.95 -0.65 0.0148 -0.0130 0.0026 0.0159 0.0218
18597 0.00 3.95 -0.49 -0.0110 0.0144 0.0031 -0.0147 0.0218
18617 0.00 3.95 0.00 -0.0287 0.0047 -0.0250 -0.0181 -0.0256
18637 0.00 3.92 -0.52 -0.0062 0.0240 0.0217 -0.0124 0.0207
18657 0.00 3.92 0.73 0.0228 0.0047 0.0240 0.0171 0.0515
18677 0.00 3.94 1.22 -0.0287 -0.0195 -0.0476 -0.0094 -0.0154
18697 0.00 3.91 -2.15 -0.0174 -0.0034 -0.0162 -0.0154 -0.0272
18717 0.00 3.91 0.78 -0.0239 -0.0001 -0.0178 -0.0212 0.0555
18737 0.00 3.92 -0.40 -0.0013 0.0063 0.0062 -0.0025 0.0134
18757 0.00 3.91 -0.52 0.0212 -0.0082 0.0063 0.0205 0.0288
18777 0.00 3.91 0.72 0.0019 -0.0001 0.0013 0.0017 -0.0100
18797 0.00 3.91 0.00 0.0793 0.0128 0.0729 0.0680 0.0082
18817 0.00 3.91 -0.21 -0.0045 0.0063 0.0040 -0.0051 0.0285
18837 0.00 3.92 0.00 -0.0191 -0.0066 -0.0220 -0.0149 -0.0295
18857 0.00 3.91 -0.33 -0.0174 0.0160 0.0053 -0.0186 -0.0117
18877 0.00 3.92 0.73 0.0245 0.0208 0.0423 0.0163 0.0277
18897 0.00 3.92 0.00 -0.0110 0.0128 0.0060 -0.0125 0.0145
18917 0.00 3.91 0.73 0.0390 0.0079 0.0348 0.0362 0.0132
18937 0.00 3.92 0.00 -0.0174 -0.0066 -0.0208 -0.0135 0.0292
18957 0.00 3.92 0.43 -0.0174 -0.0001 -0.0135 -0.0150 -0.0132
18977 0.00 3.91 -0.24 -0.0303 -0.0436 -0.0717 -0.0197 -0.0733
18997 0.00 3.91 -1.09 0.0148 -0.0211 -0.0134 0.0170 -0.0291
19017 0.00 3.91 -0.52 0.0212 0.0160 0.0330 0.0175 0.1173
19037 0.00 3.91 0.72 -0.0110 -0.0017 -0.0098 -0.0098 -0.0545
19057 0.00 3.91 0.00 -0.0174 0.0095 -0.0017 -0.0174 -0.0255
19077 0.00 3.91 -0.21 0.0051 -0.0195 -0.0187 0.0077 0.0253
19097 0.00 3.92 0.00 -0.0239 -0.0001 -0.0188 -0.0203 -0.0145
19117 0.00 3.91 -0.36 -0.0126 -0.0034 -0.0129 -0.0108 -0.1314
19137 0.00 3.91 -0.52 0.0228 -0.0130 0.0020 0.0228 0.0302
19157 0.00 3.92 -0.73 -0.0013 0.0144 0.0153 -0.0042 0.0163
19177 0.00 3.91 0.00 0.0148 -0.0130 -0.0042 0.0156 0.0297
19197 0.00 3.91 0.00 0.0212 -0.0259 -0.0142 0.0237 0.0600
19217 0.00 3.91 0.00 0.0148 -0.0034 0.0071 0.0138 -0.0092
19237 0.00 3.91 0.00 -0.0287 -0.0259 -0.0507 -0.0205 -0.0281
19257 0.00 3.91 0.00 -0.0142 -0.0034 -0.0143 -0.0120 -0.0733
19277 0.00 3.92 0.00 -0.0110 0.0321 0.0279 -0.0169 0.0297
19297 0.00 3.92 0.00 0.0228 0.0063 0.0243 0.0187 0.1098
19317 0.00 3.91 0.21 -0.0126 0.0047 -0.0037 -0.0122 -0.0180
19337 0.00 3.91 -0.52 -0.0110 0.0144 0.0085 -0.0124 -0.0099
19357 0.00 3.92 0.41 0.0180 -0.0227 -0.0115 0.0210 0.1115
19377 -1.10 4.39 33.80 1.0270 -0.0775 -0.7048 0.9006 -1.1759
19397 -1.10 5.00 34.20 0.9560 -0.7738 -0.8232 0.5939 -1.0103
19417 -1.10 5.69 36.01 0.1260 -0.9220 -0.7321 0.6809 -0.9715
19437 -1.10 0.24 44.53 -0.5139 0.4753 -0.0930 0.5648 -0.4563
19457 -1.10 1.11 42.37 0.2001 -0.8221 -0.6530 0.5556 -0.9215
19477 -1.10 1.95 42.10 -0.5719 0.7090 -0.3716 0.6539 -0.7208
19497 -1.10 2.83 46.75 0.1953 -0.5272 -0.3678 0.3858 -0.6593
19517 -1.10 3.72 43.62 -0.2302 1.0153 -0.5002 0.9397 -0.9886
19537 -1.10 4.43 33.76 0.9818 -0.6787 -0.7970 0.6128 -0.9749
19557 -1.10 5.07 33.22 0.6949 -1.0993 -0.8029 0.7693 -1.0817
19577 -1.10 5.76 37.36 -0.4848 -0.2951 -0.6013 0.5086 -0.7957
19597 -1.10 0.33 45.08 0.0744 0.3609 -0.1995 0.4207 -0.6213
19617 -1.10 1.20 41.57 -0.4897 -0.2838 -0.5698 0.5363 -0.7787
19637 -1.10 2.02 41.74 -0.0819 0.8347 -0.4123 0.8226 -0.9222
19657 -1.10 2.92 47.05 -0.1657 -0.2451 -0.2232 0.3479 -0.3846
19677 -1.10 3.80 43.64 0.7175 0.2207 -0.5804 0.7908 -0.9721
19697 -1.10 4.50 33.89 0.8142 -1.1477 -0.8034 0.8651 -1.1405
19717 -1.10 5.12 32.00 0.0228 -1.0075 -0.9047 0.7104 -1.1588
19737 -1.10 5.82 37.82 -0.8620 -0.0823 -0.5465 0.8920 -0.9505
19757 -1.10 0.38 45.74 0.6820 0.1546 -0.5379 0.7094 -0.9086
19777 -1.10 1.23 42.19 -0.7733 -0.1919 -0.5993 0.8278 -0.9741
19797 -1.10 2.04 41.54 0.0905 0.5640 -0.3271 0.6293 -0.6727
19817 -1.10 2.92 43.26 -0.2914 -0.1549 -0.3216 0.3193 -0.4612
19837 -1.10 3.80 42.50 0.7562 0.2191 -0.6008 0.8284 -1.0079
19857 -1.10 4.51 32.79 0.5112 -1.0751 -0.8283 0.6861 -1.0204
