--- Terminal on /dev/ttyUSB0 | 115200 8-N-1
--- Available filters and text transformations: colorize, debug, default, direct, esp32_exception_decoder, hexlify, log2file, nocontrol, printable, send_on_enter, time
--- More details at https://bit.ly/pio-monitor-filters
--- Quit: Ctrl+C | Menu: Ctrl+T | Help: Ctrl+T followed by Ctrl+H
MOT: sensor_direction==CCW
MOT: PP check: OK!
MOT: Zero elec. angle: 0.93
MOT: Align current sense.
CS: Inv B
MOT: Success: 3
MOT: Ready.
0 0.00 6.02 -0.05 -0.0986 -0.0118 0.1174 -0.0302 0.0582
8378 0.00 5.99 2.82 0.0175 0.0333 -0.0464 0.0225 0.1005
8398 0.00 6.00 -1.86 0.0304 -0.0102 -0.0280 -0.0131 -0.0462
8418 0.00 6.01 0.00 -0.0277 0.0107 0.0261 0.0098 0.0509
8438 0.00 6.02 0.00 -0.0663 -0.1392 0.1417 -0.1546 0.0886
8458 0.00 6.01 0.00 0.0239 -0.0135 -0.0201 -0.0131 -0.0579
8478 0.00 6.04 0.00 -0.0728 0.0107 0.0764 -0.0184 0.0615
8498 0.00 6.02 1.29 -0.0309 0.0156 0.0285 0.0118 0.0259
8518 0.00 6.02 -0.74 -0.0309 0.0107 0.0303 0.0081 0.0189
8538 0.00 6.03 0.00 -0.0679 0.0220 0.0687 0.0093 0.0726
8558 0.00 6.02 2.00 -0.0083 -0.0167 0.0177 -0.0183 -0.0099
8578 0.00 6.01 0.00 -0.0083 0.0139 0.0025 0.0138 0.0130
8598 0.00 6.02 -0.45 -0.0325 0.0156 0.0298 0.0130 0.0301
8618 0.00 6.01 0.00 0.0207 0.0220 -0.0350 0.0245 -0.0552
8638 0.00 6.02 -0.36 0.1013 0.0156 -0.1226 0.0326 0.0367
8658 0.00 6.03 0.00 -0.0212 -0.0070 0.0267 -0.0122 0.0202
8678 0.00 6.02 0.82 -0.0470 0.0994 0.0138 0.0984 0.0090
8698 0.00 6.02 0.00 -0.0099 0.0333 -0.0020 0.0341 -0.0299
8718 0.00 6.03 1.05 0.0207 -0.0199 -0.0168 -0.0164 -0.0351
8738 0.00 6.02 -0.78 -0.0663 0.0156 0.0693 0.0038 0.0342
8758 0.00 6.03 -0.31 0.0143 -0.0102 -0.0124 -0.0079 -0.0197
8778 0.00 6.03 -0.38 -0.0325 0.0123 0.0324 0.0054 0.0281
8798 0.00 6.03 0.97 -0.0212 0.0156 0.0183 0.0121 -0.0528
8818 0.00 6.02 0.81 0.0143 0.0091 -0.0201 0.0123 -0.1349
8838 0.00 6.03 -1.64 0.0304 0.0478 -0.0486 0.0621 -0.0580
8858 0.00 6.03 0.23 -0.0148 0.0156 0.0115 0.0132 0.0282
8878 0.00 6.03 0.26 -0.0405 0.0204 0.0394 0.0096 0.0320
8898 0.00 6.04 -0.75 -0.0244 0.0220 0.0214 0.0163 0.0287
8918 0.00 6.04 0.96 -0.0341 0.0220 0.0321 0.0130 0.1151
8938 0.00 6.03 0.00 -0.0325 -0.0344 0.0460 -0.0486 0.0141
8958 0.00 6.03 -1.09 0.0562 -0.0231 -0.0557 -0.0094 -0.0758
8978 0.00 6.04 0.22 -0.0309 0.0220 0.0285 0.0141 0.0321
8998 0.00 6.04 1.04 -0.0277 0.0139 0.0271 0.0057 -0.1362
9018 0.00 6.04 0.37 0.0352 -0.0102 -0.0362 0.0001 -0.0370
9038 0.00 6.03 -1.45 -0.0083 0.0865 -0.0156 0.0941 -0.0717
9058 0.00 6.04 0.67 -0.0470 0.0075 0.0497 -0.0087 0.0309
9078 0.00 6.02 0.00 0.0143 0.0123 -0.0219 0.0151 -0.0248
9098 0.00 6.03 -0.45 -0.0277 0.0156 0.0256 0.0106 0.0239
9118 0.00 6.04 0.52 -0.0422 0.0123 0.0433 -0.0015 0.0329
9138 0.00 6.04 0.75 0.0175 -0.0151 -0.0157 -0.0106 -0.1130
9158 0.00 6.03 0.00 -0.0180 0.0736 -0.0024 0.0767 -0.0131
9178 0.00 6.04 -0.84 0.0481 -0.0167 -0.0488 -0.0021 -0.0514
9198 0.00 6.04 0.00 -0.0325 -0.0118 0.0374 -0.0266 0.1650
9218 0.00 6.04 -0.90 -0.0405 0.0704 0.0282 0.0648 0.0066
9238 0.00 6.04 1.30 0.0175 0.0446 -0.0275 0.0578 -0.1160
9258 0.00 6.05 -0.37 -0.0035 0.0107 0.0031 0.0105 -0.0173
9278 0.00 6.05 0.00 -0.0051 0.0800 0.0007 0.0896 0.1137
9298 0.00 6.05 -0.84 0.0755 -0.0006 -0.0788 0.0365 -0.0285
9318 0.00 6.06 0.00 -0.0148 0.0091 0.0148 0.0015 0.0094
9338 0.00 6.06 1.13 -0.0277 0.0107 0.0276 -0.0036 0.0158
9358 -55.00 6.05 0.78 -0.0760 0.0349 0.0760 -0.0024 0.1764
9378 -55.00 0.35 42.14 0.2770 0.4346 -0.3970 0.5974 -0.7116
9398 -55.00 1.14 39.40 0.1722 -0.9337 -0.7021 0.7034 -0.9610
9418 -55.00 1.84 35.87 -0.9012 0.0333 -0.5714 0.8472 -0.9324
9438 -55.00 2.63 37.09 0.0948 0.6538 -0.3909 0.7153 -0.7496
9458 -55.00 3.44 41.90 0.2286 -1.0111 -0.5511 0.9060 -0.9844
9478 -55.00 4.15 33.12 -1.0672 0.5490 -0.7568 0.7526 -1.0573
9498 -55.00 4.70 26.48 -1.0801 0.4991 -0.8486 0.6697 -1.0614
9518 -55.00 5.23 28.12 -0.8770 -0.1102 -0.8128 0.7141 -1.0700
9538 -55.00 5.85 36.14 -1.0076 0.2928 -0.6444 0.8120 -0.9307
9558 -55.00 0.34 42.08 0.1303 0.5877 -0.3756 0.6665 -0.7006
9578 -55.00 1.11 38.42 0.4752 -0.9934 -0.6501 0.7514 -0.9315
9598 -55.00 1.86 37.24 -0.8915 0.2460 -0.5541 0.7355 -0.8864
9618 -55.00 2.63 41.05 0.2157 0.4733 -0.3639 0.6036 -0.7121
9638 -55.00 3.48 41.94 -0.1276 -0.5260 -0.3587 0.5928 -0.6887
9658 -55.00 4.18 31.39 -1.0124 0.8730 -0.8464 0.6985 -1.1100
9678 -55.00 4.72 24.35 -1.0495 0.7441 -0.8655 0.6453 -1.0676
9698 -55.00 5.25 27.63 -1.0801 0.2702 -0.8861 0.6917 -1.1286
9718 -55.00 5.87 34.21 -0.9351 0.5893 -0.7134 0.6206 -0.9904
9738 -55.00 0.37 41.28 0.6106 0.1219 -0.6128 0.4905 -0.8358
9758 -55.00 1.17 36.92 0.0755 -1.0159 -0.6439 0.9310 -1.1035
9778 -55.00 1.87 37.41 -0.8577 0.4475 -0.6088 0.6045 -0.8773
9798 -55.00 2.68 42.46 0.7331 0.1896 -0.5721 0.7890 -0.9452
9818 -55.00 3.48 41.68 -0.1131 -0.5647 -0.3471 0.6378 -0.7102
9838 -55.00 4.19 32.86 -1.0849 1.0245 -0.8805 0.8435 -1.2537
9858 -55.00 4.72 26.03 -1.0640 0.7054 -0.8568 0.6618 -1.0706
9878 -55.00 5.25 28.49 -1.0011 0.2251 -0.8432 0.6264 -0.9101
9898 -55.00 5.88 34.80 -0.9060 0.6925 -0.7521 0.5758 -0.9375
9918 -55.00 0.37 42.04 0.6235 0.1380 -0.6080 0.5373 -0.8646
9938 -55.00 1.15 38.34 0.1512 -0.9966 -0.6913 0.8221 -1.0568
9958 -55.00 1.88 36.97 -0.8770 0.4910 -0.6301 0.6130 -0.8913
9978 -55.00 2.66 41.29 0.6299 0.1348 -0.6186 0.5328 -0.9164
9998 -55.00 3.49 41.00 -0.3758 -0.3648 -0.4989 0.5473 -0.7293
10018 -55.00 4.19 31.29 -1.1043 1.0535 -0.8635 0.8993 -1.2790
10038 -55.00 4.74 25.97 -0.9189 0.8021 -0.8223 0.5698 -1.0107
10058 -55.00 5.26 28.03 -1.0849 0.3186 -0.8766 0.6895 -1.1196
10078 -55.00 5.90 35.06 -0.9302 0.8085 -0.7633 0.6632 -0.9791
10098 -55.00 0.38 41.90 0.6880 0.1574 -0.6395 0.6319 -0.9146
10118 -55.00 1.15 37.43 0.1432 -1.0111 -0.6842 0.8539 -1.1046
10138 -55.00 1.88 37.37 -0.9109 0.4991 -0.6115 0.6768 -0.9303
10158 -55.00 2.66 39.33 0.6718 0.1542 -0.6292 0.6128 -0.9066
10178 -55.00 3.47 40.70 0.0030 -0.7210 -0.3409 0.7576 -0.8370
10198 -55.00 4.18 32.41 -1.0366 0.9085 -0.8572 0.7366 -1.1473
10218 -55.00 4.72 26.73 -1.0527 0.6989 -0.8486 0.6540 -1.0618
10238 -55.00 5.25 27.27 -0.9899 0.1654 -0.8348 0.6540 -0.8351
10258 -55.00 5.86 34.75 -0.9093 0.4411 -0.6564 0.6294 -0.9133
10278 -55.00 0.32 42.37 -0.1453 0.8762 -0.3563 0.8689 -0.9162
10298 -55.00 1.11 38.09 0.4800 -0.8693 -0.5801 0.6494 -0.8871
10318 -55.00 1.83 37.16 -0.9141 -0.1134 -0.6315 0.9330 -1.0756
10338 -55.00 2.62 40.68 -0.0679 0.7344 -0.3292 0.7418 -0.8309
10358 0.00 3.42 41.19 0.2077 -0.8806 -0.6313 0.6700 -0.9176
10378 0.00 3.98 19.15 0.1770 -0.2230 -0.0403 0.2320 -0.2503
10398 0.00 4.25 8.82 -0.2114 -0.0747 0.2821 0.0921 0.2168
10418 0.00 4.33 4.70 0.0465 0.0220 -0.0559 0.0420 -0.0892
10438 0.00 4.38 0.00 0.0465 -0.0554 -0.0574 -0.0156 -0.0209
10458 0.00 4.39 0.30 0.0239 -0.0167 -0.0238 0.0061 -0.0299
10478 0.00 4.40 1.48 0.0433 -0.0409 -0.0482 0.0066 -0.0700
10498 0.00 4.41 -0.95 -0.0051 -0.0054 -0.0020 -0.0103 -0.0378
10518 0.00 4.41 0.00 0.0014 -0.0102 -0.0085 -0.0072 -0.0448
10538 0.00 4.41 0.00 0.0094 0.0156 0.0090 0.0236 0.0316
10558 0.00 4.40 -0.67 -0.0663 -0.0183 0.0159 -0.0876 -0.0444
10578 0.00 4.42 -0.77 -0.1179 0.0027 0.0294 -0.1314 0.0068
10598 0.00 4.41 0.00 0.0288 -0.0747 -0.0694 -0.0293 0.0064
10618 0.00 4.41 0.00 0.0191 0.0011 -0.0050 0.0221 0.1073
10638 0.00 4.41 0.00 -0.0148 0.0139 0.0158 -0.0050 -0.0158
10658 0.00 4.41 -0.82 -0.0148 0.0075 0.0109 -0.0099 -0.0220
10678 0.00 4.41 0.00 0.0191 0.0446 0.0313 0.0573 0.0533
10698 0.00 4.41 0.89 -0.0728 0.0091 0.0284 -0.0740 0.0287
10718 0.00 4.41 -0.52 0.0191 0.0285 0.0157 0.0452 0.0322
10738 0.00 4.41 0.42 -0.1437 0.0172 0.0652 -0.1428 0.0270
10758 0.00 4.41 0.48 -0.0325 0.0446 0.0461 0.0020 0.0150
10778 0.00 4.41 0.00 -0.1179 0.0381 0.0703 -0.0976 0.0463
10798 0.00 4.41 0.00 -0.0277 0.0301 0.0328 -0.0061 0.0230
10818 0.00 4.41 0.22 -0.0696 0.0865 0.0916 -0.0033 0.0888
10838 0.00 4.41 1.03 0.0143 0.0107 0.0031 0.0249 0.0292
10858 0.00 4.41 0.74 0.0175 0.0059 -0.0014 0.0243 -0.0422
10878 0.00 4.41 0.55 0.0239 -0.0312 -0.0326 -0.0001 -0.0442
10898 0.00 4.41 0.00 0.0239 -0.0360 -0.0364 -0.0042 0.0208
10918 0.00 4.41 0.00 0.0271 -0.0135 -0.0205 0.0178 -0.0552
10938 0.00 4.40 -0.89 -0.0309 0.0317 0.0358 -0.0048 0.0357
10958 0.00 4.41 -0.51 0.0014 0.0156 0.0122 0.0143 0.0238
10978 0.00 4.41 0.42 0.0046 0.0542 0.0418 0.0504 0.0557
10998 0.00 4.41 0.00 -0.2066 0.0349 0.0982 -0.1981 0.0349
11018 0.00 4.41 -0.66 -0.0325 0.0413 0.0435 -0.0015 0.1069
11038 0.00 4.41 0.00 0.0110 0.0107 0.0043 0.0213 0.0228
11058 0.00 4.41 0.42 -0.0083 0.0059 0.0072 -0.0045 -0.0219
11078 0.00 4.41 0.26 0.0433 0.0027 -0.0111 0.0504 -0.0741
11098 0.00 4.41 -0.37 -0.1211 0.0027 0.0458 -0.1305 -0.0243
11118 0.00 4.41 -0.48 0.0046 -0.0167 -0.0145 -0.0093 0.1718
11138 0.00 4.41 -0.82 -0.0051 0.0091 0.0089 0.0020 0.0814
11158 0.00 4.41 0.00 -0.0019 0.0897 0.0709 0.0740 0.0285
11178 0.00 4.41 0.00 -0.0309 0.0075 0.0165 -0.0277 0.1661
11198 0.00 4.41 0.26 -0.0212 0.1123 0.0964 0.0702 0.0208
11218 0.00 4.41 0.83 -0.0067 0.0204 0.0181 0.0102 0.0430
11238 0.00 4.41 -0.95 0.0159 0.0107 0.0021 0.0267 -0.0187
11258 0.00 4.41 0.82 -0.0357 0.0397 0.0434 -0.0057 0.1832
11278 0.00 4.41 0.00 -0.0099 0.0107 0.0118 -0.0016 0.0144
11298 0.00 4.41 0.00 0.0143 0.0397 0.0254 0.0499 0.0858
11318 0.00 4.41 0.00 -0.0035 -0.0102 -0.0066 -0.0126 -0.0444
11338 0.00 4.41 0.37 -0.0083 0.0156 0.0148 0.0048 0.1259
11358 -55.00 4.40 -0.55 0.0143 0.0011 -0.0049 0.0164 -0.0708
11378 -55.00 4.76 28.54 -1.0640 1.1631 -1.0537 0.7434 -1.3331
11398 -55.00 5.29 27.57 -1.1430 0.6474 -0.8562 0.7621 -1.0933
11418 -55.00 5.93 34.84 -0.8061 0.9117 -0.6117 0.7877 -0.9648
11438 -55.00 0.41 41.47 0.7847 0.1090 -0.4391 0.8706 -0.9294
11458 -55.00 1.19 37.32 -0.1372 -0.7871 -0.5830 0.8094 -0.9313
11478 -55.00 1.89 37.62 -0.9012 0.6087 -0.6563 0.6440 -0.9593
11498 -55.00 2.67 40.54 0.7008 0.1703 -0.6333 0.6719 -0.9236
11518 -55.00 3.50 41.95 -0.4048 -0.3777 -0.4940 0.6070 -0.7821
11538 -55.00 4.20 33.80 -1.1430 1.0857 -0.8403 0.9760 -1.3254
11558 -55.00 4.74 26.14 -0.9866 0.8472 -0.8367 0.6635 -1.1058
11578 -55.00 5.27 28.10 -1.1430 0.4652 -0.8856 0.7329 -1.0938
11598 -55.00 5.90 35.72 -0.9334 0.8085 -0.7401 0.6924 -0.9755
11618 -55.00 0.40 42.08 0.7847 0.1961 -0.5345 0.8896 -0.9891
11638 -55.00 1.17 37.88 0.0932 -1.0466 -0.6128 0.9830 -1.1354
11658 -55.00 1.88 42.12 -0.8948 0.4991 -0.5975 0.6687 -0.9237
11678 -55.00 2.68 41.29 0.7718 0.1832 -0.5787 0.8321 -0.9683
11698 -55.00 3.48 41.12 -0.1824 -0.5663 -0.4153 0.6611 -0.6104
11718 -55.00 4.19 32.55 -1.0978 1.0535 -0.8803 0.8774 -1.2365
11738 -55.00 4.74 26.84 -0.9753 0.8633 -0.8532 0.6414 -0.9511
11758 -55.00 5.26 28.47 -1.0801 0.3621 -0.8834 0.6544 -1.0890
11778 -55.00 5.90 37.06 -0.9302 0.8279 -0.7494 0.6922 -1.0035
11798 -55.00 0.38 44.85 0.6944 0.1767 -0.6097 0.6901 -0.9253
11818 -55.00 1.16 38.31 0.1464 -0.9998 -0.6855 0.8344 -1.0309
11838 -55.00 1.88 37.40 -0.9141 0.4991 -0.6006 0.6908 -0.9213
11858 -55.00 2.66 41.65 0.6686 0.1526 -0.6263 0.6089 -0.9114
11878 -55.00 3.50 39.84 -0.3484 -0.3729 -0.4800 0.5385 -0.7018
11898 -55.00 4.19 31.29 -1.0882 1.0342 -0.8904 0.8435 -1.2622
11918 -55.00 4.74 29.16 -1.0350 0.7892 -0.8263 0.6977 -1.0749
11938 -55.00 5.27 27.99 -1.0640 0.4024 -0.8618 0.6416 -1.0682
11958 -55.00 5.89 34.69 -0.8786 0.7328 -0.7691 0.5435 -0.9466
11978 -55.00 0.35 39.92 0.2496 0.4862 -0.4314 0.6114 -0.7112
11998 -55.00 1.14 38.25 0.1593 -0.9644 -0.6944 0.7660 -0.9992
12018 -55.00 1.85 37.39 -0.9044 0.2009 -0.5536 0.7719 -0.9017
12038 -55.00 2.65 39.08 0.4688 0.2251 -0.5258 0.4740 -0.8487
12058 -55.00 3.49 41.24 -0.2533 -0.4325 -0.4281 0.5457 -0.6877
12078 -55.00 4.19 32.70 -1.0543 0.9423 -0.8655 0.7696 -1.1851
12098 -55.00 4.73 26.15 -1.0463 0.7569 -0.8317 0.6898 -1.0589
12118 -55.00 5.25 29.48 -0.9850 0.0156 -0.7522 0.8412 -1.1027
12138 -55.00 5.86 35.80 -0.9625 0.4346 -0.6457 0.7157 -0.9252
12158 -55.00 0.36 37.54 0.4172 0.3798 -0.5179 0.6061 -0.8307
12178 -55.00 1.14 38.47 0.1658 -0.9434 -0.7059 0.7186 -0.9827
12198 -55.00 1.87 36.57 -0.8851 0.3927 -0.5932 0.6593 -0.8714
12218 -55.00 2.65 41.45 0.4543 0.2283 -0.5028 0.4796 -0.8543
12238 -55.00 3.49 41.48 -0.2614 -0.4615 -0.4369 0.5873 -0.7258
12258 -55.00 4.20 32.71 -1.1430 1.1438 -0.8557 1.0053 -1.3604
12278 -55.00 4.74 25.86 -0.9947 0.7698 -0.8162 0.6498 -1.0395
12298 -55.00 5.26 27.77 -1.0640 0.3701 -0.8663 0.6454 -1.0683
12318 -55.00 5.88 34.82 -0.8674 0.7102 -0.7555 0.5323 -0.9581
12338 -55.00 0.37 40.61 0.5590 0.1896 -0.5880 0.5100 -0.8902
12358 0.00 1.14 38.15 0.1690 -0.9708 -0.6898 0.7747 -1.0148
12378 0.00 1.68 23.33 0.1738 -0.2423 -0.0890 0.2334 -0.2010
12398 0.00 2.02 14.58 -0.1356 0.0220 0.1448 0.0155 0.1336
12418 0.00 2.13 3.99 -0.0244 0.0027 0.0090 -0.0252 -0.0244
12438 0.00 2.15 -0.26 0.0110 0.0091 0.0077 0.0186 0.0441
12458 0.00 2.15 0.00 -0.0180 0.0107 0.0115 -0.0139 0.0085
12478 0.00 2.16 0.00 0.0030 0.0478 0.0500 0.0272 0.0586
12498 0.00 2.17 1.88 -0.0244 0.0430 0.0418 -0.0103 0.0494
12518 0.00 2.16 0.00 0.0175 0.0285 0.0323 0.0332 0.0213
12538 0.00 2.16 0.00 -0.0083 0.0043 0.0040 -0.0073 0.0108
12558 0.00 2.16 -1.12 0.0207 0.0671 0.0727 0.0561 0.0735
12578 0.00 2.16 1.55 -0.0212 0.0139 0.0126 -0.0175 0.0150
12598 0.00 2.17 -0.61 0.0175 0.0091 0.0127 0.0239 0.0317
12618 0.00 2.16 0.42 0.0239 0.0285 0.0318 0.0417 0.1070
12638 0.00 2.16 -0.96 -0.0019 0.0091 0.0093 0.0026 0.0141
12658 0.00 2.16 -1.65 -0.0019 0.0349 0.0369 0.0134 0.0767
12678 0.00 2.16 1.60 -0.0502 0.1026 0.1019 -0.0119 0.1532
12698 0.00 2.16 0.44 -0.0212 0.0091 0.0069 -0.0201 -0.0128
12718 0.00 2.16 0.26 0.0046 0.0285 0.0300 0.0195 0.0549
12738 0.00 2.16 0.61 -0.0083 -0.0038 -0.0043 -0.0116 0.0041
12758 0.00 2.15 -1.25 -0.0083 -0.0054 -0.0049 -0.0129 0.0092
12778 0.00 2.15 0.00 0.0513 0.0446 0.0425 0.0860 0.0574
12798 0.00 2.15 0.00 -0.0003 0.0413 0.0416 0.0232 0.0857
12818 0.00 2.15 -1.62 -0.0083 0.0091 0.0092 -0.0041 0.0292
12838 0.00 2.15 0.45 0.0110 0.0091 0.0093 0.0179 0.0275
12858 0.00 2.15 0.26 0.0046 0.0349 0.0347 0.0257 0.1209
12878 0.00 2.16 0.00 -0.0180 0.0059 0.0051 -0.0176 0.0277
12898 0.00 2.16 -1.11 -0.0228 0.0849 0.0854 0.0204 0.0287
12918 0.00 2.16 -1.32 -0.0083 0.0671 0.0688 0.0251 0.0672
12938 0.00 2.15 1.62 -0.0212 0.0655 0.0649 0.0160 0.0178
12958 0.00 2.14 -0.42 -0.0180 0.0123 0.0137 -0.0122 0.0252
12978 0.00 2.14 -0.52 -0.0180 0.0091 0.0105 -0.0146 0.0177
12998 0.00 2.15 0.37 -0.0083 0.0220 0.0220 0.0033 0.0483
13018 0.00 2.15 0.55 -0.0148 0.0607 0.0609 0.0174 0.0854
13038 0.00 2.15 1.34 -0.0115 0.1235 0.1241 0.0568 0.0190
13058 0.00 2.15 -1.62 0.0304 0.0526 0.0510 0.0667 -0.1227
13078 0.00 2.13 -2.10 0.0046 0.0156 0.0122 0.0172 -0.0399
13098 0.00 2.15 0.51 0.0046 0.0156 0.0155 0.0144 0.0494
13118 0.00 2.15 0.31 0.0175 0.0188 0.0180 0.0315 0.0196
13138 0.00 2.15 0.00 0.0207 0.0542 0.0529 0.0565 0.0146
13158 0.00 2.15 0.00 0.0384 -0.0167 -0.0192 0.0334 -0.0140
13178 0.00 2.14 -2.00 0.0014 -0.0296 -0.0280 -0.0181 -0.0371
13198 0.00 2.14 0.00 -0.0244 0.0413 0.0416 -0.0012 0.0408
13218 0.00 2.15 0.22 0.0191 0.0059 0.0044 0.0257 -0.1627
13238 0.00 2.15 0.00 -0.0212 0.0542 0.0538 0.0099 0.0905
13258 0.00 2.17 0.83 -0.0244 0.0349 0.0331 -0.0136 0.0354
13278 0.00 2.16 0.47 0.0175 0.0268 0.0312 0.0320 0.0667
13298 0.00 2.16 0.00 -0.0083 0.0107 0.0105 -0.0040 0.0110
13318 0.00 2.16 -1.61 0.0417 0.0156 0.0199 0.0557 0.0350
13338 0.00 2.15 1.26 -0.0180 0.0188 0.0188 -0.0098 0.0158
13358 -55.00 2.15 -0.26 0.0014 0.0865 0.0861 0.0521 0.0567
13378 -55.00 2.75 42.56 0.6912 -0.5324 -0.5626 0.4557 -0.7602
13398 -55.00 3.56 40.18 -0.8367 -0.0199 -0.4173 0.8844 -0.9011
13418 -55.00 4.25 30.06 -0.4274 1.0728 -0.8274 0.6945 -1.0521
13438 -55.00 4.80 25.68 -0.5692 1.1164 -0.9099 0.6467 -1.1299
13458 -55.00 5.33 28.92 -0.9850 0.9117 -0.8263 0.7223 -1.0389
13478 -55.00 5.98 35.80 -0.1115 0.8408 -0.7634 0.5012 -0.9248
13498 -55.00 0.48 41.59 0.8427 -0.6904 -0.6214 0.6483 -0.9121
13518 -55.00 1.25 36.76 -0.8561 -0.1359 -0.7322 0.7880 -1.0725
13538 -55.00 1.98 38.96 -0.3323 0.8891 -0.6498 0.6205 -0.9114
13558 -55.00 2.77 41.98 0.8975 -0.7355 -0.5819 0.7592 -0.9306
13578 -55.00 3.59 40.93 -0.8093 0.3927 -0.5304 0.6114 -0.8006
13598 -55.00 4.26 31.93 -0.0470 0.9471 -0.9168 0.5470 -1.0785
13618 -55.00 4.81 25.61 -0.4435 1.1373 -0.9250 0.6772 -1.1790
13638 -55.00 5.34 30.33 -0.9173 1.0148 -0.8447 0.7352 -1.0952
13658 -55.00 6.00 36.56 -0.1066 0.9407 -0.7432 0.7134 -1.0276
13678 -55.00 0.50 44.08 1.0296 -0.7951 -0.4651 0.9738 -1.0238
13698 -55.00 1.26 37.48 -0.9318 -0.1037 -0.6267 0.9529 -1.0942
13718 -55.00 1.97 38.09 -0.2904 0.8408 -0.6550 0.5480 -0.8793
13738 -55.00 2.79 42.22 0.9974 -0.7581 -0.3795 0.9697 -0.9448
13758 -55.00 3.60 41.31 -0.8480 0.4765 -0.5597 0.6399 -0.9277
13778 -55.00 4.28 30.21 0.0191 1.0277 -0.9559 0.7219 -1.2495
13798 -55.00 4.76 35.64 -1.0994 1.1937 -1.0396 0.8251 -1.3565
13818 -55.00 5.32 28.81 -1.0592 0.8698 -0.8502 0.7438 -1.1670
13838 -55.00 5.95 35.26 -0.6885 0.9052 -0.5598 0.7618 -0.9137
13858 -55.00 0.45 41.86 0.7008 -0.4051 -0.4902 0.5047 -0.7108
13878 -55.00 1.23 37.75 -0.8045 -0.1327 -0.7358 0.6981 -0.9725
13898 -55.00 1.96 39.26 -0.5998 0.8601 -0.5282 0.7065 -0.8737
13918 -55.00 2.76 41.53 0.8169 -0.7017 -0.6310 0.6194 -0.9041
13938 -55.00 3.59 40.98 -0.7900 0.3750 -0.5207 0.5945 -0.8130
13958 -55.00 4.26 31.55 -0.1115 0.9761 -0.9214 0.5411 -1.0677
13978 -55.00 4.81 25.36 -0.4725 1.1180 -0.9252 0.6354 -1.1403
13998 -55.00 5.33 29.16 -0.9077 0.9874 -0.8645 0.6752 -1.0785
14018 -55.00 5.99 35.92 -0.1115 0.9117 -0.7568 0.6453 -0.9809
14038 -55.00 0.50 41.04 1.0167 -0.7871 -0.5096 0.9368 -0.9749
14058 -55.00 1.26 40.93 -0.9447 -0.1408 -0.6033 1.0148 -1.1135
14078 -55.00 1.97 36.77 -0.2646 0.8343 -0.6966 0.4917 -0.8696
14098 -55.00 2.78 41.74 0.9716 -0.7597 -0.4720 0.9062 -0.9454
14118 -55.00 3.58 39.77 -0.7981 0.2863 -0.4922 0.6415 -0.8309
14138 -55.00 4.27 31.09 -0.0212 0.9939 -0.9391 0.6383 -1.1692
14158 -55.00 4.80 24.84 -0.5112 1.1293 -0.9529 0.6091 -1.1326
14178 -55.00 5.33 24.27 -0.3000 0.0027 0.0758 0.3365 0.3539
14198 -55.00 5.95 35.97 -0.6949 0.8891 -0.5496 0.7563 -0.9141
14218 -55.00 0.43 41.79 0.6928 -0.1521 -0.3931 0.6130 -0.7276
14238 -55.00 1.22 36.90 -0.6240 -0.2504 -0.7133 0.5498 -0.9002
14258 -55.00 1.96 38.30 -0.5402 0.8730 -0.5650 0.6761 -0.8578
14278 -55.00 2.75 43.45 0.7057 -0.5421 -0.5569 0.4853 -0.7767
14298 -55.00 3.58 40.67 -0.8303 0.2589 -0.4693 0.7082 -0.8668
14318 -55.00 4.26 29.53 -0.2178 1.0019 -0.8591 0.6104 -1.0372
14338 -55.00 4.80 25.97 -0.4822 1.1438 -0.9475 0.6490 -1.1540
14358 0.00 5.33 29.24 -0.9351 0.9761 -0.8454 0.7102 -1.0709
14378 0.00 5.83 25.31 -0.4934 0.1671 -0.3799 0.3280 -0.4555
14398 0.00 6.21 16.38 0.0239 -0.0296 -0.0203 0.0239 -0.0432
14418 0.00 0.07 3.72 -0.1115 -0.0296 -0.0992 0.1108 0.0615
14438 0.00 0.10 0.00 0.0739 -0.0167 0.0570 -0.0525 0.0382
14458 0.00 0.10 -1.19 0.0191 -0.0102 0.0179 -0.0068 0.0247
14478 0.00 0.09 -0.43 0.0191 0.0929 -0.0269 -0.1168 -0.0211
14498 0.00 0.09 -0.49 0.0707 -0.0457 0.0707 -0.0120 0.1070
14518 0.00 0.10 0.40 -0.0244 -0.0167 -0.0087 0.0404 0.0429
14538 0.00 0.10 2.07 0.0046 0.0317 -0.0125 -0.0375 -0.0356
14558 0.00 0.09 -2.21 -0.0357 0.0381 -0.0411 -0.0117 -0.0504
14578 0.00 0.09 0.00 -0.0228 0.0252 -0.0269 -0.0071 -0.0248
14598 0.00 0.09 -1.15 -0.0003 -0.0425 0.0175 0.0459 -0.0874
14618 0.00 0.09 -0.26 0.0175 -0.0344 0.0270 0.0213 0.0738
14638 0.00 0.10 0.81 0.0562 0.0107 0.0330 -0.0638 0.0240
14658 0.00 0.10 2.07 -0.0083 0.0091 -0.0100 -0.0017 -0.1646
14678 0.00 0.10 0.00 -0.0244 0.0542 -0.0421 -0.0343 -0.0591
14698 0.00 0.10 -1.77 0.0304 -0.0344 0.0369 0.0072 0.0514
14718 0.00 0.11 1.15 0.0223 -0.0135 0.0207 -0.0088 0.0291
14738 0.00 0.09 0.80 0.0175 0.0107 0.0082 -0.0273 0.0251
14758 0.00 0.09 -0.62 0.0223 -0.0038 0.0185 -0.0151 -0.0146
14778 0.00 0.09 -0.73 0.0078 -0.0102 0.0098 0.0042 0.0886
14798 0.00 0.09 0.53 0.0191 -0.0167 0.0208 0.0011 0.0484
14818 0.00 0.09 -0.74 0.0159 -0.0167 0.0183 0.0043 0.0428
14838 0.00 0.09 0.00 -0.0083 0.0011 -0.0067 0.0061 0.0203
14858 0.00 0.09 0.23 0.0658 0.0027 0.0465 -0.0621 0.0114
14878 0.00 0.09 1.33 0.0207 0.0156 0.0097 -0.0351 0.0537
14898 0.00 0.08 -1.24 -0.0083 0.0107 -0.0098 -0.0056 -0.1547
14918 0.00 0.09 -0.82 0.0417 -0.0199 0.0392 -0.0141 0.0443
14938 0.00 0.09 -1.04 0.0094 0.0091 0.0036 -0.0182 0.0382
14958 0.00 0.09 0.00 0.0433 -0.0312 0.0445 -0.0039 0.0590
14978 0.00 0.09 -1.75 0.1367 -0.0135 0.1064 -0.1068 0.0247
14998 0.00 0.09 -0.22 0.0368 -0.0247 0.0372 -0.0052 0.0541
15018 0.00 0.09 -0.24 0.0304 0.0736 -0.0069 -0.1067 0.1426
15038 0.00 0.09 0.41 0.0417 -0.0489 0.0506 0.0152 0.0982
15058 0.00 0.09 0.00 0.1206 -0.0038 0.0889 -0.1045 0.0213
15078 0.00 0.10 0.00 0.0433 0.0091 0.0258 -0.0496 0.0607
15098 0.00 0.10 1.75 0.0691 -0.0425 0.0674 -0.0175 0.0887
15118 0.00 0.10 0.45 0.0110 -0.0199 0.0167 0.0109 0.0291
15138 0.00 0.09 0.25 0.0207 0.0317 0.0035 -0.0526 -0.0286
15158 0.00 0.09 -1.11 0.0207 0.0027 0.0149 -0.0208 0.0417
15178 0.00 0.09 0.00 0.0030 0.0027 0.0011 -0.0055 -0.0517
15198 0.00 0.09 0.00 0.0159 -0.0006 0.0119 -0.0135 0.0255
15218 0.00 0.09 0.00 0.0046 0.0059 0.0012 -0.0104 0.0208
15238 0.00 0.09 -0.41 0.0304 -0.0167 0.0294 -0.0079 0.0435
15258 0.00 0.09 -0.26 0.0691 -0.0006 0.0512 -0.0607 0.0227
15278 0.00 0.09 0.60 0.0465 -0.0554 0.0570 0.0168 0.0948
15298 0.00 0.09 0.00 0.0368 -0.0376 0.0425 0.0067 0.0532
15318 0.00 0.10 1.04 0.0433 -0.0360 0.0463 -0.0025 0.0575
15338 0.00 0.09 3.68 0.0610 -0.0296 0.0569 -0.0221 0.0710
15358 -55.00 0.10 -1.21 -0.0325 0.1203 -0.0803 -0.0951 -0.0128
15378 -55.00 0.50 39.29 0.9458 -0.7387 -0.4368 0.8932 -0.9262
15398 -55.00 1.27 37.55 -0.9367 -0.0973 -0.5506 1.0003 -1.0835
15418 -55.00 1.98 38.08 -0.2017 0.8698 -0.7300 0.5442 -0.9180
15438 -55.00 2.79 44.02 0.9587 -0.7839 -0.3967 0.9409 -0.9899
15458 -55.00 3.61 40.75 -0.8980 0.7038 -0.6402 0.6949 -0.9294
15478 -55.00 4.28 27.68 -0.0115 1.0019 -0.9675 0.6222 -1.1834
15498 -55.00 4.81 25.54 -0.3629 1.0938 -0.9299 0.6138 -1.1267
15518 -55.00 5.33 28.07 -0.3178 -0.0070 0.0971 0.3581 0.2639
15538 -55.00 5.95 35.45 -0.7014 0.9213 -0.5952 0.7562 -0.9252
15558 -55.00 0.45 41.79 0.7460 -0.3745 -0.4996 0.5539 -0.7422
15578 -55.00 1.22 37.14 -0.7030 -0.1585 -0.7393 0.5424 -0.9160
15598 -55.00 1.97 39.78 -0.4467 0.9085 -0.6353 0.6493 -0.8920
15618 -55.00 2.78 43.58 0.9329 -0.7613 -0.5326 0.8381 -0.9286
15638 -55.00 3.58 40.83 -0.7707 0.2331 -0.4736 0.6328 -0.7954
15658 -55.00 4.26 31.10 -0.0599 0.9471 -0.9310 0.5084 -1.0638
15678 -55.00 4.80 25.84 -0.5305 1.1293 -0.9181 0.6586 -1.1458
15698 -55.00 5.35 29.89 -0.7336 1.0535 -0.8786 0.6284 -1.0430
15718 -55.00 6.00 35.81 -0.1066 0.9407 -0.7551 0.7007 -1.0335
15738 -55.00 0.50 44.59 1.0409 -0.7919 -0.4732 0.9786 -1.0827
15758 -55.00 1.26 38.03 -0.9608 -0.1424 -0.5965 1.0414 -1.1331
15778 -55.00 1.95 36.75 -0.5627 0.8182 -0.5521 0.6293 -0.8335
15798 -55.00 2.74 41.85 0.6944 -0.3003 -0.4090 0.5637 -0.7303
15818 -55.00 3.57 40.82 -0.7884 0.1590 -0.4490 0.7026 -0.8162
15838 -55.00 4.25 30.85 -0.4564 1.0664 -0.7837 0.7285 -1.0521
15858 -55.00 4.80 24.66 -0.4967 1.0986 -0.8963 0.6382 -1.1003
15878 -55.00 5.33 28.37 -0.9576 0.8923 -0.7977 0.7131 -1.0706
15898 -55.00 5.98 36.29 -0.0873 0.8601 -0.7805 0.5358 -0.9260
15918 -55.00 0.49 41.47 0.9507 -0.7581 -0.5731 0.8256 -0.9901
15938 -55.00 1.25 36.43 -0.9060 -0.1456 -0.6860 0.9100 -1.1492
15958 -55.00 1.96 38.22 -0.4951 0.8520 -0.5657 0.6420 -0.8668
15978 -55.00 2.78 46.83 0.8943 -0.7532 -0.5504 0.7884 -0.9286
15998 -55.00 3.57 40.97 -0.8577 0.0285 -0.4443 0.8671 -0.9188
16018 -55.00 4.25 32.16 -0.2501 1.0003 -0.8584 0.5891 -1.0174
16038 -55.00 4.80 26.68 -0.5241 1.0664 -0.8720 0.6140 -1.0420
16058 -55.00 5.34 29.33 -0.8625 0.9955 -0.8518 0.6654 -1.0716
16078 -55.00 6.00 37.61 -0.0325 0.8988 -0.7732 0.6645 -1.0017
16098 -55.00 0.46 37.28 0.7428 -0.5647 -0.6019 0.4890 -0.8193
16118 -55.00 1.24 37.59 -0.8109 -0.1440 -0.7282 0.7280 -1.0040
16138 -55.00 1.97 37.50 -0.3419 0.8472 -0.6359 0.5677 -0.8655
16158 -55.00 2.77 41.98 0.8427 -0.7129 -0.6174 0.6651 -0.9213
16178 -55.00 3.58 40.22 -0.8045 0.3057 -0.4988 0.6409 -0.8338
16198 -55.00 4.26 29.98 -0.1260 0.9632 -0.8943 0.5447 -1.0495
16218 -55.00 4.81 24.66 -0.4080 1.0600 -0.8663 0.6267 -1.0787
16238 -55.00 5.34 29.02 -0.8222 1.0019 -0.8497 0.6476 -1.0226
16258 -55.00 6.00 36.31 -0.0325 0.9117 -0.7848 0.6738 -1.0189
16278 -55.00 0.48 41.03 0.8749 -0.7097 -0.6145 0.6975 -0.9282
16298 -55.00 1.25 37.86 -0.8496 -0.1343 -0.6862 0.8172 -1.0383
16318 -55.00 1.96 37.88 -0.5885 0.8859 -0.5659 0.7019 -0.9052
16338 -55.00 2.76 47.12 0.8233 -0.6936 -0.6000 0.6511 -0.9074
16358 0.00 3.57 41.09 -0.7852 0.0139 -0.3988 0.8053 -0.8757
16378 0.00 4.01 15.26 -0.0825 -0.2504 -0.2623 0.2266 -0.4420
16398 0.00 4.24 8.21 -0.0212 0.1896 -0.1812 0.1018 -0.2188
16418 0.00 4.32 3.33 -0.0534 0.0188 0.0538 0.0071 0.0258
16438 0.00 4.34 0.84 0.0046 -0.0102 -0.0048 -0.0091 0.1187
16458 0.00 4.36 0.00 0.0143 -0.0135 -0.0155 -0.0040 -0.0280
16478 0.00 4.37 0.42 0.0094 0.0188 -0.0022 0.0286 0.0195
16498 0.00 4.37 0.24 0.0030 0.0059 -0.0006 0.0090 -0.0173
16518 0.00 4.37 0.00 -0.0228 0.0156 0.0233 -0.0015 0.0147
16538 0.00 4.36 0.56 -0.0019 0.0107 0.0043 0.0106 0.0934
16558 0.00 4.37 -0.84 0.0417 -0.1456 -0.0853 -0.1234 -0.0188
16578 0.00 4.37 0.00 0.0304 -0.0167 -0.0290 0.0090 -0.0579
16598 0.00 4.38 -0.22 0.0191 -0.0167 -0.0208 0.0000 0.0115
16618 0.00 4.37 -0.77 -0.0164 0.0027 0.0133 -0.0115 -0.0158
16638 0.00 4.37 0.37 0.0191 -0.0167 -0.0207 -0.0017 -0.0328
16658 0.00 4.37 -0.95 -0.0293 -0.0247 0.0115 -0.0528 0.1824
16678 0.00 4.38 0.65 -0.0405 0.0413 0.0468 0.0070 0.0434
16698 0.00 4.38 0.00 0.0271 0.0333 -0.0065 0.0602 0.0286
16718 0.00 4.37 -1.04 0.0030 0.0156 0.0038 0.0195 -0.0378
16738 0.00 4.38 -0.25 -0.0341 0.0413 0.0422 0.0129 0.0359
16758 0.00 4.38 1.49 0.0014 0.0107 0.0038 0.0127 -0.1652
16778 0.00 4.37 0.00 0.0787 0.0317 -0.0485 0.1028 0.0279
16798 0.00 4.37 0.00 0.0288 -0.0231 -0.0305 0.0001 -0.1266
16818 0.00 4.37 1.63 -0.0131 0.0156 0.0159 0.0054 0.0721
16838 0.00 4.37 0.00 -0.0341 0.0413 0.0412 0.0158 0.0380
16858 0.00 4.37 0.52 0.0191 0.0607 0.0063 0.0831 -0.0941
16878 0.00 4.37 0.00 -0.0083 0.0156 0.0119 0.0100 0.0223
16898 0.00 4.37 0.00 0.0046 -0.0070 -0.0061 -0.0036 -0.0526
16918 0.00 4.37 0.00 -0.0164 0.0220 0.0204 0.0103 0.0158
16938 0.00 4.37 0.00 -0.0389 0.0220 0.0380 -0.0090 0.1541
16958 0.00 4.37 0.00 -0.0019 0.0059 0.0037 0.0047 -0.0144
16978 0.00 4.37 0.52 0.0304 -0.0038 -0.0242 0.0226 -0.0254
16998 0.00 4.37 0.00 -0.0293 0.0317 0.0342 0.0088 0.0296
17018 0.00 4.37 0.00 -0.1501 -0.0070 0.1099 -0.1395 -0.0158
17038 0.00 4.38 0.47 -0.0083 0.0188 0.0141 0.0124 0.0170
17058 0.00 4.37 0.83 0.0143 -0.1456 -0.0644 -0.1471 0.0276
17078 0.00 4.37 0.00 -0.0019 0.0123 0.0053 0.0122 -0.0240
17098 0.00 4.38 0.44 0.0175 0.0027 -0.0108 0.0190 -0.1384
17118 0.00 4.38 -0.25 0.0755 0.0333 -0.0403 0.1039 0.0276
17138 0.00 4.38 -0.36 -0.0341 0.0059 0.0270 -0.0245 -0.0567
17158 0.00 4.38 -0.54 0.0288 0.0285 -0.0087 0.0565 0.0318
17178 0.00 4.37 0.00 0.0110 0.0059 -0.0057 0.0162 -0.0892
17198 0.00 4.38 -1.61 0.0014 0.0285 0.0121 0.0314 0.0385
17218 0.00 4.37 0.63 -0.0341 0.0268 0.0359 -0.0019 0.0177
17238 0.00 4.37 0.97 -0.0325 0.0220 0.0329 -0.0040 -0.0291
17258 0.00 4.37 0.42 0.0191 0.0397 0.0000 0.0600 -0.1147
17278 0.00 4.38 -0.54 -0.0341 0.0317 0.0380 0.0026 0.0310
17298 0.00 4.38 0.00 -0.0019 -0.1134 -0.0486 -0.1227 0.0533
17318 0.00 4.38 0.00 -0.0309 0.0285 0.0342 0.0027 0.0276
17338 0.00 4.38 1.26 -0.0309 0.0139 0.0277 -0.0138 -0.0528
17358 -55.00 4.37 -0.26 0.0658 0.0349 -0.0343 0.0964 0.0360
17378 -55.00 4.76 25.48 -0.2984 0.0059 0.0681 0.3343 0.3442
17398 -55.00 5.28 30.16 -1.1494 0.4668 -0.8380 0.7964 -1.1006
17418 -55.00 5.94 37.14 -0.7465 0.9101 -0.6175 0.7484 -0.9226
17438 -55.00 0.42 43.11 0.7266 0.0736 -0.3944 0.7917 -0.9032
17458 -55.00 1.19 38.16 -0.1888 -0.7242 -0.5568 0.7869 -0.8902
17478 -55.00 1.93 37.67 -1.0527 0.9117 -0.6358 0.9496 -1.1795
17498 -55.00 2.69 40.30 0.7911 0.1767 -0.4932 0.9050 -0.9754
17518 -55.00 3.52 39.60 -0.6804 -0.1472 -0.6636 0.5825 -0.8988
17538 -55.00 4.20 31.39 -1.1430 1.1244 -0.8674 0.9806 -1.3536
17558 -55.00 4.75 25.97 -0.9093 0.8601 -0.8214 0.6093 -0.9759
17578 -55.00 5.28 28.02 -1.0656 0.4991 -0.8458 0.6493 -1.0574
17598 -55.00 5.90 35.40 -0.9705 0.8601 -0.7403 0.7623 -1.0533
17618 -55.00 0.38 41.23 0.7121 0.1671 -0.6274 0.6915 -0.9293
17638 -55.00 1.17 38.10 0.0046 -0.8870 -0.5766 0.8432 -0.9283
17658 -55.00 1.85 36.41 -0.9496 0.1413 -0.5479 0.8659 -0.9650
17678 -55.00 2.64 40.75 0.3334 0.4088 -0.4475 0.5937 -0.8177
17698 -55.00 3.47 41.09 0.0948 -0.8661 -0.4085 0.8577 -0.8266
17718 -55.00 4.17 32.70 -0.9818 0.8021 -0.8208 0.6474 -1.0441
17738 -55.00 4.72 27.20 -1.0479 0.6474 -0.8145 0.6745 -1.0408
17758 -55.00 5.24 28.86 -0.9641 0.1380 -0.8052 0.6624 -0.9213
17778 -55.00 5.88 36.52 -0.9431 0.6409 -0.7188 0.6411 -1.0048
17798 -55.00 0.37 37.28 0.6283 0.1961 -0.6407 0.5756 -0.9214
17818 -55.00 1.15 38.30 0.1722 -0.9837 -0.6979 0.7854 -1.0422
17838 -55.00 1.87 37.55 -0.9093 0.4330 -0.5761 0.7039 -0.8916
17858 -55.00 2.66 40.70 0.6364 0.1509 -0.6245 0.5553 -0.8683
17878 -55.00 3.48 41.20 -0.0309 -0.6759 -0.3340 0.7257 -0.7122
17898 -55.00 4.18 32.10 -0.9915 0.8375 -0.8452 0.6515 -1.0619
17918 -55.00 4.73 29.16 -0.9173 0.6570 -0.7126 0.6214 -0.9308
17938 -55.00 5.25 27.41 -1.0334 0.1574 -0.8894 0.6700 -1.0869
17958 -55.00 5.88 35.05 -0.9109 0.6602 -0.7224 0.6031 -0.9434
17978 -55.00 0.37 41.96 0.6428 0.1252 -0.6363 0.5235 -0.8646
17998 -55.00 1.15 39.52 0.1464 -0.9950 -0.6672 0.8421 -0.9722
18018 -55.00 1.88 38.20 -0.8899 0.5474 -0.6300 0.6395 -0.9320
18038 -55.00 2.68 43.48 0.7589 0.1896 -0.5380 0.8474 -0.9762
18058 -55.00 3.49 40.65 -0.2549 -0.4583 -0.4287 0.5819 -0.7058
18078 -55.00 4.20 32.53 -1.1430 1.0922 -0.8476 0.9743 -1.2625
18098 -55.00 4.73 26.89 -1.0076 0.7569 -0.8161 0.6592 -1.0367
18118 -55.00 5.26 29.23 -1.0978 0.3572 -0.8693 0.7060 -1.1261
18138 -55.00 5.89 35.67 -0.8657 0.7505 -0.7763 0.5304 -0.9312
18158 -55.00 0.37 42.91 0.5074 0.1445 -0.5320 0.4311 -0.8748
18178 -55.00 1.14 38.11 0.1722 -0.9515 -0.7066 0.7271 -0.9888
18198 -55.00 1.87 37.62 -0.8754 0.4072 -0.5576 0.6758 -0.8804
18218 -55.00 2.66 41.07 0.5687 0.1832 -0.5929 0.5131 -0.9073
18238 -55.00 3.49 39.06 -0.3178 -0.4293 -0.4803 0.5757 -0.7446
18258 -55.00 4.20 32.54 -1.1430 1.1180 -0.8434 0.9966 -1.2777
18278 -55.00 4.74 29.06 -0.9850 0.7634 -0.7871 0.6697 -1.0127
18298 -55.00 5.27 28.41 -1.1043 0.4233 -0.8631 0.7047 -1.1231
18318 -55.00 5.85 27.92 -0.9093 0.2928 -0.6480 0.6646 -0.9212
18338 -55.00 0.33 41.38 -0.0019 0.6796 -0.3463 0.7029 -0.8047
18358 0.00 1.12 38.29 0.3011 -0.8935 -0.6773 0.6066 -0.9556
18378 0.00 1.66 19.21 0.1851 -0.0860 0.0444 0.1798 0.2172
18398 0.00 2.00 12.96 -0.1824 -0.0328 0.2316 0.0114 0.1958
18418 0.00 2.04 0.21 0.0932 -0.0360 -0.0940 -0.0026 -0.0800
18438 0.00 2.12 2.83 -0.0357 0.0446 0.0471 0.0021 0.0289
18458 0.00 2.13 0.30 -0.0115 0.0011 0.0049 -0.0118 -0.0523
18478 0.00 2.13 -0.37 0.0191 0.0172 0.0084 0.0353 0.0130
18498 0.00 2.13 0.00 0.0014 -0.0247 -0.0215 -0.0176 -0.0446
18518 0.00 2.13 -0.83 0.0304 -0.0231 -0.0269 0.0169 -0.0481
18538 0.00 2.14 0.00 -0.0115 -0.0102 -0.0067 -0.0207 -0.0254
18558 0.00 2.13 -0.89 -0.0115 0.0413 0.0382 0.0189 -0.1133
18578 0.00 2.14 1.80 0.0271 -0.0167 -0.0199 0.0188 0.0430
18598 0.00 2.13 0.00 -0.0035 0.0123 0.0113 0.0058 0.0053
18618 0.00 2.14 -0.48 0.0175 0.0091 0.0050 0.0266 -0.1161
18638 0.00 2.13 -1.65 -0.0019 0.0123 0.0108 0.0078 0.0115
18658 0.00 2.13 0.00 -0.0019 0.0333 0.0290 0.0236 0.1143
18678 0.00 2.13 0.00 -0.0083 0.0091 0.0099 -0.0022 -0.0037
18698 0.00 2.13 -0.52 0.0207 -0.0102 -0.0143 0.0150 -0.0227
18718 0.00 2.12 -1.25 -0.0148 0.0139 0.0161 -0.0040 0.0110
18738 0.00 2.13 -0.95 0.0674 0.0349 0.0085 0.1037 0.0356
18758 0.00 2.13 0.00 -0.0422 0.0655 0.0663 0.0041 0.0602
18778 0.00 2.13 1.62 -0.0083 0.0252 0.0233 0.0109 0.0229
18798 0.00 2.14 0.67 -0.0148 0.0123 0.0140 -0.0074 0.0456
18818 0.00 2.13 0.00 0.0046 0.0075 0.0048 0.0112 0.0619
18838 0.00 2.13 0.00 0.0046 -0.1134 -0.0941 -0.0873 0.0310
18858 0.00 2.13 -0.95 0.0368 0.0107 -0.0005 0.0499 0.0287
18878 0.00 2.13 -0.82 -0.0325 0.0285 0.0329 -0.0131 0.0110
18898 0.00 2.13 0.00 0.0175 0.0091 0.0036 0.0268 0.0277
18918 0.00 2.13 0.63 -0.0212 0.0252 0.0269 -0.0036 -0.0225
18938 0.00 2.12 -0.26 -0.0083 0.0623 0.0512 0.0442 0.0768
18958 0.00 2.13 0.00 -0.0309 0.0349 0.0379 -0.0047 0.0146
18978 0.00 2.12 -0.56 0.0110 0.0430 0.0278 0.0498 0.0412
18998 0.00 2.12 0.00 0.0046 0.0075 0.0040 0.0115 -0.0221
19018 0.00 2.13 0.00 -0.0325 0.0510 0.0513 0.0062 0.0495
19038 0.00 2.12 0.00 -0.0083 0.0285 0.0250 0.0152 0.0554
19058 0.00 2.13 0.26 -0.0099 0.0462 0.0407 0.0266 0.0200
19078 0.00 2.13 0.37 -0.0470 0.0768 0.0766 0.0115 0.0841
19098 0.00 2.13 -1.11 -0.1872 0.0478 0.0918 -0.1715 0.0528
19118 0.00 2.13 0.67 -0.0083 0.0478 0.0416 0.0297 0.0488
19138 0.00 2.13 -1.61 -0.0325 0.0526 0.0528 0.0058 0.0433
19158 0.00 2.13 0.45 0.0175 -0.0038 -0.0083 0.0164 0.0857
19178 0.00 2.13 0.00 -0.0212 0.0285 0.0296 -0.0005 0.0145
19198 0.00 2.12 -0.30 -0.0051 -0.1069 -0.0827 -0.0957 0.0495
19218 0.00 2.13 0.00 -0.0148 0.0285 0.0277 0.0067 0.0653
19238 0.00 2.14 1.42 -0.0148 0.0333 0.0324 0.0080 0.0426
19258 0.00 2.14 0.82 -0.0019 0.0478 0.0426 0.0334 0.0730
19278 0.00 2.13 1.61 -0.0019 0.0091 0.0082 0.0051 0.0208
19298 0.00 2.13 -0.63 0.0143 0.0059 0.0013 0.0207 0.0287
19318 0.00 2.13 -1.03 0.0417 0.0011 -0.0115 0.0473 -0.0318
19338 0.00 2.13 0.00 -0.0325 0.0736 0.0709 0.0202 0.0833
19358 -55.00 2.14 1.11 -0.0534 0.0800 0.0813 -0.0054 0.0830
19378 -55.00 2.64 43.16 0.3398 0.3766 -0.4383 0.5670 -0.8199
19398 -55.00 3.47 45.26 0.0723 -0.8612 -0.3583 0.8857 -0.9105
19418 -55.00 4.18 33.13 -1.0124 0.8859 -0.8478 0.7060 -1.1096
19438 -55.00 4.72 26.61 -1.0994 0.6087 -0.7946 0.7628 -1.0822
19458 -55.00 5.25 28.66 -1.0463 0.2170 -0.8628 0.6892 -1.0098
19478 -55.00 5.88 36.42 -0.8593 0.7247 -0.7599 0.5264 -0.9513
19498 -55.00 0.35 40.27 0.2351 0.4846 -0.4249 0.5984 -0.6938
19518 -55.00 1.13 36.02 0.2963 -0.9660 -0.7027 0.6969 -0.9838
19538 -55.00 1.86 37.11 -0.9254 0.3057 -0.5615 0.7576 -0.9003
19558 -55.00 2.65 41.51 0.3801 0.4217 -0.4576 0.6588 -0.8410
19578 -55.00 3.49 41.66 -0.1856 -0.5389 -0.3763 0.6518 -0.7149
19598 -55.00 4.20 32.61 -1.1430 1.1115 -0.8693 0.9692 -1.3069
19618 -55.00 4.73 26.66 -1.0108 0.7441 -0.8042 0.6714 -1.0288
19638 -55.00 5.26 30.37 -1.0801 0.3798 -0.8590 0.6803 -1.0771
19658 -55.00 5.85 34.02 -0.9705 0.2541 -0.6539 0.7652 -0.9256
19678 -55.00 0.33 41.15 0.0175 0.6264 -0.3192 0.6605 -0.8527
19698 -55.00 1.12 38.41 0.3769 -0.9708 -0.6665 0.7168 -0.9806
19718 -55.00 1.85 38.04 -0.9093 0.0333 -0.5174 0.8920 -0.9274
19738 -55.00 2.64 42.45 0.2560 0.4201 -0.3754 0.5702 -0.7035
19758 -55.00 3.47 43.07 0.1077 -0.8387 -0.3348 0.8489 -0.8405
19778 -55.00 4.17 30.78 -0.9963 0.8408 -0.8258 0.6834 -1.0716
19798 -55.00 4.72 26.66 -1.0446 0.6296 -0.7986 0.6847 -1.0105
19818 -55.00 5.25 28.42 -1.0414 0.2138 -0.8580 0.6885 -1.1066
19838 -55.00 5.89 35.81 -0.8819 0.7312 -0.7488 0.5738 -0.9682
19858 -55.00 0.38 40.53 0.6880 0.1542 -0.6503 0.6173 -0.9097
19878 -55.00 1.15 40.54 0.1561 -1.0159 -0.6445 0.8841 -1.0956
19898 -55.00 1.88 39.53 -0.9077 0.5813 -0.6529 0.6474 -0.9297
19918 -55.00 2.66 41.17 0.6493 0.1574 -0.6274 0.5811 -0.8927
19938 -55.00 3.48 40.22 -0.0164 -0.7178 -0.3869 0.7438 -0.7169
19958 -55.00 4.16 32.30 -0.9850 0.7247 -0.8011 0.6328 -1.0343
19978 -55.00 4.73 26.69 -0.9770 0.6925 -0.7632 0.6538 -0.9561
19998 -55.00 5.26 29.51 -1.0978 0.3218 -0.8747 0.7133 -1.1216
20018 -55.00 5.89 35.67 -0.8915 0.6812 -0.7399 0.5668 -0.9623
20038 -55.00 0.39 41.38 0.7460 0.1671 -0.6087 0.7581 -0.9417
20058 -55.00 1.16 38.27 0.1561 -1.0240 -0.6360 0.9016 -1.2875
20078 -55.00 1.84 36.41 -0.9238 -0.0715 -0.6248 0.9177 -1.0214
20098 -55.00 2.62 41.88 -0.0663 0.7698 -0.3110 0.7945 -0.8759
20118 -55.00 3.43 44.09 0.2157 -0.8967 -0.5785 0.7358 -0.9239
20138 -55.00 4.14 32.16 -1.0640 0.4475 -0.7263 0.7836 -1.0439
20158 -55.00 4.71 27.27 -1.0720 0.5893 -0.8648 0.6365 -1.0607
20178 -55.00 5.22 27.75 -0.8851 -0.1650 -0.8654 0.7256 -1.1151
20198 -55.00 5.85 34.53 -0.9818 0.2348 -0.6603 0.7844 -0.9814
20218 -55.00 0.28 41.94 -0.1050 0.7795 -0.6497 0.5419 -0.8782
20238 -55.00 1.07 38.10 1.1070 -0.8757 -0.4949 1.0577 -1.1286
20258 -55.00 1.77 37.44 -0.3178 -0.5195 -0.5821 0.6130 -0.8418
20278 -55.00 2.53 40.64 -0.5740 0.6844 -0.3628 0.6391 -0.7135
20298 -55.00 3.37 42.42 0.8814 -0.7355 -0.3578 0.8744 -0.9001
20318 -55.00 4.08 34.25 -0.8335 -0.1005 -0.8195 0.6163 -1.0170
20338 -55.00 4.66 27.73 -1.1494 0.1042 -1.0418 0.7287 -1.3032
20358 0.00 5.17 28.04 -0.4096 -0.6259 -0.8481 0.6071 -1.0128
20378 0.00 5.68 22.97 0.2608 -0.1553 0.0609 0.2553 0.2764
20398 0.00 6.08 17.27 0.1464 -0.0231 -0.1372 0.0772 -0.1964
20418 0.00 6.21 2.17 0.0175 -0.0360 -0.0285 0.0220 -0.0369
20438 0.00 6.22 -0.42 -0.0325 -0.0247 -0.0543 -0.0187 -0.0437
20458 0.00 6.24 0.00 -0.0212 0.0075 -0.0117 -0.0181 -0.0263
20478 0.00 6.24 0.00 0.0143 -0.0247 -0.0127 0.0213 -0.0570
20498 0.00 6.25 1.62 0.0207 -0.0038 0.0174 0.0136 0.1230
20518 0.00 6.25 0.00 -0.0534 -0.0231 -0.0771 -0.0149 -0.0253
20538 0.00 6.26 0.00 0.0175 -0.0167 0.0047 0.0192 0.0184
20558 0.00 6.27 -0.37 0.0771 0.0156 0.0990 0.0062 0.0177
20578 0.00 6.28 1.43 0.0143 -0.0102 0.0083 0.0121 0.0783
20598 0.00 6.28 0.82 -0.0051 -0.0167 -0.0183 0.0135 0.0439
20618 0.00 6.28 0.00 0.0175 -0.0054 0.0158 0.0085 -0.1150
20638 0.00 6.28 0.45 0.0175 -0.0070 0.0147 0.0096 0.0778
20658 0.00 6.28 -0.26 -0.0244 0.0107 -0.0196 -0.0146 -0.0276
20678 0.00 6.28 0.00 0.0094 0.0027 0.0127 -0.0003 0.1095
20698 0.00 6.27 0.95 -0.0228 0.0865 0.0445 -0.0778 -0.0181
20718 0.00 6.27 0.00 -0.0051 -0.0199 -0.0218 0.0149 -0.0181
20738 0.00 6.28 -1.62 -0.0277 0.0139 -0.0215 -0.0174 -0.0218
20758 0.00 6.28 0.45 -0.0325 0.0139 -0.0264 -0.0192 -0.0220
20778 0.00 6.27 0.24 -0.0357 0.0123 -0.0306 -0.0195 -0.0408
20798 0.00 6.27 -1.49 0.0062 -0.0167 -0.0063 0.0156 0.0204
20818 0.00 6.28 1.66 -0.0164 0.0156 -0.0063 -0.0173 0.0150
20838 0.00 6.26 0.00 -0.0148 -0.0135 -0.0278 0.0049 -0.0686
20858 0.00 6.26 -3.22 -0.0405 -0.0183 -0.0602 -0.0028 -0.0535
20878 0.00 6.28 1.47 0.0368 -0.0151 0.0304 0.0211 0.0449
20898 0.00 6.28 1.03 -0.0309 -0.0038 -0.0377 -0.0046 0.0214
20918 0.00 6.27 0.00 0.0159 -0.0118 0.0079 0.0145 0.0197
20938 0.00 6.26 -1.11 0.0046 -0.0247 -0.0163 0.0206 0.0942
20958 0.00 6.26 -0.67 -0.0019 0.0027 0.0003 -0.0027 0.0391
20978 0.00 6.26 -1.61 0.0143 0.0252 0.0374 -0.0141 0.0887
20998 0.00 6.26 -0.21 0.0159 -0.0038 0.0141 0.0087 0.0822
21018 0.00 6.26 -0.26 -0.0083 0.0156 0.0046 -0.0149 0.0117
21038 0.00 6.27 0.00 -0.0019 -0.0296 -0.0268 0.0229 -0.0108
21058 0.00 6.26 -1.43 0.0110 0.0091 0.0200 -0.0023 -0.0235
21078 0.00 6.26 -1.65 -0.0099 -0.1069 -0.1045 0.0766 -0.0299
21098 0.00 6.26 1.09 0.0143 0.0317 0.0433 -0.0183 0.0231
21118 0.00 6.25 -1.56 0.0110 0.0188 0.0296 -0.0055 0.0372
21138 0.00 6.25 0.77 0.0239 -0.0167 0.0096 0.0226 -0.0249
21158 0.00 6.25 0.37 0.0642 0.0123 0.0780 0.0261 -0.0165
21178 0.00 6.26 1.42 -0.0148 0.0220 0.0032 -0.0222 0.0177
21198 0.00 6.26 0.00 -0.0309 0.0091 -0.0260 -0.0182 -0.0255
21218 0.00 6.26 1.10 0.0239 0.0639 0.0827 -0.0375 0.0616
21238 0.00 6.26 -0.45 -0.0180 0.0091 -0.0106 -0.0145 -0.0173
21258 0.00 6.26 0.00 0.0078 -0.0167 -0.0064 0.0154 -0.1368
21278 0.00 6.26 -0.91 -0.0083 0.0607 0.0441 -0.0488 0.0213
21298 0.00 6.27 0.42 0.0433 -0.0070 0.0427 0.0183 0.0869
21318 0.00 6.27 1.43 -0.0341 0.0107 -0.0291 -0.0192 -0.0291
21338 0.00 6.26 -0.82 -0.0470 -0.0586 -0.1044 0.0173 -0.0792
21358 -55.00 6.27 0.00 -0.0953 -0.0038 -0.1087 -0.0282 -0.0570
21378 -55.00 0.39 38.59 0.7589 0.1703 -0.6192 0.7716 -0.9642
21398 -55.00 1.16 38.32 0.1593 -1.0836 -0.6304 0.9858 -1.1031
21418 -55.00 1.89 37.30 -0.8545 0.7118 -0.7237 0.5607 -0.9202
21438 -55.00 2.67 41.16 0.7008 0.1654 -0.6110 0.6874 -0.9278
21458 -55.00 3.50 43.05 -0.4338 -0.3326 -0.5082 0.5766 -0.7499
21478 -55.00 4.19 30.81 -1.0962 1.0664 -0.8800 0.8861 -1.2948
21498 -55.00 4.74 26.47 -0.9109 0.8537 -0.8725 0.5290 -0.9277
21518 -55.00 5.26 28.17 -0.8754 0.0107 -0.5602 0.8341 -0.9353
21538 -55.00 5.83 34.96 -0.9818 -0.0167 -0.6828 0.9172 -1.1063
21558 -55.00 0.31 42.64 -0.1969 1.0019 -0.4866 0.9436 -0.9658
21578 -55.00 1.09 38.77 0.6896 -0.8499 -0.4944 0.7558 -0.8971
21598 -55.00 1.81 41.02 -0.8061 -0.1327 -0.6930 0.7432 -0.9919
21618 -55.00 2.59 41.16 -0.1792 0.9391 -0.4983 0.8636 -0.9372
21638 -55.00 3.42 42.26 0.2238 -0.8032 -0.5815 0.5908 -0.9108
21658 -55.00 4.13 32.17 -1.0849 0.1945 -0.7485 0.8822 -1.1274
21678 -55.00 4.65 28.02 -1.0398 0.0107 -0.9977 0.6568 -1.2209
21698 -55.00 5.13 27.51 -0.0825 -1.0176 -1.0320 0.6606 -1.2644
21718 -55.00 5.76 34.09 -0.3581 -0.6033 -0.6699 0.7038 -0.9093
21738 -55.00 0.20 37.09 -0.8577 0.7634 -0.6272 0.7010 -0.9386
21758 -55.00 1.00 39.59 0.8878 -0.0828 -0.4857 0.8521 -0.9249
21778 -55.00 1.72 37.71 0.1142 -0.9676 -0.7118 0.7820 -1.0382
21798 -55.00 2.49 41.43 -0.9334 0.7634 -0.5741 0.8118 -0.9537
21818 -55.00 3.30 43.80 0.7137 -0.2133 -0.3836 0.6242 -0.7137
21838 -55.00 4.05 30.84 -0.4983 -0.6259 -0.7726 0.8199 -0.9446
21858 -55.00 4.62 27.52 -0.7126 -0.3761 -0.8906 0.6555 -1.1125
21878 -55.00 5.15 27.03 -0.2082 -0.8225 -0.8806 0.6423 -0.9819
21898 -55.00 5.75 33.10 -0.2340 -0.6598 -0.6132 0.6951 -0.9231
21918 -55.00 0.23 39.91 -0.8641 0.7054 -0.3471 0.8519 -0.9000
21938 -55.00 1.01 39.15 0.8298 -0.3390 -0.5375 0.6381 -0.8654
21958 -55.00 1.74 35.52 0.1013 -1.0965 -0.6442 1.0265 -1.1721
21978 -55.00 2.51 40.46 -0.8915 0.7312 -0.3982 0.8631 -0.9227
21998 -55.00 3.33 42.34 0.8685 -0.7017 -0.6049 0.6954 -0.9262
22018 -55.00 4.05 34.20 -0.5241 -0.5002 -0.7473 0.7005 -0.9534
22038 -55.00 4.64 27.26 -0.8496 -0.2004 -0.9182 0.6325 -1.1257
22058 -55.00 5.14 26.59 -0.1195 -0.7742 -0.7928 0.5594 -1.0383
22078 -55.00 5.76 34.76 -0.2920 -0.6807 -0.6409 0.7653 -0.9307
22098 -55.00 0.22 40.07 -0.9141 0.7795 -0.4945 0.8542 -0.9276
22118 -55.00 1.00 39.45 0.8685 -0.0876 -0.4654 0.8353 -0.9219
22138 -55.00 1.73 37.40 0.1045 -1.0691 -0.6714 0.9689 -1.1924
22158 -55.00 2.49 40.57 -0.9238 0.7682 -0.6090 0.7795 -0.9555
22178 -55.00 3.32 40.40 0.7137 -0.4776 -0.5401 0.4869 -0.7366
22198 -55.00 4.05 32.36 -0.4693 -0.5050 -0.7215 0.6550 -0.9321
22218 -55.00 4.63 27.31 -0.7755 -0.2955 -0.9076 0.6324 -1.1069
22238 -55.00 5.14 26.74 -0.0744 -0.9176 -0.8994 0.6421 -1.0935
22258 -55.00 5.75 34.05 -0.1695 -0.7806 -0.6155 0.8051 -0.9533
22278 -55.00 0.21 41.36 -0.9979 0.7892 -0.5317 0.9085 -1.0701
22298 -55.00 0.99 40.81 0.8749 -0.0360 -0.4778 0.8670 -0.9318
22318 -55.00 1.73 38.79 0.1142 -1.0208 -0.7007 0.8719 -1.1254
22338 -55.00 2.50 40.83 -0.9705 0.7843 -0.5280 0.8845 -0.9326
22358 0.00 3.31 42.45 0.7137 -0.2746 -0.3941 0.6026 -0.7290
22378 0.00 3.83 16.05 0.1980 0.0139 -0.0971 0.2162 -0.2295
22398 0.00 4.10 10.64 0.1271 -0.1424 0.1510 0.0404 0.1658
22418 0.00 4.16 2.00 0.0207 -0.0425 0.0423 -0.0039 0.0317
22438 0.00 4.17 1.10 0.0110 0.0059 -0.0091 -0.0146 -0.0277
22458 0.00 4.17 0.00 0.0271 -0.0231 0.0185 -0.0227 -0.0807
22478 0.00 4.17 -0.52 -0.0083 0.0027 -0.0008 0.0085 0.0051
22498 0.00 4.17 -0.31 -0.0212 0.0462 -0.0454 0.0089 -0.0216
22518 0.00 4.17 -1.13 0.0191 0.0059 -0.0102 -0.0240 -0.0350
22538 0.00 4.17 0.00 0.0352 -0.0505 0.0471 -0.0216 -0.0438
22558 0.00 4.18 -0.83 0.0207 -0.0231 0.0194 -0.0164 -0.0600
22578 0.00 4.18 1.64 0.0755 -0.0086 -0.0168 -0.0809 0.0166
22598 0.00 4.18 -0.45 0.0932 0.0091 -0.0376 -0.1068 -0.0150
22618 0.00 4.18 0.52 -0.0019 -0.0054 0.0067 0.0035 0.0059
22638 0.00 4.17 -1.50 0.0046 -0.0070 0.0066 -0.0028 0.0113
22658 0.00 4.18 1.12 0.0175 -0.0022 -0.0027 -0.0189 0.0109
22678 0.00 4.17 0.00 -0.0083 0.0252 -0.0257 0.0012 0.0090
22698 0.00 4.18 0.00 -0.0019 -0.0006 0.0013 0.0022 -0.0040
22718 0.00 4.18 -0.42 0.0948 0.0156 -0.0472 -0.1098 -0.0270
22738 0.00 4.18 -0.24 0.0046 0.0204 -0.0244 -0.0105 -0.0473
22758 0.00 4.18 0.42 -0.0212 0.0204 -0.0153 0.0186 -0.0793
