--- Terminal on /dev/ttyUSB0 | 115200 8-N-1
--- Available filters and text transformations: colorize, debug, default, direct, esp32_exception_decoder, hexlify, log2file, nocontrol, printable, send_on_enter, time
--- More details at https://bit.ly/pio-monitor-filters
--- Quit: Ctrl+C | Menu: Ctrl+T | Help: Ctrl+T followed by Ctrl+H
MOT: Monitor enabled!
ESP32-DRV: Configuring 3PWM in group: 0 on timer: 0
ESP32-DRV: Configuring 2 operators.
ESP32-DRV: Configuring 3 comparators.
ESP32-DRV: Configuring 3 generators.
ESP32-DRV: Configuring center-aligned pwm.
ESP32-DRV: Enabling timer: 0
ESP32-DRV: MCPWM configured!
MOT: Init
MOT: Enable driver.
MOT: Align sensor.
MOT: sensor_direction==CCW
MOT: PP check: OK!
MOT: Zero elec. angle: 0.83
MOT: Align current sense.
CS: Inv B
MOT: Success: 3
MOT: Ready.
0 0.00 3.18 -0.05 -0.0414 0.0123 0.0425 0.0016 0.1190
8378 0.00 3.16 1.85 0.0489 0.0462 -0.0866 0.0392 -0.1162
8398 0.00 3.16 -0.57 0.0360 0.0123 -0.0490 0.0108 -0.0267
8418 0.00 3.16 0.38 -0.0188 0.0123 0.0142 0.0128 0.0156
8438 0.00 3.16 0.49 0.0102 -0.0167 -0.0016 -0.0168 -0.0291
8458 0.00 3.15 -0.85 0.0473 0.0075 -0.0594 0.0006 -0.0481
8478 0.00 3.15 -3.33 -0.0091 0.0139 0.0011 0.0141 -0.0684
8498 0.00 3.14 -0.23 0.0876 0.0188 -0.1135 -0.0020 -0.0157
8518 0.00 3.15 2.21 -0.0091 0.0107 0.0033 0.0111 0.0186
8538 0.00 3.17 -1.14 -0.0220 0.0510 -0.0004 0.0511 -0.0170
8558 0.00 3.16 0.00 -0.0301 0.0091 0.0295 0.0090 -0.0122
8578 0.00 3.16 -0.85 -0.0253 -0.0038 0.0313 -0.0044 -0.0198
8598 0.00 3.16 1.66 0.0231 -0.0167 -0.0173 -0.0164 -0.0329
8618 0.00 3.16 -0.22 -0.0108 0.0123 0.0049 0.0125 -0.0189
8638 0.00 3.16 -0.53 0.0037 -0.0103 0.0016 -0.0103 -0.0145
8658 0.00 3.16 0.00 -0.0253 -0.0167 0.0391 -0.0161 0.1128
8678 0.00 3.17 0.43 0.0295 0.0123 -0.0397 0.0165 0.0245
8698 0.00 3.17 -0.49 -0.0156 0.0123 0.0117 0.0115 0.0195
8718 0.00 3.17 1.37 -0.0172 0.0107 0.0144 0.0097 0.0118
8738 0.00 3.18 0.00 -0.0285 -0.0006 0.0328 -0.0057 -0.0285
8758 0.00 3.17 -0.22 -0.0317 0.0123 0.0309 0.0082 0.0065
8778 0.00 3.17 0.00 0.0344 -0.0167 -0.0311 -0.0146 -0.0542
8798 0.00 3.16 -0.76 -0.0253 0.0107 0.0232 0.0103 0.0248
8818 0.00 3.17 0.00 -0.0333 0.0075 0.0345 0.0057 0.0566
8838 0.00 3.16 0.85 -0.0317 0.0107 0.0306 0.0101 -0.0429
8858 0.00 3.16 0.00 -0.0349 0.0123 0.0335 0.0117 0.0353
8878 0.00 3.17 -0.45 -0.0478 0.0188 0.0465 0.0125 0.0356
8898 0.00 3.17 0.26 0.0183 0.0284 -0.0364 0.0297 -0.0764
8918 0.00 3.16 0.31 0.0150 0.0155 -0.0263 0.0156 0.0172
8938 0.00 3.16 -0.38 -0.0043 -0.0167 0.0149 -0.0165 0.0316
8958 0.00 3.15 -0.49 0.0166 -0.0054 -0.0151 -0.0078 0.0798
8978 0.00 3.15 0.85 -0.0253 0.0107 0.0211 0.0140 0.0224
8998 0.00 3.14 -1.66 0.0279 -0.0038 -0.0280 -0.0116 -0.0494
9018 0.00 3.14 0.43 0.0037 -0.0070 0.0014 -0.0069 -0.0449
9038 0.00 3.13 -0.26 0.0215 -0.0038 -0.0204 -0.0104 -0.0544
9058 0.00 3.14 -0.86 0.0166 -0.0070 -0.0126 -0.0110 -0.0257
9078 0.00 3.13 0.00 0.0295 -0.0119 -0.0225 -0.0194 -0.0371
9098 0.00 3.14 1.69 -0.0075 0.0123 -0.0015 0.0123 -0.0705
9118 0.00 3.13 0.00 0.0328 -0.0038 -0.0321 -0.0159 -0.0679
9138 0.00 3.13 -0.65 0.0166 -0.0086 -0.0104 -0.0130 0.0829
9158 0.00 3.14 0.79 0.0424 0.0155 -0.0599 0.0037 -0.0152
9178 0.00 3.14 0.00 0.0166 -0.0038 -0.0153 -0.0084 -0.0329
9198 0.00 3.13 -1.46 0.0134 -0.0103 -0.0061 -0.0126 0.0274
9218 0.00 3.14 0.00 0.0037 -0.0103 0.0043 -0.0095 -0.0094
9238 0.00 3.13 0.00 0.0134 -0.0135 -0.0034 -0.0152 -0.0198
9258 0.00 3.13 -0.43 0.0183 -0.0103 -0.0112 -0.0145 -0.0677
9278 0.00 3.13 -0.26 0.0231 -0.0135 -0.0140 -0.0185 -0.0273
9298 0.00 3.14 0.43 -0.0124 0.0155 0.0010 0.0164 -0.0110
9318 0.00 3.14 0.00 0.0263 -0.0119 -0.0192 -0.0180 -0.0740
9338 0.00 3.13 0.00 -0.0059 0.0204 -0.0107 0.0180 -0.0113
9358 55.00 3.13 0.00 0.0360 0.0607 -0.0911 0.0352 -0.0951
9378 55.00 2.78 -33.96 1.0707 -0.0763 0.7715 0.9122 1.2023
9398 55.00 2.05 -37.95 -0.5990 0.7956 0.6608 0.5002 0.8549
9418 55.00 1.25 -42.34 -0.1848 -0.8193 0.5193 0.9342 0.9650
9438 55.00 0.48 -36.32 1.0030 -0.0812 0.6130 0.9304 1.0031
9458 55.00 6.01 -39.61 -0.8070 0.9842 0.6028 0.8587 0.9980
9478 55.00 5.14 -47.88 0.0037 -0.4825 -0.2423 0.4993 -0.5645
9498 55.00 4.21 -48.20 -0.6861 0.1896 0.4086 0.5788 0.7263
9518 55.00 3.40 -39.67 0.9095 -0.5002 0.5763 0.7056 0.9126
9538 55.00 2.67 -36.17 0.0295 0.9745 0.6510 0.9391 1.0941
9558 55.00 1.95 -38.36 -0.4443 0.4990 -0.0098 0.5473 0.6584
9578 55.00 1.17 -41.40 0.6791 -0.8661 0.6068 0.6800 0.9167
9598 55.00 0.40 -36.85 0.1714 0.8794 0.6414 0.9272 1.1144
9618 55.00 5.92 -40.02 -1.0116 0.1654 0.5786 0.9182 1.0757
9638 55.00 5.04 -47.96 0.8418 -0.2198 0.2733 0.8294 0.8781
9658 55.00 4.10 -47.58 -0.2670 -0.6421 0.2700 0.8946 0.8918
9678 55.00 3.28 -37.65 0.2036 0.7053 0.7056 0.6419 0.9566
9698 55.00 2.59 -35.67 -0.9810 1.0212 0.7296 0.8975 1.1581
9718 55.00 1.85 -40.19 -0.1703 -0.6259 0.6347 0.5480 0.8589
9738 55.00 1.02 -41.75 0.7290 0.1138 0.4283 0.8081 0.8502
9758 55.00 0.27 -34.70 -0.8730 0.6989 0.5300 0.7569 0.9087
9778 55.00 5.77 -41.55 0.2262 -0.6840 0.3687 0.5913 0.6858
9798 55.00 4.86 -48.79 -0.6538 0.8472 0.3778 0.8035 0.8515
9818 55.00 3.90 -46.21 1.0352 -0.2988 0.3668 1.0004 0.9853
9838 55.00 3.15 -36.21 -0.9649 1.0422 0.6821 0.9399 1.1610
9858 55.00 2.47 -36.29 -0.7812 -0.1231 0.5466 0.8144 0.9263
9878 55.00 1.69 -41.75 0.7500 -0.6034 0.4093 0.6815 0.7837
9898 55.00 0.89 -39.80 -0.7054 0.8923 0.6216 0.7066 0.9303
9918 55.00 0.15 -37.79 -0.1800 -0.6646 0.7124 0.5331 0.8988
9938 55.00 5.62 -42.48 0.9708 -0.1747 0.5250 0.8919 0.9596
9958 55.00 4.70 -48.70 0.0489 -0.2552 0.2539 0.0947 0.2824
9978 55.00 3.78 -44.57 -0.0607 0.6779 0.2784 0.6966 0.7104
9998 55.00 3.06 -33.95 -1.0680 0.0897 0.7516 0.9160 1.2247
10018 55.00 2.36 -36.25 0.2987 -0.9128 0.5938 0.7168 0.9035
10038 55.00 1.59 -41.41 0.5646 0.2218 0.4115 0.6988 0.7523
10058 55.00 0.79 -40.30 -0.9826 0.2138 0.6365 0.8143 1.0106
10078 55.00 0.04 -38.13 0.6984 -0.8484 0.7089 0.5634 0.9446
10098 55.00 5.49 -44.14 -0.0091 0.5893 0.2175 0.6392 0.6551
10118 55.00 4.54 -49.32 0.3583 -0.4535 0.0833 0.4709 0.4415
10138 55.00 3.66 -40.22 -0.8730 0.2218 0.6271 0.6560 0.9148
10158 55.00 2.92 -35.17 0.5824 -0.9434 0.7142 0.6294 0.9263
10178 55.00 2.20 -36.17 1.0514 -0.1360 0.6319 0.9531 1.0921
10198 55.00 1.41 -41.56 -0.6732 0.6215 0.3106 0.6819 0.7097
10218 55.00 0.62 -39.10 0.6226 -0.9032 0.6643 0.6428 0.9446
10238 55.00 6.15 -40.02 0.4792 0.4475 0.5678 0.7326 0.9299
10258 55.00 5.28 -48.21 -0.1703 -0.2907 0.3014 0.3557 0.4466
10278 55.00 4.31 -49.79 -0.4153 0.4862 0.3829 0.3596 0.5326
10298 55.00 3.47 -39.89 0.6388 -0.9257 0.6610 0.6791 0.9510
10318 55.00 2.77 -35.27 1.0336 -0.0409 0.6734 0.9575 1.1358
10338 55.00 2.04 -38.59 -0.6974 0.8182 0.6956 0.5442 0.9022
10358 0.00 1.24 -41.42 -0.1655 -0.8048 0.5015 0.9090 0.9742
10378 0.00 0.60 -20.91 -0.2541 0.0478 -0.2691 0.0238 -0.2681
10398 0.00 0.35 -14.14 0.3245 -0.1456 -0.3232 0.0351 -0.3364
10418 0.00 0.31 -1.82 -0.0736 -0.0038 0.0864 -0.0125 0.0289
10438 0.00 0.30 0.00 -0.0253 0.0123 0.0216 0.0131 0.0244
10458 0.00 0.30 -1.52 -0.0091 -0.0103 0.0172 -0.0091 0.0831
10478 0.00 0.31 1.89 -0.0027 -0.0070 0.0072 -0.0070 -0.0168
10498 0.00 0.30 -0.95 0.0360 -0.0119 -0.0336 -0.0148 -0.0577
10518 0.00 0.30 -1.50 -0.0027 0.0123 -0.0042 0.0122 0.0112
10538 0.00 0.31 0.00 -0.0865 0.0059 0.0967 -0.0006 0.1680
10558 0.00 0.31 1.12 0.0344 -0.0038 -0.0374 -0.0045 -0.0513
10578 0.00 0.31 -2.50 -0.0333 0.0059 0.0354 0.0035 0.1172
10598 0.00 0.31 1.52 0.0118 -0.0135 -0.0069 -0.0129 -0.0265
10618 0.00 0.31 -0.54 0.0166 -0.0151 -0.0105 -0.0151 -0.0371
10638 0.00 0.30 -0.75 0.0134 -0.0119 -0.0086 -0.0119 -0.0670
10658 0.00 0.32 0.00 -0.0188 -0.0103 0.0260 -0.0139 0.0216
10678 0.00 0.33 0.66 -0.0333 0.0155 0.0325 0.0077 0.0320
10698 0.00 0.32 2.79 0.0424 -0.0135 -0.0426 -0.0079 -0.0702
10718 0.00 0.31 -2.99 -0.0237 -0.0038 0.0294 -0.0048 -0.0583
10738 0.00 0.29 -2.16 0.0360 -0.0103 -0.0339 -0.0150 -0.0371
10758 0.00 0.29 0.00 -0.0607 0.0075 0.0633 0.0196 0.0625
10778 0.00 0.28 0.00 -0.0607 -0.0103 0.0763 0.0079 0.0716
10798 0.00 0.28 0.21 0.0005 0.0220 -0.0190 0.0173 -0.0215
10818 0.00 0.29 0.51 0.0344 -0.0022 -0.0370 -0.0105 -0.1015
10838 0.00 0.28 -1.68 -0.0027 0.1122 -0.0895 0.0916 -0.0290
10858 0.00 0.28 -1.61 -0.0091 0.0139 -0.0011 0.0141 0.0146
10878 0.00 0.28 0.75 0.0070 0.0607 -0.0585 0.0459 -0.0523
10898 0.00 0.27 -1.83 -0.0237 0.0059 0.0206 0.0135 0.0053
10918 0.00 0.28 1.57 0.0553 0.0075 -0.0671 -0.0145 -0.0951
10938 0.00 0.26 -2.53 0.0102 -0.0167 0.0055 -0.0159 -0.0590
10958 0.00 0.29 2.27 -0.0285 -0.0199 0.0465 -0.0145 0.0374
10978 0.00 0.28 2.37 -0.0333 0.0107 0.0286 0.0185 0.0289
10998 0.00 0.29 -0.75 0.0295 0.0123 -0.0428 0.0037 0.0195
11018 0.00 0.29 1.24 0.0005 -0.1714 0.1335 -0.1458 0.0243
11038 0.00 0.28 0.42 0.0489 0.0139 -0.0659 -0.0016 -0.0129
11058 0.00 0.28 -0.27 0.0553 0.0123 -0.0718 -0.0059 -0.0559
11078 0.00 0.30 2.52 -0.0091 0.0059 0.0069 0.0062 -0.0238
11098 0.00 0.31 0.00 -0.0059 -0.0038 0.0089 -0.0041 0.0332
11118 0.00 0.30 1.08 -0.0059 0.0091 0.0010 0.0092 -0.0291
11138 0.00 0.30 -2.25 0.0295 0.0155 -0.0442 0.0118 -0.0569
11158 0.00 0.30 -1.24 -0.0478 0.0107 0.0480 0.0148 0.0478
11178 0.00 0.29 0.45 -0.0285 0.0091 0.0257 0.0136 -0.1164
11198 0.00 0.29 -0.51 0.0102 0.0123 -0.0207 0.0089 -0.0223
11218 0.00 0.32 0.00 -0.0414 0.0639 0.0193 0.0618 -0.0462
11238 0.00 0.31 1.62 -0.0156 0.0123 0.0109 0.0123 0.0118
11258 0.00 0.31 -0.75 0.0183 -0.0070 -0.0174 -0.0059 -0.0215
11278 0.00 0.31 0.00 -0.0027 0.0107 -0.0025 0.0108 -0.0517
11298 0.00 0.30 -1.57 -0.0059 0.0155 -0.0021 0.0155 0.2266
11318 0.00 0.32 -0.25 -0.0333 0.0155 0.0313 0.0114 0.0332
11338 0.00 0.32 1.24 -0.0333 0.0929 0.0022 0.0941 0.0070
11358 55.00 0.31 0.00 0.0183 -0.0199 -0.0112 -0.0191 0.0150
11378 55.00 6.14 -40.26 0.2713 0.5555 0.6187 0.5723 0.9256
11398 55.00 5.27 -44.95 -0.0237 -0.4390 0.4280 0.2972 0.5272
11418 55.00 4.31 -49.42 -0.4411 0.4990 0.4085 0.3620 0.5503
11438 55.00 3.47 -40.53 0.6098 -0.8774 0.6307 0.6410 0.9301
11458 55.00 2.77 -35.33 1.0224 -0.0167 0.7090 0.9318 1.1257
11478 55.00 2.04 -39.57 -0.6974 0.8359 0.7050 0.5529 0.9091
11498 55.00 1.24 -41.25 -0.1881 -0.8387 0.4664 0.9888 0.9630
11518 55.00 0.47 -37.98 0.8805 0.0316 0.5570 0.8728 0.9370
11538 55.00 5.98 -39.71 -0.8070 0.6828 0.4447 0.7466 0.8302
11558 55.00 5.11 -47.55 0.3906 -0.3503 0.1655 0.3964 0.4063
11578 55.00 4.15 -48.58 -0.3444 -0.0780 0.1475 0.4246 0.4003
11598 55.00 3.31 -38.68 0.7065 0.2702 0.5910 0.8173 0.9341
11618 55.00 2.62 -34.77 -0.7554 0.8842 0.7789 0.5531 0.9304
11638 55.00 1.87 -39.59 -0.5056 -0.2988 0.4890 0.6497 0.7908
11658 55.00 1.05 -41.98 1.0336 -0.1682 0.4621 1.0083 1.0177
11678 55.00 0.30 -37.88 -0.9101 1.0744 0.6204 0.9771 1.1289
11698 55.00 5.81 -41.03 -0.1961 -0.8226 0.5185 0.9485 1.0078
11718 55.00 4.94 -45.42 0.0940 0.4845 0.2055 0.5859 0.6117
11738 55.00 3.98 -47.28 0.5066 -0.6114 0.1430 0.6381 0.6357
11758 55.00 3.20 -41.64 -0.5716 0.9310 0.6565 0.6714 0.9202
11778 55.00 2.50 -35.54 -1.0358 0.1138 0.7484 0.8546 1.1192
11798 55.00 1.74 -39.47 0.7516 -0.9515 0.6160 0.7920 0.9637
11818 55.00 0.94 -40.79 0.0424 0.8359 0.4057 0.9037 0.9231
11838 55.00 0.19 -37.64 -0.8166 -0.0457 0.5515 0.7984 0.9330
11858 55.00 5.69 -42.17 0.6678 -0.5631 0.3396 0.6329 0.6916
11878 55.00 4.74 -56.02 -0.5233 0.1316 0.0610 0.5410 0.4642
11898 55.00 3.81 -44.41 0.2358 0.7327 0.4099 0.9232 0.9318
11918 55.00 3.08 -36.02 -1.0165 0.1155 0.7533 0.8194 1.1192
11938 55.00 2.37 -37.55 0.1955 -0.9467 0.5608 0.8273 0.9249
11958 55.00 1.60 -41.07 0.7193 0.0478 0.3574 0.7817 0.8325
11978 55.00 0.78 -41.50 -1.0213 0.2122 0.5685 0.9157 1.0665
11998 55.00 0.05 -36.74 0.6098 -0.8580 0.6720 0.5728 0.9310
12018 55.00 5.50 -43.26 0.0747 0.6103 0.2337 0.7142 0.7034
12038 55.00 4.56 -49.56 0.5807 -0.6920 0.2851 0.6863 0.7043
12058 55.00 3.66 -43.05 -0.8617 0.3121 0.5240 0.6977 0.9320
12078 55.00 2.97 -35.32 -0.0865 -1.0192 0.7373 0.9843 1.2028
12098 55.00 2.27 -37.28 0.8547 -0.6485 0.5518 0.7009 0.8911
12118 55.00 1.47 -40.62 -0.5829 0.7408 0.6099 0.4868 0.8167
12138 55.00 0.67 -38.06 -0.1768 -0.8612 0.5590 0.9598 1.0673
12158 55.00 6.22 -38.61 0.8870 -0.1102 0.7271 0.6373 0.9453
12178 55.00 5.37 -45.34 -0.5378 0.2911 0.2760 0.4623 0.6684
12198 55.00 4.42 -48.88 0.0698 0.2251 0.2296 0.2055 0.4484
12218 55.00 3.55 -40.73 -0.1832 -0.7710 0.6345 0.7893 0.9844
12238 55.00 2.83 -36.22 0.9482 -0.4293 0.7261 0.6119 0.9283
12258 55.00 2.11 -42.93 0.1520 0.8730 0.6260 0.9120 1.0637
12278 55.00 1.33 -41.55 -0.8472 0.1316 0.3411 0.8457 0.8738
12298 55.00 0.53 -38.26 0.8547 -0.2746 0.6701 0.5591 0.8960
12318 55.00 6.06 -40.47 -0.4862 0.8085 0.5723 0.5788 0.8266
12338 55.00 5.18 -47.67 0.2616 -0.4116 0.2871 0.3019 0.4911
12358 0.00 4.20 -47.00 -0.8070 0.2267 0.4175 0.7200 0.7180
12378 0.00 3.45 -24.85 -0.6119 0.1235 -0.6452 0.0498 -0.7192
12398 0.00 3.32 -7.29 0.0602 -0.0812 -0.0736 0.0410 0.1198
12418 0.00 3.27 1.47 0.0166 0.0719 0.0394 0.0855 -0.1009
12438 0.00 3.25 -1.52 -0.0188 0.0091 0.0166 -0.0089 0.0055
12458 0.00 3.25 -0.49 -0.0091 0.0171 0.0146 0.0090 0.0429
12478 0.00 3.26 0.85 -0.0430 0.0462 0.0515 0.0022 0.0522
12498 0.00 3.25 0.00 0.0166 0.0026 -0.0090 0.0188 0.0157
12518 0.00 3.25 -0.21 -0.0414 0.0510 0.0528 0.0122 0.0434
12538 0.00 3.24 0.49 0.0585 -0.0103 -0.0472 0.0410 -0.0290
12558 0.00 3.24 -0.74 -0.0382 0.0349 0.0422 0.0031 -0.0288
12578 0.00 3.24 0.48 0.0183 -0.0070 -0.0163 0.0086 -0.0271
12598 0.00 3.24 -1.36 0.0166 0.0026 -0.0118 0.0173 -0.0291
12618 0.00 3.24 0.00 -0.0059 0.0091 0.0080 0.0046 -0.0254
12638 0.00 3.24 -0.22 -0.0027 -0.0763 -0.0316 -0.0840 0.0422
12658 0.00 3.24 0.79 0.0037 -0.0054 -0.0050 -0.0025 -0.0198
12678 0.00 3.24 0.00 -0.0349 0.0107 0.0310 -0.0180 -0.0108
12698 0.00 3.24 -0.47 -0.0124 -0.0683 -0.0198 -0.0846 0.0497
12718 0.00 3.24 0.00 0.0456 0.0445 -0.0157 0.0888 0.0445
12738 0.00 3.24 0.00 -0.0543 0.0429 0.0573 0.0001 0.1116
12758 0.00 3.24 0.00 -0.0349 0.0607 0.0501 0.0346 -0.0499
12778 0.00 3.24 0.00 -0.0591 0.0542 0.0653 0.0061 0.1735
12798 0.00 3.24 0.38 0.0037 0.0026 -0.0016 0.0062 0.0887
12818 0.00 3.24 0.49 -0.0124 -0.0167 0.0024 -0.0291 0.1617
12838 0.00 3.24 0.00 -0.0027 -0.0167 -0.0040 -0.0206 -0.0168
12858 0.00 3.24 -1.64 -0.0543 0.0607 0.0644 0.0174 0.0633
12878 0.00 3.24 0.91 -0.0349 0.0316 0.0384 0.0032 0.1154
12898 0.00 3.24 0.79 -0.0672 0.0220 0.0600 -0.0330 0.1374
12918 0.00 3.24 0.00 -0.1187 0.0316 0.1036 -0.0662 0.0294
12938 0.00 3.23 0.48 -0.0285 0.0220 0.0298 0.0020 0.0611
12958 0.00 3.23 -0.84 0.0166 -0.0103 -0.0167 0.0012 -0.0230
12978 0.00 3.23 -1.65 0.0183 -0.0135 -0.0189 -0.0003 -0.0401
12998 0.00 3.23 -0.68 -0.0091 0.0349 0.0182 0.0312 0.1157
13018 0.00 3.24 0.24 -0.0172 0.0220 0.0211 0.0096 0.0288
13038 0.00 3.24 1.13 -0.0059 0.0107 0.0088 0.0062 0.0345
13058 0.00 3.24 0.00 0.0166 0.0059 -0.0109 0.0206 -0.0337
13078 0.00 3.23 -0.84 0.0263 -0.0167 -0.0265 0.0027 -0.0290
13098 0.00 3.24 0.00 -0.0317 0.0413 0.0397 0.0172 0.0568
13118 0.00 3.24 -0.43 0.0150 -0.0070 -0.0142 0.0048 -0.0216
13138 0.00 3.24 0.00 0.0086 0.0059 -0.0049 0.0137 -0.0215
13158 0.00 3.24 0.00 0.0102 0.0075 -0.0054 0.0169 0.1110
13178 0.00 3.23 -0.57 -0.0108 0.0010 0.0090 -0.0077 -0.0198
13198 0.00 3.24 0.84 0.0102 0.0010 -0.0078 0.0097 -0.0267
13218 0.00 3.24 1.12 0.0150 -0.0103 -0.0153 0.0015 -0.0515
13238 0.00 3.24 0.21 -0.0124 0.0107 0.0133 0.0015 0.0134
13258 0.00 3.24 0.00 0.0183 -0.0135 -0.0189 0.0004 -0.0205
13278 0.00 3.24 0.00 0.0102 0.0703 0.0150 0.0864 -0.1102
13298 0.00 3.23 0.00 0.0231 0.0429 -0.0054 0.0668 0.0482
13318 0.00 3.24 -0.68 0.0037 0.0075 -0.0005 0.0114 0.1230
13338 0.00 3.24 0.00 -0.0349 0.0413 0.0413 0.0165 0.0434
13358 55.00 3.23 0.00 0.0005 0.0091 0.0024 0.0105 0.0146
13378 55.00 2.69 -35.66 0.1230 0.9100 0.7342 0.8570 1.1323
13398 55.00 1.97 -39.64 -0.6409 0.5990 0.2185 0.6829 0.6879
13418 55.00 1.19 -42.04 0.5002 -0.8016 0.5556 0.5890 0.8709
13438 55.00 0.41 -40.31 0.1520 0.8278 0.6774 0.8083 1.0615
13458 55.00 5.93 -39.89 -0.9133 0.1574 0.6455 0.7327 0.9434
13478 55.00 5.06 -47.30 0.7484 -0.1231 0.4781 0.6446 0.8195
13498 55.00 4.10 -48.10 -0.2670 -0.6614 0.2977 0.9083 0.9117
13518 55.00 3.30 -37.69 0.3841 0.4990 0.6258 0.6266 0.8985
13538 55.00 2.59 -35.74 -0.9182 1.0148 0.7203 0.8578 1.1063
13558 55.00 1.85 -39.25 -0.2026 -0.5711 0.6330 0.4930 0.8165
13578 55.00 1.03 -46.23 0.7419 0.0316 0.3534 0.8010 0.8293
13598 55.00 0.28 -37.39 -0.8682 0.7440 0.5337 0.7726 0.9150
13618 55.00 5.78 -42.38 0.1327 -0.7114 0.3317 0.6799 0.7052
13638 55.00 4.84 -51.35 -0.5700 0.6731 0.2355 0.6857 0.7140
13658 55.00 3.91 -44.66 1.0352 -0.2971 0.4188 0.9803 1.0545
13678 55.00 3.15 -35.50 -0.9842 1.1115 0.6593 1.0225 1.1980
13698 55.00 2.47 -36.48 -0.7505 -0.1489 0.5866 0.7652 0.9303
13718 55.00 1.69 -40.73 0.7355 -0.6195 0.3925 0.6865 0.7685
13738 55.00 0.89 -40.69 -0.6893 0.8601 0.6534 0.6343 0.9200
13758 55.00 0.15 -38.76 -0.1349 -0.6823 0.7095 0.5141 0.8899
13778 55.00 5.62 -41.37 0.9950 -0.1956 0.5036 0.9261 1.0573
13798 55.00 4.69 -50.70 -0.0091 -0.2843 0.2689 0.1974 0.3507
13818 55.00 3.78 -43.26 -0.0349 0.6651 0.2890 0.6905 0.7139
13838 55.00 3.04 -36.07 -0.7989 -0.1521 0.6393 0.7969 0.9764
13858 55.00 2.33 -37.19 0.6919 -0.8741 0.7085 0.5905 0.9592
13878 55.00 1.56 -40.79 0.1424 0.6667 0.6192 0.6022 0.8923
13898 55.00 0.76 -40.34 -0.9568 0.1074 0.5173 0.9118 0.9644
13918 55.00 0.02 -40.07 0.8161 -1.0095 0.6026 0.8861 1.0377
13938 55.00 5.48 -44.58 -0.1929 0.5506 0.2995 0.4717 0.4854
13958 55.00 4.54 -47.89 0.3503 -0.3777 0.1080 0.4071 0.3942
13978 55.00 3.64 -41.82 -1.0294 0.2347 0.5833 0.9076 1.0690
13998 55.00 2.93 -35.19 0.4615 -0.9177 0.6592 0.6383 0.9263
14018 55.00 2.21 -37.33 0.9676 -0.1215 0.6983 0.7896 1.0469
14038 55.00 1.42 -42.78 -0.7505 0.8149 0.3713 0.8265 0.8814
14058 55.00 0.64 -37.94 0.3777 -0.8580 0.5561 0.6561 0.8816
14078 55.00 6.17 -38.05 0.6323 0.2251 0.5363 0.7090 0.8996
14098 55.00 5.31 -45.07 -0.6007 0.0800 0.2001 0.6208 0.6202
14118 55.00 4.35 -49.03 0.0859 0.3637 0.0852 0.4696 0.4400
14138 55.00 3.50 -39.68 0.2407 -0.8709 0.5129 0.7389 0.8862
14158 55.00 2.78 -33.68 1.0739 -0.0683 0.7676 0.9257 1.2073
14178 55.00 2.07 -38.35 -0.3412 0.8730 0.5430 0.6923 0.8670
14198 55.00 1.26 -41.73 -0.1349 -0.7275 0.6354 0.6759 0.9206
14218 55.00 0.48 -37.89 0.9966 -0.0457 0.6177 0.9405 1.0637
14238 55.00 6.01 -40.18 -0.8070 0.9809 0.6038 0.8551 1.0087
14258 55.00 5.15 -47.97 0.5775 -0.7065 0.4467 0.6055 0.7555
14278 55.00 4.20 -47.46 -0.7634 0.2089 0.4011 0.6795 0.8290
14298 55.00 3.38 -43.16 0.9063 -0.1618 0.7120 0.6538 0.9336
14318 55.00 2.67 -35.42 0.0553 0.9874 0.6642 0.9672 1.1236
14338 55.00 1.93 -39.18 -0.9117 0.1767 0.6543 0.7119 0.9321
14358 0.00 1.14 -42.36 0.7580 -0.8484 0.3768 0.8522 0.9022
14378 0.00 0.57 -19.90 0.2020 -0.1150 0.1560 0.1293 0.1497
14398 0.00 0.29 -9.68 0.1004 0.0478 -0.1471 0.0353 -0.1759
14418 0.00 0.23 -1.81 -0.0253 0.0107 0.0081 0.0240 -0.0138
14438 0.00 0.19 -1.55 -0.0172 -0.0119 0.0204 0.0209 0.0230
14458 0.00 0.19 0.54 -0.0124 0.0284 -0.0280 0.0051 -0.0138
14478 0.00 0.18 0.00 -0.0156 0.0188 -0.0163 0.0117 -0.0179
14498 0.00 0.19 -0.42 0.0199 0.0059 -0.0127 -0.0238 -0.0329
14518 0.00 0.19 0.47 -0.0188 0.0284 -0.0257 0.0132 -0.0311
14538 0.00 0.19 0.00 0.0150 0.0059 -0.0109 -0.0186 -0.0534
14558 0.00 0.19 0.00 0.0150 0.0123 -0.0180 -0.0206 -0.0539
14578 0.00 0.20 0.66 -0.0027 -0.0167 0.0202 0.0058 0.0237
14598 0.00 0.19 0.25 -0.0285 0.0413 -0.0374 0.0198 -0.0224
14618 0.00 0.19 0.38 0.0183 -0.0038 -0.0020 -0.0191 0.0237
14638 0.00 0.19 -1.07 -0.0220 0.0155 -0.0109 0.0199 -0.0286
14658 0.00 0.20 0.00 0.0215 -0.0167 0.0097 -0.0203 0.0271
14678 0.00 0.19 1.81 0.0199 0.0397 -0.0532 -0.0292 -0.1159
14698 0.00 0.19 0.00 -0.0237 0.0735 -0.0747 0.0076 -0.0296
14718 0.00 0.19 0.27 0.0134 0.0671 -0.0803 -0.0316 -0.0632
14738 0.00 0.19 0.00 -0.0285 0.0026 0.0064 0.0308 0.1683
14758 0.00 0.18 0.00 -0.0027 0.0204 -0.0218 -0.0040 -0.0372
14778 0.00 0.18 -1.41 0.0086 0.0123 -0.0150 -0.0147 -0.1127
14798 0.00 0.18 -0.74 -0.0043 -0.1005 0.1112 0.0415 -0.0544
14818 0.00 0.18 0.00 -0.0091 0.0542 -0.0576 -0.0074 0.0198
14838 0.00 0.19 1.33 -0.0124 0.0220 -0.0205 0.0081 -0.0152
14858 0.00 0.17 -0.79 -0.0091 0.0188 -0.0186 0.0023 0.0104
14878 0.00 0.18 0.00 -0.0172 0.1106 -0.1160 -0.0267 -0.0267
14898 0.00 0.17 0.00 -0.0156 0.0188 -0.0181 0.0087 -0.0151
14918 0.00 0.17 0.54 0.0231 0.0220 -0.0265 -0.0365 -0.0308
14938 0.00 0.17 0.00 0.0166 0.0107 -0.0128 -0.0244 -0.0576
14958 0.00 0.17 0.00 0.0843 0.0107 -0.0212 -0.1019 -0.0193
14978 0.00 0.17 0.22 0.0166 0.0059 -0.0078 -0.0220 -0.0858
14998 0.00 0.17 0.00 0.0263 0.0091 -0.0132 -0.0343 -0.0101
15018 0.00 0.17 0.00 0.0231 -0.0312 0.0300 -0.0123 0.0393
15038 0.00 0.18 1.04 0.0763 0.0010 -0.0145 -0.0875 0.0116
15058 0.00 0.17 0.00 -0.0768 0.0349 -0.0265 0.0722 -0.0357
15078 0.00 0.17 0.00 -0.0269 0.0413 -0.0402 0.0120 -0.0427
15098 0.00 0.17 -0.44 -0.0220 0.0284 -0.0274 0.0119 -0.0345
15118 0.00 0.18 -0.81 0.0166 -0.0167 0.0146 -0.0125 0.0290
15138 0.00 0.18 -0.31 0.0183 -0.0409 0.0406 -0.0051 -0.0619
15158 0.00 0.18 0.75 0.0150 -0.0812 0.0855 0.0125 -0.0426
15178 0.00 0.18 1.07 -0.0220 0.0478 -0.0472 0.0075 -0.0606
15198 0.00 0.18 -2.79 -0.0091 0.1090 -0.1178 -0.0273 -0.1376
15218 0.00 0.18 1.82 -0.0156 0.0139 -0.0114 0.0128 -0.0142
15238 0.00 0.17 -0.65 -0.0156 0.0155 -0.0142 0.0111 -0.0652
15258 0.00 0.18 -0.27 0.0166 0.0091 -0.0142 -0.0219 -0.0338
15278 0.00 0.18 0.00 0.0183 -0.0038 0.0006 -0.0192 -0.0572
15298 0.00 0.19 0.38 -0.0220 -0.0070 0.0151 0.0263 0.1090
15318 0.00 0.19 1.60 0.0521 0.0107 -0.0270 -0.0615 -0.0323
15338 0.00 0.18 -1.49 -0.0414 0.0816 -0.0806 0.0130 -0.1152
15358 55.00 0.19 -1.82 0.0263 0.0735 -0.0912 -0.0490 -0.0134
15378 55.00 6.04 -37.86 -0.6716 0.7956 0.6650 0.5391 0.8849
15398 55.00 5.17 -47.41 0.4228 -0.4970 0.3861 0.3720 0.5466
15418 55.00 4.22 -47.89 -0.5829 0.1606 0.3801 0.4670 0.6361
15438 55.00 3.40 -38.51 0.9176 -0.5244 0.5768 0.7177 0.9129
15458 55.00 2.67 -37.12 0.0537 0.9809 0.6604 0.9596 1.1240
15478 55.00 1.95 -38.02 -0.8553 0.3492 0.5725 0.6418 0.9258
15498 55.00 1.14 -41.72 0.7613 -0.9886 0.3968 0.9564 0.9368
15518 55.00 0.38 -37.96 0.0183 0.8568 0.5260 0.8505 0.9539
15538 55.00 5.89 -40.27 -0.6893 -0.0070 0.3869 0.7002 0.7896
15558 55.00 5.00 -47.91 0.3132 0.0623 0.1406 0.3771 0.3904
15578 55.00 4.05 -46.52 0.1972 -0.5856 0.2579 0.5372 0.6975
15598 55.00 3.24 -36.20 0.0166 0.9439 0.6153 0.9113 1.0735
15618 55.00 2.55 -34.83 -1.0165 0.7666 0.6138 0.8633 1.0079
15638 55.00 1.81 -39.53 -0.0801 -0.7968 0.4716 0.8472 0.9123
15658 55.00 1.00 -40.81 0.1488 0.6312 0.6444 0.5202 0.8988
15678 55.00 0.24 -39.18 -0.8489 0.2347 0.6546 0.5831 0.9155
15698 55.00 5.72 -43.44 0.7516 -0.9434 0.4989 0.8634 0.9488
15718 55.00 4.82 -48.78 -0.3315 0.3298 0.0914 0.3707 0.3496
15738 55.00 3.85 -46.21 0.3003 0.3508 0.4016 0.5132 0.8323
15758 55.00 3.10 -36.68 -0.9810 0.3991 0.6613 0.7322 1.0531
15778 55.00 2.40 -35.99 -0.1091 -0.9241 0.7379 0.8627 1.1370
15798 55.00 1.65 -37.34 0.8289 -0.1231 0.6577 0.6065 0.9103
15818 55.00 0.85 -40.23 -0.7796 0.7795 0.4835 0.7591 0.9208
15838 55.00 0.12 -38.07 -0.1397 -0.8629 0.6706 0.8542 1.0608
15858 55.00 5.60 -43.64 0.6871 -0.0425 0.3070 0.7062 0.7936
15878 55.00 4.65 -46.89 -0.1349 -0.4680 0.1631 0.6114 0.6341
15898 55.00 3.74 -43.97 -0.6442 0.8665 0.5741 0.6931 0.9121
15918 55.00 3.01 -36.27 -0.3573 -0.5663 0.6847 0.6314 0.9145
15938 55.00 2.28 -36.83 0.9192 -0.8758 0.5946 0.8498 0.9884
15958 55.00 1.51 -42.53 0.0553 0.7698 0.3724 0.8439 0.8937
15978 55.00 0.72 -39.59 -0.2477 -0.5534 0.6357 0.5184 0.8326
15998 55.00 6.25 -34.53 0.8596 -0.4067 0.6129 0.6032 0.8898
16018 55.00 5.40 -44.87 -0.5233 0.4152 0.2708 0.4816 0.4781
16038 55.00 4.44 -50.06 0.4744 -0.0812 0.0494 0.5050 0.4697
16058 55.00 3.57 -40.76 -0.1445 -0.6695 0.6864 0.5323 0.8803
16078 55.00 2.86 -35.08 0.9579 -0.7855 0.6696 0.7709 1.0164
16098 55.00 2.15 -39.54 0.2729 0.5764 0.6561 0.5671 0.9349
16118 55.00 1.37 -46.33 -0.7602 0.2895 0.4731 0.6041 0.8864
16138 55.00 0.58 -38.76 0.8225 -0.9144 0.5231 0.8605 0.9361
16158 55.00 6.12 -38.60 0.1843 0.7553 0.6637 0.7422 0.9680
16178 55.00 5.28 -45.94 -0.2122 -0.2198 0.2548 0.3489 0.4527
16198 55.00 4.30 -48.15 -0.5942 0.7795 0.4166 0.6998 0.8179
16218 55.00 3.46 -39.92 0.7129 -0.9451 0.6394 0.7492 0.9585
16238 55.00 2.76 -34.83 0.9450 0.0607 0.6835 0.8971 1.1240
16258 55.00 2.04 -37.86 -0.7328 0.8601 0.7011 0.6085 0.9252
16278 55.00 1.24 -42.63 -0.1590 -0.8161 0.4336 0.9523 0.9351
16298 55.00 0.47 -38.01 0.7645 0.0800 0.5052 0.7835 0.9283
16318 55.00 6.00 -40.71 -0.8150 0.8214 0.5119 0.7941 0.9130
16338 55.00 5.11 -46.96 0.4292 -0.3842 0.1899 0.4319 0.4438
16358 0.00 4.15 -46.43 -0.4024 -0.0393 0.1324 0.4706 0.4393
16378 0.00 3.48 -19.35 0.2423 -0.1698 0.2365 0.0768 0.2587
16398 0.00 3.23 -12.00 -0.0607 0.0993 0.0788 0.0618 0.1841
16418 0.00 3.14 -1.52 -0.0188 0.0139 0.0104 0.0165 0.0183
16438 0.00 3.12 -1.14 -0.1059 0.0059 0.1023 0.0608 -0.0447
16458 0.00 3.11 0.00 -0.0172 0.0091 0.0076 0.0154 0.0331
16478 0.00 3.10 0.00 -0.0043 0.0316 -0.0307 0.0154 0.1534
16498 0.00 3.10 1.07 0.0199 0.0542 -0.0765 0.0047 -0.0586
16518 0.00 3.09 -0.49 0.0231 0.0188 -0.0392 -0.0148 -0.0805
16538 0.00 3.08 -1.13 -0.0091 0.0478 -0.0479 0.0167 -0.0423
16558 0.00 3.09 -0.97 -0.0220 0.0091 0.0078 0.0208 0.0224
16578 0.00 3.09 1.69 0.0231 0.0349 -0.0577 -0.0088 -0.0655
16598 0.00 3.08 0.00 0.0392 0.0784 -0.1182 -0.0193 -0.1632
16618 0.00 3.09 -0.45 0.0183 0.0123 -0.0284 -0.0119 -0.0288
16638 0.00 3.08 0.00 0.0183 0.0026 -0.0168 -0.0154 -0.0311
16658 0.00 3.09 0.00 -0.0833 -0.0167 0.0863 0.0635 0.0179
16678 0.00 3.10 2.64 0.0199 -0.0103 -0.0060 -0.0190 -0.0365
16698 0.00 3.08 -0.49 -0.0091 0.0623 -0.0644 0.0193 -0.0590
16718 0.00 3.09 -0.84 0.0295 0.0123 -0.0381 -0.0200 -0.0517
16738 0.00 3.10 0.00 -0.0220 0.0123 0.0060 0.0213 0.0228
16758 0.00 3.09 0.85 0.0328 0.0316 -0.0613 -0.0197 -0.0941
16778 0.00 3.08 -1.22 0.0440 0.0220 -0.0593 -0.0317 -0.0151
16798 0.00 3.09 0.76 0.0183 0.0059 -0.0220 -0.0122 0.0751
16818 0.00 3.10 0.48 0.0328 0.0107 -0.0401 -0.0211 -0.0633
16838 0.00 3.09 1.68 -0.0027 0.0445 -0.0473 0.0160 -0.0288
16858 0.00 3.11 -1.66 0.0424 0.0397 -0.0820 -0.0041 -0.0495
16878 0.00 3.10 0.00 0.0231 0.0059 -0.0271 -0.0141 0.0992
16898 0.00 3.10 0.52 0.0295 0.0155 -0.0434 -0.0147 -0.0725
16918 0.00 3.08 -1.14 -0.1590 0.0123 0.1108 0.1380 -0.0561
16938 0.00 3.09 -1.13 -0.0059 0.0832 -0.0876 0.0307 -0.0254
16958 0.00 3.09 0.84 -0.1542 -0.0167 0.1479 0.1168 -0.0274
16978 0.00 3.09 0.00 0.0215 0.0123 -0.0318 -0.0124 -0.0519
16998 0.00 3.09 -0.64 0.0295 0.0123 -0.0374 -0.0213 -0.0348
17018 0.00 3.09 0.24 -0.0156 0.0123 -0.0005 0.0164 0.1399
17038 0.00 3.10 0.38 0.0698 0.0284 -0.0929 -0.0398 -0.0680
17058 0.00 3.10 0.57 0.0199 0.0607 -0.0833 0.0099 -0.1153
17078 0.00 3.10 0.00 0.0279 -0.0344 0.0124 -0.0344 -0.0798
17098 0.00 3.11 0.00 0.1004 0.0349 -0.1309 -0.0510 -0.0377
17118 0.00 3.11 0.00 0.0376 0.0155 -0.0516 -0.0179 -0.0646
17138 0.00 3.11 -1.06 0.0183 0.0026 -0.0208 -0.0093 -0.0421
17158 0.00 3.11 0.86 0.0086 0.0268 -0.0355 0.0100 -0.0211
17178 0.00 3.11 0.00 0.0231 0.0026 -0.0251 -0.0130 -0.0447
17198 0.00 3.11 0.00 0.0037 0.0381 -0.0424 0.0185 -0.0514
17218 0.00 3.12 1.67 0.0037 -0.0199 0.0154 -0.0145 0.0214
17238 0.00 3.12 0.00 -0.0091 0.0123 -0.0027 0.0125 -0.1265
17258 0.00 3.11 0.00 0.0295 -0.0038 -0.0254 -0.0196 -0.0548
17278 0.00 3.12 0.38 -0.0091 0.0864 -0.0762 0.0567 -0.0407
17298 0.00 3.11 0.97 -0.0059 0.0188 -0.0130 0.0141 -0.0235
17318 0.00 3.11 -0.68 -0.0043 0.0220 -0.0176 0.0152 -0.0390
17338 0.00 3.12 0.00 -0.0108 0.0139 -0.0029 0.0143 -0.1359
17358 55.00 3.12 0.00 0.0376 0.0026 -0.0406 -0.0194 -0.0574
17378 55.00 2.59 -35.47 -0.9262 1.0422 0.7360 0.8737 1.1416
17398 55.00 1.86 -40.82 -0.2928 -0.5131 0.5740 0.5798 0.8144
17418 55.00 1.05 -39.77 1.0030 -0.1843 0.4892 0.9491 0.9815
17438 55.00 0.29 -37.90 -0.8408 0.8214 0.5233 0.8047 0.9272
17458 55.00 5.79 -41.41 -0.0156 -0.7323 0.3679 0.7715 0.7888
17478 55.00 4.89 -48.09 -0.2928 0.3379 0.2965 0.2161 0.3878
17498 55.00 3.93 -45.46 0.7935 -0.1956 0.5435 0.6230 0.8729
17518 55.00 3.17 -36.33 -0.8634 1.0212 0.7100 0.8394 1.1052
17538 55.00 2.48 -36.96 -1.0165 0.0445 0.6601 0.9402 1.1282
17558 55.00 1.71 -39.42 0.8161 -0.9338 0.5256 0.8707 1.0908
17578 55.00 0.92 -38.02 -0.2864 0.7698 0.4746 0.6166 0.7758
17598 55.00 0.16 -38.67 -0.4089 -0.4422 0.5902 0.6134 0.8491
17618 55.00 5.64 -42.57 0.8515 -0.1102 0.6088 0.6979 0.9227
17638 55.00 4.69 -49.75 -0.0317 -0.3004 0.2821 0.2340 0.3837
17658 55.00 3.78 -45.26 -0.0768 0.7021 0.2751 0.7193 0.7470
17678 55.00 3.03 -34.42 -0.7151 -0.2875 0.6711 0.7846 0.9467
17698 55.00 2.33 -37.25 0.6903 -0.8306 0.7234 0.5171 0.9283
17718 55.00 1.54 -41.32 0.1746 0.7859 0.5557 0.8592 0.9606
17738 55.00 0.75 -40.01 -0.7312 -0.0554 0.4565 0.7500 0.8689
17758 55.00 0.01 -39.04 0.8676 -0.9982 0.5262 0.9490 1.0007
17778 55.00 5.46 -44.40 -0.5201 0.5957 0.5110 0.3995 0.6765
17798 55.00 4.51 -49.47 0.2777 -0.1295 0.1492 0.2345 0.2941
17818 55.00 3.63 -41.20 -1.0600 0.2347 0.5442 0.9714 1.1204
17838 55.00 2.90 -34.30 0.7500 -0.8999 0.7726 0.5769 0.9763
17858 55.00 2.19 -38.31 0.9160 -0.0328 0.5475 0.8832 0.9368
17878 55.00 1.44 -37.97 -0.7586 0.9826 0.4725 0.9150 0.9533
17898 55.00 0.64 -38.99 0.2939 -0.8290 0.5129 0.6660 0.8682
17918 55.00 6.17 -39.15 0.7451 0.1380 0.5271 0.7905 0.9096
17938 55.00 5.32 -45.91 -0.5765 0.0977 0.1977 0.5845 0.6050
17958 55.00 4.36 -50.57 0.1730 0.5490 0.1472 0.7393 0.7129
17978 55.00 3.51 -39.84 0.1182 -0.8290 0.4577 0.7712 0.8976
17998 55.00 2.79 -34.99 1.0014 -0.0763 0.7855 0.7911 1.1432
18018 55.00 2.08 -38.95 -0.1800 0.8020 0.4638 0.7023 0.8415
18038 55.00 1.28 -41.43 -0.0801 -0.6227 0.6250 0.4488 0.7869
18058 55.00 0.48 -38.20 1.0014 -0.0812 0.5962 0.9391 1.1576
18078 55.00 6.01 -41.64 -0.7908 0.9697 0.5892 0.8473 0.9768
18098 55.00 5.16 -48.20 0.0086 -0.3068 -0.0571 0.3447 -0.3561
18118 55.00 4.24 -48.44 -0.4395 0.4733 0.0501 0.5257 0.4775
18138 55.00 3.40 -39.29 0.8999 -0.5808 0.5597 0.7206 0.9053
18158 55.00 2.69 -35.49 0.1004 0.9439 0.7393 0.8838 1.1889
18178 55.00 1.97 -38.27 -0.8424 0.4571 0.5379 0.6496 0.8502
18198 55.00 1.13 -40.83 0.7580 -0.8999 0.3465 0.9035 0.9243
18218 55.00 0.38 -38.55 0.0553 0.8472 0.5152 0.8707 0.9542
18238 55.00 5.90 -41.59 -0.7731 0.0462 0.4107 0.7639 0.8571
18258 55.00 5.02 -48.56 0.3777 0.0107 0.1278 0.4235 0.4064
18278 55.00 4.06 -47.57 0.1133 -0.5905 0.2107 0.5902 0.6676
18298 55.00 3.26 -37.22 0.1552 0.9116 0.6908 0.9227 1.1902
18318 55.00 2.58 -35.16 -0.9794 0.9052 0.6604 0.8679 1.0432
18338 55.00 1.82 -41.77 -0.1671 -0.8596 0.5339 0.9639 1.0324
18358 0.00 1.02 -39.71 0.5002 0.2476 0.4464 0.6173 0.7237
18378 0.00 0.41 -21.92 -0.1381 0.3717 0.3320 0.1760 0.3355
18398 0.00 0.07 -14.66 0.0924 -0.0876 0.0974 0.0365 0.1043
18418 0.00 6.26 -0.76 -0.0108 0.0107 -0.0009 -0.0124 -0.0175
18438 0.00 6.25 -1.46 -0.0156 0.0107 -0.0044 -0.0153 0.0363
18458 0.00 6.21 0.84 -0.0075 -0.0634 -0.0776 -0.0073 -0.0886
18478 0.00 6.21 -1.65 -0.0237 -0.0360 -0.0561 -0.0216 -0.0647
18498 0.00 6.22 0.23 -0.0188 0.0284 0.0195 -0.0213 -0.0219
18518 0.00 6.21 1.05 0.0183 -0.0522 -0.0486 0.0209 -0.0436
18538 0.00 6.20 -1.70 0.0183 -0.0489 -0.0462 0.0176 0.0797
18558 0.00 6.21 -0.97 0.0183 0.0059 0.0177 0.0179 0.0296
18578 0.00 6.21 1.34 -0.0091 -0.0006 -0.0063 -0.0089 -0.0111
18598 0.00 6.20 0.00 -0.0237 -0.0038 -0.0177 -0.0239 -0.0145
18618 0.00 6.22 0.00 0.0199 0.0171 0.0329 0.0171 0.0541
18638 0.00 6.21 0.26 0.0102 0.0107 0.0189 0.0089 0.0737
18658 0.00 6.21 -0.31 -0.0091 0.0864 0.0946 -0.0078 0.0220
18678 0.00 6.21 -0.75 0.0166 -0.0296 -0.0245 0.0167 -0.0405
18698 0.00 6.21 -0.49 0.0231 -0.0232 -0.0133 0.0231 -0.0274
18718 0.00 6.21 0.00 0.0166 -0.0328 -0.0280 0.0172 -0.0383
18738 0.00 6.21 -1.65 0.0199 0.0107 0.0239 0.0198 0.0468
18758 0.00 6.21 0.68 -0.0156 0.0220 0.0161 -0.0159 0.1251
18778 0.00 6.21 1.22 0.0037 -0.0264 -0.0283 0.0034 -0.0422
18798 0.00 6.20 -0.76 0.0183 -0.0377 -0.0335 0.0172 -0.0301
18818 0.00 6.21 -0.48 0.0166 -0.0360 -0.0320 0.0167 -0.0563
18838 0.00 6.20 0.00 0.0166 -0.0232 -0.0176 0.0161 -0.0179
18858 0.00 6.20 0.00 -0.0091 -0.0199 -0.0278 -0.0105 -0.0478
18878 0.00 6.20 -0.68 0.0295 0.0091 0.0261 0.0308 0.0146
18898 0.00 6.20 0.73 -0.0108 -0.0377 -0.0491 -0.0131 -0.1751
18918 0.00 6.20 -0.38 0.0263 -0.0441 -0.0389 0.0214 -0.0444
18938 0.00 6.20 0.49 -0.0930 -0.0360 -0.0857 -0.1019 -0.0422
18958 0.00 6.20 -0.84 0.0183 -0.0586 -0.0587 0.0126 -0.0568
18978 0.00 6.20 -1.65 -0.0059 -0.0199 -0.0259 -0.0081 -0.0287
18998 0.00 6.20 0.23 0.0199 -0.0167 -0.0097 0.0190 -0.0148
19018 0.00 6.20 -0.79 0.0199 0.0091 0.0191 0.0226 -0.0214
19038 0.00 6.20 0.93 0.0183 -0.0232 -0.0170 0.0175 -0.0291
19058 0.00 6.20 0.38 0.0183 -0.0232 -0.0182 0.0163 0.0811
19078 0.00 6.20 0.49 0.0166 0.0381 0.0517 0.0218 0.0435
19098 0.00 6.20 0.84 -0.0091 0.0107 0.0079 -0.0084 0.0066
19118 0.00 6.20 0.00 -0.0108 0.0091 0.0055 -0.0102 0.1051
19138 0.00 6.20 0.00 -0.1381 -0.0103 -0.0751 -0.1477 0.0305
19158 0.00 6.21 -0.52 -0.0140 0.0123 0.0063 -0.0139 0.0610
19178 0.00 6.21 0.00 0.0215 0.0220 0.0375 0.0220 0.0198
19198 0.00 6.20 0.00 0.0021 -0.0296 -0.0330 0.0006 -0.0309
19218 0.00 6.20 0.67 -0.0091 0.0913 0.1004 -0.0044 -0.0230
19238 0.00 6.20 0.00 -0.0156 -0.0135 -0.0238 -0.0167 -0.0253
19258 0.00 6.20 0.21 -0.0108 -0.0167 -0.0248 -0.0124 -0.0146
19278 0.00 6.20 -1.84 -0.0091 -0.0232 -0.0305 -0.0133 -0.0372
19298 0.00 6.20 -0.38 0.0102 0.0107 0.0171 0.0119 0.0775
19318 0.00 6.21 1.69 -0.0172 0.0059 -0.0029 -0.0172 -0.0046
19338 0.00 6.19 1.36 -0.0091 -0.0070 -0.0115 -0.0114 0.0486
19358 55.00 6.20 0.00 -0.0091 -0.0248 -0.0328 -0.0124 -0.0378
19378 55.00 5.79 -39.73 0.0086 -0.6904 0.3134 0.7277 0.7357
19398 55.00 4.88 -48.52 -0.3976 0.4410 0.3673 0.3185 0.4818
19418 55.00 3.95 -46.11 0.6372 -0.2617 0.3979 0.5019 0.6665
19438 55.00 3.16 -36.06 -0.9391 1.0857 0.6685 0.9702 1.1484
19458 55.00 2.47 -35.56 -0.8698 -0.0973 0.6370 0.8535 1.0026
19478 55.00 1.72 -39.80 0.8338 -1.0160 0.5420 0.9380 1.1440
19498 55.00 0.91 -41.07 -0.4459 0.7698 0.5320 0.5608 0.7841
19518 55.00 0.15 -38.10 -0.2348 -0.5582 0.6333 0.5125 0.8507
19538 55.00 5.63 -42.54 0.9256 -0.1521 0.5730 0.8107 0.9376
19558 55.00 4.71 -50.40 -0.2219 -0.0876 0.1138 0.2981 0.2649
19578 55.00 3.77 -43.92 -0.3379 0.6667 0.4273 0.5117 0.6861
19598 55.00 3.02 -34.75 -0.5765 -0.4067 0.6845 0.7126 0.9246
19618 55.00 2.32 -36.73 0.7645 -0.8838 0.7304 0.6216 0.9320
19638 55.00 1.53 -40.71 0.1972 0.8214 0.5287 0.9421 1.0774
19658 55.00 0.75 -39.55 -0.6700 -0.1295 0.4614 0.7235 0.8126
19678 55.00 6.28 -40.75 0.8418 -0.8097 0.4926 0.8170 0.9079
19698 55.00 5.44 -46.73 -0.6667 0.7827 0.5227 0.6637 0.8630
19718 55.00 4.50 -48.14 0.3519 -0.0425 0.2943 0.2468 0.4306
19738 55.00 3.62 -42.12 -1.0793 0.2363 0.5064 1.0155 1.0422
19758 55.00 2.92 -35.58 0.5840 -0.9515 0.7174 0.6373 0.9270
19778 55.00 2.19 -37.35 0.8902 0.0316 0.5613 0.8833 1.0513
19798 55.00 1.40 -40.82 -0.6522 0.4990 0.3572 0.5810 0.6885
19818 55.00 0.62 -37.44 0.6807 -0.8596 0.6879 0.5912 0.9146
19838 55.00 6.13 -40.47 0.1391 0.7118 0.6633 0.6271 0.9250
19858 55.00 5.28 -46.23 -0.2090 -0.2230 0.2694 0.3378 0.3979
19878 55.00 4.32 -49.03 -0.2880 0.4152 0.2846 0.3163 0.4458
19898 55.00 3.46 -40.32 0.7403 -0.9741 0.6250 0.8022 0.9924
19918 55.00 2.76 -35.05 1.0191 0.0800 0.7374 0.9788 1.1718
19938 55.00 2.05 -39.16 -0.5829 0.8601 0.6343 0.6070 0.8935
19958 55.00 1.23 -42.50 -0.0623 -0.7807 0.3764 0.8607 0.8952
19978 55.00 0.46 -38.31 0.7258 0.2170 0.5769 0.8014 0.9263
19998 55.00 5.98 -40.16 -0.7505 0.6344 0.4140 0.6938 0.7690
20018 55.00 5.11 -47.40 0.4083 -0.3004 0.2124 0.3659 0.4027
20038 55.00 4.12 -47.52 -0.1091 -0.5018 0.4610 0.4605 0.6787
20058 55.00 3.32 -37.12 0.8934 0.1138 0.6012 0.9250 1.1163
20078 55.00 2.63 -36.37 -0.5765 0.9116 0.7040 0.5957 0.9153
20098 55.00 1.87 -38.88 -0.3379 -0.4180 0.5449 0.5260 0.7456
20118 55.00 1.05 -39.89 1.0481 -0.2101 0.5078 0.9859 1.1292
20138 55.00 0.30 -38.20 -0.8489 1.0212 0.6329 0.8916 1.0749
20158 55.00 5.82 -41.78 -0.1687 -0.7791 0.5420 0.8536 0.9434
20178 55.00 4.90 -48.89 -0.0607 0.3379 0.1079 0.3436 0.3387
20198 55.00 3.96 -45.31 0.5582 -0.3713 0.2710 0.4994 0.6013
20218 55.00 3.18 -35.43 -0.7796 0.9181 0.7594 0.6348 0.9597
20238 55.00 2.49 -36.64 -1.0713 0.0961 0.6891 0.9645 1.2199
20258 55.00 1.74 -39.80 0.7193 -0.8661 0.6454 0.6654 0.9270
20278 55.00 0.93 -40.84 -0.2283 0.7118 0.4297 0.5862 0.7318
20298 55.00 0.17 -38.02 -0.5442 -0.3503 0.6059 0.6675 0.8878
20318 55.00 5.66 -42.51 0.6807 -0.0554 0.6218 0.4301 0.7943
20338 55.00 4.74 -49.32 -0.6716 0.1638 0.1423 0.6857 0.6586
20358 0.00 3.82 -43.85 0.2455 0.7376 0.5167 0.8832 0.9746
20378 0.00 3.14 -24.80 0.3261 0.1219 -0.4554 0.0847 -0.4658
20398 0.00 2.92 -12.18 0.0779 -0.1166 0.0783 0.0893 0.1357
20418 0.00 2.85 -0.74 0.0263 -0.0103 0.0215 0.0156 0.0407
20438 0.00 2.83 -1.14 0.0037 -0.0232 -0.0196 0.0153 0.0195
20458 0.00 2.81 0.57 0.0037 0.0123 0.0167 -0.0014 -0.0216
20478 0.00 2.81 -0.84 0.0134 -0.1215 -0.1230 0.0511 -0.0097
20498 0.00 2.80 -1.12 -0.0108 0.0800 0.0805 -0.0325 0.0246
20518 0.00 2.81 0.21 -0.0011 -0.0296 -0.0333 0.0101 -0.0224
20538 0.00 2.81 0.73 -0.0140 -0.0183 -0.0322 -0.0039 -0.1742
20558 0.00 2.81 0.38 0.0037 -0.0296 -0.0296 0.0128 0.0359
20578 0.00 2.81 0.97 0.0392 -0.0360 -0.0069 0.0430 -0.0291
20598 0.00 2.81 0.00 0.0166 0.0220 0.0384 0.0052 0.1042
20618 0.00 2.81 0.00 0.0134 -0.0135 -0.0034 0.0152 0.0954
20638 0.00 2.81 0.85 -0.0156 -0.0199 -0.0352 -0.0057 -0.0534
20658 0.00 2.80 -1.71 -0.0301 -0.0296 -0.0560 -0.0207 -0.0600
20678 0.00 2.80 -0.38 0.0102 -0.0393 -0.0362 0.0188 0.0288
20698 0.00 2.80 0.00 0.0021 0.0188 0.0228 -0.0030 -0.0401
20718 0.00 2.79 0.00 0.0005 -0.0683 -0.0775 0.0129 -0.0731
20738 0.00 2.79 -3.31 -0.0237 -0.0232 -0.0433 -0.0177 -0.0556
20758 0.00 2.80 0.23 0.0150 -0.0199 -0.0097 0.0184 -0.0328
20778 0.00 2.80 0.49 -0.0091 0.0107 0.0047 -0.0106 0.0577
20798 0.00 2.80 0.00 -0.0172 -0.0086 -0.0237 -0.0115 -0.0351
20818 0.00 2.81 0.97 0.0295 0.0075 0.0331 0.0209 -0.0114
20838 0.00 2.81 0.84 0.0199 -0.0038 0.0133 0.0163 0.0417
20858 0.00 2.81 0.00 0.0150 -0.0941 -0.0921 0.0417 -0.0169
20878 0.00 2.80 -0.68 0.0295 0.0155 0.0414 0.0196 0.0198
20898 0.00 2.80 -0.49 0.0005 0.0123 0.0142 -0.0032 -0.0224
20918 0.00 2.81 0.38 0.0037 -0.0167 -0.0153 0.0085 0.0220
20938 0.00 2.81 0.48 -0.0124 0.0091 -0.0006 -0.0128 0.0198
20958 0.00 2.82 0.84 0.0279 0.0107 0.0367 0.0155 0.0576
20978 0.00 2.80 4.95 0.0005 -0.0232 -0.0256 0.0064 0.0132
20998 0.00 2.81 -1.06 -0.0059 -0.0457 -0.0553 0.0115 -0.0219
21018 0.00 2.81 -0.78 0.0183 0.0026 0.0191 0.0123 -0.0158
21038 0.00 2.81 1.42 -0.0156 0.0123 -0.0009 -0.0164 0.0150
21058 0.00 2.81 0.00 0.0183 -0.0167 -0.0031 0.0200 -0.0369
21078 0.00 2.81 0.48 0.0183 -0.0264 -0.0130 0.0237 -0.0277
21098 0.00 2.81 0.00 0.0150 -0.0264 -0.0162 0.0210 0.0139
21118 0.00 2.81 0.00 0.0102 -0.1682 -0.1751 0.0701 -0.0156
21138 0.00 2.81 0.00 -0.0059 -0.0425 -0.0516 0.0112 -0.0146
21158 0.00 2.81 0.00 0.0005 -0.0457 -0.0498 0.0165 -0.0196
21178 0.00 2.81 -0.31 -0.0059 -0.0151 -0.0217 0.0007 -0.0476
21198 0.00 2.80 -1.51 -0.0027 -0.0457 -0.0537 0.0086 -0.0443
21218 0.00 2.80 -0.97 0.0166 -0.0828 -0.0788 0.0381 -0.0134
21238 0.00 2.81 0.00 -0.0091 0.0091 0.0023 -0.0103 0.1251
21258 0.00 2.81 -1.62 -0.0027 0.0268 0.0266 -0.0129 0.0218
21278 0.00 2.81 0.85 -0.0365 -0.0199 -0.0528 -0.0222 -0.0655
21298 0.00 2.80 -1.31 0.0134 -0.0264 -0.0185 0.0188 -0.0241
21318 0.00 2.81 -0.76 -0.0027 -0.0441 -0.0512 0.0117 -0.0420
21338 0.00 2.80 0.00 0.0150 -0.0232 -0.0136 0.0192 -0.0723
21358 55.00 2.80 -1.68 -0.0124 -0.0070 -0.0176 -0.0086 -0.0297
21378 55.00 2.39 -39.45 -0.1155 -0.9338 0.6833 0.9259 1.1192
21398 55.00 1.64 -40.13 0.9482 -0.1843 0.6176 0.7935 0.9925
21418 55.00 0.85 -40.56 -0.7828 0.8601 0.4156 0.8560 0.9176
21438 55.00 0.10 -37.44 -0.0688 -0.8758 0.5447 0.9014 1.0125
21458 55.00 5.58 -42.72 0.3358 0.2605 0.3600 0.4773 0.5500
21478 55.00 4.63 -51.73 -0.0559 -0.3519 0.0497 0.4394 0.3692
21498 55.00 3.72 -42.07 -0.7731 0.9503 0.4651 0.8973 0.9493
21518 55.00 2.98 -33.23 -0.1107 -0.9032 0.7841 0.7889 1.1169
21538 55.00 2.29 -37.03 0.8854 -0.9451 0.5342 0.9137 0.9730
21558 55.00 1.52 -41.88 0.0489 0.7311 0.3559 0.7980 0.8396
21578 55.00 0.70 -39.19 -0.1316 -0.7275 0.7044 0.6002 0.9255
21598 55.00 6.24 -39.00 0.8402 -0.1972 0.7104 0.5172 0.8979
21618 55.00 5.40 -45.73 -0.6103 0.6344 0.2347 0.6796 0.7039
21638 55.00 4.43 -51.06 0.3003 0.0478 0.0934 0.3656 0.4565
21658 55.00 3.56 -38.10 -0.1703 -0.7275 0.6712 0.6775 0.9315
21678 55.00 2.85 -35.32 0.9450 -0.7194 0.6297 0.7601 0.9456
21698 55.00 2.12 -38.12 0.1569 0.8085 0.6718 0.7887 1.0393
21718 55.00 1.33 -41.16 -0.9375 0.1815 0.4288 0.8972 0.9233
21738 55.00 0.56 -38.96 0.8547 -0.8161 0.4271 0.8658 0.9270
21758 55.00 6.07 -39.58 -0.1768 0.8020 0.4787 0.6937 0.8461
21778 55.00 5.22 -48.25 -0.0833 -0.5244 0.1897 0.6310 0.5995
21798 55.00 4.26 -49.13 -0.3944 0.4894 0.1002 0.5092 0.4972
21818 55.00 3.41 -38.88 0.8612 -0.7339 0.4659 0.8045 0.8930
21838 55.00 2.71 -35.22 0.1955 0.7569 0.7386 0.6830 1.0754
21858 55.00 1.98 -38.45 -0.8215 0.6296 0.5050 0.6954 0.8396
21878 55.00 1.16 -42.69 0.7387 -0.9434 0.5402 0.8326 0.9321
21898 55.00 0.41 -34.13 0.1520 0.8311 0.6938 0.7992 1.0714
21918 55.00 5.93 -39.78 -0.9117 0.1638 0.6371 0.7341 0.9372
21938 55.00 5.06 -46.97 0.0086 0.3024 0.3451 -0.0799 0.3567
21958 55.00 4.10 -47.33 -0.2074 -0.6485 0.4285 0.7835 0.8824
21978 55.00 3.31 -37.51 0.6420 0.3121 0.6128 0.7556 0.9231
21998 55.00 2.61 -35.69 -0.7779 0.8859 0.7726 0.5809 0.9327
22018 55.00 1.86 -41.17 -0.2316 -0.5566 0.5945 0.5505 0.8173
22038 55.00 1.04 -44.73 1.0191 -0.1843 0.4343 0.9954 0.9969
22058 55.00 0.29 -38.07 -0.8472 0.9890 0.5357 0.9257 0.9981
22078 55.00 5.81 -40.92 -0.1768 -0.8210 0.4453 0.9672 0.9532
22098 55.00 4.89 -48.67 -0.3476 0.3685 0.3358 0.2421 0.4317
22118 55.00 3.95 -45.68 0.6065 -0.2569 0.4030 0.4565 0.6289
22138 55.00 3.18 -35.15 -0.8344 0.9826 0.7527 0.7455 1.0620
22158 55.00 2.47 -35.19 -0.7344 -0.1585 0.5889 0.7491 0.9265
22178 55.00 1.72 -39.80 0.7935 -0.8886 0.4914 0.8431 0.9570
22198 55.00 0.92 -41.10 -0.3218 0.7569 0.4892 0.5812 0.7628
22218 55.00 0.16 -38.03 -0.4346 -0.4293 0.6140 0.6078 0.8588
22238 55.00 5.62 -43.09 0.9643 -0.1795 0.5147 0.8872 0.9448
22258 55.00 4.72 -50.00 -0.3186 0.0059 0.0622 0.3592 0.2869
22278 55.00 3.79 -43.24 0.0859 0.6409 0.2668 0.7481 0.7985
22298 55.00 3.04 -36.86 -0.8231 -0.1843 0.6481 0.8549 0.9933
22318 55.00 2.34 -36.60 0.5066 -0.9644 0.6450 0.7174 0.9445
22338 55.00 1.56 -41.15 0.2471 0.6022 0.5818 0.6517 0.9029
22358 0.00 0.75 -39.71 -0.6554 -0.0941 0.4375 0.6895 0.8220
22378 0.00 0.23 -21.37 -0.2122 0.1235 0.0513 0.2069 0.2273
22398 0.00 6.21 -10.67 0.0102 -0.1166 -0.1270 0.0235 -0.1100
22418 0.00 6.15 -0.85 0.0424 -0.0393 -0.0431 0.0195 -0.0468
22438 0.00 6.16 1.66 -0.0333 0.0542 0.0545 -0.0046 0.0333
22458 0.00 6.15 0.00 0.0360 -0.0296 -0.0315 0.0220 -0.0377
22478 0.00 6.15 0.25 0.0215 -0.0199 -0.0207 0.0120 0.0786
22498 0.00 6.16 -0.38 0.0150 0.0091 0.0076 0.0231 0.0369
22518 0.00 6.16 0.00 -0.0220 0.0220 0.0223 -0.0121 0.0276
22538 0.00 6.16 0.85 0.0166 0.0026 0.0017 0.0208 -0.0279
22558 0.00 6.16 1.66 0.0150 -0.0006 -0.0017 0.0169 0.0563
22578 0.00 6.15 -0.86 0.0150 0.0107 0.0088 0.0243 0.0420
22598 0.00 6.17 0.26 -0.0091 0.0252 0.0255 0.0009 -0.0163
22618 0.00 6.17 -0.38 0.0166 0.0075 0.0095 0.0228 0.0983
22638 0.00 6.16 -0.49 0.0037 0.0284 0.0295 0.0192 0.1154
22658 0.00 6.18 2.52 -0.0108 0.0864 0.0919 0.0206 0.1073
22678 0.00 6.17 0.00 0.0183 -0.0054 -0.0044 0.0182 -0.1243
22698 0.00 6.17 0.91 0.0215 -0.0103 -0.0072 0.0202 0.0281
22718 0.00 6.17 0.00 -0.0091 0.0413 0.0428 0.0075 0.0539
22738 0.00 6.17 0.00 -0.0124 0.0091 0.0077 -0.0102 0.0411
22758 0.00 6.17 0.56 0.0183 0.0671 0.0756 0.0487 0.0569
22778 0.00 6.17 0.00 -0.0124 0.0123 0.0113 -0.0086 0.0132
22798 0.00 6.17 -1.66 0.0231 -0.0199 -0.0182 0.0172 0.0363
22818 0.00 6.17 0.23 -0.0091 0.0107 0.0102 -0.0055 -0.0205
22838 0.00 6.17 -0.27 0.0231 -0.0360 -0.0355 0.0084 -0.0413
22858 0.00 6.17 -0.76 0.0183 0.0188 0.0210 0.0305 0.0165
22878 0.00 6.17 0.00 0.0005 -0.0103 -0.0109 -0.0039 -0.0405
22898 0.00 6.17 0.00 -0.0188 0.0397 0.0396 -0.0036 0.0496
22918 0.00 6.17 1.63 -0.0237 0.0220 0.0197 -0.0175 0.0204
22938 0.00 6.16 0.43 0.0553 -0.0038 -0.0026 0.0617 0.0088
22958 0.00 6.17 -1.31 0.0553 0.0220 0.0274 0.0748 0.0239
22978 0.00 6.17 0.00 0.0150 0.0123 0.0163 0.0220 0.0239
22998 0.00 6.17 -0.55 -0.0027 0.0462 0.0490 0.0169 0.0582
23018 0.00 6.18 1.33 -0.0156 0.0897 0.0941 0.0179 0.0325
23038 0.00 6.17 3.33 -0.0027 0.0623 0.0658 0.0250 0.0593
23058 0.00 6.17 -0.22 -0.0124 0.0026 0.0008 -0.0130 0.0272
23078 0.00 6.17 -0.52 0.0183 -0.1199 -0.1253 -0.0311 0.0245
23098 0.00 6.17 0.75 0.0231 -0.0167 -0.0139 0.0194 0.0468
23118 0.00 6.17 0.00 -0.0156 -0.0038 -0.0066 -0.0195 -0.0189
23138 0.00 6.17 -0.67 0.0215 0.0607 0.0683 0.0509 0.1038
23158 0.00 6.18 -1.12 0.0183 0.0220 0.0269 0.0299 0.0321
23178 0.00 6.17 0.00 0.1730 0.0542 0.0856 0.2213 0.0503
23198 0.00 6.17 -0.51 -0.0317 0.0526 0.0514 -0.0126 0.1189
23218 0.00 6.17 1.15 0.0183 0.0026 0.0046 0.0223 -0.0788
23238 0.00 6.17 -0.57 0.0134 0.0059 0.0072 0.0184 0.0288
23258 0.00 6.17 0.00 -0.0156 0.0349 0.0349 -0.0010 -0.0284
23278 0.00 6.17 0.00 0.0199 -0.0457 -0.0458 0.0021 -0.0608
23298 0.00 6.17 -0.23 -0.0156 -0.0103 -0.0127 -0.0227 0.0754
23318 0.00 6.17 0.74 -0.0091 -0.0006 -0.0019 -0.0108 -0.0206
23338 0.00 6.16 -0.76 0.0328 -0.0360 -0.0354 0.0183 -0.0527
23358 55.00 6.16 -1.14 0.0231 -0.0038 -0.0029 0.0246 0.0385
23378 55.00 5.65 -44.12 0.7097 -0.0715 0.6187 0.4773 0.8255
23398 55.00 4.72 -49.75 -0.3734 0.0413 0.0628 0.4046 0.3352
23418 55.00 3.80 -45.00 0.1391 0.6280 0.2391 0.7816 0.8121
23438 55.00 3.04 -36.19 -0.8779 -0.1440 0.6459 0.8981 1.0405
23458 55.00 2.35 -36.60 0.4937 -0.8774 0.6366 0.6070 0.8877
23478 55.00 1.56 -41.86 0.2100 0.5587 0.5598 0.5639 0.9144
23498 55.00 0.75 -40.98 -0.7892 -0.0651 0.4572 0.8339 0.8932
23518 55.00 0.00 -40.59 0.8257 -0.8661 0.4984 0.8410 0.9067
23538 55.00 5.48 -43.83 -0.2477 0.5571 0.3099 0.4642 0.4823
23558 55.00 4.50 -50.19 0.4309 -0.0554 0.3356 0.3273 0.4770
23578 55.00 3.63 -42.41 -1.0745 0.2379 0.4666 1.0277 1.1493
23598 55.00 2.94 -36.27 0.3293 -0.9692 0.6473 0.7433 0.9314
23618 55.00 2.21 -36.85 0.9837 -0.1166 0.7175 0.8003 1.0735
23638 55.00 1.44 -39.80 -0.7924 1.0148 0.4982 0.9433 0.9761
23658 55.00 0.66 -39.78 0.0263 -0.7984 0.4458 0.7900 0.8959
23678 55.00 6.21 -38.70 0.9353 -0.1070 0.7174 0.7304 1.0106
23698 55.00 5.39 -45.37 -0.4878 0.4233 0.2000 0.4908 0.4832
23718 55.00 4.43 -49.10 0.3180 0.0059 0.0637 0.3651 0.4954
23738 55.00 3.54 -41.48 -0.1897 -0.8290 0.5954 0.9052 1.0514
23758 55.00 2.84 -39.71 0.9837 -0.5840 0.6808 0.7178 0.9371
23778 55.00 2.12 -37.96 0.1681 0.8085 0.6693 0.8015 1.0426
23798 55.00 1.32 -42.07 -0.7667 0.0413 0.3055 0.8064 0.8089
23818 55.00 0.53 -38.56 0.8676 -0.3004 0.6704 0.5719 0.8957
23838 55.00 6.05 -40.37 -0.4894 0.8085 0.5752 0.5765 0.8246
23858 55.00 5.16 -49.37 0.5066 -0.6034 0.4300 0.4849 0.6745
23878 55.00 4.21 -53.13 -0.6216 0.1864 0.3545 0.5304 0.6720
23898 55.00 3.39 -39.20 0.8805 -0.4293 0.6046 0.6402 0.9007
23918 55.00 2.67 -35.96 0.0102 0.9745 0.6444 0.9297 1.0848
23938 55.00 1.95 -38.83 -0.8053 0.1557 0.6668 0.5340 0.8742
23958 55.00 1.13 -40.80 0.6597 -0.6598 0.3051 0.6980 0.7309
23978 55.00 0.37 -38.33 -0.1316 0.8311 0.5058 0.7363 0.8954
23998 55.00 5.88 -39.89 -0.6007 -0.1440 0.3860 0.6892 0.7749
24018 55.00 4.98 -48.23 0.0876 0.3185 0.3084 0.2959 0.4837
24038 55.00 4.02 -46.46 0.5904 -0.8322 0.4603 0.7220 0.8902
24058 55.00 3.24 -37.16 0.0924 0.9600 0.5888 1.0058 1.1455
24078 55.00 2.56 -34.95 -0.9585 0.7247 0.6046 0.7958 0.9373
24098 55.00 1.79 -39.28 0.0811 -0.7823 0.4372 0.7409 0.8568
24118 55.00 0.99 -39.84 0.1424 0.6570 0.6428 0.5602 0.8869
24138 55.00 0.23 -37.77 -0.9069 0.1670 0.7182 0.6450 0.9328
24158 55.00 5.74 -41.66 0.6887 -0.8355 0.5775 0.6800 0.9075
24178 55.00 4.81 -49.55 -0.3347 0.3524 0.0296 0.3960 0.4577
24198 55.00 3.87 -44.51 0.4937 0.1235 0.2868 0.5868 0.6803
24218 55.00 3.11 -35.71 -0.9762 0.4249 0.7044 0.6797 0.9264
24238 55.00 2.39 -37.50 -0.0849 -0.9837 0.6514 0.9934 1.1323
24258 55.00 1.64 -41.55 0.9772 -0.1747 0.5970 0.8543 0.9909
24278 55.00 0.84 -40.35 -0.7796 0.6989 0.4181 0.7485 0.8507
24298 55.00 0.09 -37.79 0.1375 -0.8306 0.4993 0.7372 0.8656
24318 55.00 5.55 -43.22 0.1214 0.5780 0.5496 0.5064 0.7800
24338 55.00 4.62 -51.34 0.0424 -0.3391 0.0865 0.3592 0.4639
24358 0.00 3.71 -42.10 -0.7312 0.9616 0.3335 0.9471 0.9285
24378 0.00 3.05 -23.22 -0.0897 0.5474 -0.5783 0.1013 -0.6255
24398 0.00 2.83 -11.13 0.1069 0.1703 0.2717 -0.0659 0.1141
24418 0.00 2.75 -0.79 0.0295 0.0300 0.0378 0.0461 0.0345
24438 0.00 2.73 0.00 -0.0188 0.0204 0.0205 -0.0098 -0.0288
24458 0.00 2.73 -0.38 -0.0156 0.0026 0.0025 -0.0165 0.2595
24478 0.00 2.74 -0.48 -0.0285 0.0284 0.0268 -0.0190 0.0462
24498 0.00 2.73 0.00 0.0183 -0.0135 -0.0136 0.0131 0.0401
24518 0.00 2.73 1.67 0.1133 -0.0167 -0.0240 0.1200 -0.0142
24538 0.00 2.73 -0.69 -0.0156 0.0333 0.0333 0.0010 0.0288
24558 0.00 2.73 0.25 -0.0285 0.0349 0.0354 -0.0112 0.0245
24578 0.00 2.73 0.76 0.0263 0.0204 0.0199 0.0423 0.0110
24598 0.00 2.73 0.98 -0.1381 0.0075 0.0117 -0.1549 0.0282
24618 0.00 2.73 0.68 -0.0220 -0.0119 -0.0115 -0.0324 -0.0071
24638 0.00 2.73 0.00 -0.0301 0.0445 0.0448 -0.0078 0.0319
24658 0.00 2.73 0.43 -0.0091 0.0107 0.0107 -0.0043 -0.0196
24678 0.00 2.73 0.53 -0.0108 0.0349 0.0346 0.0086 0.0355
24698 0.00 2.73 -1.25 0.0231 -0.0167 -0.0174 0.0163 0.0201
24718 0.00 2.73 -0.38 0.0199 -0.0167 -0.0171 0.0128 0.0581
24738 0.00 2.73 0.49 0.0183 0.0574 0.0550 0.0567 0.0621
24758 0.00 2.73 0.00 -0.0172 0.0188 0.0193 -0.0079 0.0151
24778 0.00 2.73 0.00 -0.0220 0.0220 0.0223 -0.0122 0.0519
24798 0.00 2.73 0.43 0.0199 -0.0070 -0.0072 0.0188 0.0441
24818 0.00 2.73 0.26 0.0037 0.0139 0.0131 0.0132 0.0567
24838 0.00 2.72 0.00 -0.0220 0.0107 0.0128 -0.0180 0.0094
24858 0.00 2.72 0.00 -0.0285 0.0445 0.0451 -0.0022 0.0591
24878 0.00 2.73 1.71 -0.0011 0.0204 0.0197 0.0117 0.0287
