--- Terminal on /dev/ttyUSB0 | 115200 8-N-1
--- Available filters and text transformations: colorize, debug, default, direct, esp32_exception_decoder, hexlify, log2file, nocontrol, printable, send_on_enter, time
--- More details at https://bit.ly/pio-monitor-filters
--- Quit: Ctrl+C | Menu: Ctrl+T | Help: Ctrl+T followed by Ctrl+H
MOT: Init
MOT: Enable driver.
MOT: Align sensor.
MOT: sensor_direction==CCW
MOT: PP check: OK!
MOT: Zero elec. angle: 1.18
MOT: Align current sense.
CS: Inv B
MOT: Success: 3
MOT: Ready.
0 55.00 5.41 -0.05 -0.0711 0.0118 0.0750 0.0130 0.1385
8378 55.00 4.94 -40.20 0.1771 0.7065 0.5862 0.7283 0.9321
8398 55.00 4.12 -39.75 -0.2806 -0.5216 0.6097 0.5396 0.8608
8418 55.00 3.44 -31.18 0.9185 -1.0406 0.8997 0.6963 1.1632
8438 55.00 2.91 -26.01 0.5849 -1.1502 0.9472 0.6525 1.1716
8458 55.00 2.39 -28.73 -0.0807 -0.8649 0.7895 0.6899 1.1615
8478 55.00 1.81 -32.82 -0.0002 -0.9890 0.8461 0.7671 1.1186
8498 55.00 1.15 -33.92 0.8798 -1.0277 0.8044 0.7666 1.1263
8518 55.00 0.54 -30.14 1.1152 -0.6506 0.8920 0.6777 1.1242
8538 55.00 6.25 -30.12 1.0571 -0.6135 0.8406 0.6484 1.0538
8558 55.00 5.61 -35.21 1.0185 -0.0945 0.7890 0.8024 1.1480
8578 55.00 4.82 -44.38 -0.7158 0.7645 0.3784 0.7678 0.8467
8598 55.00 4.02 -40.79 0.6204 -0.8875 0.6743 0.6119 0.9677
8618 55.00 3.36 -30.20 1.0249 -0.1735 0.9408 0.5643 1.1099
8638 55.00 2.84 -25.89 1.1280 -0.7763 0.9371 0.6740 1.1257
8658 55.00 2.32 -27.36 0.7090 -1.0616 0.8255 0.6984 1.1088
8678 55.00 1.71 -32.26 0.9733 -1.0680 0.8391 0.8329 1.1815
8698 55.00 1.12 -34.78 1.0571 -1.1035 0.7412 1.0043 1.2599
8718 55.00 0.51 -30.85 1.0442 -0.2348 0.9040 0.6191 1.0978
8738 55.00 6.22 -29.62 1.0765 -0.3250 0.8489 0.7062 1.1213
8758 55.00 5.55 -35.28 0.3770 0.5002 0.6560 0.5865 0.8848
8778 55.00 4.75 -42.88 -0.9076 0.1940 0.5649 0.7711 0.9311
8798 55.00 3.95 -37.13 0.9346 -0.5909 0.6287 0.7061 0.9231
8818 55.00 3.32 -29.23 1.0313 0.2133 0.9948 0.8845 1.3419
8838 55.00 2.81 -28.11 1.1345 -0.4427 0.9300 0.6653 1.1544
8858 55.00 2.27 -27.37 1.0378 -0.7827 0.8898 0.6148 1.0893
8878 55.00 1.67 -32.77 1.0507 -0.6280 0.7644 0.7305 1.0088
8898 55.00 1.01 -33.48 0.7026 0.3712 0.7709 0.7715 1.0109
8918 55.00 0.41 -30.24 0.3415 0.6743 0.7654 0.6947 1.0043
8938 55.00 6.11 -30.93 0.2787 0.7774 0.8357 0.7069 1.1122
8958 55.00 5.44 -40.18 -0.6320 0.8483 0.6729 0.5696 0.9000
8978 55.00 4.61 -43.08 0.0417 -0.6667 0.3168 0.6764 0.7380
8998 55.00 3.83 -37.41 0.4576 0.5775 0.7029 0.7630 1.0788
9018 55.00 3.22 -28.66 -0.3451 1.1755 0.9512 0.7452 1.2099
9038 55.00 2.71 -25.99 0.4447 0.6936 0.9335 0.6669 1.1829
9058 55.00 2.17 -29.54 0.8460 0.2197 0.8759 0.7067 1.1065
9078 55.00 1.54 -34.75 0.2029 0.7339 0.7924 0.5860 1.0448
9098 55.00 0.89 -33.54 -0.6207 0.9966 0.7888 0.6251 0.9649
9118 55.00 0.29 -29.17 -0.8560 0.9418 0.7238 0.7489 1.0475
9138 55.00 5.99 -31.55 -1.0333 1.0159 0.8659 0.8062 1.1740
9158 55.00 5.27 -39.43 -0.5417 -0.2444 0.4537 0.6645 0.7607
9178 55.00 4.44 -42.93 0.9798 -0.2090 0.4175 0.9438 0.9387
9198 55.00 3.69 -34.30 -1.0671 1.1578 0.7362 1.0565 1.2668
9218 55.00 3.13 -28.02 -0.9785 0.7903 0.8031 0.6582 0.9811
9238 55.00 2.62 -27.37 -0.6900 1.1126 0.9003 0.6716 1.1350
9258 55.00 2.06 -29.80 -0.3870 1.0804 0.8499 0.6899 1.0781
9278 55.00 1.43 -33.29 -0.8914 0.9918 0.8307 0.7085 1.0965
9298 55.00 0.78 -32.21 -1.0107 0.1843 0.8270 0.6891 1.1415
9318 55.00 0.21 -28.91 -1.0317 0.1649 0.8599 0.6993 1.0995
9338 55.00 5.88 -32.62 -0.9414 -0.0736 0.7751 0.8248 1.1264
9358 55.00 5.16 -40.23 0.5575 -0.8440 0.6133 0.6005 0.9056
9378 55.00 4.31 -42.81 -0.4418 0.7387 0.5255 0.5258 0.7539
9398 55.00 3.59 -33.45 -0.9076 -0.2025 0.8212 0.8506 1.1865
9418 55.00 3.05 -26.63 -0.8705 -0.0865 0.8422 0.6414 0.9881
9438 55.00 2.53 -25.94 -1.1767 0.5888 0.9415 0.7057 1.2093
9458 55.00 1.97 -30.68 -1.0929 0.7581 0.8281 0.7538 1.0882
9478 55.00 1.32 -33.69 -1.1735 0.0328 0.8579 1.0248 1.2041
9498 55.00 0.69 -30.09 -0.2129 -0.8037 0.8830 0.6084 1.0662
9518 55.00 0.11 -27.62 -0.1936 -0.8327 0.8384 0.6974 1.0931
9538 55.00 5.78 -33.55 0.0675 -0.9681 0.6700 0.8483 1.0352
9558 55.00 5.04 -41.38 0.9089 -0.1477 0.6271 0.7470 0.9297
9578 55.00 4.20 -41.42 -0.8560 0.3519 0.5259 0.6810 0.9321
9598 55.00 3.52 -31.73 0.0127 -1.1502 0.9556 0.9118 1.3576
9618 55.00 2.99 -26.18 -0.3854 -0.6603 0.7976 0.6946 1.0679
9638 55.00 2.46 -29.38 -0.7093 -0.2380 0.8034 0.5708 1.0267
9658 55.00 1.89 -33.16 -0.9672 -0.0607 0.8151 0.8160 1.1479
9678 55.00 1.23 -33.56 -0.0678 -0.9907 0.8502 0.8254 1.2050
9698 55.00 0.62 -31.52 0.5091 -1.1502 0.7977 0.8321 1.1206
9718 55.00 0.05 -29.64 0.5591 -1.1502 0.8800 0.7408 1.1255
9738 55.00 5.70 -36.22 0.9540 -1.0455 0.7279 0.9006 1.1942
9758 55.00 4.94 -41.77 0.1932 0.7339 0.5675 0.7968 0.9398
9778 55.00 4.11 -39.36 -0.2516 -0.5797 0.6487 0.5531 0.8732
9798 55.00 3.44 -31.37 0.9217 -1.0374 0.9031 0.6908 1.1625
9818 55.00 2.91 -26.06 0.5865 -1.1502 0.9372 0.6670 1.1717
9838 55.00 2.38 -28.03 -0.0131 -0.9536 0.8574 0.7028 1.0922
9858 55.00 1.80 -32.58 0.0063 -1.0197 0.8605 0.7982 1.1602
9878 55.00 1.14 -34.75 0.9217 -1.0503 0.7777 0.8413 1.1721
9898 55.00 0.55 -26.41 0.0160 -0.0607 -0.0143 0.0613 -0.0562
9918 55.00 6.28 -29.89 1.0765 -1.0841 0.9212 0.8410 1.2853
9938 55.00 5.63 -34.99 0.9089 -0.1252 0.7833 0.5973 0.9703
9958 55.00 4.84 -42.95 -0.7528 0.8934 0.5979 0.7520 0.9304
9978 55.00 4.03 -38.90 0.4560 -0.8891 0.6002 0.6561 0.8895
9998 55.00 3.38 -30.19 1.1023 -0.4636 0.8616 0.6947 1.1139
10018 55.00 2.84 -25.06 1.1345 -0.7376 0.9729 0.6159 1.1236
10038 55.00 2.31 -27.77 0.7638 -1.1003 0.8696 0.7177 1.1111
10058 55.00 1.71 -30.92 -0.0034 -0.4153 -0.1045 0.4700 -0.4585
10078 55.00 1.09 -33.91 1.0442 -0.6635 0.6976 0.7940 1.0299
10098 55.00 0.48 -30.69 1.0507 0.0344 0.9992 0.7234 1.2729
10118 55.00 6.19 -29.98 1.0023 -0.0414 0.8538 0.7467 0.9070
10138 55.00 5.54 -37.07 0.2368 0.6420 0.6842 0.5989 1.0287
10158 55.00 4.72 -43.17 -0.8270 0.1311 0.3336 0.8239 0.8351
10178 55.00 3.93 -36.40 0.9475 -0.4217 0.6859 0.6564 0.9264
10198 55.00 3.29 -29.77 0.6639 0.4921 0.8854 0.7497 1.1769
10218 55.00 2.78 -25.76 1.0152 -0.1397 0.8843 0.6550 1.0993
10238 55.00 2.24 -28.27 1.0958 -0.5313 0.8571 0.6830 1.0875
10258 55.00 1.63 -33.35 0.9798 -0.1010 0.8290 0.6886 1.1098
10278 55.00 0.98 -32.35 0.2384 0.7355 0.8018 0.6227 1.0923
10298 55.00 0.36 -29.53 -0.2371 1.0353 0.8506 0.6730 1.0544
10318 55.00 6.07 -35.39 -0.2290 1.0353 0.8039 0.7324 1.0747
10338 55.00 5.37 -37.59 -0.8769 0.6033 0.5429 0.7144 0.8620
10358 55.00 4.55 -43.56 0.7412 -0.9310 0.5506 0.8154 0.9615
10378 55.00 3.79 -36.28 0.0289 0.9966 0.6940 0.9391 1.1436
10398 55.00 3.20 -28.66 -0.5224 1.1707 0.9133 0.7358 1.1912
10418 55.00 2.68 -26.45 0.1755 0.8370 0.8352 0.6880 1.0486
10438 55.00 2.15 -29.21 0.6413 0.5002 0.8679 0.7458 1.0484
10458 55.00 1.51 -34.17 0.0514 1.0030 0.8050 0.8750 1.2212
10478 55.00 0.87 -32.56 -0.8366 0.9579 0.8571 0.5945 1.0311
10498 55.00 0.29 -28.82 -0.8995 0.7581 0.8037 0.5383 0.8976
10518 55.00 5.97 -31.43 -1.0236 0.8483 0.7842 0.7640 1.0566
10538 55.00 5.27 -38.28 -0.4531 -0.3524 0.5357 0.6043 0.7556
10558 55.00 4.42 -42.54 0.6171 0.0296 0.2895 0.6704 0.7583
10578 55.00 3.69 -32.92 -1.0365 0.9837 0.6971 0.9365 1.1446
10598 55.00 3.11 -28.18 -1.0897 0.6549 0.8408 0.7046 1.0948
10618 55.00 2.60 -26.65 -0.7528 1.0804 0.8776 0.6762 1.1017
10638 55.00 2.04 -29.93 -0.6416 1.0611 0.8494 0.6487 1.0628
10658 55.00 1.40 -33.43 -1.0558 1.0159 0.7105 0.9630 1.1683
10678 55.00 0.75 -31.45 -1.1074 -0.0059 0.9195 0.8935 1.3162
10698 55.00 0.19 -30.35 -0.9382 -0.0865 0.9097 0.6812 1.0508
10718 55.00 5.87 -35.26 -0.8882 -0.1671 0.7471 0.8537 1.0898
10738 55.00 5.13 -39.78 0.7799 -0.9439 0.6257 0.7911 0.9698
10758 55.00 4.32 -42.45 -0.3161 0.7581 0.4470 0.6165 0.7500
10778 55.00 3.60 -33.19 -0.9833 -0.1332 0.8365 0.8876 1.1998
10798 55.00 3.04 -27.46 -0.8769 -0.0897 0.8175 0.6874 0.9310
10818 55.00 2.54 -25.90 -1.1896 0.6533 0.9957 0.6543 1.2022
10838 55.00 1.97 -31.28 -1.0607 0.7710 0.7963 0.7536 1.0599
10858 55.00 1.33 -37.07 -1.0623 0.0876 0.8311 0.8366 1.1905
10878 55.00 0.69 -31.76 -0.1484 -0.8424 0.8960 0.5826 1.0703
10898 55.00 0.11 -29.11 -0.1517 -0.8633 0.8340 0.7096 1.0718
10918 55.00 5.79 -33.03 -0.0259 -1.0229 0.7729 0.9131 1.1707
10938 55.00 5.03 -40.70 0.9669 -0.1832 0.5829 0.8456 0.9817
10958 55.00 4.22 -39.97 -0.7931 0.3729 0.5459 0.5759 0.7834
10978 55.00 3.51 -30.82 0.0385 -1.1970 0.9034 1.0171 1.3551
10998 55.00 2.98 -25.98 -0.2129 -0.8214 0.8644 0.6679 1.0613
11018 55.00 2.45 -27.37 -0.7947 -0.2960 0.8769 0.7097 1.0285
11038 55.00 1.88 -31.69 -0.8560 -0.1993 0.8248 0.7597 0.9830
11058 55.00 1.24 -34.72 -0.0582 -0.9536 0.8331 0.7725 1.1599
11078 55.00 0.60 -29.35 -0.0066 -0.6071 0.1257 0.6935 0.6792
11098 55.00 0.05 -28.78 0.5091 -1.0970 0.8218 0.7281 1.0895
11118 55.00 5.70 -34.71 0.9669 -1.0616 0.7370 0.9149 1.1545
11138 55.00 4.92 -42.16 0.1352 0.7613 0.4274 0.8669 0.9183
11158 55.00 4.11 -40.44 -0.1033 -0.6280 0.6435 0.4610 0.8949
11178 55.00 3.43 -31.54 1.0539 -1.0825 0.9085 0.8348 1.2739
11198 55.00 2.91 -25.79 0.6155 -0.9729 0.8237 0.5387 1.0593
11218 55.00 2.38 -28.63 0.1239 -0.9955 0.8672 0.6521 1.1218
11238 55.00 1.79 -32.02 0.1159 -1.0422 0.7931 0.8223 1.1330
11258 55.00 1.14 -34.33 0.9201 -1.0438 0.7774 0.8346 1.1616
11278 55.00 0.52 -29.60 1.0926 -0.5184 0.8408 0.6983 1.1036
11298 55.00 6.23 -30.06 1.1039 -0.4572 0.8821 0.6724 1.0985
11318 55.00 5.58 -35.53 0.8702 0.0682 0.6102 0.8500 0.9922
11338 55.00 4.79 -40.39 -0.6577 0.3584 0.4070 0.5177 0.6892
11358 55.00 3.98 -38.66 0.8702 -1.0487 0.5373 0.9851 1.0969
11378 55.00 3.35 -30.27 1.0007 -0.0285 0.9764 0.5871 1.1765
11398 55.00 2.82 -26.09 1.1732 -0.5893 0.9584 0.6766 1.1927
11418 55.00 2.29 -27.93 0.7412 -0.9907 0.6794 0.7748 1.0530
11438 55.00 1.68 -34.28 1.0249 -0.7908 0.7064 0.8090 1.0436
11458 55.00 1.03 -34.09 1.1280 -0.0027 0.7925 1.0317 1.2380
11478 55.00 0.42 -29.94 0.4850 0.6614 0.8799 0.7417 1.1625
11498 55.00 6.14 -30.15 0.5736 0.5002 0.7951 0.7229 1.0484
11518 55.00 5.46 -36.65 -0.4482 0.8789 0.6242 0.6187 0.8771
11538 55.00 4.65 -43.37 -0.1774 -0.7618 0.5563 0.8285 0.9322
11558 55.00 3.86 -36.88 0.8347 0.1682 0.5897 0.8978 1.0120
11578 55.00 3.25 -29.73 0.0579 0.9644 0.9588 0.6319 1.1880
11598 55.00 2.75 -23.00 0.7831 0.3487 0.9614 0.6477 1.0967
11618 55.00 2.20 -28.62 1.0571 -0.1542 0.8428 0.7708 1.1329
11638 55.00 1.59 -33.07 0.8428 0.1746 0.7099 0.8245 1.0614
11658 55.00 0.93 -33.16 -0.1339 1.0869 0.7516 0.9163 1.2034
11678 55.00 0.33 -29.55 -0.6062 1.1126 0.8623 0.7054 1.1088
11698 55.00 6.03 -31.56 -0.6320 1.0353 0.8057 0.6633 1.0130
11718 55.00 5.34 -38.26 -0.8560 0.1408 0.6969 0.5975 0.9205
11738 55.00 4.50 -43.08 0.6639 -0.3782 0.3706 0.5534 0.6945
11758 55.00 3.74 -36.04 -0.6980 0.9402 0.7755 0.5932 0.9373
11778 55.00 3.14 -27.88 -1.0994 0.8677 0.9782 0.6217 0.9220
11798 55.00 2.63 -27.54 -0.4869 1.1255 0.9075 0.6714 1.1255
11818 55.00 2.08 -30.01 -0.1259 0.9676 0.8021 0.6808 1.0194
11838 55.00 1.44 -32.09 -0.8350 0.9386 0.8413 0.5926 1.0061
11858 55.00 0.80 -28.21 -1.0365 0.3712 0.8268 0.6477 1.0203
11878 55.00 0.20 -29.46 -0.9785 0.1118 0.7794 0.7348 1.0774
11898 55.00 5.89 -32.09 -0.9591 -0.0397 0.7778 0.8212 1.1101
11918 55.00 5.14 -40.97 0.6768 -0.8198 0.6304 0.6080 0.8977
11938 55.00 4.32 -42.56 -0.2097 0.7371 0.4057 0.6421 0.7538
11958 55.00 3.59 -32.21 -0.9253 -0.1977 0.8271 0.8680 1.1507
11978 55.00 3.04 -27.18 -0.8060 -0.1332 0.8080 0.6166 0.9869
11998 55.00 2.54 -24.57 -1.1799 0.6356 0.9613 0.6861 1.1921
12018 55.00 1.96 -30.37 -1.0574 0.7162 0.7741 0.7521 1.0733
12038 55.00 1.32 -33.54 -1.0945 0.0860 0.8010 0.9165 1.2474
12058 55.00 0.68 -31.67 -0.0662 -0.9165 0.9177 0.6037 1.1018
12078 55.00 0.11 -29.92 -0.1114 -0.8843 0.8088 0.7323 1.0393
12098 55.00 5.78 -35.09 0.0450 -1.0181 0.6917 0.9192 1.1344
12118 55.00 5.02 -42.36 1.0249 -0.1945 0.5077 0.9630 1.0083
12138 55.00 4.20 -42.08 -0.8060 0.2633 0.5720 0.5903 0.8982
12158 55.00 3.50 -32.33 0.1272 -1.1776 0.8773 0.9493 1.2944
12178 55.00 2.97 -26.59 -0.1420 -0.8698 0.8545 0.6855 1.0814
12198 55.00 2.46 -27.88 -0.7238 -0.2412 0.7874 0.6235 1.0116
12218 55.00 1.87 -32.70 -0.6900 -0.3798 0.7931 0.7399 1.0769
12238 55.00 1.22 -34.54 0.0224 -1.0712 0.7794 0.9440 1.2004
12258 55.00 0.60 -28.24 0.7219 -1.0535 0.8366 0.6787 1.0717
12278 55.00 0.02 -29.34 0.8186 -1.0277 0.8008 0.7340 1.0507
12298 55.00 5.67 -34.83 0.9975 -0.7618 0.6851 0.7860 0.9567
12318 55.00 4.89 -41.50 -0.2613 0.6597 0.4011 0.5298 0.6526
12338 55.00 4.07 -38.89 -0.1517 -0.9165 0.5809 0.9993 1.0899
12358 55.00 3.41 -29.69 1.1635 -1.0600 0.8738 0.9460 1.3188
12378 55.00 2.89 -25.07 0.5913 -1.0600 0.7276 0.7740 1.0725
12398 55.00 2.37 -29.91 0.1707 -0.9987 0.8285 0.6744 1.0366
12418 55.00 1.77 -31.98 0.3834 -1.0616 0.7795 0.7404 1.0104
12438 55.00 1.12 -34.08 1.0378 -0.9665 0.7172 0.9109 1.2195
12458 55.00 0.50 -30.46 1.0313 -0.2090 0.8824 0.6406 1.1201
12478 55.00 6.26 -23.87 0.0095 0.0989 0.0688 -0.0984 0.0223
12498 55.00 5.65 -31.04 0.0047 0.4680 0.4379 -0.3211 0.5599
12518 55.00 4.86 -42.06 -0.6755 0.7855 0.6433 0.5564 0.8828
12538 55.00 4.03 -38.17 0.3609 -0.8649 0.5474 0.6748 0.8700
12558 55.00 3.38 -30.14 1.0894 -0.5555 0.8469 0.6852 1.0737
12578 55.00 2.86 -26.08 0.9927 -0.8601 0.8746 0.6300 1.0691
12598 55.00 2.32 -28.12 0.6961 -1.0503 0.8459 0.6530 0.9430
12618 55.00 1.73 -32.56 0.8347 -1.0197 0.8282 0.7031 1.1101
12638 55.00 1.06 -34.67 0.9830 -0.1155 0.8329 0.6789 1.0914
12658 55.00 0.45 -29.45 0.7428 0.3519 0.8749 0.6956 1.1306
12678 55.00 6.15 -30.99 0.7283 0.3841 0.8595 0.7336 1.1521
12698 55.00 5.50 -36.05 0.0321 0.9096 0.6149 0.8747 1.0262
12718 55.00 4.68 -43.36 -0.2983 -0.3766 0.4365 0.5167 0.6716
12738 55.00 3.89 -37.83 1.0700 -0.1445 0.7215 0.9098 1.1656
12758 55.00 3.28 -30.24 0.3931 0.7065 0.8592 0.7095 1.1263
12778 55.00 2.76 -27.07 0.8444 0.1408 0.8604 0.6285 1.0590
12798 55.00 2.23 -29.77 1.0765 -0.4233 0.8394 0.6868 1.0827
12818 55.00 1.60 -32.31 1.1055 -0.0220 0.8314 0.9520 1.2640
12838 55.00 0.96 -33.84 0.0965 0.9128 0.8428 0.7283 1.1438
12858 55.00 0.36 -30.01 -0.2919 1.0482 0.8385 0.6837 1.0327
12878 55.00 6.12 -26.98 0.4382 0.6775 0.8009 0.7888 1.2005
12898 55.00 5.41 -37.61 -0.8963 1.0079 0.6781 0.8723 1.0789
12918 55.00 4.61 -44.99 0.0724 -0.6957 0.2926 0.7068 0.6950
12938 55.00 3.82 -37.01 0.1932 0.8064 0.7597 0.7400 1.0634
12958 55.00 3.22 -28.82 -0.3370 1.1578 0.9478 0.7211 1.2140
12978 55.00 2.70 -26.40 0.3093 0.7855 0.8856 0.6998 1.1367
12998 55.00 2.16 -29.92 0.6107 0.4083 0.8259 0.6081 1.1254
13018 55.00 1.53 -33.41 0.0933 0.9063 0.8327 0.7253 1.1242
13038 55.00 0.88 -30.44 -0.7496 0.9773 0.8363 0.5884 0.9957
13058 55.00 0.29 -25.97 -0.9124 0.9257 0.8125 0.6826 1.0371
13078 55.00 5.98 -31.59 -1.0365 0.8854 0.8085 0.7748 1.0776
13098 55.00 5.32 -37.56 -0.9591 0.1392 0.6778 0.7842 1.0156
13118 55.00 4.49 -43.04 0.7026 -0.2896 0.4660 0.5305 0.7124
13138 55.00 3.73 -35.68 -0.7287 0.9386 0.7736 0.6100 0.9533
13158 55.00 3.14 -28.17 -1.0848 0.8934 0.9205 0.7027 1.1436
13178 55.00 2.63 -25.86 -0.4982 1.1191 0.9109 0.6538 1.1238
13198 55.00 2.08 -29.66 -0.2725 1.0417 0.8581 0.6566 1.0621
13218 55.00 1.49 -28.70 -0.2339 1.0675 0.7170 0.8632 1.1024
13238 55.00 0.85 -32.32 -1.0800 1.1062 0.8349 0.9468 1.2647
13258 55.00 0.26 -29.55 -1.1413 0.7307 0.8757 0.7546 1.1626
13278 55.00 5.95 -32.07 -0.7818 0.7903 0.3039 0.8552 0.9050
13298 55.00 5.27 -39.32 -0.4192 -0.3975 0.5556 0.5987 0.7684
13318 55.00 4.43 -44.33 0.9056 -0.1461 0.3347 0.9129 0.9156
13338 55.00 3.69 -34.38 -1.0510 1.0095 0.7008 0.9621 1.1768
13358 55.00 3.12 -27.38 -1.0977 0.7355 0.9083 0.6529 1.1047
13378 55.00 2.62 -26.89 -0.6610 1.1175 0.9015 0.6707 1.1362
13398 55.00 2.05 -30.44 -0.4998 1.0675 0.8455 0.6528 1.0281
13418 55.00 1.42 -33.74 -0.9833 1.0095 0.7830 0.8433 1.1559
13438 55.00 0.77 -31.58 -1.0252 0.0650 0.9163 0.6918 1.1630
13458 55.00 0.20 -29.49 -0.9591 0.1150 0.7703 0.7098 1.0335
13478 55.00 5.87 -34.17 -0.8560 -0.2090 0.7328 0.8582 1.0925
13498 55.00 5.14 -39.90 0.7026 -0.8649 0.6308 0.6688 0.9216
13518 55.00 4.30 -41.77 -0.4950 0.7645 0.5691 0.5267 0.7947
13538 55.00 3.59 -32.90 -0.9350 -0.2283 0.8077 0.9312 1.2444
13558 55.00 3.04 -27.24 -0.7609 -0.1864 0.7904 0.6186 0.9767
13578 55.00 2.52 -27.90 -1.1767 0.4615 0.9411 0.7213 1.2038
13598 55.00 1.95 -33.31 -1.1413 0.6291 0.8394 0.7762 1.1143
13618 55.00 1.29 -33.76 -0.7415 -0.2863 0.7166 0.7823 0.9319
13638 55.00 0.66 -31.68 0.0192 -1.0712 0.9174 0.8133 1.2602
13658 55.00 0.09 -29.28 0.0530 -0.9197 0.8117 0.6385 0.8355
13678 55.00 5.76 -33.96 0.3802 -0.9907 0.6885 0.7246 0.9402
13698 55.00 5.01 -40.20 0.8541 -0.0671 0.4064 0.8584 0.8844
13718 55.00 4.17 -42.41 -1.0881 0.2552 0.5270 1.0086 1.1601
13738 55.00 3.50 -32.01 0.1900 -1.1502 0.8418 0.9011 1.2149
13758 55.00 2.95 -26.63 0.1078 -0.9488 0.8304 0.6242 1.0556
13778 55.00 2.44 -28.34 -0.5675 -0.5507 0.9121 0.6466 1.1040
13798 55.00 1.84 -32.35 -0.3709 -0.6296 0.7910 0.6305 0.9588
13818 55.00 1.19 -31.85 0.4253 -1.0164 0.7309 0.7128 0.9592
13838 55.00 0.57 -26.48 1.0749 -1.0890 0.9274 0.8371 1.2644
13858 55.00 6.28 -29.58 0.9830 -0.9407 0.8650 0.6978 1.0862
13878 55.00 5.65 -35.30 0.9475 -0.3492 0.7259 0.6257 0.9271
13898 55.00 4.84 -43.10 -0.7625 0.9354 0.5566 0.8251 0.9392
13918 55.00 4.04 -39.20 0.2448 -0.9085 0.5051 0.7928 0.9011
13938 55.00 3.38 -29.56 1.0636 -0.4540 0.8373 0.6618 1.0723
13958 55.00 2.85 -26.47 1.0765 -0.8537 0.9036 0.6890 1.1537
13978 55.00 2.31 -27.35 0.8057 -1.0471 0.8552 0.6864 1.0933
13998 55.00 1.71 -32.50 0.9669 -1.0438 0.8233 0.8220 1.1997
14018 55.00 1.06 -33.66 0.9733 -0.1203 0.8408 0.6474 1.0548
14038 55.00 0.44 -29.88 0.6687 0.4615 0.8872 0.7102 1.1761
14058 55.00 6.15 -30.70 0.7348 0.3777 0.8433 0.7543 1.1637
14078 55.00 5.52 -32.77 0.1239 0.8660 0.7461 0.7790 1.0939
14098 55.00 4.73 -45.46 -0.9414 0.1940 0.3597 0.9268 0.9262
14118 55.00 3.92 -36.41 0.9137 -0.2444 0.7340 0.5968 0.9300
14138 55.00 3.30 -29.55 0.7541 0.4228 0.8904 0.7929 1.1963
14158 55.00 2.77 -26.13 0.8444 -0.0929 0.7307 0.5688 1.0952
14178 55.00 2.25 -28.15 1.1152 -0.5603 0.9255 0.6222 1.1309
14198 55.00 1.62 -32.54 1.0023 -0.0913 0.8606 0.6984 1.1338
14218 55.00 0.97 -33.82 0.1739 0.7871 0.8185 0.6154 1.0733
14238 55.00 0.36 -30.18 -0.2629 1.0288 0.8345 0.6680 1.0450
14258 55.00 6.07 -31.07 -0.2548 1.0417 0.7962 0.7386 1.0524
14278 55.00 5.39 -37.63 -0.8673 0.7355 0.5404 0.7626 0.9264
14298 55.00 4.55 -43.69 0.7348 -0.9568 0.5214 0.8551 0.9412
14318 55.00 3.80 -36.22 0.1352 0.9515 0.7463 0.9196 1.1938
14338 55.00 3.20 -28.11 -0.5240 1.1513 0.9169 0.6986 1.1746
14358 55.00 2.69 -27.72 0.1755 0.8161 0.8367 0.6481 1.0673
14378 55.00 2.14 -29.36 0.4447 0.6291 0.8426 0.6740 1.0818
14398 55.00 1.51 -33.41 0.0385 1.0095 0.8285 0.8520 1.1925
14418 55.00 0.86 -33.10 -0.9607 1.0288 0.8538 0.7713 1.1763
14438 55.00 0.28 -30.03 -1.0204 0.8806 0.8380 0.7223 0.9553
14458 55.00 5.96 -31.78 -1.0204 0.7387 0.7360 0.7543 1.0288
14478 55.00 5.25 -38.35 -0.1259 -0.6345 0.6692 0.4652 0.8435
14498 55.00 4.42 -44.13 0.5881 0.0747 0.3070 0.6579 0.6611
14518 55.00 3.67 -34.77 -1.0574 0.6323 0.7657 0.7390 1.0288
14538 55.00 3.10 -27.17 -1.1880 0.5518 0.9644 0.6954 1.1956
14558 55.00 2.58 -26.88 -0.8705 0.9934 0.8357 0.6890 1.0645
14578 55.00 2.03 -30.78 -0.7045 1.0401 0.8196 0.6748 1.0445
14598 55.00 1.37 -35.31 -1.0333 0.6323 0.6794 0.7898 0.9867
14618 55.00 0.73 -32.05 -0.9511 -0.2186 0.8346 0.9222 1.2443
14638 55.00 0.16 -27.82 -0.6255 -0.4701 0.8762 0.6637 1.0348
14658 55.00 5.84 -32.70 -0.2774 -0.6796 0.7881 0.5903 0.9332
14678 55.00 5.08 -41.11 0.6800 -0.4942 0.3834 0.5892 0.7083
14698 55.00 4.23 -41.83 -0.7561 0.6839 0.3799 0.7430 0.8038
14718 55.00 3.54 -32.60 -0.0969 -0.8730 0.8963 0.5814 1.0698
14738 55.00 2.99 -27.56 -0.3580 -0.7022 0.8375 0.6798 1.0332
14758 55.00 2.46 -27.21 -0.7818 -0.1719 0.7938 0.6352 1.0053
14778 55.00 1.89 -35.35 -1.0268 -0.0446 0.8281 0.8852 1.2188
14798 55.00 1.23 -34.14 -0.0453 -1.0164 0.8205 0.8765 1.2042
14818 55.00 0.64 -31.71 0.1771 -1.1696 0.8607 0.9212 1.2669
14838 55.00 0.07 -29.22 0.3415 -1.0890 0.8447 0.7260 1.1444
14858 55.00 5.72 -36.35 0.8379 -0.9504 0.7706 0.6963 1.0309
14878 55.00 4.95 -41.75 0.1658 0.6549 0.5982 0.6288 0.8969
14898 55.00 4.12 -43.46 -0.3918 -0.4620 0.5540 0.6510 0.8556
14918 55.00 3.45 -31.41 0.8702 -1.0100 0.8852 0.6436 1.1076
14938 55.00 2.91 -25.90 0.6058 -1.1502 0.9392 0.6648 1.1283
14958 55.00 2.38 -28.11 0.0450 -0.9649 0.8439 0.6884 1.0611
14978 55.00 1.79 -32.66 0.0708 -1.0503 0.8229 0.8374 1.1881
14998 55.00 1.13 -33.91 0.9991 -1.0809 0.7810 0.9158 1.2523
15018 55.00 0.53 -32.05 1.1119 -0.5378 0.8479 0.7194 1.1014
15038 55.00 6.22 -29.01 1.0507 -0.4024 0.8108 0.6831 1.0805
15058 55.00 5.57 -35.46 0.6220 0.2294 0.5579 0.6818 0.8986
15078 55.00 4.76 -42.25 -0.7561 0.1585 0.5655 0.5622 0.8225
15098 55.00 3.97 -38.73 0.8412 -0.9214 0.4859 0.8976 0.9379
15118 55.00 3.33 -28.84 1.0765 0.0795 1.0089 0.8059 1.3266
15138 55.00 2.82 -25.09 1.1280 -0.5587 0.9158 0.6585 1.1429
15158 55.00 2.29 -29.94 0.9201 -0.9455 0.8258 0.6920 1.0502
15178 55.00 1.68 -32.29 0.9830 -0.6586 0.7145 0.7021 0.9481
15198 55.00 1.02 -33.32 1.0056 0.0134 0.6932 0.9412 1.1561
15218 55.00 0.43 -30.05 0.6735 0.4583 0.8358 0.7731 1.1609
15238 55.00 6.13 -31.67 0.4930 0.5711 0.7861 0.7185 1.0701
15258 55.00 5.45 -37.46 -0.6706 0.8225 0.7164 0.5029 0.8986
15278 55.00 4.63 -42.64 -0.1372 -0.7537 0.4096 0.8675 0.9094
15298 55.00 3.84 -37.21 0.5091 0.4583 0.6587 0.7091 0.9268
15318 55.00 3.24 -29.10 -0.0824 1.1578 1.0119 0.8032 1.3290
15338 55.00 2.73 -26.11 0.6639 0.5002 0.9358 0.6986 1.1619
15358 55.00 2.18 -28.96 0.8508 0.1198 0.8246 0.6635 1.0525
15378 55.00 1.57 -33.72 0.5091 0.4599 0.7118 0.6581 0.9444
15398 55.00 0.90 -32.06 -0.4966 1.0288 0.7669 0.6860 0.9982
15418 55.00 0.31 -29.43 -0.7496 0.9644 0.7422 0.6887 0.9798
15438 55.00 6.00 -33.62 -0.9607 1.0159 0.8526 0.7604 1.1391
15458 55.00 5.30 -38.35 -0.8834 0.0795 0.4938 0.8434 1.0674
15478 55.00 4.47 -42.36 0.8702 -0.1719 0.6191 0.6828 0.9277
15498 55.00 3.73 -35.35 -0.7963 0.9515 0.7874 0.6497 1.0039
15518 55.00 3.13 -27.63 -1.1880 0.9934 1.0030 0.7860 1.2885
15538 55.00 2.63 -27.15 -0.5788 1.1465 0.9208 0.6830 1.1566
15558 55.00 2.07 -26.48 -0.2870 1.0272 0.8323 0.6562 1.0528
15578 55.00 1.43 -33.59 -0.9285 1.0159 0.7900 0.8023 1.1499
15598 55.00 0.79 -32.00 -1.0043 0.3293 0.7731 0.6713 1.0671
15618 55.00 0.19 -29.51 -0.9076 -0.0381 0.8416 0.6619 0.9973
15638 55.00 5.88 -31.84 -0.8769 -0.1397 0.7503 0.8073 0.9971
15658 55.00 5.13 -40.72 0.7606 -0.9068 0.6388 0.7349 0.9508
15678 55.00 4.32 -39.75 -0.2339 0.7436 0.4376 0.6218 0.7573
15698 55.00 3.59 -31.81 -0.9124 -0.2122 0.7913 0.8955 1.1499
15718 55.00 3.03 -27.31 -0.7415 -0.2203 0.8038 0.6078 0.9423
15738 55.00 2.53 -26.86 -1.1799 0.5453 0.9523 0.6985 1.1808
15758 55.00 1.95 -30.79 -1.0623 0.6130 0.7612 0.7470 1.0560
15778 55.00 1.31 -33.10 -0.9156 -0.0833 0.7102 0.8511 1.0439
15798 55.00 0.67 -30.70 -0.0002 -1.0438 0.9421 0.7519 1.2416
15818 55.00 0.10 -30.00 0.0208 -1.0197 0.9039 0.7357 1.1620
15838 55.00 5.77 -36.98 0.1610 -1.0374 0.6601 0.9006 1.0488
15858 55.00 5.00 -41.21 0.7670 -0.0494 0.3513 0.7834 0.8019
15878 55.00 4.19 -41.00 -0.9688 0.2294 0.6379 0.7863 0.9682
15898 55.00 3.50 -32.02 0.2094 -1.1631 0.8448 0.9076 1.2545
15918 55.00 2.96 -26.66 -0.0533 -0.9020 0.8570 0.6467 1.0660
15938 55.00 2.44 -27.77 -0.6223 -0.5088 0.9140 0.6694 1.1439
15958 55.00 1.86 -31.26 -0.6126 -0.4507 0.8002 0.7064 1.0551
15978 55.00 1.21 -35.26 0.0160 -1.0309 0.6680 0.9743 1.1686
15998 55.00 0.60 -31.20 0.6913 -1.0197 0.8249 0.6348 1.0147
16018 55.00 0.01 -30.41 0.9024 -1.0567 0.8850 0.7211 1.1815
16038 55.00 5.66 -34.85 0.9846 -0.5120 0.6975 0.6953 0.9311
16058 55.00 4.87 -42.81 -0.5014 0.6807 0.5373 0.4574 0.7193
16078 55.00 4.06 -40.18 0.0127 -0.9117 0.4714 0.9331 0.9294
16098 55.00 3.39 -30.44 1.1506 -0.6619 0.9045 0.7180 1.1457
16118 55.00 2.86 -26.15 0.9508 -0.9536 0.8761 0.6643 1.1049
16138 55.00 2.33 -27.93 0.6381 -1.1019 0.8802 0.6703 1.0981
16158 55.00 1.74 -32.02 0.7670 -0.9923 0.8284 0.6293 1.1027
16178 55.00 1.06 -34.02 0.9846 -0.1187 0.8426 0.6674 1.0883
16198 55.00 0.45 -29.90 0.8041 0.3229 0.8928 0.7417 1.1702
16218 55.00 6.16 -30.72 0.6993 0.3712 0.8398 0.6903 1.1008
16238 55.00 5.49 -38.93 0.0772 0.9128 0.5652 0.9451 1.0334
16258 55.00 4.70 -45.90 -0.5449 -0.1058 0.2815 0.6391 0.6342
16278 55.00 3.89 -38.20 1.0765 -0.1381 0.7027 0.9372 1.1816
16298 55.00 3.28 -29.68 0.5575 0.6082 0.8712 0.7749 1.1416
16318 55.00 2.75 -26.57 0.7928 0.2552 0.9152 0.5975 0.9220
16338 55.00 2.22 -28.70 1.0765 -0.3766 0.8560 0.6787 1.0929
16358 55.00 1.59 -33.89 1.0442 0.0586 0.7651 0.9769 1.1947
16378 55.00 0.95 -33.09 0.0385 1.0159 0.8673 0.8233 1.2305
16398 55.00 0.35 -28.80 -0.4095 1.0965 0.8733 0.6820 1.1219
16418 55.00 6.05 -31.25 -0.4579 1.0417 0.7989 0.6724 1.0172
16438 55.00 5.34 -38.96 -0.8383 0.1666 0.6633 0.5897 0.9110
16458 55.00 4.52 -43.22 0.6252 -0.5619 0.3251 0.6067 0.6578
16478 55.00 3.78 -34.17 -0.0259 0.9644 0.6360 0.8960 1.0586
16498 55.00 3.18 -28.63 -0.7141 1.0546 0.8885 0.6078 1.0630
16518 55.00 2.66 -22.84 -0.1855 1.0159 0.8887 0.6171 1.0664
16538 55.00 2.10 -29.96 0.0224 0.8886 0.8422 0.6088 1.1133
16558 55.00 1.48 -33.30 -0.3644 0.9837 0.7072 0.6994 0.9341
16578 55.00 0.82 -33.34 -1.1509 0.8225 0.7821 0.8911 1.1895
16598 55.00 0.23 -28.98 -1.1010 0.4760 0.8735 0.6757 1.1018
16618 55.00 5.92 -34.06 -0.9769 0.1392 0.8354 0.6472 1.0293
16638 55.00 5.19 -42.37 0.0047 -0.7570 0.4043 0.7719 0.8582
16658 55.00 4.37 -41.51 0.1916 0.7129 0.6059 0.7359 0.9323
16678 55.00 3.64 -33.82 -1.0075 0.3261 0.7467 0.7068 1.0636
16698 55.00 3.07 -27.52 -0.9478 0.2423 0.7460 0.6429 0.9728
16718 55.00 2.55 -27.76 -1.1542 0.7710 0.9715 0.6619 1.1969
16738 55.00 1.99 -31.35 -0.9994 0.9192 0.8249 0.7436 1.0879
16758 55.00 1.34 -35.16 -1.0107 0.1392 0.8087 0.7391 1.1085
16778 55.00 0.70 -31.16 -0.4257 -0.6151 0.8308 0.6363 1.0101
16798 55.00 0.12 -29.16 -0.2355 -0.7763 0.8608 0.6166 1.0899
16818 55.00 5.79 -32.95 -0.0388 -1.0438 0.7842 0.9453 1.2264
16838 55.00 5.05 -41.04 0.7928 -0.1090 0.6502 0.5619 0.8938
16858 55.00 4.20 -42.04 -0.8318 0.2971 0.5762 0.6154 0.8913
16878 55.00 3.51 -31.59 0.0143 -1.1502 0.9406 0.9260 1.3178
16898 55.00 2.98 -26.42 -0.2355 -0.7682 0.8330 0.6388 0.9338
16918 55.00 2.45 -27.44 -0.7270 -0.3750 0.8998 0.6678 1.1299
16938 55.00 1.87 -32.50 -0.7544 -0.2928 0.7908 0.7365 0.9972
16958 55.00 1.21 -33.14 0.0498 -1.0890 0.7556 0.9701 1.1964
16978 55.00 0.60 -29.21 0.7606 -1.0471 0.8366 0.6865 1.1280
16998 55.00 0.01 -28.97 0.8976 -1.0100 0.8342 0.7277 1.0910
17018 55.00 5.66 -34.49 0.9217 -0.5265 0.6714 0.6361 0.9109
17038 55.00 4.86 -42.97 -0.5997 0.6920 0.5955 0.4583 0.7862
17058 55.00 4.05 -39.60 0.0885 -0.8601 0.4804 0.8152 0.9116
17078 55.00 3.40 -29.74 1.1538 -0.9181 0.8536 0.8706 1.2196
17098 55.00 2.87 -26.51 0.8766 -0.9310 0.8225 0.6445 1.0411
17118 55.00 2.35 -28.11 0.4946 -1.1502 0.9160 0.7018 1.1228
17138 55.00 1.74 -32.64 0.6929 -1.0809 0.7810 0.7676 1.0889
17158 55.00 1.08 -34.03 1.0007 -0.3701 0.7644 0.6630 0.9736
17178 55.00 0.45 -30.16 0.8122 0.3519 0.9057 0.7779 1.1324
17198 55.00 6.16 -31.00 0.8057 0.3132 0.8488 0.7824 1.1282
17218 55.00 5.48 -37.62 -0.1339 0.8870 0.5381 0.7904 0.9193
17238 55.00 4.68 -42.29 -0.1291 -0.5345 0.5539 0.4340 0.7185
17258 55.00 3.89 -38.35 1.1023 -0.1381 0.6738 0.9941 1.1522
17278 55.00 3.26 -29.26 0.3028 0.8032 0.8992 0.7057 1.1811
17298 55.00 2.74 -26.39 0.7283 0.3809 0.9277 0.6404 1.1347
17318 55.00 2.20 -28.38 0.9927 -0.0736 0.8540 0.7030 1.0926
17338 55.00 1.59 -32.21 0.9217 0.1553 0.7504 0.8903 1.0636
17358 55.00 0.93 -34.18 -0.0824 1.0772 0.7660 0.9224 1.1817
17378 55.00 0.35 -30.17 -0.4353 1.0917 0.8511 0.6953 1.0978
17398 55.00 6.04 -31.91 -0.6062 1.0159 0.8008 0.6352 0.9809
17418 55.00 5.34 -38.11 -0.8560 0.1263 0.7016 0.6015 0.9193
17438 55.00 4.52 -42.61 0.6349 -0.5523 0.3327 0.6049 0.6570
17458 55.00 3.74 -35.81 -0.5788 0.9499 0.7223 0.6283 0.9296
17478 55.00 3.15 -27.86 -1.0349 1.0353 0.9983 0.6571 1.2328
17498 55.00 2.64 -27.40 -0.4643 1.1191 0.9016 0.6718 1.1191
17518 55.00 2.09 -30.71 -0.1049 0.9934 0.8392 0.6979 1.0900
17538 55.00 1.46 -30.04 -0.6642 0.9450 0.7895 0.5646 0.9338
17558 55.00 0.82 -32.25 -1.0913 0.7967 0.7870 0.8097 1.1139
17578 55.00 0.24 -29.67 -1.1413 0.5969 0.8765 0.7314 1.1032
17598 55.00 5.92 -32.54 -1.0075 0.2471 0.7453 0.7397 1.1094
17618 55.00 5.19 -40.66 -0.0034 -0.8053 0.3967 0.8432 0.8840
17638 55.00 4.35 -42.07 0.1932 0.7387 0.4194 0.8899 0.9290
17658 55.00 3.64 -34.06 -0.9704 0.1521 0.8209 0.6447 1.0347
17678 55.00 3.06 -28.24 -0.9543 0.1778 0.7721 0.6588 0.9313
17698 55.00 2.55 -26.67 -1.1413 0.7790 0.9416 0.6881 1.1334
17718 55.00 1.99 -30.95 -1.0381 0.9773 0.8496 0.7972 1.1499
17738 55.00 1.34 -34.04 -1.0075 0.1198 0.8259 0.7275 1.1041
17758 55.00 0.71 -31.92 -0.3547 -0.6586 0.8367 0.5981 0.9684
17778 55.00 0.12 -29.25 -0.2194 -0.8101 0.8396 0.6864 1.0779
17798 55.00 5.78 -35.53 0.0724 -1.0084 0.6989 0.8814 1.0879
17818 55.00 5.04 -37.16 0.9217 -0.1606 0.6370 0.7511 0.9611
17838 55.00 4.20 -41.56 -0.8560 0.3503 0.5502 0.6619 0.9238
17858 55.00 3.51 -31.96 0.0063 -1.1131 0.9231 0.8892 1.3081
17878 55.00 2.97 -26.51 -0.0904 -0.8553 0.8311 0.6314 1.0137
17898 55.00 2.45 -27.88 -0.7899 -0.3540 0.9283 0.7142 1.1497
17918 55.00 1.88 -32.09 -0.6980 -0.2477 0.7274 0.6578 0.9960
17938 55.00 1.21 -34.04 0.0289 -1.0906 0.7634 0.9809 1.2104
17958 55.00 0.60 -31.41 0.7751 -0.9890 0.8431 0.6100 1.0731
17978 55.00 0.01 -29.37 0.9282 -0.9955 0.8560 0.7108 1.2456
17998 55.00 5.66 -35.27 0.9604 -0.5893 0.6214 0.7430 0.9378
18018 55.00 4.86 -42.70 -0.6819 0.7774 0.6412 0.5547 0.8776
18038 55.00 4.05 -38.64 0.0885 -0.8488 0.4882 0.7953 0.9067
18058 55.00 3.40 -32.05 1.1861 -0.9391 0.8336 0.9335 1.2000
18078 55.00 2.86 -26.30 0.8960 -0.8940 0.8263 0.6207 1.0112
18098 55.00 2.35 -28.04 0.4866 -1.1502 0.9228 0.6942 1.1747
18118 55.00 1.74 -32.74 0.7251 -0.9826 0.8092 0.6193 1.0632
18138 55.00 1.08 -32.65 0.9733 -0.2686 0.8237 0.5763 0.9637
18158 55.00 0.45 -29.70 0.8315 0.3455 0.8827 0.8274 1.1914
18178 55.00 6.16 -32.09 0.7606 0.3213 0.8182 0.7518 1.1518
18198 55.00 5.53 -37.82 0.1481 0.7371 0.7473 0.5837 0.9637
18218 55.00 4.74 -42.31 -1.0317 0.2359 0.5007 0.9581 0.9881
18238 55.00 3.95 -39.19 0.9411 -0.6844 0.5671 0.7905 0.9287
18258 55.00 3.31 -29.86 0.9475 0.3003 0.9476 0.8937 1.3060
18278 55.00 2.79 -25.36 1.1103 -0.2976 0.9353 0.6682 1.1497
18298 55.00 2.25 -28.56 1.0571 -0.6586 0.8306 0.6710 1.0768
18318 55.00 1.64 -32.07 0.9556 -0.2090 0.8256 0.5725 0.9771
18338 55.00 0.97 -33.01 0.1239 0.8483 0.8476 0.6337 1.0625
18358 55.00 0.37 -29.72 -0.1678 1.0546 0.8857 0.7070 1.1203
18378 55.00 6.06 -31.28 -0.3257 1.0804 0.8207 0.7450 1.0954
18398 55.00 5.38 -38.40 -0.8479 0.7129 0.4413 0.7972 0.8824
18418 55.00 4.54 -43.85 0.6961 -0.9085 0.3648 0.8776 0.9162
18438 55.00 3.79 -33.85 0.0321 1.0159 0.7064 0.9602 1.1701
18458 55.00 3.20 -24.71 -0.4950 1.1545 0.9120 0.7143 1.1736
18478 55.00 2.68 -26.17 0.0772 0.9611 0.9371 0.6785 1.0522
18498 55.00 2.14 -29.47 0.5091 0.5953 0.8492 0.7079 1.1032
18518 55.00 1.50 -34.09 -0.0678 1.0643 0.7290 0.9426 1.1910
18538 55.00 0.86 -32.77 -0.9591 1.0433 0.8361 0.8028 1.1849
18558 55.00 0.27 -28.27 -0.8995 0.6614 0.7797 0.5106 0.8492
18578 55.00 5.96 -31.90 -1.0252 0.7516 0.7339 0.7671 1.0237
18598 55.00 5.23 -40.27 -0.1291 -0.7570 0.6621 0.6914 0.9301
18618 55.00 4.41 -42.74 0.5027 0.1585 0.3397 0.6010 0.6472
18638 55.00 3.70 -33.60 -1.0365 1.0804 0.7498 0.9661 1.2272
18658 55.00 3.12 -27.45 -1.1815 0.8467 0.9113 0.8078 1.2304
18678 55.00 2.61 -26.61 -0.7448 1.0546 0.8870 0.6232 1.0645
18698 55.00 2.04 -30.08 -0.6481 1.0466 0.8283 0.6556 1.0374
18718 55.00 1.40 -32.93 -1.0043 0.8354 0.7005 0.8160 1.0133
18738 55.00 0.75 -30.94 -1.1815 -0.0542 0.9687 1.0061 1.3292
18758 55.00 0.18 -28.85 -0.8560 -0.0913 0.7886 0.6858 1.1770
18778 55.00 5.92 -25.08 -0.9672 0.1359 0.8396 0.6258 1.0417
18798 55.00 5.17 -40.56 0.4189 -0.7376 0.5178 0.5285 0.8458
18818 55.00 4.33 -42.14 -0.0131 0.7000 0.3497 0.7204 0.7886
18838 55.00 3.60 -32.32 -1.0881 -0.0349 0.8621 0.9420 1.2173
18858 55.00 3.05 -26.28 -0.8785 -0.0123 0.8007 0.6345 1.0557
18878 55.00 2.54 -28.05 -1.1654 0.7065 0.9370 0.7074 1.2151
18898 55.00 1.97 -30.46 -1.0784 0.7355 0.8243 0.7313 1.0919
18918 55.00 1.33 -34.36 -1.0703 0.0811 0.7714 0.9085 1.2129
18938 55.00 0.68 -31.68 -0.0485 -0.9165 0.9177 0.5833 1.0830
18958 55.00 0.10 -29.82 -0.0227 -0.8037 0.7352 0.5879 0.9181
18978 55.00 5.78 -34.19 0.1223 -0.9778 0.6620 0.8348 1.0336
18998 55.00 5.01 -40.84 0.9089 -0.1445 0.4238 0.8801 1.0041
19018 55.00 4.20 -42.22 -0.8560 0.2617 0.5708 0.6661 0.9244
19038 55.00 3.50 -32.06 0.1739 -1.1744 0.8653 0.9264 1.2699
19058 55.00 2.96 -27.02 -0.0614 -0.8923 0.8361 0.6639 1.0385
19078 55.00 2.44 -27.96 -0.5610 -0.5313 0.8974 0.6230 1.0822
19098 55.00 1.85 -33.59 -0.5707 -0.4733 0.7600 0.7179 1.0201
19118 55.00 1.20 -32.94 0.2239 -1.0648 0.7410 0.8436 1.0724
19138 55.00 0.57 -31.01 1.0217 -1.0551 0.9040 0.7883 1.2377
19158 55.00 0.01 -29.53 0.8927 -1.0487 0.8507 0.7463 1.1204
19178 55.00 5.65 -34.58 0.9475 -0.3766 0.7439 0.5974 0.9286
19198 55.00 4.86 -42.95 -0.6078 0.7258 0.5948 0.5029 0.8051
19218 55.00 4.04 -38.13 0.3480 -0.8601 0.5579 0.6614 0.8698
19238 55.00 3.39 -29.81 1.1152 -0.6151 0.8337 0.7436 1.1101
19258 55.00 2.86 -28.11 0.9862 -0.9052 0.8559 0.6830 1.0856
19278 55.00 2.32 -27.91 0.7026 -1.0745 0.8685 0.6608 1.0899
19298 55.00 1.73 -32.69 0.8476 -0.9665 0.8199 0.6624 1.0505
19318 55.00 1.06 -33.80 0.9862 -0.1123 0.8393 0.6793 1.0967
19338 55.00 0.45 -30.14 0.8186 0.3390 0.9079 0.7696 1.2112
19358 55.00 6.15 -30.80 0.6381 0.4244 0.7851 0.7264 1.0880
19378 55.00 5.53 -37.71 0.1191 0.7565 0.7470 0.5866 0.9304
19398 55.00 4.73 -37.16 -0.9946 0.2343 0.4435 0.9406 0.9741
19418 55.00 3.93 -38.78 0.9153 -0.3492 0.6707 0.6353 0.9185
19438 55.00 3.30 -29.17 0.8379 0.3745 0.9084 0.8463 1.2322
19458 55.00 2.77 -25.95 0.9733 -0.0414 0.8880 0.6505 1.0961
19478 55.00 2.24 -28.66 1.0829 -0.5797 0.8425 0.6818 1.0652
19498 55.00 1.62 -33.20 1.0249 -0.0671 0.8450 0.7750 1.1932
19518 55.00 0.97 -33.60 0.1578 0.8225 0.8218 0.6579 1.1197
19538 55.00 0.36 -31.64 -0.3354 1.0482 0.8487 0.6525 1.0666
19558 55.00 6.06 -30.98 -0.3580 1.0675 0.7948 0.7409 1.0775
19578 55.00 5.35 -37.90 -0.8608 0.3712 0.5825 0.6375 0.9295
19598 55.00 4.53 -41.94 0.6800 -0.8472 0.3056 0.8438 0.8887
19618 55.00 3.76 -34.91 -0.3386 0.9902 0.6744 0.7471 0.9657
19638 55.00 3.17 -26.24 -0.8092 1.0449 0.9172 0.6000 1.0955
19658 55.00 2.65 -28.15 -0.2226 1.0433 0.8570 0.6880 1.0769
19678 55.00 2.09 -29.53 -0.0066 0.9708 0.8546 0.7194 1.0989
19698 55.00 1.47 -33.29 -0.5449 1.0079 0.7699 0.6521 0.9531
19718 55.00 0.80 -32.56 -1.0623 0.5002 0.7951 0.7054 1.0260
19738 55.00 0.21 -29.27 -1.0881 0.2923 0.8653 0.7209 1.1053
19758 55.00 5.89 -34.03 -1.0623 0.0296 0.8089 0.8996 1.1677
19778 55.00 5.17 -42.06 0.4060 -0.7408 0.5161 0.5330 0.7307
19798 55.00 4.33 -38.66 -0.0131 0.6936 0.3466 0.7137 0.7662
19818 55.00 3.60 -34.38 -1.1413 -0.0059 0.8527 1.0093 1.2378
19838 55.00 3.05 -27.19 -0.8511 -0.0397 0.7849 0.6300 0.9628
19858 55.00 2.53 -26.88 -1.1928 0.6066 0.9598 0.7082 1.1927
19878 55.00 1.97 -29.83 -1.0607 0.7774 0.7799 0.7734 1.0885
19898 55.00 1.33 -35.33 -1.0639 0.0811 0.7662 0.9032 1.2200
19918 55.00 0.68 -30.02 -0.0533 -0.9214 0.9225 0.5916 1.0932
19938 55.00 0.10 -31.36 -0.0259 -0.9697 0.8752 0.7226 0.9100
19958 55.00 5.76 -33.36 0.3206 -0.9939 0.6728 0.7593 0.9507
19978 55.00 5.01 -40.93 0.7799 -0.0816 0.3476 0.7836 0.8995
19998 55.00 4.18 -40.95 -0.9543 0.2488 0.5907 0.7945 0.9516
20018 55.00 3.50 -31.07 0.2061 -1.1663 0.8452 0.9140 1.2553
20038 55.00 2.96 -28.18 0.0192 -0.9455 0.8516 0.6655 1.0494
20058 55.00 2.43 -27.18 -0.5191 -0.6006 0.9143 0.6481 1.1110
20078 55.00 1.85 -31.55 -0.4321 -0.5797 0.7631 0.6697 0.9650
20098 55.00 1.19 -33.82 0.4044 -1.0374 0.7244 0.7542 0.9995
20118 55.00 0.55 -31.09 1.1152 -1.0213 0.8324 0.9150 1.2416
20138 55.00 6.26 -29.59 1.0571 -0.7312 0.8637 0.6528 1.0738
20158 55.00 5.62 -35.11 0.9540 -0.0929 0.7952 0.6886 1.0706
20178 55.00 4.82 -43.60 -0.7045 0.8612 0.3520 0.8471 0.8803
20198 55.00 4.02 -40.74 0.5091 -0.8714 0.5895 0.6473 0.9386
20218 55.00 3.36 -30.42 1.0007 -0.1477 0.9291 0.5512 1.0904
20238 55.00 2.83 -26.05 1.1409 -0.6361 0.9367 0.6557 1.1446
20258 55.00 2.30 -28.26 0.8702 -0.9778 0.8269 0.6826 1.1596
20278 55.00 1.68 -34.22 1.0313 -0.7860 0.7302 0.7923 1.0509
20298 55.00 1.03 -34.78 1.1055 -0.0091 0.8029 0.9855 1.2766
20318 55.00 0.42 -31.38 0.3899 0.6388 0.8267 0.6287 1.1415
20338 55.00 6.13 -30.41 0.6510 0.0022 0.1618 0.7353 0.7027
20358 55.00 5.48 -37.30 -0.0324 0.9063 0.5132 0.8912 0.9583
20378 55.00 4.68 -43.32 -0.1581 -0.4507 0.4903 0.3985 0.6434
20398 55.00 3.88 -36.26 1.0249 -0.0349 0.6698 0.9517 1.1453
20418 55.00 3.27 -30.13 0.3641 0.7323 0.8692 0.7011 1.1058
20438 55.00 2.75 -28.31 0.7380 0.3310 0.9087 0.6100 1.1383
20458 55.00 2.20 -28.65 1.0507 -0.1058 0.9236 0.6968 1.1672
20478 55.00 1.59 -33.18 0.9217 0.1392 0.7468 0.8785 1.1436
20498 55.00 0.93 -33.22 -0.0824 1.0965 0.8104 0.9137 1.2388
20518 55.00 0.34 -30.03 -0.5272 1.0933 0.8547 0.6821 1.0791
20538 55.00 6.03 -33.24 -0.6142 1.0224 0.7761 0.6759 0.9991
20558 55.00 5.34 -38.79 -0.8769 0.1375 0.6998 0.6324 0.9278
20578 55.00 4.50 -42.16 0.6832 -0.3718 0.4065 0.5502 0.6892
20598 55.00 3.74 -36.10 -0.6851 0.9370 0.7528 0.6113 0.9316
20618 55.00 3.15 -27.90 -1.1026 1.0482 1.0218 0.7075 1.2820
20638 55.00 2.63 -26.81 -0.5481 1.1062 0.9140 0.6230 1.1053
20658 55.00 2.08 -30.65 -0.2371 1.0482 0.8589 0.6859 1.0981
20678 55.00 1.43 -33.85 -0.9059 0.9902 0.8097 0.7414 1.1035
20698 55.00 0.79 -31.22 -1.0107 0.3165 0.7917 0.6650 1.0553
20718 55.00 0.19 -27.66 -0.9076 -0.0559 0.8496 0.6693 1.0938
20738 55.00 5.87 -32.50 -0.8383 -0.1606 0.7085 0.8055 0.9807
20758 55.00 5.14 -39.99 0.6913 -0.8118 0.6561 0.5805 0.8983
20778 55.00 4.30 -42.46 -0.4724 0.7887 0.5227 0.5974 0.8143
20798 55.00 3.59 -33.12 -0.8560 -0.2702 0.8101 0.8523 1.1459
20818 55.00 3.02 -27.15 -0.7045 -0.3250 0.8012 0.6826 1.0523
20838 55.00 2.51 -26.10 -1.0897 0.4164 0.8577 0.6882 1.0959
20858 55.00 1.95 -33.27 -1.0881 0.5792 0.7648 0.7749 1.0663
20878 55.00 1.29 -33.63 -0.5643 -0.4056 0.7079 0.6692 0.9271
20898 55.00 0.66 -31.96 0.0450 -1.1615 0.8931 0.9665 1.3376
20918 55.00 0.08 -29.74 0.2029 -1.0197 0.8389 0.6793 1.0646
20938 55.00 5.74 -33.91 0.6639 -0.9101 0.7468 0.5732 0.9880
20958 55.00 4.95 -42.96 0.1610 0.6743 0.5840 0.6666 0.9120
20978 55.00 4.13 -41.11 -0.5788 -0.1977 0.4450 0.6732 0.8156
20998 55.00 3.46 -31.81 0.7026 -1.0551 0.8217 0.6919 1.1301
21018 55.00 2.90 -26.39 0.6558 -1.1148 0.9057 0.6598 1.1275
21038 55.00 2.38 -27.67 0.0353 -0.9584 0.8702 0.6511 1.0528
21058 55.00 1.78 -32.78 0.1804 -1.0197 0.7402 0.7978 1.0669
21078 55.00 1.13 -33.83 0.9862 -1.0809 0.7666 0.9195 1.2424
21098 55.00 0.53 -31.48 1.0829 -0.5652 0.7942 0.7365 1.0829
21118 55.00 6.22 -31.17 1.0507 -0.3379 0.8212 0.6901 1.0821
21138 55.00 5.56 -38.84 0.5091 0.3745 0.5982 0.6550 0.8983
21158 55.00 4.75 -42.63 -0.9140 0.2165 0.5323 0.7932 0.9662
21178 55.00 3.96 -38.46 0.0063 -0.2767 -0.1569 0.2741 -0.2886
21198 55.00 3.33 -30.17 1.0507 0.0586 1.0150 0.7267 1.3046
21218 55.00 2.81 -25.85 1.1474 -0.4765 0.9631 0.6336 1.1706
21238 55.00 2.27 -28.29 0.9991 -0.8279 0.8183 0.6872 1.0606
21258 55.00 1.67 -31.72 1.0120 -0.5152 0.7775 0.6478 0.9654
21278 55.00 0.99 -33.01 0.5865 0.4776 0.7400 0.7673 0.9681
21298 55.00 0.39 -29.71 0.0611 0.9644 0.9348 0.6705 1.1744
21318 55.00 6.08 -30.70 -0.0356 0.9902 0.8215 0.7661 1.1245
21338 55.00 5.41 -38.68 -0.9043 1.0288 0.6343 0.9267 1.0655
21358 55.00 4.60 -43.29 0.1755 -0.6538 0.3498 0.5793 0.6605
21378 55.00 3.81 -36.35 0.1610 0.8354 0.7651 0.7476 1.0874
21398 55.00 3.22 -24.63 -0.2806 1.1578 0.9347 0.7650 1.2257
21418 55.00 2.69 -26.63 0.2996 0.7452 0.8297 0.6849 1.0620
21438 55.00 2.15 -29.21 0.6735 0.4244 0.8459 0.7145 1.0891
21458 55.00 1.52 -33.86 0.0514 0.9773 0.7981 0.8407 1.1973
21478 55.00 0.87 -32.71 -0.8205 0.9482 0.8308 0.6073 1.0077
21498 55.00 0.28 -29.25 -0.9946 0.8548 0.8412 0.6721 0.9292
21518 55.00 5.97 -32.74 -1.0300 0.7710 0.7793 0.7354 1.0333
21538 55.00 5.24 -41.11 -0.0872 -0.6925 0.6682 0.5325 0.8868
21558 55.00 4.42 -42.71 0.5091 0.1263 0.3256 0.5886 0.6740
21578 55.00 3.68 -34.64 -1.0478 0.8483 0.7231 0.8457 1.1526
21598 55.00 3.10 -27.46 -1.1687 0.5614 0.9470 0.6851 1.1914
21618 55.00 2.60 -26.68 -0.7544 1.0079 0.8007 0.6768 1.0476
21638 55.00 2.02 -30.12 -0.7528 0.9966 0.8242 0.6325 1.0137
21658 55.00 1.38 -34.80 -1.0010 0.6678 0.6691 0.7692 0.9425
21678 55.00 0.74 -27.95 -0.9591 -0.1429 0.8425 0.8523 1.1747
21698 55.00 0.16 -29.03 -0.6561 -0.4201 0.8797 0.6347 1.0174
21718 55.00 5.84 -32.79 -0.2806 -0.6474 0.7636 0.5682 0.9303
21738 55.00 5.07 -40.93 0.6897 -0.2605 0.5178 0.4657 0.7146
21758 55.00 4.24 -41.42 -0.7029 0.6743 0.3502 0.7143 0.7882
21778 55.00 3.53 -32.81 -0.0485 -0.9681 0.9047 0.7049 1.1596
21798 55.00 2.98 -27.10 -0.4095 -0.7247 0.8337 0.7903 0.9843
21818 55.00 2.47 -24.68 -0.8576 -0.1574 0.8811 0.6460 1.0977
21838 55.00 1.89 -31.43 -0.9382 -0.1252 0.8113 0.8323 1.1446
21858 55.00 1.24 -33.80 -0.0550 -0.9310 0.8508 0.7100 1.1085
21878 55.00 0.60 -30.73 0.7154 -1.0035 0.8324 0.6125 1.0068
21898 55.00 0.02 -30.37 0.8315 -1.0422 0.8381 0.7157 1.1006
21918 55.00 5.67 -34.97 0.9669 -0.7795 0.6115 0.8233 0.9570
21938 55.00 4.88 -40.73 -0.3709 0.6485 0.4666 0.4535 0.6586
21958 55.00 4.06 -40.51 -0.0533 -0.8601 0.4654 0.9136 0.9311
21978 55.00 3.40 -30.57 1.1474 -0.8182 0.8716 0.7978 1.1773
21998 55.00 2.87 -25.59 0.8412 -0.9681 0.8382 0.6360 1.0309
22018 55.00 2.34 -27.89 0.5091 -1.1083 0.8454 0.7185 1.0954
22038 55.00 1.74 -32.07 0.7026 -0.9939 0.8115 0.6210 1.0630
22058 55.00 1.08 -34.56 0.9991 -0.3508 0.7796 0.6479 0.9668
22078 55.00 0.45 -30.22 0.8041 0.3310 0.8765 0.7710 1.1929
22098 55.00 6.16 -29.61 0.7219 0.3068 0.8138 0.6732 1.0312
22118 55.00 5.48 -36.34 -0.1049 0.8870 0.5469 0.8003 0.9288
22138 55.00 4.68 -42.86 -0.2258 -0.4443 0.4747 0.4895 0.6891
22158 55.00 3.88 -36.77 0.9862 0.0022 0.6544 0.9334 1.2734
22178 55.00 3.27 -31.25 0.2513 0.7710 0.8574 0.6322 1.1684
22198 55.00 2.73 -27.10 0.5639 0.5002 0.8917 0.5817 1.1726
22218 55.00 2.19 -28.70 0.9443 -0.0156 0.8359 0.6861 0.9199
22238 55.00 1.57 -33.78 0.7735 0.2939 0.6971 0.8542 1.0752
22258 55.00 0.91 -32.89 -0.3499 1.0611 0.7643 0.7648 1.0679
22278 55.00 0.32 -30.28 -0.7625 1.0385 0.8506 0.6586 1.0577
22298 55.00 6.00 -33.24 -0.9350 0.9918 0.8416 0.7295 1.1052
22318 55.00 5.30 -39.31 -0.8802 0.0795 0.4774 0.8486 0.9255
22338 55.00 4.47 -42.71 0.8573 -0.1638 0.6157 0.6702 0.9232
22358 55.00 3.73 -35.90 -0.7770 0.9515 0.7789 0.6476 0.9831
22378 55.00 3.13 -27.95 -1.1606 0.9579 0.9711 0.7706 1.2538
22398 55.00 2.63 -26.31 -0.5884 1.1062 0.9197 0.6158 1.1232
22418 55.00 2.07 -29.99 -0.2967 1.0159 0.8184 0.6495 1.0039
22438 55.00 1.43 -34.37 -0.9430 1.0353 0.7735 0.8453 1.1444
22458 55.00 0.79 -33.50 -0.9994 0.2617 0.7971 0.6625 1.0794
22478 55.00 0.19 -28.90 -0.9172 -0.0349 0.8466 0.6704 1.0466
22498 55.00 5.87 -32.26 -0.8495 -0.1606 0.7292 0.8042 0.9276
22518 55.00 5.13 -40.97 0.7767 -0.9310 0.5988 0.7983 0.9390
22538 55.00 4.31 -42.42 -0.3934 0.7258 0.4978 0.5294 0.7137
22558 55.00 3.59 -32.78 -0.9591 -0.1993 0.8044 0.9420 1.2171
22578 55.00 3.03 -26.66 -0.7045 -0.3476 0.8607 0.6391 1.0574
22598 55.00 2.52 -28.08 -1.1493 0.4615 0.8983 0.7285 1.1723
22618 55.00 1.94 -30.71 -1.0510 0.3648 0.8175 0.6859 1.0187
22638 55.00 1.29 -33.61 -0.5739 -0.4169 0.7249 0.6814 0.9339
22658 55.00 0.64 -31.09 0.2061 -1.1502 0.8321 0.9011 1.2013
22678 55.00 0.07 -29.86 0.3625 -1.0664 0.8541 0.6683 1.0869
22698 55.00 5.73 -37.50 0.6993 -0.9278 0.7419 0.6199 1.0180
22718 55.00 4.95 -45.74 0.1771 0.6791 0.5856 0.6885 0.9175
22738 55.00 4.14 -40.89 -0.6029 -0.1961 0.4640 0.6916 0.8097
22758 55.00 3.45 -31.27 0.8508 -0.9778 0.8755 0.6033 1.0785
22778 55.00 2.91 -25.45 0.6397 -1.1599 0.9449 0.6761 1.1754
22798 55.00 2.37 -27.54 0.1336 -0.9584 0.8282 0.6259 0.8165
