--- Terminal on /dev/ttyUSB0 | 115200 8-N-1
--- Available filters and text transformations: colorize, debug, default, direct, esp32_exception_decoder, hexlify, log2file, nocontrol, printable, send_on_enter, time
--- More details at https://bit.ly/pio-monitor-filters
--- Quit: Ctrl+C | Menu: Ctrl+T | Help: Ctrl+T followed by Ctrl+H
MOT: Init
MOT: Enable driver.
MOT: Align sensor.
MOT: sensor_direction==CCW
MOT: PP check: OK!
MOT: Zero elec. angle: 1.00
MOT: Align current sense.
CS: Inv B
MOT: Success: 3
MOT: Ready.
0 -55.00 1.44 0.01 -0.0756 0.0191 0.0769 0.0164 0.1228
8378 -55.00 1.74 35.56 -0.0353 -0.6578 -0.4211 0.6574 -0.8958
8398 -55.00 2.57 42.79 -0.1256 0.8363 -0.6569 0.6180 -0.9171
8418 -55.00 3.42 43.16 0.1919 -0.8415 -0.5983 0.6480 -0.9003
8438 -55.00 4.16 35.11 -1.0007 0.6912 -0.7595 0.6878 -1.0740
8458 -55.00 4.75 26.42 -0.9105 0.9910 -0.8852 0.6543 -1.0085
8478 -55.00 5.33 30.32 -0.9685 0.9846 -0.8454 0.7462 -1.1041
8498 -55.00 6.02 38.82 -0.1497 1.0748 -0.5675 1.0167 -1.0925
8518 -55.00 0.55 43.60 0.2371 -0.7609 -0.5363 0.5646 -0.9034
8538 -55.00 1.34 39.28 -1.0781 0.8814 -0.6010 0.9784 -1.0702
8558 -55.00 2.12 41.34 0.7625 0.1110 -0.4385 0.8438 -0.9067
8578 -55.00 2.96 45.90 -0.7058 -0.1436 -0.5618 0.7150 -0.9093
8598 -55.00 3.79 40.37 0.6948 0.1755 -0.6984 0.5995 -0.9268
8618 -55.00 4.45 30.69 0.9849 -0.9092 -0.9172 0.6003 -1.1128
8638 -55.00 5.01 27.87 1.0558 -0.7835 -0.8700 0.6670 -1.1137
8658 -55.00 5.64 34.82 0.9204 -0.9946 -0.6857 0.8705 -1.0365
8678 -55.00 0.11 41.56 -0.8009 -0.1823 -0.5628 0.8816 -1.0181
8698 -55.00 0.94 40.56 0.6851 0.1658 -0.6497 0.6260 -0.9167
8718 -55.00 1.70 38.70 0.3918 -0.4337 -0.0180 0.4781 -0.4658
8738 -55.00 2.46 42.03 -0.7493 0.6235 -0.6106 0.5207 -0.8375
8758 -55.00 3.34 44.53 0.9301 -0.7174 -0.5302 0.8179 -0.9323
8778 -55.00 4.09 35.33 -0.9201 -0.1114 -0.7899 0.8112 -1.1546
8798 -55.00 4.68 29.15 -1.1716 0.2883 -0.8995 0.8254 -1.2232
8818 -55.00 5.25 30.05 -1.0636 0.2867 -0.8338 0.7183 -1.0642
8838 -55.00 5.93 40.69 -1.0088 0.9008 -0.5202 0.9779 -0.9549
8858 -55.00 0.46 42.78 0.6851 -0.5337 -0.5668 0.4436 -0.7475
8878 -55.00 1.26 40.17 -0.9008 -0.1453 -0.5186 1.0078 -1.0356
8898 -55.00 2.01 40.42 -0.1497 1.0168 -0.5985 0.9204 -1.0429
8918 -55.00 2.85 43.68 0.1726 -0.8125 -0.5548 0.6520 -0.8858
8938 -55.00 3.69 39.22 -0.3415 0.8379 -0.5865 0.6050 -0.8733
8958 -55.00 4.38 31.11 1.1541 -0.0276 -0.9071 0.9547 -1.3684
8978 -55.00 4.94 27.72 0.8963 0.0884 -0.8180 0.7197 -1.0784
8998 -55.00 5.53 32.56 0.9978 0.0159 -0.7662 0.8728 -1.1762
9018 -55.00 0.00 41.21 0.1710 -0.9092 -0.6096 0.7498 -0.9351
9038 -55.00 0.81 42.11 -0.5414 0.7009 -0.3825 0.6273 -0.7080
9058 -55.00 1.60 40.57 0.8366 -0.7045 -0.6946 0.5715 -0.9122
9078 -55.00 2.39 41.00 -0.7783 -0.1759 -0.5825 0.8319 -0.9479
9098 -55.00 3.25 43.63 0.7399 0.2399 -0.4649 0.9095 -0.9467
9118 -55.00 4.02 37.21 -0.0337 -0.9592 -0.6483 0.9224 -0.9844
9138 -55.00 4.63 29.22 -0.7960 -0.2468 -0.8880 0.6320 -1.0658
9158 -55.00 5.21 29.57 -0.7944 -0.2532 -0.8346 0.7061 -1.0793
9178 -55.00 5.87 35.46 -0.8718 0.5010 -0.6421 0.5945 -0.8901
9198 -55.00 0.39 41.34 0.7577 0.2045 -0.5531 0.8495 -0.9654
9218 -55.00 1.19 38.51 -0.3931 -0.4434 -0.5731 0.6100 -0.8113
9238 -55.00 1.97 42.41 -0.4366 0.8556 -0.5407 0.6631 -0.8529
9258 -55.00 2.82 43.45 0.4434 -0.6046 -0.3236 0.5361 -0.6092
9278 -55.00 3.66 41.05 -0.6333 0.7380 -0.3645 0.7105 -0.7704
9298 -55.00 4.35 31.74 0.8753 0.1207 -0.8831 0.6339 -1.1112
9318 -55.00 4.93 28.57 0.8431 0.1175 -0.7769 0.7033 -1.0127
9338 -55.00 5.53 35.72 1.0236 0.0627 -0.7695 0.9462 -1.2468
9358 -55.00 0.00 42.91 0.1774 -0.9140 -0.6319 0.7350 -0.9406
9378 -55.00 0.81 41.91 -0.6445 0.7347 -0.3905 0.6998 -0.7827
9398 -55.00 1.59 38.40 0.8528 -0.6062 -0.6764 0.5592 -0.8914
9418 -55.00 2.39 42.49 -0.7686 -0.1710 -0.5760 0.8186 -0.9556
9438 -55.00 3.23 43.58 0.6465 0.1787 -0.5845 0.6420 -0.9081
9458 -55.00 4.03 34.34 -0.1385 -0.8641 -0.6662 0.8583 -1.0531
9478 -55.00 4.63 31.77 -0.8653 -0.1388 -0.9169 0.5861 -1.0785
9498 -55.00 5.20 28.94 -0.6752 -0.3516 -0.8133 0.6538 -1.1158
9518 -55.00 5.87 36.77 -0.9153 0.5510 -0.6530 0.6503 -0.9302
9538 -55.00 0.40 42.88 0.7464 0.1980 -0.4439 0.8916 -0.9423
9558 -55.00 1.21 38.80 -0.5720 -0.2484 -0.6563 0.5266 -0.8588
9578 -55.00 1.98 40.88 -0.1433 0.8298 -0.6978 0.5477 -0.9079
9598 -55.00 2.81 38.88 0.5884 -0.6239 -0.2844 0.6405 -0.7034
9618 -55.00 3.67 41.77 -0.5011 0.7364 -0.4205 0.6237 -0.7415
9638 -55.00 4.36 32.03 0.9188 0.0997 -0.9047 0.6652 -1.1651
9658 -55.00 4.92 27.80 0.7915 0.2496 -0.8050 0.7305 -1.0843
9678 -55.00 5.53 33.19 0.9849 -0.0018 -0.7625 0.8423 -1.1168
9698 -55.00 6.26 41.10 0.1275 -0.7609 -0.6415 0.5028 -0.8969
9718 -55.00 0.82 44.13 -0.4592 0.7364 -0.4257 0.6099 -0.7274
9738 -55.00 1.59 38.75 0.8495 -0.6497 -0.6981 0.5493 -0.9070
9758 -55.00 2.41 41.79 -0.7654 -0.1420 -0.4275 0.8776 -0.9300
9778 -55.00 3.26 44.54 0.7496 0.2496 -0.4209 0.9510 -0.9546
9798 -55.00 4.04 35.52 -0.3883 -0.6465 -0.7080 0.7691 -0.9611
9818 -55.00 4.65 28.01 -1.0426 0.0079 -0.9878 0.6802 -1.2234
9838 -55.00 5.20 26.54 -0.7880 -0.1324 -0.8477 0.5211 -1.0827
9858 -55.00 5.88 35.83 -0.8573 0.7009 -0.7450 0.5279 -0.9302
9878 -55.00 0.40 42.36 0.7657 0.1674 -0.4560 0.8843 -0.9414
9898 -55.00 1.21 39.75 -0.6365 -0.2452 -0.6761 0.6093 -0.8986
9918 -55.00 1.98 39.79 -0.0837 0.8089 -0.7356 0.5004 -0.9042
9938 -55.00 2.81 42.54 0.5078 -0.5836 -0.2681 0.5752 -0.6005
9958 -55.00 3.68 41.33 -0.4882 0.8041 -0.4515 0.6727 -0.7963
9978 -55.00 4.37 31.99 0.9849 0.0433 -0.9140 0.7192 -1.2099
9998 -55.00 4.92 27.90 0.8302 0.2690 -0.8445 0.7744 -1.1540
10018 -55.00 5.53 32.32 0.9785 0.0143 -0.7518 0.8544 -1.1119
10038 -55.00 6.27 41.44 0.1984 -0.8109 -0.6216 0.5729 -0.9123
10058 -55.00 0.82 41.86 -0.4012 0.6945 -0.4284 0.5501 -0.7022
10078 -55.00 1.60 40.95 0.8463 -0.6626 -0.6723 0.5838 -0.9135
10098 -55.00 2.41 42.78 -0.7944 -0.1453 -0.4447 0.9086 -0.9618
10118 -55.00 3.26 44.18 0.7464 0.2432 -0.4372 0.9340 -1.0115
10138 -55.00 4.02 36.63 -0.0740 -0.8979 -0.6413 0.8716 -1.0239
10158 -55.00 4.64 28.69 -0.9572 -0.0373 -0.9661 0.5810 -1.1409
10178 -55.00 5.21 30.16 -0.7686 -0.3274 -0.8258 0.7643 -1.1016
10198 -55.00 5.87 37.38 -0.8863 0.4624 -0.6338 0.6198 -0.8829
10218 -55.00 0.41 43.85 0.7141 0.1400 -0.3912 0.8284 -0.9077
10238 -55.00 1.20 40.51 -0.4076 -0.4595 -0.5615 0.6615 -0.7885
10258 -55.00 1.99 39.51 -0.0982 0.8460 -0.7310 0.5673 -0.9288
10278 -55.00 2.82 43.29 0.4530 -0.5611 -0.2670 0.5321 -0.5946
10298 -55.00 3.66 41.53 -0.6687 0.7589 -0.3618 0.7460 -0.7985
10318 -55.00 4.36 31.23 0.9495 0.0868 -0.9002 0.7151 -1.1663
10338 -55.00 4.93 27.83 0.8044 0.2174 -0.8055 0.7142 -1.0487
10358 -55.00 5.52 31.88 0.9785 0.0643 -0.8081 0.8442 -1.1842
10378 -55.00 6.28 40.55 0.1694 -0.8609 -0.6270 0.6623 -0.9173
10398 -55.00 0.82 41.81 -0.3705 0.7073 -0.4503 0.5458 -0.7022
10418 -55.00 1.60 37.43 0.8173 -0.6932 -0.7195 0.5081 -0.9063
10438 -55.00 2.39 42.33 -0.7880 -0.1823 -0.5595 0.8664 -0.9448
10458 -55.00 3.26 45.68 0.7045 0.1980 -0.3971 0.8615 -0.9010
10478 -55.00 4.03 31.81 -0.1497 -0.8625 -0.6638 0.8679 -0.9221
10498 -55.00 4.64 29.35 -1.0007 -0.0211 -0.9788 0.6372 -1.1844
10518 -55.00 5.20 29.22 -0.7783 -0.2758 -0.8434 0.6956 -1.0832
10538 -55.00 5.82 35.43 -0.9492 -0.0856 -0.7219 0.8934 -1.1351
10558 -55.00 0.32 42.85 -0.1111 0.8298 -0.3389 0.8348 -0.9200
10578 -55.00 1.14 40.80 0.2048 -0.9414 -0.6617 0.7366 -0.9600
10598 -55.00 1.87 40.37 -0.8492 0.3189 -0.4982 0.6985 -0.8646
10618 -55.00 2.70 42.92 0.6142 0.0594 -0.2819 0.6905 -0.7334
10638 -55.00 3.56 43.36 -0.7719 -0.1195 -0.3495 0.9022 -0.8828
10658 -55.00 4.28 33.91 -0.0272 1.0297 -0.8546 0.8042 -1.2279
10678 -55.00 4.85 27.50 0.0179 0.8621 -0.7751 0.6411 -0.9651
10698 -55.00 5.42 31.77 -0.0208 1.0168 -0.8863 0.7519 -1.1808
10718 -55.00 6.15 40.31 0.7931 -0.3693 -0.5322 0.5888 -0.8040
10738 -55.00 0.71 42.41 -0.7428 -0.0147 -0.3602 0.7879 -0.8323
10758 -55.00 1.48 38.65 0.3660 0.5462 -0.5641 0.7243 -0.8875
10778 -55.00 2.26 41.98 0.2048 -0.8157 -0.6435 0.5534 -0.9029
10798 -55.00 3.14 44.60 -0.1433 0.7702 -0.5598 0.5982 -0.8658
10818 -55.00 3.93 35.57 0.8979 -0.9495 -0.5997 0.8835 -1.0290
10838 -55.00 4.55 31.59 0.0018 -1.0333 -0.9640 0.7012 -1.2134
10858 -55.00 5.12 28.94 0.1114 -1.2493 -1.1136 0.8195 -1.1626
10878 -55.00 5.76 34.61 -0.3319 -0.5627 -0.6103 0.6674 -0.8832
10898 -55.00 0.27 44.08 -0.1916 0.7122 -0.5216 0.5208 -0.7619
10918 -55.00 1.09 40.17 0.6400 -0.8286 -0.4913 0.7162 -0.8714
10938 -55.00 1.85 39.08 -0.8105 0.1497 -0.4494 0.7362 -0.8148
10958 -55.00 2.69 45.95 0.7657 0.2303 -0.4189 0.9550 -1.0609
10978 -55.00 3.51 40.33 -0.6977 -0.1404 -0.6494 0.6198 -0.8973
10998 -55.00 4.25 34.43 -0.2867 1.0007 -0.8251 0.6174 -0.9946
11018 -55.00 4.83 27.89 -0.0659 1.0490 -0.9724 0.6598 -1.2809
11038 -55.00 5.41 31.50 -0.0837 0.9701 -0.8695 0.6321 -1.0944
11058 -55.00 6.12 41.97 0.7835 0.0111 -0.4572 0.7880 -0.8814
11078 -55.00 0.68 41.49 -0.8105 -0.2081 -0.5042 0.9509 -0.9683
11098 -55.00 1.45 39.02 -0.0466 0.8395 -0.4849 0.8095 -0.9281
11118 -55.00 2.22 41.42 0.8785 -0.8044 -0.4121 0.8830 -0.9241
11138 -55.00 3.09 44.42 -0.7831 0.6816 -0.2663 0.8090 -0.8677
11158 -55.00 3.90 38.30 0.9785 -0.7835 -0.7036 0.7600 -1.0274
11178 -55.00 4.53 29.29 0.2999 -1.0365 -0.8751 0.6099 -1.0623
11198 -55.00 5.10 30.01 0.4047 -1.0881 -0.8453 0.7038 -1.0927
11218 -55.00 5.74 35.18 -0.1304 -0.8109 -0.5854 0.8352 -0.9245
11238 -55.00 0.25 42.13 -0.4979 0.6558 -0.3310 0.5991 -0.6628
11258 -55.00 1.07 40.05 0.9527 -0.7642 -0.3901 0.9304 -0.9460
11278 -55.00 1.82 38.89 -0.8815 -0.1598 -0.5713 0.9651 -1.0474
11298 -55.00 2.63 41.82 0.1404 0.4688 -0.3073 0.5591 -0.5117
11318 -55.00 3.50 44.23 -0.5559 -0.1372 -0.5731 0.4585 -0.7464
11338 -55.00 4.23 33.89 -0.6171 1.0426 -0.7273 0.7552 -1.0008
11358 -55.00 4.81 28.69 -0.3222 1.0813 -0.8959 0.6559 -1.1091
11378 -55.00 5.40 31.91 -0.2110 0.9975 -0.8360 0.6374 -1.0414
11398 -55.00 6.07 38.81 0.6110 0.2142 -0.6388 0.5703 -0.9322
11418 -55.00 0.62 42.65 -0.1239 -0.5643 -0.3494 0.6451 -0.5704
11438 -55.00 1.41 38.30 -0.1272 0.8556 -0.7365 0.5569 -0.9261
11458 -55.00 2.20 41.11 0.9785 -0.8028 -0.5717 0.8727 -0.9819
11478 -55.00 3.04 44.40 -0.7026 0.5849 -0.5675 0.4942 -0.7897
11498 -55.00 3.85 39.40 0.8495 -0.2436 -0.5130 0.7086 -0.8841
11518 -55.00 4.51 30.78 0.6110 -1.1526 -0.8592 0.7693 -1.1292
11538 -55.00 5.07 29.09 0.5723 -1.1494 -0.9684 0.6190 -1.0869
11558 -55.00 5.70 36.46 0.1130 -0.9463 -0.7738 0.6852 -1.0265
11578 -55.00 0.18 37.58 -0.7461 0.6751 -0.6508 0.5046 -0.8527
11598 -55.00 1.01 40.34 0.7399 -0.3838 -0.4995 0.5460 -0.7747
11618 -55.00 1.75 38.58 -0.1723 -0.6594 -0.5107 0.7141 -0.8719
11638 -55.00 2.56 42.62 -0.1239 0.7428 -0.5978 0.5254 -0.8443
11658 -55.00 3.44 43.87 0.2242 -0.9543 -0.5239 0.8494 -0.9320
11678 -55.00 4.17 34.91 -0.9733 0.7863 -0.7930 0.6619 -1.0168
11698 -55.00 4.76 29.07 -0.9121 1.0958 -0.9435 0.6980 -1.1925
11718 -55.00 5.34 30.85 -0.8782 1.0039 -0.8319 0.7102 -1.0594
11738 -55.00 6.03 42.27 -0.0063 0.7589 -0.4282 0.7604 -0.8970
11758 -55.00 0.57 43.27 0.1952 -0.8754 -0.5824 0.7109 -0.9207
11778 -55.00 1.35 38.89 -1.0926 0.8879 -0.5861 1.0028 -1.1806
11798 -55.00 2.12 40.64 0.7963 0.1126 -0.4447 0.8856 -0.9305
11818 -55.00 2.96 44.33 -0.7058 -0.1469 -0.5610 0.7186 -0.9098
11838 -55.00 3.77 39.49 0.4837 0.4076 -0.6067 0.6543 -0.9281
11858 -55.00 4.46 32.27 1.0204 -0.9785 -0.9207 0.6969 -1.1914
11878 -55.00 5.01 26.48 1.0623 -0.8254 -0.8757 0.6905 -1.1233
11898 -55.00 5.64 33.69 0.8431 -0.9962 -0.6713 0.8369 -1.0317
11918 -55.00 0.10 40.11 -0.4108 0.3979 -0.4585 -0.0892 -0.4562
11938 -55.00 0.93 41.59 0.4933 0.4334 -0.5645 0.7357 -0.9216
11958 -55.00 1.70 38.82 0.2113 -0.9334 -0.7442 0.6358 -0.9475
11978 -55.00 2.50 41.80 -0.9427 0.7573 -0.4471 0.8932 -0.9311
11998 -55.00 3.37 43.49 0.8044 -0.6674 -0.2938 0.8090 -0.8209
12018 -55.00 4.11 35.92 -1.0330 0.0627 -0.6898 0.9304 -1.1151
12038 -55.00 4.72 28.90 -1.0684 0.7202 -0.8585 0.6713 -1.0903
12058 -55.00 5.29 30.89 -1.0845 0.6558 -0.7973 0.7467 -1.0786
12078 -55.00 5.97 38.53 -0.1562 0.8041 -0.6902 0.5007 -0.8857
12098 -55.00 0.52 43.87 0.7141 -0.6497 -0.2673 0.7434 -0.7567
12118 -55.00 1.31 40.32 -0.9008 0.5655 -0.6099 0.6762 -0.9423
12138 -55.00 2.09 40.10 0.7496 0.1755 -0.6356 0.7493 -0.9625
12158 -55.00 2.93 44.78 -0.2464 -0.3499 -0.3161 0.5092 -0.5614
12178 -55.00 3.78 41.25 0.5078 0.3786 -0.5832 0.6716 -0.9518
12198 -55.00 4.45 30.60 0.9785 -0.8592 -0.8880 0.5927 -1.0667
12218 -55.00 5.01 28.36 1.0591 -0.7787 -0.8660 0.6740 -1.1076
12238 -55.00 5.60 23.78 -0.0031 -0.5562 -0.5968 -0.2420 -0.6611
12258 -55.00 0.10 41.37 -0.7896 -0.1469 -0.5941 0.8135 -0.9494
12278 -55.00 0.94 41.72 0.6432 0.1771 -0.6387 0.5807 -0.9371
12298 -55.00 1.70 39.52 0.1517 -0.8770 -0.7051 0.6177 -0.9287
12318 -55.00 2.50 44.32 -0.9169 0.7380 -0.3921 0.8895 -0.9201
12338 -55.00 3.37 41.96 0.8237 -0.6481 -0.2460 0.8321 -0.8858
12358 -55.00 4.12 36.98 -1.0297 0.1013 -0.6774 0.9107 -1.0785
12378 -55.00 4.71 28.87 -1.1426 0.5961 -0.8850 0.7232 -1.1625
12398 -55.00 5.28 30.18 -1.0636 0.6106 -0.8257 0.6764 -1.0491
12418 -55.00 5.97 38.70 -0.3367 0.8685 -0.6075 0.6308 -0.8956
12438 -55.00 0.52 43.78 0.7432 -0.6513 -0.2497 0.7709 -0.7283
12458 -55.00 1.31 40.81 -0.8653 0.5849 -0.6259 0.6229 -0.9223
12478 -55.00 2.09 39.90 0.7689 0.1658 -0.6547 0.7525 -0.9696
12498 -55.00 2.93 44.17 -0.2642 -0.2661 -0.3151 0.4265 -0.5038
12518 -55.00 3.76 40.50 0.2306 0.5526 -0.4660 0.6564 -0.7932
12538 -55.00 4.44 31.35 0.9591 -0.8238 -0.8814 0.5486 -1.0269
12558 -55.00 5.01 29.03 1.0752 -0.7722 -0.8504 0.7114 -1.0960
12578 -55.00 5.63 34.71 1.0558 -1.0188 -0.7758 0.9132 -1.1886
12598 -55.00 0.11 44.42 -0.8057 -0.1823 -0.5057 0.9219 -0.9437
12618 -55.00 0.93 42.46 0.4756 0.4172 -0.5441 0.7086 -0.9091
12638 -55.00 1.71 38.56 0.1339 -0.9463 -0.7090 0.7390 -0.9979
12658 -55.00 2.50 43.03 -0.8879 0.7331 -0.3716 0.8728 -0.8885
12678 -55.00 3.37 43.66 0.7415 -0.6610 -0.2725 0.7667 -0.8081
12698 -55.00 4.12 34.61 -1.0378 0.2093 -0.6855 0.8572 -1.0728
12718 -55.00 4.72 30.01 -1.0620 0.7267 -0.8737 0.6445 -1.0579
12738 -55.00 5.29 33.42 -1.0797 0.6751 -0.8011 0.7404 -1.0803
12758 -55.00 5.99 37.84 -0.1143 0.9265 -0.6967 0.7317 -1.0005
12778 -55.00 0.53 42.89 0.5852 -0.6481 -0.2763 0.6593 -0.7257
12798 -55.00 1.32 39.33 -0.9072 0.7073 -0.6601 0.6878 -0.9310
12818 -55.00 2.08 39.74 0.6916 0.1529 -0.6643 0.6071 -0.9200
12838 -55.00 2.94 45.37 -0.5688 -0.0905 -0.5524 0.4535 -0.7495
12858 -55.00 3.77 40.55 0.4079 0.3834 -0.5395 0.5790 -0.8002
12878 -55.00 4.44 31.34 0.9978 -0.7948 -0.8787 0.5832 -1.0478
12898 -55.00 5.02 28.41 1.0300 -0.8641 -0.8657 0.6883 -1.0556
12918 -55.00 5.64 35.12 1.0010 -1.0446 -0.7030 0.9500 -1.1287
12938 -55.00 0.12 42.38 -0.7300 -0.0856 -0.3996 0.8024 -0.8776
12958 -55.00 0.94 42.64 0.6755 0.1690 -0.6608 0.6016 -0.9137
12978 -55.00 1.72 39.24 0.1372 -0.9672 -0.6984 0.7795 -1.0336
12998 -55.00 2.50 42.63 -0.9379 0.7170 -0.3108 0.9301 -0.9012
13018 -55.00 3.36 43.58 0.9849 -0.7400 -0.3852 0.9504 -0.9422
13038 -55.00 4.12 34.63 -1.0330 0.1400 -0.6859 0.8863 -1.0935
13058 -55.00 4.71 29.74 -1.0990 0.6332 -0.8508 0.7023 -1.1000
13078 -55.00 5.28 32.26 -1.0974 0.5752 -0.8078 0.7433 -1.0710
13098 -55.00 5.93 39.37 -0.8057 0.8347 -0.5219 0.7908 -0.9087
13118 -55.00 0.44 40.86 0.6481 -0.2919 -0.4045 0.5076 -0.6440
13138 -55.00 1.27 40.16 -0.8976 -0.0663 -0.4759 0.9658 -0.9568
13158 -55.00 2.03 39.71 -0.0788 0.9394 -0.5174 0.9047 -0.9593
13178 -55.00 2.85 44.49 0.1565 -0.7577 -0.5522 0.5789 -0.8335
13198 -55.00 3.70 42.16 -0.1820 0.8895 -0.6562 0.6727 -0.9299
13218 -55.00 4.38 30.88 1.0687 0.0175 -0.9005 0.8587 -1.3048
13238 -55.00 4.93 29.97 0.7980 0.1062 -0.7469 0.6473 -0.9864
13258 -55.00 5.55 33.10 0.9946 -0.1130 -0.6758 0.8539 -1.0182
13278 -55.00 6.28 40.37 0.1726 -0.9124 -0.6233 0.7424 -0.9388
13298 -55.00 0.82 41.97 -0.3415 0.7396 -0.5107 0.5359 -0.7530
13318 -55.00 1.60 38.86 0.8689 -0.7142 -0.6934 0.6151 -0.9269
13338 -55.00 2.41 43.07 -0.7831 -0.1469 -0.3904 0.9205 -0.9092
13358 -55.00 3.26 37.20 0.7077 0.2222 -0.4032 0.8835 -0.9204
13378 -55.00 4.03 37.13 -0.1368 -0.8431 -0.6088 0.8694 -0.9275
13398 -55.00 4.65 29.75 -1.0378 0.0127 -0.9723 0.6880 -1.2144
13418 -55.00 5.17 30.17 -0.4286 -0.6465 -0.8134 0.7141 -1.0006
13438 -55.00 5.84 36.79 -0.9089 0.0610 -0.5695 0.8414 -0.9760
13458 -55.00 0.36 40.69 0.5078 0.1400 -0.5315 0.4270 -0.8276
13478 -55.00 1.16 40.32 0.0824 -0.9398 -0.5204 0.9014 -0.9307
13498 -55.00 1.94 39.31 -0.8057 0.8169 -0.4393 0.8276 -0.8990
13518 -55.00 2.76 43.46 0.8108 -0.6852 -0.5921 0.6412 -0.9029
13538 -55.00 3.60 42.22 -0.8283 0.6042 -0.5859 0.6252 -0.9289
13558 -55.00 4.32 33.05 0.3821 0.7009 -0.7533 0.7996 -1.1075
13578 -55.00 4.89 29.20 0.5078 0.5913 -0.8639 0.6811 -1.0903
13598 -55.00 5.47 28.31 0.4353 0.6090 -0.7575 0.7258 -0.9770
13618 -55.00 6.21 39.83 0.9076 -0.8077 -0.4822 0.8706 -0.9292
13638 -55.00 0.75 41.77 -0.8573 0.6654 -0.6055 0.6656 -0.9136
13658 -55.00 1.52 38.63 0.8012 0.1658 -0.6654 0.7916 -1.0320
13678 -55.00 2.29 41.18 0.1791 -0.9817 -0.5859 0.8660 -1.0265
13698 -55.00 3.16 45.49 -0.2271 0.9136 -0.4431 0.8418 -1.0449
13718 -55.00 3.95 38.79 0.7915 -0.9672 -0.5243 0.8871 -0.9543
13738 -55.00 4.57 30.20 -0.1078 -1.0978 -0.9923 0.8918 -1.4583
13758 -55.00 5.13 28.95 -0.0724 -0.9398 -0.8931 0.6910 -1.0996
13778 -55.00 5.78 35.75 -0.7058 -0.1565 -0.7584 0.5186 -0.9207
13798 -55.00 0.30 42.69 -0.2110 0.9975 -0.4816 0.9345 -0.9506
13818 -55.00 1.11 38.58 0.3773 -0.9108 -0.6471 0.6471 -0.9315
13838 -55.00 1.88 42.46 -0.8573 0.5897 -0.6233 0.6171 -0.9211
13858 -55.00 2.72 43.29 0.5949 -0.1501 -0.3200 0.5295 -0.5941
13878 -55.00 3.58 42.89 -0.7074 0.2303 -0.4067 0.5960 -0.6979
13898 -55.00 4.30 33.58 0.1210 0.9652 -0.7711 0.9070 -1.2427
13918 -55.00 4.87 27.39 0.3128 0.7654 -0.8994 0.6494 -1.1012
13938 -55.00 5.45 33.69 0.1436 0.9008 -0.7367 0.8596 -1.1438
13958 -55.00 6.19 41.65 0.8753 -0.7496 -0.6748 0.6636 -0.9320
13978 -55.00 0.73 42.12 -0.7171 0.2867 -0.4281 0.5811 -0.7162
13998 -55.00 1.51 39.46 0.7141 0.1658 -0.6924 0.6285 -0.9295
14018 -55.00 2.29 42.08 0.1726 -0.9302 -0.5927 0.7923 -0.9528
14038 -55.00 3.15 46.41 -0.1949 0.9201 -0.4987 0.8316 -0.9244
14058 -55.00 3.94 36.57 0.7496 -0.9302 -0.5546 0.8157 -0.9587
14078 -55.00 4.57 29.84 -0.0853 -1.0801 -0.9820 0.8504 -1.3354
14098 -55.00 5.13 29.32 0.0179 -1.0188 -0.8759 0.7699 -1.1486
14118 -55.00 5.77 34.91 -0.5398 -0.0663 -0.6096 0.2652 -0.8643
14138 -55.00 0.29 42.21 -0.1707 0.9136 -0.6033 0.7614 -0.9404
14158 -55.00 1.10 39.98 0.4144 -0.8141 -0.5903 0.5606 -0.8579
14178 -55.00 1.88 39.60 -0.8250 0.5913 -0.6421 0.5576 -0.9292
14198 -55.00 2.71 45.90 0.6690 0.0884 -0.2658 0.7845 -0.7753
14218 -55.00 3.56 42.85 -0.7880 -0.1259 -0.3700 0.9189 -0.9062
14238 -55.00 4.28 34.22 -0.0272 1.0442 -0.8808 0.8006 -1.2213
14258 -55.00 4.84 28.52 0.0130 0.8556 -0.7749 0.6251 -0.9393
14278 -55.00 5.42 33.05 -0.0240 1.0168 -0.8568 0.7825 -1.1582
14298 -55.00 6.16 42.08 0.7641 -0.4031 -0.5052 0.5737 -0.8052
14318 -55.00 0.71 42.41 -0.7364 0.0739 -0.3791 0.7169 -0.7982
14338 -55.00 1.49 39.00 0.4321 0.7106 -0.6369 0.9622 -0.8549
14358 -55.00 2.29 41.02 0.1742 -0.9447 -0.6031 0.8043 -0.9721
14378 -55.00 3.13 45.15 -0.1336 0.7267 -0.5485 0.5455 -0.8147
14398 -55.00 3.93 37.93 0.9575 -0.9318 -0.5463 0.9445 -1.0318
14418 -55.00 4.57 30.64 -0.0740 -1.0704 -0.9896 0.8130 -1.2943
14438 -55.00 5.12 29.94 0.1839 -1.0655 -0.8719 0.7331 -1.1607
14458 -55.00 5.75 34.98 -0.2900 -0.5047 -0.5585 0.5786 -0.9317
14478 -55.00 0.27 42.66 -0.1352 0.6364 -0.5239 0.4185 -0.6998
14498 -55.00 1.09 41.06 0.7399 -0.8480 -0.4285 0.8175 -0.8919
14518 -55.00 1.85 34.40 -0.8541 0.1852 -0.5185 0.7339 -0.8963
14538 -55.00 2.66 43.18 0.6416 0.1594 -0.5888 0.6102 -0.8888
14558 -55.00 3.51 41.00 -0.6461 -0.1372 -0.6201 0.5617 -0.8594
14578 -55.00 4.23 35.35 -0.6139 1.0732 -0.7384 0.7838 -1.0277
14598 -55.00 4.80 26.47 -0.6010 1.1506 -0.9273 0.6816 -1.1325
14618 -55.00 5.38 31.26 -0.3367 0.9910 -0.8194 0.5866 -0.9680
14638 -55.00 6.12 39.38 0.7851 0.0369 -0.4574 0.8080 -0.9094
14658 -55.00 0.67 44.12 -0.7283 -0.1420 -0.6123 0.7051 -0.9249
14678 -55.00 1.44 39.64 -0.1336 1.0458 -0.6328 0.9462 -1.0834
14698 -55.00 2.21 44.39 1.0043 -0.8157 -0.5313 0.9259 -0.9579
14718 -55.00 3.06 45.03 -0.9395 0.7202 -0.4562 0.8706 -0.9160
14738 -55.00 3.87 39.19 0.8624 -0.4692 -0.5993 0.6216 -0.8736
14758 -55.00 4.52 30.70 0.5078 -1.0849 -0.8237 0.7071 -1.0608
14778 -55.00 5.10 29.65 0.4434 -1.1058 -0.8559 0.7115 -1.1221
14798 -55.00 5.73 35.95 0.0195 -0.9414 -0.6371 0.8670 -1.0145
14818 -55.00 0.23 40.20 -0.7525 0.6558 -0.2983 0.7625 -0.8072
14838 -55.00 1.04 40.93 0.9011 -0.7271 -0.6559 0.6955 -0.9388
14858 -55.00 1.80 38.93 -0.7364 -0.1195 -0.6976 0.6105 -0.9235
14878 -55.00 2.63 43.49 0.1146 0.4559 -0.2743 0.5376 -0.5729
14898 -55.00 3.48 43.85 -0.2061 -0.4837 -0.3711 0.6032 -0.6375
14918 -55.00 4.22 33.75 -0.8976 1.0748 -0.6865 0.9256 -1.1340
14938 -55.00 4.81 29.12 -0.3834 1.0877 -0.8725 0.6753 -1.0961
14958 -55.00 5.39 33.54 -0.2529 1.0168 -0.8597 0.6178 -1.0319
14978 -55.00 6.11 38.97 0.8528 0.1690 -0.5583 0.9423 -1.0887
14998 -55.00 0.65 42.63 -0.5897 -0.1307 -0.6166 0.4573 -0.7826
15018 -55.00 1.45 38.71 -0.0595 0.9136 -0.5323 0.8728 -1.0150
15038 -55.00 2.22 41.53 0.8141 -0.7577 -0.4235 0.8045 -0.8633
15058 -55.00 3.06 43.71 -0.9427 0.7202 -0.4843 0.8583 -0.9469
15078 -55.00 3.88 36.25 0.8802 -0.6578 -0.7033 0.5857 -0.9228
15098 -55.00 4.53 31.66 0.3370 -1.0188 -0.8445 0.6036 -1.0198
15118 -55.00 5.11 28.94 0.3467 -1.0784 -0.8503 0.6996 -1.0993
15138 -55.00 5.74 34.82 -0.0933 -0.8206 -0.6035 0.8045 -0.9319
15158 -55.00 0.24 42.39 -0.5398 0.6300 -0.2996 0.6119 -0.6663
15178 -55.00 1.06 40.25 1.0816 -0.8464 -0.5060 1.0189 -1.0797
15198 -55.00 1.82 41.05 -0.8299 -0.1598 -0.6095 0.8703 -1.0077
15218 -55.00 2.64 44.27 0.3338 0.3318 -0.3960 0.5349 -0.6998
15238 -55.00 3.50 43.52 -0.5237 -0.1759 -0.5580 0.4672 -0.7368
15258 -55.00 4.23 33.80 -0.5365 1.0281 -0.7706 0.6810 -0.9865
15278 -55.00 4.83 29.06 -0.1820 1.0619 -0.9040 0.6877 -1.1399
15298 -55.00 5.40 32.49 -0.1530 0.9846 -0.8468 0.6370 -1.0602
15318 -55.00 6.12 38.44 0.7915 0.0643 -0.4744 0.8267 -0.9030
15338 -55.00 0.66 42.46 -0.6977 -0.1307 -0.6314 0.6283 -0.9071
15358 -55.00 1.45 38.90 -0.0530 0.8798 -0.5175 0.8401 -0.9314
15378 -55.00 2.22 40.48 0.8818 -0.7529 -0.3951 0.8666 -0.9127
15398 -55.00 3.06 43.49 -0.9266 0.7267 -0.5252 0.8217 -0.9488
15418 -55.00 3.88 37.83 0.8802 -0.6384 -0.6949 0.5867 -0.9171
15438 -55.00 4.52 31.32 0.3725 -1.0430 -0.8415 0.6397 -1.0405
15458 -55.00 5.09 29.77 0.3338 -1.0913 -0.9312 0.6193 -1.1008
15478 -55.00 5.74 34.87 -0.1175 -0.7916 -0.6007 0.7854 -0.8659
15498 -55.00 0.24 41.90 -0.5462 0.6316 -0.2965 0.6179 -0.6490
15518 -55.00 1.06 40.59 1.0494 -0.8157 -0.4848 0.9895 -1.0529
15538 -55.00 1.82 40.52 -0.8299 -0.1517 -0.6121 0.8614 -1.0035
15558 -55.00 2.62 45.01 0.0308 0.5010 -0.2137 0.5575 -0.6354
15578 -55.00 3.50 42.25 -0.4689 -0.2226 -0.5212 0.4761 -0.7288
15598 -55.00 4.23 34.32 -0.5688 1.0361 -0.7677 0.6982 -0.9883
15618 -55.00 4.82 29.19 -0.2142 1.0539 -0.8986 0.6584 -1.1269
15638 -55.00 5.40 31.69 -0.1368 0.9717 -0.8701 0.5912 -1.0520
15658 -55.00 6.12 39.49 0.8173 0.0949 -0.4753 0.8832 -0.9365
15678 -55.00 0.66 43.01 -0.6977 -0.1372 -0.6412 0.6250 -0.9084
15698 -55.00 1.44 40.23 -0.1368 1.0168 -0.6382 0.9004 -0.9917
15718 -55.00 2.22 40.88 0.8350 -0.7561 -0.3960 0.8326 -0.8939
15738 -55.00 3.06 44.06 -0.9572 0.7331 -0.4791 0.8792 -0.9554
15758 -55.00 3.87 38.83 0.8560 -0.4724 -0.6007 0.6119 -0.8717
15778 -55.00 4.53 30.16 0.2177 -1.0027 -0.8906 0.5650 -1.1030
15798 -55.00 5.10 27.97 0.3467 -1.0881 -0.8952 0.6592 -1.0908
15818 -55.00 5.73 36.94 -0.0240 -0.8592 -0.5889 0.8159 -0.9420
15838 -55.00 0.23 41.76 -0.6010 0.5832 -0.2435 0.6391 -0.6609
15858 -55.00 1.05 40.08 1.0236 -0.8044 -0.5930 0.9001 -1.0428
15878 -55.00 1.82 38.29 -0.8541 -0.1710 -0.6097 0.9135 -1.0962
15898 -55.00 2.62 43.50 0.0614 0.4688 -0.2457 0.5254 -0.5617
15918 -55.00 3.48 44.35 -0.1191 -0.4499 -0.2643 0.5388 -0.6127
15938 -55.00 4.23 34.20 -0.6220 1.0813 -0.7279 0.8051 -1.0273
15958 -55.00 4.82 30.08 -0.2658 1.0619 -0.9032 0.6369 -1.1078
15978 -55.00 5.40 31.41 -0.2400 0.9926 -0.8249 0.6264 -1.0287
15998 -55.00 6.13 38.57 0.8157 -0.0663 -0.4816 0.7674 -0.9002
16018 -55.00 0.66 42.04 -0.6848 -0.1130 -0.6512 0.5669 -0.8786
16038 -55.00 1.45 38.89 -0.0595 0.9958 -0.5863 0.9508 -1.0187
16058 -55.00 2.22 42.63 0.9720 -0.8141 -0.4173 0.9561 -0.9324
16078 -55.00 3.07 44.74 -0.8154 0.6558 -0.3396 0.7947 -0.8545
16098 -55.00 3.88 39.23 0.8560 -0.6562 -0.6805 0.5822 -0.9150
16118 -55.00 4.52 31.26 0.3531 -1.0398 -0.8326 0.6518 -1.0400
16138 -55.00 5.11 28.71 0.2532 -1.0623 -0.8841 0.6707 -1.1080
16158 -55.00 5.74 35.40 -0.1497 -0.6868 -0.5412 0.7092 -0.8862
16178 -55.00 0.25 44.11 -0.4173 0.6106 -0.3189 0.5365 -0.5977
16198 -55.00 1.08 35.43 0.8947 -0.8125 -0.4311 0.8900 -0.9255
16218 -55.00 1.83 38.82 -0.8589 -0.1098 -0.4987 0.9362 -0.9536
16238 -55.00 2.66 43.82 0.5981 0.1320 -0.5598 0.5403 -0.8260
16258 -55.00 3.51 42.91 -0.6139 -0.1420 -0.6067 0.5268 -0.8401
16278 -55.00 4.23 32.98 -0.5285 1.0265 -0.7632 0.6866 -0.9904
16298 -55.00 4.83 29.04 -0.0724 1.0361 -0.9851 0.6067 -1.1456
16318 -55.00 5.40 33.58 -0.1691 0.9910 -0.8374 0.6502 -1.0588
16338 -55.00 6.12 39.01 0.7851 0.0643 -0.4841 0.8125 -0.9172
16358 -55.00 0.66 43.31 -0.6655 -0.1162 -0.6228 0.5689 -0.8750
16378 -55.00 1.45 39.08 -0.0530 0.9652 -0.5736 0.9211 -1.0175
16398 -55.00 2.22 41.10 0.8624 -0.7384 -0.3744 0.8540 -0.9006
16418 -55.00 3.06 46.99 -0.9346 0.7202 -0.4581 0.8654 -0.9484
16438 -55.00 3.89 34.73 0.8818 -0.6916 -0.7164 0.5901 -0.9265
16458 -55.00 4.53 30.72 0.3080 -1.0188 -0.8688 0.5806 -1.0037
16478 -55.00 5.09 28.68 0.4079 -1.1010 -0.9135 0.6362 -1.0841
16498 -55.00 5.74 34.57 -0.1111 -0.7561 -0.5724 0.7503 -0.9878
16518 -55.00 0.24 42.54 -0.4721 0.6397 -0.3530 0.5617 -0.6485
16538 -55.00 1.06 39.91 0.9559 -0.8335 -0.5449 0.8862 -1.0985
16558 -55.00 1.82 41.10 -0.8299 -0.1694 -0.6064 0.8810 -1.0577
16578 -55.00 2.62 44.18 0.0308 0.5849 -0.2437 0.6496 -0.6805
16598 -55.00 3.50 43.01 -0.4463 -0.2210 -0.5050 0.4552 -0.6933
16618 -55.00 4.23 33.84 -0.6510 1.0458 -0.7319 0.7615 -1.0115
16638 -55.00 4.81 28.98 -0.3883 1.0877 -0.8797 0.6644 -1.0952
16658 -55.00 5.40 31.70 -0.1352 0.9749 -0.8545 0.6210 -1.0713
16678 -55.00 6.12 42.81 0.8447 0.0884 -0.4655 0.9191 -0.9650
16698 -55.00 0.66 37.28 -0.7026 -0.1275 -0.6571 0.6061 -0.9081
16718 -55.00 1.46 38.87 -0.0321 0.8846 -0.5305 0.8518 -0.9224
16738 -55.00 2.22 40.50 0.8528 -0.7593 -0.4039 0.8437 -0.9204
16758 -55.00 3.06 43.45 -0.9492 0.7315 -0.4948 0.8626 -0.9549
16778 -55.00 3.88 38.02 0.8753 -0.6755 -0.7101 0.5807 -0.9203
16798 -55.00 4.53 30.48 0.3660 -1.0688 -0.8644 0.6578 -1.0510
16818 -55.00 5.09 26.45 0.4659 -1.1042 -0.8353 0.7290 -1.0976
16838 -55.00 5.74 34.59 -0.1449 -0.7496 -0.5951 0.7536 -0.9273
16858 -55.00 0.25 42.37 -0.4173 0.5978 -0.3225 0.5215 -0.5994
16878 -55.00 1.08 41.25 0.8463 -0.7513 -0.3878 0.8422 -0.9248
16898 -55.00 1.83 40.22 -0.8718 -0.1436 -0.5065 0.9753 -0.9913
16918 -55.00 2.64 42.78 0.2693 0.3044 -0.3478 0.4567 -0.7473
16938 -55.00 3.52 43.21 -0.6913 -0.1420 -0.6111 0.6492 -0.9043
16958 -55.00 4.23 34.33 -0.6010 1.0442 -0.7284 0.7537 -1.0086
16978 -55.00 4.82 29.11 -0.2384 1.0555 -0.9311 0.5987 -1.0897
16998 -55.00 5.41 31.91 -0.0353 0.9459 -0.8744 0.6208 -1.0792
17018 -55.00 6.08 39.19 0.7415 0.1497 -0.6861 0.6634 -0.9320
17038 -55.00 0.63 42.71 -0.2352 -0.4160 -0.3852 0.5353 -0.6447
17058 -55.00 1.42 40.72 -0.1256 0.9072 -0.7156 0.6740 -0.9579
17078 -55.00 2.17 44.53 0.7577 -0.6465 -0.6321 0.5196 -0.8615
17098 -55.00 3.02 44.03 -0.6494 0.3076 -0.3807 0.5264 -0.7082
17118 -55.00 3.85 39.90 0.8560 -0.1130 -0.4867 0.7925 -0.9066
17138 -55.00 4.50 31.07 0.8125 -1.1558 -0.7911 0.8849 -1.1951
17158 -55.00 5.06 29.57 0.7432 -1.1494 -0.9482 0.6780 -1.1225
17178 -55.00 5.69 36.15 0.1726 -0.9366 -0.7910 0.6067 -1.0298
17198 -55.00 0.20 43.66 -0.8960 0.7347 -0.5850 0.7550 -0.9266
17218 -55.00 1.01 41.60 0.8237 -0.2500 -0.4392 0.7214 -0.8293
17238 -55.00 1.79 38.62 -0.7058 -0.1114 -0.7242 0.5109 -0.8968
17258 -55.00 2.60 42.49 -0.1143 0.8234 -0.3517 0.8198 -0.8659
17278 -55.00 3.45 43.43 0.2274 -0.9559 -0.3554 0.9334 -0.9363
17298 -55.00 4.20 33.68 -1.1426 1.0619 -0.8122 0.9832 -1.3134
17318 -55.00 4.77 29.99 -0.8315 1.1328 -0.9323 0.7125 -1.1981
17338 -55.00 5.34 28.31 -0.9089 1.0152 -0.8088 0.7688 -1.1007
17358 -55.00 6.05 38.40 0.3209 0.4366 -0.5010 0.5719 -0.7685
17378 -55.00 0.60 43.26 0.1178 -0.8206 -0.3422 0.8186 -0.8378
17398 -55.00 1.39 37.88 -0.5785 0.8621 -0.5411 0.6923 -0.8711
17418 -55.00 2.16 40.81 0.7593 -0.4080 -0.5223 0.5520 -0.7582
17438 -55.00 3.03 45.49 -0.6526 0.5575 -0.5491 0.4422 -0.7313
17458 -55.00 3.85 40.41 0.8624 -0.2210 -0.5138 0.7339 -0.8901
17478 -55.00 4.51 31.28 0.6271 -1.1026 -0.8033 0.7602 -1.0805
17498 -55.00 5.07 28.68 0.6110 -1.1123 -0.9123 0.6393 -1.1024
17518 -55.00 5.70 35.45 0.1146 -0.9463 -0.7604 0.6989 -1.0250
17538 -55.00 0.20 42.03 -0.9379 0.7460 -0.5318 0.8361 -0.9744
17558 -55.00 1.01 39.06 0.7899 -0.3242 -0.5016 0.6155 -0.7972
17578 -55.00 1.79 39.49 -0.7042 -0.1050 -0.7137 0.5147 -0.8955
17598 -55.00 2.60 42.72 -0.1272 0.7460 -0.2914 0.7431 -0.7792
17618 -55.00 3.45 44.07 0.2274 -0.9672 -0.3627 0.9442 -0.9129
17638 -55.00 4.20 34.58 -1.1555 1.0861 -0.7663 1.0451 -1.3189
17658 -55.00 4.78 29.75 -0.8476 1.1393 -0.8814 0.7899 -1.1838
17678 -55.00 5.28 31.19 -1.0620 0.5623 -0.7863 0.7146 -1.0274
17698 -55.00 6.00 39.97 -0.1175 0.9298 -0.6836 0.7470 -1.0016
17718 -55.00 0.53 45.26 0.6094 -0.6610 -0.2371 0.6960 -0.7105
17738 -55.00 1.33 39.48 -0.9330 0.7202 -0.6471 0.7333 -0.9507
17758 -55.00 2.09 41.02 0.6996 0.1578 -0.6286 0.6616 -0.9221
17778 -55.00 2.94 43.94 -0.5494 -0.0792 -0.5411 0.4196 -0.7092
17798 -55.00 3.77 40.57 0.3950 0.3786 -0.5337 0.5600 -0.7885
17818 -55.00 4.44 30.58 0.9994 -0.7787 -0.8642 0.5963 -1.0402
17838 -55.00 5.03 27.75 0.9333 -0.6884 -0.6548 0.7126 -1.0047
17858 -55.00 5.64 36.69 0.8802 -0.9769 -0.6713 0.8415 -1.0116
17878 -55.00 0.11 41.68 -0.7590 -0.1662 -0.5074 0.8459 -0.9316
17898 -55.00 0.94 41.29 0.6900 0.1674 -0.6649 0.6197 -0.9172
17918 -55.00 1.70 39.33 0.1404 -0.8721 -0.6802 0.6438 -0.9279
17938 -55.00 2.52 42.84 -0.6913 0.6654 -0.3041 0.7223 -0.7098
17958 -55.00 3.38 45.18 0.8173 -0.6578 -0.1763 0.8482 -0.9099
17978 -55.00 4.13 36.82 -1.0362 0.2174 -0.6752 0.8593 -1.0572
17998 -55.00 4.73 28.84 -1.0346 0.8492 -0.8944 0.6459 -1.1583
18018 -55.00 5.30 30.74 -1.0346 0.7573 -0.8223 0.6864 -1.0649
18038 -55.00 6.01 38.69 -0.1385 1.0168 -0.6349 0.9018 -1.0500
18058 -55.00 0.52 42.43 0.6078 -0.6062 -0.2450 0.6566 -0.6777
18078 -55.00 1.33 39.99 -0.9846 0.7912 -0.6353 0.8276 -1.0225
18098 -55.00 2.09 37.16 0.7335 0.1787 -0.6453 0.7199 -0.9429
18118 -55.00 2.92 44.16 -0.2303 -0.3483 -0.3071 0.4952 -0.5271
18138 -55.00 3.78 41.27 0.4885 0.3592 -0.5710 0.6310 -0.9438
18158 -55.00 4.44 30.92 0.9478 -0.8383 -0.8847 0.5408 -1.0307
18178 -55.00 4.99 29.57 1.0494 -0.6046 -0.8364 0.6403 -1.0174
18198 -55.00 5.63 36.35 1.0365 -0.9640 -0.7208 0.9052 -1.1509
18218 -55.00 0.09 47.11 -0.7026 -0.1179 -0.6124 0.6418 -0.9107
18238 -55.00 0.92 41.51 0.4305 0.3915 -0.5159 0.6402 -0.9242
18258 -55.00 1.67 34.77 0.4047 -0.8109 -0.5789 0.5677 -0.8334
18278 -55.00 2.49 43.03 -0.9588 0.7654 -0.4946 0.8852 -0.9702
18298 -55.00 3.33 43.57 0.8818 -0.7061 -0.5443 0.7582 -0.8554
18318 -55.00 4.09 34.91 -0.9089 -0.1179 -0.7923 0.7968 -1.1338
18338 -55.00 4.70 30.09 -1.1426 0.4366 -0.8482 0.7811 -1.1283
18358 -55.00 5.26 31.56 -1.0974 0.3592 -0.8194 0.7620 -1.1019
18378 -55.00 5.94 36.94 -0.7300 0.8363 -0.5030 0.7589 -0.8886
18398 -55.00 0.47 43.05 0.8399 -0.6820 -0.5782 0.6800 -0.9092
18418 -55.00 1.28 39.42 -0.8154 0.1078 -0.4427 0.7672 -0.8901
18438 -55.00 2.04 41.85 0.1017 0.6429 -0.3766 0.7142 -0.7772
18458 -55.00 2.88 43.57 0.2161 -0.9124 -0.3797 0.8748 -0.9022
18478 -55.00 3.73 39.84 -0.2158 1.0619 -0.5591 0.9734 -1.0675
18498 -55.00 4.39 32.12 1.1187 -0.1050 -0.8327 0.9129 -1.2223
18518 -55.00 4.95 28.42 0.9398 -0.1050 -0.7831 0.6689 -1.0314
18538 -55.00 5.57 33.75 1.0107 -0.3902 -0.6865 0.7534 -0.9724
18558 -55.00 0.03 41.57 0.0437 -0.7158 -0.3502 0.7220 -0.7837
18578 -55.00 0.87 43.19 -0.2029 1.0039 -0.5481 0.9092 -1.0167
18598 -55.00 1.62 39.10 1.0107 -0.8335 -0.6198 0.8835 -1.0764
18618 -55.00 2.43 42.91 -0.7074 0.0336 -0.3145 0.7335 -0.8039
18638 -55.00 3.28 44.62 0.5788 -0.0340 -0.2675 0.5918 -0.5668
18658 -55.00 4.06 37.35 -0.6026 -0.3822 -0.7213 0.6823 -0.9309
18678 -55.00 4.69 29.22 -1.2006 0.2754 -0.8819 0.8969 -1.2550
18698 -55.00 5.25 30.19 -1.0571 0.1884 -0.8585 0.7313 -1.1220
18718 -55.00 5.92 37.90 -1.0120 0.8943 -0.6077 0.9251 -1.0858
18738 -55.00 0.44 43.78 0.6948 -0.3435 -0.4145 0.5576 -0.6912
18758 -55.00 1.25 40.51 -0.8879 -0.1662 -0.5837 0.9716 -1.0672
18778 -55.00 2.02 39.54 -0.0756 0.9072 -0.5002 0.8736 -0.9321
18798 -55.00 2.85 43.32 0.1388 -0.7400 -0.5815 0.5298 -0.8095
18818 -55.00 3.67 41.43 -0.6059 0.7347 -0.3580 0.6982 -0.7360
18838 -55.00 4.37 31.34 0.9849 0.0482 -0.8884 0.7551 -1.2145
18858 -55.00 4.93 28.50 0.7915 0.1658 -0.7469 0.6992 -1.0063
18878 -55.00 5.53 37.03 0.9833 0.0643 -0.7682 0.8880 -1.2210
18898 -55.00 6.28 40.32 0.1581 -0.8576 -0.6359 0.6548 -0.9179
18918 -55.00 0.82 42.60 -0.4350 0.7525 -0.4332 0.6190 -0.7253
18938 -55.00 1.60 37.92 0.8495 -0.7094 -0.7089 0.5718 -0.9220
18958 -55.00 2.39 43.29 -0.7686 -0.1904 -0.5270 0.8680 -0.9386
18978 -55.00 3.26 44.64 0.7496 0.2335 -0.3801 0.9543 -0.9762
18998 -55.00 4.03 30.08 -0.2158 -0.7351 -0.6422 0.7627 -0.9703
19018 -55.00 4.64 29.63 -0.9492 -0.0308 -0.9579 0.5690 -1.1205
19038 -55.00 5.21 29.93 -0.8138 -0.2274 -0.8293 0.7148 -1.0753
19058 -55.00 5.89 37.36 -0.8815 0.7589 -0.7148 0.6331 -0.9287
19078 -55.00 0.40 42.59 0.7399 0.1674 -0.4089 0.8747 -0.9240
19098 -55.00 1.21 39.09 -0.6687 -0.1517 -0.7026 0.5181 -0.8983
19118 -55.00 1.98 38.97 -0.0949 0.8460 -0.7342 0.5656 -0.9277
19138 -55.00 2.83 45.22 0.2564 -0.7045 -0.4911 0.5171 -0.7679
19158 -55.00 3.68 41.80 -0.4124 0.8105 -0.4927 0.6436 -0.8260
19178 -55.00 4.37 31.71 1.0107 0.0385 -0.9135 0.7624 -1.2421
19198 -55.00 4.94 28.25 0.9076 -0.0550 -0.8283 0.5912 -1.0534
19218 -55.00 5.54 33.07 0.9720 -0.0792 -0.7007 0.8213 -1.0376
19238 -55.00 6.28 40.86 0.1645 -0.8673 -0.6381 0.6644 -0.9192
19258 -55.00 0.83 44.13 -0.2996 0.7315 -0.5124 0.5276 -0.7512
19278 -55.00 1.60 38.76 0.8495 -0.7142 -0.7138 0.5690 -0.9210
19298 -55.00 2.41 41.54 -0.7364 -0.1179 -0.3925 0.8386 -0.8862
19318 -55.00 3.26 44.44 0.7593 0.2545 -0.3762 0.9854 -0.9918
19338 -55.00 4.03 36.35 -0.2335 -0.6739 -0.6059 0.7217 -0.9220
19358 -55.00 4.65 29.83 -1.0636 0.0304 -0.9748 0.7184 -1.2417
19378 -55.00 5.22 31.77 -0.8476 -0.1823 -0.8268 0.7243 -1.0986
19398 -55.00 5.87 36.28 -0.9153 0.6106 -0.6862 0.6310 -0.9357
19418 -55.00 0.42 42.15 0.7141 0.0659 -0.3505 0.7909 -0.8550
19438 -55.00 1.21 39.55 -0.6171 -0.2194 -0.6821 0.5359 -0.8838
19458 -55.00 2.00 40.25 -0.1143 0.9265 -0.7023 0.7263 -0.9784
19478 -55.00 2.83 45.98 0.3386 -0.6175 -0.3739 0.4926 -0.7107
19498 -55.00 3.70 37.09 -0.1256 0.8298 -0.7339 0.5116 -0.8954
19518 -55.00 4.38 32.30 1.0494 0.0240 -0.8824 0.8507 -1.2662
19538 -55.00 4.93 27.93 0.7415 0.1158 -0.6925 0.6213 -0.8741
19558 -55.00 5.55 33.43 0.9914 -0.1662 -0.7023 0.7964 -1.0222
19578 -55.00 0.00 41.30 0.1742 -0.9366 -0.6036 0.7925 -0.9394
19598 -55.00 0.83 41.90 -0.2497 0.7621 -0.5732 0.5247 -0.8000
19618 -55.00 1.60 40.07 0.8560 -0.7142 -0.6837 0.6118 -0.9240
19638 -55.00 2.39 44.03 -0.7751 -0.1888 -0.5472 0.8626 -1.0006
19658 -55.00 3.26 43.85 0.7206 0.2190 -0.4138 0.8918 -0.9253
19678 -55.00 4.03 36.80 -0.1433 -0.8077 -0.6251 0.8128 -0.9880
19698 -55.00 4.65 29.00 -1.0120 0.0175 -0.9706 0.6326 -1.1797
19718 -55.00 5.22 31.12 -0.8589 -0.1920 -0.8250 0.7563 -1.1045
19738 -55.00 5.87 36.35 -0.8686 0.6235 -0.7015 0.5568 -0.9242
19758 -55.00 0.42 41.36 0.6851 0.0546 -0.3287 0.7560 -0.7818
19778 -55.00 1.21 39.81 -0.6752 -0.1501 -0.7178 0.5076 -0.8987
19798 -55.00 2.00 39.42 -0.1272 0.9330 -0.6942 0.7363 -1.0000
19818 -55.00 2.82 44.58 0.3821 -0.5901 -0.3230 0.5039 -0.5753
19838 -55.00 3.67 41.14 -0.5478 0.8041 -0.4699 0.6737 -0.8105
19858 -55.00 4.37 29.84 1.0026 0.0465 -0.9048 0.7659 -1.2244
19878 -55.00 4.93 30.01 0.7657 0.1787 -0.7212 0.6975 -1.0086
19898 -55.00 5.53 32.52 1.0010 0.0594 -0.7840 0.8974 -1.1689
19918 -55.00 6.28 40.54 0.1662 -0.8641 -0.6108 0.6839 -0.9206
19938 -55.00 0.83 41.81 -0.3254 0.7251 -0.4911 0.5351 -0.7412
19958 -55.00 1.60 40.30 0.8624 -0.7142 -0.6833 0.6192 -0.9249
19978 -55.00 2.39 41.05 -0.7638 -0.1888 -0.5383 0.8531 -0.9555
19998 -55.00 3.26 43.63 0.0018 0.4978 0.2163 0.5336 0.5676
20018 -55.00 4.01 37.64 0.0904 -0.9414 -0.5983 0.8492 -1.1478
20038 -55.00 4.62 29.75 -0.6397 -0.4579 -0.8550 0.6963 -1.0797
20058 -55.00 5.20 29.22 -0.7026 -0.3677 -0.8232 0.7106 -1.0627
20078 -55.00 5.86 36.28 -0.8750 0.4527 -0.6226 0.6150 -0.8777
20098 -55.00 0.40 43.16 0.7657 0.1690 -0.3945 0.9147 -0.9289
20118 -55.00 1.20 38.97 -0.4415 -0.4241 -0.6005 0.6234 -0.8184
20138 -55.00 1.97 42.27 -0.2626 0.7895 -0.6147 0.5185 -0.8368
20158 -55.00 2.82 43.47 0.4240 -0.6062 -0.2958 0.5472 -0.5945
20178 -55.00 3.67 41.31 -0.4963 0.7364 -0.4347 0.6124 -0.7377
20198 -55.00 4.37 31.37 1.0236 0.0417 -0.8842 0.8211 -1.2375
20218 -55.00 4.93 28.15 0.8979 0.1513 -0.8243 0.7791 -1.0434
20238 -55.00 5.53 33.77 1.0172 0.0208 -0.7642 0.9077 -1.2020
20258 -55.00 0.00 41.52 0.1726 -0.9140 -0.5862 0.7743 -0.9290
20278 -55.00 0.83 42.57 -0.3174 0.7589 -0.5068 0.5694 -0.7914
20298 -55.00 1.60 38.34 0.8656 -0.7255 -0.7152 0.5933 -0.9258
20318 -55.00 2.39 42.18 -0.7815 -0.2001 -0.5184 0.8985 -0.9531
20338 -55.00 3.24 43.91 0.6819 0.2077 -0.5277 0.7667 -0.9266
20358 -55.00 4.03 34.85 -0.1578 -0.7529 -0.5978 0.7680 -0.9305
20378 -55.00 4.64 30.08 -0.9121 -0.0550 -0.9399 0.5448 -1.0683
20398 -55.00 5.22 29.37 -0.9121 -0.1066 -0.8573 0.7202 -1.1143
20418 -55.00 5.88 36.12 -0.8573 0.7073 -0.7236 0.5611 -0.9503
20438 -55.00 0.40 42.94 0.7367 0.1658 -0.4076 0.8700 -0.9235
20458 -55.00 1.21 39.11 -0.6687 -0.1501 -0.7025 0.5162 -0.8903
20478 -55.00 1.98 39.22 -0.0917 0.8041 -0.7141 0.5147 -0.9064
20498 -55.00 2.83 44.31 0.2306 -0.6175 -0.4400 0.4425 -0.7643
20518 -55.00 3.68 41.94 -0.4447 0.8041 -0.4787 0.6479 -0.8108
20538 -55.00 4.37 31.48 0.9817 0.0594 -0.8965 0.7508 -1.2112
20558 -55.00 4.94 28.41 0.8947 -0.0083 -0.7867 0.6621 -1.0014
20578 -55.00 5.54 33.71 1.0300 -0.0759 -0.6935 0.9149 -1.1400
20598 -55.00 6.28 41.00 0.1726 -0.8866 -0.6125 0.7132 -0.9292
20618 -55.00 0.82 40.61 -0.3190 0.7718 -0.5656 0.5308 -0.7815
20638 -55.00 1.62 38.79 0.9720 -0.8125 -0.6641 0.8037 -1.0563
20658 -55.00 2.40 41.70 -0.8041 -0.2001 -0.4723 0.9523 -0.9653
20678 -55.00 3.24 44.76 0.7141 0.2190 -0.4824 0.8483 -0.9353
20698 -55.00 4.02 37.47 -0.0530 -0.9157 -0.6281 0.8899 -1.0533
20718 -55.00 4.64 29.27 -0.9298 -0.0389 -0.9289 0.5832 -1.1113
20738 -55.00 5.21 28.46 -0.8089 -0.2178 -0.8473 0.6728 -1.0852
20758 -55.00 5.87 40.51 -0.8541 0.5800 -0.6689 0.5595 -0.9320
20778 -55.00 0.41 42.64 0.6593 0.0804 -0.3243 0.7441 -0.7927
20798 -55.00 1.21 39.67 -0.6139 -0.2146 -0.6781 0.5288 -0.8693
20818 -55.00 2.00 39.02 -0.1175 0.9249 -0.7096 0.7145 -0.9959
20838 -55.00 2.82 44.45 0.3854 -0.5546 -0.2895 0.4892 -0.5362
20858 -55.00 3.67 41.25 -0.5656 0.7589 -0.4166 0.6697 -0.7609
20878 -55.00 4.37 29.95 0.9994 0.0482 -0.9016 0.7654 -1.2424
20898 -55.00 4.93 31.77 0.8044 0.1578 -0.7599 0.6982 -1.0108
20918 -55.00 5.54 32.50 1.0075 -0.0808 -0.7256 0.8526 -1.1282
20938 -55.00 6.28 40.48 0.3918 -0.4241 0.0160 0.4718 0.4650
20958 -55.00 0.79 40.77 -0.8944 0.7267 -0.3742 0.8740 -0.9017
20978 -55.00 1.55 38.56 0.8173 0.0111 -0.4645 0.8288 -0.9246
20998 -55.00 2.35 42.59 -0.3174 -0.3564 -0.4077 0.5368 -0.6612
21018 -55.00 3.21 38.97 0.3660 0.2496 -0.4223 0.4529 -0.7059
21038 -55.00 4.01 37.64 0.1404 -1.0752 -0.6897 0.9437 -1.2943
21058 -55.00 4.62 29.70 -0.7283 -0.2887 -0.8540 0.6078 -1.0174
21078 -55.00 5.16 30.10 -0.2690 -0.8657 -0.8138 0.8624 -1.1574
21098 -55.00 5.82 36.40 -0.9524 -0.0985 -0.6889 0.9342 -1.1663
21118 -55.00 0.33 40.07 -0.0369 0.6687 -0.2876 0.6945 -0.7072
21138 -55.00 1.14 42.08 0.1742 -0.9640 -0.6231 0.8168 -0.9791
21158 -55.00 1.92 38.87 -1.0023 0.8169 -0.6213 0.8669 -1.0549
21178 -55.00 2.72 43.09 0.6545 -0.0888 -0.2811 0.6520 -0.6967
21198 -55.00 3.58 42.54 -0.7428 0.2045 -0.4081 0.6499 -0.7143
21218 -55.00 4.30 32.31 0.1404 0.9894 -0.8249 0.9144 -1.2232
21238 -55.00 4.87 29.01 0.2774 0.8750 -0.9104 0.7861 -1.1499
21258 -55.00 5.47 31.71 0.4305 0.5816 -0.7403 0.6956 -0.8867
21278 -55.00 6.20 39.63 0.9462 -0.7883 -0.5740 0.8356 -0.9507
21298 -55.00 0.73 42.42 -0.7203 0.4479 -0.5159 0.5127 -0.8569
21318 -55.00 1.52 38.93 0.7528 0.1787 -0.6708 0.7263 -0.9660
21338 -55.00 2.31 43.30 0.1581 -0.8641 -0.3656 0.8444 -0.9143
21358 -55.00 3.16 45.43 -0.2319 0.9620 -0.4746 0.8847 -0.9382
21378 -55.00 3.94 40.14 0.7109 -0.9157 -0.5379 0.7965 -0.9235
21398 -55.00 4.58 30.51 -0.2335 -0.8979 -0.8730 0.8155 -1.1089
21418 -55.00 5.14 29.62 -0.1304 -0.8834 -0.8398 0.7151 -1.0456
21438 -55.00 5.79 36.16 -0.7654 -0.0921 -0.7711 0.5400 -0.9239
21458 -55.00 0.30 43.44 -0.2174 0.9459 -0.4369 0.8892 -0.9716
21478 -55.00 1.12 39.22 0.2822 -0.8125 -0.5978 0.5686 -0.9161
21498 -55.00 1.90 40.46 -0.9072 0.7331 -0.6442 0.7157 -0.9323
21518 -55.00 2.72 43.16 0.6239 -0.0083 -0.2526 0.6696 -0.6727
21538 -55.00 3.57 42.53 -0.7009 0.1255 -0.3760 0.6461 -0.7122
21558 -55.00 4.29 33.04 0.0566 1.0426 -0.8435 0.9058 -1.2947
21578 -55.00 4.86 28.98 0.2113 0.9008 -0.9052 0.7587 -1.2351
21598 -55.00 5.44 31.72 0.1226 0.8911 -0.7485 0.8149 -1.0861
21618 -55.00 6.18 41.58 0.8173 -0.7126 -0.6639 0.5919 -0.9087
21638 -55.00 0.73 41.36 -0.7509 0.2802 -0.4102 0.6385 -0.7436
21658 -55.00 1.51 39.06 0.7238 0.1723 -0.6907 0.6537 -0.9381
21678 -55.00 2.29 41.02 0.1468 -0.9060 -0.6388 0.7332 -0.9410
21698 -55.00 3.15 44.90 -0.1820 0.8846 -0.5509 0.7545 -0.9199
21718 -55.00 3.94 38.39 0.8012 -0.9157 -0.5315 0.8444 -0.9312
21738 -55.00 4.56 30.67 -0.0595 -1.0462 -0.9664 0.7829 -1.2873
21758 -55.00 5.13 30.51 -0.0321 -0.9753 -0.8920 0.7180 -1.0674
21778 -55.00 5.77 39.01 -0.5994 -0.2355 -0.6915 0.5129 -0.8657
21798 -55.00 0.29 41.98 -0.1900 0.9233 -0.5369 0.8140 -0.9353
21818 -55.00 1.11 40.25 0.4095 -0.8077 -0.5380 0.6023 -0.8217
21838 -55.00 1.86 38.29 -0.7896 