--- Terminal on /dev/ttyUSB0 | 115200 8-N-1
--- Available filters and text transformations: colorize, debug, default, direct, esp32_exception_decoder, hexlify, log2file, nocontrol, printable, send_on_enter, time
--- More details at https://bit.ly/pio-monitor-filters
--- Quit: Ctrl+C | Menu: Ctrl+T | Help: Ctrl+T followed by Ctrl+H
MOT: Zero elec. angle: 1.01
MOT: Align current sense.
CS: Inv B
MOT: Success: 3
MOT: Ready.
0 0.00 1.44 -0.05 0.0387 -0.0863 -0.0008 -0.0864 -0.0246
8378 0.00 1.44 -0.51 -0.0242 0.0169 0.0190 0.0159 0.0256
8398 0.00 1.43 0.00 0.0129 0.2361 -0.1507 0.2363 0.1122
8418 0.00 1.42 -1.56 0.0322 -0.0122 -0.0283 -0.0160 -0.0454
8438 0.00 1.41 -1.01 0.0258 -0.0025 -0.0274 -0.0076 0.1818
8458 0.00 1.39 0.00 0.0290 0.0088 -0.0389 -0.0070 -0.0573
8478 0.00 1.39 0.00 -0.0065 0.0733 -0.0626 0.0517 -0.0226
8498 0.00 1.39 -0.21 0.0355 0.0298 -0.0652 0.0035 -0.0472
8518 0.00 1.40 0.00 -0.0032 0.0072 -0.0030 0.0066 -0.0873
8538 0.00 1.40 -0.65 0.0322 -0.0025 -0.0336 -0.0124 -0.0419
8558 0.00 1.41 1.56 0.0274 -0.0025 -0.0283 -0.0109 -0.1024
8578 0.00 1.40 1.01 0.0322 -0.0041 -0.0321 -0.0143 -0.0355
8598 0.00 1.41 0.00 -0.0242 0.0120 0.0170 0.0171 0.0205
8618 0.00 1.41 1.73 0.0580 -0.0057 -0.0610 -0.0193 -0.0747
8638 0.00 1.40 -1.77 0.0322 -0.0009 -0.0339 -0.0141 -0.0485
8658 0.00 1.41 0.25 0.0274 -0.0105 -0.0229 -0.0154 -0.0599
8678 0.00 1.41 1.18 0.0193 0.0185 -0.0360 0.0115 -0.0424
8698 0.00 1.41 -0.50 0.1354 0.0362 -0.1808 -0.0059 -0.1310
8718 0.00 1.42 -0.87 0.0193 0.0233 -0.0392 0.0170 -0.0439
8738 0.00 1.42 1.72 -0.0000 0.0169 -0.0114 0.0158 -0.0124
8758 0.00 1.42 0.66 0.0274 -0.0670 0.0136 -0.0659 -0.0497
8778 0.00 1.41 -0.76 -0.0870 -0.0089 0.1055 0.0105 -0.0270
8798 0.00 1.42 0.39 0.0274 0.0169 -0.0430 0.0120 -0.0530
8818 0.00 1.42 0.00 0.0451 0.0185 -0.0647 0.0100 -0.0725
8838 0.00 1.42 0.00 0.0451 -0.0122 -0.0431 -0.0180 -0.0548
8858 0.00 1.43 0.00 0.0306 0.0152 -0.0451 0.0123 -0.1177
8878 0.00 1.42 -0.21 0.0290 0.0169 -0.0445 0.0132 -0.1335
8898 0.00 1.42 0.51 0.0274 -0.0089 -0.0257 -0.0111 -0.0797
8918 0.00 1.42 0.32 0.0564 0.0330 -0.0878 0.0215 -0.0785
8938 0.00 1.42 0.00 0.0258 0.0169 -0.0416 0.0108 -0.0454
8958 0.00 1.42 -1.00 0.0580 0.0201 -0.0802 0.0122 0.1561
8978 0.00 1.42 -0.71 0.0516 -0.0089 -0.0530 -0.0152 -0.0600
8998 0.00 1.42 -1.72 0.0258 0.0024 -0.0311 -0.0023 -0.1540
9018 0.00 1.41 -0.67 0.0193 -0.0025 -0.0199 -0.0069 -0.0567
9038 0.00 1.41 0.00 0.0387 0.0040 -0.0467 -0.0063 -0.0378
9058 0.00 1.41 0.00 0.0274 0.0169 -0.0439 0.0083 -0.0692
9078 0.00 1.42 1.18 0.0387 0.0169 -0.0564 0.0076 -0.0973
9098 0.00 1.41 0.00 0.0838 -0.0041 -0.0917 -0.0228 -0.1105
9118 0.00 1.41 0.00 -0.0097 0.0136 0.0008 0.0140 -0.0218
9138 0.00 1.41 0.89 0.0193 0.0136 -0.0322 0.0079 -0.0491
9158 0.00 1.41 -0.25 0.0161 0.0233 -0.0368 0.0146 -0.0712
9178 0.00 1.41 0.78 0.1160 0.0185 -0.1450 -0.0156 -0.1074
9198 0.00 1.41 0.00 0.0097 -0.0073 -0.0053 -0.0086 -0.0148
9218 0.00 1.41 -0.70 0.0838 0.0104 -0.1024 -0.0137 -0.1080
9238 0.00 1.41 -1.17 0.0387 0.0281 -0.0662 0.0110 -0.0769
9258 0.00 1.41 1.25 0.0451 0.0491 -0.0881 0.0336 -0.0578
9278 0.00 1.41 0.27 0.0193 0.0684 -0.0751 0.0535 -0.0473
9298 0.00 1.42 0.64 0.0129 0.0169 -0.0271 0.0125 -0.0491
9318 0.00 1.41 -0.39 0.0355 0.0201 -0.0553 0.0102 -0.0591
9338 0.00 1.42 0.00 0.0032 0.0410 -0.0332 0.0365 -0.0199
9358 0.00 1.42 0.00 0.0258 -0.0089 -0.0228 -0.0129 -0.0869
9378 0.00 1.45 0.00 -0.0145 0.0136 0.0117 0.0114 0.0139
9398 0.00 1.45 0.44 0.0048 0.0104 -0.0094 0.0124 -0.1132
9418 0.00 1.45 -0.25 0.0290 -0.0105 -0.0288 -0.0057 -0.0280
9438 0.00 1.46 0.79 0.0774 -0.0089 -0.0830 0.0168 -0.0273
9458 0.00 1.45 -0.50 0.0355 0.0007 -0.0402 0.0098 0.0170
9478 0.00 1.45 0.88 0.0516 0.0104 -0.0608 0.0266 -0.0659
9498 0.00 1.46 0.00 -0.0193 -0.0170 0.0264 -0.0250 -0.0562
9518 0.00 1.45 -0.89 0.0032 0.0040 -0.0049 0.0053 -0.0105
9538 0.00 1.47 -0.25 -0.0387 0.0233 0.0382 0.0078 0.0331
9558 0.00 1.46 1.18 0.0467 0.0362 -0.0595 0.0581 -0.0559
9578 0.00 1.46 -1.00 -0.0000 0.0491 -0.0104 0.0557 -0.0799
9598 0.00 1.47 0.00 0.0274 0.0024 -0.0294 0.0152 -0.0346
9618 0.00 1.47 0.00 -0.0226 0.0249 0.0209 0.0179 -0.0218
9638 0.00 1.47 0.84 0.0129 0.0136 -0.0155 0.0215 -0.0287
9658 0.00 1.46 -0.27 0.0177 -0.0057 -0.0181 0.0006 -0.1715
9678 0.00 1.46 0.00 0.0258 -0.0831 -0.0119 -0.0842 -0.1066
9698 0.00 1.46 -0.39 -0.0242 0.0169 0.0229 0.0095 0.0196
9718 0.00 1.48 0.50 0.0064 0.0217 -0.0074 0.0285 0.0291
9738 0.00 1.47 0.00 -0.0129 0.0684 0.0057 0.0725 -0.0211
9758 0.00 1.46 0.00 -0.0129 0.0072 0.0125 0.0032 -0.0201
9778 0.00 1.46 -0.44 -0.0000 0.0136 -0.0029 0.0155 -0.0907
9798 0.00 1.46 -0.25 0.0129 -0.0234 -0.0098 -0.0213 -0.0104
9818 0.00 1.47 0.35 0.0193 0.0185 -0.0220 0.0308 -0.0451
9838 0.00 1.47 -0.59 -0.0129 -0.0089 0.0151 -0.0159 0.0146
9858 0.00 1.47 0.87 -0.0193 0.0185 0.0186 0.0114 0.0210
9878 0.00 1.47 0.00 -0.0387 0.0169 0.0388 -0.0003 0.0293
9898 0.00 1.47 0.66 0.0064 0.0072 -0.0076 0.0113 -0.0170
9918 0.00 1.47 0.76 0.0564 -0.0283 -0.0563 -0.0038 -0.1011
9938 0.00 1.48 -0.39 0.0274 -0.0105 -0.0271 0.0055 -0.0283
9958 0.00 1.49 1.01 -0.0161 0.0185 0.0173 0.0103 0.0210
9978 0.00 1.49 -0.70 -0.1096 0.0007 0.1038 -0.0716 0.0413
9998 0.00 1.48 0.00 0.0516 -0.0218 -0.0511 0.0081 -0.0502
10018 0.00 1.49 0.21 0.0242 -0.0218 -0.0250 -0.0091 -0.0283
10038 0.00 1.48 0.27 0.0097 0.0813 -0.0062 0.0998 0.0942
10058 0.00 1.48 -0.32 0.0274 -0.0089 -0.0271 0.0069 -0.0454
10078 0.00 1.49 1.17 -0.0032 -0.0218 0.0004 -0.0272 0.0124
10098 0.00 1.48 0.51 -0.0322 0.0233 0.0327 0.0061 0.0288
10118 0.00 1.49 0.70 0.0596 -0.0122 -0.0577 0.0254 -0.0579
10138 0.00 1.48 0.00 0.0774 0.0088 -0.0724 0.0613 -0.0837
10158 0.00 1.49 0.00 0.0226 -0.0122 -0.0225 0.0021 -0.0314
10178 0.00 1.49 0.51 0.0177 0.0185 -0.0138 0.0335 -0.0275
10198 0.00 1.48 -0.78 0.0177 -0.0041 -0.0176 0.0058 -0.0261
10218 0.00 1.48 0.00 0.0242 -0.0122 -0.0242 -0.0000 -0.0292
10238 0.00 1.48 0.00 0.0097 0.0088 -0.0099 0.0156 -0.1187
10258 0.00 1.48 -1.70 -0.0242 0.0233 0.0242 0.0129 0.1337
10278 0.00 1.48 -0.22 -0.0210 0.0136 0.0211 0.0025 0.0204
10298 0.00 1.48 0.25 0.0258 0.0523 -0.0218 0.0765 -0.0317
10318 0.00 1.48 -0.39 -0.0193 0.0169 0.0197 0.0073 0.0222
10338 0.00 1.48 0.00 -0.0290 0.1039 0.0326 0.1021 0.0053
10358 0.00 1.48 -0.70 0.0064 0.0040 -0.0063 0.0084 -0.0269
10378 0.00 1.48 -1.72 0.0129 0.0007 -0.0124 0.0090 -0.0389
10398 0.00 1.49 0.66 0.0177 0.0942 -0.0095 0.1200 -0.1381
10418 0.00 1.48 -0.75 -0.0242 0.0233 0.0242 0.0129 0.0261
10438 0.00 1.47 -0.39 -0.0193 0.0169 0.0186 0.0099 -0.0528
10458 0.00 1.46 -0.50 -0.0226 -0.0041 0.0250 -0.0142 0.1145
10478 0.00 1.47 0.70 0.0129 -0.0041 -0.0131 0.0010 0.0293
10498 0.00 1.46 0.00 0.0242 -0.0122 -0.0237 -0.0049 -0.0230
10518 0.00 1.46 -0.44 0.0097 -0.0218 -0.0056 -0.0212 0.0379
10538 0.00 1.46 -0.25 0.0177 -0.0073 -0.0178 -0.0015 -0.0283
10558 0.00 1.46 -1.17 -0.0355 0.0201 0.0337 0.0115 0.0346
10578 0.00 1.46 1.01 -0.0242 0.0700 0.0115 0.0702 0.0453
10598 0.00 1.46 0.00 0.0435 -0.0025 -0.0477 0.0107 -0.0950
10618 0.00 1.45 0.00 -0.0000 -0.0122 0.0040 -0.0135 -0.0211
10638 0.00 1.45 0.22 0.0258 -0.0122 -0.0250 -0.0064 0.0400
10658 0.00 1.46 0.76 0.0113 0.0700 -0.0327 0.0818 -0.0597
10678 0.00 1.46 0.35 -0.0387 0.0152 0.0386 0.0051 0.0325
10698 0.00 1.45 -1.17 -0.1273 -0.0025 0.1454 -0.0301 -0.0035
10718 0.00 1.45 0.88 -0.0097 -0.0025 0.0117 -0.0054 -0.0130
10738 0.00 1.45 0.00 0.0129 -0.0089 -0.0113 -0.0068 -0.0200
10758 0.00 1.45 0.00 0.0226 -0.0089 -0.0223 -0.0041 -0.0277
10778 0.00 1.45 0.51 0.1031 0.0169 -0.1227 0.0427 -0.1039
10798 0.00 1.44 -0.71 0.0129 -0.0057 -0.0120 -0.0049 0.1687
10818 0.00 1.44 -0.51 -0.0032 0.0169 -0.0045 0.0173 -0.0082
10838 0.00 1.45 -0.70 0.0064 0.0684 -0.0359 0.0748 -0.0142
10858 0.00 1.44 0.00 -0.0258 0.0185 0.0204 0.0171 0.0248
10878 0.00 1.44 0.00 0.0161 0.0136 -0.0252 0.0159 -0.0216
10898 0.00 1.44 0.00 0.0306 -0.0186 -0.0258 -0.0168 -0.0418
10918 0.00 1.43 -0.39 0.0290 0.0169 -0.0432 0.0169 -0.0806
10938 0.00 1.42 -0.50 0.1031 0.0185 -0.1308 0.0077 -0.1045
10958 0.00 1.41 0.00 -0.0016 0.0169 -0.0106 0.0153 -0.0197
10978 0.00 1.40 0.00 0.0129 0.0265 -0.0382 0.0126 -0.0560
10998 0.00 1.40 -0.44 0.0129 -0.0154 -0.0003 -0.0165 -0.0230
11018 0.00 1.40 -0.76 0.0274 -0.0025 -0.0279 -0.0118 -0.0293
11038 0.00 1.40 0.39 -0.0000 0.0104 -0.0091 0.0079 0.0196
11058 0.00 1.41 2.52 0.0274 0.0362 -0.0595 0.0230 -0.0305
11078 0.00 1.40 -0.87 0.0757 0.0152 -0.0959 -0.0173 -0.1080
11098 0.00 1.40 0.00 0.0822 0.0426 -0.1269 -0.0012 -0.1320
11118 0.00 1.40 -1.11 0.0516 0.1071 -0.1488 0.0637 0.0855
11138 0.00 1.40 -0.51 0.0258 0.0733 -0.0914 0.0470 -0.1561
11158 0.00 1.40 0.00 -0.0000 0.0169 -0.0147 0.0127 -0.0201
11178 0.00 1.41 1.52 -0.0000 0.0136 -0.0106 0.0116 -0.0267
11198 0.00 1.40 1.40 0.0387 0.0426 -0.0802 0.0134 -0.1006
11218 0.00 1.40 -2.34 0.0677 0.1393 -0.1982 0.0727 -0.1297
11238 0.00 1.40 0.00 0.0274 0.0346 -0.0601 0.0157 -0.0578
11258 0.00 1.40 0.27 0.0645 0.0185 -0.0867 -0.0076 -0.0739
11278 0.00 1.40 0.32 0.0516 0.0330 -0.0851 0.0053 -0.0858
11298 0.00 1.40 0.00 0.0387 0.0459 -0.0829 0.0171 -0.0802
11318 0.00 1.39 -1.01 0.0129 0.0459 -0.0560 0.0260 -0.1141
11338 0.00 1.41 -0.70 0.0290 -0.0041 -0.0287 -0.0127 -0.0290
11358 0.00 1.40 1.73 -0.0274 0.0088 0.0222 0.0171 0.0236
11378 0.00 1.40 -0.44 0.0564 0.0410 -0.0977 0.0046 -0.1147
11398 0.00 1.40 -0.51 0.0258 0.0201 -0.0457 0.0053 -0.0471
11418 0.00 1.40 -1.06 0.0193 0.0298 -0.0473 0.0143 -0.0553
11438 0.00 1.40 0.00 0.0322 0.0201 -0.0527 0.0029 -0.0290
11458 0.00 1.40 0.00 0.0306 0.0410 -0.0689 0.0205 -0.0648
11478 0.00 1.40 1.72 0.0209 0.0201 -0.0401 0.0085 -0.0439
11498 0.00 1.40 0.22 0.0322 0.0265 -0.0587 0.0048 -0.1162
11518 0.00 1.40 -0.51 0.0322 -0.0138 -0.0223 -0.0234 -0.0356
11538 0.00 1.40 0.00 0.0306 -0.0009 -0.0322 -0.0134 -0.0788
11558 0.00 1.40 0.50 0.0451 0.0298 -0.0752 0.0053 -0.0606
11578 0.00 1.40 0.71 0.0580 0.0265 -0.0863 -0.0050 -0.3089
11598 0.00 1.40 -1.73 0.1322 0.0410 -0.1788 -0.0284 -0.1172
11618 0.00 1.39 -0.89 0.0451 0.0749 -0.1165 0.0335 -0.0741
11638 0.00 1.41 -0.51 0.0290 -0.0089 -0.0260 -0.0144 0.1465
11658 0.00 1.41 0.00 0.0516 0.0007 -0.0583 -0.0142 -0.0747
11678 0.00 1.41 1.01 0.0290 -0.0041 -0.0291 -0.0117 -0.0436
11698 0.00 1.41 0.87 0.0322 0.0394 -0.0686 0.0210 -0.0283
11718 0.00 1.40 -1.73 0.0226 0.0217 -0.0434 0.0085 -0.0449
11738 0.00 1.41 0.22 0.0193 0.0233 -0.0404 0.0137 -0.0407
11758 0.00 1.41 1.26 0.0564 -0.1121 0.0274 -0.1087 -0.0741
11778 0.00 1.41 0.39 0.0322 0.1103 -0.1252 0.0818 -0.1136
11798 0.00 1.40 -0.51 0.0645 0.0362 -0.1019 0.0028 -0.1021
11818 0.00 1.40 0.70 0.0645 0.0298 -0.0963 -0.0004 -0.1136
11838 0.00 1.40 -1.72 0.0967 0.1200 -0.2104 0.0538 -0.1860
11858 0.00 1.41 0.22 0.0129 0.0185 -0.0297 0.0105 -0.1554
11878 0.00 1.40 0.27 0.0516 -0.0025 -0.0541 -0.0215 -0.0873
11898 0.00 1.40 0.00 0.0226 0.0265 -0.0480 0.0106 -0.0564
11918 0.00 1.40 -0.78 0.0242 0.0298 -0.0519 0.0150 -0.1103
11938 0.00 1.41 1.01 0.0226 0.0233 -0.0438 0.0135 -0.0508
11958 0.00 1.41 1.40 0.0451 -0.0041 -0.0474 -0.0155 -0.0667
11978 0.00 1.40 0.00 0.0677 0.0217 -0.0928 -0.0094 -0.0712
11998 0.00 1.40 0.22 0.0387 0.0926 -0.1212 0.0593 -0.0557
12018 0.00 1.40 0.00 0.0129 0.0201 -0.0312 0.0113 -0.0281
12038 0.00 1.41 0.35 0.0258 0.0201 -0.0453 0.0076 -0.0525
12058 0.00 1.40 -1.17 0.0838 0.0104 -0.1001 -0.0257 -0.1156
12078 0.00 1.41 -0.88 0.0161 0.0233 -0.0371 0.0140 -0.1518
12098 0.00 1.41 1.72 0.0451 -0.0089 -0.0439 -0.0188 -0.0513
12118 0.00 1.40 0.00 0.0387 0.0878 -0.1198 0.0495 -0.0493
12138 0.00 1.40 -1.27 0.0129 0.0281 -0.0381 0.0176 -0.0140
12158 0.00 1.41 0.39 0.0226 -0.0073 -0.0197 -0.0119 -0.1211
12178 0.00 1.40 1.00 0.0322 0.0362 -0.0665 0.0162 -0.0708
12198 0.00 1.40 -1.41 0.0903 0.0298 -0.1237 -0.0181 -0.1381
12218 0.00 1.40 -1.15 0.1031 0.0281 -0.1378 -0.0110 -0.1375
12238 0.00 1.40 0.22 0.0371 -0.0734 0.0226 -0.0698 -0.0357
12258 0.00 1.40 -0.76 -0.0000 0.0185 -0.0164 0.0137 -0.0288
12278 0.00 1.40 -0.64 -0.0032 0.0104 -0.0053 0.0093 -0.0090
12298 0.00 1.41 3.14 0.0516 -0.0992 0.0192 -0.0973 -0.1231
12318 0.00 1.41 -1.00 0.0274 0.0185 -0.0450 0.0104 -0.1687
12338 0.00 1.41 0.71 0.1515 0.0217 -0.1880 -0.0161 -0.1401
12358 0.00 1.41 0.00 0.0290 0.0233 -0.0509 0.0126 -0.0564
12378 0.00 1.42 0.21 0.0355 -0.0089 -0.0340 -0.0142 -0.0293
12398 0.00 1.41 0.55 0.0516 0.0217 -0.0749 0.0069 -0.0526
12418 0.00 1.41 -0.32 0.0806 0.0265 -0.1116 0.0007 -0.1025
12438 0.00 1.41 -0.39 -0.0000 -0.0089 0.0071 -0.0075 -0.0233
12458 0.00 1.41 0.00 0.0790 0.0185 -0.1034 -0.0057 -0.0769
12478 0.00 1.41 0.71 0.0516 -0.0089 -0.0518 -0.0187 -0.0561
12498 0.00 1.41 0.00 0.0129 0.0233 -0.0335 0.0150 -0.0478
12518 0.00 1.41 -0.22 0.0048 0.0169 -0.0194 0.0119 -0.0306
12538 0.00 1.40 -1.01 0.0371 0.0007 -0.0413 -0.0128 -0.0508
12558 0.00 1.41 0.71 0.0097 -0.0057 -0.0066 -0.0072 -0.1244
12578 0.00 1.41 0.51 0.0355 -0.0089 -0.0321 -0.0181 -0.0839
12598 0.00 1.41 0.87 0.0645 0.0459 -0.1097 0.0157 -0.1013
12618 0.00 1.40 0.00 0.0322 0.0233 -0.0556 0.0044 -0.0775
12638 0.00 1.40 -0.66 0.0274 0.0233 -0.0500 0.0089 -0.1466
12658 0.00 1.42 2.02 -0.1354 -0.0089 0.1607 0.0180 0.1057
12678 0.00 1.42 0.78 0.0355 0.0991 -0.1089 0.0870 -0.0914
12698 0.00 1.42 0.00 0.1676 0.0185 -0.2050 -0.0018 -0.1636
12718 0.00 1.43 -0.70 0.0451 -0.0105 -0.0460 -0.0104 -0.0493
12738 0.00 1.43 1.72 -0.0193 0.0169 0.0118 0.0175 -0.0139
12758 0.00 1.43 -0.22 0.0097 0.0152 -0.0207 0.0143 -0.0389
12778 0.00 1.43 -0.27 0.0355 0.0185 -0.0516 0.0186 -0.0549
12798 0.00 1.43 -0.32 0.0258 -0.0025 -0.0283 -0.0024 -0.0291
12818 0.00 1.43 0.00 -0.0016 0.0152 -0.0069 0.0153 -0.0082
12838 0.00 1.44 1.01 0.0064 -0.0089 -0.0030 -0.0087 -0.0133
12858 0.00 1.44 0.70 0.0290 0.0120 -0.0392 0.0155 -0.0555
12878 0.00 1.45 0.00 -0.0097 0.0136 0.0051 0.0131 -0.1008
12898 0.00 1.44 -0.88 0.0258 -0.0089 -0.0253 -0.0068 -0.0253
12918 0.00 1.45 0.00 0.0113 0.0136 -0.0186 0.0167 -0.0071
12938 0.00 1.44 0.00 -0.0065 0.0169 0.0000 0.0170 -0.0220
12958 0.00 1.45 0.00 -0.0774 -0.0122 0.0933 -0.0268 -0.0291
12978 0.00 1.45 1.39 0.0290 0.0088 -0.0368 0.0146 -0.0493
12998 0.00 1.45 -1.72 0.0032 0.0088 -0.0072 0.0102 -0.1139
13018 0.00 1.45 -0.44 0.0274 -0.0154 -0.0257 -0.0096 -0.0281
13038 0.00 1.45 0.00 0.0483 -0.0154 -0.0493 -0.0030 -0.0582
13058 0.00 1.45 0.00 -0.0258 0.0185 0.0232 0.0130 0.0248
13078 0.00 1.45 0.00 0.0322 -0.0283 -0.0274 -0.0221 -0.0378
13098 0.00 1.46 1.40 0.0193 0.0040 -0.0223 0.0112 -0.0281
13118 0.00 1.46 -1.17 0.0580 -0.0299 -0.0559 -0.0154 -0.0647
13138 0.00 1.46 0.42 0.0113 -0.0089 -0.0104 -0.0058 -0.1197
13158 0.00 1.46 0.82 -0.0193 0.0169 0.0175 0.0117 -0.0810
13178 0.00 1.46 1.61 0.0774 0.0185 -0.0881 0.0507 -0.0808
13198 0.00 1.48 -0.78 0.0032 0.0104 -0.0025 0.0140 -0.0179
13218 0.00 1.49 0.00 -0.0161 0.0136 0.0168 0.0045 0.0195
13238 0.00 1.49 0.00 -0.0419 0.0362 0.0433 0.0139 0.0557
13258 0.00 1.47 0.00 0.0790 -0.0315 -0.0793 0.0053 -0.0961
13278 0.00 1.48 -0.22 0.0516 -0.0250 -0.0514 0.0044 -0.0597
13298 0.00 1.49 0.25 0.0355 0.0604 -0.0276 0.0929 -0.0771
13318 0.00 1.48 -0.35 0.0064 0.0668 -0.0036 0.0811 -0.0924
13338 0.00 1.48 0.00 -0.0226 -0.0234 0.0232 -0.0397 0.0822
13358 0.00 1.48 -1.74 0.0161 -0.0025 -0.0161 0.0065 0.0287
13378 0.00 1.47 0.00 0.0129 0.1071 -0.0193 0.1303 0.0210
13398 0.00 1.47 0.00 -0.0193 0.0201 0.0185 0.0133 0.0195
13418 0.00 1.47 -0.75 -0.0258 -0.1072 0.0302 -0.1378 0.0940
13438 0.00 1.48 1.96 -0.0387 0.0217 0.0386 0.0040 0.0281
13458 0.00 1.48 0.50 0.0290 -0.0122 -0.0291 0.0018 -0.0288
13478 0.00 1.48 0.00 0.0048 0.0007 -0.0047 0.0038 -0.0108
13498 0.00 1.49 0.00 -0.0032 0.0410 0.0094 0.0447 0.0353
13518 0.00 1.48 -0.42 -0.0065 0.0201 0.0071 0.0192 0.1126
13538 0.00 1.49 -0.51 -0.0032 0.0136 0.0044 0.0136 0.0218
13558 0.00 1.48 -0.39 -0.0226 0.0201 0.0232 0.0086 0.0145
13578 0.00 1.49 0.50 -0.0338 0.0217 0.0342 0.0020 0.0273
13598 0.00 1.49 -0.88 0.0274 -0.0154 -0.0274 0.0013 -0.0367
13618 0.00 1.49 -1.72 -0.0322 0.0298 0.0337 0.0124 0.0376
13638 0.00 1.49 -0.44 -0.0000 -0.1266 -0.0125 -0.1456 -0.0575
13658 0.00 1.50 0.51 -0.0129 0.0217 0.0174 0.0132 0.0193
13678 0.00 1.50 0.00 -0.1306 0.0088 0.1131 -0.0922 0.0697
13698 0.00 1.49 0.50 -0.0677 0.0410 0.0682 -0.0010 0.0582
13718 0.00 1.49 1.41 -0.1418 0.0136 0.1286 -0.0892 0.0466
13738 0.00 1.49 0.00 0.0242 -0.0347 -0.0279 -0.0221 -0.0268
13758 0.00 1.49 -0.84 0.0048 0.0040 -0.0035 0.0081 -0.0151
13778 0.00 1.50 0.55 0.0129 0.0265 -0.0015 0.0402 0.0300
13798 0.00 1.50 0.29 0.0129 0.0007 -0.0109 0.0107 0.1029
13818 0.00 1.49 0.00 0.0048 0.0104 -0.0023 0.0154 -0.0207
13838 0.00 1.50 -0.59 -0.0226 -0.0412 0.0087 -0.0640 0.0285
13858 0.00 1.50 0.00 -0.0677 0.0636 0.0732 0.0199 0.0849
13878 0.00 1.50 0.00 -0.0242 0.0749 0.0384 0.0661 0.1049
13898 0.00 1.50 0.22 0.0064 0.0040 -0.0046 0.0094 -0.0170
13918 0.00 1.50 0.25 -0.0065 0.0185 0.0099 0.0159 0.0182
13938 0.00 1.49 0.00 0.0838 0.0265 -0.0692 0.0921 -0.0866
13958 0.00 1.50 0.00 0.0129 -0.0089 -0.0132 -0.0002 -0.0349
13978 0.00 1.49 -0.51 0.0290 -0.0186 -0.0294 0.0003 -0.0378
13998 0.00 1.50 -2.10 -0.1032 -0.0089 0.0790 -0.0963 -0.0283
14018 0.00 1.50 1.17 -0.0387 0.0298 0.0404 0.0033 0.0365
14038 0.00 1.49 0.00 0.0338 0.0362 -0.0252 0.0654 -0.0430
14058 0.00 1.49 -0.76 -0.0193 0.0185 0.0205 0.0074 -0.1198
14078 0.00 1.49 -0.39 0.0048 -0.0025 -0.0048 0.0007 -0.0035
14098 0.00 1.49 0.00 -0.0226 0.0136 0.0227 0.0004 0.0240
14118 0.00 1.48 -0.87 0.0242 0.0152 -0.0236 0.0320 -0.0547
14138 0.00 1.50 -1.73 0.0209 -0.0605 -0.0340 -0.0512 0.0211
14158 0.00 1.49 0.66 0.0032 0.0152 -0.0002 0.0197 0.0182
14178 0.00 1.49 0.00 -0.1193 -0.0154 0.1114 -0.0965 0.0404
14198 0.00 1.49 -1.18 0.0242 -0.0073 -0.0233 0.0084 -0.0282
14218 0.00 1.49 0.00 0.0032 -0.0927 -0.0158 -0.1041 -0.0567
14238 0.00 1.47 0.71 0.0500 -0.0250 -0.0498 -0.0042 -0.0597
14258 0.00 1.48 -1.72 -0.0145 0.0185 0.0150 0.0124 0.0101
14278 0.00 1.48 0.22 0.0113 -0.0186 -0.0113 -0.0149 -0.1052
14298 0.00 1.48 -0.75 -0.0242 0.0040 0.0242 -0.0094 -0.0387
14318 0.00 1.48 0.00 -0.0741 -0.0025 0.0733 -0.0470 -0.0245
14338 0.00 1.48 -0.58 -0.0290 0.0281 0.0293 0.0152 0.0387
14358 0.00 1.48 0.86 -0.0000 0.0040 0.0001 0.0046 -0.0930
14378 0.00 1.48 0.00 -0.0306 0.0298 0.0301 0.0177 0.0365
14398 0.00 1.48 0.42 -0.0258 0.0298 0.0268 0.0181 0.0287
14418 0.00 1.48 0.25 0.0258 0.0185 -0.0239 0.0375 0.0209
14438 0.00 1.48 0.32 -0.0290 0.0201 0.0293 0.0049 -0.0559
14458 0.00 1.48 -0.39 0.0193 -0.0041 -0.0191 0.0071 0.0802
14478 0.00 1.48 0.00 0.0048 0.0136 -0.0039 0.0188 -0.0170
14498 0.00 1.48 -0.86 -0.0016 -0.0009 0.0016 -0.0019 -0.1146
14518 0.00 1.48 0.00 -0.0032 0.0378 0.0068 0.0414 0.0509
14538 0.00 1.48 0.22 -0.0242 0.0265 0.0253 0.0150 0.0280
14558 0.00 1.49 0.51 -0.0419 0.0330 0.0437 0.0066 0.0410
14578 0.00 1.49 0.79 -0.0000 0.0040 0.0006 0.0045 -0.0148
14598 0.00 1.49 -0.50 0.0064 0.0024 -0.0057 0.0071 0.0415
14618 0.00 1.49 -0.71 -0.0258 0.1007 0.0393 0.0969 0.0973
14638 0.00 1.49 0.00 -0.0661 0.0555 0.0687 0.0179 0.0706
14658 0.00 1.49 0.21 -0.0081 0.0152 0.0093 0.0121 -0.0106
14678 0.00 1.49 -0.25 0.0274 -0.0122 -0.0271 0.0041 -0.0320
14698 0.00 1.48 0.00 0.0322 0.0024 -0.0307 0.0235 -0.0154
14718 0.00 1.49 -0.51 -0.0193 0.0040 0.0187 -0.0082 0.1670
14738 0.00 1.49 -0.88 -0.0322 0.0265 0.0336 0.0075 0.0307
14758 0.00 1.49 1.72 0.0113 0.0007 -0.0105 0.0085 -0.0140
14778 0.00 1.49 -0.67 -0.0032 -0.0025 0.0026 -0.0051 0.0047
14798 0.00 1.49 1.27 0.0274 -0.0170 -0.0277 -0.0000 -0.0316
14818 0.00 1.49 -0.39 -0.0000 -0.0025 -0.0002 -0.0029 -0.0067
14838 0.00 1.48 -1.01 -0.0258 0.0136 0.0258 -0.0009 0.0210
14858 0.00 1.48 0.88 -0.0709 0.0265 0.0700 -0.0152 0.0418
14878 0.00 1.49 0.00 -0.0226 0.0185 0.0234 0.0055 0.0261
14898 0.00 1.48 0.22 -0.0065 0.0104 0.0069 0.0080 0.0201
14918 0.00 1.49 0.27 0.0064 0.0862 0.0042 0.1033 -0.1084
14938 0.00 1.48 -0.32 -0.0274 0.0265 0.0284 0.0129 0.0395
14958 0.00 1.48 0.39 -0.0306 0.0185 0.0308 0.0015 0.0282
14978 0.00 1.48 0.00 0.0048 0.0942 0.0029 0.1116 -0.0983
14998 0.00 1.48 0.00 -0.0274 0.0265 0.0281 0.0134 0.0302
15018 0.00 1.48 0.00 0.0226 -0.0041 -0.0223 0.0091 0.0226
15038 0.00 1.49 0.00 0.0209 -0.0089 -0.0207 0.0039 -0.0290
15058 0.00 1.49 0.51 0.0129 -0.0911 -0.0229 -0.0959 -0.0509
15078 0.00 1.48 0.00 0.0741 0.0024 -0.0708 0.0505 0.1599
15098 0.00 1.48 -1.01 0.0129 0.0185 -0.0109 0.0296 0.0240
15118 0.00 1.49 0.00 -0.0242 0.0265 0.0260 0.0137 0.1296
15138 0.00 1.49 0.00 -0.0032 0.0233 0.0054 0.0247 0.0047
15158 0.00 1.48 -0.66 0.0032 -0.0025 -0.0033 -0.0008 -0.0179
15178 0.00 1.49 0.76 -0.0516 0.0426 0.0537 0.0123 0.0451
15198 0.00 1.48 0.00 0.0451 0.0298 -0.0408 0.0634 -0.0545
15218 0.00 1.48 -0.59 0.0129 -0.0025 -0.0126 0.0052 -0.0256
15238 0.00 1.48 0.88 0.0177 0.0040 -0.0169 0.0157 -0.0200
15258 0.00 1.48 0.00 0.0064 -0.0250 -0.0069 -0.0251 -0.0577
15278 0.00 1.48 -0.89 -0.0403 0.0249 0.0405 0.0034 0.0403
15298 0.00 1.49 1.52 -0.0210 0.0040 0.0197 -0.0103 -0.0077
15318 0.00 1.48 -1.17 -0.0258 0.0426 0.0281 0.0325 -0.0135
15338 0.00 1.49 0.00 -0.0516 0.0459 0.0545 0.0150 0.0570
15358 0.00 1.49 0.87 0.0274 -0.0057 -0.0267 0.0111 -0.0291
15378 0.00 1.49 0.00 0.0548 0.0217 -0.0466 0.0636 -0.0564
15398 0.00 1.49 -0.44 0.0113 0.0185 -0.0079 0.0290 -0.0407
15418 0.00 1.49 0.76 0.0064 0.0040 -0.0049 0.0093 -0.0077
15438 0.00 1.49 0.00 0.0274 -0.0025 -0.0251 0.0170 0.0259
15458 0.00 1.49 0.00 0.0226 -0.0154 -0.0230 -0.0016 -0.0277
15478 0.00 1.50 -2.10 0.0483 0.0056 -0.0404 0.0434 -0.0718
15498 0.00 1.49 1.17 0.0064 0.0878 0.0044 0.1052 -0.0208
15518 0.00 1.49 -0.22 -0.0000 0.0007 0.0001 0.0008 -0.0142
15538 0.00 1.49 -0.25 -0.0000 0.0201 0.0035 0.0229 0.0276
15558 0.00 1.49 -0.35 0.0177 -0.0089 -0.0175 0.0026 -0.0258
15578 0.00 1.49 0.59 -0.0000 0.0104 0.0016 0.0119 -0.0151
15598 0.00 1.49 0.00 -0.0322 0.0298 0.0344 0.0101 0.0432
15618 0.00 1.49 0.00 0.0193 0.0346 -0.0113 0.0535 -0.0280
15638 0.00 1.49 0.00 0.0129 -0.0089 -0.0132 -0.0009 -0.0281
15658 0.00 1.49 -0.76 0.0032 0.0169 0.0001 0.0216 -0.0240
15678 0.00 1.49 -0.79 0.0290 -0.0089 -0.0279 0.0103 -0.0382
15698 0.00 1.50 2.01 -0.0226 0.0201 0.0243 0.0046 0.0221
15718 0.00 1.50 0.00 -0.0145 0.0169 0.0163 0.0082 0.0215
15738 0.00 1.49 0.00 0.0274 -0.0234 -0.0289 -0.0064 -0.0325
15758 0.00 1.50 -0.44 -0.0065 0.0233 0.0124 0.0206 0.0204
15778 0.00 1.50 -0.25 0.0177 -0.0637 -0.0312 -0.0579 -0.0211
15798 0.00 1.50 -0.35 0.0435 -0.0234 -0.0429 0.0076 -0.0431
15818 0.00 1.51 0.00 0.0064 0.2167 0.0743 0.2429 0.0292
15838 0.00 1.51 0.71 -0.0145 0.0185 0.0179 0.0077 0.0290
15858 0.00 1.50 1.72 -0.0709 -0.0218 0.0520 -0.0819 -0.0381
15878 0.00 1.51 1.11 0.0048 0.0104 0.0006 0.0156 -0.0260
15898 0.00 1.51 0.00 -0.0758 -0.0283 0.0427 -0.0987 -0.0502
15918 0.00 1.51 -0.39 -0.0000 0.0136 0.0050 0.0149 -0.0147
15938 0.00 1.51 0.00 0.0371 -0.0267 -0.0381 0.0035 -0.0479
15958 0.00 1.51 0.00 -0.0161 0.0185 0.0192 0.0060 0.0204
15978 0.00 1.51 0.00 -0.0210 0.0185 0.0228 0.0017 0.0195
15998 0.00 1.52 -0.44 -0.0065 0.0298 0.0189 0.0250 -0.0169
16018 0.00 1.54 0.76 -0.0161 0.0459 0.0414 0.0212 0.0587
16038 0.00 1.54 0.00 0.0048 0.0201 0.0137 0.0226 -0.1510
16058 0.00 1.54 0.00 0.0032 0.0185 0.0130 0.0195 0.0259
16078 0.00 1.55 0.71 -0.0451 0.0555 0.0590 -0.0016 0.0643
16098 0.00 1.54 0.00 -0.0355 0.0459 0.0481 0.0007 0.0540
16118 0.00 1.54 0.00 -0.0032 0.0169 0.0141 0.0110 0.0170
16138 0.00 1.54 0.25 -0.0000 0.0040 0.0030 0.0035 -0.0049
16158 0.00 1.54 0.00 0.0193 -0.0089 -0.0145 0.0128 -0.0082
16178 0.00 1.54 -1.51 -0.0822 0.0298 0.0569 -0.0607 -0.0952
16198 0.00 1.54 0.71 0.0113 0.0539 0.0383 0.0582 0.0603
16218 0.00 1.55 0.00 -0.0016 0.0201 0.0163 0.0153 0.0345
16238 0.00 1.55 1.04 -0.0161 0.0281 0.0276 0.0061 0.0274
16258 0.00 1.54 0.25 0.0048 0.0040 0.0010 0.0088 0.0241
16278 0.00 1.54 1.06 0.0129 0.0040 -0.0022 0.0175 0.0451
16298 0.00 1.54 -1.51 -0.0226 0.0298 0.0308 0.0035 0.0292
16318 0.00 1.54 -0.87 0.0226 0.0040 -0.0075 0.0276 -0.1637
16338 0.00 1.55 0.00 0.0097 0.0169 0.0103 0.0248 0.0348
16358 0.00 1.54 -0.67 -0.1580 0.0104 0.0790 -0.1580 0.1044
16378 0.00 1.54 -0.51 -0.0403 0.0346 0.0416 -0.0129 0.0553
16398 0.00 1.54 -0.64 0.0580 0.0362 0.0035 0.0950 0.0580
16418 0.00 1.54 0.00 0.0129 0.0362 0.0216 0.0461 0.0409
16438 0.00 1.54 -1.00 -0.0032 0.0201 0.0156 0.0149 0.0215
16458 0.00 1.54 0.00 -0.0645 0.0862 0.0896 0.0022 0.0935
16478 0.00 1.54 1.72 0.0193 0.0459 0.0261 0.0617 -0.0258
16498 0.00 1.54 -0.67 -0.0467 0.0491 0.0552 -0.0042 0.0297
16518 0.00 1.54 0.25 0.0113 0.0104 0.0043 0.0213 -0.0138
16538 0.00 1.54 -0.39 -0.0226 0.0298 0.0310 0.0020 0.0329
16558 0.00 1.54 0.50 -0.0242 0.0136 0.0200 -0.0137 0.0285
16578 0.00 1.54 0.00 -0.0242 0.0298 0.0316 0.0002 0.0329
16598 0.00 1.54 0.00 0.0097 -0.0089 -0.0105 0.0024 -0.0250
16618 0.00 1.54 -0.22 -0.0210 0.0217 0.0244 -0.0034 0.0258
16638 0.00 1.54 -0.76 -0.0242 0.0394 0.0388 0.0088 0.0411
16658 0.00 1.54 0.00 -0.0032 0.0426 0.0333 0.0338 0.0882
16678 0.00 1.54 0.00 0.0161 -0.0476 -0.0416 -0.0248 0.0788
16698 0.00 1.54 -0.71 0.0274 0.0007 -0.0109 0.0302 0.0564
16718 0.00 1.54 0.00 0.0161 0.0040 -0.0035 0.0210 -0.0286
16738 0.00 1.54 0.00 -0.0000 0.0169 0.0127 0.0148 0.0320
16758 0.00 1.54 -0.25 -0.0242 0.0459 0.0440 0.0131 0.0471
16778 0.00 1.54 0.39 0.0129 0.0024 -0.0031 0.0161 0.1121
16798 0.00 1.54 0.59 0.0242 -0.0122 -0.0184 0.0157 -0.0289
16818 0.00 1.54 0.00 -0.0000 0.0507 0.0374 0.0450 0.0802
16838 0.00 1.54 1.73 0.0193 0.0040 -0.0056 0.0243 0.0196
16858 0.00 1.54 0.44 0.0258 0.0217 0.0065 0.0471 0.0425
16878 0.00 1.54 -1.09 -0.0000 -0.1185 -0.0839 -0.1082 -0.0649
16898 0.00 1.54 0.00 -0.0129 0.0813 0.0652 0.0583 -0.1161
16918 0.00 1.54 0.39 -0.0258 0.0459 0.0446 0.0113 0.0508
16938 0.00 1.55 0.50 -0.0032 0.0233 0.0193 0.0162 0.0276
16958 0.00 1.55 0.88 0.0032 0.0185 0.0133 0.0192 0.0291
16978 0.00 1.55 1.72 -0.0000 0.0410 0.0327 0.0343 0.0412
16998 0.00 1.54 -0.44 -0.1354 0.0104 0.0595 -0.1384 0.0526
17018 0.00 1.54 -0.25 0.0193 -0.0025 -0.0086 0.0192 -0.0273
17038 0.00 1.55 0.00 -0.0258 0.0362 0.0373 -0.0002 0.0352
17058 0.00 1.55 0.00 -0.0016 0.0169 0.0144 0.0118 0.0254
17078 0.00 1.55 -0.71 -0.0258 0.1007 0.0921 0.0495 0.1011
17098 0.00 1.56 0.00 -0.0226 0.1587 0.1455 0.0912 -0.1091
17118 0.00 1.56 0.22 0.0048 0.0169 0.0141 0.0179 0.0267
17138 0.00 1.56 0.25 0.0209 -0.0089 -0.0123 0.0171 -0.0291
17158 0.00 1.56 0.00 -0.0193 0.0298 0.0302 -0.0006 0.0415
17178 0.00 1.56 1.00 -0.0322 0.0426 0.0442 -0.0053 0.0565
17198 0.00 1.56 0.00 -0.0065 0.0233 0.0221 0.0095 0.0248
17218 0.00 1.56 -1.15 0.0226 0.0700 0.0592 0.0763 -0.0287
17238 0.00 1.56 -0.42 0.0226 0.0169 0.0113 0.0379 -0.0921
17258 0.00 1.56 0.25 0.0242 -0.0186 -0.0205 0.0149 -0.0672
17278 0.00 1.56 -0.39 -0.0387 0.0684 0.0686 0.0017 0.0290
17298 0.00 1.57 1.17 -0.0242 0.0491 0.0489 0.0045 0.0508
17318 0.00 1.56 0.00 0.0129 0.0040 0.0022 0.0175 0.0108
17338 0.00 1.57 0.00 0.0048 0.0942 0.0889 0.0677 -0.1125
17358 0.00 1.57 -0.22 0.0177 0.0104 0.0082 0.0273 0.0408
17378 0.00 1.57 0.82 0.0064 -0.0041 -0.0042 0.0050 0.0619
17398 0.00 1.57 0.64 -0.0145 0.0104 0.0104 -0.0107 0.0201
17418 0.00 1.57 -1.18 -0.0226 0.0426 0.0427 -0.0007 0.0411
17438 0.00 1.58 -0.99 -0.0290 0.0507 0.0502 -0.0085 0.0438
17458 0.00 1.59 0.70 -0.0387 0.0942 0.0947 -0.0031 0.0987
17478 0.00 1.58 1.15 0.0064 0.0410 0.0435 0.0275 0.0853
17498 0.00 1.58 0.00 0.0113 0.0394 0.0434 0.0309 0.1042
17518 0.00 1.58 0.76 0.0193 -0.0105 -0.0091 0.0171 0.0975
17538 0.00 1.58 -0.30 -0.0129 0.0926 0.0939 0.0354 0.0434
17558 0.00 1.58 0.39 -0.0274 0.0394 0.0385 -0.0122 0.0282
17578 0.00 1.58 0.50 -0.0177 0.0298 0.0293 -0.0063 0.0333
17598 0.00 1.58 0.70 -0.0387 0.0733 0.0728 -0.0086 0.0709
17618 0.00 1.58 1.15 0.0451 0.0394 0.0444 0.0720 0.0572
17638 0.00 1.58 -0.44 -0.0226 0.0298 0.0291 -0.0109 0.0290
17658 0.00 1.58 -0.76 -0.0129 0.0104 0.0099 -0.0094 0.0210
17678 0.00 1.59 0.39 0.0129 0.0298 0.0343 0.0272 0.1062
17698 0.00 1.59 0.00 -0.0000 0.0588 0.0644 0.0214 0.0683
17718 0.00 1.58 3.50 -0.0065 0.0475 0.0490 0.0159 0.1163
17738 0.00 1.58 -3.44 0.0355 -0.0573 -0.0568 0.0108 -0.0685
17758 0.00 1.59 1.11 -0.0129 0.0169 0.0153 -0.0087 0.0259
17778 0.00 1.58 1.27 -0.0000 0.0040 0.0041 0.0021 0.0124
17798 0.00 1.58 -1.96 0.0355 -0.0283 -0.0274 0.0256 -0.0325
17818 0.00 1.59 0.00 -0.1273 0.0346 0.0171 -0.1306 0.0292
17838 0.00 1.59 0.00 -0.0000 0.0523 0.0567 0.0210 0.0855
17858 0.00 1.59 1.71 -0.0226 0.0330 0.0313 -0.0125 0.0409
17878 0.00 1.59 0.88 -0.0226 0.0539 0.0539 -0.0050 0.0408
17898 0.00 1.59 1.26 0.0274 -0.0105 -0.0070 0.0267 -0.0283
17918 0.00 1.58 -0.79 0.0258 -0.0847 -0.0850 -0.0176 -0.0304
17938 0.00 1.58 -1.18 0.0113 0.0040 0.0050 0.0150 0.0451
17958 0.00 1.58 0.00 0.0129 0.0298 0.0333 0.0283 0.0369
17978 0.00 1.58 1.73 0.0064 0.0281 0.0307 0.0202 0.0477
17998 0.00 1.58 -0.66 0.0064 0.0104 0.0113 0.0127 0.0415
18018 0.00 1.58 0.00 -0.0145 0.0233 0.0228 -0.0056 0.0774
18038 0.00 1.58 -2.57 0.0032 0.0459 0.0491 0.0246 0.0683
18058 0.00 1.59 1.94 -0.0387 0.0185 0.0125 -0.0366 0.0201
18078 0.00 1.58 0.00 -0.0161 -0.0299 -0.0328 -0.0332 0.0142
18098 0.00 1.58 -0.87 -0.0000 0.0362 0.0369 0.0196 0.0471
18118 0.00 1.59 1.70 -0.0338 0.0700 0.0694 -0.0093 0.0815
18138 0.00 1.56 0.22 0.0371 -0.0347 -0.0368 0.0191 -0.0464
18158 0.00 1.58 -1.01 -0.0193 0.0330 0.0329 -0.0039 0.0426
18178 0.00 1.58 -0.35 0.0129 0.0265 0.0290 0.0278 0.0584
18198 0.00 1.58 0.50 -0.0274 0.0604 0.0604 -0.0029 0.0539
18218 0.00 1.58 1.41 -0.1451 0.0491 0.0395 -0.1422 0.1161
18238 0.00 1.58 -1.70 -0.1322 -0.0283 -0.0481 -0.1644 -0.0372
18258 0.00 1.59 0.44 0.0193 0.0281 0.0337 0.0339 0.0407
18278 0.00 1.58 0.75 -0.0000 0.0120 0.0129 0.0052 0.0925
18298 0.00 1.58 -0.78 0.0242 -0.0025 0.0002 0.0266 0.0437
18318 0.00 1.59 0.00 -0.0338 0.0700 0.0693 -0.0105 0.0987
18338 0.00 1.59 0.71 -0.1950 0.0620 0.0225 -0.1980 0.1072
18358 0.00 1.58 1.72 0.0129 0.0169 0.0197 0.0224 0.0452
18378 0.00 1.59 0.00 -0.0161 -0.0073 -0.0103 -0.0216 0.0042
18398 0.00 1.59 -0.75 -0.0145 0.0185 0.0175 -0.0085 0.0254
18418 0.00 1.58 -1.16 0.0177 -0.0122 -0.0107 0.0146 -0.0301
18438 0.00 1.58 -0.49 -0.0242 0.0539 0.0539 -0.0032 0.0592
18458 0.00 1.58 -0.70 0.0145 0.0169 0.0199 0.0243 0.0291
18478 0.00 1.58 0.00 0.0161 0.0813 0.0856 0.0599 0.0687
18498 0.00 1.58 0.21 -0.0081 0.0072 0.0066 -0.0059 -0.0010
18518 0.00 1.58 -0.76 -0.1483 0.0169 0.0086 -0.1621 0.0408
18538 0.00 1.59 -0.78 -0.0226 0.0507 0.0506 -0.0045 0.0556
18558 0.00 1.59 0.51 -0.0290 0.0620 0.0610 -0.0113 0.0540
18578 0.00 1.60 2.62 -0.0097 -0.0283 -0.0343 -0.0195 0.0922
18598 0.00 1.58 0.00 0.0338 -0.0234 -0.0202 0.0281 -0.0430
18618 0.00 1.59 -1.11 -0.0226 0.0185 0.0153 -0.0185 0.0431
18638 0.00 1.59 0.27 -0.0226 0.0539 0.0538 -0.0059 0.0288
18658 0.00 1.59 0.32 0.0129 0.0443 0.0520 0.0298 0.0437
18678 0.00 1.60 0.00 0.0064 0.0104 0.0135 0.0104 0.0258
