--- Terminal on /dev/ttyUSB0 | 115200 8-N-1
--- Available filters and text transformations: colorize, debug, default, direct, esp32_exception_decoder, hexlify, log2file, nocontrol, printable, send_on_enter, time
--- More details at https://bit.ly/pio-monitor-filters
--- Quit: Ctrl+C | Menu: Ctrl+T | Help: Ctrl+T followed by Ctrl+H
MOT: sensor_direction==CCW
MOT: PP check: OK!
MOT: Zero elec. angle: 0.92
MOT: Align current sense.
CS: Inv B
MOT: Success: 3
MOT: Ready.
0 -25.50 2.01 -0.05 -0.0612 0.0136 0.0628 0.0135 0.1091
8378 -25.50 2.33 37.16 0.1242 -0.4570 -0.0662 0.4680 -0.4529
8398 -25.50 2.91 25.77 -0.0966 -0.1734 -0.1593 0.2224 -0.2737
8418 -25.50 3.44 25.91 0.0887 -0.2475 -0.0806 0.2375 -0.2404
8438 -25.50 3.89 22.26 0.4530 -0.3490 -0.3090 0.3601 -0.4590
8458 -25.50 4.28 15.89 0.0065 0.5003 -0.4474 0.3715 -0.5556
8478 -25.50 4.65 18.73 -0.3674 -0.1218 -0.3461 0.3736 -0.4807
8498 -25.50 5.04 21.98 0.6125 -0.5827 -0.4945 0.4822 -0.6992
8518 -25.50 5.50 25.71 0.4868 0.2183 -0.4876 0.5324 -0.7382
8538 -25.50 6.08 32.00 0.3305 0.2005 -0.3046 0.4414 -0.5554
8558 -25.50 0.45 33.85 0.4127 -0.1121 -0.1854 0.3844 -0.4393
8578 -25.50 1.04 28.18 0.4304 -0.1347 -0.1150 0.4250 -0.4149
8598 -25.50 1.56 26.35 0.3934 -0.0606 -0.2305 0.3554 -0.4359
8618 -25.50 2.08 27.68 0.2580 0.1232 -0.2424 0.3042 -0.4064
8638 -25.50 2.66 29.81 0.2257 0.1006 -0.2053 0.2637 -0.3373
8658 -25.50 3.25 30.13 0.2128 0.0684 -0.1455 0.2547 -0.2401
8678 -25.50 3.74 24.88 -0.0402 0.2279 -0.0655 0.2343 -0.2357
8698 -25.50 4.16 21.13 -0.5608 0.2940 -0.3500 0.4384 -0.4914
8718 -25.50 4.54 19.68 0.1742 -0.4796 -0.3390 0.3476 -0.4532
8738 -25.50 4.92 20.16 0.3998 0.2360 -0.4542 0.4548 -0.6589
8758 -25.50 5.35 24.24 -0.4480 0.6551 -0.5198 0.4223 -0.6828
8778 -25.50 5.90 30.69 -0.5350 0.4294 -0.3562 0.4408 -0.5606
8798 -25.50 0.26 37.06 -0.3851 0.3649 -0.0510 0.4305 -0.3937
8818 -25.50 0.87 29.91 -0.1562 0.3778 -0.0891 0.3691 -0.3860
8838 -25.50 1.41 27.38 -0.1643 0.5551 -0.3800 0.4252 -0.5049
8858 -25.50 1.93 28.10 -0.3174 0.3666 -0.2390 0.3182 -0.4376
8878 -25.50 2.50 31.99 -0.3400 0.3198 -0.2128 0.3166 -0.3990
8898 -25.50 3.10 31.52 -0.1965 0.2360 -0.1030 0.2309 -0.2446
8918 -25.50 3.64 25.82 -0.3400 0.3005 -0.1892 0.3202 -0.3681
8938 -25.50 4.09 19.42 -0.5060 0.0474 -0.4255 0.3624 -0.5624
8958 -25.50 4.46 18.96 0.4997 -0.3507 -0.2858 0.4261 -0.4620
8978 -25.50 4.83 19.19 -0.1288 0.5003 -0.3694 0.3653 -0.6043
8998 -25.50 5.26 23.40 -0.7010 0.1844 -0.5524 0.4723 -0.7150
9018 -25.50 5.78 28.52 -0.3674 -0.1975 -0.4378 0.3703 -0.8023
9038 -25.50 0.11 35.98 -0.1901 -0.2491 -0.0524 0.4374 -0.4515
9058 -25.50 0.79 31.81 -0.3609 0.2005 -0.0237 0.3609 -0.3531
9078 -25.50 1.31 26.86 -0.3899 0.1941 -0.1965 0.3368 -0.3788
9098 -25.50 1.82 27.14 -0.3416 -0.0702 -0.2410 0.3689 -0.4555
9118 -25.50 2.36 30.18 -0.3287 -0.0960 -0.3292 0.3001 -0.4458
9138 -25.50 2.94 30.76 -0.2610 -0.0896 -0.2407 0.2734 -0.2701
9158 -25.50 3.51 28.06 -0.0321 -0.1218 -0.0289 0.1598 -0.1732
9178 -25.50 3.96 22.87 0.2241 -0.4119 -0.2474 0.3300 -0.4005
9198 -25.50 4.34 19.49 0.2515 0.3005 -0.3407 0.4352 -0.5469
9218 -25.50 4.72 19.49 -0.5834 0.3327 -0.4200 0.4075 -0.7238
9238 -25.50 5.12 20.99 0.1097 -0.6424 -0.5315 0.4356 -0.7067
9258 -25.50 5.60 27.83 0.6641 -0.4989 -0.4837 0.4941 -0.7086
9278 -25.50 6.20 35.31 0.4578 -0.2797 -0.1387 0.4402 -0.4621
9298 -25.50 0.57 33.23 0.2128 -0.4248 -0.1467 0.3987 -0.4232
9318 -25.50 1.17 24.52 -0.0483 -0.3071 -0.2449 0.2978 -0.3819
9338 -25.50 1.67 26.16 0.2128 -0.3974 -0.2799 0.2826 -0.4196
9358 -25.50 2.20 29.83 0.3869 -0.3523 -0.2744 0.3286 -0.4590
9378 -25.50 2.79 31.73 0.2515 -0.0670 0.0535 0.2549 -0.2724
9398 -25.50 3.39 27.04 0.1355 -0.1895 -0.0870 0.1748 -0.1778
9418 -25.50 3.86 23.00 0.3289 -0.1008 -0.1832 0.2828 -0.3431
9438 -25.50 4.26 20.23 -0.1998 0.3972 -0.2274 0.3256 -0.4178
9458 -25.50 4.62 18.70 -0.2836 -0.2862 -0.3881 0.4171 -0.5447
9478 -25.50 5.01 21.48 0.7157 -0.4345 -0.5395 0.4784 -0.7458
9498 -25.50 5.47 25.61 0.3305 0.4101 -0.5497 0.4984 -0.7328
9518 -25.50 6.03 31.09 -0.0789 0.4294 -0.1526 0.4309 -0.4720
9538 -25.50 0.40 33.67 0.2692 0.1554 -0.1419 0.4056 -0.4271
9558 -25.50 1.03 26.99 0.4336 -0.2669 -0.2564 0.3544 -0.4145
9578 -25.50 1.52 25.61 0.3095 0.0990 -0.2356 0.3552 -0.4308
9598 -25.50 2.04 27.72 0.0162 0.3327 -0.1872 0.3465 -0.3958
9618 -25.50 2.61 30.52 -0.0676 0.2183 -0.0266 0.2219 -0.2269
9638 -25.50 3.19 30.31 -0.1627 0.2086 0.1060 0.1919 0.2174
9658 -25.50 3.71 23.78 -0.1063 0.3327 -0.1705 0.2940 -0.3525
9678 -25.50 4.13 21.05 -0.3577 0.0362 -0.2007 0.3389 -0.3716
9698 -25.50 4.50 19.96 0.4030 -0.5118 -0.3613 0.4003 -0.5282
9718 -25.50 4.89 19.68 0.2483 0.4246 -0.4996 0.4620 -0.6797
9738 -25.50 5.32 24.13 -0.6543 0.6035 -0.5510 0.4756 -0.7353
9758 -25.50 5.86 31.67 -0.6172 0.1909 -0.3824 0.5032 -0.6378
9778 -25.50 0.21 33.43 -0.4206 0.1909 -0.0536 0.4177 -0.4324
9798 -25.50 0.87 28.17 -0.0321 0.3891 -0.2451 0.3556 -0.4563
9818 -25.50 1.39 26.94 -0.2062 0.4552 -0.3066 0.3373 -0.4556
9838 -25.50 1.90 26.86 -0.4254 0.2747 -0.2072 0.3783 -0.4751
9858 -25.50 2.46 29.83 -0.2884 0.0942 -0.0806 0.2828 -0.2387
9878 -25.50 3.05 31.47 -0.3029 0.2747 -0.2327 0.2405 -0.4640
9898 -25.50 3.59 25.95 -0.2304 0.0716 -0.0971 0.2149 -0.2278
9918 -25.50 4.04 19.19 -0.1949 -0.2636 -0.3391 0.3112 -0.4515
9938 -25.50 4.42 21.09 0.5610 -0.2701 -0.4203 0.3717 -0.6004
9958 -25.50 4.79 19.49 -0.3835 0.6228 -0.4610 0.4269 -0.6524
9978 -25.50 5.22 22.05 -0.4995 -0.1895 -0.5072 0.4995 -0.7013
9998 -25.50 5.71 27.85 0.1177 -0.5763 -0.3943 0.4640 -0.4868
10018 -25.50 0.02 35.13 0.1081 -0.4683 -0.1737 0.4586 -0.4720
10038 -25.50 0.69 35.11 -0.1611 -0.2959 0.0154 0.4633 -0.4396
10058 -25.50 1.24 24.68 -0.2836 -0.1460 -0.2133 0.3812 -0.4265
10078 -25.50 1.75 27.15 -0.0595 -0.3490 -0.2504 0.3636 -0.4372
10098 -25.50 2.30 28.95 0.0178 -0.4345 -0.3003 0.3893 -0.4611
10118 -25.50 2.88 31.03 -0.0128 -0.3249 -0.2155 0.3163 -0.3899
10138 -25.50 3.45 29.11 0.0903 -0.2733 -0.0843 0.2654 -0.2410
10158 -25.50 3.93 22.22 0.2950 -0.2797 -0.1629 0.2895 -0.3586
10178 -25.50 4.31 17.65 0.1516 0.3392 -0.3491 0.3614 -0.4653
10198 -25.50 4.68 19.53 -0.5302 0.0652 -0.3858 0.4307 -0.5755
10218 -25.50 5.09 21.53 0.3321 -0.6940 -0.5364 0.4406 -0.7422
10238 -25.50 5.56 26.95 0.7544 -0.2669 -0.5197 0.5614 -0.7731
10258 -25.50 6.15 33.28 0.4417 -0.1121 -0.2369 0.3933 -0.4644
10278 -25.50 0.53 36.45 0.3418 -0.4167 -0.2153 0.3886 -0.3887
10298 -25.50 1.12 28.18 0.2644 -0.3764 -0.1506 0.3560 -0.3895
10318 -25.50 1.62 26.42 0.3837 -0.3313 -0.2610 0.3240 -0.4169
10338 -25.50 2.16 28.39 0.4127 -0.1927 -0.2342 0.3402 -0.4755
10358 -25.50 2.74 31.80 0.3031 -0.1718 -0.1855 0.2408 -0.3033
10378 -25.50 3.31 30.52 0.2902 -0.0751 -0.0587 0.2955 -0.3069
10398 -25.50 3.85 19.90 0.2966 -0.1427 -0.2210 0.1980 -0.4399
10418 -25.50 4.24 17.61 -0.2191 0.4552 -0.3329 0.3106 -0.4599
10438 -25.50 4.60 18.12 -0.1675 -0.3249 -0.3670 0.3406 -0.4645
10458 -25.50 4.99 20.47 0.6770 -0.2926 -0.5011 0.4583 -0.6981
10478 -25.50 5.43 24.71 0.0227 0.6551 -0.5469 0.5417 -0.5782
10498 -25.50 5.97 30.57 -0.2578 0.5825 -0.3519 0.4658 -0.5754
10518 -25.50 0.34 35.48 0.0259 0.3424 -0.1331 0.3889 -0.4224
10538 -25.50 0.95 24.49 0.1854 0.1877 -0.1412 0.3453 -0.3927
10558 -25.50 1.46 26.21 0.0726 0.3327 -0.2440 0.3568 -0.3824
10578 -25.50 1.99 27.86 -0.1111 0.4423 -0.2963 0.3521 -0.4634
10598 -25.50 2.55 31.07 -0.1192 0.3069 -0.2008 0.2355 -0.2977
10618 -25.50 3.14 30.92 -0.0918 0.2682 -0.1452 0.2308 -0.3248
10638 -25.50 3.68 24.80 -0.1853 0.2682 -0.1296 0.2421 -0.2759
10658 -25.50 4.10 21.09 -0.4190 -0.0364 -0.3160 0.3952 -0.4661
10678 -25.50 4.47 20.33 0.4707 -0.4119 -0.3317 0.3913 -0.5087
10698 -25.50 4.85 19.46 0.0065 0.5003 -0.4238 0.3982 -0.6083
10718 -25.50 5.28 23.89 -0.7494 0.3778 -0.5622 0.4954 -0.7542
10738 -25.50 5.82 30.83 -0.4834 -0.1186 -0.3574 0.5282 -0.6081
10758 -25.50 0.15 36.22 -0.3867 0.0120 -0.1266 0.4212 -0.4386
10778 -25.50 0.80 28.24 -0.2803 0.2425 -0.1090 0.2840 -0.3795
10798 -25.50 1.33 26.86 -0.4641 0.3198 -0.2524 0.4025 -0.4491
10818 -25.50 1.85 27.36 -0.4125 0.0781 -0.2341 0.3705 -0.4419
10838 -25.50 2.40 30.20 -0.2529 -0.0686 -0.1338 0.3112 -0.3782
10858 -25.50 2.99 31.15 -0.2127 -0.0751 -0.0671 0.2908 -0.4167
10878 -25.50 3.55 30.61 -0.3158 -0.0380 -0.1474 0.3594 -0.3503
10898 -25.50 4.00 21.13 0.0065 -0.4167 -0.3308 0.3443 -0.4628
10918 -25.50 4.37 19.90 0.3579 0.0877 -0.2846 0.3767 -0.4621
10938 -25.50 4.76 19.68 -0.5382 0.5003 -0.4056 0.4432 -0.5968
10958 -25.50 5.17 21.82 -0.2110 -0.4554 -0.5056 0.4565 -0.7092
10978 -25.50 5.66 28.19 0.3547 -0.6537 -0.4839 0.4405 -0.6701
10998 -25.50 6.27 32.17 0.2290 -0.4441 -0.1924 0.4004 -0.4563
11018 -25.50 0.63 31.74 -0.0450 -0.2733 -0.1128 0.3255 -0.3272
11038 -25.50 1.22 25.76 -0.2900 -0.1379 -0.2694 0.3439 -0.4363
11058 -25.50 1.73 26.62 0.0323 -0.3490 -0.2241 0.3139 -0.4399
11078 -25.50 2.26 29.40 0.1645 -0.2797 -0.1366 0.2458 -0.3554
11098 -25.50 2.84 31.19 0.1339 -0.2959 -0.1636 0.2470 -0.3003
11118 -25.50 3.42 29.25 0.1999 -0.3249 -0.0817 0.3174 -0.3096
11138 -25.50 3.89 24.74 0.3676 -0.1895 -0.1400 0.3399 -0.3764
11158 -25.50 4.28 19.90 -0.0837 0.3827 -0.2457 0.3186 -0.4464
11178 -25.50 4.66 19.18 -0.4850 -0.0912 -0.4176 0.4575 -0.5422
11198 -25.50 5.05 21.81 0.5610 -0.6617 -0.5579 0.4440 -0.7033
11218 -25.50 5.51 26.08 0.4933 0.2005 -0.4201 0.5774 -0.6807
11238 -25.50 6.11 33.63 0.3643 0.1844 -0.2250 0.5112 -0.5387
11258 -25.50 0.47 33.92 0.3837 -0.0896 -0.0755 0.3943 -0.4155
11278 -25.50 1.08 24.92 0.3482 -0.3700 -0.2159 0.3547 -0.4172
11298 -25.50 1.58 26.62 0.4320 -0.1847 -0.2515 0.3531 -0.4326
11318 -25.50 2.12 28.10 0.2789 0.0345 -0.1564 0.3061 -0.3481
11338 -25.50 2.69 32.29 0.3386 0.0152 -0.2118 0.3393 -0.3723
11358 -25.50 3.28 30.53 0.1500 0.1087 0.0170 0.2592 0.2346
11378 -25.50 3.79 22.69 0.2193 0.1506 -0.2090 0.3077 -0.3876
11398 -25.50 4.19 21.18 -0.4464 0.3633 -0.2569 0.3993 -0.4635
11418 -25.50 4.57 19.43 0.0130 -0.4345 -0.3580 0.3410 -0.5033
11438 -25.50 4.95 20.53 0.5094 -0.0122 -0.4211 0.4006 -0.6616
11458 -25.50 5.40 24.67 -0.2046 0.7002 -0.5539 0.4601 -0.7174
11478 -25.50 5.96 31.26 -0.3674 0.5906 -0.3578 0.4772 -0.5985
11498 -25.50 0.31 36.24 -0.0918 0.4826 -0.2031 0.4706 0.4609
11518 -25.50 0.92 30.04 0.1226 0.2199 -0.1661 0.3047 -0.3480
11538 -25.50 1.46 26.14 0.0468 0.3956 -0.2792 0.3979 -0.4309
11558 -25.50 1.97 28.12 -0.1756 0.4359 -0.2992 0.3207 -0.4387
11578 -25.50 2.54 31.48 -0.2030 0.3005 -0.1459 0.2696 -0.3223
11598 -25.50 3.14 31.60 -0.0821 0.3230 -0.1916 0.2757 -0.3391
11618 -25.50 3.68 25.59 -0.1853 0.2296 -0.0875 0.2273 -0.2307
11638 -25.50 4.10 21.11 -0.3448 -0.0364 -0.2579 0.3324 -0.4212
11658 -25.50 4.48 19.80 0.4288 -0.4006 -0.2997 0.3745 -0.4619
11678 -25.50 4.86 19.67 0.0114 0.5003 -0.4224 0.4038 -0.5844
11698 -25.50 5.28 24.64 -0.7477 0.3730 -0.5579 0.4978 -0.7600
11718 -25.50 5.81 29.74 -0.4947 -0.1186 -0.3755 0.5313 -0.6490
11738 -25.50 0.15 35.62 -0.3932 0.0861 -0.2012 0.3610 -0.4048
11758 -25.50 0.79 28.28 -0.4141 0.2489 -0.0767 0.4098 -0.4227
11778 -25.50 1.37 25.54 -0.2868 0.3263 -0.1834 0.3053 -0.3498
11798 -25.50 1.87 26.14 -0.3996 0.1909 -0.2617 0.3022 -0.4046
11818 -25.50 2.41 30.27 -0.2127 0.0474 -0.1586 0.1571 -0.4580
11838 -25.50 3.00 30.66 -0.2256 -0.0154 -0.0855 0.2559 -0.2427
11858 -25.50 3.53 27.07 -0.1611 -0.0896 -0.0822 0.2404 -0.2393
11878 -25.50 3.98 19.24 0.1548 -0.4441 -0.2782 0.3548 -0.4474
11898 -25.50 4.37 19.85 0.3289 0.1167 -0.2782 0.3690 -0.4566
11918 -25.50 4.74 19.72 -0.5350 0.3972 -0.3673 0.4168 -0.5163
11938 -25.50 5.15 21.46 -0.0966 -0.5457 -0.5342 0.4409 -0.6769
11958 -25.50 5.65 28.71 0.4772 -0.6327 -0.4402 0.4909 -0.6740
11978 -25.50 6.24 34.81 0.3289 -0.3539 -0.1328 0.3720 -0.4250
11998 -25.50 0.61 33.50 0.1548 -0.3732 -0.0175 0.3746 -0.3567
12018 -25.50 1.21 25.80 -0.2078 -0.2088 -0.2509 0.3326 -0.3146
12038 -25.50 1.71 26.89 0.0968 -0.4232 -0.2693 0.3523 -0.4391
12058 -25.50 2.24 29.45 0.1999 -0.2846 -0.1521 0.2496 -0.2305
12078 -25.50 2.84 33.29 0.1242 -0.4006 -0.2628 0.3149 -0.4153
12098 -25.50 3.41 29.14 0.1226 -0.2701 -0.1309 0.2367 -0.2602
12118 -25.50 3.89 22.92 0.4062 -0.2572 -0.2353 0.3370 -0.4131
12138 -25.50 4.28 19.95 -0.0579 0.3730 -0.2497 0.3144 -0.4255
12158 -25.50 4.66 19.19 -0.4254 -0.0896 -0.3575 0.4183 -0.5400
12178 -25.50 5.05 22.29 0.6061 -0.6827 -0.5497 0.5072 -0.7163
12198 -25.50 5.53 27.16 0.6367 -0.0041 -0.4907 0.5443 -0.7869
12218 -25.50 6.11 31.23 0.2950 0.1683 -0.1536 0.4432 -0.4646
12238 -25.50 0.47 33.55 0.4385 -0.1863 -0.1441 0.4158 -0.4476
12258 -25.50 1.12 28.66 0.2322 -0.4103 -0.2105 0.3535 -0.4152
12278 -25.50 1.61 25.32 0.4062 -0.2636 -0.2280 0.3434 -0.4145
12298 -25.50 2.12 28.57 0.2451 0.0490 -0.1227 0.2903 -0.3208
12318 -25.50 2.70 32.97 0.2257 0.0684 -0.0723 0.2992 -0.2906
12338 -25.50 3.28 29.31 0.1613 0.0748 -0.0082 0.2412 -0.2512
12358 -25.50 3.79 22.66 0.1355 0.1506 -0.1269 0.2565 -0.2930
12378 -25.50 4.19 20.58 -0.3883 0.2682 -0.1757 0.3567 -0.3946
12398 -25.50 4.56 19.41 0.0420 -0.4667 -0.3782 0.3515 -0.4773
12418 -25.50 4.96 20.78 0.6432 -0.0928 -0.5326 0.4469 -0.7077
12438 -25.50 5.40 24.95 -0.2078 0.6937 -0.5034 0.5036 -0.7143
12458 -25.50 5.95 30.92 -0.3674 0.5003 -0.3013 0.4217 -0.5052
12478 -25.50 0.31 39.00 -0.2094 0.3827 -0.0358 0.3815 -0.4106
12498 -25.50 0.95 28.04 0.3273 0.0877 -0.2573 0.3537 -0.4479
12518 -25.50 1.46 27.12 0.0565 0.3069 -0.2293 0.3168 -0.4129
12538 -25.50 1.98 28.58 -0.1659 0.4278 -0.2835 0.3251 -0.4405
12558 -25.50 2.55 31.45 -0.3190 0.3037 -0.0102 0.3597 -0.3131
12578 -25.50 3.17 27.23 -0.0321 0.2199 -0.0809 0.2233 -0.2329
12598 -25.50 3.68 26.42 -0.2965 0.2296 0.0310 0.3094 -0.2257
12618 -25.50 4.11 18.73 -0.2803 -0.0041 -0.1699 0.2783 -0.3221
12638 -25.50 4.48 19.23 0.4062 -0.4570 -0.3539 0.3545 -0.4820
12658 -25.50 4.85 19.36 0.0436 0.5003 -0.4649 0.3863 -0.6699
12678 -25.50 5.28 23.71 -0.7445 0.3440 -0.5601 0.4916 -0.7643
12698 -25.50 5.81 29.47 -0.3899 -0.2040 -0.3267 0.5075 -0.5998
12718 -25.50 0.14 33.39 -0.2723 -0.0879 -0.0736 0.3684 -0.3758
12738 -25.50 0.81 29.11 -0.3416 0.3843 -0.1925 0.3747 -0.4183
12758 -25.50 1.34 27.07 -0.3706 0.2699 -0.1785 0.3391 -0.3795
12778 -25.50 1.85 26.07 -0.3158 0.1135 -0.2094 0.2419 -0.3532
12798 -25.50 2.40 30.81 -0.2143 -0.0670 -0.1135 0.2710 -0.3519
12818 -25.50 2.98 33.79 -0.1853 -0.1073 -0.0424 0.2929 -0.3011
12838 -25.50 3.54 27.01 -0.1611 -0.1137 -0.0497 0.2717 -0.2145
12858 -25.50 3.99 22.18 0.1290 -0.2975 -0.1160 0.2748 -0.2956
12878 -25.50 4.37 19.70 0.3321 0.1006 -0.2594 0.3712 -0.4594
12898 -25.50 4.76 19.67 -0.5560 0.5487 -0.4692 0.4320 -0.6459
12918 -25.50 5.16 21.91 -0.2030 -0.4184 -0.4956 0.3948 -0.7327
12938 -25.50 5.67 28.71 0.3837 -0.6940 -0.4754 0.5073 -0.7000
12958 -25.50 6.27 32.73 0.2612 -0.4570 -0.1999 0.4127 -0.4569
12978 -25.50 0.67 26.45 -0.2465 -0.1315 -0.1823 0.3377 -0.3903
12998 -25.50 1.20 27.31 -0.2078 -0.1959 -0.2597 0.3092 -0.4056
13018 -25.50 1.71 25.36 0.0565 -0.3781 -0.2627 0.3119 -0.4192
13038 -25.50 2.25 28.94 0.2386 -0.3378 -0.1744 0.3002 -0.3088
13058 -25.50 2.83 31.74 0.2064 -0.2249 -0.0576 0.2430 -0.2351
13078 -25.50 3.44 25.03 0.0452 -0.2604 -0.1314 0.2453 -0.2736
13098 -25.50 3.89 22.97 0.3724 -0.2314 -0.1842 0.3278 -0.3930
13118 -25.50 4.28 19.73 -0.1014 0.3907 -0.2279 0.3354 -0.4030
13138 -25.50 4.65 18.70 -0.3948 -0.1266 -0.3517 0.4149 -0.7519
13158 -25.50 5.04 21.42 0.6351 -0.6247 -0.5434 0.4835 -0.7345
13178 -25.50 5.50 25.06 0.4449 0.2747 -0.4742 0.5501 -0.7688
13198 -25.50 6.07 31.57 0.2273 0.2650 -0.2452 0.4275 -0.4999
13218 -25.50 0.44 37.63 0.1935 0.1151 0.0395 0.3094 0.3107
13238 -25.50 1.07 26.69 0.2966 -0.2604 -0.1552 0.2840 -0.3265
13258 -25.50 1.57 26.13 0.3740 -0.1025 -0.2125 0.3228 -0.4049
13278 -25.50 2.08 28.31 0.2257 0.1377 -0.2000 0.3076 -0.3609
13298 -25.50 2.65 31.11 0.1419 0.1232 -0.1391 0.2259 -0.3426
13318 -25.50 3.24 31.36 0.1081 0.1457 -0.0411 0.2514 -0.2418
13338 -25.50 3.77 17.71 0.1323 0.1377 -0.1699 0.2098 -0.3032
13358 -25.50 4.18 20.93 -0.3400 0.1667 -0.1319 0.3134 -0.3268
13378 -25.50 4.54 19.24 0.2354 -0.5473 -0.3522 0.4211 -0.6045
13398 -25.50 4.92 20.35 0.4546 0.2263 -0.5188 0.4602 -0.7126
13418 -25.50 5.36 24.06 -0.3964 0.6808 -0.5292 0.4331 -0.6933
13438 -25.50 5.90 30.50 -0.5705 0.3972 -0.3222 0.4882 -0.6041
13458 -25.50 0.25 33.47 -0.3368 0.4085 -0.1551 0.4077 -0.4281
13478 -25.50 0.91 28.73 0.1387 0.2038 -0.2048 0.2770 -0.3487
13498 -25.50 1.43 26.85 -0.0708 0.3569 -0.2176 0.3089 -0.4598
13518 -25.50 1.94 27.90 -0.3223 0.3295 -0.1768 0.3322 -0.3790
13538 -25.50 2.50 31.84 -0.2884 0.2005 -0.0708 0.2870 -0.2943
13558 -25.50 3.09 31.96 -0.2352 0.1586 -0.0094 0.2398 -0.2236
13578 -25.50 3.63 26.60 -0.3029 0.1877 -0.0965 0.2901 -0.3037
13598 -25.50 4.06 21.12 -0.1740 -0.1975 -0.2072 0.3086 -0.3693
13618 -25.50 4.44 19.48 0.3805 -0.2894 -0.3171 0.2393 -0.4974
13638 -25.50 4.81 19.56 -0.2610 0.6808 -0.5256 0.4424 -0.6994
13658 -25.50 5.25 23.57 -0.6913 0.1232 -0.5503 0.4910 -0.7134
13678 -25.50 5.76 29.13 -0.1933 -0.3845 -0.3527 0.4707 -0.5830
13698 -25.50 0.08 31.69 -0.2449 -0.1379 -0.2379 0.3062 -0.4511
13718 -25.50 0.76 28.42 -0.4061 0.3263 -0.2577 0.3445 -0.4381
13738 -25.50 1.31 27.92 -0.3916 0.1844 -0.2152 0.3274 -0.4260
13758 -25.50 1.81 27.02 -0.1853 -0.1057 -0.1253 0.2666 -0.3818
13778 -25.50 2.36 30.69 -0.1160 -0.1927 -0.1164 0.2893 -0.2612
13798 -25.50 2.95 31.31 -0.1095 -0.1895 -0.0628 0.2959 0.2261
13818 -25.50 3.55 24.65 -0.2836 0.0587 -0.1854 0.2350 -0.3068
13838 -25.50 3.98 20.20 0.1613 -0.3265 -0.1465 0.2918 -0.3414
13858 -25.50 4.36 18.18 0.3031 0.1441 -0.2994 0.3446 -0.6092
13878 -25.50 4.73 19.67 -0.5946 0.3666 -0.3947 0.4518 -0.5615
13898 -25.50 5.13 21.48 0.1290 -0.5956 -0.3884 0.4918 -0.5724
13918 -25.50 5.62 28.02 0.5835 -0.5070 -0.4131 0.4812 -0.6517
13938 -25.50 6.22 35.06 0.4772 -0.3764 -0.1555 0.4783 -0.4642
13958 -25.50 0.58 33.23 0.2322 -0.4441 -0.0850 0.4361 -0.4376
13978 -25.50 1.17 24.89 -0.1031 -0.2894 -0.2778 0.2974 -0.3757
13998 -25.50 1.68 26.04 0.2128 -0.4087 -0.2622 0.3136 -0.4135
14018 -25.50 2.21 28.95 0.2902 -0.2217 -0.1126 0.2817 -0.3297
14038 -25.50 2.80 32.13 0.2515 -0.1992 -0.0691 0.2562 -0.2583
14058 -25.50 3.38 29.28 0.2225 -0.0928 0.0558 0.2164 0.2290
14078 -25.50 3.86 21.47 0.3353 -0.1347 -0.2036 0.2691 -0.3514
14098 -25.50 4.26 20.61 -0.1740 0.4149 -0.2483 0.3346 -0.4397
14118 -25.50 4.63 19.19 -0.2546 -0.2572 -0.3088 0.4080 -0.4468
14138 -25.50 5.03 21.49 0.6351 -0.5521 -0.5212 0.4528 -0.6963
14158 -25.50 5.49 25.49 0.4320 0.2811 -0.5146 0.5013 -0.7669
14178 -25.50 6.06 33.89 0.0839 0.3827 -0.1998 0.4555 -0.4657
14198 -25.50 0.43 40.42 0.3418 0.0748 -0.0437 0.4420 -0.4622
14218 -25.50 1.08 28.34 0.3547 -0.3410 -0.1724 0.3630 -0.3794
14238 -25.50 1.57 25.32 0.3611 -0.1347 -0.2183 0.2925 -0.3675
14258 -25.50 2.08 28.59 0.1790 0.1248 -0.1658 0.2564 -0.3890
14278 -25.50 2.66 32.22 0.2999 0.0877 -0.2563 0.3155 -0.4305
14298 -25.50 3.25 29.38 0.1419 0.1393 -0.0565 0.2755 -0.2631
14318 -25.50 3.76 23.64 0.0517 0.2779 -0.1595 0.3166 -0.3299
14338 -25.50 4.16 20.36 -0.4431 0.1909 -0.2059 0.3940 -0.4438
14358 -25.50 4.53 19.46 0.2112 -0.5263 -0.3662 0.3827 -0.5087
14378 -25.50 4.93 20.22 0.4852 0.1844 -0.4994 0.4787 -0.7073
14398 -25.50 5.36 23.90 -0.4061 0.7904 -0.6641 0.4288 -0.7343
14418 -25.50 5.90 30.62 -0.6124 0.4552 -0.3940 0.4993 -0.6177
14438 -25.50 0.25 35.04 -0.3803 0.4230 -0.1482 0.4415 -0.4554
14458 -25.50 0.88 29.73 -0.1417 0.3585 -0.0742 0.3534 -0.3609
14478 -25.50 1.43 24.60 -0.0402 0.3778 -0.2795 0.3068 -0.4096
14498 -25.50 1.93 27.27 -0.3400 0.3408 -0.2018 0.3372 -0.4005
14518 -25.50 2.50 31.03 -0.3400 0.4246 -0.3007 0.3341 -0.4390
14538 -25.50 3.10 30.15 -0.1885 0.1103 0.0180 0.1885 -0.2407
14558 -25.50 3.62 26.39 -0.2546 0.1248 -0.0689 0.2451 -0.2358
14578 -25.50 4.07 19.26 -0.4689 -0.0412 -0.4533 0.3403 -0.5911
14598 -25.50 4.45 19.40 0.5803 -0.4055 -0.4085 0.4331 -0.5893
14618 -25.50 4.81 19.20 -0.1756 0.5970 -0.5122 0.3380 -0.6282
14638 -25.50 5.24 22.79 -0.6253 0.0120 -0.5092 0.5021 -0.6985
14658 -25.50 5.75 27.78 -0.1546 -0.4570 -0.4126 0.4841 -0.5854
14678 -25.50 0.07 34.86 -0.1353 -0.2620 -0.1646 0.3689 -0.4014
14698 -25.50 0.73 33.27 -0.4367 0.1119 -0.1915 0.4113 -0.4577
14718 -25.50 1.28 29.94 -0.2368 -0.0058 -0.1012 0.2577 -0.3094
14738 -25.50 1.78 26.48 -0.2546 -0.1943 -0.2773 0.3546 -0.5346
14758 -25.50 2.34 29.70 -0.1579 -0.2701 -0.2362 0.3627 -0.3809
14778 -25.50 2.94 30.40 -0.2223 -0.0606 -0.2100 0.2112 -0.2260
14798 -25.50 3.49 26.02 -0.1321 -0.1186 -0.1523 0.1992 -0.2409
14818 -25.50 3.96 21.28 0.1532 -0.4151 -0.3185 0.2735 -0.4354
14838 -25.50 4.34 19.42 0.3740 0.3053 -0.4502 0.5102 -0.6192
14858 -25.50 4.72 19.49 -0.5350 0.3537 -0.4385 0.3223 -0.5104
14878 -25.50 5.12 21.53 0.1242 -0.6521 -0.5032 0.4756 -0.6824
14898 -25.50 5.60 27.13 0.6673 -0.5038 -0.4715 0.5114 -0.7182
14918 -25.50 6.19 33.03 0.4933 -0.2975 -0.2152 0.4477 -0.5184
14938 -25.50 0.57 34.88 0.2676 -0.4361 -0.1260 0.4213 -0.4538
14958 -25.50 1.16 24.68 -0.0579 -0.3539 -0.2963 0.3331 -0.4347
14978 -25.50 1.67 27.12 0.2741 -0.3990 -0.2391 0.3308 -0.4139
14998 -25.50 2.20 28.25 0.3724 -0.2749 -0.1694 0.3471 -0.3493
15018 -25.50 2.77 31.92 0.2966 -0.2491 -0.1708 0.2690 -0.3360
15038 -25.50 3.35 29.43 0.2902 -0.1927 -0.0922 0.2806 -0.2975
15058 -25.50 3.84 23.38 0.2193 0.0281 -0.0892 0.2557 -0.3225
15078 -25.50 4.24 19.33 -0.2320 0.5003 -0.3497 0.3585 -0.4858
15098 -25.50 4.61 19.02 -0.2256 -0.3281 -0.3782 0.4086 -0.2596
15118 -25.50 5.00 20.71 0.7221 -0.4296 -0.5530 0.4710 -0.7404
15138 -25.50 5.45 24.73 0.2273 0.4762 -0.5536 0.4572 -0.6671
15158 -25.50 6.02 31.27 -0.0321 0.4616 -0.2780 0.4341 -0.4923
15178 -25.50 0.37 36.54 0.1709 0.2553 -0.1427 0.4046 -0.4364
15198 -25.50 1.01 26.45 0.4449 -0.2427 -0.2977 0.3314 -0.4573
15218 -25.50 1.53 26.55 0.2999 0.0910 -0.2002 0.3566 -0.4519
15238 -25.50 2.03 27.10 0.0194 0.3198 -0.1899 0.3303 -0.4556
15258 -25.50 2.60 30.55 -0.0225 0.3569 -0.1815 0.3561 -0.4005
15278 -25.50 3.19 29.04 -0.0096 0.2038 -0.0544 0.2234 -0.2443
15298 -25.50 3.70 24.33 -0.1224 0.2715 -0.1168 0.2455 -0.2330
15318 -25.50 4.12 22.82 -0.5092 0.0426 -0.3280 0.4600 -0.4656
15338 -25.50 4.50 19.57 0.3386 -0.4425 -0.3292 0.3252 -0.4325
15358 -25.50 4.87 19.21 0.1484 0.4278 -0.4574 0.3857 -0.6174
15378 -25.50 5.30 23.77 -0.7236 0.5890 -0.6357 0.4338 -0.7426
15398 -25.50 5.83 29.13 -0.5914 0.0636 -0.4069 0.5060 -0.6516
15418 -25.50 0.18 36.97 -0.3932 0.1151 -0.0933 0.3933 -0.4122
15438 -25.50 0.81 31.66 -0.3432 0.2618 -0.0575 0.3540 -0.3613
15458 -25.50 1.37 24.68 -0.2642 0.3327 -0.2107 0.2812 -0.3767
15478 -25.50 1.87 26.84 -0.3674 0.2038 -0.2559 0.2646 -0.4885
15498 -25.50 2.42 29.35 -0.2127 -0.0154 -0.0947 0.2367 -0.3025
15518 -25.50 3.01 32.01 -0.2900 0.0877 -0.1409 0.2619 -0.2797
15538 -25.50 3.56 27.66 -0.1740 -0.0444 -0.0403 0.2273 -0.2294
15558 -25.50 4.03 19.35 -0.2094 -0.2459 -0.3429 0.3002 -0.6263
15578 -25.50 4.42 19.38 0.3676 -0.1089 -0.2297 0.2997 -0.3958
15598 -25.50 4.78 19.20 -0.3948 0.5970 -0.4721 0.3819 -0.6153
15618 -25.50 5.19 22.25 -0.4512 -0.3378 -0.6075 0.5076 -0.8241
15638 -25.50 5.70 27.52 0.1999 -0.6408 -0.4343 0.4912 -0.6802
15658 -25.50 0.01 34.96 0.2241 -0.4877 -0.1331 0.4697 -0.4558
15678 -25.50 0.65 31.92 -0.1434 -0.2088 -0.1433 0.3239 -0.3505
15698 -25.50 1.23 25.35 -0.3690 -0.0654 -0.3288 0.3336 -0.4550
15718 -25.50 1.74 25.07 -0.0257 -0.2991 -0.2206 0.2859 -0.3498
15738 -25.50 2.27 29.04 0.1580 -0.3829 -0.2089 0.3232 -0.3835
15758 -25.50 2.85 30.39 0.0968 -0.3474 -0.2108 0.2901 -0.3574
15778 -25.50 3.42 26.90 0.1484 -0.2926 -0.1076 0.2722 -0.2932
15798 -25.50 3.93 19.37 0.2418 -0.4522 -0.3657 0.2666 -0.3476
15818 -25.50 4.30 19.08 0.0420 0.3408 -0.2640 0.3264 -0.4427
15838 -25.50 4.67 18.44 -0.5157 0.0329 -0.4112 0.4052 -0.5727
15858 -25.50 5.06 21.18 0.5062 -0.6859 -0.5619 0.4361 -0.7400
15878 -25.50 5.52 25.89 0.5094 0.1570 -0.3946 0.5743 -0.7118
15898 -25.50 6.11 33.49 0.2644 0.2167 -0.1196 0.4667 -0.4802
15918 -25.50 0.46 32.88 0.3224 -0.0380 -0.0254 0.3515 -0.3701
15938 -25.50 1.08 27.87 0.3321 -0.3007 -0.1457 0.3365 -0.3707
15958 -25.50 1.58 25.11 0.3482 -0.1701 -0.2169 0.2724 -0.3596
15978 -25.50 2.12 28.91 0.2966 0.0636 -0.1757 0.3420 -0.3879
15998 -25.50 2.68 31.22 0.2418 0.1329 -0.1146 0.3622 -0.3605
16018 -25.50 3.27 30.64 0.1999 0.1071 -0.0415 0.3089 0.3129
16038 -25.50 3.77 19.37 0.0130 0.2038 -0.0575 0.2362 -0.3492
16058 -25.50 4.18 20.62 -0.3932 0.2425 -0.1758 0.3556 -0.4057
16078 -25.50 4.55 19.16 0.0936 -0.4667 -0.3474 0.3509 -0.5319
16098 -25.50 4.94 20.65 0.5674 0.0877 -0.5270 0.4776 -0.7226
16118 -25.50 5.38 24.54 -0.3674 0.7131 -0.5166 0.4916 -0.7243
16138 -25.50 5.93 30.78 -0.4528 0.4359 -0.2522 0.4471 -0.4806
16158 -25.50 0.28 38.86 -0.2771 0.4488 -0.1118 0.4389 -0.3479
16178 -25.50 0.94 29.62 0.2773 0.1683 -0.2476 0.3758 -0.3947
16198 -25.50 1.46 25.65 0.0323 0.2779 -0.1907 0.2828 -0.3514
16218 -25.50 1.97 27.93 -0.1627 0.5003 -0.3737 0.3477 -0.4980
16238 -25.50 2.53 29.52 -0.2094 0.2747 -0.1467 0.2467 -0.2802
16258 -25.50 3.12 31.99 -0.1901 0.2682 -0.0896 0.2610 0.3479
16278 -25.50 3.66 26.48 -0.2578 0.2666 -0.1178 0.2791 -0.3024
16298 -25.50 4.08 20.55 -0.2256 -0.1718 -0.1922 0.3491 -0.3751
16318 -25.50 4.46 19.71 0.4820 -0.3668 -0.3131 0.3941 -0.4805
16338 -25.50 4.84 19.11 -0.0805 0.6067 -0.5171 0.4085 -0.6552
16358 -25.50 5.26 23.40 -0.7284 0.1683 -0.5538 0.5244 -0.7529
16378 -25.50 5.78 29.72 -0.2642 -0.2894 -0.3064 0.4613 -0.4982
16398 -25.50 0.11 33.51 -0.4061 -0.1605 -0.2675 0.5192 -0.4460
16418 -25.50 0.79 29.83 -0.4093 0.3166 -0.1299 0.4091 -0.3642
16438 -25.50 1.32 27.38 -0.4157 0.3005 -0.2703 0.3334 -0.4200
16458 -25.50 1.84 26.56 -0.3255 -0.0412 -0.1870 0.3556 -0.3003
16478 -25.50 2.38 30.03 -0.2900 -0.0944 -0.2453 0.3168 -0.4102
16498 -25.50 2.96 30.29 -0.2932 -0.0412 -0.2365 0.2777 -0.3622
16518 -25.50 3.53 28.75 -0.1385 -0.1589 -0.0770 0.2875 -0.2796
16538 -25.50 3.97 23.00 0.1999 -0.4506 -0.2821 0.3526 -0.4578
16558 -25.50 4.35 19.27 0.2032 0.2022 -0.2284 0.3348 -0.3132
16578 -25.50 4.73 20.19 -0.5882 0.3778 -0.4051 0.4372 -0.5745
16598 -25.50 5.13 20.63 0.0259 -0.6069 -0.5178 0.4504 -0.6902
16618 -25.50 5.61 27.21 0.5642 -0.4732 -0.4040 0.4514 -0.5597
16638 -25.50 6.22 35.36 0.4062 -0.2797 -0.0922 0.4054 -0.4421
16658 -25.50 0.58 33.39 0.2177 -0.4038 -0.0833 0.3956 -0.4143
16678 -25.50 1.17 25.35 -0.0644 -0.2975 -0.2477 0.2961 -0.3929
16698 -25.50 1.68 26.17 0.1742 -0.4474 -0.3278 0.3097 -0.4477
16718 -25.50 2.22 29.77 0.3337 -0.3281 -0.1917 0.3305 -0.2873
16738 -25.50 2.79 32.35 0.2709 -0.1411 -0.0082 0.2708 -0.2977
16758 -25.50 3.38 27.80 0.2612 -0.2249 -0.0435 0.2796 -0.2504
16778 -25.50 3.86 24.68 0.3305 -0.0976 -0.1663 0.2960 -0.3536
16798 -25.50 4.26 19.93 -0.1643 0.3811 -0.2130 0.3174 -0.4636
16818 -25.50 4.64 19.12 -0.5189 -0.1911 -0.5236 0.5155 -0.6400
16838 -25.50 5.03 21.43 0.6641 -0.5763 -0.5277 0.4920 -0.7495
16858 -25.50 5.50 26.25 0.4191 0.2263 -0.4528 0.4732 -0.6604
16878 -25.50 6.08 33.75 0.2225 0.2989 -0.2261 0.4718 -0.5105
16898 -25.50 0.43 40.81 0.2838 0.0668 -0.0637 0.3667 -0.3908
16918 -25.50 1.06 26.21 0.3547 -0.2926 -0.2032 0.3197 -0.3769
16938 -25.50 1.56 25.82 0.3160 -0.0573 -0.1815 0.2836 -0.3653
16958 -25.50 2.09 28.06 0.2709 0.0942 -0.2372 0.2956 -0.3911
16978 -25.50 2.66 31.43 0.2096 0.1909 -0.1817 0.3570 -0.3487
16998 -25.50 3.28 26.73 0.2322 -0.0444 -0.1174 0.2167 -0.2323
17018 -25.50 3.78 22.76 0.1468 0.1619 -0.1647 0.2611 -0.3146
17038 -25.50 4.18 19.35 -0.4335 0.3553 -0.3020 0.3496 -0.4594
17058 -25.50 4.54 18.81 0.1532 -0.4925 -0.3545 0.3583 -0.3956
17078 -25.50 4.93 19.97 0.4755 0.1329 -0.4587 0.4459 -0.6511
17098 -25.50 5.37 24.26 -0.4093 0.7582 -0.6024 0.4617 -0.7237
17118 -25.50 5.91 31.09 -0.5608 0.4262 -0.2894 0.5090 -0.5132
17138 -25.50 0.27 37.21 -0.3287 0.4600 -0.1674 0.4434 -0.4627
17158 -25.50 0.88 31.74 -0.0998 0.3488 -0.1103 0.3419 -0.3673
17178 -25.50 1.42 26.38 -0.1305 0.4504 -0.2934 0.3587 -0.4483
17198 -25.50 1.93 27.07 -0.3335 0.3456 -0.2166 0.3270 -0.4226
17218 -25.50 2.49 31.92 -0.3625 0.3005 -0.1976 0.3337 -0.3695
17238 -25.50 3.08 31.36 -0.2046 0.1264 -0.0159 0.2059 -0.2173
17258 -25.50 3.62 26.85 -0.3400 0.1877 -0.1152 0.3205 -0.2311
17278 -25.50 4.05 20.97 -0.2368 -0.2378 -0.3158 0.3544 -0.5181
17298 -25.50 4.44 20.47 0.5094 -0.2346 -0.2750 0.4294 -0.4659
17318 -25.50 4.81 19.20 -0.2723 0.6486 -0.4805 0.4398 -0.6774
17338 -25.50 5.23 23.11 -0.6011 -0.0541 -0.5314 0.4966 -0.6373
17358 -25.50 5.74 29.45 -0.0096 -0.4989 -0.3178 0.4873 -0.5846
17378 -25.50 0.08 34.78 -0.2110 -0.2475 -0.2153 0.4054 -0.3716
17398 -25.50 0.72 33.39 -0.3158 0.0813 -0.1537 0.2898 -0.3424
17418 -25.50 1.30 25.55 -0.3625 0.1748 -0.2081 0.2970 -0.3568
17438 -25.50 1.81 26.84 -0.3448 -0.0896 -0.2814 0.3623 -0.4560
17458 -25.50 2.35 29.31 -0.0644 -0.1685 -0.1027 0.2175 -0.1852
17478 -25.50 2.93 30.64 -0.1240 -0.1315 -0.1368 0.2158 -0.1641
17498 -25.50 3.49 25.79 -0.0338 -0.1895 -0.0648 0.2318 -0.2277
17518 -25.50 3.95 21.13 0.2580 -0.4055 -0.2613 0.3165 -0.4204
17538 -25.50 4.33 19.49 0.1677 0.2940 -0.2865 0.3693 -0.4445
17558 -25.50 4.71 19.68 -0.5705 0.2425 -0.3691 0.4377 -0.6159
17578 -25.50 5.12 21.49 0.1661 -0.6585 -0.5146 0.4519 -0.7668
17598 -25.50 5.60 27.04 0.6770 -0.4570 -0.4754 0.5010 -0.6960
17618 -25.50 6.20 34.03 0.4449 -0.3249 -0.2362 0.3951 -0.4600
17638 -25.50 0.56 35.35 0.2902 -0.4280 -0.1373 0.4148 -0.4405
17658 -25.50 1.15 25.29 -0.0015 -0.3571 -0.2720 0.3111 -0.4660
17678 -25.50 1.67 26.91 0.2386 -0.4006 -0.2527 0.3139 -0.4240
17698 -25.50 2.21 29.84 0.3740 -0.3055 -0.1799 0.3553 -0.3484
17718 -25.50 2.79 31.66 0.2773 -0.1315 -0.0121 0.2772 -0.2311
17738 -25.50 3.40 27.19 0.1194 -0.2507 -0.1446 0.2049 -0.2434
17758 -25.50 3.87 22.95 0.4062 -0.1895 -0.2136 0.3459 -0.4418
17778 -25.50 4.27 20.02 -0.1224 0.3730 -0.2114 0.3161 -0.3934
17798 -25.50 4.63 18.45 -0.3513 -0.1057 -0.3751 0.2970 -0.5294
17818 -25.50 5.02 21.41 0.6754 -0.5086 -0.5150 0.4795 -0.7093
17838 -25.50 5.49 26.48 0.3934 0.2876 -0.4657 0.5004 -0.7130
17858 -25.50 6.05 30.65 0.0726 0.3263 -0.1846 0.3827 -0.4349
17878 -25.50 0.42 33.81 0.1935 0.1586 -0.0073 0.3526 -0.4054
17898 -25.50 1.04 27.40 0.3498 -0.2217 -0.1838 0.3025 -0.3949
17918 -25.50 1.54 26.29 0.3095 0.0474 -0.1842 0.3411 -0.4338
17938 -25.50 2.07 28.13 0.2789 0.1941 -0.3218 0.3501 -0.4466
17958 -25.50 2.63 30.63 0.0452 0.1651 -0.0854 0.2043 -0.2302
17978 -25.50 3.22 30.75 0.0291 0.1780 -0.0202 0.2233 -0.2268
17998 -25.50 3.75 19.44 0.0452 0.1909 -0.1315 0.2133 -0.2628
18018 -25.50 4.16 20.64 -0.3706 0.1329 -0.1576 0.3408 -0.3418
18038 -25.50 4.52 18.69 0.2580 -0.5553 -0.4149 0.3699 -0.5182
18058 -25.50 4.90 19.74 0.3482 0.3214 -0.5088 0.4356 -0.6888
18078 -25.50 5.34 24.02 -0.4641 0.6164 -0.5217 0.3742 -0.6936
18098 -25.50 5.87 31.42 -0.5930 0.1522 -0.2439 0.5656 -0.6191
18118 -25.50 0.23 34.00 -0.4093 0.1893 0.0128 0.4095 -0.4115
18138 -25.50 0.88 27.08 0.0065 0.4423 -0.3073 0.4127 -0.4253
18158 -25.50 1.40 26.14 -0.1675 0.4036 -0.2758 0.2974 -0.4800
18178 -25.50 1.91 27.96 -0.4576 0.3166 -0.2323 0.4071 -0.4583
18198 -25.50 2.46 30.51 -0.3625 0.2038 -0.1943 0.3072 -0.3717
18218 -25.50 3.10 28.50 -0.2191 0.2747 -0.1364 0.2564 -0.2422
18238 -25.50 3.62 22.97 -0.2771 0.1425 -0.0913 0.2617 -0.2664
18258 -25.50 4.06 17.76 -0.1675 -0.1315 -0.1963 0.2265 -0.2187
18278 -25.50 4.43 19.41 0.5078 -0.2540 -0.3269 0.3885 -0.4799
18298 -25.50 4.80 18.33 -0.2578 0.5874 -0.4705 0.3540 -0.6694
18318 -25.50 5.22 22.60 -0.5672 -0.1057 -0.5348 0.4876 -0.7104
18338 -25.50 5.72 27.72 0.0581 -0.5634 -0.3766 0.4922 -0.6223
18358 -25.50 0.04 35.14 0.0775 -0.3652 -0.0750 0.3774 -0.4018
18378 -25.50 0.73 31.39 -0.3916 0.1699 -0.2108 0.3313 -0.3999
18398 -25.50 1.27 27.11 -0.2384 -0.0106 -0.1247 0.2525 -0.3925
18418 -25.50 1.77 26.98 -0.1337 -0.2346 -0.2203 0.3009 -0.3572
18438 -25.50 2.31 29.00 0.0710 -0.2975 -0.1196 0.2868 -0.3059
18458 -25.50 2.91 33.56 0.1242 -0.3345 0.0219 0.3375 -0.2229
18478 -25.50 3.46 24.71 0.0646 -0.2024 -0.0278 0.2049 -0.2039
18498 -25.50 3.92 21.95 0.2773 -0.2459 -0.1427 0.2681 -0.2937
18518 -25.50 4.31 19.48 0.0710 0.3327 -0.2588 0.3447 -0.4245
18538 -25.50 4.68 19.45 -0.6398 0.1780 -0.5063 0.4240 -0.6709
18558 -25.50 5.08 20.92 0.3547 -0.7181 -0.5979 0.3978 -0.7180
18578 -25.50 5.56 28.43 0.7157 -0.2088 -0.4521 0.5808 -0.7345
18598 -25.50 6.15 29.94 0.4353 -0.0912 -0.2250 0.4002 -0.4575
18618 -25.50 0.55 31.00 0.1613 -0.4989 -0.3682 0.3518 -0.4224
18638 -25.50 1.12 28.66 0.1742 -0.3249 -0.1473 0.2899 -0.4373
18658 -25.50 1.63 26.18 0.4062 -0.2411 -0.1156 0.3919 -0.4075
18678 -25.50 2.16 30.01 0.3772 -0.1395 -0.1802 0.3362 -0.3944
18698 -25.50 2.76 31.85 0.3031 -0.1573 -0.1317 0.2730 -0.3194
18718 -25.50 3.38 24.74 0.2064 -0.2266 -0.0930 0.2329 -0.2588
18738 -25.50 3.83 22.57 0.2451 0.0265 -0.1217 0.2736 -0.3294
18758 -25.50 4.24 19.71 -0.2449 0.3778 -0.2203 0.3137 -0.3994
18778 -25.50 4.60 17.95 -0.2449 -0.3571 -0.4605 0.3931 -0.6037
18798 -25.50 4.98 20.73 0.7431 -0.3490 -0.5932 0.4483 -0.7587
18818 -25.50 5.45 25.52 0.0710 0.4584 -0.3916 0.4206 -0.6110
18838 -25.50 6.00 32.93 -0.1127 0.5003 -0.3113 0.4226 -0.4996
18858 -25.50 0.41 32.43 0.4691 -0.0396 -0.3209 0.4095 -0.5396
18878 -25.50 0.98 27.68 0.3095 -0.0154 -0.1786 0.2996 -0.3826
18898 -25.50 1.50 25.68 0.2386 0.1586 -0.2521 0.3104 -0.4325
18918 -25.50 2.02 27.77 -0.0821 0.3198 -0.1158 0.3113 -0.3595
18938 -25.50 2.58 32.64 -0.1111 0.2795 -0.0897 0.2668 -0.2828
18958 -25.50 3.18 33.67 -0.0708 0.3182 -0.0615 0.3284 -0.3420
18978 -25.50 3.71 24.40 -0.1079 0.2940 -0.1309 0.2671 -0.3236
18998 -25.50 4.13 20.42 -0.3835 0.0362 -0.1946 0.3761 -0.4662
19018 -25.50 4.50 18.92 0.3386 -0.5553 -0.4247 0.3646 -0.5649
19038 -25.50 4.89 19.81 0.2902 0.4230 -0.5548 0.4546 -0.7526
19058 -25.50 5.32 23.53 -0.6865 0.5793 -0.5551 0.4873 -0.7495
19078 -25.50 5.85 29.32 -0.6124 0.2553 -0.4361 0.4339 -0.6413
19098 -25.50 0.21 37.75 -0.4431 0.2167 -0.0889 0.4342 -0.4472
19118 -25.50 0.86 29.12 -0.0982 0.3827 -0.2065 0.3396 -0.4384
19138 -25.50 1.39 26.93 -0.1869 0.3891 -0.2767 0.2737 -0.3918
19158 -25.50 1.90 27.33 -0.4061 0.2425 -0.2007 0.3559 -0.4101
19178 -25.50 2.45 31.19 -0.2787 0.2038 -0.2298 0.1744 -0.3992
19198 -25.50 3.04 32.29 -0.1772 0.0426 -0.0134 0.1845 -0.1725
19218 -25.50 3.62 24.66 -0.3158 0.2263 -0.1551 0.2862 -0.3132
19238 -25.50 4.04 21.26 -0.0547 -0.2137 -0.1527 0.2390 -0.2870
19258 -25.50 4.41 19.21 0.4691 -0.0863 -0.3101 0.3913 -0.5513
19278 -25.50 4.79 20.00 -0.4157 0.6341 -0.4751 0.4350 -0.6588
19298 -25.50 5.20 22.34 -0.3867 -0.2669 -0.4774 0.4516 -0.9028
19318 -25.50 5.71 28.17 0.1081 -0.5553 -0.3782 0.4514 -0.5386
19338 -25.50 0.04 35.44 0.1597 -0.4248 -0.0508 0.4261 -0.4285
19358 -25.50 0.68 33.31 -0.2143 -0.1701 -0.1087 0.3696 -0.4254
19378 -25.50 1.25 25.31 -0.3545 -0.0122 -0.2417 0.3393 -0.4354
19398 -25.50 1.76 25.85 -0.1546 -0.2620 -0.2687 0.3244 -0.3939
19418 -25.50 2.30 29.40 0.0565 -0.2943 -0.1388 0.2797 -0.2949
19438 -25.50 2.88 32.00 0.0646 -0.3039 -0.1183 0.2976 -0.2814
19458 -25.50 3.45 26.25 0.0710 -0.2862 -0.1060 0.2785 -0.2970
19478 -25.50 3.91 22.71 0.3402 -0.2282 -0.1292 0.3217 -0.3541
19498 -25.50 4.30 20.15 0.0565 0.3891 -0.3297 0.3560 -0.4786
19518 -25.50 4.68 19.24 -0.5447 0.0910 -0.4149 0.4103 -0.5679
19538 -25.50 5.08 21.57 0.3837 -0.7085 -0.5750 0.4152 -0.7240
19558 -25.50 5.55 26.92 0.5835 -0.1943 -0.4563 0.3806 -0.7580
19578 -25.50 6.14 31.81 0.2386 -0.0380 -0.1255 0.2236 -0.4534
19598 -25.50 0.50 32.77 0.3917 -0.1766 -0.0036 0.3923 -0.4072
19618 -25.50 1.08 28.29 0.3208 -0.3490 -0.2028 0.3305 -0.3963
19638 -25.50 1.60 26.39 0.4256 -0.2636 -0.2555 0.3453 -0.4035
19658 -25.50 2.13 29.42 0.2999 0.0297 -0.1330 0.3395 -0.4359
19678 -25.50 2.70 31.66 0.2064 0.1457 -0.0070 0.3538 -0.3798
19698 -25.50 3.30 30.78 0.2386 -0.0557 -0.0985 0.2294 -0.2419
19718 -25.50 3.80 24.66 0.3337 0.1135 -0.2993 0.3558 -0.4544
19738 -25.50 4.21 20.04 -0.3400 0.3521 -0.2118 0.3390 -0.4636
19758 -25.50 4.58 18.63 -0.0305 -0.4055 -0.3425 0.3458 -0.5236
19778 -25.50 4.96 21.10 0.6835 -0.1315 -0.5465 0.4767 -0.7537
19798 -25.50 5.42 24.45 -0.0805 0.6035 -0.4653 0.4614 -0.6888
19818 -25.50 5.97 32.88 -0.2965 0.5003 -0.2595 0.4311 -0.5555
19838 -25.50 0.32 31.76 -0.0579 0.4004 -0.1423 0.4087 -0.4382
19858 -25.50 0.97 27.65 0.3998 0.1184 -0.2158 0.4983 -0.4696
19878 -25.50 1.49 25.31 0.2515 0.2263 -0.3255 0.3502 -0.5231
19898 -25.50 2.00 28.29 -0.0853 0.3456 -0.2140 0.2895 -0.3523
19918 -25.50 2.57 31.71 -0.0837 0.4020 -0.2788 0.3197 -0.4239
19938 -25.50 3.15 31.19 -0.1385 0.0700 0.0988 0.0970 -0.2321
19958 -25.50 3.67 26.39 -0.1836 0.2296 -0.1002 0.2213 -0.2275
19978 -25.50 4.10 20.08 -0.2916 -0.0396 -0.1950 0.3047 -0.3635
19998 -25.50 4.48 19.72 0.4804 -0.4554 -0.3432 0.4180 -0.5259
20018 -25.50 4.85 19.48 0.0452 0.5761 -0.5372 0.4374 -0.6328
20038 -25.50 5.28 24.86 -0.7687 0.3843 -0.5742 0.5111 -0.7834
20058 -25.50 5.81 29.21 -0.4593 -0.1427 -0.3393 0.5298 -0.4532
20078 -25.50 0.16 37.20 -0.4109 0.0539 -0.1253 0.4287 -0.4527
20098 -25.50 0.84 30.89 -0.1820 0.4262 -0.2268 0.3626 -0.4393
20118 -25.50 1.37 26.36 -0.2384 0.3053 -0.1873 0.2607 -0.2678
20138 -25.50 1.88 27.91 -0.3706 0.1586 -0.1853 0.3224 -0.3620
20158 -25.50 2.43 31.34 -0.2868 0.0023 -0.1225 0.3062 -0.3323
20178 -25.50 3.02 31.18 -0.2191 0.0877 -0.1158 0.1877 -0.1953
20198 -25.50 3.61 22.97 -0.2787 0.2167 -0.1915 0.2213 -0.3046
20218 -25.50 4.02 21.74 0.0710 -0.2862 -0.0936 0.2830 -0.2934
20238 -25.50 4.39 18.43 0.4191 -0.0412 -0.3049 0.3471 -0.4592
20258 -25.50 4.76 19.59 -0.5543 0.6003 -0.5120 0.4292 -0.6894
20278 -25.50 5.16 22.80 -0.2143 -0.5006 -0.5437 0.4926 -0.7195
20298 -25.50 5.66 27.46 0.4191 -0.6311 -0.4353 0.4723 -0.6541
20318 -25.50 6.27 35.35 0.2628 -0.4909 -0.2323 0.4329 -0.4645
20338 -25.50 0.67 30.90 -0.4222 -0.1057 -0.3399 0.4432 -0.5364
20358 -25.50 1.21 27.19 -0.2449 -0.1943 -0.2769 0.3421 -0.3886
20378 -25.50 1.72 26.01 0.0501 -0.4006 -0.2486 0.3588 -0.4546
20398 -25.50 2.26 30.27 0.0839 -0.3748 -0.3040 0.2497 -0.3372
20418 -25.50 2.85 33.08 0.1468 -0.3716 -0.2062 0.3124 -0.3660
20438 -25.50 3.43 28.50 0.0726 -0.3474 -0.2241 0.2900 -0.2912
20458 -25.50 3.89 22.92 0.3805 -0.3652 -0.3314 0.2752 -0.4021
20478 -25.50 4.28 19.72 -0.0869 0.3891 -0.2311 0.3368 -0.4368
20498 -25.50 4.66 19.24 -0.4673 -0.0460 -0.3826 0.4199 -0.5822
20518 -25.50 5.05 21.46 0.5094 -0.6795 -0.5747 0.4119 -0.7146
20538 -25.50 5.52 27.04 0.5094 0.1715 -0.3909 0.5906 -0.6995
20558 -25.50 6.11 31.42 0.3031 0.1667 -0.1449 0.4537 -0.4647
20578 -25.50 0.47 33.67 0.3805 -0.0396 0.0106 0.4182 -0.4269
20598 -25.50 1.10 27.13 0.2386 -0.3458 -0.1948 0.2956 -0.3500
20618 -25.50 1.60 25.86 0.3934 -0.2201 -0.2123 0.3322 -0.4040
20638 -25.50 2.12 28.58 0.2515 0.0845 -0.1185 0.3288 -0.3590
20658 -25.50 2.71 33.07 0.2064 0.0877 -0.0349 0.3000 -0.3129
20678 -25.50 3.28 30.72 0.2241 0.0329 -0.0641 0.2723 -0.2733
20698 -25.50 3.78 23.08 0.1226 0.1780 -0.1586 0.2573 -0.3361
20718 -25.50 4.19 20.41 -0.4012 0.2747 -0.2033 0.3563 -0.4148
20738 -25.50 4.56 18.69 0.0887 -0.5022 -0.3799 0.3781 -0.5795
20758 -25.50 4.94 20.62 0.5610 0.0877 -0.5047 0.4907 -0.7465
20778 -25.50 5.39 23.90 -0.2384 0.6841 -0.5290 0.4499 -0.7725
20798 -25.50 5.94 30.92 -0.4222 0.4068 -0.2143 0.4283 -0.4623
20818 -25.50 0.29 40.81 -0.2207 0.4294 -0.1272 0.4102 -0.4327
20838 -25.50 0.93 27.83 0.2902 0.1312 -0.2965 0.3132 -0.5595
20858 -25.50 1.46 26.09 0.0533 0.2682 -0.2002 0.2805 -0.3574
20878 -25.50 1.97 28.27 -0.1417 0.2795 -0.1532 0.2338 -0.3739
20898 -25.50 2.55 32.69 -0.1869 0.2924 -0.1294 0.2664 -0.2639
20918 -25.50 3.15 32.06 -0.1224 0.2747 -0.0837 0.2622 -0.2782
20938 -25.50 3.71 19.33 -0.1160 0.2940 -0.1265 0.2678 -0.3243
20958 -25.50 4.11 21.09 -0.2884 -0.0283 -0.1671 0.3081 -0.3109
20978 -25.50 4.49 19.44 0.4062 -0.4893 -0.3787 0.3616 -0.4637
20998 -25.50 4.86 18.65 0.1161 0.4778 -0.4956 0.3881 -0.6844
21018 -25.50 5.29 24.91 -0.7445 0.4246 -0.5304 0.5260 -0.7487
21038 -25.50 5.82 30.04 -0.4850 -0.0686 -0.3325 0.5037 -0.6201
