--- Terminal on /dev/ttyUSB0 | 115200 8-N-1
--- Available filters and text transformations: colorize, debug, default, direct, esp32_exception_decoder, hexlify, log2file, nocontrol, printable, send_on_enter, time
--- More details at https://bit.ly/pio-monitor-filters
--- Quit: Ctrl+C | Menu: Ctrl+T | Help: Ctrl+T followed by Ctrl+H
MOT: Init
MOT: Enable driver.
MOT: Align sensor.
MOT: sensor_direction==CCW
MOT: PP check: OK!
MOT: Zero elec. angle: 1.09
MOT: Align current sense.
CS: Inv B
MOT: Success: 3
MOT: Ready.
0 0.55 3.73 -0.04 -0.1047 0.0439 0.1032 0.0201 0.1453
8377 0.55 3.27 -27.27 0.2660 0.1180 0.1455 0.3655 0.4449
8397 0.55 2.89 -20.73 0.4208 -0.5557 0.4115 0.4082 0.4751
8417 0.55 2.47 -22.58 -0.4077 -0.0464 0.3467 0.3598 0.4806
8437 0.55 2.01 -23.58 -0.4334 0.4984 0.3869 0.3794 0.5099
8457 0.55 1.49 -31.22 -0.1852 0.5629 0.3809 0.4290 0.4930
8477 0.55 0.94 -27.73 -0.0144 0.4984 0.3576 0.4404 0.5229
8497 0.55 0.47 -23.57 0.4369 0.0471 0.3638 0.3905 0.5350
8517 0.55 0.01 -23.99 0.4272 -0.5009 0.3409 0.4199 0.5459
8537 0.55 5.78 -28.95 0.0823 -0.5154 0.3435 0.4343 0.5307
8557 0.55 5.12 -37.72 0.4562 -0.4557 0.2880 0.4408 0.5071
8577 0.55 4.31 -40.28 -0.2658 0.5629 0.2884 0.4837 0.5511
8597 0.55 3.60 -23.44 -0.4496 -0.0077 0.2848 0.4394 0.5224
8617 0.55 3.16 -22.39 -0.3932 0.4533 0.3283 0.3669 0.5064
8637 0.55 2.76 -20.92 0.4208 0.1132 0.4125 0.3827 0.5729
8657 0.55 2.33 -22.01 0.4111 -0.5331 0.4472 0.3347 0.5731
8677 0.55 1.83 -26.38 -0.1433 -0.3719 0.3739 0.3783 0.4649
8697 0.55 1.29 -28.86 -0.2723 -0.2124 0.3129 0.3717 0.5542
8717 0.55 0.77 -25.82 -0.4367 0.0777 0.2665 0.3821 0.5076
8737 0.55 0.30 -24.69 -0.4109 0.4984 0.3432 0.4067 0.5150
8757 0.55 6.12 -24.60 0.1661 0.3823 0.3864 0.4088 0.5748
8777 0.55 5.57 -31.55 0.3144 0.2212 0.3149 0.4365 0.4773
8797 0.55 4.84 -41.73 -0.5027 0.4984 0.3447 0.4640 0.5752
8817 0.55 4.03 -36.95 0.2064 -0.5557 0.2658 0.4949 0.5672
8837 0.55 3.46 -24.58 0.3466 -0.5476 0.3836 0.3997 0.4701
8857 0.55 3.04 -23.63 -0.3980 -0.0770 0.3606 0.3604 0.5047
8877 0.55 2.63 -21.22 -0.2852 0.5693 0.4247 0.3791 0.5699
8897 0.55 2.19 -23.59 0.5014 -0.0367 0.3582 0.4290 0.4848
8917 0.55 1.69 -27.24 0.5078 -0.4203 0.3175 0.4404 0.5388
8937 0.55 1.15 -28.46 0.4111 -0.5057 0.3092 0.4399 0.5262
8957 0.55 0.64 -24.50 0.1919 -0.5476 0.3687 0.4158 0.5343
8977 0.55 0.18 -24.33 -0.4077 -0.0722 0.3605 0.3711 0.5060
8997 0.55 5.99 -28.73 -0.4463 0.4210 0.3113 0.3930 0.5171
9017 0.55 5.41 -33.33 -0.5995 0.4210 0.4493 0.4208 0.4818
9037 0.55 4.62 -42.59 0.0356 -0.4283 0.1946 0.4338 0.4710
9057 0.55 3.82 -35.10 0.2080 0.3614 0.3144 0.4829 0.6233
9077 0.55 3.32 -22.55 0.4433 0.0858 0.4005 0.4027 0.5302
9097 0.55 2.91 -20.13 0.2918 -0.5718 0.4166 0.3916 0.5862
9117 0.55 2.50 -23.47 -0.5318 0.1454 0.3367 0.4344 0.5434
9137 0.55 2.04 -24.38 -0.3690 0.5693 0.4458 0.3672 0.5770
9157 0.55 1.52 -28.50 0.0082 0.4742 0.3427 0.4331 0.5364
9177 0.55 0.97 -27.89 0.1403 0.3759 0.3204 0.4270 0.5529
9197 0.55 0.49 -23.46 0.5078 -0.2752 0.1627 0.4816 0.5359
9217 0.55 0.04 -23.39 0.3563 -0.5573 0.3741 0.4226 0.5601
9237 0.55 5.81 -28.67 -0.0676 -0.4574 0.3775 0.4286 0.5514
9257 0.55 5.16 -41.08 0.3805 -0.5573 0.3673 0.4353 0.5713
9277 0.55 4.36 -42.46 0.0952 0.5629 0.2996 0.6450 0.5668
9297 0.55 3.67 -30.39 -0.5753 0.3952 0.3242 0.4912 0.5887
9317 0.55 3.21 -22.18 -0.2400 0.5725 0.4229 0.3896 0.5920
9337 0.55 2.79 -21.93 0.5078 -0.1479 0.3579 0.3804 0.4794
9357 0.55 2.37 -22.52 -0.0015 -0.5057 0.3486 0.4696 0.5938
9377 0.55 1.90 -29.50 -0.4802 0.0213 0.3243 0.4349 0.4689
9397 0.55 1.36 -29.05 -0.5962 0.1889 0.3886 0.4694 0.7031
9417 0.55 0.83 -27.04 -0.4737 0.3711 0.2931 0.4031 0.5053
9437 0.55 0.36 -23.96 -0.1869 0.5467 0.3866 0.3992 0.5818
9457 0.55 6.18 -24.07 0.4530 0.0616 0.3875 0.4070 0.6539
9477 0.55 5.64 -29.62 0.6400 -0.1818 0.4492 0.4829 0.7047
9497 0.55 4.95 -38.39 0.0920 0.4952 0.3922 0.4950 0.5965
9517 0.55 4.13 -37.38 -0.3174 -0.2108 0.2961 0.4416 0.4831
9537 0.55 3.48 -27.33 0.2032 -0.5202 0.2909 0.4362 0.5064
9557 0.55 3.05 -20.88 -0.4415 -0.0270 0.3908 0.3522 0.5351
9577 0.55 2.64 -20.57 -0.2433 0.5886 0.4545 0.3786 0.6390
9597 0.55 2.20 -23.74 0.5707 -0.0979 0.4093 0.4526 0.6150
9617 0.55 1.70 -26.59 0.4949 -0.4509 0.3508 0.4207 0.5204
9637 0.55 1.15 -29.37 0.4047 -0.5557 0.2956 0.4927 0.5017
9657 0.55 0.64 -26.38 0.1564 -0.5670 0.3591 0.4626 0.5692
9677 0.55 0.18 -22.93 -0.4141 -0.0834 0.3715 0.3821 0.5450
9697 0.55 5.99 -26.22 -0.4947 0.4226 0.3527 0.4015 0.5065
9717 0.55 5.40 -34.03 -0.4963 0.4404 0.3040 0.4507 0.5256
9737 0.55 4.62 -42.71 0.1387 -0.5557 0.2796 0.5064 0.5688
9757 0.55 3.81 -34.62 0.1967 0.3243 0.1941 0.4892 0.5032
9777 0.55 3.32 -25.60 0.3789 0.1358 0.3714 0.3828 0.5468
9797 0.55 2.90 -20.78 0.3773 -0.5653 0.4300 0.3829 0.5906
9817 0.55 2.49 -21.93 -0.4963 0.0342 0.3767 0.4067 0.5154
9837 0.55 2.03 -24.79 -0.3932 0.5500 0.3804 0.4199 0.5207
9857 0.55 1.50 -28.50 -0.0918 0.4984 0.3374 0.4094 0.5029
9877 0.55 0.95 -27.47 0.0726 0.4178 0.3148 0.4255 0.5402
9897 0.55 0.48 -23.50 0.4756 0.0600 0.4403 0.3880 0.6020
9917 0.55 0.02 -24.88 0.3708 -0.4848 0.3038 0.4058 0.5455
9937 0.55 5.79 -27.82 0.0759 -0.5057 0.3415 0.4253 0.5532
9957 0.55 5.13 -36.43 0.4594 -0.4944 0.3337 0.4395 0.6240
9977 0.55 4.33 -42.30 -0.0466 0.4468 0.1732 0.4596 0.4717
9997 0.55 3.61 -27.90 -0.4093 -0.0045 0.2697 0.3912 0.4648
10017 0.55 3.16 -20.77 -0.4077 0.4984 0.3677 0.3830 0.5183
10037 0.55 2.76 -23.50 0.4530 0.0632 0.4106 0.3853 0.5785
10057 0.55 2.33 -22.47 0.3579 -0.6056 0.4356 0.4256 0.5999
10077 0.55 1.85 -25.98 -0.2336 -0.2978 0.3632 0.3897 0.3844
10097 0.55 1.30 -29.10 -0.3948 -0.1221 0.3172 0.4374 0.4894
10117 0.55 0.77 -26.40 -0.5044 0.1422 0.3013 0.4239 0.4485
10137 0.55 0.31 -22.99 -0.3932 0.4984 0.3767 0.3662 0.5615
10157 0.55 6.13 -26.57 0.2370 0.3050 0.3388 0.4249 0.5883
10177 0.55 5.57 -31.31 0.3015 0.2018 0.3180 0.3943 0.5181
10197 0.55 4.86 -40.20 -0.4786 0.5774 0.3769 0.4892 0.6082
10217 0.55 4.05 -38.35 0.0404 -0.4815 0.2137 0.4896 0.4941
10237 0.55 3.48 -25.21 0.2854 -0.5363 0.3856 0.3733 0.5560
10257 0.55 3.05 -21.46 -0.4286 -0.0109 0.3564 0.3526 0.5425
10277 0.55 2.64 -20.88 -0.2288 0.5774 0.4264 0.3954 0.5947
10297 0.55 2.21 -22.21 0.5078 -0.1237 0.3388 0.4070 0.6206
10317 0.55 1.70 -26.43 0.4949 -0.4719 0.3626 0.4249 0.5634
10337 0.55 1.15 -28.96 0.3982 -0.5863 0.2711 0.5338 0.5092
10357 0.55 0.64 -24.50 0.1742 -0.5525 0.3652 0.4309 0.5612
10377 0.55 0.18 -23.91 -0.4334 -0.1205 0.4270 0.3965 0.5163
10397 0.55 5.99 -26.11 -0.4737 0.4533 0.3344 0.4183 0.5685
10417 0.55 5.41 -35.26 -0.4721 0.4581 0.2962 0.4482 0.5037
10437 0.55 4.63 -45.54 -0.0225 -0.5234 0.2848 0.5482 0.5521
10457 0.55 3.87 -35.40 0.4369 0.0181 0.2430 0.4543 0.4918
10477 0.55 3.36 -23.34 0.5594 -0.1721 0.3752 0.4330 0.6005
10497 0.55 2.94 -20.90 0.0694 -0.4880 0.3467 0.3982 0.4743
10517 0.55 2.54 -20.61 -0.6784 0.3243 0.5460 0.4030 0.5569
10537 0.55 2.09 -23.73 -0.0466 0.5741 0.4273 0.4734 0.5535
10557 0.55 1.57 -29.20 0.2693 0.2599 0.3505 0.3964 0.5420
10577 0.55 1.02 -29.88 0.3918 0.1680 0.3622 0.4458 0.5329
10597 0.55 0.53 -24.48 0.5948 -0.2994 0.4018 0.4386 0.6052
10617 0.55 0.06 -23.82 0.2628 -0.5847 0.4105 0.4177 0.5918
10637 0.55 5.84 -28.19 -0.3238 -0.3042 0.3561 0.5175 0.4784
10657 0.55 5.20 -36.73 0.0726 -0.5057 0.2896 0.4639 0.5211
10677 0.55 4.40 -43.09 0.2773 0.2921 0.3057 0.4804 0.6011
10697 0.55 3.65 -24.90 -0.4673 0.2856 0.2116 0.4209 0.4652
10717 0.55 3.21 -22.51 -0.1578 0.5500 0.3325 0.4584 0.5657
10737 0.55 2.80 -20.21 0.5578 -0.1753 0.4147 0.3916 0.6466
10757 0.55 2.38 -21.99 0.0468 -0.4622 0.3771 0.3416 0.4812
10777 0.55 1.91 -26.57 -0.4963 0.0987 0.3079 0.4258 0.4801
10797 0.55 1.37 -28.86 -0.5737 0.2502 0.3744 0.4367 0.5490
10817 0.55 0.84 -29.91 -0.4544 0.4404 0.2919 0.4264 0.4922
10837 0.55 0.36 -23.84 -0.1256 0.4984 0.3490 0.3833 0.4783
10857 0.55 6.19 -24.56 0.4852 -0.0045 0.3708 0.4166 0.5619
10877 0.55 5.65 -29.26 0.6013 -0.1963 0.4343 0.4329 0.6391
10897 0.55 4.94 -40.47 0.0871 0.4984 0.3707 0.5116 0.7445
10917 0.55 4.13 -38.65 -0.3400 -0.1882 0.2686 0.4631 0.5093
10937 0.55 3.53 -26.14 -0.0837 -0.4171 0.3280 0.4245 0.5547
10957 0.55 3.10 -19.44 -0.5898 0.2921 0.4122 0.4217 0.5946
10977 0.55 2.69 -21.36 0.0823 0.4581 0.4177 0.4057 0.6130
10997 0.55 2.26 -22.77 0.5078 -0.3607 0.3596 0.3791 0.5133
11017 0.55 1.76 -26.85 0.3079 -0.5670 0.4000 0.4027 0.5766
11037 0.55 1.22 -28.49 0.0710 -0.4783 0.3081 0.4141 0.4942
11057 0.55 0.70 -25.20 -0.1949 -0.3558 0.3977 0.3921 0.5542
11077 0.55 0.24 -23.06 -0.5721 0.2792 0.3951 0.4137 0.5784
11097 0.55 6.05 -23.24 -0.1869 0.5822 0.3106 0.5069 0.5886
11117 0.55 5.46 -32.05 -0.3367 0.5467 0.3925 0.3876 0.5529
11137 0.55 4.72 -42.10 -0.4238 -0.0528 0.2178 0.4749 0.6105
11157 0.55 3.94 -35.36 0.5723 -0.3526 0.3060 0.4896 0.6010
11177 0.55 3.41 -23.74 0.5078 -0.3816 0.3549 0.3919 0.5946
11197 0.55 2.98 -21.50 -0.1385 -0.3993 0.3966 0.3933 0.5518
11217 0.55 2.59 -21.52 -0.4399 0.4984 0.3978 0.3723 0.5362
11237 0.55 2.14 -24.28 0.2354 0.3662 0.4430 0.4140 0.6028
11257 0.55 1.63 -27.34 0.5626 -0.1237 0.3694 0.4617 0.5206
11277 0.55 1.08 -28.40 0.5836 -0.2204 0.3845 0.4466 0.6343
11297 0.55 0.59 -24.62 0.3821 -0.4880 0.3197 0.4017 0.4907
11317 0.55 0.13 -22.82 -0.2126 -0.3736 0.4210 0.4183 0.5347
11337 0.55 5.94 -26.01 -0.5785 0.2276 0.4220 0.4020 0.6378
11357 0.55 5.33 -33.20 -0.6510 0.0793 0.4667 0.5355 0.5203
11377 0.55 4.55 -42.93 0.4320 -0.5573 0.2287 0.5381 0.5652
11397 0.55 3.81 -33.71 0.1274 0.4404 0.3005 0.5145 0.5835
11417 0.55 3.31 -23.42 0.3466 0.1632 0.3727 0.3635 0.5528
11437 0.55 2.90 -19.68 0.3805 -0.5573 0.4190 0.3858 0.5748
11457 0.55 2.48 -23.57 -0.4608 0.0568 0.3156 0.3911 0.5033
11477 0.55 2.02 -23.00 -0.3819 0.5532 0.3541 0.4420 0.5285
11497 0.55 1.50 -27.97 -0.1111 0.5467 0.3535 0.4572 0.5031
11517 0.55 0.94 -27.11 -0.1095 0.4774 0.3846 0.3198 0.5252
11537 0.55 0.46 -23.41 0.4240 0.1164 0.3945 0.4097 0.5276
11557 0.55 0.01 -22.25 0.4320 -0.5009 0.3602 0.4063 0.5393
11577 0.55 5.78 -29.15 -0.0208 -0.5073 0.2241 0.5547 0.4867
11597 0.55 5.13 -35.94 0.4820 -0.5331 0.3117 0.4989 0.5853
11617 0.55 4.30 -42.97 -0.3464 0.5629 0.2970 0.4839 0.6031
11637 0.55 3.65 -29.37 -0.6172 0.2647 0.3873 0.4832 0.6112
11657 0.55 3.19 -22.00 -0.3512 0.5999 0.4388 0.4133 0.5913
11677 0.55 2.78 -20.58 0.5078 -0.0883 0.3871 0.3802 0.5464
11697 0.55 2.35 -21.32 0.2564 -0.6040 0.4589 0.3963 0.6374
11717 0.55 1.87 -26.55 -0.3496 -0.1801 0.3542 0.4060 0.4635
11737 0.55 1.33 -24.91 -0.5398 0.0987 0.3316 0.4696 0.5900
11757 0.55 0.79 -27.28 -0.5575 0.2083 0.3490 0.4423 0.5560
11777 0.55 0.32 -23.55 -0.3641 0.5693 0.3954 0.4197 0.5603
11797 0.55 6.14 -25.46 0.2548 0.3163 0.4096 0.3994 0.5860
11817 0.55 5.60 -29.91 0.4433 0.1116 0.4132 0.4170 0.5112
11837 0.55 4.88 -41.21 -0.3609 0.6209 0.3809 0.4937 0.6019
11857 0.55 4.03 -42.20 0.0291 -0.4525 0.0624 0.5027 0.4600
11877 0.55 3.43 -24.68 0.4320 -0.4944 0.2881 0.4549 0.5501
11897 0.55 3.01 -21.42 -0.2562 -0.2994 0.4109 0.3748 0.5624
11917 0.55 2.60 -20.54 -0.4866 0.4984 0.4646 0.3281 0.5867
11937 0.55 2.15 -24.70 0.3128 0.2711 0.4074 0.4190 0.5530
11957 0.55 1.64 -28.12 0.5852 -0.1463 0.3972 0.4616 0.6277
11977 0.55 1.10 -28.58 0.5707 -0.2994 0.3798 0.4262 0.6002
11997 0.55 0.59 -22.92 0.3901 -0.5525 0.3471 0.4494 0.5395
12017 0.55 0.14 -23.31 -0.3883 -0.3462 0.4441 0.5855 0.5539
12037 0.55 5.93 -26.63 -0.5704 0.1632 0.3979 0.4324 0.6088
12057 0.55 5.32 -35.37 -0.5301 0.0390 0.3389 0.4840 0.6056
12077 0.55 4.52 -42.36 0.5046 -0.4203 0.2204 0.4936 0.5106
12097 0.55 3.74 -31.68 -0.2416 0.4984 0.2423 0.4356 0.4866
12117 0.55 3.27 -25.18 0.1790 0.3501 0.3389 0.4181 0.5434
12137 0.55 2.85 -20.51 0.5078 -0.4267 0.3922 0.3793 0.5322
12157 0.55 2.43 -22.38 -0.2271 -0.4912 0.5905 0.4365 0.5847
12177 0.55 1.97 -24.40 -0.5318 0.3308 0.3695 0.3896 0.5594
12197 0.55 1.43 -28.49 -0.4351 0.4984 0.3295 0.4311 0.5199
12217 0.55 0.89 -28.72 -0.3496 0.5661 0.3786 0.4277 0.4851
12237 0.55 0.41 -23.05 0.1967 0.4049 0.4142 0.4525 0.5763
12257 0.55 6.24 -23.62 0.6013 -0.3268 0.4186 0.4326 0.6274
12277 0.55 5.72 -29.50 0.4530 -0.5105 0.3551 0.4320 0.5533
12297 0.55 5.05 -38.90 0.6142 -0.1270 0.3757 0.5285 0.6857
12317 0.55 4.22 -40.55 -0.6075 0.3404 0.3191 0.5186 0.5781
12337 0.55 3.54 -24.55 -0.1143 -0.3091 0.2478 0.3613 0.4131
12357 0.55 3.10 -22.15 -0.5479 0.2470 0.3904 0.3856 0.5887
12377 0.55 2.69 -21.43 0.0952 0.3695 0.3394 0.3546 0.4821
12397 0.55 2.26 -22.65 0.6077 -0.3510 0.4613 0.3994 0.6020
12417 0.55 1.77 -26.43 0.2467 -0.5670 0.3911 0.4126 0.5692
12437 0.55 1.21 -28.24 0.0662 -0.4848 0.3159 0.4202 0.4232
12457 0.55 0.71 -25.88 -0.2384 -0.4203 0.4864 0.4564 0.5976
12477 0.55 0.25 -21.25 -0.5914 0.3517 0.4161 0.4252 0.5887
12497 0.55 6.07 -25.32 -0.1353 0.5564 0.3517 0.4616 0.5593
12517 0.55 5.49 -32.26 -0.0982 0.4984 0.3093 0.4279 0.5244
12537 0.55 4.74 -42.48 -0.5559 0.0987 0.2482 0.5388 0.5389
12557 0.55 3.97 -34.67 0.4756 -0.4251 0.2432 0.4624 0.5078
12577 0.55 3.41 -25.04 0.5078 -0.4396 0.3274 0.4434 0.5487
12597 0.55 2.99 -22.64 -0.1756 -0.3042 0.3142 0.3701 0.5717
12617 0.55 2.58 -21.03 -0.5334 0.4468 0.4743 0.3205 0.5379
12637 0.55 2.13 -24.40 0.1790 0.3856 0.4144 0.4014 0.6133
12657 0.55 1.63 -27.63 0.5594 -0.0947 0.3668 0.4733 0.5410
12677 0.55 1.07 -28.52 0.6335 -0.1866 0.4206 0.4970 0.6256
12697 0.55 0.58 -25.88 0.2822 -0.5105 0.1507 0.4888 0.5256
12717 0.55 0.13 -23.07 -0.1111 -0.3687 0.3652 0.3449 0.4983
12737 0.55 5.91 -26.01 -0.5366 0.0793 0.3960 0.4227 0.5672
12757 0.55 5.31 -34.89 -0.4721 -0.0399 0.3273 0.4661 0.5309
12777 0.55 4.49 -43.78 0.5723 -0.2398 0.3214 0.4765 0.5841
12797 0.55 3.73 -32.77 -0.2368 0.4790 0.1642 0.4500 0.4565
12817 0.55 3.25 -22.24 0.1532 0.4468 0.3708 0.5013 0.5591
12837 0.55 2.85 -20.72 0.4933 -0.4106 0.3765 0.3707 0.5397
12857 0.55 2.43 -24.28 -0.2352 -0.3558 0.4507 0.3886 0.5610
12877 0.55 1.97 -24.69 -0.5704 0.3727 0.3836 0.4341 0.5742
12897 0.55 1.43 -28.32 -0.4302 0.4952 0.3251 0.4289 0.5379
12917 0.55 0.89 -26.83 -0.2497 0.5725 0.2832 0.4993 0.5657
12937 0.55 0.41 -24.05 0.0291 0.3308 0.3198 0.2399 0.4786
12957 0.55 6.24 -23.56 0.6110 -0.2833 0.4430 0.4214 0.6307
12977 0.55 5.71 -28.62 0.4820 -0.5089 0.3586 0.4466 0.5700
12997 0.55 5.03 -38.18 0.5868 -0.0512 0.4030 0.5100 0.5660
13017 0.55 4.21 -41.48 -0.5817 0.3050 0.2835 0.5082 0.5861
13037 0.55 3.58 -27.71 -0.3883 -0.1705 0.3435 0.4583 0.7040
13057 0.55 3.14 -20.61 -0.5995 0.3952 0.5044 0.3422 0.5009
13077 0.55 2.73 -19.88 0.2886 0.2260 0.3891 0.3387 0.5431
13097 0.55 2.31 -21.46 0.3918 -0.5057 0.3668 0.3833 0.5394
13117 0.55 1.82 -27.06 -0.0853 -0.4235 0.3550 0.4135 0.5413
13137 0.55 1.27 -28.54 -0.1949 -0.3800 0.4207 0.4061 0.7361
13157 0.55 0.75 -26.02 -0.4222 -0.0496 0.3288 0.4009 0.4445
13177 0.55 0.29 -22.29 -0.4931 0.4468 0.3968 0.3730 0.5327
13197 0.55 6.11 -26.11 0.0742 0.4790 0.4156 0.4336 0.5872
13217 0.55 5.55 -32.43 0.1661 0.4339 0.4182 0.4571 0.5834
13237 0.55 4.82 -41.03 -0.5108 0.4210 0.3279 0.4359 0.5239
13257 0.55 3.96 -40.92 0.4820 -0.5089 0.2184 0.5295 0.5537
13277 0.55 3.42 -24.22 0.4337 -0.4445 0.2970 0.4110 0.5354
13297 0.55 3.00 -21.01 -0.1949 -0.3526 0.4169 0.3663 0.5480
13317 0.55 2.59 -21.36 -0.3448 0.4984 0.2826 0.4251 0.5408
13337 0.55 2.14 -25.10 0.2112 0.3566 0.4146 0.3968 0.5807
13357 0.55 1.63 -24.94 0.5852 -0.1366 0.3674 0.4897 0.6481
13377 0.55 1.07 -28.81 0.6110 -0.2011 0.3921 0.4838 0.6494
13397 0.55 0.58 -24.91 0.3982 -0.5041 0.2980 0.4402 0.5250
13417 0.55 0.12 -23.34 -0.1240 -0.3671 0.3511 0.3709 0.4425
13437 0.55 5.92 -26.55 -0.5817 0.1664 0.3982 0.4477 0.6159
13457 0.55 5.30 -35.17 -0.4109 -0.0303 0.2588 0.4194 0.4506
13477 0.55 4.51 -43.10 0.5078 -0.3429 0.2342 0.4621 0.4736
13497 0.55 3.78 -29.07 -0.0402 0.4984 0.2878 0.4730 0.5611
13517 0.55 3.29 -23.04 0.2805 0.2711 0.3855 0.3947 0.5913
13537 0.55 2.89 -20.03 0.3660 -0.4493 0.3641 0.3097 0.5612
13557 0.55 2.47 -21.76 -0.4238 -0.0464 0.3389 0.3920 0.5418
13577 0.55 2.01 -24.64 -0.4351 0.4984 0.3689 0.3979 0.5282
13597 0.55 1.47 -28.79 -0.2981 0.5822 0.3892 0.4330 0.6146
13617 0.55 0.93 -26.75 -0.1143 0.4984 0.3330 0.4021 0.5847
13637 0.55 0.44 -22.98 0.3660 0.2212 0.4073 0.4311 0.5266
13657 0.55 6.28 -23.79 0.4691 -0.4235 0.3609 0.3707 0.5007
13677 0.55 5.76 -28.80 0.3466 -0.5363 0.4341 0.3277 0.5784
13697 0.55 5.10 -38.42 0.4820 -0.3510 0.2776 0.4139 0.4710
13717 0.55 4.27 -43.24 -0.4109 0.6015 0.1849 0.5863 0.5844
13737 0.55 3.63 -26.66 -0.5301 0.1374 0.2929 0.4658 0.5060
13757 0.55 3.18 -23.53 -0.3464 0.6209 0.3675 0.5021 0.5807
13777 0.55 2.76 -21.01 0.4691 0.0278 0.3892 0.4004 0.5441
13797 0.55 2.35 -22.50 0.2677 -0.5750 0.4212 0.3921 0.5650
13817 0.55 1.85 -26.63 -0.2400 -0.2994 0.3857 0.3787 0.4644
13837 0.55 1.32 -28.88 -0.4173 -0.0431 0.3022 0.4091 0.4992
13857 0.55 0.78 -25.76 -0.5946 0.1599 0.3962 0.4709 0.5917
13877 0.55 0.33 -23.97 -0.3706 0.5451 0.4248 0.3599 0.5699
13897 0.55 6.15 -21.36 0.2951 0.2131 0.3520 0.3695 0.4926
13917 0.55 5.61 -29.78 0.5014 -0.0109 0.3639 0.4422 0.5609
13937 0.55 4.91 -40.56 -0.1111 0.4339 0.2455 0.3781 0.5644
13957 0.55 4.10 -39.39 -0.3416 -0.4316 0.2548 0.7318 0.6337
13977 0.55 3.51 -26.20 0.0888 -0.5089 0.3468 0.4187 0.5379
13997 0.55 3.07 -21.87 -0.5334 0.1132 0.3839 0.4105 0.5142
14017 0.55 2.66 -20.88 -0.0676 0.4984 0.3931 0.3712 0.5280
14037 0.55 2.23 -22.23 0.4691 -0.2253 0.2960 0.3641 0.6621
14057 0.55 1.74 -27.03 0.4079 -0.5492 0.3967 0.4098 0.5477
14077 0.55 1.19 -28.85 0.3531 -0.6056 0.4293 0.4311 0.6102
14097 0.55 0.67 -24.79 -0.0096 -0.4751 0.3540 0.4264 0.5382
14117 0.55 0.21 -22.80 -0.5463 0.2405 0.2528 0.4857 0.5791
14137 0.55 6.02 -25.59 -0.4173 0.5532 0.3869 0.4274 0.5788
14157 0.55 5.43 -35.98 -0.4415 0.4742 0.3474 0.3998 0.6131
14177 0.55 4.66 -42.40 -0.0837 -0.4703 0.3426 0.4891 0.6094
14197 0.55 3.89 -36.44 0.5078 -0.1237 0.2091 0.4865 0.5234
14217 0.55 3.37 -23.20 0.5900 -0.1108 0.5136 0.3599 0.6099
14237 0.55 2.95 -21.13 0.1145 -0.5363 0.4267 0.3702 0.5121
14257 0.55 2.54 -21.23 -0.5946 0.3292 0.4191 0.4234 0.6069
14277 0.55 2.08 -25.08 -0.0805 0.4984 0.3626 0.3935 0.6654
14297 0.55 1.56 -28.67 0.2241 0.3549 0.3816 0.4421 0.6120
14317 0.55 1.02 -28.17 0.3434 0.1615 0.3338 0.3931 0.7468
14337 0.55 0.52 -24.67 0.5884 -0.2043 0.4294 0.4154 0.6152
14357 0.55 0.06 -23.63 0.2499 -0.5589 0.4047 0.3870 0.5742
14377 0.55 5.84 -27.41 -0.1723 -0.3752 0.4007 0.3910 0.5393
14397 0.55 5.20 -37.98 0.0307 -0.4541 0.2444 0.4449 0.4789
14417 0.55 4.38 -44.28 0.2048 0.3952 0.2997 0.5313 0.6362
14437 0.55 3.70 -28.81 -0.4206 0.4790 0.2339 0.4674 0.6245
14457 0.55 3.22 -22.86 -0.1595 0.5629 0.4266 0.3932 0.6836
14477 0.55 2.82 -19.96 0.6174 -0.2494 0.5051 0.3615 0.6408
14497 0.55 2.39 -21.61 -0.0289 -0.3929 0.3433 0.3228 0.4862
14517 0.55 1.93 -25.80 -0.5785 0.2147 0.3500 0.4686 0.6030
14537 0.55 1.38 -28.93 -0.5737 0.3211 0.3635 0.4455 0.5800
14557 0.55 0.85 -27.50 -0.4496 0.4226 0.3025 0.4034 0.4657
14577 0.55 0.37 -25.50 -0.0499 0.4742 0.3321 0.4016 0.5127
14597 0.55 6.20 -23.86 0.5078 -0.0899 0.3576 0.4072 0.5249
14617 0.55 5.67 -29.86 0.5594 -0.2301 0.4382 0.3523 0.5820
14637 0.55 4.97 -39.79 0.2628 0.3372 0.3481 0.4906 0.5696
14657 0.55 4.16 -40.67 -0.5253 0.1680 0.0720 0.5317 0.5406
14677 0.55 3.55 -26.54 -0.2030 -0.3913 0.3772 0.4718 0.5823
14697 0.55 3.11 -22.09 -0.5817 0.3179 0.4176 0.4061 0.5962
14717 0.55 2.70 -21.18 0.1597 0.3695 0.3811 0.3865 0.5505
14737 0.55 2.27 -22.44 0.5078 -0.3736 0.3893 0.3541 0.5127
14757 0.55 1.78 -26.79 0.1597 -0.5525 0.3861 0.4174 0.4581
14777 0.55 1.23 -27.86 0.0307 -0.4848 0.3676 0.3995 0.6760
14797 0.55 0.72 -26.70 -0.2465 -0.2752 0.3653 0.3728 0.5123
14817 0.55 0.26 -23.13 -0.6591 0.3179 0.5248 0.3989 0.5318
14837 0.55 6.07 -26.95 -0.1353 0.5677 0.3880 0.4484 0.5861
14857 0.55 5.50 -32.39 -0.0353 0.4855 0.2852 0.4601 0.5007
14877 0.55 4.76 -41.98 -0.6220 0.1341 0.3669 0.5422 0.6082
14897 0.55 3.96 -36.38 0.4417 -0.4735 0.1872 0.4951 0.4864
14917 0.55 3.38 -21.62 0.6110 -0.2124 0.4882 0.3827 0.6324
14937 0.55 2.96 -22.18 0.0049 -0.4316 0.3544 0.3463 0.4628
14957 0.55 2.56 -18.90 -0.5366 0.4146 0.4192 0.3751 0.5596
14977 0.55 2.10 -26.42 0.0436 0.4710 0.3688 0.4355 0.6142
14997 0.55 1.59 -27.74 0.4079 0.1341 0.3580 0.4366 0.6162
15017 0.55 1.03 -28.51 0.4562 0.0390 0.3147 0.4519 0.4800
15037 0.55 0.54 -24.26 0.5562 -0.3558 0.3926 0.4040 0.5115
15057 0.55 0.09 -23.76 0.0952 -0.5331 0.3944 0.4096 0.6917
15077 0.55 5.88 -27.96 -0.3658 -0.1028 0.3156 0.3781 0.4617
15097 0.55 5.25 -37.85 -0.1433 -0.4574 0.3964 0.4864 0.6117
15117 0.55 4.45 -41.15 0.4788 -0.0464 0.2440 0.4684 0.6577
15137 0.55 3.74 -32.52 -0.3561 0.5854 0.3326 0.4873 0.6375
15157 0.55 3.26 -23.45 0.1532 0.3485 0.3249 0.3986 0.5786
15177 0.55 2.85 -20.69 0.5078 -0.3977 0.3991 0.3552 0.5061
15197 0.55 2.44 -22.76 -0.2723 -0.2204 0.3360 0.3616 0.5710
15217 0.55 1.97 -24.70 -0.5414 0.3662 0.3828 0.3984 0.5426
15237 0.55 1.45 -28.12 -0.4012 0.5500 0.3549 0.4446 0.5748
15257 0.55 0.91 -24.91 -0.2723 0.6112 0.4080 0.4567 0.5902
15277 0.55 0.43 -23.74 0.2531 0.3195 0.4103 0.4013 0.6110
15297 0.55 6.26 -23.98 0.3789 -0.3703 0.2078 0.3795 0.5183
15317 0.55 5.74 -28.49 0.4047 -0.5396 0.4034 0.3906 0.5699
15337 0.55 5.07 -38.90 0.5981 -0.2478 0.3842 0.4621 0.6332
15357 0.55 4.26 -40.37 -0.4270 0.5596 0.1391 0.5681 0.5360
15377 0.55 3.61 -29.37 -0.4995 0.0600 0.2936 0.4597 0.5161
15397 0.55 3.16 -22.81 -0.4302 0.4984 0.3788 0.3855 0.5116
15417 0.55 2.76 -20.96 0.4111 0.0858 0.3870 0.3638 0.5639
15437 0.55 2.33 -21.94 0.3853 -0.5396 0.4415 0.3377 0.5573
15457 0.55 1.85 -27.07 -0.2046 -0.3655 0.4109 0.4059 0.5184
15477 0.55 1.30 -30.07 -0.3819 -0.1495 0.3281 0.4389 0.4533
15497 0.55 0.78 -25.91 -0.5640 0.1100 0.3820 0.4600 0.5746
15517 0.55 0.31 -23.37 -0.3883 0.4903 0.3598 0.3718 0.5629
15537 0.55 6.12 -24.57 0.1984 0.4210 0.4256 0.4679 0.6220
15557 0.55 5.56 -31.80 0.2628 0.2921 0.3597 0.4228 0.5637
15577 0.55 4.84 -41.77 -0.4560 0.5435 0.2873 0.5080 0.5618
15597 0.55 4.04 -36.51 0.2290 -0.5589 0.2952 0.4781 0.5504
15617 0.55 3.47 -25.31 0.3015 -0.5573 0.3848 0.4039 0.5375
15637 0.55 3.05 -19.31 -0.4625 -0.0045 0.3565 0.4010 0.5352
15657 0.55 2.64 -21.61 -0.2400 0.5758 0.4133 0.4046 0.5897
15677 0.55 2.20 -23.29 0.5078 -0.0931 0.3440 0.4171 0.5109
15697 0.55 1.70 -26.98 0.4014 -0.4525 0.2128 0.4476 0.5329
15717 0.55 1.14 -28.93 0.4175 -0.5251 0.2870 0.4747 0.5650
15737 0.55 0.63 -23.96 0.2048 -0.5831 0.3700 0.4616 0.5763
15757 0.55 0.18 -23.72 -0.4399 0.0052 0.2797 0.4205 0.5492
15777 0.55 5.99 -24.30 -0.5011 0.4339 0.3612 0.4068 0.5466
15797 0.55 5.40 -33.54 -0.4995 0.3823 0.3431 0.3939 0.4660
15817 0.55 4.61 -42.80 0.1597 -0.4525 0.2530 0.3830 0.4653
15837 0.55 3.81 -36.92 0.2499 0.2067 0.0830 0.4497 0.4371
15857 0.55 3.32 -23.18 0.4320 0.1148 0.4195 0.3957 0.5700
15877 0.55 2.90 -19.70 0.3531 -0.5122 0.4166 0.3183 0.5450
15897 0.55 2.49 -24.91 -0.5575 0.0890 0.4131 0.4338 0.5720
15917 0.55 2.03 -24.61 -0.3851 0.5564 0.3934 0.4124 0.5742
15937 0.55 1.51 -28.54 -0.0660 0.4984 0.3509 0.4123 0.5452
15957 0.55 0.95 -27.30 0.0533 0.4790 0.3548 0.4668 0.5290
15977 0.55 0.48 -23.66 0.4788 0.0181 0.3956 0.4014 0.5831
15997 0.55 0.02 -24.00 0.4272 -0.4799 0.3660 0.3783 0.5038
16017 0.55 5.79 -28.38 0.0694 -0.5234 0.3706 0.4312 0.5828
16037 0.55 5.14 -34.18 0.4820 -0.5363 0.4049 0.4297 0.5797
16057 0.55 4.32 -42.65 -0.1562 0.4984 0.2410 0.4492 0.4983
16077 0.55 3.61 -30.16 -0.4012 -0.0077 0.2746 0.3787 0.4562
16097 0.55 3.16 -21.78 -0.5366 0.4662 0.4766 0.3361 0.4686
16117 0.55 2.76 -21.48 0.4756 0.0842 0.4232 0.4304 0.5252
16137 0.55 2.33 -21.96 0.3531 -0.5589 0.4158 0.3830 0.5731
16157 0.55 1.85 -26.75 -0.2400 -0.3768 0.4421 0.4372 0.5889
16177 0.55 1.30 -27.26 -0.3706 -0.2785 0.4629 0.4581 0.4650
16197 0.55 0.77 -26.47 -0.5366 0.1148 0.3373 0.4534 0.5296
16217 0.55 0.31 -23.38 -0.3980 0.4984 0.3628 0.3825 0.5737
16237 0.55 6.13 -24.59 0.2032 0.3759 0.4166 0.4143 0.5963
16257 0.55 5.57 -31.06 0.3337 0.2147 0.3496 0.4281 0.5096
16277 0.55 4.86 -40.15 -0.4850 0.6080 0.3847 0.5151 0.6296
16297 0.55 4.04 -37.52 0.1339 -0.5218 0.2684 0.4709 0.4994
16317 0.55 3.47 -24.15 0.3063 -0.5992 0.3750 0.4674 0.6040
16337 0.55 3.04 -21.03 -0.4447 -0.1399 0.4647 0.3959 0.5491
16357 0.55 2.64 -20.97 -0.2175 0.4984 0.3870 0.3161 0.5594
16377 0.55 2.21 -23.14 0.5594 -0.1447 0.3794 0.4396 0.6277
16397 0.55 1.71 -26.66 0.4627 -0.4525 0.3478 0.3979 0.5539
16417 0.55 1.17 -28.47 0.3499 -0.5412 0.3407 0.4303 0.5395
16437 0.55 0.65 -24.18 0.0307 -0.4541 0.3083 0.4033 0.4796
16457 0.55 0.21 -21.17 -0.4995 0.0616 0.3728 0.3971 0.5616
16477 0.55 6.02 -25.93 -0.3851 0.5484 0.3388 0.4497 0.5495
16497 0.55 5.43 -33.04 -0.4447 0.4597 0.3744 0.3643 0.6168
16517 0.55 4.67 -43.09 -0.1240 -0.4332 0.3411 0.4753 0.5741
16537 0.55 3.90 -35.37 0.5884 -0.2398 0.2082 0.5539 0.5976
16557 0.55 3.37 -23.51 0.5868 -0.2494 0.4089 0.4239 0.6097
16577 0.55 2.96 -21.01 -0.0337 -0.4606 0.3803 0.4005 0.5163
16597 0.55 2.55 -22.52 -0.5575 0.3695 0.4102 0.3918 0.5683
16617 0.55 2.10 -24.22 0.0436 0.4597 0.3739 0.4138 0.5506
16637 0.55 1.58 -27.74 0.3289 0.2405 0.3880 0.4198 0.5530
16657 0.55 1.04 -27.64 0.4885 0.0084 0.3304 0.4631 0.5534
16677 0.55 0.54 -24.21 0.5916 -0.3671 0.3963 0.4469 0.6286
16697 0.55 0.08 -24.74 0.0759 -0.4896 0.3498 0.3942 0.6477
16717 0.55 5.87 -30.02 -0.3255 -0.1850 0.3459 0.3840 0.5185
16737 0.55 5.24 -35.55 -0.1240 -0.4251 0.3470 0.4596 0.5264
16757 0.55 4.44 -42.10 0.4836 0.0052 0.2317 0.5114 0.5070
16777 0.55 3.74 -30.36 -0.3013 0.4984 0.2882 0.4110 0.4459
16797 0.55 3.25 -22.71 0.0888 0.4210 0.3598 0.4089 0.5636
16817 0.55 2.85 -20.71 0.4820 -0.4010 0.3619 0.3680 0.4596
16837 0.55 2.43 -21.44 -0.2336 -0.3075 0.3907 0.3767 0.4961
16857 0.55 1.97 -24.75 -0.5624 0.3308 0.3978 0.4016 0.5592
16877 0.55 1.43 -28.52 -0.4351 0.4984 0.3222 0.4366 0.5459
16897 0.55 0.89 -27.22 -0.2916 0.5500 0.3366 0.4353 0.5617
16917 0.55 0.42 -23.49 0.1919 0.3614 0.3772 0.4164 0.5318
16937 0.55 6.25 -23.72 0.5078 -0.3042 0.3505 0.3719 0.6008
16957 0.55 5.72 -29.99 0.4304 -0.5089 0.3378 0.4315 0.5508
16977 0.55 5.05 -41.76 0.5981 -0.1205 0.3606 0.5197 0.6029
16997 0.55 4.22 -42.16 -0.5479 0.3292 0.2832 0.4733 0.5346
17017 0.55 3.59 -28.74 -0.4157 -0.1253 0.3421 0.4514 0.4975
17037 0.55 3.14 -21.57 -0.4673 0.4081 0.3768 0.3419 0.4522
17057 0.55 2.74 -21.51 0.3789 0.1728 0.4035 0.3945 0.5051
17077 0.55 2.31 -22.07 0.3821 -0.5267 0.3688 0.4002 0.5142
17097 0.55 1.83 -27.71 -0.1353 -0.3848 0.3467 0.4136 0.4412
17117 0.55 1.29 -29.87 -0.3174 -0.2204 0.3418 0.4190 0.6116
17137 0.55 0.76 -26.38 -0.4189 0.0084 0.2992 0.3740 0.4650
17157 0.55 0.30 -22.86 -0.1901 0.4694 0.0857 0.4643 0.4612
17177 0.55 6.12 -25.21 0.1790 0.3952 0.3846 0.4442 0.5635
17197 0.55 5.56 -31.10 0.2306 0.3179 0.3751 0.4033 0.5952
17217 0.55 4.84 -40.73 -0.4753 0.4919 0.3392 0.4440 0.5492
17237 0.55 3.99 -37.07 0.2338 -0.5202 0.0569 0.5180 0.4661
17257 0.55 3.44 -27.37 0.3821 -0.5347 0.2966 0.4642 0.5317
17277 0.55 3.01 -21.19 -0.2819 -0.2462 0.3784 0.3690 0.5095
17297 0.55 2.61 -20.67 -0.3899 0.4984 0.4171 0.3175 0.4938
17317 0.55 2.17 -24.72 0.4320 0.1358 0.3845 0.4515 0.4829
17337 0.55 1.65 -27.41 0.6077 -0.2237 0.4188 0.4500 0.6480
17357 0.55 1.11 -28.31 0.5078 -0.4026 0.2871 0.4526 0.5238
17377 0.55 0.60 -24.08 0.3531 -0.5541 0.3610 0.4293 0.5740
17397 0.55 0.15 -26.15 -0.2481 -0.2881 0.3823 0.3767 0.6027
17417 0.55 5.94 -26.19 -0.6075 0.2147 0.4365 0.4348 0.6188
17437 0.55 5.34 -34.23 -0.5027 0.0826 0.3579 0.4033 0.5363
17457 0.55 4.55 -42.90 0.4562 -0.5573 0.2474 0.5398 0.5681
17477 0.55 3.82 -33.16 0.1758 0.3888 0.2951 0.4967 0.5814
17497 0.55 3.31 -22.99 0.4047 0.1229 0.3642 0.4148 0.6011
17517 0.55 2.90 -20.33 0.3499 -0.5573 0.4103 0.3860 0.4640
17537 0.55 2.48 -25.24 -0.4415 0.0100 0.3330 0.3785 0.4871
17557 0.55 2.03 -24.41 -0.4028 0.5629 0.3970 0.4229 0.5241
17577 0.55 1.50 -28.28 -0.1175 0.4984 0.3459 0.3896 0.5878
17597 0.55 0.95 -27.60 -0.0918 0.4629 0.3826 0.3065 0.6383
17617 0.55 0.47 -24.09 0.4433 0.0664 0.3701 0.4125 0.5153
17637 0.55 0.01 -23.28 0.4047 -0.4719 0.3032 0.4107 0.4451
17657 0.55 5.78 -29.21 0.1564 -0.5234 0.3655 0.3939 0.5288
17677 0.55 5.12 -37.31 0.4562 -0.4445 0.2866 0.4340 0.5078
17697 0.55 4.29 -42.41 -0.4206 0.6531 0.3163 0.5816 0.6546
17717 0.55 3.63 -28.79 -0.5704 0.2018 0.3148 0.4853 0.5593
17737 0.55 3.18 -21.74 -0.3190 0.5500 0.3730 0.4073 0.5918
17757 0.55 2.77 -21.33 0.4804 0.0020 0.4088 0.3766 0.6236
17777 0.55 2.35 -22.41 0.2096 -0.5299 0.3798 0.3750 0.5324
17797 0.55 1.87 -27.86 -0.3303 -0.1076 0.2240 0.3976 0.4918
17817 0.55 1.33 -26.79 -0.5463 0.0616 0.3461 0.4881 0.4633
17837 0.55 0.79 -26.97 -0.5995 0.2163 0.3985 0.4580 0.5667
17857 0.55 0.33 -22.83 -0.4463 0.4984 0.4862 0.2526 0.5799
17877 0.55 6.15 -24.99 0.2822 0.2792 0.4093 0.3841 0.5344
17897 0.55 5.59 -30.67 0.3337 0.0455 0.2390 0.3382 0.5760
17917 0.55 4.89 -42.23 -0.2626 0.5564 0.3137 0.4599 0.5530
17937 0.55 4.08 -38.72 -0.0789 -0.4316 0.2282 0.4999 0.5200
17957 0.55 3.49 -25.01 0.2241 -0.4010 0.3231 0.2390 0.5707
17977 0.55 3.06 -20.98 -0.4963 0.0536 0.3597 0.4092 0.5635
17997 0.55 2.66 -21.26 -0.1111 0.5564 0.4059 0.4267 0.5698
18017 0.55 2.21 -23.60 0.5787 -0.1286 0.4070 0.4513 0.5279
18037 0.55 1.72 -26.94 0.4288 -0.5154 0.3382 0.4362 0.5396
18057 0.55 1.17 -28.08 0.3724 -0.5428 0.3491 0.4316 0.6499
18077 0.55 0.66 -25.07 0.0356 -0.4815 0.3563 0.4014 0.5005
18097 0.55 0.20 -22.58 -0.6204 0.0777 0.4533 0.5014 0.4801
18117 0.55 6.01 -25.78 -0.4141 0.4984 0.3354 0.4148 0.4938
18137 0.55 5.41 -32.79 -0.4753 0.4823 0.3180 0.4523 0.5314
18157 0.55 4.66 -42.38 -0.0853 -0.4977 0.3461 0.5260 0.7362
18177 0.55 3.85 -40.28 0.5078 -0.0061 0.0922 0.5755 0.4657
18197 0.55 3.31 -22.15 0.3660 0.2405 0.4520 0.4107 0.5792
18217 0.55 2.89 -21.34 0.4030 -0.5847 0.4003 0.4449 0.5188
18237 0.55 2.48 -21.49 -0.4334 -0.0254 0.3605 0.3689 0.5970
18257 0.55 2.03 -24.37 -0.3948 0.5758 0.4176 0.4151 0.5933
18277 0.55 1.50 -28.18 -0.1353 0.4984 0.3373 0.3897 0.5051
18297 0.55 0.96 -26.76 0.0952 0.4081 0.3148 0.4323 0.5387
18317 0.55 0.47 -23.66 0.3966 0.0584 0.3361 0.3636 0.5237
18337 0.55 0.02 -23.26 0.4175 -0.5218 0.3542 0.4237 0.5576
18357 0.55 5.78 -27.76 0.1661 -0.5573 0.3671 0.4390 0.5696
18377 0.55 5.12 -37.34 0.4885 -0.5202 0.3083 0.4950 0.5293
18397 0.55 4.30 -42.50 -0.3738 0.6209 0.3097 0.5431 0.6152
18417 0.55 3.59 -27.63 -0.3593 -0.1237 0.3134 0.3919 0.4814
18437 0.55 3.14 -21.93 -0.4802 0.4533 0.3612 0.4008 0.5765
18457 0.55 2.74 -20.01 0.3805 0.2018 0.4310 0.4048 0.4874
18477 0.55 2.31 -21.34 0.4175 -0.5202 0.3988 0.3803 0.5173
18497 0.55 1.82 -27.21 -0.0918 -0.4026 0.3353 0.4051 0.4586
18517 0.55 1.28 -29.20 -0.2819 -0.2623 0.3435 0.4224 0.4866
18537 0.55 0.76 -26.64 -0.4786 0.0149 0.3285 0.4339 0.5536
18557 0.55 0.29 -23.42 -0.4141 0.4984 0.3258 0.4225 0.5438
18577 0.55 6.11 -25.70 0.1210 0.4081 0.3580 0.4234 0.5655
18597 0.55 5.56 -32.80 0.2274 0.2727 0.3264 0.3798 0.5169
18617 0.55 4.82 -39.88 -0.5011 0.4049 0.2902 0.4457 0.5188
18637 0.55 3.98 -41.39 0.3015 -0.5573 0.0447 0.5561 0.4659
18657 0.55 3.39 -22.66 0.6142 -0.3091 0.4458 0.4224 0.6494
18677 0.55 2.97 -21.32 -0.0789 -0.4010 0.3637 0.3640 0.5028
18697 0.55 2.56 -20.27 -0.5237 0.4275 0.4048 0.3833 0.5364
18717 0.55 2.11 -24.63 0.0710 0.4307 0.3698 0.3975 0.5677
18737 0.55 1.60 -28.89 0.4304 -0.0045 0.2320 0.4366 0.5436
18757 0.55 1.05 -29.42 0.5078 -0.0947 0.3037 0.4465 0.6311
18777 0.55 0.55 -24.77 0.4820 -0.4171 0.3236 0.4110 0.5469
18797 0.55 0.11 -23.91 -0.0531 -0.4283 0.3469 0.3980 0.5302
18817 0.55 5.89 -27.60 -0.4173 -0.0254 0.3093 0.3893 0.4703
18837 0.55 5.28 -35.38 -0.2384 -0.1399 0.2093 0.3202 0.4651
18857 0.55 4.47 -42.40 0.6238 -0.1141 0.3741 0.5490 0.6762
18877 0.55 3.70 -35.41 -0.2384 0.4984 0.0222 0.4980 0.4755
18897 0.55 3.22 -23.62 -0.0595 0.4984 0.3325 0.4310 0.5584
18917 0.55 2.82 -20.53 0.6110 -0.2801 0.4806 0.3783 0.6302
18937 0.55 2.40 -22.65 -0.0466 -0.4010 0.3586 0.3370 0.4562
18957 0.55 1.93 -24.84 -0.5962 0.2180 0.3958 0.4554 0.6172
18977 0.55 1.39 -27.83 -0.5430 0.3179 0.3810 0.3906 0.4738
18997 0.55 0.86 -26.16 -0.4141 0.4984 0.3160 0.4298 0.5182
19017 0.55 0.39 -23.67 0.0436 0.4500 0.3525 0.4177 0.5777
19037 0.55 6.22 -26.88 0.5658 -0.1624 0.3927 0.4304 0.6056
19057 0.55 5.68 -29.26 0.5046 -0.3462 0.3250 0.4009 0.4943
19077 0.55 4.99 -39.54 0.2951 0.1680 0.2546 0.3936 0.4661
19097 0.55 4.17 -40.83 -0.5882 0.1922 0.1357 0.5843 0.5901
19117 0.55 3.54 -27.66 -0.1498 -0.4187 0.3528 0.4720 0.5915
19137 0.55 3.11 -20.69 -0.5721 0.2921 0.4262 0.3816 0.5315
19157 0.55 2.70 -22.69 0.2370 0.3920 0.3728 0.5145 0.5308
19177 0.55 2.27 -21.38 0.5014 -0.4429 0.3454 0.4257 0.5397
19197 0.55 1.77 -26.36 0.2531 -0.5202 0.3915 0.3427 0.4568
19217 0.55 1.22 -29.04 0.0565 -0.4622 0.3110 0.3969 0.4811
19237 0.55 0.70 -25.49 -0.2481 -0.3494 0.3971 0.4502 0.5219
19257 0.55 0.24 -22.87 -0.5479 0.2647 0.3873 0.3876 0.5819
19277 0.55 6.05 -26.09 -0.2271 0.4984 0.3474 0.3582 0.7517
19297 0.55 5.47 -32.88 -0.2384 0.4984 0.3280 0.3754 0.4819
19317 0.55 4.72 -38.73 -0.5108 -0.0399 0.2734 0.5500 0.5827
19337 0.55 3.88 -40.26 0.4852 -0.1092 0.1703 0.4797 0.5646
19357 0.55 3.36 -24.13 0.5819 -0.1689 0.3931 0.4516 0.6705
19377 0.55 2.94 -20.88 0.1887 -0.5605 0.4301 0.3747 0.5316
19397 0.55 2.53 -21.73 -0.6043 0.2615 0.4562 0.3990 0.5845
19417 0.55 2.07 -24.60 -0.2207 0.4984 0.3962 0.3040 0.5038
19437 0.55 1.55 -29.14 0.1919 0.4049 0.4086 0.4520 0.5809
19457 0.55 1.00 -25.88 0.3144 0.2083 0.3001 0.4323 0.6900
19477 0.55 0.51 -24.29 0.5916 -0.2124 0.4033 0.4433 0.5761
19497 0.55 0.05 -23.59 0.3015 -0.5331 0.3870 0.3689 0.4856
19517 0.55 5.84 -27.65 -0.2014 -0.2720 0.2770 0.3860 0.5549
19537 0.55 5.18 -36.26 0.2596 -0.5057 0.3427 0.3719 0.4915
19557 0.55 4.37 -43.66 0.1468 0.4323 0.2752 0.5355 0.6125
19577 0.55 3.68 -30.55 -0.5205 0.4210 0.2669 0.4838 0.5450
19597 0.55 3.22 -22.19 -0.1901 0.4984 0.3725 0.3380 0.4907
19617 0.55 2.80 -20.53 0.5884 -0.1947 0.4489 0.3973 0.6279
19637 0.55 2.38 -22.53 -0.0837 -0.5202 0.3589 0.5472 0.5480
19657 0.55 1.90 -25.64 -0.4367 0.0600 0.2554 0.3986 0.4636
19677 0.55 1.36 -28.19 -0.5592 0.2276 0.3585 0.4332 0.5900
19697 0.55 0.84 -26.27 -0.4963 0.4259 0.3122 0.4370 0.5231
19717 0.55 0.36 -23.84 -0.1369 0.4742 0.3427 0.3476 0.5264
19737 0.55 6.19 -23.27 0.4175 0.0245 0.3451 0.3575 0.5925
19757 0.55 5.64 -29.76 0.6045 -0.1415 0.4548 0.4393 0.7019
19777 0.55 4.95 -40.10 0.0565 0.4662 0.3471 0.4567 0.5785
19797 0.55 4.12 -40.14 -0.3367 -0.1963 0.2529 0.4761 0.5089
19817 0.55 3.53 -26.74 -0.0805 -0.4235 0.3048 0.4475 0.4897
19837 0.55 3.09 -21.56 -0.5978 0.2163 0.4379 0.4180 0.5593
19857 0.55 2.69 -21.94 0.0710 0.4468 0.3954 0.3986 0.5767
19877 0.55 2.25 -24.92 0.5884 -0.3010 0.4349 0.3963 0.6142
19897 0.55 1.75 -26.90 0.3853 -0.5815 0.4029 0.4332 0.5750
19917 0.55 1.20 -28.65 0.2467 -0.5105 0.3734 0.3483 0.6221
19937 0.55 0.68 -25.46 -0.0337 -0.3864 0.3425 0.3173 0.5686
19957 0.55 0.24 -22.81 -0.5366 0.2486 0.3689 0.3903 0.5433
19977 0.55 6.05 -25.09 -0.3045 0.5741 0.4076 0.4048 0.5615
19997 0.55 5.46 -34.45 -0.3416 0.5725 0.3721 0.4398 0.5804
20017 0.55 4.71 -47.27 -0.3432 -0.0947 0.2010 0.4146 0.4556
20037 0.55 3.87 -39.66 0.4433 -0.0141 0.2014 0.4619 0.5660
20057 0.55 3.36 -23.05 0.5562 -0.2027 0.3410 0.4479 0.5898
20077 0.55 2.94 -20.91 0.1758 -0.5331 0.4129 0.3531 0.5227
20097 0.55 2.53 -21.31 -0.4802 0.2985 0.3006 0.3804 0.5861
20117 0.55 2.08 -24.42 -0.1143 0.4984 0.3482 0.3891 0.5044
20137 0.55 1.56 -28.47 0.2096 0.3050 0.3290 0.3995 0.5579
20157 0.55 1.00 -27.19 0.3241 0.2518 0.3652 0.4471 0.5871
20177 0.55 0.51 -24.66 0.5819 -0.2011 0.4115 0.4243 0.5004
20197 0.55 0.05 -23.83 0.2805 -0.5589 0.3890 0.4013 0.5657
20217 0.55 5.84 -29.40 -0.1723 -0.3590 0.3505 0.4137 0.5484
20237 0.55 5.18 -36.56 0.2241 -0.5009 0.3242 0.3830 0.4894
20257 0.55 4.37 -43.42 0.1436 0.4742 0.3273 0.5576 0.6534
20277 0.55 3.68 -32.02 -0.5189 0.4533 0.2744 0.4940 0.5508
20297 0.55 3.22 -22.52 -0.1321 0.4984 0.3477 0.3818 0.6743
20317 0.55 2.82 -20.52 0.5852 -0.2785 0.4197 0.4080 0.6151
20337 0.55 2.40 -22.78 -0.0289 -0.4751 0.4098 0.3904 0.7083
20357 0.55 1.93 -25.82 -0.5995 0.2131 0.3803 0.4740 0.6273
20377 0.55 1.39 -28.24 -0.5640 0.3243 0.3649 0.4328 0.5693
20397 0.55 0.85 -27.97 -0.4592 0.4726 0.2805 0.4592 0.5007
20417 0.55 0.38 -25.52 -0.0112 0.4742 0.3487 0.4139 0.4764
20437 0.55 6.21 -23.84 0.5078 -0.1173 0.3488 0.4014 0.6401
20457 0.55 5.67 -29.60 0.5594 -0.3075 0.3754 0.4159 0.5738
20477 0.55 4.96 -39.76 0.1403 0.4001 0.3230 0.4584 0.6037
20497 0.55 4.16 -40.12 -0.4866 0.0068 0.2209 0.5124 0.4698
20517 0.55 3.53 -26.52 -0.0724 -0.3945 0.3252 0.3832 0.5638
20537 0.55 3.10 -20.02 -0.5898 0.2921 0.4193 0.4147 0.6126
20557 0.55 2.69 -22.19 0.0501 0.4581 0.4090 0.3827 0.5244
20577 0.55 2.26 -22.49 0.5078 -0.3558 0.3366 0.3981 0.6077
20597 0.55 1.76 -26.41 0.3257 -0.5782 0.4111 0.4088 0.5725
20617 0.55 1.21 -28.12 0.1645 -0.5283 0.3659 0.3980 0.5375
20637 0.55 0.69 -25.23 -0.1562 -0.3736 0.3391 0.4260 0.5314
20657 0.55 0.23 -22.59 -0.6220 0.1922 0.4775 0.4215 0.5253
20677 0.55 6.03 -25.26 -0.3448 0.5741 0.3944 0.4224 0.5921
20697 0.55 5.46 -33.25 -0.3480 0.5564 0.3699 0.4234 0.6270
20717 0.55 4.70 -42.18 -0.3464 -0.1866 0.2651 0.4715 0.6714
20737 0.55 3.87 -38.49 0.4320 -0.0593 0.1059 0.4563 0.4318
20757 0.55 3.35 -23.40 0.5078 -0.1108 0.3337 0.4169 0.5105
20777 0.55 2.93 -21.39 0.2290 -0.5799 0.4331 0.3918 0.5704
20797 0.55 2.52 -21.66 -0.5995 0.2663 0.4114 0.4376 0.6113
20817 0.55 2.06 -26.30 -0.2433 0.5629 0.4061 0.3921 0.5530
20837 0.55 1.54 -27.93 0.1274 0.4210 0.3757 0.4340 0.5773
20857 0.55 0.99 -27.82 0.2225 0.3469 0.3831 0.4273 0.5815
20877 0.55 0.50 -23.86 0.5723 -0.1205 0.4101 0.4425 0.5960
20897 0.55 0.05 -24.13 0.3208 -0.5557 0.3892 0.3996 0.5663
20917 0.55 5.83 -28.39 -0.1723 -0.4074 0.3753 0.4622 0.5631
20937 0.55 5.18 -37.06 0.3144 -0.4364 0.3604 0.2700 0.5492
20957 0.55 4.38 -37.36 0.1403 0.4742 0.3827 0.5180 0.5055
20977 0.55 3.68 -30.99 -0.5108 0.4468 0.2697 0.4868 0.5223
20997 0.55 3.22 -22.60 -0.1788 0.5725 0.4231 0.4051 0.6091
21017 0.55 2.81 -20.35 0.5658 -0.2366 0.4137 0.3897 0.7124
21037 0.55 2.39 -22.07 -0.0644 -0.4461 0.3698 0.4151 0.5217
21057 0.55 1.92 -25.07 -0.5253 0.1116 0.3761 0.4061 0.4984
21077 0.55 1.40 -28.88 -0.5366 0.4017 0.3269 0.4526 0.5484
21097 0.55 0.84 -26.76 -0.5076 0.4081 0.3702 0.3902 0.4937
21117 0.55 0.38 -23.99 0.0162 0.4468 0.3245 0.4133 0.5152
21137 0.55 6.20 -23.66 0.5078 -0.0834 0.3645 0.4046 0.5492
21157 0.55 5.67 -30.21 0.5078 -0.2881 0.3525 0.3676 0.4947
21177 0.55 4.98 -41.59 0.2435 0.3018 0.3267 0.4378 0.5723
21197 0.55 4.16 -38.77 -0.4802 0.0777 0.1614 0.4895 0.4875
21217 0.55 3.54 -27.87 -0.1756 -0.3719 0.3294 0.4517 0.4781
21237 0.55 3.11 -21.63 -0.5930 0.3308 0.4206 0.4199 0.5974
21257 0.55 2.70 -21.22 0.1742 0.3872 0.3854 0.4262 0.5539
21277 0.55 2.27 -22.22 0.4836 -0.4203 0.3368 0.4036 0.5450
21297 0.55 1.77 -26.34 0.2564 -0.4799 0.3732 0.3024 0.5358
21317 0.55 1.23 -29.65 0.0049 -0.4977 0.3439 0.4569 0.5024
21337 0.55 0.70 -26.41 -0.1772 -0.3752 0.3682 0.4273 0.4425
21357 0.55 0.24 -25.47 -0.5882 0.2212 0.4357 0.4039 0.5618
21377 0.55 6.05 -25.39 -0.2900 0.5741 0.4023 0.4096 0.5886
21397 0.55 5.48 -32.44 -0.1901 0.4984 0.3007 0.4033 0.4878
21417 0.55 4.71 -42.21 -0.3658 -0.0947 0.2147 0.4363 0.4631
21437 0.55 3.88 -39.41 0.4949 -0.1930 0.0628 0.4949 0.4446
21457 0.55 3.37 -23.60 0.5916 -0.2317 0.3705 0.4671 0.6244
21477 0.55 2.94 -20.89 0.1129 -0.4767 0.3733 0.3300 0.4714
21497 0.55 2.54 -18.63 -0.6397 0.3147 0.5214 0.3707 0.5572
21517 0.55 2.09 -24.72 -0.0321 0.4726 0.3354 0.4079 0.4761
21537 0.55 1.58 -27.91 0.3370 0.2180 0.3654 0.4232 0.5359
21557 0.55 1.02 -27.60 0.3821 0.1100 0.3266 0.4002 0.5551
21577 0.55 0.54 -24.05 0.5852 -0.3478 0.4177 0.4147 0.6218
21597 0.55 0.08 -24.32 0.1742 -0.5573 0.4250 0.3801 0.6153
21617 0.55 5.88 -28.31 -0.3899 -0.1270 0.3284 0.4270 0.4629
21637 0.55 5.24 -39.15 -0.0837 -0.4815 0.3814 0.4762 0.6191
21657 0.55 4.45 -42.86 0.5014 -0.2075 0.0636 0.4998 0.5298
21677 0.55 3.74 -31.43 -0.2900 0.5774 0.3156 0.4834 0.5699
21697 0.55 3.26 -23.06 0.1468 0.3501 0.3134 0.4030 0.4857
21717 0.55 2.85 -19.84 0.4836 -0.4042 0.3745 0.3589 0.5203
21737 0.55 2.44 -23.53 -0.2336 -0.4026 0.5278 0.3683 0.5516
21757 0.55 1.97 -24.71 -0.5253 0.3179 0.3650 0.3831 0.5063
21777 0.55 1.44 -25.71 -0.4189 0.4984 0.3672 0.3898 0.5062
21797 0.55 0.90 -27.22 -0.3238 0.5758 0.3917 0.4239 0.6183
21817 0.55 0.42 -23.66 0.2080 0.3501 0.4144 0.3828 0.5845
21837 0.55 6.25 -23.72 0.5868 -0.2897 0.4447 0.3828 0.6151
21857 0.55 5.73 -29.49 0.4320 -0.5557 0.3815 0.4415 0.5923
21877 0.55 5.04 -38.97 0.6174 0.0616 0.5708 0.4880 0.6651
21897 0.55 4.22 -40.68 -0.5430 0.3372 0.2944 0.4625 0.4698
21917 0.55 3.53 -27.81 -0.1047 -0.3655 0.2582 0.4208 0.4637
21937 0.55 3.10 -21.15 -0.5962 0.2985 0.4212 0.4219 0.5653
21957 0.55 2.69 -21.70 0.0888 0.3985 0.3549 0.3786 0.5371
21977 0.55 2.26 -22.19 0.5868 -0.3655 0.4476 0.3884 0.6101
21997 0.55 1.76 -26.16 0.3144 -0.5412 0.4056 0.3618 0.6015
22017 0.55 1.21 -28.35 0.1065 -0.5331 0.3524 0.4406 0.5183
22037 0.55 0.69 -23.77 -0.1353 -0.4203 0.3780 0.4391 0.4477
22057 0.55 0.23 -23.25 -0.5237 0.1922 0.3608 0.3880 0.5204
22077 0.55 6.04 -25.68 -0.2787 0.5500 0.3589 0.4167 0.5869
22097 0.55 5.46 -33.15 -0.3706 0.6015 0.4098 0.4476 0.6033
22117 0.55 4.71 -41.72 -0.3915 -0.0577 0.1887 0.4509 0.4651
22137 0.55 3.87 -37.95 0.4304 -0.1141 0.0801 0.4387 0.4493
22157 0.55 3.37 -22.58 0.6093 -0.2204 0.4304 0.4422 0.6099
22177 0.55 2.95 -19.44 0.0920 -0.5154 0.4082 0.3682 0.5573
22197 0.55 2.54 -20.94 -0.5721 0.3437 0.4174 0.3968 0.5663
22217 0.55 2.09 -24.59 -0.0515 0.4968 0.3678 0.4040 0.5167
22237 0.55 1.58 -28.67 0.3144 0.2341 0.3619 0.4147 0.4572
22257 0.55 1.02 -28.41 0.3660 0.1132 0.3087 0.3944 0.5094
22277 0.55 0.53 -23.88 0.5884 -0.3268 0.3867 0.4450 0.6204
22297 0.55 0.06 -22.63 0.2451 -0.5573 0.4070 0.3826 0.5141
22317 0.55 5.85 -25.67 -0.2384 -0.2462 0.3297 0.3552 0.4583
22337 0.55 5.22 -35.69 -0.0080 -0.4831 0.3001 0.4758 0.5474
22357 0.55 4.41 -42.96 0.3724 0.1889 0.2740 0.5012 0.4809
22377 0.55 3.71 -30.63 -0.2658 0.4984 0.1282 0.4820 0.4986
22397 0.55 3.25 -22.86 0.0710 0.4549 0.3495 0.4511 0.5213
22417 0.55 2.83 -20.32 0.5078 -0.3429 0.3560 0.3764 0.6101
22437 0.55 2.41 -23.42 -0.1240 -0.3864 0.3670 0.3857 0.4724
22457 0.55 1.95 -25.10 -0.5833 0.2744 0.3746 0.4476 0.5820
22477 0.55 1.40 -28.94 -0.4947 0.4226 0.2948 0.4459 0.5069
22497 0.55 0.87 -27.58 -0.2852 0.5435 0.1681 0.5171 0.5174
22517 0.55 0.39 -23.89 0.0517 0.4210 0.3264 0.4029 0.5214
22537 0.55 6.22 -23.66 0.5529 -0.1544 0.4155 0.3910 0.6075
22557 0.55 5.68 -30.36 0.5078 -0.3333 0.3573 0.3722 0.5050
22577 0.55 5.00 -41.00 0.4079 0.0858 0.2556 0.4614 0.4669
22597 0.55 4.18 -42.14 -0.5527 0.1680 0.1877 0.5347 0.5718
22617 0.55 3.56 -27.72 -0.2271 -0.3413 0.3803 0.4276 0.6817
22637 0.55 3.12 -21.23 -0.5898 0.4210 0.3811 0.4730 0.5673
22657 0.55 2.71 -21.41 0.1790 0.3533 0.4039 0.3611 0.5741
22677 0.55 2.27 -22.93 0.4836 -0.4026 0.3396 0.3912 0.4973
22697 0.55 1.78 -27.42 0.1903 -0.5315 0.3822 0.3794 0.6037
22717 0.55 1.23 -28.97 0.0033 -0.4944 0.3485 0.4497 0.5563
22737 0.55 0.72 -26.46 -0.2787 -0.3042 0.4124 0.4122 0.5630
22757 0.55 0.25 -23.37 -0.5479 0.3195 0.3901 0.3882 0.4656
22777 0.55 6.06 -26.09 -0.2078 0.4984 0.3626 0.3452 0.4875
22797 0.55 5.49 -33.10 -0.1369 0.4984 0.3006 0.4180 0.5044
22817 0.55 4.73 -41.70 -0.3722 0.0036 0.2010 0.3776 0.4648
22837 0.55 3.90 -37.70 0.5981 -0.2994 0.1297 0.5838 0.4957
22857 0.55 3.38 -22.27 0.6045 -0.1769 0.4930 0.3785 0.6310
22877 0.55 2.95 -21.63 0.0501 -0.5041 0.4086 0.3762 0.5535
22897 0.55 2.54 -20.97 -0.5575 0.3437 0.4008 0.3948 0.5947
22917 0.55 2.09 -24.60 -0.0531 0.4984 0.3628 0.4099 0.3874
22937 0.55 1.58 -28.49 0.2757 0.2341 0.3496 0.3718 0.5226
22957 0.55 1.02 -27.77 0.4175 0.1212 0.3507 0.4434 0.5201
22977 0.55 0.53 -25.12 0.5884 -0.2785 0.4332 0.3985 0.6307
22997 0.55 0.08 -21.04 0.1387 -0.5202 0.3895 0.3722 0.5466
23017 0.55 5.86 -27.30 -0.2449 -0.1930 0.2786 0.3392 0.4484
23037 0.55 5.22 -36.11 -0.0402 -0.6089 0.4142 0.5979 0.5493
23057 0.55 4.42 -42.50 0.4659 0.0149 0.1834 0.5150 0.5170
23077 0.55 3.66 -29.72 -0.4334 0.3695 0.1571 0.4408 0.4512
23097 0.55 3.21 -21.77 -0.1111 0.5725 0.3411 0.5023 0.5789
23117 0.55 2.81 -18.71 0.5078 -0.2172 0.3610 0.3595 0.6935
23137 0.55 2.39 -22.50 0.0227 -0.4622 0.3687 0.3682 0.5446
23157 0.55 1.91 -25.91 -0.4995 0.0600 0.3246 0.4384 0.5579
23177 0.55 1.37 -29.08 -0.5962 0.2373 0.3952 0.4519 0.5545
23197 0.55 0.84 -26.80 -0.4995 0.4275 0.3075 0.4439 0.5396
23217 0.55 0.36 -21.28 -0.1498 0.6080 0.4157 0.4780 0.4731
23237 0.55 6.18 -27.81 0.4659 0.0374 0.3689 0.4224 0.5178
23257 0.55 5.64 -29.39 0.6077 -0.1527 0.4313 0.4623 0.6241
23277 0.55 4.95 -40.12 0.0533 0.4855 0.3634 0.4695 0.6172
23297 0.55 4.12 -39.86 -0.2852 -0.2897 0.3051 0.4873 0.5500
23317 0.55 3.52 -25.97 -0.0144 -0.4880 0.3632 0.4418 0.5501
23337 0.55 3.08 -21.49 -0.5253 0.1648 0.3706 0.3890 0.5707
23357 0.55 2.67 -20.82 0.0501 0.4694 0.3628 0.4435 0.4222
23377 0.55 2.24 -24.88 0.5900 -0.2220 0.4485 0.3924 0.6054
23397 0.55 1.73 -27.04 0.3805 -0.5557 0.3387 0.4562 0.5682
23417 0.55 1.18 -28.48 0.3563 -0.5492 0.3960 0.3921 0.6409
23437 0.55 0.67 -25.46 -0.0208 -0.4026 0.3137 0.3597 0.4802
23457 0.55 0.21 -22.55 -0.5430 0.1100 0.3880 0.4232 0.6935
23477 0.55 6.03 -24.84 -0.3400 0.4984 0.3503 0.3697 0.5564
23497 0.55 5.43 -32.67 -0.4592 0.4984 0.3874 0.3963 0.5374
23517 0.55 4.68 -46.87 -0.1643 -0.3913 0.3356 0.4617 0.5865
23537 0.55 3.91 -35.89 0.6303 -0.2204 0.3398 0.5420 0.6479
23557 0.55 3.38 -24.65 0.5594 -0.2398 0.3811 0.4120 0.5770
