--- Terminal on /dev/ttyUSB0 | 115200 8-N-1
--- Available filters and text transformations: colorize, debug, default, direct, esp32_exception_decoder, hexlify, log2file, nocontrol, printable, send_on_enter, time
--- More details at https://bit.ly/pio-monitor-filters
--- Quit: Ctrl+C | Menu: Ctrl+T | Help: Ctrl+T followed by Ctrl+H
MOT: Init
MOT: Enable driver.
MOT: Align sensor.
MOT: sensor_direction==CCW
MOT: PP check: OK!
MOT: Zero elec. angle: 0.92
MOT: Align current sense.
CS: Inv B
MOT: Success: 3
MOT: Ready.
0 1.10 2.01 -0.05 -0.0895 0.0179 0.0931 0.0177 0.0506
8377 1.10 1.43 -40.35 -0.7648 0.9479 0.4527 0.8979 0.9323
8397 1.10 0.65 -38.10 0.1732 -0.8846 0.5736 0.7417 0.9137
8417 1.10 6.21 -37.78 0.9839 -0.1078 0.7632 0.7629 1.1082
8437 1.10 5.39 -44.55 -0.5602 0.4531 0.2589 0.5354 0.5662
8457 1.10 4.44 -49.21 0.4391 -0.0401 0.1270 0.4686 0.4486
8477 1.10 3.57 -38.67 -0.1830 -0.6622 0.7199 0.5222 0.9009
8497 1.10 2.87 -35.10 1.0193 -1.0893 0.7813 0.9363 1.2604
8517 1.10 2.18 -36.50 0.7711 0.1565 0.5725 0.8115 0.9207
8537 1.10 1.41 -40.85 -0.7407 0.6981 0.3729 0.7434 0.8158
8557 1.10 0.63 -38.10 0.5068 -0.9733 0.6268 0.7449 0.9902
8577 1.10 6.17 -37.79 0.7647 0.1662 0.5730 0.8109 0.9231
8597 1.10 5.36 -47.24 -0.7197 0.1146 0.5530 0.5407 0.8010
8617 1.10 4.40 -49.26 0.1329 0.4918 0.4163 0.5097 0.6975
8637 1.10 3.56 -39.60 -0.1588 -0.7847 0.7415 0.6864 0.9701
8657 1.10 2.85 -34.26 0.9774 -0.8331 0.6967 0.7925 1.0338
8677 1.10 2.17 -36.67 0.6712 0.2339 0.5740 0.7439 0.9060
8697 1.10 1.39 -40.13 -0.7890 0.4338 0.5158 0.5987 0.8127
8717 1.10 0.62 -37.04 0.6744 -0.9265 0.7081 0.6454 0.9632
8737 1.10 6.17 -40.82 0.6938 0.2371 0.5938 0.7637 0.9215
8757 1.10 5.34 -44.57 -0.9389 0.2017 0.4771 0.8657 0.9140
8777 1.10 4.40 -49.02 0.1200 0.4982 0.4329 0.4924 0.6783
8797 1.10 3.54 -39.42 -0.1846 -0.8572 0.6991 0.8645 1.1272
8817 1.10 2.86 -33.10 1.0097 -0.9878 0.7468 0.8790 1.1665
8837 1.10 2.17 -35.88 0.6164 0.2758 0.6086 0.6813 0.9024
8857 1.10 1.38 -40.91 -0.8084 0.3709 0.5705 0.5740 0.8106
8877 1.10 0.61 -39.70 0.7131 -0.9185 0.7132 0.6488 0.9357
8897 1.10 6.17 -37.44 0.6422 0.2597 0.5837 0.7220 0.9257
8917 1.10 5.33 -45.13 -0.9631 0.2226 0.4564 0.8992 0.9765
8937 1.10 4.40 -49.11 0.1216 0.4982 0.4242 0.5015 0.6838
8957 1.10 3.54 -39.15 -0.1878 -0.8669 0.6918 0.8874 1.1290
8977 1.10 2.86 -31.90 1.0032 -0.9717 0.7313 0.8753 1.1396
8997 1.10 2.16 -41.46 0.5648 0.3290 0.5896 0.6853 0.9122
9017 1.10 1.39 -40.42 -0.7487 0.4386 0.4671 0.5898 0.7662
9037 1.10 0.60 -38.63 0.7518 -0.9701 0.6913 0.7469 1.0015
9057 1.10 6.16 -37.70 0.6212 0.3080 0.5932 0.7378 0.8596
9077 1.10 5.33 -45.33 -0.8245 0.1598 0.3599 0.7969 0.8699
9097 1.10 4.39 -47.69 0.1748 0.6288 0.4502 0.7152 0.8547
9117 1.10 3.55 -39.07 -0.1766 -0.8234 0.6856 0.8181 1.0699
9137 1.10 2.85 -37.27 0.9968 -0.8669 0.6589 0.8605 1.0728
9157 1.10 2.15 -36.45 0.3779 0.4982 0.6339 0.6086 0.8516
9177 1.10 1.37 -40.97 -0.8019 0.2403 0.5768 0.5871 0.9087
9197 1.10 0.59 -37.61 0.8485 -1.0474 0.6717 0.8869 1.1326
9217 1.10 6.16 -38.04 0.5068 0.4080 0.6177 0.6771 0.8908
9237 1.10 5.33 -44.51 -0.9534 0.2113 0.4320 0.9034 0.9252
9257 1.10 4.37 -45.97 0.1732 0.6046 0.3466 0.7394 0.8344
9277 1.10 3.54 -40.70 -0.1895 -0.8943 0.6678 0.9456 1.1283
9297 1.10 2.85 -34.20 1.0290 -0.7267 0.7383 0.7575 1.0277
9317 1.10 2.16 -36.97 0.4794 0.4144 0.6221 0.6427 0.9087
9337 1.10 1.37 -40.14 -0.8358 0.1855 0.6553 0.5839 0.8935
9357 1.10 0.60 -37.08 0.7711 -0.9733 0.7236 0.7290 1.0145
9377 1.10 6.16 -37.03 0.6019 0.2790 0.5879 0.6820 0.8876
9397 1.10 5.33 -44.40 -0.8986 0.1727 0.4936 0.8160 0.9204
9417 1.10 4.38 -44.54 0.2038 0.6529 0.4210 0.7898 0.8933
9437 1.10 3.54 -39.92 -0.1895 -0.8427 0.6855 0.8589 1.0889
9457 1.10 2.87 -33.79 1.0451 -1.0329 0.7687 0.9211 1.2070
9477 1.10 2.17 -36.75 0.6905 0.2855 0.6288 0.7821 0.9283
9497 1.10 1.40 -39.22 -0.7519 0.4853 0.4932 0.5814 0.7824
9517 1.10 0.61 -38.55 0.6922 -0.8975 0.7133 0.6129 0.9658
9537 1.10 6.17 -38.18 0.6470 0.2242 0.5452 0.7220 0.9190
9557 1.10 5.33 -48.68 -0.9518 0.2146 0.4573 0.8876 0.9638
9577 1.10 4.40 -48.92 0.1377 0.4982 0.4124 0.5269 0.6975
9597 1.10 3.54 -40.35 -0.1846 -0.8621 0.6885 0.8800 1.1064
9617 1.10 2.86 -33.57 0.9984 -0.9427 0.7381 0.8450 1.0959
9637 1.10 2.17 -36.67 0.5068 0.3274 0.5963 0.5923 0.8763
9657 1.10 1.40 -40.82 -0.7245 0.4595 0.4718 0.5611 0.7472
9677 1.10 0.61 -39.55 0.6970 -0.9024 0.7077 0.6276 0.9302
9697 1.10 6.17 -36.97 0.6228 0.2565 0.5714 0.7010 0.9195
9717 1.10 5.35 -44.74 -0.8067 0.1565 0.5472 0.6577 0.8778
9737 1.10 4.40 -48.92 0.1329 0.4982 0.4134 0.5214 0.6934
9757 1.10 3.54 -39.85 -0.1766 -0.8572 0.7010 0.8554 1.1136
9777 1.10 2.87 -33.56 1.0451 -1.0458 0.7792 0.9221 1.1931
9797 1.10 2.17 -37.36 0.6889 0.2339 0.5948 0.7528 0.9221
9817 1.10 1.41 -38.49 -0.7616 0.6401 0.4249 0.6993 0.7897
9837 1.10 0.63 -38.20 0.5616 -0.9701 0.6873 0.6902 0.9748
9857 1.10 6.17 -37.98 0.7131 0.1855 0.5695 0.7589 0.8965
9877 1.10 5.36 -45.44 -0.7068 0.1082 0.5477 0.5289 0.7912
9897 1.10 4.40 -49.33 0.1426 0.4966 0.4189 0.5242 0.6965
9917 1.10 3.55 -38.18 -0.1637 -0.7734 0.7529 0.6596 0.9575
9937 1.10 2.85 -33.04 0.9839 -0.8621 0.6892 0.8220 1.0565
9957 1.10 2.17 -43.03 0.6615 0.2645 0.5794 0.7578 0.9293
9977 1.10 1.38 -41.21 -0.7922 0.3693 0.4940 0.6201 0.9015
9997 1.10 0.61 -38.29 0.7260 -0.9427 0.7030 0.6933 0.9598
10017 1.10 6.17 -37.68 0.6535 0.2903 0.6113 0.7490 0.9337
10037 1.10 5.33 -45.47 -0.9615 0.2146 0.4492 0.9039 0.9773
10057 1.10 4.37 -47.89 0.2425 0.6803 0.3837 0.8765 0.9180
10077 1.10 3.54 -39.13 -0.1862 -0.8750 0.6687 0.9149 1.1161
10097 1.10 2.86 -36.47 1.0355 -0.9862 0.7161 0.9229 1.1313
10117 1.10 2.16 -36.32 0.5068 0.3951 0.6206 0.6575 0.9229
10137 1.10 1.37 -41.14 -0.8164 0.1662 0.6551 0.5616 0.8822
10157 1.10 0.60 -37.08 0.7744 -0.9717 0.7271 0.7255 1.0187
10177 1.10 6.16 -38.60 0.5777 0.3435 0.5925 0.7182 0.9292
10197 1.10 5.32 -45.96 -0.7842 0.1501 0.2795 0.7842 0.7939
10217 1.10 4.37 -44.71 0.1716 0.6046 0.3473 0.7377 0.8331
10237 1.10 3.54 -39.96 -0.1878 -0.8669 0.6305 0.9320 1.1199
10257 1.10 2.85 -33.96 1.0338 -0.7863 0.6932 0.8276 1.0613
10277 1.10 2.16 -36.39 0.3618 0.4821 0.6505 0.5419 0.8850
10297 1.10 1.36 -40.62 -0.8599 0.1694 0.6754 0.6113 0.9135
10317 1.10 0.60 -38.49 0.7921 -1.0007 0.7043 0.7866 1.0477
10337 1.10 6.16 -37.27 0.5906 0.3548 0.6343 0.7140 0.9315
10357 1.10 5.32 -43.35 -0.8067 0.1694 0.3240 0.7866 0.8330
10377 1.10 4.38 -48.66 0.1909 0.6336 0.4490 0.7371 0.8909
10397 1.10 3.53 -40.36 -0.1862 -0.9088 0.6148 0.9976 1.1602
10417 1.10 2.85 -34.90 1.0193 -0.8782 0.6932 0.8600 1.0685
10437 1.10 2.15 -36.94 0.4133 0.4982 0.6531 0.6377 0.9103
10457 1.10 1.36 -40.45 -0.9276 0.2017 0.6380 0.7382 0.9409
10477 1.10 0.60 -38.17 0.8146 -0.9958 0.7158 0.7829 1.0648
10497 1.10 6.16 -41.46 0.4552 0.3757 0.5754 0.6011 0.8750
10517 1.10 5.31 -44.13 -0.7213 0.1082 0.3037 0.7163 0.7500
10537 1.10 4.37 -49.41 0.1941 0.6272 0.3264 0.7940 0.8470
10557 1.10 3.52 -40.23 -0.1056 -0.8879 0.5362 0.9505 1.0502
10577 1.10 2.84 -34.71 1.0677 -0.6880 0.7821 0.7483 1.0535
10597 1.10 2.14 -37.28 0.2038 0.6852 0.7265 0.5828 0.9577
10617 1.10 1.36 -40.32 -0.9083 0.1807 0.6664 0.6932 0.9305
10637 1.10 0.58 -37.20 0.8985 -1.0797 0.6719 0.9411 1.1499
10657 1.10 6.16 -36.93 0.4842 0.4434 0.6503 0.6620 0.9224
10677 1.10 5.31 -45.30 -0.7004 0.0792 0.2772 0.7153 0.7281
10697 1.10 4.37 -48.68 0.1716 0.4982 0.2290 0.6570 0.7098
10717 1.10 3.51 -39.95 -0.0057 -0.8669 0.4995 0.8713 0.9435
10737 1.10 2.83 -34.86 1.0387 -0.5720 0.7556 0.7152 1.0003
10757 1.10 2.14 -34.23 0.1716 0.6981 0.7373 0.5522 1.0068
10777 1.10 1.35 -40.61 -1.0130 0.2129 0.6198 0.8700 0.9311
10797 1.10 0.59 -37.88 0.8614 -1.0474 0.6859 0.8824 1.1390
10817 1.10 6.14 -37.69 0.2763 0.5949 0.6737 0.5822 0.9735
10837 1.10 5.31 -46.06 -0.5666 0.0582 0.2013 0.5899 0.5875
10857 1.10 4.34 -48.45 0.0233 0.4644 0.1299 0.5345 0.4831
10877 1.10 3.50 -40.96 0.2215 -0.8846 0.5202 0.7595 0.9168
10897 1.10 2.80 -34.71 0.9645 -0.0965 0.8640 0.6182 1.0700
10917 1.10 2.10 -36.93 0.1200 0.9688 0.6837 0.9789 1.1593
10937 1.10 1.33 -40.44 -0.9051 0.1485 0.4487 0.8608 0.9276
10957 1.10 0.56 -38.49 0.8807 -0.7525 0.5830 0.7521 0.9289
10977 1.10 6.13 -37.06 0.1587 0.7561 0.7400 0.6388 0.9623
10997 1.10 5.28 -44.84 -0.1927 -0.2496 0.3132 0.3141 0.4199
11017 1.10 4.33 -47.86 -0.2571 0.4305 0.2780 0.3322 0.4461
11037 1.10 3.47 -36.39 0.6293 -0.9701 0.6930 0.6988 0.9968
11057 1.10 2.79 -34.09 1.0226 -0.0498 0.8757 0.7501 1.1960
11077 1.10 2.08 -37.23 -0.1572 0.9173 0.5684 0.7995 0.9293
11097 1.10 1.31 -40.20 -0.4683 -0.2464 0.4546 0.5661 0.6732
11117 1.10 0.54 -38.27 0.9065 -0.3963 0.6930 0.5880 0.9098
11137 1.10 6.09 -38.54 0.0233 0.9076 0.5649 0.8989 1.0195
11157 1.10 5.24 -45.08 -0.1508 -0.6977 0.5314 0.7329 0.8946
11177 1.10 4.31 -48.32 -0.5263 0.6836 0.4528 0.5546 0.7321
11197 1.10 3.47 -39.15 0.7228 -0.9282 0.7248 0.6521 0.9506
11217 1.10 2.78 -34.44 1.0677 -0.0417 0.8419 0.8683 1.2432
11237 1.10 2.08 -37.78 -0.2152 0.8721 0.5589 0.7163 0.8863
11257 1.10 1.30 -40.13 -0.4344 -0.3270 0.5049 0.5733 0.7499
11277 1.10 0.52 -38.00 0.9065 -0.1642 0.7732 0.5789 0.9470
11297 1.10 6.07 -41.35 -0.3184 0.8528 0.5495 0.6639 0.8688
11317 1.10 5.22 -45.43 -0.0847 -0.5558 0.2618 0.6447 0.6458
11337 1.10 4.27 -48.53 -0.5827 0.8915 0.1832 0.8866 0.8350
11357 1.10 3.44 -38.62 0.9065 -1.0990 0.6614 0.9696 1.2091
11377 1.10 2.77 -34.32 1.0741 -0.0046 0.7805 0.9603 1.2918
11397 1.10 2.06 -38.40 -0.4006 0.8705 0.6042 0.6279 0.8855
11417 1.10 1.28 -41.02 -0.0831 -0.6300 0.6704 0.3984 0.8028
11437 1.10 0.50 -38.76 0.9903 -0.1271 0.7565 0.7674 1.0894
11457 1.10 6.06 -37.46 -0.4151 0.8818 0.6028 0.6442 0.8817
11477 1.10 5.21 -46.15 -0.0541 -0.5107 0.1758 0.5980 0.6172
11497 1.10 4.24 -47.94 -0.4344 0.3693 0.1624 0.4395 0.4577
11517 1.10 3.42 -38.58 0.9194 -0.9314 0.5428 0.9204 1.0226
11537 1.10 2.73 -33.84 0.5068 0.4660 0.7299 0.6435 0.9288
11557 1.10 2.03 -37.29 -0.7665 0.8786 0.7674 0.5707 0.9317
11577 1.10 1.24 -42.92 -0.1153 -0.8395 0.4911 0.9194 0.9344
11597 1.10 0.49 -37.13 1.0870 -0.1013 0.7203 0.9609 1.1921
11617 1.10 6.04 -38.27 -0.6230 0.8173 0.6659 0.5346 0.8783
11637 1.10 5.17 -46.14 0.4327 -0.4898 0.4278 0.3223 0.6311
11657 1.10 4.23 -48.05 -0.5247 0.3097 0.2288 0.4753 0.6481
11677 1.10 3.39 -37.31 0.9710 -0.4608 0.7149 0.6575 0.9314
11697 1.10 2.71 -35.27 0.1974 0.7561 0.7957 0.6163 1.0290
11717 1.10 1.99 -36.69 -0.8406 0.8077 0.5195 0.7979 0.9252
11737 1.10 1.21 -40.66 0.1716 -0.7944 0.4405 0.7105 0.8197
11757 1.10 0.45 -37.44 0.5068 0.4466 0.6684 0.6808 0.9218
11777 1.10 5.99 -39.34 -0.8438 0.9108 0.4877 0.8904 0.9299
11797 1.10 5.15 -45.85 0.6841 -0.8588 0.4756 0.7732 0.8942
11817 1.10 4.19 -47.78 -0.8825 0.2581 0.3809 0.8237 0.8427
11837 1.10 3.39 -37.52 0.9516 -0.4479 0.6928 0.6532 0.9284
11857 1.10 2.70 -34.42 0.1200 0.8850 0.8231 0.7263 1.1131
11877 1.10 2.00 -37.76 -0.9002 0.8786 0.5778 0.8493 0.9223
11897 1.10 1.20 -40.37 0.3118 -0.7734 0.4870 0.6070 0.7894
11917 1.10 0.45 -35.96 0.4617 0.4563 0.6854 0.6107 0.8336
11937 1.10 5.98 -39.22 -0.8583 0.7045 0.5176 0.7549 0.9007
11957 1.10 5.12 -48.36 0.5068 -0.6525 0.1654 0.6648 0.6729
11977 1.10 4.18 -48.33 -0.8213 0.2275 0.2216 0.8185 0.8307
11997 1.10 3.37 -37.46 0.9807 -0.1432 0.7947 0.7005 1.0740
12017 1.10 2.69 -34.44 0.0878 0.9560 0.8004 0.8365 1.2050
12037 1.10 1.97 -38.82 -0.8583 0.4982 0.5902 0.6282 0.8441
12057 1.10 1.18 -40.88 0.6132 -0.8153 0.6388 0.5595 0.9218
12077 1.10 0.42 -36.37 0.1587 0.7803 0.7921 0.6187 0.9908
12097 1.10 5.96 -39.74 -0.8277 0.3951 0.5819 0.5889 0.8410
12117 1.10 5.07 -51.18 0.5068 -0.0401 0.4393 0.3528 0.5697
12137 1.10 4.13 -47.51 -0.1056 -0.4108 0.4271 0.3396 0.5553
12157 1.10 3.32 -36.54 0.7937 0.1759 0.6650 0.7905 1.0658
12177 1.10 2.66 -34.74 -0.2169 1.0140 0.6792 0.8240 1.0208
12197 1.10 1.94 -37.63 -0.9341 0.1791 0.7117 0.6902 0.9570
12217 1.10 1.15 -39.08 0.8227 -1.0555 0.5729 0.9496 1.2343
12237 1.10 0.40 -35.51 0.1458 0.9108 0.7397 0.8741 1.1585
12257 1.10 5.95 -38.77 -0.9099 0.3951 0.5955 0.6914 0.9434
12277 1.10 5.08 -47.45 0.4359 -0.0111 0.4119 0.2781 0.5262
12297 1.10 4.13 -47.26 -0.1056 -0.4108 0.4154 0.3538 0.5659
12317 1.10 3.33 -36.94 0.8968 0.1372 0.6804 0.8936 1.1708
12337 1.10 2.66 -34.50 -0.2088 1.0381 0.7157 0.8329 1.0246
12357 1.10 1.94 -39.37 -0.9115 0.1678 0.6903 0.6818 0.9353
12377 1.10 1.15 -39.04 0.8163 -1.0361 0.5721 0.9299 1.0580
12397 1.10 0.40 -37.28 0.1506 0.8915 0.7365 0.8522 1.1599
12417 1.10 5.95 -39.45 -0.8100 0.2146 0.6486 0.5326 0.8999
12437 1.10 5.08 -47.24 0.4649 -0.0304 0.4303 0.2921 0.5403
12457 1.10 4.11 -47.30 -0.1282 -0.6300 0.5530 0.5941 0.8525
12477 1.10 3.33 -37.47 0.9516 0.0292 0.6503 0.9070 1.0701
12497 1.10 2.65 -35.01 -0.3281 1.0172 0.6992 0.7676 0.9878
12517 1.10 1.94 -36.06 -0.9099 0.1630 0.7273 0.6424 0.9366
12537 1.10 1.15 -40.30 0.8163 -1.0297 0.5743 0.9228 1.0962
12557 1.10 0.40 -36.95 0.1377 0.8979 0.7308 0.8550 1.1614
12577 1.10 5.95 -38.67 -0.8116 0.2275 0.6648 0.5090 0.8993
12597 1.10 5.06 -47.59 0.7389 -0.0981 0.5115 0.6184 0.8260
12617 1.10 4.12 -48.14 -0.0992 -0.5236 0.5001 0.4448 0.6883
12637 1.10 3.33 -36.36 0.9678 0.0066 0.6956 0.8794 1.1081
12657 1.10 2.66 -32.02 -0.1895 0.9979 0.6814 0.8118 1.0440
12677 1.10 1.95 -37.79 -0.8535 0.2468 0.6596 0.5801 0.9172
12697 1.10 1.15 -41.16 0.8163 -0.9701 0.5198 0.9039 0.9810
12717 1.10 0.40 -36.55 0.1442 0.9350 0.7147 0.9285 1.2046
12737 1.10 5.95 -39.23 -0.8938 0.3306 0.6384 0.6398 0.9518
12757 1.10 5.07 -49.31 0.5068 -0.0385 0.4410 0.3520 0.5707
12777 1.10 4.11 -47.49 -0.1411 -0.6090 0.5218 0.6028 0.8339
12797 1.10 3.33 -37.89 0.9678 0.0389 0.6718 0.9216 1.0999
12817 1.10 2.66 -34.37 -0.1137 1.0011 0.6833 0.8571 1.0519
12837 1.10 1.95 -38.13 -0.8728 0.1952 0.7094 0.5797 0.9113
12857 1.10 1.15 -39.74 0.7905 -1.0071 0.5979 0.8755 1.0273
12877 1.10 0.41 -36.70 0.1393 0.8592 0.7646 0.7649 1.0969
12897 1.10 5.95 -39.57 -0.8761 0.3435 0.6594 0.5869 0.8739
12917 1.10 5.08 -49.89 0.4101 -0.0417 0.3734 0.2536 0.4669
12937 1.10 4.12 -47.09 -0.1363 -0.5784 0.5236 0.5493 0.7822
12957 1.10 3.33 -36.94 0.9420 0.0340 0.6496 0.8974 1.1805
12977 1.10 2.65 -34.36 -0.3248 0.9882 0.6834 0.7400 0.9556
12997 1.10 1.94 -37.40 -0.9099 0.1630 0.7273 0.6424 0.9354
13017 1.10 1.14 -41.48 0.7518 -0.9072 0.3848 0.8907 0.9264
13037 1.10 0.40 -38.13 0.1393 0.9108 0.6965 0.9032 1.1651
13057 1.10 5.95 -41.68 -0.8422 0.1920 0.6945 0.5448 0.8893
13077 1.10 5.06 -46.78 0.7324 -0.0981 0.5265 0.5959 0.8239
13097 1.10 4.12 -47.52 -0.1185 -0.5317 0.4904 0.4890 0.7058
13117 1.10 3.32 -36.61 0.8356 0.2113 0.6873 0.8680 1.1284
13137 1.10 2.65 -35.11 -0.3426 1.0140 0.6947 0.7625 0.9713
13157 1.10 1.94 -37.66 -0.9373 0.1727 0.7098 0.7011 0.9576
13177 1.10 1.14 -39.39 0.7776 -0.9314 0.4171 0.9072 0.9401
13197 1.10 0.39 -39.55 0.0684 0.9302 0.6298 0.9209 1.1279
13217 1.10 5.93 -39.02 -0.9099 0.1501 0.7010 0.6785 0.9377
13237 1.10 5.06 -46.68 0.6406 -0.0578 0.5245 0.4766 0.7490
13257 1.10 4.13 -46.65 -0.0799 -0.4769 0.4876 0.3532 0.6215
13277 1.10 3.32 -36.90 0.8098 0.1678 0.6375 0.8286 0.9958
13297 1.10 2.65 -34.38 -0.2652 1.0011 0.6758 0.7868 1.0006
13317 1.10 1.93 -39.14 -0.9711 0.1598 0.7052 0.7663 1.0128
13337 1.10 1.15 -44.61 0.8163 -1.0007 0.5068 0.9367 0.9864
13357 1.10 0.39 -37.33 0.1216 0.9495 0.7021 0.9395 1.2284
13377 1.10 5.95 -39.17 -0.8341 0.2403 0.6305 0.5830 0.9219
13397 1.10 5.07 -46.46 0.4826 -0.0191 0.4642 0.2884 0.5765
13417 1.10 4.11 -47.28 -0.1379 -0.6171 0.5089 0.6226 0.8413
13437 1.10 3.33 -35.93 0.9645 0.0469 0.6790 0.9179 1.0926
13457 1.10 2.65 -34.96 -0.2829 1.0140 0.6938 0.7833 1.0170
13477 1.10 1.94 -40.26 -0.8873 0.1759 0.7026 0.6239 0.9263
13497 1.10 1.14 -40.53 0.8001 -0.9346 0.4719 0.8935 0.9737
13517 1.10 0.40 -36.90 0.1490 0.8979 0.7425 0.8553 1.1519
13537 1.10 5.95 -38.73 -0.8374 0.3193 0.5892 0.6060 0.9286
13557 1.10 5.06 -48.03 0.6744 -0.0933 0.4908 0.5415 0.7778
13577 1.10 4.13 -45.60 -0.1056 -0.4543 0.4655 0.3706 0.6051
13597 1.10 3.32 -34.61 0.7324 0.2001 0.6449 0.7403 0.9739
13617 1.10 2.65 -36.39 -0.2845 0.9962 0.6859 0.7633 0.9885
13637 1.10 1.93 -37.94 -0.9760 0.1807 0.6871 0.7786 1.0261
13657 1.10 1.15 -41.16 0.8001 -0.9330 0.5025 0.8754 0.9323
13677 1.10 0.39 -36.81 0.1264 0.9624 0.7266 0.9437 1.1884
13697 1.10 5.95 -39.23 -0.8583 0.2774 0.6197 0.6191 0.9352
13717 1.10 5.07 -46.66 0.4939 -0.0208 0.4689 0.3038 0.5772
13737 1.10 4.11 -44.70 -0.1363 -0.6106 0.5440 0.5805 0.8244
13757 1.10 3.33 -33.65 0.9968 0.0453 0.6981 0.9488 0.9862
13777 1.10 2.66 -34.36 -0.1347 1.0075 0.6984 0.8419 1.0733
13797 1.10 1.94 -37.36 -0.8615 0.1630 0.7290 0.5535 0.9160
13817 1.10 1.16 -40.46 0.7937 -1.0007 0.5736 0.8871 1.0671
13837 1.10 0.40 -37.15 0.1458 0.8850 0.7321 0.8418 1.1326
13857 1.10 5.95 -38.83 -0.8954 0.4015 0.5856 0.6794 0.9351
13877 1.10 5.08 -48.12 0.4149 0.0018 0.4251 0.2232 0.4841
13897 1.10 4.11 -49.67 -0.1427 -0.6235 0.5134 0.6329 0.8472
13917 1.10 3.33 -37.09 0.8904 0.0856 0.6755 0.8438 1.0222
13937 1.10 2.65 -34.47 -0.3023 1.0446 0.7217 0.7966 1.0585
13957 1.10 1.94 -37.43 -0.8922 0.1694 0.7139 0.6231 0.9286
13977 1.10 1.14 -40.76 0.7518 -0.8524 0.4557 0.8125 0.8896
13997 1.10 0.40 -36.55 0.1458 0.8979 0.7432 0.8516 1.1519
14017 1.10 5.95 -39.61 -0.8632 0.3306 0.5953 0.6358 0.9290
14037 1.10 5.06 -44.30 0.7453 -0.1094 0.5149 0.6187 0.8443
14057 1.10 4.12 -48.07 -0.1024 -0.5301 0.4906 0.4694 0.7030
14077 1.10 3.32 -37.62 0.7905 0.1952 0.6448 0.8209 1.0405
14097 1.10 2.65 -35.05 -0.2910 0.9914 0.6749 0.7637 0.9855
14117 1.10 1.92 -38.01 -0.9776 0.1565 0.7145 0.7695 1.0300
14137 1.10 1.15 -41.29 0.8163 -0.9781 0.5316 0.9037 0.9673
14157 1.10 0.39 -35.64 0.1393 0.9237 0.7374 0.8895 1.2087
14177 1.10 5.95 -38.81 -0.8470 0.2790 0.6369 0.5829 0.9158
14197 1.10 5.08 -47.33 0.4552 -0.0143 0.4274 0.2919 0.5543
14217 1.10 4.13 -46.87 -0.0992 -0.3931 0.4085 0.3228 0.5614
14237 1.10 3.32 -36.93 0.8517 0.1646 0.6858 0.8485 1.0390
14257 1.10 2.66 -34.49 -0.2314 0.9753 0.6929 0.7474 0.9474
14277 1.10 1.93 -38.67 -0.9357 0.1855 0.6948 0.7064 0.9540
14297 1.10 1.15 -39.04 0.7969 -0.9894 0.5660 0.8834 0.9621
14317 1.10 0.40 -37.49 0.1458 0.8979 0.7288 0.8641 1.1709
14337 1.10 5.95 -39.70 -0.8535 0.3048 0.5989 0.6241 0.9285
14357 1.10 5.07 -46.80 0.4778 -0.0175 0.4561 0.2925 0.5644
14377 1.10 4.11 -47.32 -0.1379 -0.6397 0.5177 0.6484 0.8536
14397 1.10 3.33 -36.94 0.9839 0.0099 0.6646 0.9283 1.0654
14417 1.10 2.65 -35.67 -0.2813 0.9930 0.6692 0.7745 0.9885
14437 1.10 1.94 -37.48 -0.8841 0.1565 0.7189 0.6111 0.9271
14457 1.10 1.14 -40.66 0.7550 -0.8975 0.4378 0.8595 0.9268
14477 1.10 0.40 -36.47 0.1458 0.8947 0.7404 0.8492 1.1519
14497 1.10 5.95 -39.69 -0.8535 0.2597 0.6711 0.5614 0.8855
14517 1.10 5.06 -47.64 0.6970 -0.0884 0.5159 0.5566 0.8084
14537 1.10 4.12 -45.60 -0.0863 -0.4978 0.5028 0.3806 0.6575
14557 1.10 3.32 -36.57 0.8098 0.1888 0.6476 0.8404 1.0807
14577 1.10 2.65 -37.76 -0.2910 1.0204 0.6889 0.7940 1.0037
14597 1.10 1.93 -38.01 -0.9840 0.1614 0.7020 0.7882 1.0309
14617 1.10 1.15 -39.85 0.7921 -1.0007 0.5262 0.9154 1.0153
14637 1.10 0.40 -36.84 0.1458 0.9173 0.7303 0.8916 1.1662
14657 1.10 5.95 -39.22 -0.8277 0.2629 0.6119 0.5839 0.9212
14677 1.10 5.07 -46.10 0.4810 -0.0385 0.4433 0.2987 0.5658
14697 1.10 4.11 -46.81 -0.1443 -0.6364 0.5243 0.6445 0.8575
14717 1.10 3.33 -35.57 0.9387 0.0437 0.6736 0.8822 1.1817
14737 1.10 2.66 -34.59 -0.0879 0.9866 0.6752 0.8582 1.0680
14757 1.10 1.95 -38.05 -0.8728 0.2081 0.7068 0.5759 0.9190
14777 1.10 1.16 -40.38 0.7840 -0.9958 0.6227 0.8444 1.0332
14797 1.10 0.40 -36.02 0.1458 0.8464 0.7646 0.7505 1.0931
14817 1.10 5.96 -40.45 -0.8116 0.3499 0.5736 0.5777 0.8988
14837 1.10 5.09 -47.25 0.4262 -0.1029 0.3439 0.2821 0.4580
14857 1.10 4.12 -44.15 -0.1121 -0.5849 0.5414 0.5169 0.7809
14877 1.10 3.33 -37.63 1.0806 0.0308 0.7529 1.0175 1.1362
14897 1.10 2.65 -34.42 -0.2733 1.0140 0.6875 0.7925 1.0233
14917 1.10 1.94 -37.70 -0.8777 0.1646 0.7246 0.5877 0.9215
14937 1.10 1.14 -40.52 0.7889 -0.8427 0.4757 0.8148 0.9177
14957 1.10 0.40 -36.57 0.1329 0.9108 0.7284 0.8720 1.1532
14977 1.10 5.95 -38.75 -0.8309 0.2855 0.6330 0.5588 0.9227
14997 1.10 5.06 -49.84 0.7647 -0.1239 0.4936 0.6558 0.8311
15017 1.10 4.12 -47.45 -0.1121 -0.5268 0.4945 0.4701 0.6983
15037 1.10 3.32 -36.62 0.8163 0.1888 0.6652 0.8359 0.9857
15057 1.10 2.65 -33.52 -0.3023 0.9946 0.7213 0.7208 0.9914
15077 1.10 1.93 -37.99 -0.9631 0.1694 0.7004 0.7529 1.0065
15097 1.10 1.15 -40.44 0.7840 -0.9749 0.4809 0.9145 0.9609
15117 1.10 0.41 -40.04 0.1442 0.8528 0.7317 0.7911 1.1049
15137 1.10 5.94 -38.87 -0.8148 0.2129 0.6177 0.5768 0.9261
15157 1.10 5.07 -46.66 0.5068 -0.0417 0.4494 0.3386 0.6441
15177 1.10 4.13 -46.94 -0.0847 -0.4559 0.4483 0.3704 0.6120
15197 1.10 3.32 -37.06 0.8453 0.1565 0.6439 0.8643 1.0814
15217 1.10 2.65 -34.32 -0.3184 1.0011 0.7226 0.7240 0.9838
15237 1.10 1.93 -38.45 -0.9663 0.1807 0.6784 0.7716 1.0158
15257 1.10 1.15 -39.07 0.8292 -1.0651 0.5277 0.9866 1.1384
15277 1.10 0.40 -37.27 0.1329 0.9302 0.7295 0.8998 1.1593
15297 1.10 5.95 -39.46 -0.8148 0.1598 0.6881 0.5217 0.8753
15317 1.10 5.07 -47.18 0.4875 -0.0240 0.4540 0.3096 0.5838
15337 1.10 4.12 -47.12 -0.1363 -0.6397 0.5501 0.6196 0.8502
15357 1.10 3.33 -36.77 0.9516 0.0373 0.6595 0.9064 1.0283
15377 1.10 2.65 -34.93 -0.3313 0.9914 0.6893 0.7374 0.9494
15397 1.10 1.93 -41.65 -0.9308 0.1694 0.6952 0.7071 0.9505
15417 1.10 1.15 -40.51 0.8163 -1.0377 0.5558 0.9412 1.0474
15437 1.10 0.40 -36.59 0.1458 0.8915 0.7376 0.8467 1.1482
15457 1.10 5.95 -38.70 -0.8084 0.3032 0.6113 0.5416 0.9103
15477 1.10 5.06 -47.81 0.6873 -0.0852 0.5016 0.5566 0.7826
15497 1.10 4.13 -46.13 -0.0847 -0.4898 0.4817 0.3907 0.6461
15517 1.10 3.33 -36.38 0.9968 0.0115 0.6750 0.9403 1.2058
15537 1.10 2.65 -37.48 -0.2733 0.9979 0.6662 0.7872 1.0005
15557 1.10 1.94 -37.56 -0.8954 0.1630 0.7340 0.6091 0.9280
15577 1.10 1.13 -40.26 0.7389 -0.8734 0.4167 0.8431 0.9161
15597 1.10 0.40 -36.50 0.1393 0.9092 0.7253 0.8780 1.1460
15617 1.10 5.95 -38.84 -0.8374 0.2403 0.6435 0.5740 0.9091
15637 1.10 5.06 -47.76 0.7389 -0.1029 0.5268 0.6026 0.8404
15657 1.10 4.12 -48.66 -0.1024 -0.5301 0.4906 0.4694 0.7029
15677 1.10 3.32 -37.46 0.7905 0.2146 0.6531 0.8330 1.0653
15697 1.10 2.64 -34.59 -0.3700 0.9979 0.7065 0.7201 0.9386
15717 1.10 1.92 -38.47 -1.0259 0.1727 0.6400 0.8928 1.0232
15737 1.10 1.14 -40.94 0.7647 -0.9362 0.4151 0.9063 0.9282
15757 1.10 0.39 -37.14 0.0878 0.9237 0.6325 0.9251 1.1135
15777 1.10 5.93 -39.93 -0.8793 0.1501 0.6940 0.6350 0.9252
15797 1.10 5.07 -46.06 0.5842 -0.0691 0.4754 0.4260 0.6865
15817 1.10 4.13 -48.03 -0.0815 -0.4688 0.4611 0.3744 0.6023
15837 1.10 3.32 -37.23 0.8388 0.1791 0.6664 0.8585 1.0216
15857 1.10 2.65 -34.18 -0.2765 1.0365 0.7009 0.8129 1.0347
15877 1.10 1.93 -37.38 -0.9566 0.1501 0.7275 0.7276 0.9997
15897 1.10 1.15 -41.86 0.8259 -1.0523 0.5291 0.9733 1.0592
15917 1.10 0.40 -38.28 0.1426 0.9108 0.7108 0.8950 1.1709
15937 1.10 5.95 -35.96 -0.8067 0.2178 0.6511 0.5223 0.9239
15957 1.10 5.07 -46.65 0.5568 -0.0465 0.4801 0.3889 0.6534
15977 1.10 4.12 -46.58 -0.1330 -0.6268 0.5391 0.6065 0.8491
15997 1.10 3.33 -37.06 0.9516 0.0469 0.6553 0.9168 1.0814
16017 1.10 2.65 -34.83 -0.3539 0.9624 0.6675 0.7086 0.9315
16037 1.10 1.93 -38.43 -0.9389 0.1436 0.7298 0.7002 0.9911
16057 1.10 1.15 -42.85 0.8275 -1.0474 0.5490 0.9585 1.1190
16077 1.10 0.40 -37.00 0.1458 0.9108 0.7098 0.8986 1.1524
16097 1.10 5.95 -38.47 -0.8551 0.2162 0.7038 0.5435 0.9047
16117 1.10 5.06 -47.01 0.7518 -0.1142 0.5256 0.6166 0.8609
16137 1.10 4.12 -47.16 -0.0863 -0.5010 0.4790 0.4157 0.6611
16157 1.10 3.33 -35.71 1.0016 0.0002 0.6811 0.9347 1.1844
16177 1.10 2.65 -34.32 -0.2942 0.9914 0.7146 0.7254 0.9664
16197 1.10 1.95 -41.51 -0.8503 0.2162 0.6460 0.6032 0.9303
16217 1.10 1.14 -40.45 0.8034 -0.9298 0.4928 0.8799 0.9652
16237 1.10 0.41 -36.43 0.1458 0.8721 0.7486 0.8071 1.1152
16257 1.10 5.95 -39.21 -0.8148 0.3209 0.5836 0.5773 0.9039
16277 1.10 5.06 -47.60 0.6583 -0.0772 0.4942 0.5233 0.7625
16297 1.10 4.13 -46.02 -0.0928 -0.4720 0.4640 0.3894 0.6453
16317 1.10 3.32 -36.47 0.7872 0.2017 0.6777 0.7955 0.9552
16337 1.10 2.65 -35.43 -0.2894 1.0075 0.6947 0.7704 1.0005
16357 1.10 1.93 -38.02 -0.9760 0.1630 0.6930 0.7829 1.0145
16377 1.10 1.15 -39.84 0.8163 -1.0474 0.5524 0.9518 1.0561
16397 1.10 0.40 -37.06 0.1426 0.9108 0.7258 0.8829 1.1709
16417 1.10 5.95 -39.71 -0.8116 0.1952 0.6685 0.5204 0.8785
16437 1.10 5.08 -47.13 0.4601 -0.0336 0.4223 0.2911 0.5378
16457 1.10 4.11 -44.03 -0.1250 -0.6235 0.5574 0.5765 0.8327
16477 1.10 3.33 -35.22 0.9678 0.0373 0.6543 0.9329 1.1054
16497 1.10 2.64 -34.20 -0.3748 1.0107 0.7280 0.7172 0.9571
16517 1.10 1.94 -38.08 -0.9341 0.1727 0.7067 0.6990 0.9450
16537 1.10 1.15 -40.26 0.8163 -1.0361 0.5721 0.9299 1.0829
16557 1.10 0.40 -36.06 0.1458 0.8979 0.7432 0.8516 1.1393
16577 1.10 5.95 -40.44 -0.8245 0.2984 0.5850 0.5956 0.9257
16597 1.10 5.06 -48.55 0.7405 -0.1142 0.4950 0.6250 0.8239
16617 1.10 4.13 -44.40 -0.1121 -0.5027 0.4865 0.4383 0.6693
16637 1.10 3.32 -37.35 0.8743 0.1807 0.7027 0.8828 1.0776
16657 1.10 2.65 -34.09 -0.2684 0.9560 0.6797 0.7144 0.9586
16677 1.10 1.95 -38.31 -0.8599 0.2661 0.6275 0.6176 0.9313
16697 1.10 1.14 -40.82 0.8034 -0.9717 0.4735 0.9243 0.9215
16717 1.10 0.39 -36.82 0.1264 0.9495 0.7004 0.9448 1.2172
16737 1.10 5.95 -40.13 -0.8341 0.2162 0.6441 0.5786 0.9063
16757 1.10 5.07 -49.98 0.5068 -0.0336 0.4461 0.3497 0.5729
16777 1.10 4.11 -47.51 -0.1476 -0.6106 0.5221 0.6114 0.8363
16797 1.10 3.33 -37.26 0.9516 0.0631 0.6739 0.9157 1.0858
16817 1.10 2.66 -35.20 -0.1282 0.9882 0.6688 0.8411 1.0395
16837 1.10 1.94 -38.13 -0.8615 0.1646 0.7084 0.5787 0.9154
16857 1.10 1.15 -39.56 0.7921 -1.0039 0.6005 0.8714 1.0654
16877 1.10 0.41 -35.92 0.1426 0.8592 0.7641 0.7686 1.0915
16897 1.10 5.95 -35.87 -0.8067 0.2661 0.6592 0.4913 0.8502
16917 1.10 5.07 -46.73 0.6261 -0.0643 0.4882 0.4859 0.7329
16937 1.10 4.13 -47.98 -0.0847 -0.4624 0.4546 0.3743 0.6208
16957 1.10 3.33 -36.63 1.0226 0.0066 0.7346 0.9292 1.1645
16977 1.10 2.65 -33.97 -0.2056 1.0269 0.7074 0.8248 1.0304
16997 1.10 1.95 -37.05 -0.8583 0.2129 0.6967 0.5601 0.9160
17017 1.10 1.14 -39.13 0.8227 -1.1522 0.4311 1.1058 0.9975
17037 1.10 0.40 -33.95 0.1426 0.8657 0.7568 0.7861 1.1114
17057 1.10 5.96 -39.24 -0.8116 0.3306 0.5811 0.5731 0.8995
17077 1.10 5.07 -47.50 0.6486 -0.0917 0.4786 0.5136 0.7539
17097 1.10 4.12 -46.54 -0.0766 -0.4753 0.4738 0.3648 0.6352
17117 1.10 3.32 -35.49 0.7744 0.2146 0.6853 0.7827 1.0356
17137 1.10 2.65 -35.34 -0.2910 0.9688 0.6639 0.7400 0.9435
17157 1.10 1.93 -39.10 -0.9711 0.1646 0.6737 0.7915 1.0248
17177 1.10 1.15 -39.04 0.7695 -0.9765 0.5096 0.8940 0.9726
17197 1.10 0.40 -37.48 0.1297 0.9237 0.7251 0.8909 1.1506
17217 1.10 5.95 -39.39 -0.8583 0.3145 0.5840 0.6427 0.9316
17237 1.10 5.07 -46.83 0.4875 -0.0175 0.4657 0.2982 0.5816
17257 1.10 4.11 -47.29 -0.1379 -0.6364 0.5149 0.6459 0.8448
17277 1.10 3.33 -35.70 0.8549 0.0985 0.6537 0.8200 0.9774
17297 1.10 2.65 -34.88 -0.3603 0.9753 0.7131 0.6813 0.9529
17317 1.10 1.94 -35.96 -0.9099 0.1678 0.7113 0.6570 0.9347
17337 1.10 1.15 -40.54 0.8098 -1.0329 0.5815 0.9183 1.0946
17357 1.10 0.40 -36.61 0.1458 0.8899 0.7504 0.8329 1.1500
17377 1.10 5.95 -38.98 -0.8067 0.2694 0.6394 0.5157 0.8855
17397 1.10 5.06 -47.51 0.6970 -0.0933 0.5011 0.5670 0.7997
17417 1.10 4.13 -46.15 -0.0863 -0.4656 0.4578 0.3781 0.6243
17437 1.10 3.33 -35.56 0.9774 0.0099 0.7062 0.8877 1.1182
17457 1.10 2.66 -36.09 -0.2298 1.0075 0.6836 0.8048 1.0180
17477 1.10 1.95 -37.78 -0.8728 0.2726 0.6346 0.6284 0.9414
17497 1.10 1.14 -40.95 0.8163 -0.9282 0.5231 0.8679 0.9512
17517 1.10 0.39 -36.84 0.1297 0.9431 0.6943 0.9429 1.2186
17537 1.10 5.94 -39.57 -0.7906 0.1598 0.6715 0.4981 0.9113
17557 1.10 5.07 -47.00 0.5068 -0.0401 0.4452 0.3453 0.5697
17577 1.10 4.13 -46.95 -0.0686 -0.4559 0.4659 0.3287 0.6009
17597 1.10 3.32 -38.17 0.8227 0.1920 0.6582 0.8538 1.0184
17617 1.10 2.65 -34.28 -0.3216 0.9995 0.6865 0.7549 0.9742
17637 1.10 1.93 -37.53 -1.0050 0.1630 0.6914 0.8281 1.0683
17657 1.10 1.14 -39.46 0.7776 -0.9652 0.4928 0.8970 0.9644
17677 1.10 0.39 -37.15 0.1297 0.9495 0.7309 0.9242 1.1697
17697 1.10 5.95 -39.51 -0.8406 0.2661 0.6223 0.5924 0.9293
17717 1.10 5.07 -41.57 0.4971 -0.0304 0.4623 0.3112 0.5816
17737 1.10 4.11 -47.74 -0.1524 -0.6284 0.5156 0.6475 0.8569
17757 1.10 3.33 -37.03 1.0016 0.0276 0.6968 0.9433 1.1389
17777 1.10 2.65 -34.32 -0.3023 0.9817 0.7024 0.7196 0.9641
17797 1.10 1.94 -38.12 -0.8777 0.1662 0.7130 0.6008 0.9211
17817 1.10 1.15 -40.26 0.8034 -1.0216 0.5778 0.9076 1.0514
17837 1.10 0.40 -35.96 0.1458 0.8899 0.7362 0.8455 1.1395
17857 1.10 5.95 -36.09 -0.8180 0.2146 0.6918 0.4909 0.8732
17877 1.10 5.06 -46.96 0.7131 -0.0949 0.4934 0.5969 0.8076
17897 1.10 4.12 -47.42 -0.0960 -0.5059 0.4831 0.4299 0.6594
17917 1.10 3.32 -36.98 0.8163 0.1727 0.6466 0.8353 1.0776
17937 1.10 2.65 -33.91 -0.3184 0.9624 0.7025 0.6841 0.9307
17957 1.10 1.94 -37.61 -0.8793 0.1759 0.7049 0.6073 0.9221
17977 1.10 1.14 -42.25 0.7937 -0.7202 0.5558 0.6785 0.9264
17997 1.10 0.39 -36.62 0.0749 0.9721 0.6567 0.9659 1.1597
18017 1.10 5.93 -39.01 -0.9018 0.1533 0.6900 0.6747 0.9302
18037 1.10 5.06 -46.42 0.6164 -0.0627 0.5049 0.4532 0.7146
18057 1.10 4.12 -47.83 -0.0847 -0.4817 0.4672 0.3938 0.6228
18077 1.10 3.32 -36.90 0.8420 0.1759 0.6645 0.8616 1.0599
18097 1.10 2.65 -35.44 -0.2894 1.0075 0.6947 0.7704 0.9917
18117 1.10 1.92 -39.14 -0.9647 0.1598 0.6994 0.7616 1.0192
18137 1.10 1.15 -43.17 0.8098 -0.9975 0.5164 0.9258 0.9716
18157 1.10 0.39 -36.66 0.1248 0.9302 0.7467 0.8783 1.1687
18177 1.10 5.95 -39.30 -0.8148 0.2677 0.6037 0.5705 0.8907
18197 1.10 5.07 -46.40 0.4617 -0.0127 0.4497 0.2727 0.5544
18217 1.10 4.11 -46.87 -0.1379 -0.6284 0.5187 0.6311 0.8570
18237 1.10 3.33 -35.87 0.8968 0.0663 0.6717 0.8403 1.0381
18257 1.10 2.65 -34.94 -0.2991 0.9624 0.6538 0.7368 0.9301
18277 1.10 1.94 -40.22 -0.9099 0.1727 0.7064 0.6596 0.9327
18297 1.10 1.14 -40.76 0.7518 -0.9185 0.4091 0.8890 0.9251
18317 1.10 0.40 -36.93 0.1393 0.9076 0.7239 0.8767 1.1344
18337 1.10 5.95 -39.94 -0.8164 0.2855 0.5787 0.5930 0.8925
18357 1.10 5.06 -48.03 0.7389 -0.1094 0.4990 0.6221 0.8349
18377 1.10 4.12 -45.55 -0.1137 -0.5139 0.4974 0.4471 0.6861
18397 1.10 3.32 -36.71 0.8549 0.1807 0.6918 0.8633 1.1666
18417 1.10 2.65 -36.39 -0.2571 0.9753 0.6576 0.7678 0.9337
18437 1.10 1.93 -37.93 -0.9631 0.1630 0.6816 0.7734 1.0067
18457 1.10 1.15 -39.95 0.7905 -0.9701 0.5357 0.8822 0.9681
18477 1.10 0.40 -37.12 0.1393 0.9237 0.7223 0.9018 1.1550
18497 1.10 5.95 -39.56 -0.8148 0.1888 0.6601 0.5402 0.9055
18517 1.10 5.07 -46.64 0.4810 -0.0191 0.4577 0.2953 0.5768
18537 1.10 4.11 -44.60 -0.1314 -0.6251 0.5481 0.5944 0.8330
18557 1.10 3.33 -34.06 0.9065 0.0598 0.6417 0.8723 1.1291
18577 1.10 2.66 -34.34 -0.1653 1.0075 0.6869 0.8342 1.0276
18597 1.10 1.94 -38.29 -0.9051 0.1662 0.6859 0.6768 0.9323
18617 1.10 1.15 -40.60 0.8146 -1.0249 0.5741 0.9179 1.0005
18637 1.10 0.40 -36.61 0.1506 0.8866 0.7323 0.8485 1.1386
18657 1.10 5.95 -39.57 -0.8390 0.3628 0.5819 0.6079 0.9246
18677 1.10 5.08 -41.57 0.3843 -0.0111 0.3883 0.2015 0.4618
18697 1.10 4.12 -47.51 -0.1363 -0.5994 0.5139 0.5903 0.8167
18717 1.10 3.33 -37.01 0.9194 0.0437 0.6312 0.8858 1.0265
18737 1.10 2.65 -35.41 -0.3393 0.9753 0.6751 0.7243 0.9294
18757 1.10 1.94 -38.19 -0.9260 0.1759 0.7073 0.6834 0.9427
18777 1.10 1.13 -40.11 0.7131 -0.7847 0.4183 0.7602 0.8679
18797 1.10 0.39 -35.55 0.1458 0.9205 0.7330 0.8942 1.1973
18817 1.10 5.95 -43.03 -0.8406 0.2162 0.6793 0.5483 0.8854
18837 1.10 5.06 -46.67 0.7067 -0.0884 0.5244 0.5638 0.8225
18857 1.10 4.12 -47.59 -0.0879 -0.4946 0.4727 0.4135 0.6544
18877 1.10 3.32 -36.92 0.8292 0.1855 0.6541 0.8600 1.1853
18897 1.10 2.65 -35.10 -0.3522 0.9930 0.7043 0.7195 0.9376
18917 1.10 1.94 -39.78 -0.9099 0.1694 0.6871 0.6815 0.9315
18937 1.10 1.14 -41.40 0.7647 -0.9169 0.4097 0.8932 0.9308
18957 1.10 0.40 -40.09 0.1329 0.9173 0.7188 0.8893 1.1497
18977 1.10 5.93 -39.02 -0.8889 0.1436 0.7100 0.6378 0.9289
18997 1.10 5.07 -47.67 0.6228 -0.0691 0.4882 0.4773 0.7232
19017 1.10 4.13 -46.82 -0.0686 -0.4785 0.4770 0.3573 0.6159
19037 1.10 3.32 -35.77 0.7518 0.2339 0.6820 0.7719 0.9520
19057 1.10 2.65 -35.37 -0.2878 0.9850 0.6696 0.7599 0.9700
19077 1.10 1.93 -38.45 -0.9711 0.1630 0.6887 0.7793 1.0119
19097 1.10 1.15 -38.89 0.8356 -1.0635 0.5357 0.9835 1.1368
19117 1.10 0.40 -37.33 0.1329 0.9205 0.7215 0.8919 1.1782
19137 1.10 5.95 -39.45 -0.8067 0.2146 0.6270 0.5525 0.8900
19157 1.10 5.07 -46.83 0.5052 -0.0208 0.4747 0.3186 0.5750
19177 1.10 4.12 -45.57 -0.1379 -0.6380 0.5484 0.6202 0.8519
19197 1.10 3.33 -37.30 0.9710 0.0405 0.6601 0.9359 1.1040
19217 1.10 2.65 -34.91 -0.3539 0.9817 0.6881 0.7178 0.9469
19237 1.10 1.93 -41.65 -0.9308 0.1694 0.6952 0.7071 0.9469
19257 1.10 1.15 -40.61 0.8130 -1.0297 0.5550 0.9331 1.0448
19277 1.10 0.40 -36.96 0.1458 0.8915 0.7087 0.8712 1.1301
19297 1.10 5.95 -38.97 -0.8084 0.2661 0.6171 0.5459 0.9149
19317 1.10 5.07 -47.43 0.5068 -0.0530 0.4319 0.3519 0.6317
19337 1.10 4.11 -45.52 -0.1298 -0.6235 0.5469 0.5914 0.8431
19357 1.10 3.33 -36.30 0.9452 0.0534 0.6587 0.9101 1.1523
19377 1.10 2.65 -37.52 -0.3651 1.0140 0.6978 0.7535 0.9669
19397 1.10 1.93 -38.39 -0.9566 0.1646 0.6997 0.7462 0.9716
19417 1.10 1.14 -40.77 0.7711 -0.8073 0.4469 0.7949 0.9017
19437 1.10 0.40 -37.40 0.1329 0.9173 0.7037 0.9014 1.1931
19457 1.10 5.95 -38.84 -0.8438 0.2129 0.6857 0.5477 0.8931
19477 1.10 5.06 -45.03 0.7373 -0.1078 0.5201 0.6031 0.8256
19497 1.10 4.12 -49.57 -0.0928 -0.5010 0.4786 0.4231 0.6673
19517 1.10 3.32 -37.24 0.7647 0.2146 0.6534 0.7955 1.0527
19537 1.10 2.65 -34.62 -0.3184 1.0011 0.6978 0.7479 0.9772
19557 1.10 1.93 -38.58 -0.9695 0.1630 0.6607 0.8010 0.9703
19577 1.10 1.15 -40.96 0.7905 -1.0023 0.4924 0.9347 0.9928
19597 1.10 0.40 -37.30 0.1458 0.9302 0.6946 0.9382 1.2051
19617 1.10 5.94 -39.60 -0.8438 0.2726 0.6296 0.5876 0.9275
19637 1.10 5.07 -50.20 0.4987 -0.0304 0.4418 0.3428 0.5707
19657 1.10 4.12 -47.55 -0.1443 -0.6123 0.5241 0.6089 0.8302
19677 1.10 3.33 -37.29 0.9194 0.0727 0.6496 0.8950 1.2843
19697 1.10 2.66 -34.54 -0.1524 1.0333 0.6948 0.8727 1.0941
19717 1.10 1.94 -38.07 -0.8922 0.1598 0.7236 0.6177 0.9285
19737 1.10 1.15 -41.85 0.8211 -1.0474 0.5255 0.9690 1.0497
19757 1.10 0.40 -38.13 0.1426 0.9189 0.7021 0.9134 1.1942
19777 1.10 5.94 -36.00 -0.8503 0.2597 0.6485 0.5821 0.9250
19797 1.10 5.07 -46.56 0.4552 -0.0046 0.4513 0.2643 0.5479
19817 1.10 4.11 -47.84 -0.1395 -0.6139 0.5057 0.6220 0.8333
19837 1.10 3.33 -35.52 0.8743 0.0776 0.6558 0.8291 0.9662
19857 1.10 2.65 -34.37 -0.2910 1.0011 0.7053 0.7504 0.9608
19877 1.10 1.94 -38.62 -0.8761 0.1694 0.6979 0.6136 0.9196
19897 1.10 1.14 -38.67 0.7760 -0.8927 0.4497 0.8599 0.9160
19917 1.10 0.40 -37.24 0.1458 0.9044 0.7195 0.8814 1.1694
19937 1.10 5.95 -38.44 -0.7987 0.2146 0.6542 0.5054 0.9022
19957 1.10 5.06 -47.38 0.7744 -0.1336 0.4795 0.6748 0.8468
19977 1.10 4.12 -45.59 -0.1089 -0.5591 0.5256 0.4873 0.7424
19997 1.10 3.33 -37.29 0.9710 0.0437 0.6795 0.9243 1.1040
20017 1.10 2.65 -35.02 -0.3184 0.9753 0.6730 0.7324 0.9476
20037 1.10 1.94 -35.15 -0.9051 0.1646 0.7315 0.6280 0.9298
20057 1.10 1.14 -41.03 0.7905 -0.8073 0.4958 0.7780 0.9120
20077 1.10 0.40 -37.30 0.1393 0.9044 0.7212 0.8742 1.1614
20097 1.10 5.95 -38.69 -0.8567 0.2774 0.6583 0.5753 0.9164
20117 1.10 5.06 -47.89 0.7518 -0.1142 0.4828 0.6506 0.8560
20137 1.10 4.12 -46.02 -0.1266 -0.5575 0.5140 0.5154 0.7416
20157 1.10 3.32 -36.41 0.7776 0.2516 0.6752 0.8339 0.9796
20177 1.10 2.65 -36.22 -0.3796 1.0140 0.7081 0.7403 0.9676
20197 1.10 1.91 -37.84 -1.0340 0.1662 0.6690 0.8864 1.1184
20217 1.10 1.14 -40.28 0.7744 -0.8734 0.4994 0.8157 0.9311
20237 1.10 0.39 -37.12 0.1119 0.9286 0.6735 0.9225 1.1343
20257 1.10 5.94 -39.70 -0.8470 0.1436 0.6996 0.5766 0.9055
20277 1.10 5.07 -48.58 0.5842 -0.0433 0.4883 0.4305 0.6917
20297 1.10 4.11 -47.54 -0.1508 -0.6364 0.5119 0.6605 0.8575
20317 1.10 3.33 -35.44 0.8614 0.0953 0.6540 0.8264 1.0895
20337 1.10 2.66 -34.57 -0.1524 0.9753 0.6743 0.8039 0.9880
20357 1.10 1.94 -38.32 -0.8793 0.1759 0.6946 0.6191 0.9226
20377 1.10 1.15 -39.74 0.7937 -1.0216 0.5823 0.9007 0.9779
20397 1.10 0.40 -37.08 0.1522 0.8786 0.7392 0.8318 1.1374
20417 1.10 5.95 -39.66 -0.8116 0.2677 0.6283 0.5378 0.8643
20437 1.10 5.08 -49.82 0.4407 -0.0417 0.4044 0.2707 0.4878
20457 1.10 4.11 -47.54 -0.1250 -0.6251 0.5491 0.5870 0.8215
20477 1.10 3.33 -37.31 0.9581 0.0534 0.6668 0.9226 1.1749
20497 1.10 2.65 -34.49 -0.3442 1.0140 0.6959 0.7610 0.9719
20517 1.10 1.93 -37.39 -0.9244 0.1694 0.7124 0.6791 0.9403
20537 1.10 1.14 -40.08 0.7421 -0.8073 0.4532 0.7740 0.9046
20557 1.10 0.40 -34.78 0.1458 0.9044 0.7488 0.8566 1.1680
20577 1.10 5.95 -41.68 -0.8325 0.3145 0.5985 0.5905 0.9237
20597 1.10 5.06 -46.78 0.6744 -0.0756 0.5278 0.5172 0.7909
20617 1.10 4.12 -47.51 -0.0847 -0.4978 0.4760 0.4118 0.6521
20637 1.10 3.32 -36.75 0.7647 0.1952 0.6311 0.7945 1.0253
20657 1.10 2.65 -35.06 -0.2926 0.9882 0.6744 0.7588 0.9377
20677 1.10 1.92 -38.03 -0.9695 0.1565 0.7073 0.7637 1.0232
20697 1.10 1.15 -41.25 0.8292 -1.0523 0.5328 0.9726 1.0561
20717 1.10 0.41 -32.27 0.1377 0.8318 0.7765 0.7054 1.0520
20737 1.10 5.94 -38.95 -0.8084 0.1179 0.7218 0.4917 0.8919
20757 1.10 5.07 -47.45 0.5068 -0.0498 0.4293 0.3576 0.6611
20777 1.10 4.13 -46.87 -0.0573 -0.4285 0.4426 0.2932 0.5467
20797 1.10 3.32 -36.90 0.7937 0.1855 0.6353 0.8237 0.9442
20817 1.10 2.65 -35.97 -0.2862 0.9753 0.6638 0.7513 0.9688
20837 1.10 1.93 -39.10 -0.9824 0.1598 0.6889 0.7981 1.0319
20857 1.10 1.15 -38.82 0.7744 -0.9717 0.5168 0.8876 0.9894
20877 1.10 0.40 -36.64 0.1393 0.9108 0.7266 0.8793 1.1519
20897 1.10 5.95 -39.53 -0.8325 0.2919 0.5893 0.6052 0.9270
20917 1.10 5.07 -46.48 0.5068 -0.0224 0.4747 0.3205 0.5772
20937 1.10 4.11 -46.89 -0.1411 -0.6300 0.5086 0.6446 0.8580
20957 1.10 3.33 -35.88 0.9903 0.0308 0.6772 0.9439 0.9506
20977 1.10 2.65 -34.29 -0.3200 1.0269 0.7243 0.7613 0.9989
20997 1.10 1.94 -41.68 -0.8793 0.1662 0.6939 0.6255 0.9251
21017 1.10 1.14 -40.74 0.7711 -0.8959 0.4426 0.8637 0.8922
21037 1.10 0.40 -36.64 0.1393 0.9044 0.7359 0.8618 1.1290
21057 1.10 5.95 -39.60 -0.8213 0.1984 0.6756 0.5272 0.8814
21077 1.10 5.06 -47.52 0.7453 -0.1207 0.4920 0.6310 0.8287
21097 1.10 4.13 -45.79 -0.1008 -0.4849 0.4765 0.4064 0.6582
21117 1.10 3.32 -36.67 0.8678 0.1727 0.6898 0.8762 1.0724
21137 1.10 2.65 -36.16 -0.2894 1.0333 0.7077 0.7972 0.9821
21157 1.10 1.93 -37.97 -0.9631 0.1630 0.6945 0.7618 1.0024
21177 1.10 1.15 -40.00 0.7921 -0.9668 0.5387 0.8783 0.9643
21197 1.10 0.40 -36.84 0.1458 0.9108 0.7249 0.8865 1.1504
21217 1.10 5.95 -39.26 -0.8229 0.2758 0.5946 0.5899 0.9247
21237 1.10 5.08 -46.56 0.4617 -0.0304 0.4271 0.2902 0.5400
21257 1.10 4.11 -43.99 -0.1363 -0.6284 0.5503 0.6022 0.8467
21277 1.10 3.33 -34.15 0.9162 0.0598 0.6478 0.8817 1.1037
21297 1.10 2.66 -34.32 -0.1540 1.0269 0.7064 0.8529 1.0620
21317 1.10 1.94 -37.62 -0.8761 0.1565 0.7210 0.5942 0.9236
21337 1.10 1.15 -40.85 0.8001 -1.0249 0.5263 0.9400 1.0317
21357 1.10 0.40 -37.54 0.1442 0.9108 0.6951 0.9086 1.1314
21377 1.10 5.94 -38.35 -0.8487 0.2017 0.6921 0.5543 0.9177
21397 1.10 5.07 -47.20 0.5068 -0.0320 0.4478 0.3489 0.5761
21417 1.10 4.11 -49.30 -0.1476 -0.6090 0.5206 0.6102 0.8351
21437 1.10 3.33 -36.94 0.9387 0.0276 0.6845 0.8615 1.0945
21457 1.10 2.65 -34.11 -0.2410 0.9721 0.6841 0.7462 0.9733
21477 1.10 1.95 -37.92 -0.8744 0.2162 0.7007 0.5820 0.9087
21497 1.10 1.14 -39.91 0.7518 -0.9169 0.4688 0.8576 0.9266
21517 1.10 0.40 -35.98 0.1393 0.8560 0.7617 0.7627 1.0931
21537 1.10 5.96 -42.07 -0.8132 0.3951 0.5356 0.6120 0.9169
21557 1.10 5.07 -46.96 0.6615 -0.0933 0.4884 0.5237 0.7469
21577 1.10 4.12 -47.22 -0.0976 -0.4527 0.4636 0.3604 0.5916
21597 1.10 3.32 -37.49 0.8356 0.1920 0.6650 0.8670 1.1006
21617 1.10 2.65 -35.02 -0.3442 0.9979 0.7011 0.7322 0.9630
21637 1.10 1.94 -37.63 -0.8938 0.1630 0.7220 0.6204 0.9304
21657 1.10 1.14 -38.60 0.7486 -0.8153 0.4697 0.7739 0.9349
21677 1.10 0.39 -35.22 0.0942 0.9382 0.6562 0.9341 1.1263
21697 1.10 5.94 -39.00 -0.8841 0.1533 0.6954 0.6398 0.9267
21717 1.10 5.07 -46.67 0.6100 -0.0562 0.5132 0.4372 0.7115
21737 1.10 4.13 -46.75 -0.0847 -0.4591 0.4515 0.3724 0.6195
21757 1.10 3.32 -36.97 0.7131 0.1759 0.5938 0.7306 1.0625
21777 1.10 2.65 -34.36 -0.2942 1.0011 0.6946 0.7591 0.9608
21797 1.10 1.93 -38.47 -0.9695 0.1630 0.6741 0.7897 1.0119
21817 1.10 1.15 -38.67 0.8292 -1.0571 0.5309 0.9778 1.1336
21837 1.10 0.40 -37.29 0.1232 0.9302 0.7323 0.8889 1.1477
21857 1.10 5.95 -38.71 -0.8035 0.2178 0.6477 0.5208 0.9137
21877 1.10 5.07 -46.83 0.5068 -0.0578 0.4328 0.3471 0.6373
21897 1.10 4.12 -47.12 -0.1363 -0.6268 0.5386 0.6102 0.8491
21917 1.10 3.33 -36.99 0.9452 0.0614 0.6679 0.9096 1.1012
21937 1.10 2.65 -34.88 -0.3426 1.0140 0.7075 0.7507 0.9699
21957 1.10 1.94 -37.62 -0.9051 0.1662 0.7192 0.6412 0.9316
21977 1.10 1.15 -40.35 0.8163 -1.0313 0.5580 0.9341 1.0275
21997 1.10 0.40 -37.68 0.1458 0.8866 0.7191 0.8553 1.1422
22017 1.10 5.95 -38.70 -0.8487 0.2500 0.6749 0.5525 0.8997
22037 1.10 5.06 -45.95 0.7260 -0.1013 0.5273 0.5833 0.8404
22057 1.10 4.12 -48.19 -0.0992 -0.4849 0.4626 0.4204 0.6539
22077 1.10 3.34 -36.12 0.9645 0.0212 0.6950 0.8861 1.1055
22097 1.10 2.65 -31.96 -0.2507 0.9817 0.6953 0.7464 1.0038
22117 1.10 1.95 -37.69 -0.8583 0.2887 0.6146 0.6207 0.9315
22137 1.10 1.14 -40.21 0.7969 -0.9701 0.4824 0.9154 0.9631
22157 1.10 0.40 -36.46 0.1458 0.8721 0.7486 0.8071 1.1289
22177 1.10 5.95 -38.83 -0.8213 0.2968 0.6028 0.5730 0.9061
22197 1.10 5.06 -47.78 0.7131 -0.1110 0.4957 0.5858 0.8044
22217 1.10 4.12 -39.98 -0.0895 -0.4978 0.4962 0.3928 0.6618
22237 1.10 3.32 -37.48 0.7744 0.2081 0.6374 0.8159 0.9543
22257 1.10 2.65 -34.61 -0.3426 0.9801 0.6795 0.7265 0.9405
22277 1.10 1.92 -38.83 -1.0130 0.1646 0.6386 0.8799 1.0896
22297 1.10 1.14 -40.50 0.8001 -0.9185 0.4943 0.8684 0.8624
22317 1.10 0.39 -37.10 0.1248 0.9721 0.6858 0.9859 1.2386
22337 1.10 5.94 -39.44 -0.8325 0.1485 0.6991 0.5475 0.9133
22357 1.10 5.07 -51.18 0.6100 -0.0594 0.4947 0.4557 0.7044
22377 1.10 4.13 -47.21 -0.0734 -0.4543 0.4644 0.3334 0.5846
22397 1.10 3.32 -37.29 0.8163 0.1888 0.6510 0.8470 0.9977
22417 1.10 2.65 -35.08 -0.2991 0.9688 0.6692 0.7324 0.9472
22437 1.10 1.93 -38.45 -0.9840 0.1630 0.6868 0.8006 1.0258
22457 1.10 1.14 -39.78 0.7905 -0.9088 0.5446 0.8246 0.9359
22477 1.10 0.39 -35.98 0.1329 0.9302 0.7295 0.8998 1.1593
22497 1.10 5.95 -43.19 -0.8438 0.2790 0.5928 0.6228 0.9292
22517 1.10 5.07 -46.48 0.5068 -0.0240 0.4730 0.3213 0.5772
22537 1.10 4.11 -47.49 -0.1395 -0.6187 0.5099 0.6256 0.8413
22557 1.10 3.33 -37.19 0.9323 0.0469 0.6582 0.8871 1.1424
22577 1.10 2.65 -34.87 -0.2910 1.0333 0.6952 0.8076 1.0283
22597 1.10 1.94 -41.05 -0.8793 0.1646 0.6849 0.6362 0.9251
22617 1.10 1.14 -42.77 0.7776 -0.9362 0.4300 0.9051 0.9363
22637 1.10 0.40 -37.24 0.1393 0.8883 0.7077 0.8614 1.1643
22657 1.10 5.95 -38.43 -0.8116 0.2597 0.6265 0.5428 0.9243
22677 1.10 5.06 -48.20 0.7824 -0.1287 0.4914 0.6800 0.8765
22697 1.10 4.16 -41.29 -0.2797 0