--- Terminal on /dev/ttyUSB0 | 115200 8-N-1
--- Available filters and text transformations: colorize, debug, default, direct, esp32_exception_decoder, hexlify, log2file, nocontrol, printable, send_on_enter, time
--- More details at https://bit.ly/pio-monitor-filters
--- Quit: Ctrl+C | Menu: Ctrl+T | Help: Ctrl+T followed by Ctrl+H
MOT: Init
MOT: Enable driver.
MOT: Align sensor.
MOT: sensor_direction==CCW
MOT: PP check: OK!
MOT: Zero elec. angle: 0.83
MOT: Align current sense.
CS: Inv B
MOT: Success: 3
MOT: Ready.
0 -1.10 3.18 -0.04 -0.0752 0.0341 0.0736 0.0160 0.0837
8377 -1.10 3.70 38.01 -0.1928 0.9109 -0.7413 0.6100 -0.9360
8397 -1.10 4.33 27.74 0.5066 0.6208 -0.8947 0.6890 -1.1818
8417 -1.10 4.82 23.64 -0.2928 1.0398 -0.8959 0.5892 -1.0527
8437 -1.10 5.32 27.62 -0.9971 0.8528 -0.8555 0.6554 -1.1112
8457 -1.10 5.93 37.82 -1.0132 1.0140 -0.7268 0.9173 -1.1513
8477 -1.10 0.40 39.68 0.8129 0.1646 -0.6231 0.8409 -1.0545
8497 -1.10 1.15 37.75 0.1295 -1.0232 -0.7496 0.8244 -1.1262
8517 -1.10 1.85 35.84 -1.0019 0.0244 -0.6576 0.9349 -1.1366
8537 -1.10 2.61 41.54 -0.1026 0.8915 -0.4338 0.8739 -0.9266
8557 -1.10 3.41 41.29 0.3777 -0.8862 -0.6133 0.6441 -0.9289
8577 -1.10 4.11 32.23 -1.1470 0.0147 -0.9247 0.9362 -1.3472
8597 -1.10 4.63 24.30 -0.7038 -0.3511 -0.8506 0.6562 -1.0548
8617 -1.10 5.11 25.11 0.3261 -1.0474 -0.8673 0.6300 -1.0674
8637 -1.10 5.68 31.53 0.5066 -1.0732 -0.8072 0.7079 -1.0676
8657 -1.10 0.10 38.08 -0.7892 -0.1174 -0.7465 0.6442 -0.9486
8677 -1.10 0.88 37.82 -0.1445 1.0527 -0.7121 0.8918 -1.1446
8697 -1.10 1.57 35.93 0.9837 -0.3076 -0.6587 0.7609 -0.9530
8717 -1.10 2.31 35.96 0.1392 -1.0812 -0.6440 0.9844 -1.1985
8737 -1.10 3.10 41.49 -0.6522 0.6820 -0.3054 0.7077 -0.7031
8757 -1.10 3.87 36.11 0.9708 -0.5332 -0.7124 0.6617 -0.9587
8777 -1.10 4.46 27.39 1.0804 -0.9700 -0.9664 0.6925 -1.2227
8797 -1.10 4.92 24.72 0.7774 0.2275 -0.8558 0.6149 -1.0532
8817 -1.10 5.45 28.12 0.2294 0.7755 -0.8363 0.6400 -1.1216
8837 -1.10 6.09 35.94 0.8000 0.1372 -0.7645 0.6635 -1.0036
8857 -1.10 0.58 40.40 0.1843 -0.9910 -0.6426 0.8355 -1.0307
8877 -1.10 1.32 36.25 -0.9616 0.7320 -0.7625 0.6537 -1.0328
8897 -1.10 2.03 36.85 -0.0220 0.9560 -0.6227 0.8962 -1.0709
8917 -1.10 2.80 42.10 0.8290 -0.7814 -0.4464 0.8170 -0.9168
8937 -1.10 3.61 39.51 -0.9149 0.6530 -0.7095 0.6202 -0.9310
8957 -1.10 4.25 28.73 -0.1848 1.0334 -0.9600 0.5415 -1.0761
8977 -1.10 4.76 24.27 -0.8988 0.9850 -0.9117 0.5992 -1.0976
8997 -1.10 5.25 26.22 -1.0648 0.2533 -0.9000 0.6539 -0.9153
9017 -1.10 5.84 33.59 -1.0406 0.1759 -0.7392 0.8333 -1.0566
9037 -1.10 0.30 38.49 -0.1703 1.1413 -0.7835 0.9500 -1.0680
9057 -1.10 1.06 37.67 1.0498 -0.8910 -0.7106 0.8807 -1.1088
9077 -1.10 1.75 37.62 -0.1445 -0.8153 -0.6371 0.8156 -1.0120
9097 -1.10 2.50 39.21 -1.0132 0.8383 -0.6013 0.9009 -1.0396
9117 -1.10 3.31 40.95 0.7951 -0.4011 -0.5405 0.5831 -0.8238
9137 -1.10 4.03 33.22 -0.1864 -0.9072 -0.7901 0.8629 -1.1027
9157 -1.10 4.57 25.11 -0.2138 -0.8491 -1.0018 0.5106 -0.9651
9177 -1.10 5.05 25.01 0.8999 -1.1070 -1.0436 0.5443 -1.1005
9197 -1.10 5.58 33.47 1.0482 -0.6348 -0.8305 0.6521 -1.0490
9217 -1.10 6.27 37.49 0.1972 -0.8153 -0.6898 0.4978 -0.9263
9237 -1.10 0.77 39.28 -0.9729 0.7626 -0.6681 0.7758 -1.0035
9257 -1.10 1.49 36.24 0.5066 0.4225 -0.6840 0.6307 -0.9229
9277 -1.10 2.22 37.50 0.9805 -0.8959 -0.6304 0.8850 -1.0870
9297 -1.10 3.00 40.79 -0.7553 0.0051 -0.3973 0.7731 -0.8297
9317 -1.10 3.78 34.27 0.5872 0.3403 -0.7351 0.5833 -0.9281
9337 -1.10 4.39 25.85 1.1900 -0.1964 -1.0194 0.7672 -1.3091
9357 -1.10 4.87 23.67 0.3584 0.6788 -0.9254 0.5033 -1.1700
9377 -1.10 5.38 28.05 -0.5184 1.1010 -0.9071 0.6251 -1.1115
9397 -1.10 6.01 34.83 -0.0849 0.9995 -0.8051 0.7617 -1.1324
9417 -1.10 0.49 39.54 0.9466 -0.7685 -0.6633 0.7564 -0.9862
9437 -1.10 1.23 37.39 -0.8101 -0.1271 -0.7739 0.6594 -0.9849
9457 -1.10 1.94 35.89 -0.8891 0.8980 -0.5837 0.8508 -0.9801
9477 -1.10 2.70 44.99 0.8225 0.1372 -0.4995 0.9100 -0.9746
9497 -1.10 3.51 40.47 -0.6473 -0.1593 -0.7011 0.4883 -0.8698
9517 -1.10 4.19 31.40 -1.0567 1.0140 -0.9510 0.7257 -1.2215
9537 -1.10 4.69 24.84 -1.1099 0.4402 -0.9467 0.5943 -1.1754
9557 -1.10 5.18 25.35 -0.5087 -0.6170 -0.9240 0.6462 -1.1976
9577 -1.10 5.75 33.27 -0.3186 -0.6912 -0.7493 0.7101 -0.9294
9597 -1.10 0.20 40.52 -0.9665 0.8077 -0.6735 0.7879 -1.0132
9617 -1.10 0.95 40.82 0.7903 0.1936 -0.7105 0.7628 -1.0394
9637 -1.10 1.67 35.49 0.6066 -0.9394 -0.6684 0.6787 -0.9255
9657 -1.10 2.40 39.28 -0.8843 -0.1529 -0.6126 0.9373 -1.0585
9677 -1.10 3.20 41.90 0.1214 0.4983 -0.3274 0.5693 -0.7004
9697 -1.10 3.95 34.62 0.6195 -1.0732 -0.7822 0.7409 -1.0208
9717 -1.10 4.52 25.43 0.5066 -1.0651 -0.8885 0.5879 -1.0373
9737 -1.10 4.99 24.87 1.1256 -0.6074 -0.9432 0.6162 -1.1412
9757 -1.10 5.52 28.65 0.9193 0.1485 -0.8615 0.7719 -1.1624
9777 -1.10 6.18 36.39 0.8806 -0.7734 -0.7515 0.5988 -0.9457
9797 -1.10 0.68 39.93 -0.8295 -0.1561 -0.6559 0.8319 -1.0180
9817 -1.10 1.41 35.84 -0.2364 0.9270 -0.7724 0.5758 -0.9357
9837 -1.10 2.13 37.71 0.8870 0.0341 -0.5566 0.8837 -0.9997
9857 -1.10 2.92 40.99 -0.2154 -0.4204 -0.3767 0.5257 -0.6329
9877 -1.10 3.71 36.44 -0.1445 0.9495 -0.7856 0.6556 -1.0138
9897 -1.10 4.33 29.06 0.5647 0.6240 -0.9267 0.7451 -1.1875
9917 -1.10 4.82 23.60 -0.2621 1.0334 -0.9149 0.5631 -1.0743
9937 -1.10 5.32 27.03 -0.9971 0.8303 -0.8442 0.6544 -1.0528
9957 -1.10 5.93 34.86 -1.0213 1.0140 -0.7389 0.9136 -1.1665
9977 -1.10 0.40 39.52 0.8097 0.1646 -0.6345 0.8277 -1.0494
9997 -1.10 1.15 38.42 0.1376 -1.0135 -0.7324 0.8201 -1.1139
10017 -1.10 1.85 36.17 -0.9681 0.0244 -0.6358 0.9025 -1.0244
10037 -1.10 2.61 37.38 -0.0929 0.8883 -0.5006 0.8384 -0.9250
10057 -1.10 3.40 40.80 0.3874 -0.7798 -0.5202 0.5809 -0.7870
10077 -1.10 4.11 32.01 -1.1728 0.0631 -0.8977 0.9668 -1.3223
10097 -1.10 4.63 23.74 -0.8069 -0.2947 -0.9713 0.5979 -1.0518
10117 -1.10 5.11 24.55 0.3003 -1.0522 -0.9246 0.5659 -1.0621
10137 -1.10 5.67 32.00 0.5066 -1.0474 -0.8127 0.6609 -1.0290
10157 -1.10 0.09 37.70 -0.7569 -0.0981 -0.7370 0.5766 -0.9240
10177 -1.10 0.87 38.83 -0.1542 1.0430 -0.6933 0.8871 -1.1055
10197 -1.10 1.59 34.87 0.9515 -0.5203 -0.7130 0.6320 -0.9293
10217 -1.10 2.32 39.20 0.0264 -0.8556 -0.4968 0.8367 -0.9051
10237 -1.10 3.12 42.71 -0.3427 0.6884 -0.4571 0.5148 -0.6927
10257 -1.10 3.87 35.43 0.9692 -0.5735 -0.7239 0.6525 -0.9615
10277 -1.10 4.47 25.12 1.0417 -1.0764 -1.0633 0.6049 -1.2729
10297 -1.10 4.93 24.17 0.8403 0.1501 -0.8827 0.6002 -1.0639
10317 -1.10 5.46 28.04 0.3455 0.7320 -0.8613 0.6846 -1.0453
10337 -1.10 6.10 36.74 0.8919 0.1115 -0.7404 0.8132 -1.1128
10357 -1.10 0.59 39.66 0.1972 -1.0216 -0.6399 0.8748 -1.0838
10377 -1.10 1.33 36.54 -0.9503 0.7561 -0.7414 0.6772 -0.9690
10397 -1.10 2.03 34.80 -0.0155 0.9818 -0.6320 0.9304 -1.0478
10417 -1.10 2.82 40.82 0.6388 -0.7557 -0.3969 0.7101 -0.7887
10437 -1.10 3.62 38.97 -0.9181 0.7142 -0.7159 0.6459 -0.9345
10457 -1.10 4.26 30.28 -0.1880 1.0140 -0.9174 0.5676 -1.0831
10477 -1.10 4.77 24.12 -0.8182 1.0495 -0.9300 0.5927 -1.1293
10497 -1.10 5.26 26.85 -1.0857 0.3371 -0.9170 0.6280 -0.9056
10517 -1.10 5.85 31.66 -0.9826 0.2887 -0.7289 0.6991 -0.9887
10537 -1.10 0.31 43.91 -0.1703 1.0495 -0.5478 0.9842 -1.0453
10557 -1.10 1.07 37.64 0.9370 -0.9555 -0.6767 0.8580 -1.1796
10577 -1.10 1.77 35.65 -0.3701 -0.5719 -0.6504 0.6913 -0.8789
10597 -1.10 2.53 40.08 -0.5732 0.8013 -0.4834 0.6693 -0.8185
10617 -1.10 3.34 41.30 0.9160 -0.7621 -0.6471 0.7372 -0.9646
10637 -1.10 4.05 31.63 -0.4443 -0.6251 -0.8230 0.6906 -1.0706
10657 -1.10 4.59 23.70 -0.3476 -0.6815 -0.8675 0.5862 -0.9366
10677 -1.10 5.07 27.01 0.7387 -1.1521 -0.9959 0.6088 -1.1924
10697 -1.10 5.61 30.40 0.9708 -0.9458 -0.8986 0.6461 -1.1124
10717 -1.10 0.04 38.59 0.0683 -0.9007 -0.5137 0.8614 -0.9365
10737 -1.10 0.80 39.24 -0.9471 0.8077 -0.4389 0.9237 -0.9577
10757 -1.10 1.52 34.74 0.7839 0.1695 -0.7707 0.6637 -1.0082
10777 -1.10 2.24 39.20 0.7613 -0.8991 -0.5360 0.8065 -0.9258
10797 -1.10 3.05 44.30 -0.8585 0.6884 -0.6225 0.6626 -0.9159
10817 -1.10 3.82 36.93 0.8677 0.1421 -0.7738 0.7721 -1.1325
10837 -1.10 4.40 27.88 1.1578 -0.3559 -0.9584 0.6986 -1.2210
10857 -1.10 4.88 23.67 0.4712 0.6852 -0.9938 0.6041 -1.1385
10877 -1.10 5.39 28.07 -0.3766 1.0914 -0.8855 0.6671 -1.1228
10897 -1.10 6.04 35.32 0.1456 0.8174 -0.6218 0.8312 -1.0385
10917 -1.10 0.51 40.10 1.0224 -0.8105 -0.4666 0.9731 -1.0159
10937 -1.10 1.25 34.31 -0.9133 -0.1222 -0.7691 0.8302 -1.1462
10957 -1.10 1.94 37.01 -0.8069 0.8980 -0.5723 0.8060 -0.9285
10977 -1.10 2.72 40.26 0.7420 -0.0965 -0.3996 0.7009 -0.8047
10997 -1.10 3.52 40.55 -0.7408 -0.1448 -0.6890 0.6542 -0.9283
11017 -1.10 4.20 30.22 -1.1438 1.1655 -0.9741 0.9105 -1.3763
11037 -1.10 4.70 25.06 -1.1051 0.4821 -0.9147 0.6252 -1.0724
11057 -1.10 5.18 26.98 -0.5410 -0.5784 -0.9295 0.6238 -1.1252
11077 -1.10 5.77 31.89 -0.5490 -0.4575 -0.7825 0.6351 -0.9560
11097 -1.10 0.22 39.84 -1.0084 0.8383 -0.5339 0.9384 -1.1552
11117 -1.10 0.98 37.77 0.9160 0.0728 -0.6075 0.9195 -1.0777
11137 -1.10 1.67 35.81 0.5969 -0.9910 -0.6745 0.7352 -0.9317
11157 -1.10 2.43 39.21 -0.8730 0.0470 -0.5085 0.8400 -0.9314
11177 -1.10 3.22 41.03 0.5631 0.3194 -0.6075 0.6552 -0.8774
11197 -1.10 3.98 32.85 0.3455 -1.0554 -0.8169 0.7005 -1.0920
11217 -1.10 4.54 26.08 0.3261 -0.9652 -0.7734 0.6049 -0.9572
11237 -1.10 5.01 24.89 1.1127 -0.7395 -0.9314 0.6443 -1.1752
11257 -1.10 5.55 29.34 1.0417 -0.3463 -0.8612 0.6197 -1.0519
11277 -1.10 6.22 37.83 0.8967 -0.9007 -0.5643 0.8708 -0.9794
11297 -1.10 0.71 38.84 -0.8810 0.0663 -0.5093 0.8387 -0.9318
11317 -1.10 1.44 34.81 -0.0768 1.0398 -0.7819 0.8553 -1.1951
11337 -1.10 2.15 40.09 0.8677 -0.2447 -0.5551 0.7017 -0.8939
11357 -1.10 2.95 41.56 -0.7021 -0.1271 -0.6804 0.5786 -0.9038
11377 -1.10 3.73 38.52 -0.1397 1.0914 -0.6990 0.9602 -1.1609
11397 -1.10 4.34 28.67 0.6872 0.4402 -0.8993 0.6946 -1.1268
11417 -1.10 4.84 24.10 -0.2315 0.9882 -0.7793 0.6791 -1.0746
11437 -1.10 5.34 26.66 -0.8553 0.9915 -0.9002 0.5873 -1.0391
11457 -1.10 5.97 36.20 -0.3846 0.9238 -0.7077 0.6003 -0.9161
11477 -1.10 0.46 42.22 0.7903 -0.5220 -0.6008 0.5339 -0.8336
11497 -1.10 1.21 36.75 -0.5539 -0.3785 -0.7221 0.5985 -0.9189
11517 -1.10 1.92 36.37 -1.0390 0.9109 -0.7287 0.8675 -1.1445
11537 -1.10 2.69 39.57 0.8161 0.2082 -0.5898 0.9079 -1.1086
11557 -1.10 3.48 40.77 -0.2057 -0.6058 -0.4661 0.7033 -0.8289
11577 -1.10 4.17 30.71 -1.0116 0.7868 -0.8603 0.6232 -1.0753
11597 -1.10 4.69 23.03 -1.1438 0.4660 -0.9714 0.6160 -1.1703
11617 -1.10 5.17 26.54 -0.3186 -0.6348 -0.7465 0.6204 -0.8527
11637 -1.10 5.76 31.72 -0.3605 -0.6477 -0.7507 0.6930 -0.9782
11657 -1.10 0.19 39.00 -0.9084 0.7465 -0.7027 0.6673 -0.9313
11677 -1.10 0.96 37.97 0.8483 0.1662 -0.6861 0.8447 -1.1180
11697 -1.10 1.66 35.79 0.8435 -0.9732 -0.6066 0.8654 -1.0435
11717 -1.10 2.41 39.01 -0.8601 -0.1271 -0.6040 0.8881 -1.0039
11737 -1.10 3.20 40.74 0.1634 0.4983 -0.3652 0.5846 -0.7162
11757 -1.10 3.96 32.79 0.6485 -1.0570 -0.7167 0.7891 -1.0336
11777 -1.10 4.52 26.31 0.5066 -1.0587 -0.8609 0.6167 -1.0495
11797 -1.10 4.99 24.85 1.1610 -0.5751 -0.9609 0.6516 -1.1892
11817 -1.10 5.53 30.32 0.9676 -0.0046 -0.8158 0.7594 -1.0990
11837 -1.10 6.20 37.75 0.9708 -0.8669 -0.7346 0.7724 -1.0724
11857 -1.10 0.69 40.30 -0.8585 -0.1658 -0.6179 0.9095 -1.0910
11877 -1.10 1.41 36.40 -0.1058 0.8915 -0.8116 0.5386 -0.9515
11897 -1.10 2.13 35.91 0.8612 -0.0094 -0.5755 0.8043 -0.9569
11917 -1.10 2.91 41.30 -0.0413 -0.6718 -0.3497 0.7203 -0.7655
11937 -1.10 3.71 38.01 -0.1638 0.9431 -0.7707 0.6494 -0.9945
11957 -1.10 4.33 28.51 0.5066 0.6917 -0.9041 0.7936 -1.2321
11977 -1.10 4.82 23.78 -0.3250 1.0720 -0.9040 0.6256 -1.1189
11997 -1.10 5.32 27.53 -0.9697 0.8593 -0.8404 0.6488 -1.0346
12017 -1.10 5.93 38.14 -0.9149 0.9882 -0.6825 0.8641 -1.0489
12037 -1.10 0.40 40.39 0.8548 0.1743 -0.5620 0.9472 -1.1115
12057 -1.10 1.16 36.68 0.1134 -1.0538 -0.7353 0.8932 -1.1855
12077 -1.10 1.85 36.63 -0.9391 0.1437 -0.5845 0.8256 -0.9284
12097 -1.10 2.62 40.69 0.0199 0.8077 -0.4268 0.8423 -0.8667
12117 -1.10 3.43 38.59 0.1843 -0.8749 -0.6909 0.6112 -0.9183
12137 -1.10 4.12 34.06 -1.1438 0.1856 -0.8225 0.9114 -1.2576
12157 -1.10 4.64 24.13 -0.7972 -0.2061 -0.8821 0.5873 -1.0225
12177 -1.10 5.12 25.73 0.1972 -1.0280 -0.8993 0.6180 -1.0273
12197 -1.10 5.69 31.27 0.2262 -1.0071 -0.8642 0.6081 -1.0346
12217 -1.10 0.12 39.65 -0.8794 -0.1077 -0.5734 0.9188 -1.0285
12237 -1.10 0.89 39.37 -0.0268 0.9109 -0.5317 0.8899 -0.9530
12257 -1.10 1.60 35.44 0.9193 -0.6106 -0.7395 0.5731 -0.9282
12277 -1.10 2.31 39.90 0.0699 -0.8814 -0.5197 0.8307 -0.9356
12297 -1.10 3.11 41.54 -0.4539 0.7046 -0.4378 0.5644 -0.7078
12317 -1.10 3.88 35.51 0.9305 -0.6880 -0.7856 0.5610 -0.9447
12337 -1.10 4.47 27.24 1.0095 -1.0377 -0.9717 0.6735 -1.2078
12357 -1.10 4.94 25.29 0.8870 0.1662 -0.8750 0.7189 -1.1844
12377 -1.10 5.47 29.35 0.4325 0.6562 -0.8594 0.6806 -1.1547
12397 -1.10 6.12 41.61 0.9321 0.0728 -0.6387 0.9208 -1.1066
12417 -1.10 0.60 40.27 0.1198 -0.9426 -0.5026 0.8947 -0.9474
12437 -1.10 1.34 35.59 -1.0197 0.8786 -0.7631 0.7992 -1.1132
12457 -1.10 2.04 37.42 0.0812 0.8528 -0.5738 0.8611 -0.9324
12477 -1.10 2.83 41.42 0.4341 -0.7766 -0.5033 0.5938 -0.7607
12497 -1.10 3.63 40.85 -1.0132 0.8077 -0.6374 0.8608 -1.0597
12517 -1.10 4.27 25.71 -0.0365 0.9721 -0.9861 0.4918 -1.1180
12537 -1.10 4.77 24.09 -0.7860 1.0753 -0.9288 0.6128 -1.1394
12557 -1.10 5.26 25.99 -1.1438 0.4064 -0.9672 0.6397 -1.1815
12577 -1.10 5.86 34.23 -0.9874 0.3871 -0.7005 0.7067 -0.9556
12597 -1.10 0.33 39.61 -0.0220 0.8593 -0.4716 0.8587 -0.9022
12617 -1.10 1.09 36.29 0.8596 -0.9329 -0.5597 0.8736 -0.9714
12637 -1.10 1.79 35.21 -0.6248 -0.2447 -0.7149 0.5414 -0.9019
12657 -1.10 2.56 38.53 -0.1203 0.8109 -0.7210 0.4961 -0.9018
12677 -1.10 3.37 41.72 0.8451 -0.7734 -0.4051 0.8451 -0.9209
12697 -1.10 4.07 33.06 -0.7698 -0.2173 -0.8608 0.5789 -0.9803
12717 -1.10 4.62 24.43 -0.6602 -0.3979 -0.8691 0.6221 -1.0496
12737 -1.10 5.10 25.55 0.3487 -1.0748 -0.9099 0.6120 -1.0939
12757 -1.10 5.66 32.17 0.6678 -1.0812 -0.8334 0.7042 -1.0447
12777 -1.10 0.09 36.96 -0.7312 -0.0965 -0.7392 0.5222 -0.9100
12797 -1.10 0.87 36.39 -0.1445 1.0140 -0.7087 0.8374 -1.1055
12817 -1.10 1.57 34.73 0.9418 -0.2625 -0.6582 0.7153 -0.9305
12837 -1.10 2.30 39.04 0.1440 -1.0313 -0.6483 0.9095 -1.0028
12857 -1.10 3.10 40.56 -0.6216 0.6659 -0.3761 0.6426 -0.7839
12877 -1.10 3.85 36.69 0.9773 -0.1948 -0.6403 0.8124 -0.9923
12897 -1.10 4.44 27.47 1.1046 -0.7702 -0.9067 0.6790 -1.1502
12917 -1.10 4.92 25.29 0.7194 0.3178 -0.8620 0.6215 -1.0625
12937 -1.10 5.44 27.79 0.1650 0.7271 -0.7666 0.5597 -0.9033
12957 -1.10 6.08 35.19 0.7420 0.1372 -0.7773 0.5390 -0.9302
12977 -1.10 0.58 40.28 0.1843 -0.9442 -0.6680 0.7455 -0.9755
12997 -1.10 1.32 35.39 -0.8955 0.7030 -0.7600 0.5579 -0.9613
13017 -1.10 2.03 36.60 -0.0220 0.9737 -0.6347 0.9128 -1.0322
13037 -1.10 2.80 41.23 0.8951 -0.7411 -0.3636 0.8853 -0.9166
13057 -1.10 3.61 36.00 -0.8359 0.6788 -0.7260 0.5122 -0.9102
13077 -1.10 4.26 30.54 -0.2106 1.0140 -0.9067 0.5685 -1.0745
13097 -1.10 4.76 23.84 -0.8504 1.0334 -0.9621 0.5392 -1.1097
13117 -1.10 5.26 26.57 -1.0599 0.2920 -0.8900 0.6379 -0.8988
13137 -1.10 5.85 33.84 -1.0213 0.2323 -0.7180 0.7941 -1.0083
13157 -1.10 0.31 38.93 -0.1590 0.9995 -0.5873 0.8993 -1.0676
13177 -1.10 1.07 37.69 1.0675 -0.9136 -0.6369 0.9624 -1.1418
13197 -1.10 1.76 37.38 -0.2509 -0.6461 -0.6055 0.6999 -0.9079
13217 -1.10 2.51 39.46 -0.8827 0.7868 -0.4783 0.8422 -0.9199
13237 -1.10 3.32 40.97 0.8000 -0.6090 -0.6459 0.5301 -0.8737
13257 -1.10 4.04 33.63 -0.3443 -0.7669 -0.7926 0.8162 -1.1025
13277 -1.10 4.58 25.43 -0.2235 -0.6638 -0.7685 0.5111 -0.9907
13297 -1.10 5.07 25.09 0.7323 -1.0828 -0.9493 0.5655 -1.1174
13317 -1.10 5.61 33.32 0.9966 -0.8717 -0.8541 0.6704 -1.0895
13337 -1.10 0.02 38.24 0.1456 -0.9877 -0.6634 0.8350 -1.0259
13357 -1.10 0.79 39.05 -1.1438 0.8351 -0.5342 1.0559 -1.0318
13377 -1.10 1.50 35.32 0.6598 0.3693 -0.7480 0.7262 -1.0478
13397 -1.10 2.23 37.50 0.8741 -0.9184 -0.5744 0.8620 -0.9318
13417 -1.10 3.02 42.83 -0.7521 0.2887 -0.4531 0.6087 -0.7651
13437 -1.10 3.81 34.62 0.8225 0.1695 -0.7664 0.7339 -1.0697
13457 -1.10 4.40 30.28 1.1707 -0.3269 -0.9412 0.7572 -1.2212
13477 -1.10 4.89 23.46 0.4905 0.6707 -0.9753 0.6386 -1.1578
13497 -1.10 5.39 27.49 -0.2734 1.0720 -0.9705 0.5471 -1.0926
13517 -1.10 6.03 36.04 -0.0172 0.9898 -0.6598 0.9213 -1.0938
13537 -1.10 0.51 39.69 1.0063 -0.8201 -0.4850 0.9546 -1.0036
13557 -1.10 1.25 35.00 -0.9213 -0.1110 -0.7504 0.8494 -1.1271
13577 -1.10 1.95 37.21 -0.8794 0.9076 -0.5267 0.8875 -0.9175
13597 -1.10 2.72 43.95 0.7436 -0.1545 -0.4074 0.6707 -0.7721
13617 -1.10 3.53 40.13 -0.7779 -0.1448 -0.7009 0.7026 -0.9609
13637 -1.10 4.19 31.11 -1.0825 1.0656 -0.9641 0.7802 -1.2783
13657 -1.10 4.70 24.34 -1.1438 0.5627 -0.9635 0.6164 -1.1632
13677 -1.10 5.19 25.70 -0.5587 -0.5316 -0.8949 0.6229 -1.0908
13697 -1.10 5.76 31.66 -0.3911 -0.5977 -0.7491 0.6562 -0.9522
13717 -1.10 0.21 38.40 -1.0148 0.8367 -0.6072 0.8976 -1.0748
13737 -1.10 0.98 35.91 0.8935 0.1243 -0.6622 0.8913 -1.1240
13757 -1.10 1.67 35.43 0.6743 -0.9781 -0.6543 0.7578 -0.9341
13777 -1.10 2.41 38.51 -0.8585 -0.0691 -0.5232 0.8912 -0.9345
13797 -1.10 3.22 41.99 0.3858 0.3161 -0.4782 0.5153 -0.8516
13817 -1.10 3.96 33.85 0.5888 -1.0490 -0.7397 0.7475 -1.0186
13837 -1.10 4.54 25.91 0.3455 -1.0425 -0.8730 0.6049 -1.0422
13857 -1.10 5.00 27.02 1.0869 -0.5332 -0.7928 0.7435 -1.1072
13877 -1.10 5.54 29.22 1.0079 -0.2367 -0.8202 0.6620 -1.0256
13897 -1.10 6.22 37.25 0.9193 -0.8395 -0.5118 0.8805 -0.9627
13917 -1.10 0.71 39.29 -0.8730 0.0083 -0.5132 0.8620 -0.9216
13937 -1.10 1.44 36.16 -0.0736 1.0124 -0.8170 0.7790 -1.1497
13957 -1.10 2.14 38.87 0.8677 -0.1722 -0.5423 0.7416 -0.9034
13977 -1.10 2.93 40.90 -0.3717 -0.3624 -0.4889 0.5476 -0.7041
13997 -1.10 3.71 35.38 -0.1509 0.9882 -0.7567 0.7491 -1.0643
14017 -1.10 4.33 29.31 0.5840 0.5756 -0.9032 0.7273 -1.0989
14037 -1.10 4.82 24.10 -0.3186 1.0656 -0.9126 0.6031 -1.0883
14057 -1.10 5.33 27.23 -0.9084 0.9431 -0.8585 0.6378 -1.0680
14077 -1.10 5.95 34.27 -0.6812 0.9205 -0.6538 0.6964 -0.9302
14097 -1.10 0.42 40.01 0.7581 0.0099 -0.4718 0.7441 -0.8969
14117 -1.10 1.18 36.47 -0.0284 -0.8588 -0.6209 0.7947 -0.9945
14137 -1.10 1.87 35.05 -0.9584 0.3709 -0.6340 0.7295 -0.9159
14157 -1.10 2.63 40.19 0.1779 0.6208 -0.4215 0.7249 -0.7411
14177 -1.10 3.46 40.45 0.2036 -1.0748 -0.5614 0.9942 -1.0812
14197 -1.10 4.13 31.68 -1.1438 0.2678 -0.8221 0.8693 -1.1339
14217 -1.10 4.65 24.94 -0.8794 -0.0578 -0.8576 0.6064 -1.1447
14237 -1.10 5.13 24.31 0.0683 -0.9587 -0.8816 0.6061 -0.9136
14257 -1.10 5.69 36.42 0.3100 -1.0248 -0.8174 0.6608 -1.0179
14277 -1.10 0.13 38.26 -0.8150 -0.0255 -0.5376 0.7907 -0.9198
14297 -1.10 0.90 38.87 0.0715 0.8383 -0.5440 0.8531 -0.9313
14317 -1.10 1.61 36.17 0.8870 -0.7589 -0.7770 0.5617 -0.9338
14337 -1.10 2.34 38.55 -0.2090 -0.6074 -0.4971 0.6871 -0.8294
14357 -1.10 3.16 42.57 -0.1880 0.9818 -0.5972 0.8541 -0.9848
14377 -1.10 3.90 37.62 0.9805 -0.8169 -0.7744 0.7097 -1.0533
14397 -1.10 4.48 27.79 0.8290 -0.8814 -0.7803 0.6073 -0.9347
14417 -1.10 4.95 24.41 1.0224 -0.1222 -0.9324 0.6144 -1.0823
14437 -1.10 5.47 28.85 0.5034 0.6143 -0.8611 0.7154 -1.0893
14457 -1.10 6.13 36.70 0.9321 -0.0272 -0.6100 0.8680 -1.0242
14477 -1.10 0.63 39.80 -0.2106 -0.6058 -0.4972 0.6864 -0.8537
14497 -1.10 1.36 35.28 -1.0567 0.9367 -0.6378 0.9654 -1.0427
14517 -1.10 2.06 36.69 0.3261 0.5756 -0.5923 0.6950 -0.8670
14537 -1.10 2.86 40.96 0.1521 -0.8233 -0.6584 0.5781 -0.8937
14557 -1.10 3.64 39.02 -1.0535 0.8883 -0.5585 0.9859 -1.1098
14577 -1.10 4.27 28.93 0.0393 0.9947 -1.0105 0.5934 -1.2103
14597 -1.10 4.78 24.63 -0.7698 1.1236 -0.9367 0.6653 -1.1159
14617 -1.10 5.28 25.73 -1.1502 0.5547 -0.9552 0.6411 -1.1655
14637 -1.10 5.89 33.47 -0.8843 0.7690 -0.7937 0.5427 -0.9622
14657 -1.10 0.36 40.20 0.4003 0.3178 -0.5298 0.4869 -0.7392
14677 -1.10 1.13 37.45 0.2230 -0.9362 -0.7626 0.6122 -1.0126
14697 -1.10 1.83 34.69 -0.9520 -0.0691 -0.7051 0.8973 -1.1030
14717 -1.10 2.59 41.56 -0.1767 1.0060 -0.5792 0.9046 -1.0069
14737 -1.10 3.39 40.86 0.6195 -0.7524 -0.3999 0.6965 -0.7729
14757 -1.10 4.10 32.82 -1.0632 -0.0046 -0.9093 0.8287 -1.2671
14777 -1.10 4.63 24.73 -0.7021 -0.4172 -0.9333 0.6394 -1.1181
14797 -1.10 5.10 25.47 0.3842 -1.0941 -0.9131 0.6313 -1.1168
14817 -1.10 5.67 31.27 0.5002 -1.0393 -0.8404 0.6118 -0.9878
14837 -1.10 0.09 39.48 -0.7279 -0.0948 -0.7180 0.5431 -0.9118
14857 -1.10 0.87 38.26 -0.1509 1.0656 -0.7156 0.9042 -1.1039
14877 -1.10 1.58 33.40 0.9321 -0.3076 -0.6588 0.6843 -0.9275
14897 -1.10 2.31 41.57 0.1247 -0.9458 -0.5455 0.8710 -1.0026
14917 -1.10 3.10 41.60 -0.6409 0.7158 -0.3640 0.6976 -0.7116
14937 -1.10 3.87 35.65 0.9902 -0.5075 -0.7081 0.6922 -0.9515
14957 -1.10 4.46 27.76 1.0498 -1.0119 -0.9978 0.6500 -1.2325
14977 -1.10 4.93 24.68 0.6485 0.2017 -0.6973 0.5504 -1.0555
14997 -1.10 5.46 28.72 0.3261 0.7561 -0.8778 0.6800 -1.0555
15017 -1.10 6.10 35.94 0.8548 0.1147 -0.7468 0.7514 -1.0782
15037 -1.10 0.58 40.30 0.1779 -0.9861 -0.6456 0.8295 -1.0093
15057 -1.10 1.32 36.60 -0.9117 0.7239 -0.7417 0.6137 -0.9855
15077 -1.10 2.03 36.92 -0.0220 0.9495 -0.6184 0.8902 -1.1555
15097 -1.10 2.81 40.96 0.6904 -0.7621 -0.3921 0.7447 -0.8090
15117 -1.10 3.61 38.68 -0.8810 0.6852 -0.7173 0.5844 -0.9317
15137 -1.10 4.26 32.14 -0.1735 0.9931 -0.9081 0.5482 -1.0734
15157 -1.10 4.77 24.14 -0.7634 1.0720 -0.9620 0.5409 -1.1136
15177 -1.10 5.26 26.50 -1.1018 0.3822 -0.9167 0.6416 -1.0903
15197 -1.10 5.87 33.15 -0.9858 0.5498 -0.7445 0.6495 -0.9308
15217 -1.10 0.33 41.13 0.0683 0.6643 -0.4054 0.7004 -0.8167
15237 -1.10 1.10 38.51 0.6195 -0.9201 -0.5850 0.7335 -0.9141
15257 -1.10 1.80 36.20 -0.8053 -0.1013 -0.7852 0.6087 -0.9675
15277 -1.10 2.57 38.10 -0.1155 0.8851 -0.7340 0.6222 -0.9336
15297 -1.10 3.38 41.09 0.7452 -0.7685 -0.4189 0.7674 -0.8730
15317 -1.10 4.08 32.87 -0.8504 -0.1029 -0.8749 0.5741 -1.0230
15337 -1.10 4.63 24.19 -0.7150 -0.3527 -0.9160 0.5871 -1.0707
15357 -1.10 5.10 25.57 0.4099 -1.0941 -0.9031 0.6374 -1.1087
15377 -1.10 5.67 31.54 0.5969 -1.0490 -0.7718 0.7152 -1.0420
15397 -1.10 0.09 37.17 -0.7263 -0.1077 -0.7345 0.5325 -0.9096
15417 -1.10 0.87 36.22 -0.1413 1.0108 -0.7234 0.8216 -1.1045
15437 -1.10 1.57 35.35 0.9644 -0.2302 -0.6366 0.7806 -0.9525
15457 -1.10 2.30 38.27 0.1376 -1.0216 -0.6630 0.8886 -1.0336
15477 -1.10 3.10 41.65 -0.6473 0.6965 -0.3838 0.6761 -0.7455
15497 -1.10 3.85 35.08 0.9708 -0.2528 -0.6730 0.7494 -0.9542
15517 -1.10 4.45 27.47 1.0740 -0.8153 -0.9190 0.6419 -1.1565
15537 -1.10 4.92 23.70 0.7919 0.2694 -0.8990 0.6396 -1.1344
15557 -1.10 5.45 27.93 0.2552 0.7835 -0.8495 0.6711 -1.1049
15577 -1.10 6.10 36.30 0.8419 0.1179 -0.7594 0.7206 -1.0399
15597 -1.10 0.58 40.13 0.1843 -0.9732 -0.6275 0.8217 -1.0161
15617 -1.10 1.33 35.58 -0.9310 0.7304 -0.7487 0.6321 -1.0184
15637 -1.10 2.03 36.73 -0.0155 0.9624 -0.6192 0.9121 -0.9956
15657 -1.10 2.80 41.57 0.8274 -0.7460 -0.4337 0.8022 -0.8984
15677 -1.10 3.60 41.68 -0.8730 0.6288 -0.6724 0.5994 -0.9173
15697 -1.10 4.26 30.48 -0.2670 1.0398 -0.9143 0.5747 -1.0709
15717 -1.10 4.76 24.15 -0.8955 1.0656 -0.9687 0.6103 -1.1407
15737 -1.10 5.26 26.34 -1.1438 0.3564 -0.9665 0.6601 -1.0422
15757 -1.10 5.85 33.44 -0.9890 0.2758 -0.6878 0.7542 -0.9668
15777 -1.10 0.31 40.73 -0.1364 1.0011 -0.5365 0.9440 -1.0000
15797 -1.10 1.08 37.67 0.8902 -0.9394 -0.6514 0.8330 -1.1439
15817 -1.10 1.77 37.65 -0.4410 -0.3850 -0.6299 0.5352 -0.9095
15837 -1.10 2.53 39.88 -0.4443 0.7320 -0.5361 0.5064 -0.7479
15857 -1.10 3.35 41.59 1.0095 -0.7992 -0.5515 0.9113 -1.0123
15877 -1.10 4.05 31.56 -0.5442 -0.5010 -0.8250 0.6421 -1.0440
15897 -1.10 4.60 24.17 -0.3766 -0.5816 -0.8150 0.5175 -1.0297
15917 -1.10 5.08 25.41 0.6098 -1.1602 -0.9780 0.6248 -1.1922
15937 -1.10 5.63 33.50 0.9193 -1.0055 -0.8336 0.7398 -1.0986
15957 -1.10 0.04 37.99 -0.0220 -0.7911 -0.4938 0.7839 -0.9068
15977 -1.10 0.82 38.48 -0.6151 0.8013 -0.4978 0.6749 -0.8521
15997 -1.10 1.54 35.54 0.9547 0.1115 -0.7205 0.9244 -1.2119
16017 -1.10 2.25 39.08 0.4551 -0.8362 -0.5693 0.6140 -0.8480
16037 -1.10 3.06 40.77 -0.9052 0.7223 -0.6526 0.7004 -0.9300
16057 -1.10 3.82 36.22 0.9708 0.1098 -0.7409 0.9305 -1.2567
16077 -1.10 4.41 25.75 1.1771 -0.3930 -0.9408 0.7425 -1.2233
16097 -1.10 4.90 24.32 0.6098 0.4983 -0.9360 0.5964 -1.0918
16117 -1.10 5.41 28.16 -0.1896 1.0334 -0.8818 0.6580 -1.0931
16137 -1.10 6.06 35.31 0.4293 0.4467 -0.6352 0.6032 -0.8995
16157 -1.10 0.55 39.87 0.3745 -0.9184 -0.6418 0.6642 -0.9223
16177 -1.10 1.30 35.60 -0.9310 0.4306 -0.6766 0.6407 -0.9251
16197 -1.10 2.00 37.66 -0.0865 0.9463 -0.7850 0.6918 -1.0342
16217 -1.10 2.79 40.55 0.9321 -0.7782 -0.5065 0.8614 -0.9415
16237 -1.10 3.58 39.66 -0.8827 0.2630 -0.5372 0.7300 -0.8962
16257 -1.10 4.24 30.23 -0.3653 1.0511 -0.9045 0.5664 -1.0450
16277 -1.10 4.75 24.18 -0.9471 0.9173 -0.8965 0.5965 -1.0879
16297 -1.10 5.23 27.53 -0.9101 0.0631 -0.8426 0.5683 -0.9256
16317 -1.10 5.83 34.96 -1.0406 0.0534 -0.7673 0.8857 -1.1265
16337 -1.10 0.29 38.89 -0.1380 0.9093 -0.7065 0.6791 -0.9495
16357 -1.10 1.05 37.71 0.9193 -0.7637 -0.7479 0.6394 -0.9601
16377 -1.10 1.75 35.94 -0.0671 -0.8830 -0.6451 0.8417 -0.9437
16397 -1.10 2.50 40.52 -1.0229 0.8528 -0.5676 0.9378 -1.1023
16417 -1.10 3.30 41.45 0.7081 -0.2786 -0.4710 0.5357 -0.7550
16437 -1.10 4.03 32.34 -0.0865 -1.0377 -0.8389 0.9282 -1.2665
16457 -1.10 4.57 24.73 -0.1348 -0.8459 -0.8857 0.5881 -1.0368
16477 -1.10 5.05 25.01 0.8548 -1.0296 -0.9496 0.5589 -1.1270
16497 -1.10 5.59 29.90 1.0417 -0.6880 -0.8295 0.6589 -1.0448
16517 -1.10 0.01 38.50 0.1408 -0.9523 -0.6791 0.7717 -0.9993
16537 -1.10 0.79 38.16 -1.0599 0.8496 -0.6127 0.9404 -1.1237
16557 -1.10 1.49 36.29 0.4454 0.4821 -0.6664 0.6454 -0.9279
16577 -1.10 2.21 40.98 1.0095 -0.8781 -0.6446 0.8885 -1.0550
16597 -1.10 3.01 39.70 -0.7183 0.1501 -0.3962 0.6458 -0.7503
16617 -1.10 3.78 38.05 0.5953 0.4209 -0.7173 0.7267 -1.0626
16637 -1.10 4.40 27.75 1.1755 -0.2995 -0.9445 0.7748 -1.2708
16657 -1.10 4.88 23.88 0.4309 0.7046 -0.9601 0.6263 -1.1560
16677 -1.10 5.39 27.62 -0.3443 1.0914 -0.9441 0.5948 -1.0903
16697 -1.10 6.04 35.80 0.1069 0.7835 -0.5718 0.7864 -0.9365
16717 -1.10 0.52 38.89 0.7323 -0.7363 -0.4172 0.7381 -0.8709
16737 -1.10 1.25 37.09 -0.9326 -0.1094 -0.7160 0.8937 -1.1214
16757 -1.10 1.96 36.81 -0.5136 0.9109 -0.6375 0.6540 -0.9080
16777 -1.10 2.74 39.63 0.7226 -0.4317 -0.5535 0.4715 -0.7329
16797 -1.10 3.55 38.61 -0.8988 -0.1642 -0.6150 0.9651 -1.0819
16817 -1.10 4.21 28.78 -0.9616 1.1494 -0.9162 0.8253 -1.2581
16837 -1.10 4.71 23.64 -1.1438 0.6401 -0.9511 0.6401 -1.1102
16857 -1.10 5.21 26.01 -0.7183 -0.3269 -0.8540 0.6434 -1.0173
16877 -1.10 5.79 32.36 -0.7376 -0.1851 -0.7941 0.5679 -0.9353
16897 -1.10 0.24 40.74 -0.6618 0.7497 -0.3901 0.7209 -0.8099
16917 -1.10 1.02 36.65 0.8806 -0.4204 -0.6064 0.6389 -0.8950
16937 -1.10 1.74 35.99 0.0666 -1.0828 -0.7542 0.9508 -1.2438
16957 -1.10 2.47 43.35 -0.8069 0.6659 -0.6605 0.5537 -0.8873
16977 -1.10 3.28 41.27 0.7516 0.0776 -0.4433 0.8015 -0.9074
16997 -1.10 4.01 33.91 0.0650 -1.0619 -0.8787 0.8030 -1.2196
17017 -1.10 4.55 26.40 0.1714 -0.9184 -0.7754 0.5938 -0.9521
17037 -1.10 5.03 24.88 0.9515 -0.9104 -0.9204 0.5567 -1.0739
17057 -1.10 5.57 32.21 1.0288 -0.4817 -0.8058 0.6408 -1.0241
17077 -1.10 6.25 36.37 0.4309 -0.8072 -0.5714 0.5710 -0.8353
17097 -1.10 0.75 39.46 -0.8569 0.6062 -0.6513 0.5934 -0.9213
17117 -1.10 1.48 35.22 0.4132 0.4983 -0.6784 0.6106 -0.9199
17137 -1.10 2.20 38.08 0.9692 -0.8411 -0.6997 0.7868 -1.0583
17157 -1.10 3.00 42.64 -0.7150 0.0341 -0.3585 0.7226 -0.8181
17177 -1.10 3.77 35.99 0.4357 0.4644 -0.6330 0.6401 -0.9137
17197 -1.10 4.38 30.16 1.1513 -0.0916 -1.0236 0.7680 -1.3419
17217 -1.10 4.87 23.91 0.2842 0.7545 -0.9189 0.5552 -1.1684
17237 -1.10 5.37 27.06 -0.4975 1.0785 -0.9432 0.5251 -1.0948
17257 -1.10 6.01 35.05 -0.0832 1.0076 -0.7466 0.8328 -1.1313
17277 -1.10 0.49 40.23 0.9547 -0.7782 -0.6058 0.8155 -0.9820
17297 -1.10 1.23 35.38 -0.7247 -0.1803 -0.7809 0.5549 -0.9281
17317 -1.10 1.93 37.80 -0.9858 0.9109 -0.5812 0.9311 -1.0556
17337 -1.10 2.71 40.14 0.7645 0.0389 -0.4534 0.7844 -0.8972
17357 -1.10 3.50 40.39 -0.5490 -0.2480 -0.6171 0.5334 -0.8317
17377 -1.10 4.18 31.05 -1.0309 0.9802 -0.9301 0.6968 -1.1909
17397 -1.10 4.70 24.32 -1.1438 0.5563 -0.9595 0.6227 -1.1168
17417 -1.10 5.18 24.97 -0.6006 -0.4575 -0.9171 0.5342 -1.1447
17437 -1.10 5.76 31.49 -0.4701 -0.4897 -0.7572 0.5898 -0.9313
17457 -1.10 0.22 40.54 -0.9487 0.7755 -0.4418 0.9087 -0.9439
17477 -1.10 0.99 35.77 0.9096 0.0293 -0.5625 0.9073 -1.0208
17497 -1.10 1.68 35.71 0.3793 -0.9184 -0.7188 0.5790 -0.9156
17517 -1.10 2.42 39.55 -0.8327 0.0325 -0.4638 0.8214 -0.9221
17537 -1.10 3.24 41.12 0.7001 0.1888 -0.6554 0.6690 -0.9301
17557 -1.10 3.97 34.67 0.3906 -0.9942 -0.7564 0.6568 -0.9533
17577 -1.10 4.55 26.15 0.2262 -0.9797 -0.8174 0.6198 -0.9838
17597 -1.10 5.02 26.75 1.0417 -0.7959 -0.8894 0.6285 -1.0817
17617 -1.10 5.57 32.61 1.0546 -0.4752 -0.8245 0.6602 -1.0389
17637 -1.10 6.25 37.19 0.5066 -0.8443 -0.5645 0.6352 -0.8704
17657 -1.10 0.75 39.73 -0.8504 0.5950 -0.6499 0.5824 -0.9198
17677 -1.10 1.47 35.54 0.2020 0.7400 -0.6579 0.7423 -0.8864
17697 -1.10 2.19 38.51 0.9193 -0.7911 -0.7054 0.7028 -0.9817
17717 -1.10 2.99 41.34 -0.8343 -0.1964 -0.5160 0.9652 -1.0012
17737 -1.10 3.76 36.27 0.2552 0.6981 -0.6007 0.7832 -0.9180
17757 -1.10 4.37 25.85 1.0675 -0.0368 -1.0332 0.6334 -1.2697
17777 -1.10 4.85 23.81 0.0940 0.9109 -0.9417 0.5877 -1.1312
17797 -1.10 5.36 27.51 -0.6876 1.1172 -0.9075 0.6683 -1.1354
17817 -1.10 5.99 35.80 -0.0865 0.9109 -0.7907 0.6212 -0.9965
17837 -1.10 0.48 40.33 0.8967 -0.7395 -0.6527 0.7007 -0.9318
17857 -1.10 1.22 36.24 -0.7038 -0.2109 -0.7719 0.5671 -0.9287
17877 -1.10 1.94 35.44 -0.8069 0.9367 -0.6032 0.8162 -0.9381
17897 -1.10 2.71 40.47 0.8032 0.0824 -0.4542 0.8666 -0.9311
17917 -1.10 3.52 40.54 -0.7118 -0.1448 -0.6826 0.6124 -0.9147
17937 -1.10 4.19 31.15 -1.0551 1.0334 -0.9593 0.7308 -1.2443
17957 -1.10 4.69 24.21 -1.1438 0.4515 -0.9640 0.6310 -1.1801
17977 -1.10 5.18 27.12 -0.5748 -0.5397 -0.9173 0.6332 -1.1650
17997 -1.10 5.76 29.26 -0.4604 -0.4559 -0.7402 0.5399 -0.9517
18017 -1.10 0.20 39.38 -0.9665 0.8077 -0.6465 0.8101 -0.9941
18037 -1.10 0.97 37.75 0.8967 0.1566 -0.6848 0.9071 -1.1727
18057 -1.10 1.68 35.82 0.4422 -0.9007 -0.6788 0.5920 -0.9097
18077 -1.10 2.42 39.72 -0.8472 -0.0449 -0.4840 0.8809 -0.9503
18097 -1.10 3.22 40.69 0.4519 0.3145 -0.5494 0.5401 -0.8748
18117 -1.10 3.97 32.24 0.3181 -0.9700 -0.7921 0.5921 -0.9572
18137 -1.10 4.54 27.77 0.3181 -1.0216 -0.8316 0.6337 -1.0042
18157 -1.10 5.02 24.65 1.0482 -0.7621 -0.8812 0.6305 -0.9516
18177 -1.10 5.55 28.94 1.0337 -0.2995 -0.8551 0.6326 -1.0555
18197 -1.10 6.24 37.65 0.6904 -0.8427 -0.5119 0.7379 -0.8991
18217 -1.10 0.73 39.27 -0.8569 0.3194 -0.5379 0.6787 -0.8663
18237 -1.10 1.45 36.69 0.0006 1.0140 -0.7139 0.9284 -1.1460
18257 -1.10 2.18 39.62 0.8387 -0.6557 -0.6962 0.5414 -0.9052
18277 -1.10 2.97 44.82 -0.7908 -0.1867 -0.5495 0.8804 -1.0038
18297 -1.10 3.75 37.98 -0.0542 0.9624 -0.5915 0.9052 -1.0764
18317 -1.10 4.36 28.61 0.9386 0.1437 -0.9802 0.6489 -1.1898
18337 -1.10 4.85 23.31 0.0812 0.9915 -1.0238 0.6152 -1.1219
18357 -1.10 5.35 27.70 -0.7811 1.0656 -0.9025 0.6350 -1.1026
18377 -1.10 5.99 34.42 -0.0994 0.8786 -0.8127 0.5153 -0.9432
18397 -1.10 0.47 37.96 0.8548 -0.7057 -0.6873 0.6013 -0.9207
18417 -1.10 1.22 37.28 -0.6683 -0.2238 -0.7455 0.5530 -0.9180
18437 -1.10 1.95 36.04 -0.7892 0.8915 -0.5882 0.7784 -0.9315
18457 -1.10 2.70 40.96 0.7871 0.0792 -0.4316 0.8551 -0.9207
18477 -1.10 3.50 39.12 -0.4926 -0.3672 -0.6055 0.6147 -0.8287
18497 -1.10 4.19 30.54 -1.0696 1.0656 -0.9399 0.7977 -1.2751
18517 -1.10 4.70 24.08 -1.1679 0.4983 -0.9824 0.6393 -1.1885
18537 -1.10 5.19 25.35 -0.6006 -0.4946 -0.8945 0.6347 -1.0972
18557 -1.10 5.77 32.32 -0.4797 -0.4607 -0.7157 0.6100 -0.9237
18577 -1.10 0.21 40.58 -1.0245 0.8367 -0.5730 0.9282 -1.0906
18597 -1.10 0.98 36.60 0.8677 0.0824 -0.6135 0.8554 -1.0321
18617 -1.10 1.67 36.65 0.5066 -0.9329 -0.6767 0.6438 -0.9212
18637 -1.10 2.43 38.46 -0.8262 0.0502 -0.4714 0.7975 -0.9160
18657 -1.10 3.23 42.07 0.5953 0.2484 -0.6048 0.6213 -0.9095
18677 -1.10 3.98 35.27 0.2601 -0.9748 -0.7874 0.6318 -1.0349
18697 -1.10 4.54 26.35 0.2810 -1.0216 -0.8538 0.6205 -1.0167
18717 -1.10 5.02 25.87 1.0031 -0.7540 -0.8238 0.6422 -1.0765
18737 -1.10 5.55 31.67 1.0401 -0.3624 -0.8254 0.6585 -1.0435
18757 -1.10 6.23 34.28 0.6727 -0.8266 -0.5525 0.6838 -0.8797
18777 -1.10 0.74 39.67 -0.8407 0.4402 -0.5684 0.6199 -0.8510
18797 -1.10 1.46 35.81 0.1440 0.8464 -0.6662 0.8376 -1.0193
18817 -1.10 2.18 37.69 0.8516 -0.6590 -0.7186 0.5302 -0.9126
18837 -1.10 2.99 41.41 -0.7747 -0.1206 -0.4626 0.8544 -0.9273
18857 -1.10 3.76 36.52 0.1553 0.7336 -0.5934 0.7412 -0.9455
18877 -1.10 4.36 26.94 0.9450 0.0663 -0.9814 0.5630 -1.2302
18897 -1.10 4.86 24.13 0.1811 0.8271 -0.9306 0.5379 -1.1416
18917 -1.10 5.36 28.02 -0.6151 1.1043 -0.9330 0.5952 -1.0999
18937 -1.10 5.99 35.80 -0.0832 0.9109 -0.7940 0.6195 -0.9787
18957 -1.10 0.48 40.56 0.8983 -0.7492 -0.6628 0.6983 -0.9426
18977 -1.10 1.23 35.55 -0.7811 -0.1335 -0.7774 0.6099 -0.9462
18997 -1.10 1.94 36.97 -0.9246 0.9109 -0.5655 0.8963 -1.0115
19017 -1.10 2.70 38.78 0.7355 0.1131 -0.4646 0.7958 -0.9179
19037 -1.10 3.51 40.33 -0.5893 -0.1980 -0.6359 0.5162 -0.8470
19057 -1.10 4.19 31.23 -1.0374 0.9995 -0.9497 0.6946 -1.2033
19077 -1.10 4.70 25.12 -1.1679 0.6046 -0.9706 0.6500 -1.2007
19097 -1.10 5.19 25.60 -0.6344 -0.4559 -0.9268 0.5835 -1.0948
19117 -1.10 5.77 32.10 -0.5087 -0.4784 -0.7552 0.6358 -0.9711
19137 -1.10 0.23 40.69 -0.8859 0.7819 -0.4211 0.8721 -0.9260
19157 -1.10 0.98 40.82 0.8677 0.0728 -0.5737 0.8751 -1.0219
19177 -1.10 1.69 35.17 0.3116 -0.9039 -0.7207 0.5691 -0.9213
19197 -1.10 2.44 39.94 -0.8230 0.2162 -0.4824 0.7039 -0.8586
19217 -1.10 3.26 41.16 0.8000 0.2082 -0.5823 0.8910 -1.0655
19237 -1.10 3.98 34.17 0.2601 -0.9700 -0.7823 0.6296 -1.0517
19257 -1.10 4.55 26.22 0.1779 -0.9346 -0.7857 0.6063 -0.9243
19277 -1.10 5.02 25.13 0.9998 -0.9410 -1.0069 0.4950 -0.9358
19297 -1.10 5.57 33.74 1.0450 -0.4913 -0.8088 0.6626 -1.0075
19317 -1.10 6.25 37.25 0.4228 -0.8233 -0.5763 0.5880 -0.8475
19337 -1.10 0.75 39.76 -0.8424 0.6627 -0.6659 0.5863 -0.9038
19357 -1.10 1.49 35.58 0.4519 0.4789 -0.6726 0.6435 -0.9248
19377 -1.10 2.21 38.54 0.9998 -0.8669 -0.6499 0.8699 -0.9996
19397 -1.10 2.99 41.03 -0.7602 -0.1110 -0.4005 0.8596 -0.8898
19417 -1.10 3.78 36.16 0.4809 0.4402 -0.6864 0.6146 -0.9144
19437 -1.10 4.39 25.90 1.1771 -0.1013 -1.0350 0.7942 -1.3534
19457 -1.10 4.87 24.10 0.3326 0.7497 -0.9409 0.5865 -1.1604
19477 -1.10 5.38 27.56 -0.5442 1.0914 -0.8891 0.6329 -1.1082
19497 -1.10 6.01 35.76 -0.0832 0.9947 -0.7765 0.7842 -1.1195
19517 -1.10 0.48 40.61 0.9257 -0.7605 -0.6458 0.7469 -0.9640
19537 -1.10 1.23 35.35 -0.8150 -0.1094 -0.7905 0.6288 -0.9822
19557 -1.10 1.94 36.12 -0.9181 0.9044 -0.5764 0.8804 -1.0117
19577 -1.10 2.72 39.70 0.7581 0.0164 -0.4095 0.7844 -0.8820
19597 -1.10 3.51 40.81 -0.6425 -0.1658 -0.6709 0.5281 -0.8687
19617 -1.10 4.19 31.42 -1.0422 1.0076 -0.9458 0.7121 -1.2168
19637 -1.10 4.70 23.99 -1.1438 0.5627 -0.9635 0.6164 -1.1128
19657 -1.10 5.18 24.96 -0.5958 -0.5220 -0.9433 0.6011 -1.1429
19677 -1.10 5.76 32.12 -0.4314 -0.5993 -0.7619 0.7009 -0.9513
19697 -1.10 0.22 38.37 -0.8762 0.7835 -0.5268 0.8058 -0.9268
19717 -1.10 0.98 40.07 0.8935 0.0454 -0.5743 0.8895 -1.0400
19737 -1.10 1.68 35.52 0.4744 -0.9555 -0.6943 0.6564 -0.9255
19757 -1.10 2.42 39.29 -0.8311 0.0051 -0.4743 0.8309 -0.9268
19777 -1.10 3.24 41.05 0.6807 0.1791 -0.6485 0.6345 -0.9173
19797 -1.10 3.97 33.56 0.3294 -0.9700 -0.7924 0.5875 -0.9527
19817 -1.10 4.55 26.20 0.2036 -0.9732 -0.8418 0.5875 -0.9902
19837 -1.10 5.02 25.82 1.0353 -0.7621 -0.8681 0.6306 -1.0704
19857 -1.10 5.56 29.72 1.0353 -0.4527 -0.8429 0.6056 -1.0390
19877 -1.10 6.24 37.23 0.6130 -0.8153 -0.4858 0.6963 -0.9096
19897 -1.10 0.74 39.83 -0.8214 0.4515 -0.5640 0.5990 -0.9146
19917 -1.10 1.46 35.45 0.1247 0.8657 -0.6552 0.8570 -0.9944
19937 -1.10 2.19 38.06 0.9047 -0.7718 -0.7100 0.6711 -0.9511
19957 -1.10 2.98 40.86 -0.8230 -0.1964 -0.5239 0.9463 -1.0456
19977 -1.10 3.76 36.22 0.2472 0.6530 -0.5715 0.7339 -0.9203
19997 -1.10 4.37 25.93 1.0546 -0.0417 -1.0211 0.6196 -1.2517
20017 -1.10 4.85 24.48 0.1005 0.8980 -0.9167 0.6071 -1.0991
20037 -1.10 5.37 27.78 -0.4942 1.1043 -0.9749 0.5228 -1.0852
20057 -1.10 6.00 35.42 -0.0736 0.9238 -0.8164 0.6226 -1.0219
20077 -1.10 0.48 39.91 0.8967 -0.7411 -0.6776 0.6775 -0.9332
20097 -1.10 1.22 36.10 -0.6989 -0.1932 -0.7552 0.5574 -0.9224
20117 -1.10 1.95 39.84 -0.7569 0.9060 -0.5844 0.7761 -0.9300
20137 -1.10 2.71 40.26 0.7500 0.0180 -0.4171 0.7709 -0.8827
20157 -1.10 3.52 40.31 -0.7247 -0.1303 -0.7060 0.5919 -0.9208
20177 -1.10 4.19 31.20 -1.0648 1.0398 -0.9393 0.7710 -1.2453
20197 -1.10 4.69 24.11 -1.1824 0.4709 -1.0095 0.6312 -1.1239
20217 -1.10 5.18 25.72 -0.5797 -0.5574 -0.9423 0.6366 -1.1671
20237 -1.10 5.76 33.44 -0.4169 -0.5574 -0.7265 0.6541 -0.9317
20257 -1.10 0.22 39.01 -1.0100 0.8125 -0.5038 0.9446 -0.9535
20277 -1.10 0.97 37.40 0.8935 0.1550 -0.6979 0.8911 -1.1683
20297 -1.10 1.68 35.84 0.4841 -0.9168 -0.6754 0.6206 -0.9199
20317 -1.10 2.42 39.85 -0.8488 -0.0562 -0.4938 0.8857 -0.9239
20337 -1.10 3.24 42.68 0.6533 0.1759 -0.6222 0.6136 -0.9027
20357 -1.10 3.97 34.90 0.4325 -1.0055 -0.7444 0.6807 -0.9792
20377 -1.10 4.53 23.44 0.3842 -1.1521 -0.9740 0.6540 -1.1549
20397 -1.10 5.01 25.40 1.0482 -0.6058 -0.7549 0.7332 -1.0804
20417 -1.10 5.55 29.72 1.0288 -0.2512 -0.8300 0.6796 -1.0688
20437 -1.10 6.24 37.60 0.7001 -0.7895 -0.4691 0.7262 -0.8757
20457 -1.10 0.72 39.15 -0.8311 0.2501 -0.4981 0.6921 -0.8626
20477 -1.10 1.45 35.04 -0.0542 1.0527 -0.7882 0.8854 -1.2060
20497 -1.10 2.16 39.11 0.8161 -0.4897 -0.6053 0.5554 -0.8601
20517 -1.10 2.96 40.29 -0.7553 -0.1513 -0.6262 0.7425 -0.9395
20537 -1.10 3.74 37.71 -0.1203 0.9995 -0.6035 0.9092 -1.0991
20557 -1.10 4.35 28.19 0.8435 0.1791 -0.9353 0.5640 -1.1036
20577 -1.10 4.85 24.39 -0.1123 0.9238 -0.7687 0.6523 -1.0446
20597 -1.10 5.36 27.49 -0.7070 1.0656 -0.8817 0.6312 -1.0904
20617 -1.10 5.98 36.46 -0.0800 0.8561 -0.7995 0.5050 -0.9310
20637 -1.10 0.48 38.28 0.8419 -0.7073 -0.6991 0.5738 -0.9195
20657 -1.10 1.21 36.76 -0.6490 -0.2496 -0.7383 0.5616 -0.9143
20677 -1.10 1.94 36.01 -0.8069 0.8754 -0.5863 0.7774 -0.9324
20697 -1.10 2.70 40.76 0.8000 0.1356 -0.4697 0.8954 -0.9561
20717 -1.10 3.51 39.47 -0.6232 -0.1980 -0.6713 0.5327 -0.8758
20737 -1.10 4.19 30.54 -1.0406 1.0205 -0.9475 0.7202 -1.2321
20757 -1.10 4.70 22.73 -1.0728 0.4741 -0.9114 0.5706 -0.8811
20777 -1.10 5.19 25.59 -0.6280 -0.4881 -0.9231 0.6325 -1.1098
20797 -1.10 5.77 32.28 -0.5055 -0.4543 -0.7322 0.6211 -0.9272
20817 -1.10 0.21 39.15 -1.0390 0.8593 -0.5773 0.9487 -1.0897
20837 -1.10 0.98 37.69 0.8902 0.0857 -0.6141 0.8893 -1.0643
20857 -1.10 1.69 34.80 0.3068 -0.9184 -0.7596 0.5453 -0.9153
20877 -1.10 2.43 42.73 -0.8295 0.1372 -0.4777 0.7500 -0.8837
20897 -1.10 3.25 41.52 0.7420 0.1888 -0.5956 0.7832 -0.9869
20917 -1.10 3.97 34.32 0.3777 -1.0184 -0.7940 0.6554 -0.9789
20937 -1.10 4.55 26.36 0.2294 -0.9781 -0.8230 0.6074 -1.0203
20957 -1.10 5.02 25.57 1.0272 -0.7637 -0.8682 0.6203 -1.0679
20977 -1.10 5.55 30.43 1.0611 -0.2995 -0.8515 0.6869 -1.0776
20997 -1.10 6.24 38.83 0.6372 -0.8153 -0.4683 0.7180 -0.8585
21017 -1.10 0.74 36.00 -0.8762 0.4660 -0.6094 0.6303 -0.8858
21037 -1.10 1.46 35.49 0.1037 0.8206 -0.6315 0.7917 -0.9887
21057 -1.10 2.19 37.72 0.8677 -0.7428 -0.7353 0.5825 -0.9286
21077 -1.10 2.98 41.76 -0.8085 -0.1932 -0.5303 0.9211 -0.9847
21097 -1.10 3.75 38.15 -0.0059 0.9560 -0.5809 0.9346 -1.0405
21117 -1.10 4.36 28.26 0.9676 0.0470 -0.9740 0.6024 -1.1957
21137 -1.10 4.85 23.90 0.1005 0.8593 -0.9009 0.5490 -1.1224
21157 -1.10 5.37 27.35 -0.6473 1.0914 -0.9002 0.6281 -1.1008
21177 -1.10 6.00 34.54 -0.0671 0.9109 -0.8209 0.5974 -1.0032
21197 -1.10 0.48 40.40 0.9031 -0.7605 -0.6857 0.6874 -0.9441
21217 -1.10 1.22 37.07 -0.6957 -0.1964 -0.7522 0.5595 -0.9183
21237 -1.10 1.93 37.73 -1.0100 0.9367 -0.6312 0.9327 -1.0927
21257 -1.10 2.71 39.30 0.7871 0.1131 -0.4427 0.8750 -0.9290
21277 -1.10 3.50 33.90 -0.4975 -0.2625 -0.6067 0.4772 -0.7862
21297 -1.10 4.19 31.52 -1.0793 1.0656 -0.9379 0.8087 -1.2803
21317 -1.10 4.70 24.32 -1.1518 0.4983 -0.9726 0.6235 -1.1673
21337 -1.10 5.19 25.44 -0.6264 -0.4978 -0.9253 0.6426 -1.0704
21357 -1.10 5.77 32.76 -0.5184 -0.5058 -0.7535 0.6937 -0.8955
21377 -1.10 0.22 39.68 -0.9826 0.8367 -0.5275 0.9199 -1.0139
21397 -1.10 0.98 38.63 0.9193 0.0534 -0.5876 0.9222 -1.0794
21417 -1.10 1.70 35.64 0.3197 -0.9845 -0.7704 0.6445 -0.9895
21437 -1.10 2.44 39.97 -0.8069 0.2791 -0.4904 0.6566 -0.7745
21457 -1.10 3.25 41.50 0.7516 0.1953 -0.6158 0.7877 -0.9956
21477 -1.10 3.99 35.23 0.1714 -0.9587 -0.8024 0.6337 -1.0027
21497 -1.10 4.55 26.37 0.2149 -0.9491 -0.7958 0.5976 -1.1029
21517 -1.10 5.03 25.45 1.0353 -0.8233 -0.8924 0.6323 -1.0956
21537 -1.10 5.56 31.71 1.0224 -0.4011 -0.8046 0.6433 -1.0273
21557 -1.10 6.25 36.93 0.3971 -0.8379 -0.5939 0.5915 -0.8299
21577 -1.10 0.76 38.62 -0.8585 0.6723 -0.6956 0.5762 -0.9138
21597 -1.10 1.48 35.32 0.2649 0.7271 -0.6722 0.7767 -0.9319
21617 -1.10 2.19 37.42 0.8935 -0.7589 -0.7304 0.6282 -0.9328
21637 -1.10 3.00 40.79 -0.7070 -0.0497 -0.3891 0.7518 -0.8592
21657 -1.10 3.77 35.87 0.2713 0.6723 -0.6077 0.7581 -0.9574
21677 -1.10 4.37 28.17 1.0498 -0.0175 -1.0038 0.6616 -1.2509
21697 -1.10 4.86 22.13 0.2359 0.8351 -0.9597 0.5880 -1.1398
21717 -1.10 5.37 27.71 -0.6216 1.0946 -0.8973 0.6326 -1.1123
21737 -1.10 6.01 34.69 -0.0768 0.9947 -0.7702 0.7948 -1.1110
21757 -1.10 0.48 39.60 0.8290 -0.7025 -0.6945 0.5616 -0.9118
21777 -1.10 1.23 36.84 -0.7892 -0.1206 -0.7648 0.6259 -0.9580
21797 -1.10 1.94 37.31 -0.8843 0.8593 -0.5558 0.8396 -0.9584
21817 -1.10 2.71 44.03 0.7516 0.0083 -0.3977 0.7768 -0.8714
21837 -1.10 3.51 40.26 -0.6635 -0.1222 -0.6980 0.4772 -0.8734
21857 -1.10 4.19 31.43 -1.0567 1.0140 -0.9386 0.7417 -1.2291
21877 -1.10 4.70 24.54 -1.1438 0.5821 -0.9546 0.6300 -1.1089
21897 -1.10 5.19 26.01 -0.6312 -0.5010 -0.9322 0.6469 -1.1654
21917 -1.10 5.77 31.40 -0.5925 -0.4172 -0.8071 0.6151 -0.9456
21937 -1.10 0.24 38.55 -0.7312 0.7594 -0.4423 0.7387 -0.8568
21957 -1.10 0.99 34.52 0.8999 -0.0417 -0.5506 0.8538 -0.9635
21977 -1.10 1.70 35.99 0.1134 -0.8878 -0.8021 0.5389 -0.9957
21997 -1.10 2.45 39.86 -0.7602 0.3677 -0.5172 0.5572 -0.7751
22017 -1.10 3.27 41.36 0.7387 0.1115 -0.4178 0.8242 -0.9127
22037 -1.10 3.99 33.93 0.1182 -0.9974 -0.8613 0.6677 -1.0955
22057 -1.10 4.56 24.83 0.0554 -0.9072 -0.8399 0.5734 -0.9415
22077 -1.10 5.03 25.93 0.9998 -0.8588 -0.8811 0.6284 -1.0448
22097 -1.10 5.56 27.47 1.0160 -0.3914 -0.8269 0.6052 -0.9878
22117 -1.10 6.25 37.90 0.4067 -0.8298 -0.5966 0.5767 -0.8145
22137 -1.10 0.75 38.69 -0.8327 0.6562 -0.6970 0.5331 -0.8934
22157 -1.10 1.47 35.84 0.2391 0.7046 -0.6311 0.7512 -0.9440
22177 -1.10 2.20 38.11 0.9515 -0.8233 -0.7100 0.7498 -1.0171
22197 -1.10 2.99 42.63 -0.7988 -0.1561 -0.4619 0.9144 -0.9299
22217 -1.10 3.75 39.60 0.1134 0.8335 -0.5872 0.8512 -0.9361
22237 -1.10 4.37 29.20 1.0740 -0.0401 -1.0062 0.6855 -1.2612
22257 -1.10 4.85 24.21 0.1134 0.8964 -0.9391 0.5848 -1.0991
22277 -1.10 5.36 27.40 -0.7005 1.0978 -0.9425 0.5896 -1.1501
22297 -1.10 5.99 35.36 -0.0865 0.9270 -0.8063 0.6314 -1.0021
22317 -1.10 0.48 40.20 0.8967 -0.7395 -0.6644 0.6896 -0.9415
22337 -1.10 1.22 37.82 -0.6892 -0.1964 -0.7454 0.5564 -0.9174
22357 -1.10 1.93 40.04 -0.9616 0.9270 -0.6111 0.9037 -1.0467
22377 -1.10 2.71 40.55 0.7565 0.0599 -0.4101 0.8124 -0.9017
22397 -1.10 3.50 40.19 -0.5490 -0.2754 -0.6303 0.5543 -0.8289
22417 -1.10 4.19 31.36 -1.0744 1.0849 -0.9463 0.8117 -1.2896
22437 -1.10 4.70 24.01 -1.1502 0.4983 -0.9609 0.6382 -1.1148
22457 -1.10 5.18 26.16 -0.5506 -0.5816 -0.9318 0.6434 -1.1099
22477 -1.10 5.76 31.68 -0.3911 -0.5671 -0.7232 0.6366 -0.9835
22497 -1.10 0.21 38.17 -1.0148 0.8367 -0.5920 0.9078 -1.0647
22517 -1.10 0.98 38.40 0.8806 0.0857 -0.6218 0.8703 -1.0643
22537 -1.10 1.67 35.24 0.5711 -0.9184 -0.6462 0.6652 -0.9229
22557 -1.10 2.42 39.53 -0.8343 0.0083 -0.4639 0.8388 -0.9262
22577 -1.10 3.23 40.54 0.5647 0.2533 -0.6234 0.5592 -0.8925
22597 -1.10 3.98 35.39 0.2246 -0.9603 -0.8051 0.6009 -1.0346
22617 -1.10 4.54 25.18 0.2810 -1.0248 -0.8572 0.6218 -1.0305
22637 -1.10 5.01 27.02 1.0482 -0.7363 -0.8797 0.6202 -1.0748
22657 -1.10 5.56 29.34 1.0579 -0.4027 -0.8364 0.6637 -1.0502
22677 -1.10 6.24 36.88 0.7226 -0.8927 -0.5480 0.7734 -0.9112
22697 -1.10 0.73 39.75 -0.8214 0.3339 -0.5269 0.6363 -0.8482
22717 -1.10 1.47 36.23 0.1295 0.9495 -0.7103 0.9401 -1.0890
22737 -1.10 2.18 39.36 0.8193 -0.6590 -0.6977 0.5170 -0.8955
22757 -1.10 2.99 42.69 -0.7763 -0.1335 -0.4280 0.8845 -0.9175
22777 -1.10 3.76 39.05 0.1456 0.8206 -0.5886 0.8596 -0.9446
22797 -1.10 4.36 28.37 0.9466 0.1243 -0.9764 0.6473 -1.1924
22817 -1.10 4.86 24.17 0.2198 0.8593 -0.9722 0.5961 -1.1496
22837 -1.10 5.37 28.02 -0.6602 1.0914 -0.8708 0.6709 -1.1016
22857 -1.10 6.01 35.37 -0.0800 0.9915 -0.7772 0.7805 -1.1148
22877 -1.10 0.47 37.58 0.8161 -0.6799 -0.6994 0.5247 -0.8980
22897 -1.10 1.23 33.84 -0.7569 -0.1206 -0.7725 0.5552 -0.9294
22917 -1.10 1.93 36.91 -0.9149 0.9028 -0.5908 0.8673 -0.9705
22937 -1.10 2.71 40.06 0.7629 0.0438 -0.4094 0.8095 -0.9128
22957 -1.10 3.51 40.55 -0.5909 -0.2012 -0.6379 0.5207 -0.8461
22977 -1.10 4.19 30.08 -1.0358 0.9689 -0.9298 0.6925 -1.1862
22997 -1.10 4.70 24.86 -1.0793 0.6046 -0.9273 0.5573 -1.1102
23017 -1.10 5.19 23.64 -0.6522 -0.4301 -0.9262 0.5743 -1.0959
23037 -1.10 5.77 31.75 -0.5281 -0.4543 -0.7577 0.6265 -0.9312
23057 -1.10 0.23 39.33 -0.7537 0.7835 -0.4696 0.7537 -0.8628
23077 -1.10 1.00 37.66 0.8677 -0.1851 -0.5783 0.7077 -0.9168
23097 -1.10 1.70 35.80 0.1940 -0.9184 -0.7850 0.5665 -1.0121
23117 -1.10 2.46 40.08 -0.7956 0.4983 -0.5732 0.5638 -0.8862
23137 -1.10 3.27 41.94 0.7774 0.1308 -0.4328 0.8813 -0.9278
23157 -1.10 3.99 35.92 0.1360 -0.9974 -0.8318 0.6916 -1.0840
23177 -1.10 4.56 26.64 0.0683 -0.9088 -0.8185 0.5955 -1.0025
23197 -1.10 5.03 25.39 0.9966 -0.9104 -0.9003 0.6395 -1.0846
23217 -1.10 5.59 30.56 1.0160 -0.6654 -0.8150 0.6331 -1.0227
23237 -1.10 6.28 38.69 0.1263 -0.8427 -0.7243 0.5491 -0.9111
23257 -1.10 0.77 40.09 -1.0035 0.8013 -0.6209 0.8609 -0.9903
23277 -1.10 1.50 35.53 0.5840 0.3548 -0.7307 0.6041 -0.9299
23297 -1.10 2.22 40.74 0.8870 -0.8749 -0.5463 0.8581 -0.9378
23317 -1.10 3.02 41.24 -0.6909 0.2501 -0.4504 0.5353 -0.6986
23337 -1.10 3.80 37.59 0.7516 0.1824 -0.7436 0.6537 -0.9782
23357 -1.10 4.40 27.37 1.1529 -0.2705 -0.9416 0.7532 -1.2370
23377 -1.10 4.89 24.73 0.5066 0.6288 -0.9477 0.6292 -1.2603
23397 -1.10 5.40 26.58 -0.2895 1.0656 -0.8997 0.6363 -1.1072
23417 -1.10 6.03 39.39 0.0473 0.8464 -0.5672 0.8305 -0.9769
23437 -1.10 0.52 39.71 0.8097 -0.7492 -0.4405 0.7871 -0.8796
23457 -1.10 1.26 36.51 -0.9439 -0.0884 -0.7016 0.9040 -1.1044
23477 -1.10 1.95 37.15 -0.6941 0.9044 -0.5713 0.7547 -0.9206
23497 -1.10 2.74 40.72 0.7403 -0.3592 -0.5062 0.5403 -0.7880
23517 -1.10 3.54 39.35 -0.8536 -0.1609 -0.6130 0.9020 -1.0277
23537 -1.10 4.20 31.01 -1.1067 1.1430 -0.9293 0.9081 -1.3191
23557 -1.10 4.72 24.29 -1.0342 0.6014 -0.8364 0.6159 -0.9919
23577 -1.10 5.20 25.42 -0.6731 -0.3737 -0.8693 0.6082 -1.0625
23597 -1.10 5.79 32.44 -0.7988 -0.1271 -0.8242 0.5731 -0.9508
23617 -1.10 0.25 39.26 -0.6151 0.7852 -0.4404 0.6990 -0.8233
23637 -1.10 1.02 38.81 0.8419 -0.5461 -0.6441 0.5610 -0.8882
23657 -1.10 1.74 36.30 0.0666 -1.0732 -0.7468 0.9424 -1.1626
23677 -1.10 2.47 41.29 -0.8085 0.6788 -0.6826 0.5368 -0.8883
23697 -1.10 3.29 41.55 0.6872 -0.1754 -0.4240 0.5745 -0.7219
23717 -1.10 4.02 34.14 0.0135 -1.1038 -0.8378 0.9502 -1.3002
23737 -1.10 4.57 26.06 -0.0849 -0.8185 -0.8170 0.5726 -0.9606
23757 -1.10 5.04 25.37 0.9176 -0.9974 -0.9238 0.6126 -1.1251
23777 -1.10 5.59 31.84 1.0353 -0.6783 -0.8197 0.6590 -1.0297
23797 -1.10 0.01 36.96 0.1376 -0.9426 -0.6994 0.7401 -0.9963
23817 -1.10 0.78 37.45 -1.0390 0.8448 -0.6140 0.9185 -1.1129
23837 -1.10 1.49 35.57 0.4486 0.4983 -0.6756 0.6640 -0.9397
23857 -1.10 2.21 37.91 1.0031 -0.8701 -0.6377 0.8834 -1.0944
23877 -1.10 3.01 41.57 -0.7183 0.1501 -0.3962 0.6458 -0.7461
23897 -1.10 3.78 36.96 0.6066 0.3661 -0.7196 0.6689 -1.0729
23917 -1.10 4.40 27.80 1.2045 -0.1851 -1.0002 0.8260 -1.3363
23937 -1.10 4.88 23.64 0.4519 0.6336 -0.9375 0.5570 -0.9775
23957 -1.10 5.39 30.16 -0.4040 1.0930 -0.8868 0.6597 -1.1191
23977 -1.10 6.04 35.25 0.1263 0.8593 -0.6375 0.8625 -0.9945
23997 -1.10 0.52 40.07 0.8129 -0.7395 -0.3455 0.8302 -0.8938
24017 -1.10 1.25 36.18 -0.9342 -0.1045 -0.7485 0.8650 -1.1242
24037 -1.10 1.96 38.29 -0.4910 0.8915 -0.6329 0.6300 -0.8794
24057 -1.10 2.74 39.15 0.7774 -0.3463 -0.5159 0.5835 -0.7732
24077 -1.10 3.54 42.79 -0.8536 -0.1561 -0.6146 0.8966 -1.0280
24097 -1.10 4.21 31.04 -1.0245 1.1687 -0.9125 0.8896 -1.2608
24117 -1.10 4.71 24.31 -1.1438 0.5789 -0.8837 0.7261 -1.0050
24137 -1.10 5.20 26.42 -0.7038 -0.3801 -0.8840 0.6543 -1.1129
24157 -1.10 5.80 32.96 -0.8327 -0.0884 -0.8379 0.5752 -0.9776
24177 -1.10 0.25 39.77 -0.4958 0.7755 -0.5173 0.5911 -0.8188
24197 -1.10 1.02 37.23 0.8532 -0.5155 -0.6287 0.5857 -0.8808
24217 -1.10 1.74 31.14 0.0425 -0.9877 -0.7232 0.8510 -1.0969
24237 -1.10 2.48 39.44 -0.9117 0.7674 -0.6470 0.7362 -0.9482
24257 -1.10 3.28 40.64 0.7323 -0.0304 -0.4277 0.7096 -0.8505
24277 -1.10 4.01 33.53 0.0167 -1.0957 -0.8437 0.9299 -1.2493
24297 -1.10 4.56 25.19 0.0167 -0.8975 -0.8601 0.5607 -0.9794
24317 -1.10 5.03 25.72 0.9837 -0.8878 -0.8988 0.6073 -1.0693
24337 -1.10 5.58 31.94 1.0176 -0.5606 -0.7942 0.6390 -0.9987
24357 -1.10 6.26 37.20 0.3487 -0.8717 -0.6219 0.6189 -0.9299
24377 -1.10 0.77 39.25 -0.9471 0.7384 -0.6462 0.7570 -0.9633
24397 -1.10 1.48 35.61 0.3197 0.6143 -0.6320 0.7083 -0.9297
24417 -1.10 2.21 37.80 1.0224 -0.8894 -0.6376 0.9107 -1.0805
24437 -1.10 3.00 40.54 -0.7924 -0.0497 -0.4253 0.8438 -0.8865
24457 -1.10 3.77 35.87 0.3197 0.6594 -0.6446 0.7626 -0.9262
24477 -1.10 4.39 27.11 1.1578 -0.0965 -1.0432 0.7499 -1.3459
24497 -1.10 4.86 25.01 0.2101 0.7948 -0.9068 0.5491 -1.0133
24517 -1.10 5.38 27.64 -0.5313 1.1172 -0.9058 0.6546 -1.1323
24537 -1.10 6.01 35.51 -0.0800 1.0140 -0.7413 0.8495 -1.1203
24557 -1.10 0.49 40.47 0.9837 -0.7669 -0.5417 0.8803 -0.9794
24577 -1.10 1.23 36.60 -0.7586 -0.1013 -0.7825 0.5206 -0.9280
24597 -1.10 1.95 37.86 -0.7263 0.8980 -0.5683 0.7654 -0.9213
24617 -1.10 2.72 41.11 0.7516 -0.0207 -0.4156 0.7485 -0.8610
24637 -1.10 3.53 42.34 -0.7553 -0.1464 -0.6681 0.7003 -0.9340
24657 -1.10 4.19 31.71 -1.0632 1.0527 -0.9272 0.7954 -1.2561
24677 -1.10 4.70 24.38 -1.1663 0.4983 -0.9705 0.6542 -1.1970
24697 -1.10 5.19 26.05 -0.6409 -0.3817 -0.8748 0.5503 -1.0683
24717 -1.10 5.78 32.27 -0.5797 -0.4236 -0.7842 0.6322 -0.9469
24737 -1.10 0.22 41.18 -0.9181 0.8077 -0.4636 0.8888 -0.9245
24757 -1.10 0.99 38.05 0.9064 -0.0433 -0.5697 0.8490 -0.9722
24777 -1.10 1.70 36.01 0.1956 -0.9491 -0.7956 0.6093 -0.9641
24797 -1.10 2.45 39.97 -0.7602 0.3790 -0.5173 0.5570 -0.7364
24817 -1.10 3.27 41.67 0.7645 0.0986 -0.4268 0.8429 -0.9201
24837 -1.10 3.99 34.41 0.1214 -0.9942 -0.8435 0.6819 -1.0864
24857 -1.10 4.55 25.72 0.0940 -1.0280 -0.9527 0.6198 -1.1684
24877 -1.10 5.04 25.00 0.9708 -0.9184 -0.9089 0.6052 -1.0769
24897 -1.10 5.57 33.90 1.0288 -0.5397 -0.8040 0.6425 -0.9905
24917 -1.10 6.27 37.52 0.1424 -0.8362 -0.7201 0.5310 -0.9300
24937 -1.10 0.77 39.57 -0.9632 0.7755 -0.6169 0.8139 -1.0018
24957 -1.10 1.48 35.92 0.3519 0.6336 -0.6648 0.7456 -0.9292
24977 -1.10 2.20 39.59 0.9450 -0.8153 -0.6769 0.7690 -1.0189
24997 -1.10 3.00 39.77 -0.7586 -0.0062 -0.4051 0.7806 -0.8886
25017 -1.10 3.77 33.32 0.3455 0.6336 -0.6378 0.7613 -0.9339
25037 -1.10 4.39 28.49 1.1836 -0.1110 -1.0294 0.8057 -1.3251
25057 -1.10 4.87 24.44 0.2649 0.8013 -0.9344 0.5996 -1.1549
25077 -1.10 5.37 27.36 -0.5055 1.1010 -0.9361 0.5819 -1.0779
25097 -1.10 6.02 34.95 -0.0607 1.0124 -0.7179 0.8798 -1.1178
25117 -1.10 0.50 38.16 0.9982 -0.7976 -0.6010 0.8683 -1.0276
25137 -1.10 1.22 36.38 -0.7247 -0.1561 -0.7506 0.5658 -0.9254
25157 -1.10 1.93 40.15 -0.9004 0.9076 -0.6178 0.8414 -0.9622
25177 -1.10 2.71 40.42 0.7645 0.0470 -0.4084 0.8144 -0.9022
25197 -1.10 3.51 40.45 -0.5490 -0.2625 -0.6283 0.5395 -0.8477
25217 -1.10 4.20 30.87 -1.0890 1.0978 -0.9431 0.8393 -1.2956
25237 -1.10 4.70 24.79 -1.1599 0.5789 -0.9715 0.6335 -1.1633
25257 -1.10 5.19 25.14 -0.5925 -0.5494 -0.9313 0.6611 -1.1652
25277 -1.10 5.78 32.89 -0.6425 -0.2335 -0.7543 0.5040 -0.9241
25297 -1.10 0.23 39.04 -0.8069 0.8045 -0.4494 0.8146 -0.9042
25317 -1.10 1.00 37.92 0.8612 -0.2222 -0.5396 0.7130 -0.8975
25337 -1.10 1.71 35.38 0.1214 -0.9184 -0.7963 0.6012 -0.9642
25357 -1.10 2.47 39.29 -0.7553 0.6369 -0.6803 0.4442 -0.8709
25377 -1.10 3.27 42.05 0.7887 0.1131 -0.4343 0.8813 -0.9299
25397 -1.10 4.01 33.65 0.0683 -1.0474 -0.8487 0.8081 -1.1989
25417 -1.10 4.55 24.99 0.1521 -0.9378 -0.8141 0.5920 -0.9663
25437 -1.10 5.03 26.88 0.9934 -0.8346 -0.8782 0.6065 -1.0665
25457 -1.10 5.57 29.78 1.0160 -0.5348 -0.7953 0.6327 -0.9897
25477 -1.10 6.26 38.26 0.3809 -0.8717 -0.6142 0.6218 -0.9177
25497 -1.10 0.76 38.67 -0.9181 0.7320 -0.6911 0.6816 -0.9358
25517 -1.10 1.50 35.77 0.4986 0.4983 -0.6966 0.7129 -0.9272
25537 -1.10 2.22 39.64 1.0095 -0.8781 -0.5831 0.9299 -1.0459
25557 -1.10 3.00 38.52 -0.6860 0.0389 -0.3938 0.6625 -0.7836
25577 -1.10 3.78 34.99 0.5905 0.4596 -0.7190 0.7689 -1.0189
25597 -1.10 4.40 27.83 1.1771 -0.1996 -0.9972 0.7699 -1.3154
25617 -1.10 4.88 24.17 0.4309 0.6272 -0.8997 0.5682 -1.1541
25637 -1.10 5.39 27.69 -0.3282 1.0527 -0.9138 0.5705 -1.0585
25657 -1.10 6.03 34.98 0.0006 0.9818 -0.6746 0.9115 -1.0825
25677 -1.10 0.51 40.93 0.9982 -0.8153 -0.4670 0.9547 -1.0447
25697 -1.10 1.25 32.79 -0.9181 -0.1126 -0.7473 0.8486 -1.1154
25717 -1.10 1.95 36.95 -0.7698 0.8980 -0.5673 0.7885 -0.9286
25737 -1.10 2.71 40.22 0.7613 0.0147 -0.4254 0.7790 -0.8911
25757 -1.10 3.52 39.53 -0.7312 -0.1416 -0.7119 0.6088 -0.9230
25777 -1.10 4.19 31.61 -1.0648 1.0495 -0.9367 0.7828 -1.2646
25797 -1.10 4.71 25.22 -1.1099 0.6208 -0.9431 0.5900 -1.1087
25817 -1.10 5.19 25.83 -0.6522 -0.5026 -0.9342 0.6842 -1.1677
25837 -1.10 5.77 35.34 -0.5458 -0.4124 -0.7427 0.6102 -0.9282
25857 -1.10 0.24 39.60 -0.7344 0.7755 -0.4208 0.7645 -0.8636
25877 -1.10 1.01 37.77 0.8951 -0.2625 -0.5708 0.7217 -0.9160
25897 -1.10 1.71 35.84 0.1295 -0.9217 -0.7597 0.6469 -0.9687
25917 -1.10 2.45 39.28 -0.8069 0.4161 -0.5607 0.5804 -0.8248
25937 -1.10 3.28 39.75 0.7420 0.0309 -0.4356 0.7590 -0.8807
25957 -1.10 4.00 36.02 0.0908 -1.0039 -0.8370 0.7297 -1.1322
25977 -1.10 4.56 26.64 0.0812 -0.8943 -0.7810 0.6068 -0.9291
25997 -1.10 5.03 24.90 0.9483 -0.8927 -0.8932 0.5786 -1.0767
26017 -1.10 5.58 30.82 1.0321 -0.6170 -0.8112 0.6485 -1.0118
26037 -1.10 6.27 38.62 0.1908 -0.8379 -0.6935 0.5390 -0.9287
26057 -1.10 0.77 40.10 -0.9616 0.7755 -0.6309 0.8015 -1.0002
26077 -1.10 1.49 35.38 0.5066 0.4273 -0.6853 0.6361 -0.9089
26097 -1.10 2.22 40.77 0.9708 -0.8411 -0.5417 0.9042 -1.0058
26117 -1.10 3.01 41.37 -0.7118 0.0341 -0.3811 0.7068 -0.8139
26137 -1.10 3.79 37.45 0.6275 0.3758 -0.7203 0.7134 -1.0156
26157 -1.10 4.39 28.20 1.1675 -0.1964 -0.9621 0.7982 -1.2807
26177 -1.10 4.88 23.43 0.4825 0.6917 -1.0006 0.6261 -1.1845
26197 -1.10 5.39 28.77 -0.3057 1.0462 -0.8855 0.6111 -1.0785
26217 -1.10 6.04 37.31 0.0489 0.8883 -0.6092 0.8614 -0.9752
26237 -1.10 0.51 39.89 0.8983 -0.7992 -0.4369 0.8827 -0.9251
26257 -1.10 1.26 36.21 -0.9632 -0.1013 -0.6962 0.9466 -1.2021
26277 -1.10 1.95 37.43 -0.6344 0.9044 -0.5876 0.7190 -0.9220
26297 -1.10 2.74 41.11 0.7371 -0.4285 -0.5203 0.5267 -0.7471
26317 -1.10 3.55 40.35 -0.8730 -0.1432 -0.6035 0.9197 -1.0435
26337 -1.10 4.21 29.37 -0.9665 1.1526 -0.9179 0.8299 -1.2510
26357 -1.10 4.71 24.45 -1.1051 0.6530 -0.9125 0.6340 -1.0923
26377 -1.10 5.20 26.01 -0.7134 -0.3801 -0.8947 0.6575 -1.1418
26397 -1.10 5.80 32.46 -0.8246 -0.0755 -0.8390 0.5416 -0.9545
26417 -1.10 0.25 39.68 -0.5813 0.7626 -0.4396 0.6645 -0.7899
26437 -1.10 1.02 39.36 0.8677 -0.5284 -0.6330 0.6034 -0.8929
26457 -1.10 1.74 36.24 0.0457 -1.0119 -0.7384 0.8724 -1.1379
26477 -1.10 2.48 41.42 -0.9101 0.7529 -0.6562 0.7182 -0.9399
26497 -1.10 3.28 42.16 0.7516 -0.0110 -0.4015 0.7623 -0.8622
26517 -1.10 4.01 34.52 0.0618 -1.0361 -0.8592 0.7828 -1.1849
26537 -1.10 4.56 26.34 0.0538 -0.8878 -0.8030 0.5884 -0.9484
26557 -1.10 5.04 25.83 0.9708 -0.9233 -0.9036 0.6179 -1.1934
26577 -1.10 5.59 30.76 1.0160 -0.6847 -0.8102 0.6459 -0.9992
26597 -1.10 0.00 39.35 0.1569 -0.8894 -0.6993 0.6421 -0.9297
26617 -1.10 0.77 41.84 -1.0019 0.7948 -0.6142 0.8612 -1.0258
26637 -1.10 1.48 36.17 0.4035 0.4983 -0.6357 0.6419 -0.9130
26657 -1.10 2.22 38.23 0.9934 -0.8733 -0.5214 0.9507 -1.0159
26677 -1.10 3.01 41.59 -0.6747 0.1646 -0.3797 0.5923 -0.7027
26697 -1.10 3.78 35.33 0.5905 0.3403 -0.7185 0.6089 -0.9289
26717 -1.10 4.41 26.62 1.1900 -0.2689 -0.9541 0.8047 -1.2950
26737 -1.10 4.88 24.84 0.4551 0.6917 -0.9795 0.6117 -1.1627
26757 -1.10 5.40 27.88 -0.2412 1.0398 -0.8940 0.6207 -1.0953
26777 -1.10 6.04 35.49 0.2036 0.6981 -0.5858 0.7426 -0.8525
26797 -1.10 0.53 39.54 0.6420 -0.7637 -0.4458 0.6890 -0.8067
26817 -1.10 1.28 36.18 -0.9391 0.1115 -0.6018 0.8310 -0.9424
26837 -1.10 1.97 36.57 -0.2750 0.8835 -0.7225 0.5436 -0.9155
26857 -1.10 2.76 43.73 0.7968 -0.6815 -0.6503 0.5647 -0.8906
26877 -1.10 3.57 38.17 -0.8327 0.1227 -0.4786 0.7611 -0.8961
26897 -1.10 4.23 30.86 -0.7247 1.1301 -0.8808 0.7314 -1.1332
26917 -1.10 4.74 24.60 -0.9842 0.8399 -0.8706 0.6099 -1.0338
26937 -1.10 5.23 26.83 -0.8859 -0.1464 -0.8276 0.7502 -1.0214
26957 -1.10 5.82 32.89 -0.9616 -0.0384 -0.8285 0.7731 -1.1456
26977 -1.10 0.27 42.19 -0.1364 0.7787 -0.6684 0.4948 -0.8661
26997 -1.10 1.05 40.37 0.9466 -0.7943 -0.6956 0.7413 -1.0083
27017 -1.10 1.75 35.50 -0.0752 -0.8604 -0.6535 0.8085 -1.0733
27037 -1.10 2.49 39.25 -0.9052 0.7690 -0.6743 0.7058 -0.9514
27057 -1.10 3.30 40.94 0.7452 -0.2141 -0.4350 0.6320 -0.7755
27077 -1.10 4.02 33.96 -0.0220 -1.0200 -0.7680 0.9098 -1.1689
27097 -1.10 4.57 25.13 0.1053 -0.8846 -0.7257 0.6381 -0.9312
27117 -1.10 5.05 25.72 0.8806 -0.9958 -0.9080 0.6018 -1.0772
27137 -1.10 5.59 30.54 1.0031 -0.6847 -0.8182 0.6175 -1.0271
27157 -1.10 6.28 37.78 0.1585 -0.8830 -0.6806 0.6505 -0.9286
27177 -1.10 0.78 39.32 -1.0100 0.8061 -0.5950 0.8870 -1.0630
27197 -1.10 1.50 35.02 0.6372 0.2855 -0.7627 0.5575 -0.9708
27217 -1.10 2.23 38.48 1.0224 -0.8620 -0.4440 1.0060 -0.9701
27237 -1.10 3.02 40.79 -0.6812 0.2662 -0.4502 0.5184 -0.6765
27257 -1.10 3.80 36.67 0.7903 0.1646 -0.7597 0.6820 -1.0169
27277 -1.10 4.40 25.83 1.1256 -0.3060 -0.9253 0.7061 -1.2236
27297 -1.10 4.89 23.86 0.5582 0.5724 -0.9549 0.6054 -1.1794
27317 -1.10 5.40 27.53 -0.2428 1.0511 -0.9046 0.6268 -1.1019
27337 -1.10 6.04 36.07 0.2101 0.7271 -0.6078 0.7733 -0.9142
27357 -1.10 0.53 41.13 0.6888 -0.7524 -0.3638 0.7510 -0.8465
27377 -1.10 1.28 35.88 -0.9520 0.1243 -0.5883 0.8515 -0.9334
27397 -1.10 1.98 36.89 -0.1622 0.8464 -0.7732 0.4575 -0.9087
27417 -1.10 2.77 43.07 0.8999 -0.7605 -0.6193 0.7448 -0.9359
27437 -1.10 3.57 39.93 -0.8327 0.0857 -0.5191 0.7548 -0.8970
27457 -1.10 4.22 30.95 -0.8327 1.1430 -0.8740 0.7959 -1.2229
27477 -1.10 4.73 24.30 -0.9375 0.7884 -0.8815 0.4878 -1.0446
27497 -1.10 5.22 26.01 -0.8166 -0.1851 -0.8521 0.6404 -1.0435
27517 -1.10 5.80 33.81 -0.8810 -0.0529 -0.8249 0.6484 -1.0367
27537 -1.10 0.27 39.28 -0.2396 0.7948 -0.6308 0.5167 -0.8428
27557 -1.10 1.05 40.00 0.9386 -0.7637 -0.7010 0.7106 -0.9751
27577 -1.10 1.75 36.15 -0.0800 -0.8395 -0.6183 0.8095 -0.9236
27597 -1.10 2.49 38.82 -0.9375 0.7835 -0.6463 0.7702 -0.9707
27617 -1.10 3.30 40.87 0.7420 -0.2754 -0.4612 0.5916 -0.7614
27637 -1.10 4.03 33.48 -0.1090 -0.9732 -0.7890 0.8931 -1.1962
27657 -1.10 4.58 25.93 -0.1783 -0.8153 -0.8673 0.6084 -1.0255
27677 -1.10 5.05 25.71 0.8435 -1.0313 -0.9042 0.6238 -1.1010
27697 -1.10 5.60 33.44 0.9708 -0.7847 -0.8219 0.6215 -1.0276
27717 -1.10 0.03 37.77 0.1037 -0.9813 -0.6034 0.8936 -1.0042
27737 -1.10 0.79 39.31 -1.0487 0.8528 -0.6042 0.9373 -1.1355
27757 -1.10 1.50 35.39 0.6662 0.3435 -0.7515 0.6996 -1.0032
27777 -1.10 2.24 37.43 0.7452 -0.8153 -0.5146 0.7428 -0.9893
27797 -1.10 3.04 43.30 -0.7392 0.5821 -0.5889 0.5097 -0.8800
27817 -1.10 3.81 34.56 0.8225 0.1437 -0.7688 0.7043 -1.0570
27837 -1.10 4.40 29.95 1.1449 -0.2979 -0.9100 0.7635 -1.2236
27857 -1.10 4.89 24.09 0.5066 0.5692 -0.8936 0.6001 -1.1504
27877 -1.10 5.41 27.35 -0.2025 1.0269 -0.9154 0.5877 -1.0969
27897 -1.10 6.06 35.57 0.4293 0.4838 -0.6258 0.6656 -0.8895
27917 -1.10 0.56 40.00 0.2456 -0.8250 -0.6681 0.5209 -0.9101
27937 -1.10 1.29 36.22 -0.9439 0.3693 -0.6231 0.7188 -0.9111
27957 -1.10 2.00 37.77 -0.0832 0.9367 -0.7678 0.6967 -1.0444
27977 -1.10 2.79 39.33 1.0224 -0.8153 -0.5120 0.9520 -1.0080
27997 -1.10 3.58 39.52 -0.8520 0.2372 -0.5181 0.7107 -0.8509
28017 -1.10 4.24 30.23 -0.4668 1.0785 -0.8569 0.6601 -1.0813
28037 -1.10 4.75 23.45 -1.0374 0.9495 -0.9140 0.6987 -1.0786
28057 -1.10 5.24 26.58 -1.0197 0.1469 -0.9059 0.6281 -0.9271
28077 -1.10 5.85 35.01 -0.9697 0.2597 -0.6802 0.7384 -0.9622
28097 -1.10 0.32 38.00 -0.1364 0.9238 -0.4829 0.8725 -0.8870
28117 -1.10 1.06 37.39 1.0611 -0.9104 -0.6833 0.9227 -1.1668
28137 -1.10 1.76 35.89 -0.2186 -0.6493 -0.5817 0.6904 -0.8919
28157 -1.10 2.52 39.72 -0.7666 0.7561 -0.4492 0.7558 -0.8741
28177 -1.10 3.32 41.58 0.7581 -0.5494 -0.5941 0.5102 -0.8277
28197 -1.10 4.05 31.75 -0.4862 -0.6138 -0.8300 0.7256 -1.0612
28217 -1.10 4.60 25.14 -0.3766 -0.7025 -0.9152 0.6018 -1.0925
28237 -1.10 5.07 24.19 0.7500 -1.1199 -0.9435 0.6420 -1.1978
28257 -1.10 5.63 30.19 0.9305 -0.9926 -0.8406 0.7280 -1.1098
28277 -1.10 0.04 38.39 -0.0478 -0.8153 -0.5103 0.8250 -0.9137
28297 -1.10 0.81 39.34 -0.6409 0.8577 -0.5207 0.7242 -0.8767
28317 -1.10 1.53 34.86 0.8612 0.1308 -0.7765 0.7476 -1.1033
28337 -1.10 2.26 39.04 0.3971 -0.8362 -0.5866 0.5964 -0.8526
28357 -1.10 3.06 38.83 -0.9117 0.7497 -0.6197 0.7498 -0.9441
28377 -1.10 3.82 36.72 0.8741 0.1372 -0.7540 0.7970 -1.1216
28397 -1.10 4.42 27.69 1.1642 -0.4494 -0.9153 0.7355 -1.1966
28417 -1.10 4.89 24.18 0.5808 0.5466 -0.9467 0.6123 -1.0876
28437 -1.10 5.42 28.48 -0.0671 0.9882 -0.8924 0.6505 -1.0827
28457 -1.10 6.06 35.97 0.4390 0.3290 -0.5897 0.4960 -0.8873
28477 -1.10 0.56 40.44 0.2020 -0.8137 -0.6783 0.5078 -0.9104
28497 -1.10 1.31 36.50 -0.9052 0.5950 -0.6912 0.6072 -0.9592
28517 -1.10 2.03 36.36 -0.0816 1.0591 -0.7062 0.9437 -1.1486
28537 -1.10 2.79 40.71 0.8661 -0.7540 -0.4788 0.8112 -0.9032
28557 -1.10 3.60 39.39 -0.8633 0.4983 -0.6014 0.6241 -0.9304
28577 -1.10 4.25 29.43 -0.3605 1.0334 -0.8381 0.6309 -1.0608
28597 -1.10 4.76 25.08 -0.8827 1.0269 -0.9395 0.5946 -1.0886
28617 -1.10 5.26 25.90 -1.1438 0.3822 -0.9559 0.6652 -1.1896
28637 -1.10 5.86 32.92 -0.9520 0.3677 -0.7053 0.6514 -0.9309
28657 -1.10 0.32 40.03 -0.0607 0.8190 -0.4174 0.8116 -0.8710
28677 -1.10 1.09 38.04 0.8661 -0.9039 -0.5223 0.8791 -0.9486
