--- Terminal on /dev/ttyUSB0 | 115200 8-N-1
--- Available filters and text transformations: colorize, debug, default, direct, esp32_exception_decoder, hexlify, log2file, nocontrol, printable, send_on_enter, time
--- More details at https://bit.ly/pio-monitor-filters
--- Quit: Ctrl+C | Menu: Ctrl+T | Help: Ctrl+T followed by Ctrl+H
MOT: Init
MOT: Enable driver.
MOT: Align sensor.
MOT: sensor_direction==CCW
MOT: PP check: OK!
MOT: Zero elec. angle: 0.92
MOT: Align current sense.
CS: Inv B
MOT: Success: 3
MOT: Ready.
0 0.10 2.01 -0.05 -0.0799 0.0177 0.0820 0.0175 0.1004
8377 0.10 1.74 -15.93 0.0781 -0.0903 0.0612 0.0766 0.0890
8397 0.10 1.43 -15.33 0.0088 0.0822 -0.0569 0.0826 0.0938
8417 0.10 1.11 -16.49 0.1184 -0.0548 0.0744 0.0922 0.1273
8437 0.10 0.82 -12.51 -0.0944 0.0241 0.0735 0.0649 0.0809
8457 0.10 0.58 -10.95 0.0862 -0.0532 0.0705 0.0508 0.1024
8477 0.10 0.36 -10.20 -0.0460 0.1015 0.0662 0.0771 0.1053
8497 0.10 0.13 -11.72 -0.0122 -0.1596 0.1445 0.1259 0.0776
8517 0.10 6.21 -10.87 0.0991 -0.0210 0.0529 0.0900 -0.1423
8537 0.10 5.98 -12.01 -0.1073 0.0306 0.0938 0.0585 0.1131
8557 0.10 5.66 -16.66 0.0201 0.0048 0.0240 0.0110 0.1115
8577 0.10 5.30 -19.96 0.0378 -0.0709 0.0701 -0.0111 0.1297
8597 0.10 4.85 -23.43 0.0700 -0.1757 0.0315 -0.1741 0.1095
8617 0.10 4.35 -26.64 -0.0782 0.0999 0.0946 0.0457 0.1069
8637 0.10 3.85 -23.77 0.0507 0.0644 0.0594 0.0989 0.1449
8657 0.10 3.50 -15.18 0.0652 -0.0919 0.0804 0.0497 0.1057
8677 0.10 3.26 -10.87 0.0475 0.0628 0.0350 0.1050 0.1152
8697 0.10 3.10 -8.35 -0.1266 -0.0081 0.1316 0.0742 0.0847
8717 0.10 2.91 -8.59 0.1119 -0.1241 0.1127 0.0777 0.1476
8737 0.10 2.73 -9.51 0.0539 0.1080 0.1268 0.1054 0.1097
8757 0.10 2.57 -6.97 -0.0299 0.0628 -0.0041 0.0627 0.0462
8777 0.10 2.37 -9.89 -0.0782 -0.1080 -0.0241 0.1855 0.1129
8797 0.10 2.14 -12.31 0.0088 0.0677 0.0633 0.0547 0.1143
8817 0.10 1.88 -14.12 -0.0218 -0.0709 0.0854 0.0460 0.1842
8837 0.10 1.58 -15.80 0.0475 0.0677 0.0788 0.0847 0.0972
8857 0.10 1.28 -16.01 0.0088 -0.1112 0.1058 0.0640 0.1204
8877 0.10 0.95 -16.58 0.0072 0.0934 0.0425 0.1039 0.1070
8897 0.10 0.66 -13.98 -0.0170 -0.0290 0.0007 0.0466 0.0895
8917 0.10 0.42 -11.21 0.0185 0.0757 0.0689 0.0722 0.1149
8937 0.10 0.22 -10.07 -0.0766 -0.0145 0.0795 0.0572 0.0567
8957 0.10 6.28 -10.83 0.0845 -0.0484 0.0657 0.0536 0.1030
8977 0.10 6.06 -10.75 -0.0782 0.0886 0.0815 0.0524 0.0672
8997 0.10 5.79 -15.97 0.0330 -0.0855 0.0572 0.0645 0.1461
9017 0.10 5.44 -18.64 -0.0799 0.0274 0.0794 0.0169 0.1017
9037 0.10 5.01 -21.63 -0.0492 0.0644 0.0606 -0.0294 0.0698
9057 0.10 4.58 -21.78 0.0797 0.0225 0.1014 -0.0356 0.1651
9077 0.10 4.13 -22.50 0.0475 -0.0951 0.0946 0.0101 0.0578
9097 0.10 3.72 -19.45 -0.1201 0.1531 0.0606 0.1493 0.1577
9117 0.10 3.38 -13.00 0.1764 -0.0435 0.1290 0.1309 0.1158
9137 0.10 3.18 -8.61 -0.0799 0.0999 0.0648 0.0835 0.1049
9157 0.10 2.99 -11.08 -0.0073 -0.1080 0.0923 0.0903 0.1135
9177 0.10 2.79 -10.14 0.1377 -0.0274 0.0841 0.1191 0.1571
9197 0.10 2.60 -8.36 -0.0525 0.0628 0.0409 0.0535 0.1148
9217 0.10 2.41 -10.31 0.0217 -0.2466 0.2089 0.1759 0.0916
9237 0.10 2.22 -11.04 0.1039 -0.0419 0.0372 0.0977 0.1311
9257 0.10 1.99 -11.13 -0.1153 0.0644 0.0866 0.0766 0.1183
9277 0.10 1.70 -16.58 0.0539 -0.0403 0.0327 0.0456 0.0550
9297 0.10 1.41 -13.88 -0.0831 0.0532 0.0526 0.0656 0.0858
9317 0.10 1.10 -17.43 0.1264 -0.0629 0.0593 0.1117 0.1408
9337 0.10 0.79 -14.33 -0.0782 0.0306 0.0303 0.0728 0.0817
9357 0.10 0.55 -12.23 0.1522 -0.0339 0.1376 0.0813 0.2036
9377 0.10 0.30 -12.15 -0.1395 0.1015 0.1094 0.0940 0.1129
9397 0.10 0.06 -10.99 0.1377 -0.1435 0.1437 0.0758 0.1758
9417 0.10 6.10 -12.51 -0.0363 0.0967 0.0752 0.0622 0.0707
9437 0.10 5.86 -13.71 -0.1314 -0.1112 0.1027 0.2202 0.1010
9457 0.10 5.50 -20.09 -0.0621 0.1208 0.0845 0.0864 0.0593
9477 0.10 5.08 -22.13 0.0088 0.0660 0.0781 -0.0242 0.0917
9497 0.10 4.64 -23.54 0.0926 -0.0145 0.0820 -0.0566 0.0797
9517 0.10 4.19 -22.70 -0.0009 0.0048 -0.0051 0.0008 0.1310
9537 0.10 3.76 -18.69 -0.0718 0.1337 0.0620 0.1186 0.1034
9557 0.10 3.45 -13.43 0.0991 -0.1161 0.0683 0.1051 0.1609
9577 0.10 3.23 -10.44 -0.0621 0.1160 0.0915 0.0714 0.1154
9597 0.10 3.05 -10.08 -0.0653 -0.1419 0.1985 0.0739 0.1039
9617 0.10 2.86 -7.72 0.1119 -0.0726 0.0869 0.0732 0.1231
9637 0.10 2.68 -9.39 -0.0202 0.0822 0.0619 0.0592 0.1149
9657 0.10 2.51 -9.79 -0.0766 -0.0113 0.0765 0.0575 0.0831
9677 0.10 2.31 -6.38 0.0749 -0.0693 0.0603 0.0576 0.0967
9697 0.10 2.09 -11.49 -0.0944 0.1708 0.1462 0.0889 0.1739
9717 0.10 1.82 -14.56 0.0088 -0.0919 0.0691 0.0742 0.1146
9737 0.10 1.53 -15.02 -0.0057 0.0951 0.0573 0.0899 0.1080
9757 0.10 1.23 -15.56 -0.0782 -0.1048 -0.0044 0.1836 0.0949
9777 0.10 0.94 -14.61 -0.0428 0.1160 0.0732 0.0917 0.1045
9797 0.10 0.68 -12.51 0.0136 -0.0822 0.0598 0.0647 0.0862
9817 0.10 0.44 -11.54 0.0604 0.0193 0.0275 0.0784 0.1642
9837 0.10 0.25 -9.23 -0.1105 0.0306 0.0880 0.0726 0.1157
9857 0.10 0.05 -10.21 0.1055 -0.0983 0.1011 0.0607 0.1164
9877 0.10 6.10 -12.86 -0.0041 0.0999 0.0609 0.0953 -0.2859
9897 0.10 5.84 -15.04 0.0201 -0.1370 0.1266 0.0767 0.0655
9917 0.10 5.52 -18.07 -0.0605 0.0822 0.0819 0.0232 0.1154
9937 0.10 5.13 -21.91 0.0733 0.0499 0.1201 -0.0304 0.1351
9957 0.10 4.66 -26.91 0.1232 -0.0822 0.1203 -0.0358 0.1611
9977 0.10 4.19 -23.22 -0.1121 -0.0629 0.1405 0.1080 0.0967
9997 0.10 3.76 -20.31 -0.0686 0.1208 0.0599 0.1054 0.2060
10017 0.10 3.44 -12.85 0.0926 -0.0983 0.0554 0.0955 0.1150
10037 0.10 3.21 -10.46 -0.0041 0.0628 0.0139 0.0689 -0.1535
10057 0.10 3.03 -10.56 -0.0895 -0.0742 0.1094 0.1221 0.1389
10077 0.10 2.85 -8.31 0.0862 -0.0403 0.0722 0.0471 0.1010
10097 0.10 2.66 -8.28 -0.0460 0.0886 0.0736 0.0494 0.0859
10117 0.10 2.50 -9.72 -0.0234 0.0145 0.0015 0.0236 0.1020
10137 0.10 2.29 -9.86 0.0862 -0.0661 0.0635 0.0641 -0.1201
10157 0.10 2.05 -11.27 -0.0299 0.0644 0.0290 0.0576 0.1163
10177 0.10 1.79 -14.13 0.0797 -0.1419 0.1087 0.0918 0.0800
10197 0.10 1.48 -15.05 -0.0283 0.0822 0.0328 0.0768 0.1129
10217 0.10 1.16 -14.28 0.0410 -0.1129 -0.0031 0.1142 0.1015
10237 0.10 0.88 -13.24 -0.1040 0.1063 0.0802 0.0912 0.0997
10257 0.10 0.61 -14.06 0.0443 -0.0806 0.0335 0.0735 0.1088
10277 0.10 0.36 -11.91 -0.0315 0.1015 0.0526 0.0896 0.1004
10297 0.10 0.12 -12.92 -0.0073 -0.0951 0.0767 0.0848 0.1096
10317 0.10 6.17 -12.45 -0.0492 0.0467 0.0367 -0.0416 0.1241
10337 0.10 5.92 -13.82 -0.0589 -0.0387 0.0839 0.0511 -0.0563
10357 0.10 5.61 -14.96 0.0652 0.0854 0.1300 0.0768 0.1076
10377 0.10 5.23 -20.78 0.1055 -0.0726 0.1038 -0.0296 0.1012
10397 0.10 4.81 -21.79 -0.0105 0.0951 -0.0862 0.0586 0.0966
10417 0.10 4.36 -21.71 -0.0960 0.0999 0.1110 0.0217 0.1117
10437 0.10 3.92 -22.15 0.1377 -0.0339 0.0628 0.1291 0.2063
10457 0.10 3.55 -15.47 -0.0331 -0.1644 0.1318 0.1655 0.1116
10477 0.10 3.31 -11.18 0.0346 0.0725 0.0855 0.0680 0.1177
10497 0.10 3.07 -11.45 -0.0799 0.0306 0.0259 0.0763 0.0809
10517 0.10 2.87 -8.85 0.0926 -0.0806 0.0702 0.0723 0.1136
10537 0.10 2.68 -10.12 0.0265 0.0854 0.0409 0.1096 0.1116
10557 0.10 2.52 -8.72 -0.0605 0.0129 0.0437 0.0464 -0.0716
10577 0.10 2.32 -10.54 0.0862 -0.1048 0.0685 0.0884 0.1289
10597 0.10 2.08 -11.73 -0.0363 0.0886 0.0591 0.0666 0.0896
10617 0.10 1.83 -13.88 0.1039 -0.0887 0.1050 -0.0395 0.1272
10637 0.10 1.56 -14.19 -0.0267 0.0886 0.0836 0.0358 0.1024
10657 0.10 1.26 -16.26 0.0201 -0.0983 0.0823 0.0635 0.0968
10677 0.10 0.96 -13.67 -0.0267 0.1015 0.0750 0.0738 0.1093
10697 0.10 0.68 -14.58 -0.1314 -0.0903 -0.0013 0.2230 0.0984
10717 0.10 0.43 -12.86 0.0668 -0.0951 -0.0964 0.0160 0.1116
10737 0.10 0.21 -10.17 -0.0686 0.0032 0.0482 0.0605 0.1774
10757 0.10 6.26 -11.78 0.0781 -0.0597 0.0346 0.0740 0.0950
10777 0.10 6.02 -11.86 -0.0299 0.0419 0.0183 0.0391 0.0559
10797 0.10 5.75 -14.57 0.1055 -0.0790 0.1024 0.0396 0.1164
10817 0.10 5.40 -19.54 -0.1830 -0.0113 0.2112 0.0546 0.0365
10837 0.10 4.95 -25.13 -0.0702 0.0660 0.0787 -0.0018 0.1024
10857 0.10 4.46 -25.67 0.0330 0.0596 0.0837 0.0423 0.0400
10877 0.10 3.97 -22.29 0.0958 -0.0887 0.0282 0.1030 0.1114
10897 0.10 3.53 -18.76 -0.0460 -0.0855 0.0363 0.1284 0.1210
10917 0.10 3.24 -12.34 -0.0379 0.1241 0.0896 0.0902 0.1767
10937 0.10 3.05 -10.55 -0.2104 -0.0145 0.1254 0.2183 0.0690
10957 0.10 2.84 -11.06 0.0894 -0.0597 0.0511 0.0753 0.0892
10977 0.10 2.64 -8.55 -0.0331 -0.0049 0.0286 -0.0298 0.1080
10997 0.10 2.46 -11.50 -0.0283 -0.0097 0.0200 0.0340 0.0962
11017 0.10 2.26 -12.60 0.1055 -0.0613 0.0612 0.0865 0.1162
11037 0.10 2.03 -10.26 -0.0799 0.0822 0.0685 0.0637 0.1219
11057 0.10 1.79 -12.28 0.1023 -0.1209 0.1211 0.0478 0.1305
11077 0.10 1.51 -15.46 -0.0363 0.1660 0.0843 0.1528 0.0837
11097 0.10 1.21 -15.71 0.0991 -0.1338 0.1135 0.0800 0.1375
11117 0.10 0.91 -13.34 -0.0428 0.0870 0.0438 0.0752 0.0880
11137 0.10 0.64 -12.00 0.0668 -0.0951 0.0798 0.0564 0.0967
11157 0.10 0.41 -11.24 0.0120 0.0725 0.0564 0.0720 0.1019
11177 0.10 0.22 -9.64 -0.0976 0.0644 0.0107 0.0987 0.1158
11197 0.10 6.28 -11.28 0.1216 -0.1693 0.0295 0.1721 0.1548
11217 0.10 6.04 -12.07 -0.0363 0.0644 0.0332 0.0554 0.0765
11237 0.10 5.76 -16.44 0.0636 -0.0613 0.0640 0.0332 0.1056
11257 0.10 5.41 -19.72 -0.0960 -0.0097 0.1157 0.0160 0.0593
11277 0.10 4.96 -27.02 -0.0976 0.1015 0.1141 -0.0140 0.1187
11297 0.10 4.46 -26.57 0.0136 0.0564 0.0699 0.0250 0.1069
11317 0.10 3.89 -26.21 0.1829 -0.0532 0.0283 0.1859 0.1499
11337 0.10 3.52 -16.22 -0.0283 -0.0500 0.0101 0.0786 0.1063
11357 0.10 3.29 -10.47 0.0459 -0.0049 -0.0063 0.0500 0.1060
11377 0.10 3.13 -8.34 -0.0637 0.0532 0.0297 0.0615 -0.0902
11397 0.10 2.94 -9.22 0.0233 -0.0661 0.0415 0.0527 0.0922
11417 0.10 2.78 -11.43 0.0781 0.0177 0.0726 0.0715 0.1206
11437 0.10 2.62 -7.03 -0.1040 0.0951 0.0972 0.0621 0.1158
11457 0.10 2.40 -12.49 -0.0073 -0.0097 0.0050 0.0163 0.1080
11477 0.10 2.18 -12.89 0.0507 0.0080 0.0314 0.0554 0.0867
11497 0.10 1.97 -11.13 -0.1008 0.0241 0.0888 0.0565 0.1204
11517 0.10 1.71 -14.25 0.1087 -0.0661 0.0819 0.0728 0.1209
11537 0.10 1.43 -15.23 -0.0428 0.0370 0.0251 0.0391 0.0520
11557 0.10 1.13 -15.06 0.0700 -0.0532 0.0422 0.0597 0.1088
11577 0.10 0.85 -13.80 -0.1201 0.0644 0.0877 0.0823 0.1166
11597 0.10 0.59 -12.28 0.0765 -0.0855 0.0475 0.0810 0.0918
11617 0.10 0.36 -10.47 -0.0444 0.1450 0.0789 0.1259 0.0886
11637 0.10 0.16 -10.71 -0.1459 -0.0790 0.0978 0.2062 0.1011
11657 0.10 6.22 -10.43 0.1345 0.0145 0.1343 0.0946 0.1128
11677 0.10 6.00 -12.45 -0.1008 0.0532 0.0805 0.0608 0.1025
11697 0.10 5.72 -14.92 0.0958 -0.0468 0.0834 0.0471 0.1120
11717 0.10 5.37 -18.23 -0.0283 -0.0548 0.0841 -0.0082 0.0446
11737 0.10 4.95 -21.84 -0.1073 0.0854 0.1098 -0.0279 0.1150
11757 0.10 4.53 -20.42 0.0217 0.0886 0.1045 -0.0523 0.1231
11777 0.10 4.13 -20.85 0.0555 -0.1080 0.1078 0.0078 0.1163
11797 0.10 3.74 -18.92 -0.0363 0.0951 0.0113 0.0953 -0.1210
11817 0.10 3.43 -12.46 0.0862 -0.0790 0.0528 0.0797 0.1113
11837 0.10 3.21 -10.42 -0.0057 0.1047 0.0241 0.1153 0.1107
11857 0.10 3.03 -10.33 -0.0799 -0.0387 0.0703 0.0983 0.1370
11877 0.10 2.84 -10.27 0.1039 -0.0822 0.0472 0.0989 0.1165
11897 0.10 2.65 -8.47 -0.0138 0.0644 0.0287 0.0615 0.1034
11917 0.10 2.46 -11.20 -0.0444 -0.0564 0.0809 0.0606 -0.0377
11937 0.10 2.26 -10.39 0.0991 -0.0371 0.0786 0.0620 0.3164
11957 0.10 2.04 -10.12 -0.0799 0.0886 0.0694 0.0687 0.0569
11977 0.10 1.79 -13.60 0.1506 -0.0661 0.1437 -0.0463 0.0876
11997 0.10 1.50 -15.61 -0.0073 0.0644 0.0207 0.0675 0.0842
12017 0.10 1.19 -15.84 0.0765 -0.0919 0.0771 0.0611 0.1060
12037 0.10 0.89 -15.31 -0.0492 0.0693 0.0346 0.0623 -0.0809
12057 0.10 0.63 -11.51 0.0539 -0.1064 0.0600 0.0879 0.1159
12077 0.10 0.39 -11.28 -0.0009 0.0886 0.0534 0.0867 0.1054
12097 0.10 0.18 -10.93 -0.0428 -0.0597 0.0872 0.0546 0.0559
12117 0.10 6.24 -11.09 0.0668 -0.0210 0.0470 0.0496 0.0867
12137 0.10 6.02 -9.85 -0.0799 0.0548 0.0693 0.0431 0.1256
12157 0.10 5.74 -15.00 0.1055 -0.0484 0.1043 0.0167 0.1267
12177 0.10 5.41 -18.58 -0.0460 -0.0161 0.0644 -0.0043 0.0614
12197 0.10 4.97 -23.84 -0.0944 0.0596 0.0781 -0.0549 0.0785
12217 0.10 4.52 -23.54 0.0023 0.0693 0.0732 -0.0356 0.1070
12237 0.10 4.06 -23.45 0.1248 -0.1596 0.1431 0.0877 0.1810
12257 0.10 3.65 -18.11 -0.1814 0.0306 0.1207 0.1521 0.1898
12277 0.10 3.36 -12.00 0.0797 -0.0468 0.0086 0.0796 0.1037
12297 0.10 3.17 -8.61 0.0314 0.0628 -0.0591 0.0755 0.0636
12317 0.10 2.99 -10.47 -0.0057 -0.0855 0.0742 0.0701 0.0516
12337 0.10 2.81 -9.73 0.0410 0.0596 0.1008 -0.0084 0.1234
12357 0.10 2.63 -7.18 -0.0686 0.0951 0.0728 0.0657 0.1163
12377 0.10 2.43 -11.56 -0.0138 -0.0113 0.0101 0.0230 0.0761
12397 0.10 2.20 -12.41 -0.0782 0.0032 -0.0428 -0.0775 0.1379
12417 0.10 1.96 -11.94 -0.0750 0.0741 0.0026 0.0861 0.1013
12437 0.10 1.67 -15.19 0.0974 -0.0178 0.0822 0.0633 0.0611
12457 0.10 1.32 -17.08 -0.0589 -0.0387 0.0684 0.0706 0.0911
12477 0.10 1.01 -15.11 0.0217 0.0757 0.0830 0.0597 0.1162
12497 0.10 0.74 -14.35 -0.0718 -0.0274 0.0466 0.0912 -0.0528
12517 0.10 0.49 -12.41 0.1136 -0.0339 0.0380 0.1102 0.1397
12537 0.10 0.27 -10.17 -0.1314 0.0548 0.1082 0.0756 0.1114
12557 0.10 0.05 -10.87 0.0668 -0.0790 0.0635 0.0566 0.0916
12577 0.10 6.09 -13.67 -0.0041 0.0822 0.0492 0.0785 0.1160
12597 0.10 5.81 -16.14 0.0475 -0.1048 0.0886 0.0563 0.1139
12617 0.10 5.46 -20.66 -0.1105 0.0693 0.1077 0.0293 0.0842
12637 0.10 5.03 -22.87 0.0023 0.0338 0.0396 0.0083 0.0803
12657 0.10 4.58 -23.90 0.0765 0.0129 0.0945 -0.0201 0.1120
12677 0.10 4.11 -23.65 -0.0041 -0.1902 0.1437 0.1692 0.1739
12697 0.10 3.70 -17.38 -0.1201 0.0886 0.0680 0.1044 0.1106
12717 0.10 3.42 -10.44 0.1055 -0.0435 0.0872 0.0603 0.1066
12737 0.10 3.21 -9.49 -0.0589 0.0999 0.0698 0.0722 0.0984
12757 0.10 3.04 -9.98 -0.0750 -0.0790 0.1191 0.0976 0.2287
12777 0.10 2.87 -7.68 0.1184 -0.0742 0.0982 0.0684 0.1296
12797 0.10 2.67 -9.82 -0.0234 0.1015 0.0704 0.0796 0.1149
12817 0.10 2.50 -10.74 -0.1105 -0.0049 0.0867 0.0975 0.0279
12837 0.10 2.30 -9.06 0.1119 -0.0790 0.0911 0.0702 0.1292
12857 0.10 2.08 -10.93 -0.0621 0.1144 0.0882 0.0731 0.1130
12877 0.10 1.83 -15.23 0.0265 0.1208 -0.0858 -0.1316 0.0938
12897 0.10 1.54 -15.65 -0.0041 0.0644 0.0459 0.0557 0.1090
12917 0.10 1.23 -16.09 -0.0041 -0.0629 0.0242 0.0711 0.0954
12937 0.10 0.92 -15.34 -0.0234 0.1531 0.0527 0.1562 0.1204
12957 0.10 0.63 -14.56 0.0604 -0.0145 0.0586 -0.0231 0.1164
12977 0.10 0.40 -11.04 -0.0009 0.0886 0.0619 0.0809 0.1275
12997 0.10 0.19 -10.25 -0.0508 -0.0274 0.0577 0.0546 0.0582
13017 0.10 6.25 -11.38 0.0700 -0.0274 0.0502 0.0497 0.1041
13037 0.10 6.00 -11.86 -0.1008 0.0693 0.0782 0.0672 0.1641
13057 0.10 5.72 -15.33 0.1119 -0.0500 0.1061 0.0365 0.1298
13077 0.10 5.36 -19.39 -0.0283 -0.0387 0.0670 0.0053 0.0581
13097 0.10 4.92 -23.56 -0.0879 0.0628 0.0905 -0.0029 0.0858
13117 0.10 4.48 -21.25 -0.0105 0.0660 0.0694 -0.0147 0.0820
13137 0.10 4.00 -22.73 0.1764 -0.1515 0.1234 0.1458 0.1955
13157 0.10 3.60 -17.62 -0.1653 -0.0097 0.0684 0.1844 0.0714
13177 0.10 3.35 -11.44 0.1055 -0.0145 0.0533 0.1011 0.1321
13197 0.10 3.17 -8.94 -0.0799 0.0886 0.0599 0.0772 0.0941
13217 0.10 2.96 -11.00 0.0233 -0.1080 0.0737 0.0866 0.0934
13237 0.10 2.77 -10.24 -0.0573 0.0096 -0.0235 -0.0567 0.1308
13257 0.10 2.61 -6.47 -0.0799 0.1208 0.0607 0.1068 0.0608
13277 0.10 2.43 -11.13 -0.0105 -0.0790 0.0748 0.0632 0.2277
13297 0.10 2.23 -10.11 -0.0799 -0.1145 -0.1949 -0.0130 0.1129
13317 0.10 2.00 -10.60 -0.1201 0.0612 0.1035 0.0610 0.0780
13337 0.10 1.73 -14.44 0.0991 0.0032 0.1143 -0.0213 0.1194
13357 0.10 1.43 -15.22 -0.0525 0.1160 -0.0074 0.1159 0.1032
13377 0.10 1.11 -15.80 0.0813 -0.0403 0.0498 0.0643 0.1262
13397 0.10 0.82 -14.19 -0.1201 0.0306 0.0977 0.0777 0.0778
13417 0.10 0.57 -9.72 0.0974 -0.0822 0.0579 0.0874 0.1164
13437 0.10 0.34 -10.77 -0.0702 0.1112 0.0719 0.0864 0.1136
13457 0.10 0.14 -11.02 -0.0299 -0.1177 0.1054 0.1151 0.0813
13477 0.10 6.20 -12.10 0.0991 0.0435 0.1130 0.0926 0.1453
13497 0.10 5.93 -13.65 -0.1798 0.0048 0.1514 0.1380 0.0581
13517 0.10 5.62 -16.99 0.0733 0.0370 0.0885 0.0691 0.2069
13537 0.10 5.26 -20.30 0.1055 -0.2112 0.2026 0.0597 0.0949
13557 0.10 4.84 -22.25 -0.0396 -0.0387 0.0739 -0.0259 0.0692
13577 0.10 4.39 -21.81 -0.1169 0.1144 0.1310 -0.0263 0.1256
13597 0.10 3.94 -23.47 0.1184 -0.0726 0.0419 0.1118 0.1166
13617 0.10 3.50 -19.06 0.0459 -0.1499 0.0859 0.1274 0.1511
13637 0.10 3.26 -10.25 0.0233 0.0741 0.0427 0.0923 0.1546
13657 0.10 3.09 -8.87 -0.1201 0.0032 0.1097 0.0819 0.1141
13677 0.10 2.91 -7.91 0.0459 -0.0661 0.0455 0.0502 0.0537
13697 0.10 2.73 -8.55 0.0330 0.0644 0.0769 0.0625 0.1909
13717 0.10 2.57 -7.63 -0.1073 0.0370 0.0995 0.0443 0.0602
13737 0.10 2.37 -11.21 0.0314 -0.0274 0.0340 0.0030 0.1049
13757 0.10 2.13 -13.06 0.0023 0.0757 0.0669 0.0584 0.1090
13777 0.10 1.88 -15.10 -0.0589 -0.0532 0.0694 0.0881 -0.0528
13797 0.10 1.58 -15.05 0.0410 -0.0693 -0.0686 0.0125 0.1161
13817 0.10 1.27 -16.70 0.0023 -0.1096 0.0946 0.0821 0.1165
13837 0.10 0.96 -15.28 0.0120 0.1434 0.0779 0.1544 0.1526
13857 0.10 0.68 -13.57 0.0169 -0.1112 0.0845 0.0851 0.2034
13877 0.10 0.40 -12.13 0.0072 0.0886 0.0655 0.0842 0.1354
13897 0.10 0.19 -11.78 -0.0460 -0.0387 0.0682 0.0504 0.0567
13917 0.10 6.24 -11.43 0.0700 -0.0145 0.0550 0.0494 0.0905
13937 0.10 5.99 -12.13 -0.0782 0.0338 0.0660 0.0424 0.0525
13957 0.10 5.68 -18.34 0.1119 -0.0145 0.1090 0.0542 0.3563
13977 0.10 5.30 -22.96 -0.0057 0.0306 -0.0323 -0.0041 0.0741
13997 0.10 4.87 -22.85 -0.0847 -0.0355 0.1103 -0.0554 0.1168
14017 0.10 4.34 -27.21 -0.0718 0.0886 0.0763 0.0551 0.0960
14037 0.10 3.77 -26.29 -0.0234 0.1595 0.0349 0.1687 0.1392
14057 0.10 3.38 -14.38 0.1313 -0.0887 0.0410 0.1275 0.1619
14077 0.10 3.17 -9.17 -0.0863 0.1063 0.0611 0.0951 0.1103
14097 0.10 2.98 -9.74 0.0056 -0.0855 0.0725 0.0623 0.0939
14117 0.10 2.82 -9.73 0.1119 -0.0468 0.0706 0.0875 0.1184
14137 0.10 2.64 -8.01 -0.0557 0.0951 0.0699 0.0651 0.1159
14157 0.10 2.46 -11.08 -0.0460 -0.0790 0.1047 0.0708 0.0558
14177 0.10 2.25 -10.58 0.0475 -0.0226 0.0262 0.0396 0.1166
14197 0.10 2.03 -10.97 -0.1073 0.0983 0.0884 0.0797 0.1234
14217 0.10 1.75 -14.35 0.0862 -0.0871 0.0756 0.0655 0.1060
14237 0.10 1.46 -15.09 -0.0105 0.1112 -0.0154 0.1218 0.1135
14257 0.10 1.15 -15.55 0.0926 -0.0983 0.0577 0.0941 0.1086
14277 0.10 0.87 -13.51 -0.0428 0.0789 0.0155 0.0775 0.0899
14297 0.10 0.61 -13.51 0.1281 -0.0935 0.1196 0.0571 0.1097
14317 0.10 0.37 -11.23 -0.0105 0.0822 0.0369 0.0814 0.0949
14337 0.10 0.16 -10.27 -0.0492 -0.0790 0.0955 0.0872 0.2315
14357 0.10 6.23 -10.84 0.1119 -0.1419 -0.0435 0.1431 0.1469
14377 0.10 6.00 -11.14 -0.1073 0.0628 0.0882 0.0620 0.1087
14397 0.10 5.68 -17.00 0.0894 0.0129 0.1085 0.0249 0.1142
14417 0.10 5.30 -20.45 0.0233 -0.0693 0.0705 0.0036 0.0304
14437 0.10 4.87 -20.59 -0.0557 -0.0161 0.0702 -0.0275 0.1141
14457 0.10 4.46 -19.03 -0.0621 0.0886 0.0771 -0.0482 0.1000
14477 0.10 4.06 -21.69 0.0797 -0.1048 0.0949 0.0545 0.1124
14497 0.10 3.67 -18.63 -0.1346 0.0644 0.0703 0.1149 -0.1699
14517 0.10 3.38 -11.80 0.0926 -0.0274 0.0655 0.0690 0.1036
14537 0.10 3.18 -9.69 -0.0702 0.1628 0.0347 0.1595 -0.1265
14557 0.10 2.97 -11.05 0.0249 -0.1564 0.1144 0.1231 0.1451
14577 0.10 2.79 -8.78 0.0733 -0.0145 0.0459 0.0626 0.1125
14597 0.10 2.63 -6.72 -0.0186 0.1112 0.0260 0.1162 0.1165
14617 0.10 2.45 -10.33 -0.0573 -0.0178 0.0314 0.0719 -0.0548
14637 0.10 2.26 -12.40 -0.0686 -0.0951 -0.1588 0.0425 0.1236
14657 0.10 2.02 -11.73 -0.0686 0.1499 0.0182 0.1489 0.1056
14677 0.10 1.73 -14.60 0.1345 -0.0758 0.1200 0.0615 0.1047
14697 0.10 1.43 -14.41 -0.0702 0.0886 0.0321 0.0878 0.1053
14717 0.10 1.13 -15.04 0.0991 -0.0790 0.0540 0.0897 0.1162
14737 0.10 0.84 -15.07 -0.1314 0.0580 0.0983 0.0877 0.1075
14757 0.10 0.57 -11.12 0.0991 -0.0468 0.0858 0.0496 0.0617
14777 0.10 0.36 -10.69 -0.0525 0.0951 0.0676 0.0671 0.1069
14797 0.10 0.15 -11.56 -0.0331 -0.0532 0.0512 0.0704 0.1025
14817 0.10 6.20 -11.67 0.0991 -0.0161 0.0507 0.0934 -0.1875
14837 0.10 5.97 -10.64 -0.0750 -0.0129 0.0935 0.0165 0.0583
14857 0.10 5.67 -17.17 0.0781 0.0048 0.0835 0.0412 0.0727
14877 0.10 5.30 -17.95 0.0410 -0.0806 0.0788 -0.0171 0.0842
14897 0.10 4.89 -24.46 -0.0234 0.0048 0.0246 -0.0032 0.1337
14917 0.10 4.41 -23.95 -0.0315 0.0644 0.0637 0.0099 0.0941
14937 0.10 3.95 -23.86 0.1506 -0.0468 0.1055 0.1124 0.1163
14957 0.10 3.49 -18.61 0.0410 -0.1419 0.0599 0.1331 0.1082
14977 0.10 3.25 -10.65 0.0297 0.0596 0.0222 0.0882 0.1021
14997 0.10 3.08 -8.82 -0.1556 0.0386 0.0952 0.1311 0.1057
15017 0.10 2.90 -8.59 0.1039 -0.0951 0.0968 0.0625 0.1162
15037 0.10 2.70 -9.70 -0.0041 0.1176 0.0975 0.0911 0.1186
15057 0.10 2.54 -8.15 -0.1298 0.0112 0.1247 0.0716 0.1285
15077 0.10 2.33 -10.02 0.0571 -0.0693 0.0520 0.0527 0.0836
15097 0.10 2.10 -12.27 -0.0396 0.1112 0.0883 0.0700 0.1163
15117 0.10 1.84 -15.06 0.0056 -0.0806 0.0720 0.0540 0.0988
15137 0.10 1.56 -16.36 0.0088 0.0757 0.0649 0.0665 0.1140
15157 0.10 1.25 -15.28 0.0297 -0.0903 0.0756 0.0525 0.0963
15177 0.10 0.97 -16.56 0.0249 0.1402 0.0928 0.1519 0.1503
15197 0.10 0.69 -13.91 -0.0154 -0.0887 0.0700 0.0879 0.1096
15217 0.10 0.44 -12.01 -0.0799 0.0532 0.0454 -0.0674 0.1567
15237 0.10 0.23 -11.23 -0.0766 0.0112 0.0541 0.0626 -0.0563
15257 0.10 6.28 -10.79 0.0700 -0.0403 0.0520 0.0474 0.1017
15277 0.10 6.05 -11.82 -0.1218 0.1273 0.1237 0.0735 0.1641
15297 0.10 5.77 -14.59 0.0797 -0.0822 0.0826 0.0438 0.1057
15317 0.10 5.42 -19.65 -0.0315 -0.1338 0.1204 -0.1278 0.0810
15337 0.10 4.94 -26.04 0.0249 0.0934 0.0320 0.1206 0.0953
15357 0.10 4.42 -26.13 -0.0283 0.0741 0.0738 0.0119 0.0923
15377 0.10 3.94 -24.41 0.1538 -0.0178 0.1173 0.1207 0.1774
15397 0.10 3.55 -16.55 -0.0396 -0.0726 0.0537 0.1003 0.1197
15417 0.10 3.31 -10.77 0.0765 0.0403 0.0674 0.0976 0.1269
15437 0.10 3.13 -9.05 -0.0879 0.0467 0.0630 0.0614 0.0911
15457 0.10 2.94 -8.48 0.0717 -0.1112 0.0950 0.0608 0.1165
15477 0.10 2.76 -9.82 0.0991 0.0112 0.0662 0.1018 0.1527
15497 0.10 2.59 -7.85 -0.0879 0.1660 0.0190 0.1650 0.0559
15517 0.10 2.38 -10.62 0.0668 -0.0983 0.0942 0.0349 0.1041
15537 0.10 2.17 -11.97 0.0604 0.0628 0.0859 0.0883 0.1450
15557 0.10 1.93 -13.46 -0.1137 -0.0145 0.1085 0.0891 0.1321
15577 0.10 1.66 -14.53 0.0733 -0.0033 0.0655 0.0506 0.0958
15597 0.10 1.37 -14.39 -0.0944 0.0145 0.0676 0.0759 0.0980
15617 0.10 1.05 -16.10 0.1103 -0.0016 0.0575 0.1126 0.1001
15637 0.10 0.77 -13.32 -0.1201 -0.0290 0.1067 0.1168 0.1502
15657 0.10 0.52 -12.14 0.1377 -0.0387 0.0864 0.1127 0.1620
15677 0.10 0.30 -9.77 -0.1008 0.0934 0.0689 0.0888 0.1161
15697 0.10 0.07 -11.49 0.0749 -0.0983 0.0887 0.0518 0.1560
15717 0.10 6.11 -11.09 -0.0202 0.1080 0.0871 0.0748 0.1165
15737 0.10 5.85 -14.40 -0.0202 -0.0871 0.0815 0.0798 0.0400
15757 0.10 5.51 -18.70 0.0410 0.0886 0.0028 0.1325 0.0905
15777 0.10 5.10 -21.26 0.0040 0.0564 0.0562 -0.0373 0.1164
15797 0.10 4.65 -23.00 0.0862 0.0564 0.0399 -0.1379 0.1255
15817 0.10 4.19 -24.40 0.0394 -0.0532 0.0389 -0.0392 0.0876
15837 0.10 3.75 -19.84 -0.0428 0.1370 0.0221 0.1384 -0.1551
15857 0.10 3.41 -12.51 0.1103 -0.0822 0.0538 0.1013 0.1634
15877 0.10 3.20 -8.91 -0.0234 0.0757 0.0300 0.0715 0.1866
15897 0.10 3.02 -10.14 0.0056 -0.0081 0.0078 -0.0029 0.0790
15917 0.10 2.84 -8.41 0.1119 -0.0500 0.0901 0.0668 0.1257
15937 0.10 2.65 -8.46 -0.0379 0.1047 0.0597 0.0877 0.1268
15957 0.10 2.47 -10.34 -0.0799 -0.0629 0.1050 0.0972 0.1348
15977 0.10 2.25 -8.27 0.0845 -0.0532 0.0430 0.0739 0.1091
15997 0.10 2.03 -11.04 -0.0379 0.0467 0.0274 0.0414 -0.0542
16017 0.10 1.73 -14.79 0.0539 -0.0677 0.0366 0.0615 -0.1161
16037 0.10 1.44 -15.28 -0.0815 0.0886 0.0509 0.0843 0.0949
16057 0.10 1.12 -16.78 0.1119 -0.0484 0.0805 0.0783 0.1244
16077 0.10 0.79 -16.04 -0.0379 -0.0210 0.0546 0.0243 0.1168
16097 0.10 0.52 -12.39 0.1119 -0.0371 0.0674 0.0920 0.1564
16117 0.10 0.30 -10.10 -0.0799 0.0886 0.0487 0.0847 0.0895
16137 0.10 0.08 -11.25 0.0668 -0.1177 0.0957 0.0691 0.0956
16157 0.10 6.13 -12.16 -0.0170 0.0934 0.0868 0.0488 0.1140
16177 0.10 5.87 -16.17 -0.0186 -0.0468 0.0519 0.0429 0.0583
16197 0.10 5.49 -20.93 -0.1008 0.1208 0.1150 0.0596 0.1246
16217 0.10 5.06 -23.63 -0.0105 0.0951 0.1012 -0.0247 0.1935
16237 0.10 4.56 -23.90 0.1055 0.0338 0.1439 -0.0205 0.0947
16257 0.10 4.08 -24.49 0.0152 -0.0919 0.0478 0.0861 0.1143
16277 0.10 3.65 -18.61 -0.1830 0.0483 0.1131 0.1523 0.1316
16297 0.10 3.37 -12.56 0.0991 -0.0403 0.0402 0.0911 0.1236
16317 0.10 3.17 -8.62 -0.0750 0.0854 0.0555 0.0748 0.1101
16337 0.10 2.98 -10.84 0.0152 -0.0855 0.0716 0.0565 0.1085
16357 0.10 2.79 -10.68 -0.0686 0.1515 0.1127 -0.1015 0.1178
16377 0.10 2.61 -8.15 -0.0557 0.0693 0.0475 0.0559 0.0877
16397 0.10 2.42 -10.88 -0.0057 -0.0548 0.0475 0.0470 0.0750
16417 0.10 2.22 -11.34 0.0523 -0.0339 0.0063 0.0527 0.1143
16437 0.10 2.01 -10.89 -0.1137 0.0757 0.0890 0.0740 0.1131
16457 0.10 1.71 -16.52 0.0991 -0.0855 0.0581 0.0903 0.1165
16477 0.10 1.41 -15.01 -0.0911 0.0467 0.0624 0.0664 0.0590
16497 0.10 1.10 -16.61 0.0700 -0.0274 0.0442 0.0550 0.0826
16517 0.10 0.82 -13.40 -0.1314 0.0951 0.0491 0.1265 0.1008
16537 0.10 0.56 -12.56 0.1635 -0.0419 0.1541 0.0715 0.0870
16557 0.10 0.33 -10.57 -0.0476 0.0757 0.0426 0.0636 0.0856
16577 0.10 0.11 -12.06 0.0152 -0.0919 0.0720 0.0672 0.0444
16597 0.10 6.16 -12.44 0.0314 0.0725 0.0829 0.0669 0.1109
16617 0.10 5.91 -14.64 -0.0492 -0.0210 0.0540 0.0478 0.0573
16637 0.10 5.60 -15.73 -0.0009 0.0757 0.0853 0.0169 0.1126
16657 0.10 5.24 -20.32 0.1055 -0.0726 0.1022 -0.0348 0.1022
16677 0.10 4.79 -23.03 0.0233 -0.0806 0.0679 -0.0476 0.1020
16697 0.10 4.32 -23.21 -0.0976 0.0129 0.1020 -0.0291 0.0593
16717 0.10 3.87 -22.55 0.1700 0.0370 0.0622 0.2118 0.1123
16737 0.10 3.52 -14.57 -0.0041 -0.0871 0.0387 0.0954 0.1025
16757 0.10 3.29 -10.16 0.0604 0.1176 0.1160 0.1390 0.1740
16777 0.10 3.12 -11.05 -0.0799 0.0435 0.0493 0.0629 0.0808
16797 0.10 2.89 -10.13 0.0733 -0.0822 0.0595 0.0678 0.1162
16817 0.10 2.70 -9.22 0.0217 0.1337 0.1119 0.1258 0.1658
16837 0.10 2.53 -9.95 -0.0895 0.0338 0.0590 0.0685 0.1044
16857 0.10 2.31 -10.19 0.0539 -0.0548 0.0433 0.0455 0.0805
16877 0.10 2.09 -10.95 -0.0428 0.0918 0.0734 0.0553 0.1099
16897 0.10 1.86 -13.52 -0.0009 -0.0903 0.0905 0.0528 0.0894
16917 0.10 1.58 -12.63 0.0088 0.0435 0.0454 0.0327 0.1284
16937 0.10 1.27 -16.59 0.0023 -0.0935 0.0796 0.0710 0.0998
16957 0.10 0.95 -15.40 -0.0283 0.1160 0.0784 0.0921 0.1272
16977 0.10 0.67 -15.20 0.0233 -0.2466 0.1519 0.2260 0.1103
16997 0.10 0.43 -11.07 0.0265 0.0596 0.0575 0.0669 0.1517
17017 0.10 0.23 -10.15 -0.0428 -0.0081 0.0483 0.0257 0.1079
17037 0.10 0.01 -11.45 0.0588 -0.0468 0.0435 0.0444 0.0733
17057 0.10 6.07 -11.73 -0.0315 0.0757 0.0433 0.0626 0.1000
17077 0.10 5.80 -14.10 0.0781 -0.0887 0.0953 0.0175 0.0921
17097 0.10 5.51 -16.31 -0.0299 0.0757 0.0504 0.0573 0.0569
17117 0.10 5.13 -21.82 0.0281 0.0370 0.0583 -0.0296 0.0891
17137 0.10 4.68 -22.36 0.1264 -0.0758 0.1037 -0.0739 0.1607
17157 0.10 4.24 -22.83 -0.0766 -0.0339 0.1121 0.0159 0.0569
17177 0.10 3.79 -22.04 -0.0283 0.1160 0.0622 0.1038 0.1495
17197 0.10 3.45 -14.13 0.1442 -0.0564 0.1438 0.0206 0.1792
17217 0.10 3.21 -10.26 -0.0428 0.0789 0.0527 0.0589 0.0945
17237 0.10 3.03 -10.59 -0.0428 -0.0597 0.0815 0.0629 0.1001
17257 0.10 2.85 -7.84 0.0717 -0.0629 0.0347 0.0700 0.1027
17277 0.10 2.67 -7.52 -0.0428 0.0999 0.0780 0.0629 0.1022
17297 0.10 2.50 -11.32 -0.1201 -0.0145 0.1132 0.0951 0.1047
17317 0.10 2.28 -10.56 0.0539 -0.0387 0.0365 0.0420 0.1089
17337 0.10 2.04 -11.52 -0.1314 0.1273 0.1251 0.0817 0.1383
17357 0.10 1.77 -15.07 0.0991 -0.1145 0.1006 0.0728 0.1375
17377 0.10 1.46 -14.98 -0.0234 0.0564 0.0121 0.0553 0.0256
17397 0.10 1.17 -14.51 0.0991 -0.0983 0.0826 0.0785 0.1137
17417 0.10 0.88 -14.36 -0.0428 0.0854 0.0185 0.0834 0.1109
17437 0.10 0.59 -12.94 0.0475 -0.0726 0.0238 0.0698 0.0849
17457 0.10 0.34 -11.15 -0.0879 0.1144 0.0839 0.0854 0.1129
17477 0.10 0.12 -11.41 0.0152 -0.0919 0.0774 0.0609 0.1057
17497 0.10 6.19 -12.07 0.0523 0.0241 0.0529 0.0575 0.1821
17517 0.10 5.93 -14.58 -0.0750 0.0032 0.0609 0.0591 0.1649
17537 0.10 5.61 -17.94 0.0700 0.0483 0.0843 0.0840 0.0969
17557 0.10 5.21 -23.60 0.0539 -0.0629 0.0631 0.0255 0.0658
17577 0.10 4.74 -24.86 0.0346 -0.0661 0.0620 -0.0229 0.0684
17597 0.10 4.24 -23.94 -0.0234 -0.0065 0.0308 0.0064 0.0373
17617 0.10 3.78 -23.68 0.0539 0.1160 -0.0138 0.1731 -0.1777
17637 0.10 3.40 -14.90 0.0926 -0.0693 0.0390 0.0881 0.1051
17657 0.10 3.18 -8.61 -0.0460 0.0725 0.0383 0.0626 0.1531
17677 0.10 2.99 -10.40 -0.0170 -0.0387 0.0331 0.0465 0.0435
17697 0.10 2.80 -11.14 0.1119 -0.0387 0.0618 0.0954 0.1183
17717 0.10 2.62 -7.49 -0.0815 0.0628 0.0794 0.0313 0.0634
17737 0.10 2.43 -12.03 -0.0460 -0.0726 0.0657 0.0999 0.0792
17757 0.10 2.22 -11.37 0.0991 -0.0371 0.0356 0.0935 0.1139
17777 0.10 1.99 -11.17 -0.2314 0.0435 0.2354 0.0712 0.0582
17797 0.10 1.73 -13.87 0.0862 -0.0661 0.0680 0.0592 0.1146
17817 0.10 1.44 -14.57 -0.1620 0.0628 0.1552 0.0512 0.0580
17837 0.10 1.12 -16.61 0.0813 -0.0742 0.0290 0.0853 -0.1533
17857 0.10 0.84 -13.23 -0.0637 0.0370 0.0411 0.0490 0.0887
17877 0.10 0.57 -12.82 0.1281 -0.0210 0.1345 0.0277 0.1781
17897 0.10 0.36 -9.78 -0.0283 0.0822 0.0425 0.0718 0.1182
17917 0.10 0.15 -11.40 -0.0186 -0.0887 0.0926 0.0676 0.1711
17937 0.10 6.21 -12.77 0.1087 0.0628 0.1523 0.0833 0.1571
17957 0.10 5.96 -12.52 -0.0815 -0.0113 0.0956 0.0332 -0.0719
17977 0.10 5.64 -17.79 0.1216 0.0306 0.1308 0.0939 0.1948
17997 0.10 5.24 -21.40 0.1119 -0.1112 0.1286 -0.0074 0.1670
18017 0.10 4.80 -22.26 -0.0009 -0.0387 0.0402 -0.0207 0.0678
18037 0.10 4.29 -26.16 -0.0782 0.0306 0.0740 0.0273 0.0719
18057 0.10 3.75 -24.35 -0.0492 0.1692 0.0234 0.1725 0.1035
18077 0.10 3.37 -14.59 0.1264 -0.0855 0.0204 0.1274 0.1305
18097 0.10 3.17 -8.18 -0.1073 0.0951 0.0923 0.0726 0.1447
18117 0.10 2.99 -10.05 -0.0218 -0.0806 0.0638 0.0870 0.0344
18137 0.10 2.80 -10.71 -0.0589 0.1160 0.0753 -0.0882 0.1224
18157 0.10 2.62 -7.86 -0.0331 0.0644 0.0310 0.0565 0.1199
18177 0.10 2.45 -9.59 0.2215 -0.0371 -0.0062 -0.2372 0.0560
18197 0.10 2.27 -10.00 0.0668 -0.0290 0.0526 0.0415 0.0770
18217 0.10 2.06 -8.58 -0.0460 0.0628 0.0476 0.0443 0.0703
18237 0.10 1.81 -13.72 0.0668 -0.0951 0.0909 0.0357 0.0956
18257 0.10 1.53 -15.30 -0.0073 0.1982 0.1200 0.1900 0.1004
18277 0.10 1.21 -16.81 0.0958 -0.1403 0.1118 0.0897 0.1133
18297 0.10 0.90 -14.36 -0.0589 0.1208 0.0513 0.1094 0.0937
18317 0.10 0.63 -12.79 0.0717 -0.0484 0.0721 0.0121 0.1187
18337 0.10 0.41 -10.18 0.0201 0.0628 0.0461 0.0732 0.0956
18357 0.10 0.22 -12.88 -0.1105 -0.0081 0.1018 0.0848 0.0847
18377 0.10 6.28 -11.11 0.1506 -0.0387 0.1481 0.0503 0.2310
18397 0.10 6.04 -11.50 -0.0782 0.0886 0.0726 0.0641 0.1056
18417 0.10 5.78 -16.18 0.0314 -0.0661 0.0413 0.0516 0.1021
18437 0.10 5.43 -19.15 -0.1008 0.0386 0.0947 0.0371 0.0827
18457 0.10 5.01 -22.63 -0.0041 0.0403 0.0424 0.0128 0.1200
18477 0.10 4.56 -21.88 -0.1169 0.1482 -0.0303 -0.1533 0.0952
18497 0.10 4.13 -24.88 0.0475 -0.1241 0.1206 0.0339 0.1220
18517 0.10 3.71 -18.68 -0.1073 0.1015 0.0636 0.1026 0.1121
18537 0.10 3.41 -14.07 0.0894 -0.0903 0.0272 0.1001 0.1091
18557 0.10 3.19 -8.88 -0.0573 0.0951 0.0551 0.0782 0.0694
18577 0.10 3.01 -9.35 -0.0105 -0.0871 0.0915 0.0557 0.1138
18597 0.10 2.82 -9.40 0.0894 -0.0419 0.0520 0.0728 0.1210
18617 0.10 2.65 -7.64 -0.0653 0.0999 0.0834 0.0578 0.0761
18637 0.10 2.48 -10.02 -0.0621 -0.0145 0.0514 0.0632 0.0685
18657 0.10 2.27 -10.30 0.1264 -0.0307 0.1185 0.0579 0.0708
18677 0.10 2.04 -10.78 -0.0686 0.0886 0.0608 0.0703 0.0770
18697 0.10 1.78 -14.92 0.1264 -0.1370 0.1393 0.0621 0.1618
18717 0.10 1.46 -15.35 -0.0718 0.0886 0.0574 0.0746 0.1767
18737 0.10 1.16 -15.52 0.0749 -0.0855 0.0492 0.0791 0.0954
18757 0.10 0.87 -14.35 -0.0782 0.0983 0.0463 0.0930 0.1035
18777 0.10 0.61 -12.29 0.0749 -0.0919 0.0657 0.0724 0.1054
18797 0.10 0.38 -11.74 -0.0283 0.1160 0.0726 0.0967 0.1136
18817 0.10 0.16 -11.61 -0.0557 -0.0564 0.0694 0.0880 0.1165
18837 0.10 6.21 -11.89 0.0684 0.0112 0.0637 0.0581 0.0997
18857 0.10 5.92 -13.75 -0.0508 -0.0307 0.0728 0.0385 0.0758
18877 0.10 5.56 -19.62 0.0088 0.1208 0.1150 0.0882 0.1466
18897 0.10 5.17 -24.39 0.1168 -0.0419 0.1181 0.0067 0.1436
18917 0.10 4.69 -24.35 0.1039 -0.0597 0.0810 -0.0657 0.1257
18937 0.10 4.24 -22.95 -0.0557 -0.0065 0.0625 0.0277 0.0565
18957 0.10 3.79 -22.01 0.0120 0.0886 0.0176 0.1085 -0.1567
18977 0.10 3.45 -14.50 0.0475 -0.0790 0.0277 0.0746 0.0900
18997 0.10 3.24 -8.87 -0.0750 0.0725 0.0852 -0.0001 0.1034
19017 0.10 3.05 -10.76 -0.0686 -0.0016 0.0361 0.0715 0.0235
19037 0.10 2.86 -8.30 0.0991 -0.1628 0.0137 0.1635 0.1924
19057 0.10 2.67 -9.25 -0.1234 0.0693 0.1106 -0.0554 0.1054
19077 0.10 2.51 -9.93 -0.1250 0.0177 0.0864 0.1040 0.1232
19097 0.10 2.28 -10.61 0.0991 -0.0178 0.1018 0.0283 0.1159
19117 0.10 2.06 -10.48 -0.0686 0.1257 0.0705 0.1042 0.0632
19137 0.10 1.80 -14.56 0.0410 -0.0919 0.0684 0.0616 0.0937
19157 0.10 1.50 -14.80 -0.0234 0.0741 0.0401 0.0642 0.1392
19177 0.10 1.19 -15.00 0.0749 -0.0855 0.0755 0.0546 0.0886
19197 0.10 0.90 -14.45 -0.0428 0.0096 0.0436 -0.0105 0.1156
19217 0.10 0.64 -12.09 0.0733 -0.1177 0.0866 0.0814 0.0622
19237 0.10 0.41 -11.07 -0.0041 0.0951 0.0796 0.0722 0.1165
19257 0.10 0.21 -10.57 -0.0557 0.0660 -0.0370 0.0607 0.0834
19277 0.10 6.27 -10.92 0.0862 -0.0403 0.0678 0.0532 0.1377
19297 0.10 6.04 -12.08 -0.0299 0.0628 0.0237 0.0582 0.0745
19317 0.10 5.75 -15.81 0.0717 -0.0564 0.0671 0.0347 0.0887
19337 0.10 5.39 -19.00 -0.1717 -0.0307 0.2139 0.0428 0.0543
19357 0.10 4.98 -20.96 -0.0895 0.0854 0.0938 -0.0377 0.1044
19377 0.10 4.58 -19.57 0.0249 0.0741 0.0630 -0.0815 0.1143
19397 0.10 4.18 -21.22 0.0588 0.0129 -0.0412 -0.0643 0.1076
19417 0.10 3.77 -18.51 -0.0299 0.0983 0.0347 0.0946 0.1013
19437 0.10 3.47 -14.98 0.0765 -0.1112 0.0679 0.0914 0.1176
19457 0.10 3.24 -10.38 -0.1056 0.1015 0.1197 -0.0008 0.1175
19477 0.10 3.06 -10.56 -0.1137 0.0016 0.0722 0.1086 -0.2197
19497 0.10 2.87 -8.30 0.0571 -0.0387 0.0477 0.0336 0.0581
19517 0.10 2.70 -9.92 0.0152 0.0628 0.0481 0.0673 0.1265
19537 0.10 2.54 -8.85 -0.1234 0.0129 0.1176 0.0675 0.1196
19557 0.10 2.34 -8.60 0.1377 -0.1193 0.1386 0.0561 0.1602
19577 0.10 2.10 -12.46 0.0152 0.0660 0.0335 0.0797 0.1767
19597 0.10 1.86 -13.88 -0.0041 -0.0661 0.0655 0.0438 0.0736
19617 0.10 1.57 -15.83 0.0088 0.0886 0.0890 0.0607 0.1140
19637 0.10 1.25 -17.25 -0.0186 -0.1048 0.0690 0.1137 0.1018
19657 0.10 0.95 -14.39 -0.0331 0.1063 0.0764 0.0775 0.1136
19677 0.10 0.68 -14.56 -0.0299 -0.0709 0.0386 0.0961 0.1196
19697 0.10 0.44 -11.41 0.0749 0.0129 0.0240 0.0917 -0.0788
19717 0.10 0.24 -11.31 -0.0879 0.0806 0.0078 0.0972 0.1106
19737 0.10 0.02 -11.79 0.0733 -0.0387 0.0671 0.0295 0.0921
19757 0.10 6.06 -12.63 -0.0718 0.0693 0.0761 0.0291 0.1646
19777 0.10 5.79 -16.30 0.0346 -0.0758 0.0548 0.0525 0.0755
19797 0.10 5.47 -16.53 -0.2152 0.0419 0.2189 -0.0646 0.1043
19817 0.10 5.07 -20.82 -0.0041 0.1047 0.1124 -0.0378 0.1158
19837 0.10 4.61 -24.53 0.0733 -0.0113 0.0744 -0.0261 0.0403
19857 0.10 4.15 -22.51 0.0023 -0.0822 0.0874 0.0337 0.0435
19877 0.10 3.72 -19.69 -0.0621 0.1144 0.0154 0.1135 0.1464
19897 0.10 3.42 -13.42 0.0765 -0.0822 0.0326 0.0858 0.1117
19917 0.10 3.22 -9.16 -0.0686 0.1160 0.0929 0.0705 0.1163
19937 0.10 3.04 -10.54 -0.0815 -0.0355 0.0706 0.0970 0.0796
19957 0.10 2.85 -8.32 0.0700 -0.0274 0.0611 0.0353 0.1061
19977 0.10 2.67 -6.22 -0.1588 0.0725 0.1381 -0.0788 0.0856
19997 0.10 2.49 -9.99 -0.0863 0.0338 0.0192 0.0848 0.0826
20017 0.10 2.30 -9.60 0.0958 -0.0387 0.0907 0.0328 0.1032
20037 0.10 2.08 -10.69 -0.0557 0.1144 0.0791 0.0827 0.0940
20057 0.10 1.83 -15.12 0.0136 -0.1064 0.0842 0.0795 0.1118
20077 0.10 1.54 -14.21 -0.0041 0.0886 0.0675 0.0738 0.1970
20097 0.10 1.25 -14.49 0.0281 -0.1193 0.0947 0.0811 0.1017
20117 0.10 0.93 -14.83 -0.0428 0.1080 0.0705 0.0828 0.1120
20137 0.10 0.67 -13.65 0.0314 -0.1177 0.0800 0.0920 0.1084
20157 0.10 0.42 -11.75 0.0475 0.0822 0.0660 0.1134 0.1102
20177 0.10 0.21 -10.36 -0.0750 0.0354 0.0178 0.0729 0.1044
20197 0.10 6.24 -10.97 0.0862 -0.0403 0.0500 0.0702 0.1141
20217 0.10 6.01 -12.10 -0.0976 0.0644 0.0782 0.0611 0.0903
20237 0.10 5.72 -15.71 0.0991 -0.0290 0.0988 0.0245 0.1163
20257 0.10 5.37 -17.61 -0.0525 -0.0274 0.0780 0.0225 0.0533
20277 0.10 4.95 -22.20 -0.1105 0.0725 0.1041 -0.0420 0.0713
20297 0.10 4.54 -19.96 0.0088 0.1402 0.1315 -0.1032 0.0806
20317 0.10 4.11 -22.46 0.0668 -0.1322 0.1281 0.0328 0.1419
20337 0.10 3.70 -17.94 -0.1266 0.1208 0.0551 0.1319 0.1277
20357 0.10 3.40 -14.18 0.1281 -0.0274 0.1108 0.0768 0.1413
20377 0.10 3.19 -8.55 -0.0492 0.0757 0.0445 0.0627 0.0706
20397 0.10 3.01 -10.53 -0.0492 -0.0790 0.0897 0.0932 0.1052
20417 0.10 2.84 -8.39 0.1281 -0.0371 0.1103 0.0721 0.1035
20437 0.10 2.65 -8.99 -0.0331 0.1112 0.0606 0.0967 0.1151
20457 0.10 2.45 -12.15 -0.0686 -0.0419 0.0601 0.0940 0.1105
20477 0.10 2.23 -10.42 -0.0363 0.0112 -0.0211 -0.0306 0.1148
20497 0.10 1.97 -12.49 -0.1073 0.0225 0.0972 0.0578 0.0575
20517 0.10 1.70 -15.16 0.1087 -0.0435 0.0899 0.0624 0.1645
20537 0.10 1.41 -13.97 -0.0750 0.0628 0.0385 0.0707 0.0582
20557 0.10 1.11 -15.98 0.1168 -0.0564 0.0681 0.0949 0.1277
20577 0.10 0.83 -12.96 -0.0960 0.0306 0.0756 0.0625 0.2497
20597 0.10 0.56 -11.93 0.1119 -0.0726 0.0769 0.0836 0.1242
20617 0.10 0.33 -10.98 -0.0267 -0.0016 0.0275 -0.0160 0.1050
20637 0.10 0.10 -13.55 -0.0299 -0.0661 0.0231 0.0955 -0.0050
20657 0.10 6.15 -11.32 0.0185 0.0628 0.0661 0.0538 0.0609
20677 0.10 5.91 -12.43 -0.0557 -0.0742 0.1193 0.0524 0.1203
20697 0.10 5.59 -17.02 -0.0041 0.1756 0.1892 0.0663 0.0872
20717 0.10 5.19 -22.00 0.1377 -0.0210 0.1376 -0.0555 0.0838
20737 0.10 4.74 -22.40 0.0346 -0.0210 0.0115 -0.0329 0.1050
20757 0.10 4.26 -23.94 -0.0766 0.0435 0.0530 0.0556 0.0802
20777 0.10 3.75 -22.92 -0.1556 0.2240 0.1283 0.1904 0.2147
20797 0.10 3.41 -10.36 0.0749 -0.0597 0.0345 0.0712 0.0848
20817 0.10 3.20 -9.38 -0.0557 0.0886 0.0549 0.0708 0.1592
20837 0.10 3.00 -9.81 -0.0234 -0.0661 0.0655 0.0658 0.0885
20857 0.10 2.83 -9.87 0.0717 -0.0532 0.0287 0.0687 0.0823
20877 0.10 2.66 -7.34 -0.0315 0.1015 0.0621 0.0833 0.1106
20897 0.10 2.48 -10.06 -0.0525 -0.0323 0.0691 0.0503 0.1054
20917 0.10 2.29 -10.35 0.0862 -0.0339 0.0781 0.0379 0.0780
20937 0.10 2.06 -11.58 -0.0815 0.1128 0.0857 0.0788 0.1098
20957 0.10 1.78 -15.23 0.0797 -0.0790 0.0878 0.0264 0.0764
20977 0.10 1.46 -16.08 -0.0686 0.0983 0.0586 0.0820 0.0934
20997 0.10 1.15 -16.43 0.0539 -0.0629 0.0288 0.0617 0.0921
21017 0.10 0.86 -13.28 -0.0750 0.0660 0.0461 0.0678 0.0918
21037 0.10 0.62 -12.02 0.0604 -0.0629 0.0562 0.0437 0.1112
21057 0.10 0.38 -9.87 -0.0009 0.0822 0.0468 0.0820 0.0984
21077 0.10 0.16 -11.98 -0.0363 0.0161 -0.0102 0.0350 -0.0648
21097 0.10 6.22 -12.11 0.0974 -0.0049 0.0740 0.0811 0.1125
21117 0.10 5.98 -11.10 -0.0734 0.0757 0.0244 0.0826 0.1962
21137 0.10 5.70 -15.50 0.0926 -0.0387 0.0748 0.0552 0.1146
21157 0.10 5.32 -19.01 -0.0283 -0.0145 0.0311 0.0304 0.0750
21177 0.10 4.89 -24.42 -0.1073 0.0048 0.1156 -0.0362 0.1140
21197 0.10 4.47 -20.06 -0.0251 0.0693 0.0672 -0.0201 0.1069
21217 0.10 4.07 -21.92 0.0797 -0.1080 0.0976 0.0549 0.2240
21237 0.10 3.66 -17.76 -0.1201 0.0951 0.0210 0.1250 -0.1655
21257 0.10 3.37 -13.66 0.0974 -0.0806 0.0068 0.1039 0.1353
