0	0.00000	0.00086	-0.00216	-0.00090	-0.00198	0.00086	-0.00200	0.01121	3.15693	0.01158
8377	0.00000	0.00247	0.01396	-0.00036	0.01772	0.00247	0.01755	0.01303	3.14619	0.00000
8397	0.00000	-0.02332	-0.00538	0.01317	-0.02751	-0.02332	-0.01968	0.02755	3.11705	0.00000
8417	0.00000	-0.00720	0.12839	0.09582	0.10785	-0.00720	0.14410	0.05417	3.09711	-3.96379
8437	0.00000	0.00570	0.00590	0.00265	0.01129	0.00570	0.01010	0.01466	3.09097	0.00000
8457	0.00000	0.00892	-0.01183	-0.01232	-0.00022	0.00892	-0.00851	0.02233	3.09097	0.00000
8477	0.00000	0.01053	0.00107	-0.00280	0.01251	0.01053	0.00731	0.03252	3.09097	0.00000
8497	0.00000	-0.00720	-0.01183	-0.00707	-0.01786	-0.00720	-0.01781	0.01129	3.09097	0.00000
8517	0.00000	-0.00236	0.00268	0.00291	-0.00033	-0.00236	0.00173	0.01980	3.09097	0.00000
8537	0.00000	0.01698	0.02524	0.01320	0.04038	0.01698	0.03895	0.12516	3.09251	3.96379
8557	0.00000	0.00247	0.14934	0.11593	0.12960	0.00247	0.17387	0.01978	3.09097	0.00000
8577	0.00000	0.01053	0.00751	0.00224	0.01799	0.01053	0.01475	0.02648	3.09097	0.00000
8597	0.00000	0.01053	0.01396	0.00728	0.02346	0.01053	0.02220	0.01303	3.09097	0.00000
8617	0.00000	-0.00397	0.00429	0.00472	-0.00074	-0.00397	0.00266	0.01266	3.09097	0.00000
8637	0.00000	-0.00720	0.00107	0.00331	-0.00703	-0.00720	-0.00293	0.02773	3.09097	0.00000
8657	0.00000	-0.00397	0.15579	0.12534	0.12588	-0.00397	0.17760	0.04311	3.08944	0.00000
8677	0.00000	0.02987	0.00751	-0.00310	0.03942	0.02987	0.02592	0.06525	3.08790	0.00000
8697	0.00000	0.00570	-0.01828	-0.01684	-0.00813	0.00570	-0.01781	0.01129	3.08637	0.00000
8717	0.00000	-0.03943	-0.01183	0.00254	-0.05362	-0.03943	-0.03642	0.05894	3.08790	0.00000
8737	0.00000	-0.01042	0.23315	0.19209	0.18020	-0.01042	0.26321	0.01156	3.08790	0.00000
8757	0.00000	-0.00397	0.18158	0.14832	0.14495	-0.00397	0.20737	0.02909	3.08790	0.00000
8777	0.00000	0.00731	-0.02633	-0.02358	-0.01353	0.00731	-0.02619	0.01056	3.08790	0.00000
8797	0.00000	-0.00881	-0.00861	-0.00455	-0.01681	-0.00881	-0.01502	0.00885	3.08790	0.00000
8817	0.00000	-0.09101	-0.00538	0.03418	-0.10279	-0.09101	-0.05876	0.01156	3.09557	0.00000
8837	0.00000	-0.00397	0.17997	0.14702	0.14363	-0.00397	0.20551	0.05604	3.08637	0.00000
8857	0.00000	0.00247	0.00912	0.00646	0.01037	0.00247	0.01196	0.01896	3.09097	0.00000
8877	0.00000	0.01214	-0.01022	-0.01183	0.00551	0.01214	-0.00479	0.05160	3.08330	0.00000
8897	0.00000	0.00408	-0.02150	-0.01931	-0.01218	0.00408	-0.02247	0.01337	3.08330	0.00000
8917	0.00000	-0.00720	0.21704	0.18644	0.16131	-0.00720	0.24646	0.06667	3.08330	0.00000
8937	0.00000	-0.00720	0.16224	0.13983	0.11854	-0.00720	0.18318	0.03570	3.08330	0.00000
8957	0.00000	-0.04427	0.00429	0.01553	-0.04629	-0.04427	-0.02061	0.20119	3.08484	0.00000
8977	0.00000	-0.05555	0.01235	0.02532	-0.05255	-0.05555	-0.01781	0.11621	3.08484	0.00000
8997	0.00000	0.00570	0.00590	0.00359	0.01103	0.00570	0.01010	0.10739	3.08484	0.00000
9017	0.00000	-0.00881	0.02041	0.01947	0.00633	-0.00881	0.01848	0.10636	3.08484	3.96379
9037	0.00000	-0.00720	0.15418	0.13297	0.11225	-0.00720	0.17387	0.02906	3.08330	-3.96379
9057	0.00000	0.00570	0.00429	0.00222	0.00977	0.00570	0.00824	0.00742	3.08330	0.00000
9077	0.00000	-0.00075	-0.01183	-0.00987	-0.01008	-0.00075	-0.01409	0.01909	3.08330	0.00000
9097	0.00000	0.00086	0.03169	0.02631	0.02616	0.00086	0.03709	0.04450	3.08484	0.00000
9117	0.00000	-0.01364	0.01879	0.01936	0.00159	-0.01364	0.01382	0.01943	3.09251	0.00000
9137	0.00000	-0.01848	0.15418	0.13746	0.09722	-0.01848	0.16736	0.03106	3.08177	0.00000
9157	0.00000	-0.06200	0.02041	0.03381	-0.05338	-0.06200	-0.01223	0.18358	3.08637	0.00000
9177	0.00000	0.00086	0.01074	0.00892	0.00935	0.00086	0.01289	0.10979	3.08330	0.00000
9197	0.00000	-0.00720	0.09293	0.07977	0.06579	-0.00720	0.10315	0.01092	3.08484	3.95357
9217	0.00000	0.00086	-0.01989	-0.01689	-0.01484	0.00086	-0.02247	0.01092	3.08484	0.00000
9237	0.00000	0.00570	0.01074	0.00745	0.01493	0.00570	0.01569	0.06313	3.08484	0.00000
9257	0.00000	0.00086	0.00912	0.00755	0.00809	0.00086	0.01103	0.01474	3.08330	0.00000
9277	0.00000	-0.00881	0.19770	0.17039	0.14440	-0.00881	0.22319	0.01403	3.08330	0.00000
9297	0.00000	0.00247	-0.00861	-0.00787	-0.00406	0.00247	-0.00851	0.02964	3.08484	0.00000
9317	0.00000	0.00731	-0.01505	-0.01469	-0.00327	0.00731	-0.01316	0.00722	3.08177	0.00000
9337	0.00000	-0.05555	0.00751	0.02032	-0.05674	-0.05555	-0.02340	0.10664	3.08330	0.00000
9357	0.00000	-0.02815	0.00751	0.01345	-0.02586	-0.02815	-0.00758	0.11948	3.08330	0.00000
9377	0.00000	0.02826	0.01074	0.00137	0.04026	0.02826	0.02871	0.16803	3.08484	0.00000
9397	0.00000	-0.01042	0.17997	0.15572	0.12874	-0.01042	0.20179	0.00955	3.08484	0.00000
9417	0.00000	0.00408	-0.01022	-0.00966	-0.00354	0.00408	-0.00944	0.01045	3.08484	3.91323
9437	0.00000	0.00247	0.01074	0.00870	0.01102	0.00247	0.01382	0.00432	3.08330	0.00000
9457	0.00000	0.01537	-0.00538	-0.00821	0.01326	0.01537	0.00266	0.02187	3.08177	0.00000
9477	0.00000	0.00892	-0.01505	-0.01501	-0.00195	0.00892	-0.01223	0.00088	3.08484	0.00000
9497	0.00000	-0.00559	0.10905	0.09417	0.07883	-0.00559	0.12270	0.01487	3.08330	0.00000
9517	0.00000	-0.00720	0.13484	0.11814	0.09517	-0.00720	0.15154	0.05296	3.08177	0.00000
9537	0.00000	-0.02493	0.02041	0.02381	-0.01177	-0.02493	0.00917	0.07807	3.08484	0.00000
9557	0.00000	0.00892	0.00429	0.00141	0.01340	0.00892	0.01010	0.03303	3.08330	0.00000
9577	0.00000	-0.00236	0.00590	0.00554	0.00213	-0.00236	0.00545	0.02853	3.08637	0.00000
9597	0.00000	0.00408	0.00107	-0.00003	0.00544	0.00408	0.00359	0.01305	3.08177	0.00000
9617	0.00000	-0.01687	-0.01022	-0.00446	-0.02699	-0.01687	-0.02154	0.01156	3.08484	0.00000
9637	0.00000	0.00086	-0.00699	-0.00617	-0.00449	0.00086	-0.00758	0.01909	3.08484	0.00000
9657	0.00000	0.00086	-0.01022	-0.00891	-0.00701	0.00086	-0.01130	0.01715	3.08484	0.00000
9677	0.00000	-0.01687	-0.00861	-0.00266	-0.02578	-0.01687	-0.01968	0.00899	3.08484	0.00000
9697	0.00000	0.09918	-0.01183	-0.03493	0.10254	0.09918	0.04360	0.01339	3.08484	0.00000
9717	0.00000	0.00570	0.02041	0.01555	0.02262	0.00570	0.02685	0.02191	3.08637	0.00000
9737	0.00000	0.00892	-0.01505	-0.01507	-0.00144	0.00892	-0.01223	0.03562	3.08023	0.00000
9757	0.00000	-0.02009	0.00751	0.01171	-0.01659	-0.02009	-0.00293	0.02323	3.08484	0.00000
9777	0.00000	-0.01687	0.01557	0.01748	-0.00686	-0.01687	0.00824	0.02877	3.08330	0.00000
9797	0.00000	-0.00236	-0.01022	-0.00792	-0.01077	-0.00236	-0.01316	0.02635	3.08484	0.00000
9817	0.00000	0.00892	-0.03278	-0.03194	-0.01134	0.00892	-0.03270	0.01911	3.07103	3.96379
9837	0.00000	-0.01042	0.07198	0.06670	0.04004	-0.01042	0.07710	0.06869	3.07717	0.00000
9857	0.00000	0.00247	-0.01022	-0.00964	-0.00455	0.00247	-0.01037	0.02597	3.07717	0.00000
9877	0.00000	0.00892	-0.01344	-0.01364	0.00094	0.00892	-0.01037	0.00722	3.07410	0.00000
9897	0.00000	-0.05877	0.01879	0.02717	-0.05352	-0.05877	-0.01223	0.10933	3.07717	0.00000
9917	0.00000	-0.00881	0.01557	0.01557	0.00118	-0.00881	0.01289	0.11643	3.07717	0.00000
9937	0.00000	-0.00075	0.07843	0.07083	0.05573	-0.00075	0.09013	0.01346	3.07717	0.00000
9957	0.00000	0.02181	-0.01828	-0.02027	0.01171	0.02181	-0.00851	0.01990	3.07717	0.00000
9977	0.00000	-0.00881	0.15257	0.13906	0.10002	-0.00881	0.17108	0.01423	3.07717	0.00000
9997	0.00000	0.00086	-0.01828	-0.01642	-0.01248	0.00086	-0.02061	0.00370	3.07870	0.00000
10017	0.00000	-0.00397	-0.01183	-0.00997	-0.01307	-0.00397	-0.01595	0.01911	3.07717	0.00000
10037	0.00000	0.11529	-0.00861	-0.02994	0.12490	0.11529	0.05663	0.01921	3.07870	0.00000
10057	0.00000	0.00086	-0.01828	-0.01642	-0.01248	0.00086	-0.02061	0.00572	3.07870	0.00000
10077	0.00000	0.00086	-0.00861	-0.00782	-0.00536	0.00086	-0.00944	0.00955	3.07870	0.00000
10097	0.00000	-0.01687	-0.00055	0.00278	-0.01960	-0.01687	-0.01037	0.00111	3.07870	0.00000
10117	0.00000	0.00086	-0.01344	-0.01227	-0.00871	0.00086	-0.01502	0.01383	3.07717	0.00000
10137	0.00000	-0.02009	-0.01022	-0.00520	-0.03040	-0.02009	-0.02340	0.01373	3.07870	0.00000
10157	0.00000	-0.00236	0.01396	0.01233	0.00844	-0.00236	0.01475	0.01896	3.08484	0.00000
10177	0.00000	0.01375	0.01396	0.00887	0.02625	0.01375	0.02406	0.00979	3.08330	0.00000
10197	0.00000	-0.02009	0.01235	0.01597	-0.01247	-0.02009	0.00266	0.03905	3.08637	0.00000
10217	0.00000	-0.00559	0.08810	0.07841	0.05987	-0.00559	0.09850	0.08377	3.08023	0.00000
10237	0.00000	0.00247	-0.00538	-0.00517	-0.00150	0.00247	-0.00479	0.02850	3.08484	0.00000
10257	0.00000	0.01053	-0.00861	-0.00969	0.00565	0.01053	-0.00386	0.01448	3.07870	0.00000
10277	0.00000	-0.02654	0.00590	0.01081	-0.02568	-0.02654	-0.00851	0.17211	3.08023	0.00000
10297	0.00000	0.02504	0.00912	0.00268	0.03527	0.02504	0.02499	0.18874	3.08023	0.00000
10317	0.00000	-0.00720	0.20898	0.18472	0.14888	-0.00720	0.23715	0.01070	3.08177	0.00000
10337	0.00000	0.00570	-0.01022	-0.01017	-0.00121	0.00570	-0.00851	0.01363	3.08023	0.00000
10357	0.00000	0.01214	-0.00055	-0.00261	0.01347	0.01214	0.00638	0.01334	3.07870	0.00000
10377	0.00000	0.00086	-0.00699	-0.00645	-0.00406	0.00086	-0.00758	0.15264	3.07717	0.00000
10397	0.00000	-0.00236	-0.00861	-0.00704	-0.00915	-0.00236	-0.01130	0.01141	3.08023	0.00000
10417	0.00000	-0.00720	0.01074	0.01094	-0.00029	-0.00720	0.00824	0.02201	3.07870	0.00000
10437	0.00000	0.00570	0.00107	-0.00015	0.00727	0.00570	0.00452	0.00871	3.07870	0.00000
10457	0.00000	0.00892	-0.03600	-0.03543	-0.01228	0.00892	-0.03642	0.01383	3.06950	0.00000
10477	0.00000	-0.01364	0.17513	0.16390	0.10531	-0.01364	0.19435	0.01373	3.07563	0.00000
10497	0.00000	-0.01526	0.11872	0.11403	0.06069	-0.01526	0.12828	0.05724	3.07103	0.00000
10517	0.00000	-0.01364	0.01074	0.01178	-0.00823	-0.01364	0.00452	0.16237	3.07563	0.00000
10537	0.00000	0.00570	-0.00861	-0.00873	0.00059	0.00570	-0.00665	0.04966	3.07410	0.00000
10557	0.00000	0.00892	-0.01505	-0.01514	0.00009	0.00892	-0.01223	0.02090	3.07410	0.00000
10577	0.00000	0.00086	-0.01344	-0.01227	-0.00871	0.00086	-0.01502	0.01334	3.07563	0.00000
10597	0.00000	0.00247	-0.01022	-0.00972	-0.00439	0.00247	-0.01037	0.01262	3.07563	0.00000
10617	0.00000	0.02504	-0.01022	-0.01285	0.02165	0.02504	0.00266	0.02667	3.07563	0.00000
10637	0.00000	0.00892	-0.14238	-0.13441	-0.08585	0.00892	-0.15925	0.02930	3.07410	0.00000
10657	0.00000	-0.00075	-0.00861	-0.00774	-0.00694	-0.00075	-0.01037	0.01056	3.07563	0.00000
10677	0.00000	-0.02976	-0.00861	-0.00393	-0.04007	-0.02976	-0.02712	0.05303	3.07410	-3.88351
10697	0.00000	-0.00881	0.19608	0.17829	0.13141	-0.00881	0.22133	0.07495	3.07717	0.00000
10717	0.00000	-0.00559	0.13645	0.12397	0.09207	-0.00559	0.15433	0.02871	3.07717	0.00000
10737	0.00000	0.00892	0.01879	0.01539	0.02374	0.00892	0.02685	0.02600	3.07870	3.97405
10757	0.00000	0.00247	-0.01022	-0.00964	-0.00455	0.00247	-0.01037	0.07304	3.07717	0.00000
10777	0.00000	-0.00720	0.01718	0.01674	0.00418	-0.00720	0.01569	0.01773	3.07870	0.00000
10797	0.00000	0.00086	-0.01183	-0.01106	-0.00718	0.00086	-0.01316	0.02070	3.07563	0.00000
10817	0.00000	0.00086	-0.00861	-0.00791	-0.00523	0.00086	-0.00944	0.02675	3.07717	0.00000
10837	0.00000	-0.00720	0.22026	0.19980	0.15070	-0.00720	0.25018	0.02025	3.07717	3.97405
10857	0.00000	0.03471	0.00751	0.00073	0.04503	0.03471	0.02871	0.17448	3.07563	0.00000
10877	0.00000	-0.00559	0.19286	0.17482	0.13277	-0.00559	0.21947	0.01036	3.07717	0.00000
10897	0.00000	0.00892	0.00751	0.00548	0.01551	0.00892	0.01382	0.03699	3.07717	0.00000
10917	0.00000	0.00570	0.01074	0.00869	0.01425	0.00570	0.01569	0.01098	3.07717	0.00000
10937	0.00000	0.00086	0.00107	0.00081	0.00175	0.00086	0.00173	0.01423	3.07563	0.00000
10957	0.00000	-0.00236	-0.01022	-0.00880	-0.01007	-0.00236	-0.01316	0.06126	3.07717	0.00000
10977	0.00000	0.03954	0.01718	0.00860	0.05753	0.03954	0.04267	0.03569	3.07717	0.00000
10997	0.00000	-0.00720	0.16546	0.15041	0.11116	-0.00720	0.18690	0.01454	3.07717	0.00000
11017	0.00000	0.00408	-0.01183	-0.01137	-0.00387	0.00408	-0.01130	0.01798	3.07717	0.00000
11037	0.00000	0.01214	0.00912	0.00646	0.02034	0.01214	0.01755	0.00751	3.07563	0.00000
11057	0.00000	0.01214	-0.00377	-0.00532	0.01123	0.01214	0.00266	0.02850	3.07563	0.00000
11077	0.00000	0.00731	-0.02633	-0.02519	-0.01023	0.00731	-0.02619	0.01257	3.07563	-3.96379
11097	0.00000	0.00086	-0.02956	-0.02679	-0.02034	0.00086	-0.03363	0.01689	3.07563	3.96379
11117	0.00000	-0.00236	0.12839	0.11765	0.08796	-0.00236	0.14689	0.00857	3.07717	0.00000
11137	0.00000	-0.01364	0.17352	0.16241	0.10420	-0.01364	0.19249	0.02906	3.07410	0.00000
11157	0.00000	-0.03621	0.01074	0.01598	-0.03358	-0.03621	-0.00851	0.09489	3.07717	0.00000
11177	0.00000	0.01859	0.01396	0.00935	0.03129	0.01859	0.02685	0.18135	3.07717	0.00000
11197	0.00000	-0.00397	-0.00377	-0.00283	-0.00721	-0.00397	-0.00665	0.01812	3.07717	0.00000
11217	0.00000	0.00086	-0.00216	-0.00210	-0.00054	0.00086	-0.00200	0.02841	3.07563	0.00000
11237	0.00000	-0.00397	0.12678	0.11643	0.08498	-0.00397	0.14410	0.09753	3.07717	0.00000
11257	0.00000	-0.00720	0.20092	0.18466	0.13365	-0.00720	0.22785	0.02981	3.07563	-3.95357
11277	0.00000	0.00086	-0.00055	-0.00063	0.00060	0.00086	-0.00013	0.01442	3.07563	0.00000
11297	0.00000	-0.01364	0.01396	0.01486	-0.00575	-0.01364	0.00824	0.15515	3.07563	0.00000
11317	0.00000	0.00408	-0.01022	-0.00997	-0.00254	0.00408	-0.00944	0.02048	3.07717	0.00000
11337	0.00000	0.06049	0.01557	0.00350	0.08028	0.06049	0.05291	0.01114	3.07717	0.00000
11357	0.00000	-0.00559	0.03652	0.03423	0.01940	-0.00559	0.03895	0.01230	3.07563	0.00000
11377	0.00000	0.00570	-0.01022	-0.01020	-0.00087	0.00570	-0.00851	0.01210	3.07717	0.00000
11397	0.00000	0.03148	0.01396	0.00710	0.04601	0.03148	0.03430	0.13197	3.07563	0.00000
11417	0.00000	-0.00559	0.05909	0.05484	0.03533	-0.00559	0.06500	0.00965	3.07717	0.00000
11437	0.00000	-0.01042	-0.01505	-0.01175	-0.02275	-0.01042	-0.02340	0.01129	3.07717	0.00000
11457	0.00000	0.01698	-0.01505	-0.01638	0.00880	0.01698	-0.00758	0.01454	3.07563	0.00000
11477	0.00000	-0.01042	0.17674	0.16307	0.11289	-0.01042	0.19807	0.03708	3.07563	0.00000
11497	0.00000	0.00570	-0.01666	-0.01601	-0.00552	0.00570	-0.01595	0.01032	3.07717	0.00000
11517	0.00000	-0.00236	-0.01022	-0.00880	-0.01007	-0.00236	-0.01316	0.01156	3.07563	0.00000
11537	0.00000	0.10079	-0.00861	-0.03617	0.10571	0.10079	0.04825	0.01092	3.08484	0.00000
11557	0.00000	0.00892	-0.01828	-0.01803	-0.00300	0.00892	-0.01595	0.00932	3.07717	0.00000
11577	0.00000	-0.01364	-0.00699	-0.00288	-0.02079	-0.01364	-0.01595	0.00275	3.08177	0.00000
11597	0.00000	0.11529	-0.01344	-0.03424	0.12134	0.11529	0.05105	0.01559	3.07870	0.00000
11617	0.00000	-0.00075	0.02685	0.02269	0.02050	-0.00075	0.03057	0.02483	3.08637	0.00000
11637	0.00000	0.01053	-0.00699	-0.00825	0.00684	0.01053	-0.00200	0.00865	3.07870	0.00000
11657	0.00000	-0.00075	-0.01022	-0.00880	-0.00853	-0.00075	-0.01223	0.00559	3.08023	0.00000
11677	0.00000	0.04760	0.00107	-0.00826	0.05497	0.04760	0.02871	0.01752	3.07870	0.00000
11697	0.00000	0.00408	-0.01828	-0.01704	-0.00881	0.00408	-0.01874	0.00965	3.07870	0.00000
11717	0.00000	-0.00075	0.21059	0.18739	0.15426	-0.00075	0.24273	0.02630	3.07870	0.00000
11737	0.00000	0.00086	-0.01183	-0.01042	-0.00809	0.00086	-0.01316	0.00186	3.08023	0.00000
11757	0.00000	0.00892	-0.01022	-0.01071	0.00299	0.00892	-0.00665	0.01627	3.07563	0.00000
11777	0.00000	0.01537	0.01396	0.00944	0.02777	0.01537	0.02499	0.21274	3.07870	0.00000
11797	0.00000	-0.00881	0.20575	0.18465	0.14153	-0.00881	0.23250	0.00275	3.07870	0.00000
11817	0.00000	0.00086	-0.01022	-0.00925	-0.00655	0.00086	-0.01130	0.01947	3.07870	0.00000
11837	0.00000	0.00086	0.00590	0.00517	0.00524	0.00086	0.00731	0.00639	3.07870	0.00000
11857	0.00000	0.00570	0.00751	0.00558	0.01202	0.00570	0.01196	0.03005	3.07870	0.00000
11877	0.00000	0.03148	0.02041	0.01206	0.05087	0.03148	0.04174	0.02755	3.08023	0.00000
11897	0.00000	0.00570	0.12356	0.11039	0.09564	0.00570	0.14596	0.02407	3.07870	0.00000
11917	0.00000	0.00570	-0.01022	-0.01019	-0.00104	0.00570	-0.00851	0.01236	3.07870	0.00000
11937	0.00000	-0.00236	-0.01344	-0.01170	-0.01239	-0.00236	-0.01688	0.01129	3.07870	0.00000
11957	0.00000	-0.01687	0.00751	0.00994	-0.01367	-0.01687	-0.00106	0.02934	3.07717	0.00000
11977	0.00000	-0.00881	0.22187	0.19898	0.15340	-0.00881	0.25111	0.02869	3.07870	0.00000
11997	0.00000	0.01859	0.01879	0.01252	0.03522	0.01859	0.03243	0.03049	3.08023	0.00000
12017	0.00000	0.01053	-0.01022	-0.01104	0.00465	0.01053	-0.00572	0.05182	3.07563	0.00000
12037	0.00000	0.00408	-0.01022	-0.00992	-0.00271	0.00408	-0.00944	0.00932	3.07717	0.00000
12057	0.00000	-0.00236	0.21059	0.18770	0.15243	-0.00236	0.24180	0.06963	3.07870	0.00000
12077	0.00000	0.00247	-0.01183	-0.01100	-0.00590	0.00247	-0.01223	0.01334	3.07870	0.00000
12097	0.00000	0.00892	-0.01022	-0.01076	0.00281	0.00892	-0.00665	0.01840	3.07717	0.00000
12117	0.00000	-0.05071	0.01074	0.01935	-0.04982	-0.05071	-0.01688	0.13479	3.07870	0.00000
12137	0.00000	0.00892	0.00268	0.00066	0.01212	0.00892	0.00824	0.11052	3.07870	0.00000
12157	0.00000	-0.00397	-0.00861	-0.00688	-0.01086	-0.00397	-0.01223	0.00801	3.07870	0.00000
12177	0.00000	-0.01848	0.01074	0.01289	-0.01335	-0.01848	0.00173	0.02635	3.07870	0.00000
12197	0.00000	0.01214	-0.00538	-0.00662	0.01021	0.01214	0.00080	0.02899	3.07563	0.00000
12217	0.00000	0.01698	0.01235	0.00770	0.02842	0.01698	0.02406	0.02396	3.07870	0.00000
12237	0.00000	0.00086	0.01557	0.01347	0.01268	0.00086	0.01848	0.01838	3.08023	0.00000
12257	0.00000	-0.01364	0.00590	0.00788	-0.01119	-0.01364	-0.00106	0.01625	3.07870	0.00000
12277	0.00000	0.00570	-0.01022	-0.01019	-0.00104	0.00570	-0.00851	0.01004	3.07870	0.00000
12297	0.00000	-0.00397	0.14451	0.13096	0.09972	-0.00397	0.16457	0.04052	3.07717	0.00000
12317	0.00000	-0.06522	0.01396	0.02502	-0.06396	-0.06522	-0.02154	0.15789	3.07870	0.00000
12337	0.00000	0.00731	0.01557	0.01243	0.01979	0.00731	0.02220	0.11052	3.07870	0.00000
12357	0.00000	-0.00720	0.15901	0.14278	0.10894	-0.00720	0.17946	0.01114	3.07870	0.00000
12377	0.00000	0.00086	0.00107	0.00078	0.00176	0.00086	0.00173	0.02454	3.07870	0.00000
12397	0.00000	0.01698	0.00751	0.00382	0.02480	0.01698	0.01848	0.00219	3.07717	0.00000
12417	0.00000	-0.00720	0.01879	0.01810	0.00565	-0.00720	0.01755	0.01305	3.07870	0.00000
12437	0.00000	0.00570	-0.01344	-0.01305	-0.00342	0.00570	-0.01223	0.00943	3.07870	0.00000
12457	0.00000	0.00408	-0.00861	-0.00844	-0.00169	0.00408	-0.00758	0.02905	3.07870	3.96379
12477	0.00000	0.02504	-0.00216	-0.00630	0.02702	0.02504	0.01196	0.22969	3.07717	0.00000
12497	0.00000	-0.00881	0.02524	0.02415	0.00856	-0.00881	0.02406	0.02822	3.08023	0.00000
12517	0.00000	0.01053	0.01235	0.00859	0.02123	0.01053	0.02034	0.04215	3.08023	0.00000
12537	0.00000	-0.00397	-0.01344	-0.01069	-0.01479	-0.00397	-0.01781	0.01056	3.08023	0.00000
12557	0.00000	-0.01042	-0.00216	0.00010	-0.01345	-0.01042	-0.00851	0.02279	3.07870	0.00000
12577	0.00000	-0.01687	-0.01022	-0.00537	-0.02682	-0.01687	-0.02154	0.01156	3.08023	0.00000
12597	0.00000	-0.00720	0.00429	0.00521	-0.00503	-0.00720	0.00080	0.02072	3.07870	0.00000
12617	0.00000	0.01214	0.00107	-0.00115	0.01463	0.01214	0.00824	0.00510	3.07717	0.00000
12637	0.00000	0.01214	-0.03117	-0.03102	-0.00501	0.01214	-0.02898	0.01383	3.06796	0.00000
12657	0.00000	-0.00559	0.14612	0.13597	0.09452	-0.00559	0.16550	0.05360	3.07410	0.00000
12677	0.00000	-0.00236	0.12839	0.12195	0.08190	-0.00236	0.14689	0.02909	3.07103	0.00000
12697	0.00000	-0.02493	0.01396	0.01629	-0.01894	-0.02493	0.00173	0.14335	3.07563	0.00000
12717	0.00000	0.00408	0.00912	0.00789	0.01099	0.00408	0.01289	0.05636	3.07410	0.00000
12737	0.00000	0.00247	-0.01344	-0.01255	-0.00687	0.00247	-0.01409	0.02739	3.07563	0.00000
12757	0.00000	0.00892	0.00107	-0.00022	0.01096	0.00892	0.00638	0.03201	3.07563	0.00000
12777	0.00000	0.00086	0.02041	0.01798	0.01601	0.00086	0.02406	0.02100	3.07870	0.00000
12797	0.00000	0.01053	-0.00699	-0.00790	0.00725	0.01053	-0.00200	0.00186	3.07410	0.00000
12817	0.00000	0.00570	-0.01022	-0.01020	-0.00087	0.00570	-0.00851	0.01420	3.07717	0.00000
12837	0.00000	-0.01042	0.09455	0.08798	0.05484	-0.01042	0.10315	0.04768	3.07717	0.00000
12857	0.00000	-0.00075	0.22348	0.20690	0.15349	-0.00075	0.25762	0.02838	3.07410	0.00000
12877	0.00000	0.02987	0.00590	0.00012	0.03835	0.02987	0.02406	0.10601	3.07870	0.00000
12897	0.00000	-0.00720	0.17352	0.15767	0.11697	-0.00720	0.19621	0.01850	3.07717	0.00000
12917	0.00000	0.00892	-0.01183	-0.01222	0.00165	0.00892	-0.00851	0.01114	3.07717	0.00000
12937	0.00000	0.01859	-0.02956	-0.02947	0.00491	0.01859	-0.02340	0.01141	3.06336	0.00000
12957	0.00000	-0.01364	-0.01022	-0.00645	-0.02306	-0.01364	-0.01968	0.01447	3.07870	0.00000
12977	0.00000	-0.00720	0.01396	0.01389	0.00139	-0.00720	0.01196	0.01689	3.07410	0.00000
12997	0.00000	0.00892	-0.01828	-0.01825	-0.00086	0.00892	-0.01595	0.00885	3.06796	0.00000
13017	0.00000	-0.00881	0.02363	0.02295	0.00661	-0.00881	0.02220	0.00851	3.07563	0.00000
13037	0.00000	0.00086	-0.01828	-0.01759	-0.01076	0.00086	-0.02061	0.01407	3.06950	0.00000
13057	0.00000	-0.06038	0.01718	0.02790	-0.05562	-0.06038	-0.01502	0.04749	3.08023	0.00000
13077	0.00000	-0.01848	0.22026	0.20632	0.13094	-0.01848	0.24366	0.04302	3.07410	0.00000
13097	0.00000	-0.05394	0.01074	0.01816	-0.05414	-0.05394	-0.01874	0.13944	3.07563	0.00000
13117	0.00000	-0.06522	0.01396	0.02394	-0.06437	-0.06522	-0.02154	0.21196	3.07717	0.00000
13137	0.00000	0.00247	0.01074	0.00925	0.01057	0.00247	0.01382	0.15515	3.07717	0.00000
13157	0.00000	-0.01364	0.23315	0.21510	0.14904	-0.01364	0.26134	0.01114	3.07563	0.00000
13177	0.00000	0.00086	-0.01344	-0.01241	-0.00851	0.00086	-0.01502	0.00820	3.07563	0.00000
13197	0.00000	0.01053	0.00107	-0.00044	0.01281	0.01053	0.00731	0.00243	3.07410	0.00000
13217	0.00000	0.00086	-0.01666	-0.01571	-0.01026	0.00086	-0.01874	0.01869	3.07410	0.00000
13237	0.00000	0.00247	-0.00055	-0.00088	0.00244	0.00247	0.00080	0.02729	3.07563	0.00000
13257	0.00000	-0.01526	0.00429	0.00628	-0.01443	-0.01526	-0.00386	0.03573	3.07563	3.97405
13277	0.00000	-0.00075	0.02041	0.01898	0.01323	-0.00075	0.02313	0.01773	3.07563	0.00000
13297	0.00000	-0.00236	-0.01989	-0.01836	-0.01614	-0.00236	-0.02433	0.01230	3.07256	0.00000
13317	0.00000	-0.00881	0.01074	0.01117	-0.00250	-0.00881	0.00731	0.01447	3.07563	0.00000
13337	0.00000	-0.05233	0.02363	0.03113	-0.04216	-0.05233	-0.00293	0.08764	3.07870	3.96379
13357	0.00000	-0.02170	0.21381	0.19868	0.12616	-0.02170	0.23436	0.02811	3.07410	0.00000
13377	0.60000	0.45053	-0.04567	0.41118	0.27728	0.45053	0.20737	0.43124	3.61866	43.15498
13397	0.60000	-0.10229	-0.57754	0.73107	0.05421	-0.10229	-0.72595	0.76827	4.53291	46.95873
13417	0.60000	-0.47299	0.54905	0.58258	0.12046	-0.47299	0.36091	0.63544	5.50392	51.00206
13437	0.60000	-0.11680	0.07359	-0.00069	-0.11810	-0.11680	0.01755	0.11364	0.25311	56.66422
13457	0.60000	0.38929	-0.09886	0.38236	0.13255	0.38929	0.11060	0.46791	1.31922	54.50678
13477	0.60000	0.15397	-0.15688	0.17917	-0.01076	0.15397	-0.09226	0.21242	2.34546	51.00206
13497	0.60000	0.05888	-0.08597	0.03922	-0.07866	0.05888	-0.06527	0.10480	3.36249	51.13284
13517	0.60000	-0.54874	0.66026	0.70369	0.06672	-0.54874	0.44559	0.74245	4.33656	47.56543
13537	0.60000	0.36350	-0.02956	0.40351	0.01326	0.36350	0.17574	0.44068	5.29530	51.66271
13557	0.60000	0.03793	-0.09403	0.09001	0.02914	0.03793	-0.08667	0.09852	0.03988	54.92530
13577	0.60000	0.11207	-0.10853	0.03534	-0.12241	0.11207	-0.06062	0.12200	1.09526	51.39626
13597	0.60000	-0.03943	-0.07791	0.07861	-0.08990	-0.03943	-0.11273	0.11664	2.14757	55.49300
13617	0.60000	-0.09745	-0.00216	0.02447	-0.11113	-0.09745	-0.05876	0.11420	3.18761	55.20769
13637	0.60000	0.88570	-0.27454	0.77327	0.47349	0.88570	0.19435	0.75726	4.17550	47.07883
13657	0.60000	-0.14581	-0.55337	0.68505	0.27360	-0.14581	-0.72315	0.65726	5.12963	51.00206
13677	0.60000	0.00570	-0.13110	0.03907	-0.14294	0.00570	-0.14809	0.14241	6.14820	55.63553
13697	0.60000	-0.21672	0.22026	0.25230	0.00096	-0.21672	0.12921	0.28288	0.92959	55.49285
13717	0.60000	-0.07328	0.11066	0.07155	-0.08692	-0.07328	0.08547	0.11991	1.95583	55.49269
13737	0.60000	-0.02654	0.10744	0.00171	-0.11191	-0.02654	0.10874	0.11770	2.99280	54.23180
13757	0.60000	-0.27474	-0.59527	0.74649	0.48357	-0.27474	-0.84598	0.74155	3.99295	51.39641
13777	0.60000	-0.56647	0.67154	0.67962	0.24493	-0.56647	0.44838	0.68609	4.93942	51.00084
13797	0.60000	-0.13775	0.08326	-0.02262	-0.13688	-0.13775	0.01662	0.14038	5.94571	51.52922
13817	0.60000	-0.05877	0.13645	-0.01327	-0.13624	-0.05877	0.12363	0.11733	0.72557	58.04252
13837	0.60000	0.10723	-0.11337	0.12700	-0.01139	0.10723	-0.06899	0.15037	1.76868	54.92530
13857	0.60000	0.08306	-0.15527	0.11228	-0.10743	0.08306	-0.13134	0.16365	2.81025	51.66271
13877	0.60000	-0.31343	0.36693	0.33076	0.21850	-0.31343	0.24273	0.29750	3.81501	51.39641
13897	0.60000	0.21844	0.06553	0.27371	0.11624	0.21844	0.20179	0.42496	4.78295	51.39641
13917	0.60000	0.22489	-0.25681	0.23491	0.15222	0.22489	-0.16670	0.18138	5.82146	55.49300
13937	0.60000	0.06049	0.09777	-0.06400	-0.14633	0.06049	0.14782	0.16890	0.61513	62.02080
13957	0.60000	0.10723	-0.13432	0.06953	-0.12388	0.10723	-0.09319	0.14534	1.66897	56.07225
13977	0.60000	0.00247	-0.09725	0.02221	-0.10864	0.00247	-0.11087	0.11557	2.71208	50.61312
13997	0.60000	0.06049	0.14934	0.15296	0.15251	0.06049	0.20737	0.13134	3.72604	51.66271
14017	0.60000	0.22489	-0.00216	0.24451	-0.08366	0.22489	0.12735	0.28050	4.70012	46.36731
14037	0.60000	-0.13130	-0.43410	0.54541	0.22969	-0.13130	-0.57706	0.60172	5.70487	55.20769
14057	0.60000	-0.36016	-0.03278	0.42821	0.08219	-0.36016	-0.24579	0.28661	0.47247	57.88607
14077	0.60000	-0.36016	0.45718	0.46194	0.13667	-0.36016	0.31997	0.49475	1.50944	55.34998
14097	0.60000	-0.03460	0.17191	0.17353	-0.05433	-0.03460	0.17853	0.20812	2.53107	51.13223
14117	0.60000	0.00086	0.09616	0.02461	-0.10878	0.00086	0.11153	0.11475	3.55884	49.73019
14137	0.60000	-0.18126	-0.58882	0.76181	0.26080	-0.18126	-0.78457	0.82061	4.54979	48.18801
14157	0.60000	-0.54229	0.59901	0.61803	0.23548	-0.54229	0.37859	0.59941	5.51773	51.52922
14177	0.60000	0.02826	0.26378	0.31551	0.06490	0.02826	0.32090	0.33571	0.26998	37.61804
14197	0.60000	0.41991	-0.06985	0.43855	0.10078	0.41991	0.16178	0.38843	1.31002	55.63646
14217	0.60000	-0.70024	0.11227	0.62127	0.42394	-0.70024	-0.27464	0.75547	2.19052	47.68866
14237	0.60000	0.02504	0.08810	0.08678	0.08120	0.02504	0.11618	0.05306	3.16153	51.39641
14257	0.60000	0.70196	-0.22296	0.58855	0.41004	0.70196	0.14782	0.80650	4.18470	52.06738
14277	0.60000	-0.09907	-0.31806	0.35653	0.25067	-0.09907	-0.42445	0.34855	5.14497	51.13284
14297	0.60000	-0.32632	0.03814	0.34901	0.07415	-0.32632	-0.14437	0.40405	6.17121	54.23180
14317	0.60000	-0.35372	0.42817	0.42884	0.15932	-0.35372	0.29019	0.42201	0.94800	55.06598
14337	0.60000	0.08306	0.36854	0.46102	0.13614	0.08306	0.47350	0.47156	1.98344	51.52922
14357	0.60000	0.11852	0.04136	0.15156	-0.06761	0.11852	0.11618	0.18749	3.00047	54.92530
14377	0.60000	-0.14258	-0.31806	0.35986	0.30489	-0.14258	-0.44958	0.34825	4.00062	50.48558
14397	0.60000	-0.43430	0.58129	0.44256	0.41169	-0.43430	0.42046	0.66530	4.96089	67.21069
14417	0.60000	0.10240	0.39433	0.46368	0.24518	0.10240	0.51445	0.39952	5.99787	54.36909
14437	0.60000	0.00892	-0.00538	0.00261	0.00859	0.00892	-0.00106	0.21453	0.79153	57.57569
14457	0.60000	-0.05071	0.11872	-0.01850	-0.11769	-0.05071	0.10781	0.11629	1.85612	55.63677
14477	0.60000	0.06049	-0.02956	0.04339	-0.04216	0.06049	0.00080	0.08248	2.90229	51.66271
14497	0.60000	-0.41658	0.12356	0.32544	0.27782	-0.41658	-0.09784	0.24247	3.90552	50.87196
14517	0.60000	-0.10874	0.17352	0.17517	-0.00807	-0.10874	0.13758	0.18193	4.87806	47.07883
14537	0.60000	0.60203	-0.11337	0.57549	0.27954	0.60203	0.21668	0.46620	5.90122	51.52922
14557	0.60000	0.03148	-0.00055	0.03221	-0.01618	0.03148	0.01755	0.06751	0.69183	58.67686
14577	0.60000	0.05566	0.01396	0.00321	-0.07359	0.05566	0.04825	0.07382	1.75487	56.07256
14597	0.60000	0.15397	-0.11498	-0.00640	-0.15997	0.15397	-0.04387	0.16710	2.79952	51.00206
14617	0.60000	-0.40368	0.46846	0.45142	0.23224	-0.40368	0.30787	0.45580	3.81194	46.72036
14637	0.60000	0.59236	-0.13110	0.51948	0.34254	0.59236	0.19062	0.53331	4.75841	47.07883
14657	0.60000	0.10401	-0.10208	0.11487	-0.03107	0.10401	-0.05783	0.13584	5.76317	50.74251
14677	0.60000	0.12819	-0.13110	0.06089	-0.13679	0.12819	-0.07737	0.15435	0.54150	58.35797
14697	0.60000	0.01214	-0.10531	0.01501	-0.11424	0.01214	-0.11459	0.11581	1.57080	53.55529
14717	0.60000	-0.23123	0.24605	0.27569	0.01158	-0.23123	0.15061	0.32990	2.63538	55.49300
14737	0.60000	0.46826	-0.14077	0.30512	0.37117	0.46826	0.10781	0.46436	3.63860	67.55831
14757	0.60000	0.29903	-0.44861	0.42226	-0.17431	0.29903	-0.34536	0.44224	4.53905	31.38589
14777	0.60000	-0.51167	0.59740	0.59217	0.25826	-0.51167	0.39441	0.58798	5.51926	51.52922
14797	0.60000	0.06049	0.30246	0.36891	0.12301	0.06049	0.38417	0.40537	0.27612	58.51698
14817	0.60000	0.50049	-0.11337	0.48891	0.19082	0.50049	0.15806	0.45865	1.31922	55.06583
14837	0.60000	0.20877	-0.26809	0.27759	0.04758	0.20877	-0.18903	0.31822	2.35466	51.39580
14857	0.60000	0.02181	-0.06340	0.04844	-0.04246	0.02181	-0.06062	0.08249	3.36402	51.52922
14877	0.60000	-0.59709	0.76019	0.77695	0.19221	-0.59709	0.53306	0.83071	4.34577	47.68866
14897	0.60000	0.51661	-0.10370	0.52935	0.13612	0.51661	0.17853	0.55976	5.30604	51.13284
14917	0.60000	0.06211	0.05103	-0.02038	-0.11147	0.06211	0.09478	0.11365	0.04755	54.78519
14937	0.60000	-0.02976	-0.26809	0.32460	0.04775	-0.02976	-0.32675	0.35423	1.11981	54.92530
14957	0.60000	-0.14258	-0.04245	0.18727	-0.05005	-0.14258	-0.13134	0.22554	2.15831	54.92530
14977	0.60000	-0.13130	0.05909	0.09305	-0.09293	-0.13130	-0.00758	0.14903	3.18915	55.06613
14997	0.60000	0.77288	-0.24875	0.70051	0.36310	0.77288	0.15899	0.72683	4.17243	51.13284
15017	0.60000	-0.13291	-0.56948	0.71807	0.20315	-0.13291	-0.73432	0.73246	5.11736	50.87074
15037	0.60000	0.06211	-0.18751	-0.01459	-0.19046	0.06211	-0.18066	0.18849	6.13746	54.36789
15057	0.60000	-0.09423	-0.03117	0.01788	-0.12934	-0.09423	-0.09040	0.11561	0.91118	72.86414
15077	0.60000	-0.09745	0.10099	0.04263	-0.10640	-0.09745	0.06035	0.11647	1.95583	55.49269
15097	0.60000	-0.00720	0.07359	0.00660	-0.08087	-0.00720	0.08082	0.09976	2.98973	55.34998
15117	0.60000	-0.22800	-0.55337	0.67124	0.44188	-0.22800	-0.77061	0.64398	3.99755	47.56543
15137	0.60000	-0.49716	0.61997	0.56316	0.33754	-0.49716	0.42884	0.52320	4.94862	50.61251
15157	0.60000	0.04921	0.29601	0.36447	0.08134	0.04921	0.37022	0.37569	5.97946	54.50587
15177	0.60000	0.27324	0.01879	0.32516	0.03362	0.27324	0.17946	0.25107	0.74091	53.89661
15197	0.60000	0.24423	-0.34545	0.33316	0.12309	0.24423	-0.25789	0.36515	1.78862	55.49269
15217	0.60000	0.02826	-0.17461	0.17810	-0.05843	0.02826	-0.18531	0.20860	2.82099	50.10504
15237	0.60000	-0.18771	0.20092	0.19069	0.11898	-0.18771	0.12363	0.15077	3.81961	51.13284
15257	0.60000	0.17170	0.11066	0.27741	0.06331	0.17170	0.22691	0.51009	4.77988	51.00206
15277	0.60000	0.46342	-0.57593	0.56400	0.23375	0.46342	-0.39747	0.57942	5.79845	55.49177
15297	0.60000	-0.05394	-0.29388	0.34358	0.14869	-0.05394	-0.37048	0.30725	0.56911	58.51698
15317	0.60000	-0.47137	0.09777	0.43226	0.24629	-0.47137	-0.15925	0.39722	1.62755	50.48528
15337	0.60000	-0.36339	0.50070	0.44280	0.26765	-0.36339	0.36836	0.57310	2.66146	51.52922
15357	0.60000	0.10723	0.38788	0.50450	0.12979	0.10723	0.50980	0.53311	3.68462	51.00206
15377	0.60000	0.54079	-0.72743	0.73208	0.18701	0.54079	-0.52774	0.78742	4.62955	46.95873
15397	0.60000	-0.60192	0.11389	0.61623	0.17093	-0.60192	-0.21602	0.62386	5.60210	51.00206
15417	0.60000	-0.23123	0.20737	0.25432	0.00081	-0.23123	0.10595	0.25135	0.36355	58.04252
15437	0.60000	0.07500	0.34920	0.43644	0.12040	0.07500	0.44652	0.43223	1.40973	55.06583
15457	0.60000	0.15559	0.02685	0.19250	-0.04183	0.15559	0.12083	0.22115	2.43903	55.63615
15477	0.60000	-0.01687	-0.25359	0.22286	0.20532	-0.01687	-0.30256	0.23899	3.45913	55.06552
15497	0.60000	-0.71474	0.15579	0.73490	0.15768	-0.71474	-0.23277	0.80852	4.43934	47.56543
15517	0.60000	0.05244	0.40077	0.49339	0.04864	0.05244	0.49305	0.49927	5.39348	51.00206
15537	0.60000	-0.11680	0.21381	-0.07186	-0.20169	-0.11680	0.17946	0.21271	0.14573	41.79784
15557	0.60000	0.08951	-0.07630	0.09272	-0.02720	0.08951	-0.03642	0.11601	1.19651	55.49269
15577	0.60000	0.10885	-0.14399	0.08272	-0.12530	0.10885	-0.10342	0.16375	2.24115	51.52922
15597	0.60000	-0.18771	0.22832	0.16837	0.17604	-0.18771	0.15526	0.26491	3.26431	51.39641
15617	0.60000	0.14753	0.53938	0.70464	0.16268	0.14753	0.70800	0.75581	4.25066	47.44284
15637	0.60000	-0.14419	-0.66458	0.75679	0.41422	-0.14419	-0.85064	0.78078	5.12963	47.56543
15657	0.60000	-0.12808	0.16546	0.11968	0.12566	-0.12808	0.11711	0.23932	6.12058	54.50708
15677	0.60000	-0.14903	-0.06985	-0.01660	-0.22297	-0.14903	-0.16670	0.22087	0.90351	51.66256
15697	0.60000	-0.12647	0.06715	-0.03612	-0.12127	-0.12647	0.00452	0.12299	1.94969	50.61372
15717	0.60000	0.04921	-0.04567	0.04596	0.03003	0.04921	-0.02433	0.02221	2.97899	55.34998
15737	0.60000	-0.28280	-0.61139	0.79871	0.44452	-0.28280	-0.86925	0.80118	3.98682	51.52922
15757	0.60000	-0.56485	0.69733	0.71546	0.19159	-0.56485	0.47909	0.73485	4.92868	51.26429
15777	0.60000	0.34416	-0.08597	0.25729	0.24924	0.34416	0.09943	0.28916	5.92577	51.52922
15797	0.60000	0.09595	0.02685	0.12652	-0.02576	0.09595	0.08641	0.15415	0.73631	54.33718
15817	0.60000	0.10240	-0.11337	0.12477	-0.00832	0.10240	-0.07178	0.14193	1.76868	55.34998
15837	0.60000	0.07661	-0.13110	0.08984	-0.09632	0.07661	-0.10714	0.14041	2.81025	55.34998
15857	0.60000	-0.31826	0.37176	0.33945	0.21522	-0.31826	0.24553	0.33318	3.81961	51.39641
15877	0.60000	0.18299	0.07198	0.24874	0.08508	0.18299	0.18876	0.46477	4.78142	47.44284
15897	0.60000	0.46504	-0.34545	0.48002	-0.05306	0.46504	-0.13041	0.60840	5.79845	51.52798
15917	0.60000	-0.05716	-0.25359	0.31225	0.10915	-0.05716	-0.32582	0.33527	0.55990	58.67686
15937	0.60000	-0.22962	0.01074	0.25893	0.01061	-0.22962	-0.12017	0.28677	1.59074	51.13284
15957	0.60000	-0.12002	0.03975	0.07306	-0.09804	-0.12002	-0.02340	0.12993	2.62311	54.23120
15977	0.60000	0.39090	-0.10692	0.27074	0.29987	0.39090	0.10222	0.34789	3.63707	50.87135
15997	0.60000	0.28130	-0.36641	0.38230	-0.03043	0.28130	-0.26068	0.41413	4.60654	46.60087
16017	0.60000	-0.56647	0.11711	0.52733	0.28203	-0.56647	-0.19182	0.46269	5.61437	51.52922
16037	0.60000	-0.31987	0.54583	0.41082	0.36340	-0.31987	0.44559	0.32429	0.38196	58.67686
16057	0.60000	0.02987	0.17835	0.18708	0.12530	0.02987	0.22319	0.11777	1.44194	55.63646
16077	0.60000	0.05244	-0.01183	0.03638	0.04126	0.05244	0.01662	0.27382	2.50346	54.92530
16097	0.60000	0.13463	-0.14238	0.13646	0.08376	0.13463	-0.08667	0.08146	3.53583	51.00145
16117	0.60000	-0.05233	-0.43893	0.53751	-0.04685	-0.05233	-0.53705	0.56739	4.52218	46.13489
16137	0.60000	-0.37628	0.43140	0.46673	0.05106	-0.37628	0.28089	0.47789	5.49012	51.26429
16157	0.60000	-0.15709	0.06231	-0.05041	-0.14994	-0.15709	-0.01874	0.15488	0.24237	57.73044
16177	0.60000	0.38445	-0.08436	0.38434	0.12483	0.38445	0.12456	0.42843	1.31309	51.66240
16197	0.60000	0.11529	-0.11659	0.13268	-0.01788	0.11529	-0.06806	0.15711	2.34392	55.49300
16217	0.60000	0.00892	-0.06179	0.05780	-0.03349	0.00892	-0.06620	0.08091	3.36709	51.52922
16237	0.60000	-0.60837	0.73279	0.77155	0.14022	-0.60837	0.49491	0.82689	4.34270	47.07883
16257	0.60000	0.23940	0.02041	0.28022	-0.07039	0.23940	0.16178	0.31849	5.28917	51.00084
16277	0.60000	0.07661	0.09293	-0.05986	-0.15890	0.07661	0.15154	0.17650	0.04295	55.49300
16297	0.60000	0.09595	-0.13432	0.08454	-0.10954	0.09595	-0.09970	0.14549	1.10140	53.42207
16317	0.60000	-0.04910	-0.08436	0.09408	-0.09681	-0.04910	-0.12576	0.12605	2.15064	51.39641
16337	0.60000	-0.06038	0.01879	0.02745	-0.05536	-0.06038	-0.01316	0.08574	3.17841	51.13284
16357	0.60000	0.75353	-0.21652	0.70741	0.31879	0.75353	0.18504	0.65530	4.16476	47.56543
16377	0.60000	-0.07650	-0.51146	0.62663	0.12680	-0.07650	-0.63475	0.65748	5.11583	66.52365
16397	0.60000	-0.13291	0.14612	0.12098	0.10720	-0.13291	0.09199	0.18109	6.14359	51.00206
16417	0.60000	-0.20544	0.16063	0.21163	-0.04340	-0.20544	0.06686	0.23260	0.92499	51.79675
16437	0.60000	-0.07650	0.13645	0.09687	-0.09656	-0.07650	0.11339	0.14546	1.96043	55.20739
16457	0.60000	-0.01526	0.12678	0.01293	-0.13782	-0.01526	0.13758	0.13956	2.99433	50.61372
16477	0.60000	-0.17643	-0.41476	0.48685	0.36253	-0.17643	-0.58078	0.50719	4.00062	51.13284
16497	0.60000	-0.25701	0.27022	0.26791	0.14508	-0.25701	0.16364	0.22584	4.95629	50.87196
16517	0.60000	0.10079	0.42334	0.52487	0.18398	0.10079	0.54702	0.50247	5.98406	51.66271
16537	0.60000	0.33449	-0.06985	0.30471	0.17793	0.33449	0.11246	0.28945	0.76392	58.04252
16557	0.60000	0.43764	-0.51791	0.51084	0.22318	0.43764	-0.34536	0.38428	1.81163	55.49300
16577	0.60000	-0.11196	-0.42121	0.52020	0.21332	-0.11196	-0.55101	0.48968	2.85014	55.49300
16597	0.60000	-0.17643	-0.01022	0.19985	-0.06401	-0.17643	-0.11366	0.23103	3.85183	47.56543
16617	0.60000	0.02826	0.36854	0.43937	-0.05445	0.02826	0.44187	0.46185	4.80443	46.60208
16637	0.60000	0.50855	-0.71293	0.64796	0.34532	0.50855	-0.52960	0.63597	5.80305	54.92408
16657	0.60000	-0.11841	-0.37285	0.44224	0.25948	-0.11841	-0.49890	0.38705	0.57064	57.88599
16677	0.60000	-0.46332	0.06715	0.46040	0.19682	-0.46332	-0.18996	0.45994	1.61528	52.20337
16697	0.60000	-0.43753	0.52649	0.53275	0.18389	-0.43753	0.35533	0.54684	2.65839	51.66271
16717	0.60000	-0.00075	0.16546	0.18487	-0.04648	-0.00075	0.19062	0.21141	3.66468	50.87196
16737	0.60000	0.45537	-0.57754	0.60657	0.05137	0.45537	-0.40398	0.65172	4.61728	47.44284
16757	0.60000	-0.74214	0.15096	0.71617	0.31999	-0.74214	-0.25417	0.63779	5.60670	55.49300
16777	0.60000	-0.27958	0.29440	0.32556	0.06344	-0.27958	0.17853	0.29776	0.36662	56.66424
16797	0.60000	0.13141	0.45879	0.56213	0.26092	0.13141	0.60564	0.55774	1.41893	55.20769
16817	0.60000	0.51661	-0.11337	0.50966	0.18744	0.51661	0.16736	0.47703	2.45897	50.10504
16837	0.60000	0.15720	-0.18912	0.20247	0.00048	0.15720	-0.12762	0.23053	3.47600	54.64578
16857	0.60000	-0.84368	0.20414	0.80303	0.36072	-0.84368	-0.25138	0.86573	4.45928	47.68866
16877	0.60000	0.11207	0.38788	0.43920	0.28699	0.11207	0.51259	0.44263	5.42876	55.49300
16897	0.60000	0.41507	-0.00216	0.43889	0.18942	0.41507	0.23715	0.17896	0.20095	58.51698
16917	0.60000	0.05405	-0.06179	0.05392	0.04031	0.05405	-0.04015	0.00965	1.26400	51.52922
16937	0.60000	0.05244	0.04136	-0.01965	-0.09193	0.05244	0.07803	0.09904	2.32552	55.49300
16957	0.60000	-0.10874	-0.00699	0.11277	0.06423	-0.10874	-0.07085	0.07724	3.35942	51.13284
16977	0.60000	-0.56969	0.68121	0.72517	0.08968	-0.56969	0.45769	0.77710	4.33963	47.07883
16997	0.60000	0.50211	-0.06985	0.53733	0.08442	0.50211	0.20923	0.57463	5.30144	51.00206
17017	0.60000	0.08306	0.01396	0.00718	-0.10465	0.08306	0.06407	0.17091	0.04602	55.63677
17037	0.60000	-0.00881	-0.24069	0.28297	0.01011	-0.00881	-0.28301	0.32842	1.11520	51.52906
17057	0.60000	-0.08456	-0.06663	0.12814	-0.08089	-0.08456	-0.12576	0.17069	2.15218	51.39641
17077	0.60000	-0.12485	0.01557	0.05312	-0.12528	-0.12485	-0.05410	0.13798	3.18454	51.52922
17097	0.60000	0.77288	-0.21813	0.71700	0.34776	0.77288	0.19435	0.82964	4.16783	47.56543
17117	0.60000	-0.12969	-0.55337	0.66978	0.27885	-0.12969	-0.71385	0.62167	5.12810	50.87196
17137	0.60000	-0.04427	-0.11337	0.09378	-0.13283	-0.04427	-0.15646	0.16787	6.14973	55.34875
17157	0.60000	-0.25218	0.24766	0.28850	0.00714	-0.25218	0.14038	0.31883	0.92652	55.63661
17177	0.60000	-0.07489	0.18802	0.16802	-0.08722	-0.07489	0.17387	0.20907	1.96656	51.52922
17197	0.60000	-0.00397	0.11711	0.02744	-0.13012	-0.00397	0.13293	0.12343	2.99586	50.48558
17217	0.60000	-0.19738	-0.43088	0.50865	0.39264	-0.19738	-0.61149	0.53851	3.99909	51.00206
17237	0.60000	-0.42302	0.47330	0.45648	0.24889	-0.42302	0.30229	0.42480	4.95169	47.68866
17257	0.60000	0.30064	0.06553	0.38718	-0.05092	0.30064	0.24925	0.41773	5.86594	42.39657
17277	0.60000	0.06372	-0.00377	0.01759	-0.06930	0.06372	0.03243	0.17735	0.60899	57.88607
17297	0.60000	0.13786	-0.11337	0.00503	-0.14701	0.13786	-0.05131	0.14944	1.65670	52.06707
17317	0.60000	0.01214	-0.11176	0.01936	-0.12109	0.01214	-0.12203	0.12975	2.70901	51.66271
17337	0.60000	0.09595	0.22348	0.24434	0.21849	0.09595	0.31345	0.26916	3.71990	51.52860
17357	0.60000	0.22811	-0.00055	0.25244	-0.07404	0.22811	0.13107	0.28780	4.69858	50.10504
17377	0.60000	-0.15225	-0.48245	0.59942	0.28253	-0.15225	-0.64499	0.58963	5.70181	55.49300
17397	0.60000	-0.33921	0.03975	0.34070	0.14646	-0.33921	-0.14995	0.21875	0.47553	57.88607
17417	0.60000	-0.25540	0.36209	0.25540	0.27065	-0.25540	0.27065	0.35199	1.54318	55.49300
17437	0.60000	-0.09101	-0.07630	-0.04383	-0.16167	-0.09101	-0.14064	0.16221	2.60777	55.63615
17457	0.60000	0.44086	-0.12948	0.35915	0.27635	0.44086	0.10502	0.40145	3.61866	51.93117
17477	0.60000	-0.01042	-0.28260	0.28818	0.16585	-0.01042	-0.33233	0.27377	4.58353	46.95873
17497	0.60000	-0.36016	0.02524	0.40182	0.01456	-0.36016	-0.17880	0.45128	5.59136	50.48558
17517	0.60000	-0.18771	0.10422	0.16674	-0.08700	-0.18771	0.01196	0.20925	0.35895	41.79784
17537	0.60000	-0.01364	0.24766	0.27709	-0.02728	-0.01364	0.27809	0.31419	1.40206	51.00176
17557	0.60000	0.02504	0.09293	0.06653	-0.10500	0.02504	0.12177	0.13806	2.43136	55.49300
17577	0.60000	-0.07167	-0.32450	0.30659	0.29028	-0.07167	-0.41608	0.32706	3.45452	50.35750
17597	0.60000	-0.59225	0.09293	0.63668	0.01966	-0.59225	-0.23463	0.67758	4.43320	47.31965
17617	0.60000	0.05405	0.40238	0.49425	0.06695	0.05405	0.49584	0.51547	5.39808	51.52922
17637	0.60000	-0.09101	0.19447	-0.02922	-0.19239	-0.09101	0.17201	0.19232	0.14573	58.35796
17657	0.60000	0.31031	-0.40348	0.40443	0.12218	0.31031	-0.28674	0.43849	1.21491	52.06738
17677	0.60000	-0.59386	-0.06824	0.70795	0.17101	-0.59386	-0.42166	0.71577	2.16905	39.73993
17697	0.60000	0.11207	0.35887	0.41494	0.26436	0.11207	0.47909	0.35711	3.14159	51.52922
17717	0.60000	0.44570	-0.08113	0.47394	0.02810	0.44570	0.16364	0.47463	4.14175	47.56543
17737	0.60000	0.00731	-0.36802	0.41443	-0.07276	0.00731	-0.42073	0.44329	5.09742	50.48558
17757	0.60000	-0.22317	0.27183	0.21320	0.19642	-0.22317	0.18504	0.21708	6.11752	55.63677
17777	0.60000	-0.02976	0.02202	0.02357	-0.01995	-0.02976	0.00824	0.06686	0.89124	50.61357
17797	0.60000	-0.13291	0.09293	-0.00891	-0.13609	-0.13291	0.03057	0.14091	1.95122	54.50678
17817	0.60000	-0.00720	0.08649	0.01073	-0.09537	-0.00720	0.09571	0.10844	2.98513	55.34998
17837	0.60000	-0.16031	-0.38736	0.45377	0.33351	-0.16031	-0.53984	0.46628	3.99449	46.95873
17857	0.60000	-0.26507	0.22026	0.27011	0.08692	-0.26507	0.10129	0.22130	4.95783	47.19954
17877	0.60000	0.13786	0.46202	0.57198	0.26007	0.13786	0.61308	0.50649	5.98866	55.34998
17897	0.60000	0.20394	-0.02633	0.19111	0.11265	0.20394	0.08734	0.16116	0.77159	57.57569
17917	0.60000	0.14753	-0.16817	0.15316	0.10093	0.14753	-0.10901	0.10705	1.83004	51.26398
17937	0.60000	-0.08617	-0.27293	0.25426	0.27555	-0.08617	-0.36490	0.49357	2.87775	55.49300
17957	0.60000	-0.88559	0.22348	0.82684	0.40585	-0.88559	-0.25324	0.80023	3.89324	51.00145
17977	0.60000	0.16364	0.61352	0.77394	0.26898	0.16364	0.80291	0.75859	4.83204	46.95873
17997	0.60000	0.39090	-0.40187	0.40508	0.21329	0.39090	-0.23835	0.40765	5.82299	51.52922
18017	0.60000	-0.02493	-0.20362	0.18889	0.16492	-0.02493	-0.24952	0.14515	0.59979	56.81403
18037	0.60000	0.00731	-0.27132	0.30887	-0.01299	0.00731	-0.30907	0.34215	1.68584	51.13284
18057	0.60000	-0.03943	-0.08597	0.07104	-0.10676	-0.03943	-0.12203	0.13913	2.71361	55.49300
18077	0.60000	0.05566	0.17835	0.18763	0.15676	0.05566	0.23808	0.17786	3.71990	51.66271
18097	0.60000	0.25874	-0.14721	0.25606	0.04233	0.25874	-0.02061	0.23157	4.68785	51.52922
18117	0.60000	-0.05877	-0.41959	0.50912	0.11400	-0.05877	-0.51844	0.49317	5.69260	51.52922
18137	0.60000	-0.02654	-0.12304	0.09894	-0.12523	-0.02654	-0.15739	0.17582	0.44639	56.81411
18157	0.60000	-0.29247	0.30890	0.34752	0.00489	-0.29247	0.18783	0.38715	1.49870	51.52891
18177	0.60000	-0.07973	0.11389	0.06666	-0.09600	-0.07973	0.08547	0.12267	2.52186	55.63615
18197	0.60000	0.03471	0.03975	0.04401	-0.06013	0.03471	0.06593	0.07080	3.55117	51.66209
18217	0.60000	-0.06683	-0.48567	0.60263	-0.02368	-0.06683	-0.59939	0.64653	4.52371	49.97947
18237	0.60000	-0.36984	0.40722	0.44752	0.04860	-0.36984	0.25669	0.46473	5.49165	66.69501
18257	0.60000	-0.20705	0.09293	-0.06762	-0.19608	-0.20705	-0.01223	0.20963	0.24237	54.33721
18277	0.60000	0.13302	0.02524	0.16676	-0.03329	0.13302	0.10595	0.19205	1.29928	56.07256
18297	0.60000	0.07984	-0.06179	0.07617	-0.03478	0.07984	-0.02526	0.10604	2.33779	54.36909
18317	0.60000	-0.03621	-0.04084	0.07693	0.00493	-0.03621	-0.06806	0.05856	3.35635	51.39641
18337	0.60000	-0.61159	0.76180	0.78019	0.20612	-0.61159	0.52654	0.81054	4.34884	47.44284
18357	0.60000	0.50211	-0.06663	0.53927	0.08125	0.50211	0.21296	0.59115	5.29990	49.97947
18377	0.60000	0.10401	-0.06985	0.09560	-0.04586	0.10401	-0.02061	0.11677	0.06596	52.06738
18397	0.60000	0.07500	-0.14882	0.11615	-0.09305	0.07500	-0.12855	0.16969	1.10907	51.52891
18417	0.60000	-0.05394	-0.06985	0.09312	-0.08207	-0.05394	-0.11180	0.14586	2.15064	51.52922
18437	0.60000	-0.12969	0.03652	0.07138	-0.11311	-0.12969	-0.03270	0.14633	3.18608	50.74251
18457	0.60000	0.85991	-0.23425	0.79074	0.40637	0.85991	0.22598	0.75866	4.16936	51.52922
18477	0.60000	-0.16837	-0.61139	0.75971	0.31020	-0.16837	-0.80318	0.73707	5.12350	51.52922
18497	0.60000	-0.04266	-0.12143	0.10435	-0.13453	-0.04266	-0.16484	0.17202	6.14973	55.20769
18517	0.60000	-0.27152	0.15418	0.25209	-0.10308	-0.27152	0.02127	0.35605	0.93573	56.21920
18537	0.60000	0.08951	0.26539	0.21744	-0.29828	0.08951	0.35812	0.37445	1.84538	39.23205
18557	0.60000	-0.16837	-0.34545	0.40018	0.33808	-0.16837	-0.49611	0.44590	2.86854	55.34937
18577	0.60000	-0.57291	0.12356	0.59120	0.11872	-0.57291	-0.18810	0.65693	3.86870	51.39641
18597	0.60000	0.04760	0.43623	0.53324	-0.00715	0.04760	0.53120	0.56207	4.81210	51.00206
18617	0.60000	0.46342	-0.62912	0.56755	0.32125	0.46342	-0.45888	0.51982	5.80765	51.52798
18637	0.60000	0.00086	-0.23263	0.25232	0.09068	0.00086	-0.26813	0.21762	0.57524	53.75134
18657	0.60000	-0.54229	0.09455	0.52162	0.25214	-0.54229	-0.20392	0.47317	1.62295	51.93148
18677	0.60000	-0.54229	0.61997	0.62891	0.24644	-0.54229	0.40278	0.60446	2.65839	55.34998
18697	0.60000	0.07661	0.35081	0.44974	0.07385	0.07661	0.44931	0.47394	3.68002	50.87196
18717	0.60000	0.50533	-0.63879	0.66802	0.08895	0.50533	-0.44586	0.70717	4.62035	50.48558
18737	0.60000	-0.68734	0.12033	0.66883	0.30265	-0.68734	-0.25789	0.58788	5.61590	52.20368
18757	0.60000	-0.28441	0.27022	0.31934	0.02773	-0.28441	0.14782	0.31157	0.36662	58.04252
18777	0.60000	0.08628	0.37982	0.47459	0.14396	0.08628	0.48839	0.46489	1.40973	50.87165
18797	0.60000	0.15720	0.04136	0.20158	-0.05708	0.15720	0.13851	0.23240	2.43750	51.52860
18817	0.60000	0.06372	-0.13432	0.13088	0.03044	0.06372	-0.11831	0.27196	3.46066	55.34937
18837	0.60000	-0.65189	0.11550	0.68760	0.10565	-0.65189	-0.24300	0.72426	4.43320	67.03669
18857	0.60000	0.01859	0.37821	0.44781	0.00004	0.01859	0.44745	0.46727	5.39041	51.00206
18877	0.60000	-0.10229	0.22026	-0.05046	-0.21458	-0.10229	0.19528	0.21407	0.14573	56.36675
18897	0.60000	0.32643	-0.42604	0.42400	0.13738	0.32643	-0.30349	0.45190	1.21798	51.26429
18917	0.60000	-0.27474	0.35081	0.25462	0.26717	-0.27474	0.24646	0.28728	2.12303	51.00206
18937	0.60000	0.02504	0.09455	0.09024	0.08812	0.02504	0.12363	0.05718	3.16307	54.78519
18957	0.60000	0.77288	-0.19234	0.76522	0.24889	0.77288	0.22412	0.80894	4.15862	50.35810
18977	0.60000	-0.86463	0.74890	0.91778	0.19690	-0.86463	0.36556	0.90700	4.92408	31.79244
18997	0.60000	0.36189	-0.05051	0.38122	0.09108	0.36189	0.15061	0.45922	5.88435	55.49300
19017	0.60000	0.33932	-0.48406	0.40757	0.28424	0.33932	-0.36304	0.32183	0.66728	58.04252
19037	0.60000	0.38767	-0.55337	0.21035	-0.52762	0.38767	-0.41515	0.58620	1.61835	31.62856
19057	0.60000	-0.36016	0.46363	0.45925	0.16113	-0.36016	0.32741	0.46397	2.64765	54.92530
19077	0.60000	-0.01364	0.10422	0.10519	-0.04202	-0.01364	0.11246	0.14360	3.65701	51.52922
19097	0.60000	0.46504	-0.59527	0.61952	0.08897	0.46504	-0.41887	0.67493	4.62188	51.52922
19117	0.60000	-0.67929	0.13484	0.67623	0.24503	-0.67929	-0.23649	0.67695	5.60670	51.00206
19137	0.60000	-0.20222	0.14451	0.20180	-0.05175	-0.20222	0.05011	0.22632	0.35742	57.42178
19157	0.60000	0.16364	0.44590	0.54845	0.31183	0.16364	0.60936	0.51958	1.42353	55.06613
19177	0.60000	0.64394	-0.09725	0.65603	0.22712	0.64394	0.25948	0.50608	2.46204	55.49300
19197	0.60000	0.23778	-0.23263	0.26954	-0.03367	0.23778	-0.13134	0.30100	3.48060	51.52922
19217	0.60000	-0.73731	0.15257	0.76282	0.15453	-0.73731	-0.24952	0.82430	4.43627	47.56543
19237	0.60000	0.07984	0.22993	0.32067	-0.02489	0.07984	0.31159	0.31791	5.34592	39.63786
19257	0.60000	0.38284	-0.51630	0.47786	0.24271	0.38284	-0.37514	0.43431	0.08897	59.45679
19277	0.60000	-0.13775	-0.43088	0.54466	0.23522	-0.13775	-0.57706	0.53130	1.13821	51.26429
19297	0.60000	-0.36984	0.04297	0.39637	0.08078	-0.36984	-0.16391	0.40787	2.16905	53.55559
19317	0.60000	-0.23284	0.19608	0.24359	-0.05773	-0.23284	0.09199	0.27542	3.19835	54.64518
19337	0.60000	0.78577	-0.23102	0.70947	0.38591	0.78577	0.18690	0.77865	4.16936	47.07883
19357	0.60000	-0.20544	-0.50985	-0.42428	0.60204	-0.20544	-0.70733	0.35603	5.12810	437.16504
19377	0.60000	-0.40852	0.03008	0.41858	0.17921	-0.40852	-0.20113	0.31995	6.19421	54.92530
19397	0.60000	-0.18288	-0.09403	0.17316	-0.22206	-0.18288	-0.21416	0.31541	0.95874	47.68850
19417	0.60000	0.05566	0.25249	0.27637	0.17740	0.05566	0.32369	0.21899	2.00798	55.63646
19437	0.60000	0.50855	-0.11498	0.44332	0.29651	0.50855	0.16085	0.34790	3.04955	51.39641
19457	0.60000	0.22167	-0.30839	0.31771	0.01480	0.22167	-0.22811	0.35761	4.03744	50.48558
19477	0.60000	-0.20544	-0.02472	0.23223	-0.09963	-0.20544	-0.14716	0.25777	4.99004	46.72036
19497	0.60000	0.04438	0.22993	0.25220	0.15202	0.04438	0.29112	0.22632	6.00707	55.49300
19517	0.60000	-0.15225	0.04136	-0.07825	-0.13662	-0.15225	-0.04015	0.16061	0.80534	58.67686
19537	0.60000	0.03632	0.07843	0.07554	-0.08972	0.03632	0.11153	0.12071	1.86379	55.63646
19557	0.60000	0.07661	-0.14399	0.09569	-0.10771	0.07661	-0.12203	0.16041	2.80565	51.52922
19577	0.60000	-0.24090	0.34275	0.26345	0.23345	-0.24090	0.25669	0.22846	3.81348	51.52922
19597	0.60000	0.45859	-0.01183	0.44237	0.27862	0.45859	0.25111	0.46635	4.77988	47.07761
19617	0.60000	-0.44236	0.96649	0.01852	-0.96745	-0.44236	0.86060	0.92857	5.79231	51.52922
19637	0.60000	0.04115	-0.01344	0.01905	-0.03740	0.04115	0.00824	0.18650	0.60592	58.67686
19657	0.60000	0.10885	-0.13110	0.05826	-0.12763	0.10885	-0.08853	0.14669	1.66897	55.49269
19677	0.60000	-0.00236	-0.10853	0.03457	-0.12189	-0.00236	-0.12669	0.13881	2.71361	54.50648
19697	0.60000	0.05244	0.19447	0.19847	0.16819	0.05244	0.25483	0.17122	3.72451	51.52922
19717	0.60000	0.22811	0.01235	0.25111	-0.10135	0.22811	0.14596	0.29146	4.69858	46.72036
19737	0.60000	-0.12969	-0.45666	0.57043	0.23248	-0.12969	-0.60219	0.63497	5.70641	51.52922
19757	0.60000	-0.45364	0.09293	0.43964	0.19078	-0.45364	-0.15460	0.45825	0.47553	58.04252
19777	0.60000	-0.36016	0.47169	0.42892	0.24305	-0.36016	0.33672	0.39836	1.52017	51.00176
19797	0.60000	0.09273	-0.06018	0.08849	0.03198	0.09273	-0.01595	0.05925	2.40835	51.00206
19817	0.60000	-0.14258	-0.34223	0.37826	0.32444	-0.14258	-0.47749	0.35687	3.44072	51.52922
19837	0.60000	-0.37628	0.37660	0.38947	0.19292	-0.37628	0.21761	0.34918	4.38258	47.19954
19857	0.60000	0.11852	0.09293	0.20631	0.04859	0.11852	0.17574	0.31959	5.36126	51.66271
19877	0.60000	-0.14258	0.24444	-0.09218	-0.22759	-0.14258	0.19993	0.23286	0.13959	57.73046
19897	0.60000	0.08467	-0.06340	0.08022	-0.03639	0.08467	-0.02433	0.10988	1.19344	50.74221
19917	0.60000	0.09918	-0.17945	0.13632	-0.11720	0.09918	-0.14995	0.19089	2.24575	54.92530
19937	0.60000	-0.20705	0.24927	0.18280	0.19433	-0.20705	0.16829	0.28305	3.26431	55.49300
19957	0.60000	0.14108	0.41367	0.47388	0.32847	0.14108	0.55911	0.46295	4.27981	51.66271
19977	0.60000	0.14430	-0.11337	0.14110	0.05635	0.14430	-0.04759	0.10788	5.25695	51.00206
19997	0.60000	-0.03943	-0.24230	0.23924	0.18937	-0.03943	-0.30256	0.23309	0.03068	51.00084
20017	0.60000	0.15881	-0.08597	-0.03955	-0.15399	0.15881	-0.00758	0.15071	1.09373	55.49285
20037	0.60000	0.02987	-0.11659	0.00178	-0.12110	0.02987	-0.11738	0.11816	2.13837	51.52922
20057	0.60000	-0.10229	-0.00538	0.02308	-0.11912	-0.10229	-0.06527	0.11678	3.18148	51.13284
20077	0.60000	0.62137	-0.20846	0.51785	0.36306	0.62137	0.11804	0.49756	4.17856	46.60208
20097	0.60000	-0.12808	-0.40670	0.47683	0.29067	-0.12808	-0.54356	0.49129	5.13730	51.39641
20117	0.60000	-0.36016	0.00590	0.40785	0.06178	-0.36016	-0.20113	0.37060	6.17274	54.92530
20137	0.60000	-0.47299	0.57967	0.55992	0.25919	-0.47299	0.39627	0.52194	0.94647	55.49285
20157	0.60000	0.11207	0.41850	0.49934	0.25185	0.11207	0.54795	0.46384	1.99571	55.49269
20177	0.60000	0.48115	-0.08919	0.48991	0.14846	0.48115	0.17481	0.70037	3.02654	51.52860
20197	0.60000	-0.09745	-0.27615	0.29629	0.24985	-0.09745	-0.37514	0.32663	4.00829	47.44284
20217	0.60000	-0.37951	0.41850	0.36651	0.28187	-0.37951	0.26414	0.38633	4.96856	46.72036
20237	0.60000	0.00570	0.15418	0.16148	0.08267	0.00570	0.18132	0.11077	6.01014	54.92530
20257	0.60000	-0.10229	0.05103	-0.01824	-0.10065	-0.10229	-0.00013	0.10648	0.82068	58.67686
20277	0.60000	0.04277	0.07520	0.08152	-0.08730	0.04277	0.11153	0.11712	1.86379	55.63646
20297	0.60000	0.06049	-0.01022	0.02302	-0.06053	0.06049	0.02313	0.08160	2.89922	51.52922
20317	0.60000	-0.46332	0.11066	0.38686	0.29070	-0.46332	-0.13971	0.28844	3.90552	51.00206
20337	0.60000	-0.05071	0.23638	0.23377	0.08536	-0.05071	0.24366	0.20327	4.87039	51.52922
20357	0.60000	0.52145	-0.11176	0.49942	0.22808	0.52145	0.17201	0.45414	5.89509	51.00206
20377	0.60000	0.40218	-0.57915	0.50112	0.31806	0.40218	-0.43655	0.54301	0.66268	57.26862
20397	0.60000	-0.03621	-0.16494	0.17405	0.12524	-0.03621	-0.21136	0.14608	1.73493	52.06738
20417	0.60000	-0.00559	-0.04084	0.04775	-0.01700	-0.00559	-0.05038	0.05273	2.78571	51.00145
20437	0.60000	-0.50038	0.53616	0.55446	0.22792	-0.50038	0.33020	0.52953	3.80120	51.52860
20457	0.60000	0.71163	-0.12465	0.66637	0.36550	0.71163	0.26693	0.53493	4.75381	46.60208
20477	0.60000	0.09918	-0.08274	0.09847	-0.04005	0.09918	-0.03829	0.11557	5.75703	55.49300
20497	0.60000	0.10240	-0.14077	0.09925	-0.10643	0.10240	-0.10342	0.16020	0.54150	58.04252
20517	0.60000	-0.05877	-0.06179	0.09031	-0.07988	-0.05877	-0.10528	0.13286	1.58000	56.21904
20537	0.60000	-0.11357	0.01879	0.05267	-0.10975	-0.11357	-0.04387	0.12833	2.62311	51.39580
20557	0.60000	0.20716	-0.05051	0.14715	0.15816	0.20716	0.06128	0.45228	3.63860	50.74251
20577	0.60000	0.26357	-0.35190	0.36550	-0.02180	0.26357	-0.25417	0.39882	4.60501	47.44161
20597	0.60000	-0.48588	0.06553	0.51851	0.09565	-0.48588	-0.20485	0.52228	5.59136	51.52922
20617	0.60000	-0.10874	-0.06179	-0.00554	-0.17257	-0.10874	-0.13413	0.17554	0.34515	56.96481
20637	0.60000	-0.01364	0.19608	0.21609	-0.03533	-0.01364	0.21854	0.23207	1.39746	51.79690
20657	0.60000	-0.00075	0.11066	0.03830	-0.12145	-0.00075	0.12735	0.11604	2.42829	50.74251
20677	0.60000	0.03793	-0.21652	0.19823	0.11906	0.03793	-0.22811	0.21992	3.46066	51.00145
20697	0.60000	-0.64705	0.11711	0.68111	0.10736	-0.64705	-0.23835	0.73140	4.43474	67.38313
20717	0.60000	0.01214	0.37337	0.43808	-0.01342	0.01214	0.43814	0.45728	5.38887	51.00206
20737	0.60000	-0.09584	0.20092	-0.03225	-0.19838	-0.09584	0.17667	0.19719	0.14726	58.67686
20757	0.60000	0.32159	-0.42282	0.41922	0.13857	0.32159	-0.30256	0.44607	1.21645	51.66271
20777	0.60000	0.06855	-0.20040	0.18613	-0.08277	0.06855	-0.19182	0.22611	2.24882	69.55096
20797	0.60000	-0.20544	0.24605	0.18478	0.18827	-0.20544	0.16550	0.25473	3.26431	51.66271
20817	0.60000	0.20233	0.58934	0.76137	0.31125	0.20233	0.79733	0.83771	4.26140	51.39518
20837	0.60000	0.55690	-0.75806	0.71092	0.33382	0.55690	-0.55380	0.69363	5.21860	51.39641
20857	0.60000	0.10079	-0.16817	0.12317	-0.11611	0.10079	-0.13599	0.18668	6.25404	51.00206
20877	0.60000	-0.26669	0.03330	0.28549	0.05431	-0.26669	-0.11552	0.29457	1.02623	50.23110
20897	0.60000	-0.17804	0.10905	0.15596	-0.08891	-0.17804	0.02313	0.20451	2.06014	55.49300
20917	0.60000	-0.09262	0.08487	0.01650	-0.10143	-0.09262	0.04453	0.10681	3.08484	55.34998
20937	0.60000	0.47471	-0.56304	0.60416	0.04154	0.47471	-0.37607	0.64571	4.05124	47.56482
20957	0.60000	-0.25379	0.00751	0.28222	-0.06127	-0.25379	-0.13785	0.31500	4.99464	51.66271
20977	0.60000	0.01859	0.15901	0.16602	0.10271	0.01859	0.19435	0.11431	6.01321	55.49300
20997	0.60000	-0.12324	0.07520	-0.00847	-0.12394	-0.12324	0.01569	0.11451	0.81915	37.72078
21017	0.60000	0.03632	0.07359	0.07201	-0.08578	0.03632	0.10595	0.11553	1.86072	55.63646
21037	0.60000	0.01537	-0.18589	0.16790	0.11996	0.01537	-0.20578	0.25278	2.89462	55.06613
21057	0.60000	-0.54229	0.14129	0.45892	0.32547	-0.54229	-0.14995	0.40020	3.90245	47.56543
21077	0.60000	0.08951	0.42656	0.47510	0.28008	0.08951	0.54422	0.44636	4.85045	51.39641
21097	0.60000	0.24101	0.00751	0.28228	-0.01589	0.24101	0.14782	0.30972	5.87208	51.00206
21117	0.60000	0.11852	-0.06663	0.10468	-0.05622	0.11852	-0.00851	0.13046	0.63507	58.04252
21137	0.60000	0.05405	-0.21813	0.21395	-0.07639	0.05405	-0.22067	0.23168	1.67664	50.61372
21157	0.60000	-0.27152	-0.00055	0.31316	-0.02042	-0.27152	-0.15739	0.35281	2.73202	52.20368
21177	0.60000	0.20233	0.46846	0.58832	0.35697	0.20233	0.65775	0.63082	3.70150	51.66209
21197	0.60000	0.41507	-0.57593	0.48061	0.34963	0.41507	-0.42539	0.45897	4.66023	45.45141
21217	0.60000	0.07016	-0.21652	0.19537	-0.10315	0.07016	-0.20950	0.23283	5.66806	49.48339
21237	0.60000	-0.07006	-0.09886	0.13402	-0.10414	-0.07006	-0.15460	0.18762	0.45252	58.35797
21257	0.60000	1.49493	0.09132	-0.78431	1.59929	1.49493	0.96855	1.49460	1.46342	479.61685
21277	0.60000	0.03471	0.08810	0.07211	-0.10407	0.03471	0.12177	0.14194	2.42829	51.52922
21297	0.60000	0.00408	-0.24553	0.21966	0.17555	0.00408	-0.28115	0.21670	3.45913	50.87135
21317	0.60000	-0.64383	0.11711	0.68313	0.06144	-0.64383	-0.23649	0.72023	4.43474	51.52798
21337	0.60000	0.01214	0.37821	0.44365	-0.01374	0.01214	0.44373	0.46168	5.39041	50.87196
21357	0.60000	-0.10229	0.21059	-0.05324	-0.20377	-0.10229	0.18411	0.20939	0.14726	37.61806
21377	0.60000	0.31192	-0.42282	0.41281	0.14771	0.31192	-0.30814	0.43861	1.21798	51.52922
21397	0.60000	0.06211	-0.21652	0.20467	-0.08848	0.06211	-0.21416	0.23220	2.25035	51.52922
21417	0.60000	-0.11035	0.10422	0.10062	0.07252	-0.11035	0.05663	0.27997	3.26738	51.52922
21437	0.60000	0.20716	0.58129	0.74883	0.32774	0.20716	0.79081	0.75032	4.26140	51.66148
21457	0.60000	0.55852	-0.68069	0.68203	0.24829	0.55852	-0.46354	0.70096	5.22014	51.52922
21477	0.60000	0.08789	-0.18267	0.15048	-0.10363	0.08789	-0.16018	0.20180	6.25557	50.87196
21497	0.60000	-0.28441	0.04136	0.29959	0.06856	-0.28441	-0.11645	0.39829	1.02777	54.36894
21517	0.60000	-0.21350	0.16707	0.21573	-0.06235	-0.21350	0.06966	0.23658	2.06627	55.06613
21537	0.60000	-0.07489	0.09132	0.04147	-0.08808	-0.07489	0.06221	0.09832	3.08944	51.52922
21557	0.60000	0.52628	-0.63718	0.64206	0.22640	0.52628	-0.43190	0.70403	4.07732	31.71029
21577	0.60000	-0.73892	0.13806	0.75980	0.20004	-0.73892	-0.26720	0.78068	5.02532	47.07883
21597	0.60000	-0.07489	-0.05373	-0.03502	-0.12435	-0.07489	-0.10528	0.15529	6.03928	54.92530
21617	0.60000	-0.11035	0.05103	-0.02424	-0.10775	-0.11035	-0.00479	0.11567	0.81301	58.51698
21637	0.60000	0.05244	0.07843	0.09704	-0.08907	0.05244	0.12083	0.12974	1.86685	55.49269
21657	0.60000	0.06372	-0.04245	0.05348	-0.03673	0.06372	-0.01223	0.08903	2.89769	51.00206
21677	0.60000	-0.36339	0.10744	0.28009	0.24688	-0.36339	-0.08574	0.38024	3.90705	51.00206
21697	0.60000	-0.10229	0.19286	0.19257	0.01236	-0.10229	0.16364	0.18198	4.87652	51.00206
21717	0.60000	0.59236	-0.11176	0.56607	0.27522	0.59236	0.21296	0.59817	5.89816	55.49300
21737	0.60000	-0.00075	0.06231	0.00593	-0.07127	-0.00075	0.07152	0.11377	0.69489	57.88607
21757	0.60000	0.07016	0.01074	0.00980	-0.08733	0.07016	0.05291	0.09335	1.75487	56.07256
21777	0.60000	0.00408	-0.06502	0.06586	-0.03109	0.00408	-0.07272	0.08221	2.79798	55.63615
21797	0.60000	-0.43592	0.52971	0.48263	0.29433	-0.43592	0.35998	0.46058	3.81348	51.13284
21817	0.60000	0.35705	-0.02633	0.33819	0.20970	0.35705	0.17574	0.28293	4.76915	47.56420
21837	0.60000	0.36189	-0.42443	0.44979	0.08773	0.36189	-0.28115	0.46498	5.78924	54.78519
21857	0.60000	0.04277	-0.18428	0.19036	-0.03114	0.04277	-0.18810	0.21575	0.54917	58.35797
21877	0.60000	-0.10068	-0.04729	0.13471	-0.06852	-0.10068	-0.11273	0.15912	1.58307	51.93148
21897	0.60000	-0.11035	0.01235	0.04461	-0.11238	-0.11035	-0.04945	0.12560	2.62157	51.00145
21917	0.60000	0.34416	-0.08597	0.25109	0.25548	0.34416	0.09943	0.44543	3.63553	50.87135
21937	0.60000	0.07339	-0.68392	0.74746	-0.07222	0.07339	-0.74735	0.78896	4.51911	35.67407
21957	0.60000	-0.20544	0.16868	0.20349	-0.08122	-0.20544	0.07617	0.23308	5.47938	51.00206
21977	0.60000	-0.20383	0.07520	-0.09095	-0.18498	-0.20383	-0.03084	0.21289	0.23930	58.04252
21997	0.60000	0.09273	0.04136	0.12623	-0.05406	0.09273	0.10129	0.15955	1.29621	50.61372
22017	0.60000	0.09595	-0.07952	0.09841	-0.02911	0.09595	-0.03642	0.11515	2.33932	54.64578
22037	0.60000	0.00086	-0.06663	0.07034	-0.02994	0.00086	-0.07644	0.08294	3.36555	50.87196
22057	0.60000	-0.59225	0.72312	0.75654	0.14636	-0.59225	0.49305	0.82309	4.34270	49.85452
22077	0.60000	-0.00881	-0.29227	0.28381	0.19202	-0.00881	-0.34257	0.26666	5.15571	46.72036
22097	0.60000	-0.66478	0.15257	0.62468	0.30800	-0.66478	-0.20764	0.52104	6.19115	54.78519
22117	0.60000	-0.21995	0.17352	0.22590	0.05216	-0.21995	0.07338	0.16148	0.96181	55.49285
22137	0.60000	0.02504	0.15579	0.16028	0.11270	0.02504	0.19435	0.09420	2.01565	55.06613
22157	0.60000	0.31031	-0.04729	0.24069	0.23209	0.31031	0.12456	0.21245	3.07410	55.06613
22177	0.60000	0.59720	-0.88538	0.78509	0.44641	0.59720	-0.67756	0.79451	4.07579	46.36731
22197	0.60000	-0.36500	0.05586	0.37757	-0.10974	-0.36500	-0.14623	0.41822	4.95169	35.04027
22217	0.60000	-0.07489	0.11711	0.07377	-0.09289	-0.07489	0.09199	0.13695	5.95798	54.50708
22237	0.60000	0.19910	0.01396	0.23823	0.00821	0.19910	0.13107	0.22051	0.74245	56.66420
22257	0.60000	0.21844	-0.26326	0.27821	0.04410	0.21844	-0.17786	0.31999	1.77942	55.63646
22277	0.60000	0.09595	-0.15527	0.09420	-0.12523	0.09595	-0.12389	0.16103	2.80872	51.39641
22297	0.60000	-0.34405	0.37982	0.36108	0.21341	-0.34405	0.23994	0.23277	3.81348	51.52922
22317	0.60000	0.35060	0.03330	0.37088	0.20823	0.35060	0.24087	0.39862	4.77682	47.07761
22337	0.60000	0.48277	-0.68069	0.61080	0.34247	0.48277	-0.50727	0.60996	5.79998	55.20647
22357	0.60000	-0.04588	-0.26003	0.26138	0.20137	-0.04588	-0.32675	0.24379	0.59212	58.67686
22377	0.60000	0.13302	-0.12787	0.03506	-0.14657	0.13302	-0.07085	0.15411	1.66437	51.52891
22397	0.60000	0.01214	-0.11337	0.01359	-0.12373	0.01214	-0.12389	0.12845	2.70901	50.35750
22417	0.60000	0.43441	0.58451	0.97758	0.29985	0.43441	0.92574	0.99747	3.72144	51.52922
22437	0.60000	0.36511	-0.42926	0.46260	-0.02136	0.36511	-0.28488	0.46608	4.60961	46.95873
22457	0.60000	-0.54229	0.08165	0.57332	0.11496	-0.54229	-0.21881	0.52288	5.59750	51.00206
22477	0.60000	-0.12647	-0.05051	0.02500	-0.18059	-0.12647	-0.13134	0.18059	0.34515	58.67686
22497	0.60000	0.01698	0.26861	0.31914	0.02824	0.01698	0.31997	0.36106	1.40359	54.92499
22517	0.60000	0.05405	0.07520	0.09538	-0.08808	0.05405	0.11804	0.14665	2.43289	55.34937
22537	0.60000	-0.08134	-0.33901	0.32500	0.30526	-0.08134	-0.43841	0.33383	3.45299	51.39641
22557	0.60000	-0.61643	0.10744	0.65714	0.04291	-0.61643	-0.23184	0.70169	4.43320	47.07761
22577	0.60000	0.04438	0.39755	0.48495	0.04064	0.04438	0.48467	0.50613	5.39501	51.00206
22597	0.60000	-0.10229	0.20737	-0.05417	-0.20016	-0.10229	0.18039	0.21704	0.14573	56.36675
22617	0.60000	0.28130	-0.22135	0.29434	-0.03423	0.28130	-0.09319	0.40038	1.21645	55.92654
22637	0.60000	0.05727	-0.22135	0.21632	-0.07747	0.05727	-0.22253	0.23705	2.25342	55.49300
22657	0.60000	-0.01526	-0.09886	0.04147	-0.11675	-0.01526	-0.12296	0.13263	3.27351	50.35810
22677	0.60000	0.22973	0.60868	0.77693	0.38352	0.22973	0.83548	0.83257	4.26447	46.48320
22697	0.60000	0.57947	-0.81769	0.73774	0.40387	0.57947	-0.60963	0.70912	5.22167	50.74251
22717	0.60000	0.02826	-0.21329	0.23079	-0.02048	0.02826	-0.22997	0.24925	6.26018	55.49300
22737	0.60000	-0.33599	0.06231	0.34332	0.09950	-0.33599	-0.12203	0.35044	1.02777	54.92514
22757	0.60000	-0.24573	0.23638	0.27849	-0.00153	-0.24573	0.13107	0.30117	2.06781	55.63677
22777	0.60000	-0.09101	0.09293	0.03194	-0.10129	-0.09101	0.05477	0.11549	3.08944	55.49300
22797	0.60000	0.51822	-0.77417	0.66267	0.42785	0.51822	-0.59474	0.68438	4.07886	47.56543
22817	0.60000	-0.69540	0.14451	0.65608	0.32883	-0.69540	-0.23463	0.65915	5.03606	46.72036
22837	0.60000	-0.17643	0.09293	0.14811	-0.09599	-0.17643	0.00545	0.18739	6.05769	51.66271
22857	0.60000	-0.11680	0.07520	-0.00157	-0.11838	-0.11680	0.01941	0.11422	0.82068	58.04252
22877	0.60000	0.03793	0.08326	0.07787	-0.09648	0.03793	0.11804	0.11910	1.86072	55.34967
22897	0.60000	-0.10229	-0.04406	0.14203	0.04875	-0.10229	-0.10994	0.11071	2.79185	46.60147
22917	0.60000	-0.45848	0.58129	0.54306	0.28374	-0.45848	0.40651	0.53273	3.79814	51.00145
22937	0.60000	0.66973	-0.16011	0.58321	0.38608	0.66973	0.20179	0.54059	4.75687	50.87196
22957	0.60000	0.12657	-0.12143	0.13881	-0.03548	0.12657	-0.06713	0.16607	5.76623	50.35810
22977	0.60000	0.11046	-0.14238	0.09023	-0.11909	0.11046	-0.10063	0.16149	0.54456	57.11631
22997	0.60000	-0.25701	0.01396	0.28903	-0.00081	-0.25701	-0.13227	0.33122	1.59227	51.39641
23017	0.60000	-0.11680	0.01718	0.05053	-0.11554	-0.11680	-0.04759	0.12812	2.62004	51.52860
23037	0.60000	0.30548	-0.08274	0.22019	0.22662	0.30548	0.08082	0.49088	3.63247	50.87135
23057	0.60000	0.26357	-0.33578	0.35308	-0.01656	0.26357	-0.23556	0.39422	4.60348	50.48438
23077	0.60000	-0.41496	0.04136	0.45493	0.04462	-0.41496	-0.19182	0.47746	5.59289	51.52922
23097	0.60000	-0.10874	-0.10370	-0.04773	-0.20701	-0.10874	-0.18252	0.21334	0.33901	58.04252
23117	0.60000	-0.15548	-0.01989	-0.13927	-0.13220	-0.15548	-0.11273	0.20085	1.35604	47.19954
23137	0.60000	0.25390	-0.34384	0.33730	0.11577	0.25390	-0.25045	0.36347	2.35926	54.78458
23157	0.60000	0.06211	-0.15849	0.12661	-0.09736	0.06211	-0.14716	0.17311	3.37322	51.52860
23177	0.60000	-0.56647	0.72956	0.71851	0.26488	-0.56647	0.51538	0.72354	4.35497	47.07883
23197	0.60000	0.60364	-0.11337	0.61803	0.17250	0.60364	0.21761	0.63596	5.31371	51.00206
23217	0.60000	0.07984	0.01235	0.02611	-0.09661	0.07984	0.06035	0.10092	0.05676	55.20769
23237	0.60000	-0.05555	-0.31644	0.39378	0.07741	-0.05555	-0.39747	0.42848	1.12748	51.00206
23257	0.60000	-0.10229	-0.05051	0.14098	-0.06607	-0.10229	-0.11738	0.17494	2.15678	54.92530
23277	0.60000	-0.08295	0.01879	0.03275	-0.08058	-0.08295	-0.02619	0.10325	3.17994	51.13284
23297	0.60000	0.82929	-0.22619	0.79272	0.32650	0.82929	0.21761	0.82206	4.16322	51.13284
23317	0.60000	-0.37628	-0.00699	0.43442	-0.06016	-0.37628	-0.22532	0.46041	5.00538	51.52922
23337	0.60000	0.00247	0.10260	0.10243	0.06235	0.00247	0.11990	0.03963	6.01934	54.92530
23357	0.60000	-0.15548	0.04458	-0.07252	-0.14274	-0.15548	-0.03829	0.16710	0.80994	57.73046
23377	0.60000	-0.04910	0.13000	-0.01525	-0.13040	-0.04910	0.12177	0.12432	1.85918	55.34998
23397	0.60000	0.05405	0.00751	0.00736	-0.06676	0.05405	0.03988	0.06814	2.89462	51.00206
23417	0.60000	-0.68412	0.17352	0.60304	0.37713	-0.68412	-0.19461	0.56461	3.90245	51.26429
23437	0.60000	0.10240	0.38465	0.43226	0.27731	0.10240	0.50328	0.44870	4.85352	51.00206
23457	0.60000	0.45053	-0.06985	0.46321	0.14352	0.45053	0.17946	0.47069	5.88895	55.63677
23477	0.60000	0.30870	-0.39219	0.38342	0.15400	0.30870	-0.27464	0.35336	0.65501	57.88607
23497	0.60000	-0.07650	-0.37608	0.47043	0.11583	-0.07650	-0.47843	0.47280	1.70118	51.66240
23517	0.60000	-0.15709	-0.02795	0.19305	-0.05023	-0.15709	-0.12296	0.22121	2.72128	51.66271
23537	0.60000	-0.02332	0.09293	0.09057	0.03386	-0.02332	0.09385	0.06768	3.73371	49.85452
23557	0.60000	0.26035	-0.00216	0.28628	-0.08763	0.26035	0.14782	0.34515	4.70165	46.48440
23577	0.60000	-0.07167	-0.43893	0.53266	0.14806	-0.07167	-0.54821	0.53125	5.70181	54.92530
23597	0.60000	-0.35372	0.04297	0.36773	0.11737	-0.35372	-0.15460	0.42859	0.46633	57.88607
23617	0.60000	-0.29086	0.30085	0.34173	-0.00137	-0.29086	0.17946	0.38203	1.49717	51.52891
23637	0.60000	-0.09101	0.10260	0.04168	-0.10436	-0.09101	0.06593	0.11700	2.52647	51.52860
23657	0.60000	0.11046	-0.10208	0.10785	0.05913	0.11046	-0.05410	0.08120	3.54810	50.87135
23677	0.60000	-0.47137	0.06553	0.42992	0.27557	-0.47137	-0.19648	0.41136	4.47616	47.07883
23697	0.60000	0.14753	0.06231	0.19777	0.08566	0.14753	0.15713	0.43547	5.35973	51.52922
23717	0.60000	-0.02332	0.09132	-0.01404	-0.09385	-0.02332	0.09199	0.12816	0.12732	56.81411
23737	0.60000	0.22489	-0.28904	0.29754	0.06020	0.22489	-0.20392	0.34567	1.20878	55.49300
23757	0.60000	0.09273	-0.16494	0.12045	-0.11330	0.09273	-0.13692	0.17877	2.24268	50.10504
23777	0.60000	0.00570	-0.11659	0.02282	-0.12946	0.00570	-0.13134	0.12845	3.27351	54.50708
23797	0.60000	0.17976	0.58129	0.76002	0.23511	0.17976	0.77500	0.79828	4.25219	51.52798
23817	0.60000	0.35383	-0.40187	0.43893	0.00123	0.35383	-0.25975	0.46217	5.19866	51.00206
23837	0.60000	0.08306	-0.08919	0.01620	-0.09831	0.08306	-0.05503	0.12357	6.22643	51.00206
23857	0.60000	-0.13936	-0.03439	0.18037	-0.03642	-0.13936	-0.12017	0.20564	1.01856	51.52906
23877	0.60000	-0.12647	0.01074	0.05139	-0.13047	-0.12647	-0.06062	0.14476	2.05247	51.66240
23897	0.60000	-0.12324	0.04942	-0.05597	-0.11069	-0.12324	-0.01409	0.22529	3.08637	51.52922
23917	0.60000	0.50049	-0.66619	0.67779	0.14737	0.50049	-0.48029	0.72163	4.06045	47.19893
23937	0.60000	-0.72603	0.12517	0.75017	0.19927	-0.72603	-0.27464	0.73486	5.02072	51.52922
23957	0.60000	-0.04910	0.02363	0.03062	-0.03840	-0.04910	-0.00106	0.07179	6.03161	73.23045
23977	0.60000	-0.14258	0.05264	-0.04873	-0.13571	-0.14258	-0.02154	0.13000	0.81301	58.67686
23997	0.60000	-0.02815	0.11066	0.00226	-0.11500	-0.02815	0.11153	0.11329	1.85918	55.49300
24017	0.60000	0.01053	-0.17300	0.15151	0.12110	0.01053	-0.19368	0.21915	2.89155	55.49300
24037	0.60000	-0.40046	0.09293	0.34106	0.24367	-0.40046	-0.12389	0.37498	3.90398	51.52922
24057	0.60000	-0.00559	0.27183	0.27212	0.14992	-0.00559	0.31066	0.23272	4.87346	51.52922
24077	0.60000	0.48760	-0.10208	0.46152	0.22693	0.48760	0.16364	0.41097	5.89969	51.00206
24097	0.60000	0.24101	-0.21652	0.25672	0.06685	0.24101	-0.11087	0.22350	0.67035	58.51698
24117	0.60000	0.52145	-0.40187	0.35459	-0.41558	0.52145	-0.16298	0.58546	1.68124	32.04147
24137	0.60000	-0.29731	0.42011	0.34885	0.25479	-0.29731	0.31345	0.32820	2.67373	51.00206
24157	0.60000	0.14108	0.47652	0.61870	0.19001	0.14108	0.63169	0.63642	3.68616	51.52922
24177	0.60000	0.52145	-0.65491	0.68126	0.12233	0.52145	-0.45516	0.72538	4.62649	51.00206
24197	0.60000	-0.65995	0.11711	0.67082	0.21431	-0.65995	-0.24579	0.65775	5.60517	54.92530
24217	0.60000	-0.18288	0.11389	0.16984	-0.07256	-0.18288	0.02592	0.21246	0.36049	37.31303
24237	0.60000	-0.00397	0.24444	0.27943	-0.01771	-0.00397	0.27995	0.30654	1.40206	54.50678
24257	0.60000	0.00408	0.10260	0.04282	-0.11306	0.00408	0.12083	0.11609	2.42829	51.39641
24277	0.60000	-0.05877	-0.29710	0.28551	0.25310	-0.05877	-0.37700	0.39496	3.45299	51.52922
24297	0.60000	-0.59548	0.09777	0.63816	0.02435	-0.59548	-0.23090	0.68166	4.43320	47.31965
24317	0.60000	0.02826	0.38788	0.46475	0.01686	0.02826	0.46420	0.47440	5.39194	51.00206
24337	0.60000	-0.11196	0.24605	-0.06590	-0.23739	-0.11196	0.21947	0.23253	0.14113	57.88607
24357	0.60000	0.28291	-0.39058	0.37787	0.14140	0.28291	-0.28767	0.40420	1.21645	56.07256
24377	0.60000	0.06855	-0.21652	0.20172	-0.09101	0.06855	-0.21043	0.23308	2.25342	51.66271
24397	0.60000	-0.00720	-0.11014	0.03327	-0.12725	-0.00720	-0.13134	0.14640	3.27965	50.61372
24417	0.60000	0.21522	0.60868	0.78342	0.34135	0.21522	0.82711	0.77628	4.26140	51.52798
24437	0.60000	0.53273	-0.68714	0.68250	0.23248	0.53273	-0.48587	0.68283	5.21247	51.52922
24457	0.60000	0.17332	-0.13432	0.00068	-0.18183	0.17332	-0.05504	0.17656	6.23563	51.00206
24477	0.60000	-0.20544	0.00429	0.23477	0.00165	-0.20544	-0.11366	0.25978	1.02470	51.66256
24497	0.60000	-0.14742	0.06231	0.10965	-0.09939	-0.14742	-0.01316	0.16234	2.05400	55.49300
24517	0.60000	-0.05555	0.09938	0.06982	-0.07104	-0.05555	0.08268	0.11579	3.09404	55.49300
24537	0.60000	0.48760	-0.66135	0.59068	0.34831	0.48760	-0.48215	0.62986	4.08192	47.56543
24557	0.60000	-0.54874	0.08487	0.50497	0.30653	-0.54874	-0.21881	0.36909	5.04986	51.66271
24577	0.60000	-0.46170	0.58451	0.55346	0.27127	-0.46170	0.40837	0.46876	6.08837	55.06613
24597	0.60000	0.06372	0.32824	0.37941	0.18168	0.06372	0.41581	0.31123	0.85596	54.78503
24617	0.60000	0.33771	-0.06824	0.30574	0.18452	0.33771	0.11618	0.27314	1.90827	55.49269
24637	0.60000	0.42474	-0.62589	0.53022	0.35671	0.42474	-0.47749	0.47456	2.94678	50.48498
24657	0.60000	-0.02493	-0.29710	0.35732	-0.02669	-0.02493	-0.35746	0.39719	3.95153	51.00206
24677	0.60000	0.03793	0.45235	0.54551	0.00029	0.03793	0.54422	0.56728	4.80750	51.39641
24697	0.60000	0.07339	-0.04406	0.07280	0.01254	0.07339	-0.00851	0.03880	5.89355	55.49300
24717	0.60000	0.05244	0.03652	-0.00652	-0.08919	0.05244	0.07245	0.08400	0.62280	58.51698
24737	0.60000	0.08789	-0.15849	0.11546	-0.10903	0.08789	-0.13227	0.17003	1.67204	55.63677
24757	0.60000	-0.00559	-0.10853	0.03609	-0.12350	-0.00559	-0.12855	0.13349	2.71208	54.36849
24777	0.60000	0.04277	0.17030	0.17127	0.14656	0.04277	0.22133	0.13273	3.71990	51.52922
24797	0.60000	0.33449	-0.02633	0.36781	-0.05522	0.33449	0.16271	0.41027	4.70319	50.87196
24817	0.60000	-0.10712	-0.43893	0.52635	0.24049	-0.10712	-0.56869	0.46583	5.70487	54.36909
24837	0.60000	-0.31343	0.03491	0.30659	0.15494	-0.31343	-0.14064	0.38578	0.48167	57.88607
24857	0.60000	-0.37145	0.42334	0.40495	0.22187	-0.37145	0.27437	0.36600	1.52938	53.95898
24877	0.60000	0.08789	0.32502	0.36763	0.23250	0.08789	0.42605	0.30322	2.57402	51.39641
24897	0.60000	0.59075	-0.17139	0.53823	0.28240	0.59075	0.14317	0.66943	3.60332	51.52922
24917	0.60000	-0.12324	-0.46472	0.51540	0.34487	-0.12324	-0.60777	0.50926	4.57280	47.56543
24937	0.60000	-0.23606	0.30729	0.23063	0.22427	-0.23606	0.21854	0.37546	5.54074	50.74251
24957	0.60000	-0.11357	-0.02150	0.03629	-0.14053	-0.11357	-0.09040	0.14145	0.34975	62.02080
24977	0.60000	-0.04427	0.20414	0.20576	-0.06151	-0.04427	0.21017	0.23220	1.39899	55.34998
24997	0.60000	0.01214	0.08971	0.04884	-0.09997	0.01214	0.11060	0.12079	2.42983	54.78519
25017	0.60000	-0.06844	-0.23747	0.22703	0.22706	-0.06844	-0.31372	0.46609	3.45299	55.34998
25037	0.60000	-0.61321	0.11550	0.64960	0.05175	-0.61321	-0.22067	0.69248	4.43474	51.52798
25057	0.60000	0.04277	0.39433	0.48029	0.03907	0.04277	0.48002	0.48093	5.39501	51.00206
25077	0.60000	-0.12324	0.22187	-0.07330	-0.20988	-0.12324	0.18504	0.22211	0.13806	57.42175
25097	0.60000	0.05082	0.01879	0.00073	-0.07202	0.05082	0.05105	0.08172	1.18730	54.64548
25117	0.60000	0.13786	-0.12143	0.02051	-0.14918	0.13786	-0.06062	0.15318	2.23808	54.64578
25137	0.60000	-0.15386	-0.02633	0.18746	-0.05243	-0.15386	-0.11924	0.21691	3.28885	55.49239
25157	0.60000	0.15720	0.52971	0.69581	0.18399	0.15720	0.70241	0.73532	4.25066	50.61251
25177	0.60000	0.56658	-0.79351	0.73194	0.36386	0.56658	-0.58916	0.72045	5.22014	51.52922
25197	0.60000	0.04760	-0.19234	0.19461	-0.04760	0.04760	-0.19461	0.22755	6.25711	55.49300
25217	0.60000	-0.00236	-0.08919	0.03738	-0.09746	-0.00236	-0.10435	0.10920	1.01089	51.66256
25237	0.60000	-0.04266	0.24766	0.26036	-0.04826	-0.04266	0.26134	0.30018	1.96810	51.00206
25257	0.60000	-0.01364	0.09777	0.01502	-0.10483	-0.01364	0.10502	0.11572	2.99280	66.18717
25277	0.60000	-0.26830	-0.60333	0.75354	0.47878	-0.26830	-0.85157	0.71527	3.99295	51.52922
25297	0.60000	-0.51328	0.69733	0.63730	0.34088	-0.51328	0.50886	0.63226	4.93788	51.66148
25317	0.60000	-0.10229	0.10744	0.04535	-0.11238	-0.10229	0.06500	0.12401	5.95491	55.49300
25337	0.60000	0.16364	0.00107	0.18854	0.01973	0.16364	0.09571	0.23381	0.74398	58.67686
25357	0.60000	0.20555	-0.24230	0.25923	0.03172	0.20555	-0.16112	0.28673	1.78095	55.49269
25377	0.60000	0.08628	-0.12787	0.07162	-0.10903	0.08628	-0.09784	0.14309	2.81025	51.52922
25397	0.60000	-0.29408	0.34275	0.31687	0.19267	-0.29408	0.22598	0.27684	3.81194	51.13284
25417	0.60000	0.10079	0.09293	0.19185	0.02711	0.10079	0.16550	0.43732	4.77835	51.66271
25437	0.60000	0.44408	-0.51630	0.52769	0.18493	0.44408	-0.33978	0.56461	5.79385	51.52798
25457	0.60000	0.00570	-0.20846	0.23730	0.00888	0.00570	-0.23742	0.25672	0.55070	57.73046
25477	0.60000	-0.33277	0.05264	0.35294	0.05842	-0.33277	-0.13134	0.39709	1.59687	55.49300
25497	0.60000	0.41185	-0.44861	0.37893	0.32330	0.41185	-0.28022	0.46526	2.39301	43.15559
25517	0.60000	0.12174	-0.11659	0.01999	-0.13624	0.12174	-0.06434	0.14813	3.36555	51.00145
25537	0.60000	-0.58581	0.72956	0.75886	0.14648	-0.58581	0.50421	0.81338	4.34270	47.07883
25557	0.60000	0.39896	-0.07952	0.41086	0.09767	0.39896	0.13851	0.57640	5.30297	51.00206
25577	0.60000	0.05244	0.06553	-0.04074	-0.11097	0.05244	0.10595	0.11707	0.04295	55.49300
25597	0.60000	-0.02493	-0.24553	0.29729	0.03132	-0.02493	-0.29790	0.33958	1.11674	54.92514
25617	0.60000	-0.05233	-0.06502	0.08910	-0.07669	-0.05233	-0.10528	0.12367	2.14911	55.63677
25637	0.60000	0.01859	0.06553	0.06248	0.06250	0.01859	0.08641	0.04371	3.16460	51.26429
25657	0.60000	0.78577	-0.25681	0.65275	0.46471	0.78577	0.15713	0.64372	4.17856	48.06220
25677	0.60000	-0.09907	-0.29871	0.33169	0.24795	-0.09907	-0.40212	0.33867	5.14651	51.00206
25697	0.60000	-0.43753	0.07682	0.42344	0.19737	-0.43753	-0.16391	0.44330	6.18654	55.49300
25717	0.60000	-0.32954	0.39110	0.40111	0.12646	-0.32954	0.26134	0.40194	0.94493	55.49285
25737	0.60000	0.04277	0.30407	0.37116	0.07257	0.04277	0.37580	0.37764	1.98037	54.36909
25757	0.60000	0.07822	0.06553	0.11542	-0.08600	0.07822	0.12083	0.15323	3.00200	54.50708
25777	0.60000	-0.06844	-0.33740	0.33540	0.27622	-0.06844	-0.42911	0.61219	4.01750	51.52922
25797	0.60000	-0.18771	-0.01022	0.20912	-0.07708	-0.18771	-0.12017	0.23608	4.99157	50.61372
25817	0.60000	0.09273	0.37982	0.47188	0.16754	0.09273	0.49212	0.46199	5.98559	55.20769
25837	0.60000	0.37317	-0.06663	0.34652	0.19580	0.37317	0.13851	0.30072	0.76546	57.57569
25857	0.60000	0.18621	-0.21974	0.20041	0.12603	0.18621	-0.14623	0.16225	1.82084	54.92499
25877	0.60000	-0.11035	-0.21652	0.24032	0.22986	-0.11035	-0.31372	0.25948	2.87315	51.39580
25897	0.60000	-0.77277	0.19608	0.75286	0.28037	-0.77277	-0.21974	0.78201	3.87944	47.19893
25917	0.60000	0.42152	-0.08274	0.36670	0.25501	0.42152	0.14782	0.37324	4.76301	51.52798
25937	0.60000	0.24907	-0.29388	0.31460	0.03581	0.24907	-0.19554	0.34813	5.77544	54.50708
25957	0.60000	0.10401	-0.13754	0.09454	-0.10786	0.10401	-0.09877	0.14920	0.54150	57.42175
25977	0.60000	-0.33438	0.04458	0.35657	0.06861	-0.33438	-0.14157	0.36812	1.59687	54.92530
25997	0.60000	-0.14097	0.07682	0.11071	-0.08756	-0.14097	0.00731	0.15984	2.62464	55.49239
26017	0.60000	0.37962	-0.12465	0.25658	0.28967	0.37962	0.07524	0.51341	3.63400	50.87135
26037	0.60000	0.34093	-0.44055	0.46181	0.01486	0.34093	-0.31186	0.47418	4.61115	51.66271
26057	0.60000	-0.54229	0.08649	0.57025	0.11963	-0.54229	-0.21322	0.60305	5.59750	51.13284
26077	0.60000	-0.18932	0.13645	0.18785	-0.05363	-0.18932	0.04825	0.22040	0.36202	58.04252
26097	0.60000	-0.01526	0.22671	0.25192	-0.02765	-0.01526	0.25297	0.29148	1.40359	51.00176
26117	0.60000	0.02665	0.09132	0.06771	-0.10356	0.02665	0.12083	0.11444	2.43289	55.49300
26137	0.60000	-0.09907	-0.33740	0.32247	0.32470	-0.09907	-0.44679	0.32796	3.45299	51.00206
26157	0.60000	-0.59870	0.11389	0.63370	0.05171	-0.59870	-0.21416	0.68354	4.43474	51.52798
26177	0.60000	0.06694	0.41367	0.51293	0.08905	0.06694	0.51631	0.54541	5.39961	51.52922
26197	0.60000	-0.10068	0.20092	-0.04105	-0.19668	-0.10068	0.17387	0.19938	0.14419	58.67686
26217	0.60000	0.09273	-0.08274	0.09782	-0.02816	0.09273	-0.04201	0.11644	1.19957	51.00176
26237	0.60000	0.11852	-0.13754	0.06595	-0.13367	0.11852	-0.09040	0.16229	2.23961	55.63677
26257	0.60000	-0.18288	0.21059	0.16020	0.16342	-0.18288	0.13758	0.19989	3.26891	51.52922
26277	0.60000	0.17976	0.55711	0.73957	0.20825	0.17976	0.74708	0.79533	4.25219	47.07761
26297	0.60000	0.35222	-0.39542	0.43378	-0.00308	0.35222	-0.25324	0.45602	5.19866	51.13284
26317	0.60000	0.10240	-0.07307	-0.01713	-0.10406	0.10240	-0.02526	0.12683	6.22796	54.64578
26337	0.60000	-0.17643	0.00107	0.20302	0.00564	-0.17643	-0.10063	0.23035	1.02163	55.49269
26357	0.60000	-0.11841	0.03814	0.07184	-0.09721	-0.11841	-0.02433	0.13136	2.05553	51.13253
26377	0.60000	0.18460	0.01074	0.17337	0.13478	0.18460	0.11897	0.17830	3.08177	51.52922
26397	0.60000	0.59236	-0.86121	0.78625	0.39794	0.59236	-0.65243	0.81681	4.07272	47.07883
26417	0.60000	-0.77599	0.17030	0.76375	0.28628	-0.77599	-0.25138	0.74772	5.02685	51.00206
26437	0.60000	-0.08617	-0.05212	-0.02696	-0.13706	-0.08617	-0.10994	0.15218	6.04235	54.36909
26457	0.60000	-0.15386	0.22993	0.16989	-0.16130	-0.15386	0.17667	0.23955	0.82068	33.16725
26477	0.60000	-1.62053	1.30334	-1.56886	-0.69904	-1.62053	0.56935	1.65820	1.79783	-424.12384
26497	0.60000	-0.36500	0.03814	0.39674	0.05993	-0.36500	-0.16670	0.44346	2.73049	46.13489
26517	0.60000	0.14753	0.32663	0.37918	0.30285	0.14753	0.46234	0.38385	3.71223	51.52860
26537	0.60000	0.25712	-0.26487	0.25973	0.15303	0.25712	-0.15739	0.23005	4.67404	51.00206
26557	0.60000	-0.07650	-0.39864	0.49931	0.10500	-0.07650	-0.50448	0.50264	5.69414	55.49300
26577	0.60000	0.22489	-0.26648	-0.18918	-0.21543	0.22489	-0.17786	0.27927	0.41111	33.07777
