0	0.00000	0.00151	-0.14853	-0.00465	-0.17056	0.00151	-0.17063	0.01615	3.15847	0.01581
8377	0.00000	0.00151	0.05777	-0.00027	0.06760	0.00151	0.06758	0.02507	3.15540	0.00000
8397	0.00000	0.05792	-0.01153	-0.05464	0.02782	0.05792	0.02013	0.01547	3.14619	-3.76901
8417	0.00000	0.01924	-0.01798	-0.02079	-0.00555	0.01924	-0.00965	0.00657	3.13852	0.00000
8437	0.00000	0.00312	0.01426	0.00496	0.01785	0.00312	0.01827	0.03433	3.11551	-3.66982
8457	0.00000	-0.00332	0.00781	0.00735	0.00273	-0.00332	0.00710	0.01296	3.08637	0.00000
8477	0.00000	-0.00332	0.06744	0.06623	0.03732	-0.00332	0.07596	0.01183	3.06643	0.00000
8497	0.00000	0.00151	0.01748	0.01643	0.01326	0.00151	0.02106	0.01403	3.07103	0.00000
8517	0.00000	-0.00655	-0.01637	-0.01488	-0.01832	-0.00655	-0.02268	0.02162	3.07103	0.00000
8537	0.00000	-0.00977	0.00620	0.00670	-0.00727	-0.00977	0.00152	0.01637	3.06950	-3.66106
8557	0.00000	0.00312	-0.01475	-0.01439	-0.00589	0.00312	-0.01523	0.04793	3.06950	-3.66106
8577	0.00000	-0.00171	0.21733	0.20621	0.14126	-0.00171	0.24997	0.06833	3.07103	0.00000
8597	0.00000	-0.00010	0.00620	0.00589	0.00397	-0.00010	0.00710	0.01900	3.07103	0.00000
8617	0.00000	-0.00655	0.00620	0.00639	-0.00367	-0.00655	0.00338	0.11497	3.06950	0.00000
8637	0.00000	0.00151	0.00781	0.00737	0.00676	0.00151	0.00989	0.00996	3.06950	0.00000
8657	0.00000	-0.00816	0.00136	0.00194	-0.00852	-0.00816	-0.00314	0.02113	3.06950	0.00000
8677	0.00000	-0.01783	-0.03409	-0.03060	-0.04298	-0.01783	-0.04966	0.01034	3.07103	0.00000
8697	0.00000	0.02085	0.00942	0.00692	0.03020	0.02085	0.02292	0.01914	3.07256	0.00000
8717	0.00000	-0.00010	0.00459	0.00441	0.00283	-0.00010	0.00524	0.08914	3.07103	0.00000
8737	0.00000	-0.01299	0.00620	0.00713	-0.01087	-0.01299	-0.00034	0.01872	3.06950	0.00000
8757	0.00000	-0.00655	-0.00831	-0.00724	-0.01301	-0.00655	-0.01337	0.07943	3.07103	0.00000
8777	0.00000	0.00473	-0.00186	-0.00229	0.00418	0.00473	0.00059	0.02871	3.07103	0.00000
8797	0.00000	0.00473	0.01103	0.01000	0.01272	0.00473	0.01547	0.01223	3.07256	0.00000
8817	0.00000	-0.00655	0.00459	0.00483	-0.00468	-0.00655	0.00152	0.02434	3.06796	0.00000
8837	0.00000	0.01763	0.03037	0.02641	0.04075	0.01763	0.04525	0.03924	3.07410	0.00000
8857	0.00000	0.01924	0.00620	0.00446	0.02615	0.01924	0.01827	0.03420	3.06950	0.00000
8877	0.00000	0.00151	0.05939	0.05615	0.04088	0.00151	0.06945	0.05694	3.07103	0.00000
8897	0.00000	-0.01461	-0.01959	-0.01716	-0.02971	-0.01461	-0.03105	0.00752	3.07256	0.00000
8917	0.00000	0.00151	0.00136	0.00119	0.00262	0.00151	0.00245	0.00689	3.06950	0.00000
8937	0.00000	-0.00171	0.01103	0.01063	0.00530	-0.00171	0.01175	0.00467	3.07103	0.00000
8957	0.00000	0.00151	0.01103	0.01031	0.00901	0.00151	0.01361	0.01847	3.07103	0.00000
8977	0.00000	0.00151	0.00620	0.00573	0.00582	0.00151	0.00803	0.00995	3.07103	0.00000
8997	0.00000	0.00312	-0.00831	-0.00818	-0.00188	0.00312	-0.00779	0.04274	3.07103	0.00000
9017	0.00000	-0.00655	0.01587	0.01568	0.00293	-0.00655	0.01454	0.00883	3.07103	0.00000
9037	0.00000	0.00151	0.00298	0.00298	0.00346	0.00151	0.00431	0.00725	3.06489	0.00000
9057	0.00000	-0.00171	0.00620	0.00614	0.00181	-0.00171	0.00617	0.16944	3.06643	0.00000
9077	0.00000	-0.00010	-0.00670	-0.00649	-0.00431	-0.00010	-0.00779	0.14079	3.06796	0.00000
9097	0.00000	0.00151	-0.00831	-0.00814	-0.00346	0.00151	-0.00872	0.01398	3.06796	0.00000
9117	0.00000	0.00151	-0.00992	-0.00978	-0.00431	0.00151	-0.01058	0.01033	3.06643	0.00000
9137	0.00000	-0.00816	-0.00831	-0.00758	-0.01461	-0.00816	-0.01430	0.00491	3.06796	0.00000
9157	0.00000	0.00635	0.00459	0.00425	0.01012	0.00635	0.00896	0.01453	3.06643	0.00000
9177	0.00000	0.05309	0.00459	0.00138	0.06409	0.05309	0.03595	0.21277	3.06950	0.00000
9197	0.00000	0.00151	0.00781	0.00749	0.00664	0.00151	0.00989	0.01126	3.06950	0.00000
9217	0.00000	-0.00010	0.01748	0.01696	0.01084	-0.00010	0.02013	0.01094	3.06796	0.00000
9237	0.00000	-0.00010	-0.00186	-0.00180	-0.00128	-0.00010	-0.00221	0.06802	3.06796	0.00000
9257	0.00000	-0.00332	-0.00831	-0.00786	-0.00904	-0.00332	-0.01151	0.01406	3.06796	0.00000
9277	0.00000	-0.00010	-0.00508	-0.00469	-0.00363	-0.00010	-0.00593	0.02220	3.06643	0.00000
9297	0.00000	0.00635	-0.00670	-0.00686	0.00312	0.00635	-0.00407	0.01757	3.06796	0.00000
9317	0.00000	-0.01299	0.00620	0.00676	-0.01110	-0.01299	-0.00034	0.01919	3.06796	0.00000
9337	0.00000	-0.03233	-0.00508	-0.00306	-0.04047	-0.03233	-0.02454	0.13318	3.06950	0.00000
9357	0.00000	0.00312	0.01587	0.01498	0.01380	0.00312	0.02013	0.00641	3.06950	0.00000
9377	0.00000	0.00312	-0.00347	-0.00355	0.00143	0.00312	-0.00221	0.02215	3.06796	0.00000
9397	0.00000	0.00312	-0.01637	-0.01605	-0.00665	0.00312	-0.01709	0.02508	3.06796	0.00000
9417	0.00000	0.03213	-0.01798	-0.01929	0.02579	0.03213	-0.00221	0.04168	3.06796	0.00000
9437	0.00000	-0.01944	0.01426	0.01518	-0.01323	-0.01944	0.00524	0.05697	3.06950	0.00000
9457	0.00000	0.00957	-0.01153	-0.01180	0.00361	0.00957	-0.00779	0.02938	3.06950	0.00000
9477	0.00000	-0.01622	-0.01959	-0.01806	-0.03098	-0.01622	-0.03198	0.00895	3.06950	0.00000
9497	0.00000	-0.00655	-0.02120	-0.02018	-0.02083	-0.00655	-0.02826	0.02059	3.06796	0.00000
9517	0.00000	0.01924	0.00620	0.00402	0.02622	0.01924	0.01827	0.02719	3.07103	0.00000
9537	0.00000	0.00312	-0.01153	-0.01136	-0.00362	0.00312	-0.01151	0.01114	3.06796	0.00000
9557	0.00000	0.01118	0.05133	0.04913	0.04506	0.01118	0.06572	0.02863	3.06796	0.00000
9577	0.00000	-0.00010	0.00942	0.00914	0.00579	-0.00010	0.01082	0.00853	3.06796	0.00000
9597	0.00000	-0.02428	0.01748	0.01836	-0.01704	-0.02428	0.00617	0.05826	3.06950	0.00000
9617	0.00000	-0.00332	0.02232	0.02166	0.01052	-0.00332	0.02385	0.02312	3.06950	0.00000
9637	0.00000	0.00957	-0.00831	-0.00871	0.00568	0.00957	-0.00407	0.01756	3.06950	0.00000
9657	0.00000	0.02891	-0.01959	-0.02067	0.02106	0.02891	-0.00593	0.02823	3.06796	0.00000
9677	0.00000	-0.00816	-0.00992	-0.00915	-0.01562	-0.00816	-0.01616	0.01235	3.06796	0.00000
9697	0.00000	0.00151	0.00459	0.00436	0.00462	0.00151	0.00617	0.01661	3.06950	0.00000
9717	0.00000	0.00635	0.00620	0.00583	0.01111	0.00635	0.01082	0.02229	3.06643	0.00000
9737	0.00000	0.00635	0.00620	0.00564	0.01120	0.00635	0.01082	0.08697	3.06796	0.00000
9757	0.00000	-0.00655	0.00942	0.00952	-0.00165	-0.00655	0.00710	0.01452	3.06796	0.00000
9777	0.00000	-0.00655	0.00620	0.00662	-0.00323	-0.00655	0.00338	0.01094	3.07256	0.00000
9797	0.00000	0.00635	0.01103	0.00985	0.01457	0.00635	0.01640	0.01398	3.07103	0.00000
9817	0.00000	-0.00010	0.00620	0.00602	0.00377	-0.00010	0.00710	0.01847	3.06796	0.00000
9837	0.00000	-0.05651	0.00781	0.01186	-0.06008	-0.05651	-0.02361	0.02382	3.06950	3.70528
9857	0.00000	-0.00977	-0.01798	-0.01687	-0.02253	-0.00977	-0.02640	0.02894	3.06796	-3.66106
9877	0.00000	0.00151	-0.01153	-0.01118	-0.00567	0.00151	-0.01244	0.01297	3.06950	0.00000
9897	0.00000	0.00151	0.05294	0.05066	0.03578	0.00151	0.06200	0.02101	3.07103	0.00000
9917	0.00000	-0.01622	0.00298	0.00411	-0.01677	-0.01622	-0.00593	0.04706	3.06796	0.00000
9937	0.00000	0.00957	-0.00186	-0.00285	0.00974	0.00957	0.00338	0.02404	3.07256	0.00000
9957	0.00000	0.00151	0.01587	0.01490	0.01220	0.00151	0.01920	0.01308	3.07103	0.00000
9977	0.00000	-0.00010	0.00620	0.00595	0.00387	-0.00010	0.00710	0.00400	3.06950	0.00000
9997	0.00000	0.00635	0.00781	0.00721	0.01221	0.00635	0.01268	0.00853	3.06950	0.00000
10017	0.00000	0.02246	0.00942	0.00784	0.03181	0.02246	0.02385	0.00657	3.06796	0.00000
10037	0.00000	-0.00010	0.00459	0.00441	0.00283	-0.00010	0.00524	0.02820	3.06950	0.00000
10057	0.00000	-0.00332	0.08678	0.08519	0.04912	-0.00332	0.09829	0.01845	3.06796	0.00000
10077	0.00000	-0.00171	0.00620	0.00608	0.00201	-0.00171	0.00617	0.02552	3.06796	0.00000
10097	0.00000	0.01279	0.00620	0.00652	0.01824	0.01279	0.01454	0.00811	3.06336	0.00000
10117	0.00000	-0.01461	0.00298	0.00348	-0.01504	-0.01461	-0.00500	0.01036	3.06643	0.00000
10137	0.00000	0.00473	-0.01153	-0.01145	-0.00177	0.00473	-0.01058	0.01114	3.06796	0.00000
10157	0.00000	0.00151	-0.01959	-0.01926	-0.01021	0.00151	-0.02175	0.00806	3.06643	0.00000
10177	0.00000	0.00796	-0.01475	-0.01477	-0.00007	0.00796	-0.01244	0.01504	3.06796	0.00000
10197	0.00000	0.01118	0.00298	0.00224	0.01476	0.01118	0.00989	0.02798	3.06796	0.00000
10217	0.00000	0.02408	0.00942	0.00774	0.03367	0.02408	0.02478	0.00818	3.06796	0.00000
10237	0.00000	-0.01461	0.01748	0.01769	-0.00619	-0.01461	0.01175	0.01897	3.06643	0.00000
10257	0.00000	-0.02428	-0.01798	-0.01669	-0.03898	-0.02428	-0.03477	0.05033	3.06643	0.00000
10277	0.00000	0.00957	-0.00186	-0.00269	0.00979	0.00957	0.00338	0.02798	3.07103	0.00000
10297	0.00000	-0.00332	0.00942	0.00929	0.00223	-0.00332	0.00896	0.01299	3.06950	0.00000
10317	0.00000	0.00151	-0.01475	-0.01427	-0.00774	0.00151	-0.01616	0.02043	3.06950	0.00000
10337	0.00000	-0.00816	-0.01153	-0.01043	-0.01681	-0.00816	-0.01802	0.00714	3.06950	0.00000
10357	0.00000	0.01118	-0.00831	-0.00883	0.00754	0.01118	-0.00314	0.01453	3.06950	0.00000
10377	0.00000	0.01763	-0.01475	-0.01533	0.01108	0.01763	-0.00686	0.01998	3.06796	0.00000
10397	0.00000	0.00312	0.00459	0.00427	0.00648	0.00312	0.00710	0.01341	3.06796	0.00000
10417	0.00000	0.00151	0.18188	0.17628	0.11572	0.00151	0.21089	0.02750	3.06796	0.00000
10437	0.00000	-0.00655	-0.00186	-0.00157	-0.00869	-0.00655	-0.00593	0.02883	3.06643	0.00000
10457	0.00000	-0.01461	0.00298	0.00448	-0.01477	-0.01461	-0.00500	0.00491	3.07103	0.00000
10477	0.00000	-0.00977	-0.00186	-0.00082	-0.01247	-0.00977	-0.00779	0.05808	3.07103	0.00000
10497	0.00000	0.00796	-0.00831	-0.00852	0.00397	0.00796	-0.00500	0.02141	3.06796	0.00000
10517	0.00000	0.00312	0.00298	0.00261	0.00551	0.00312	0.00524	0.03609	3.06950	0.00000
10537	0.00000	-0.01299	0.00781	0.00833	-0.01009	-0.01299	0.00152	0.01758	3.06796	0.00000
10557	0.00000	0.04825	-0.01475	-0.01788	0.04610	0.04825	0.01082	0.05878	3.06796	0.00000
10577	0.00000	-0.00494	0.00136	0.00169	-0.00481	-0.00494	-0.00127	0.00790	3.06950	0.00000
10597	0.00000	0.00635	-0.01475	-0.01467	-0.00193	0.00635	-0.01337	0.00806	3.06796	0.00000
10617	0.00000	0.00151	-0.01153	-0.01118	-0.00567	0.00151	-0.01244	0.01620	3.07103	0.00000
10637	0.00000	0.00151	0.15125	0.15129	0.08899	0.00151	0.17553	0.03519	3.06336	0.00000
10657	0.00000	-0.01622	0.00136	0.00196	-0.01788	-0.01622	-0.00779	0.02070	3.06643	0.00000
10677	0.00000	0.00473	-0.01475	-0.01464	-0.00354	0.00473	-0.01430	0.00806	3.06643	0.00000
10697	0.00000	-0.00010	-0.01475	-0.01446	-0.00912	-0.00010	-0.01709	0.00977	3.06796	0.00000
10717	0.00000	-0.00010	-0.01475	-0.01461	-0.00887	-0.00010	-0.01709	0.01596	3.06643	0.00000
10737	0.00000	0.00312	-0.01314	-0.01292	-0.00463	0.00312	-0.01337	0.01453	3.06796	0.00000
10757	0.00000	0.01602	-0.00831	-0.00898	0.01326	0.01602	-0.00034	0.03701	3.06796	0.00000
10777	0.00000	0.03858	-0.00347	-0.00560	0.04231	0.03858	0.01827	0.03785	3.06796	0.00000
10797	0.00000	-0.00816	0.00136	0.00165	-0.00858	-0.00816	-0.00314	0.02794	3.06643	0.00000
10817	0.00000	0.00473	0.00459	0.00417	0.00833	0.00473	0.00803	0.03163	3.06950	0.00000
10837	0.00000	-0.00171	0.00781	0.00772	0.00279	-0.00171	0.00803	0.01094	3.06796	0.00000
10857	0.00000	0.00957	0.00942	0.00858	0.01694	0.00957	0.01640	0.01399	3.06796	0.00000
10877	0.00000	-0.00332	0.00459	0.00464	-0.00096	-0.00332	0.00338	0.01179	3.06796	0.00000
10897	0.00000	-0.00977	0.00781	0.00814	-0.00637	-0.00977	0.00338	0.02700	3.06796	0.00000
10917	0.00000	0.00151	0.02393	0.02283	0.01713	0.00151	0.02850	0.02470	3.06950	0.00000
10937	0.00000	0.00151	-0.00186	-0.00189	0.00058	0.00151	-0.00127	0.02434	3.06643	0.00000
10957	0.00000	0.00635	0.02554	0.02360	0.02413	0.00635	0.03315	0.02167	3.07103	0.00000
10977	0.00000	0.02246	0.00620	0.00471	0.02979	0.02246	0.02013	0.03051	3.06796	0.00000
10997	0.00000	-0.00010	0.00781	0.00750	0.00491	-0.00010	0.00896	0.02220	3.06950	0.00000
11017	0.00000	-0.01299	0.05294	0.05209	0.01819	-0.01299	0.05363	0.00192	3.06796	0.00000
11037	0.00000	-0.04523	0.01103	0.01408	-0.04501	-0.04523	-0.01337	0.01987	3.06950	0.00000
11057	0.00000	-0.01783	-0.01153	-0.01015	-0.02778	-0.01783	-0.02361	0.03074	3.06950	0.00000
11077	0.00000	-0.00010	0.00620	0.00595	0.00387	-0.00010	0.00710	0.02843	3.06796	0.00000
11097	0.00000	0.00957	0.01587	0.01484	0.02098	0.00957	0.02385	0.01904	3.06950	0.00000
11117	0.00000	-0.00655	0.01103	0.01108	-0.00064	-0.00655	0.00896	0.02033	3.06796	0.00000
11137	0.00000	-0.00494	0.01103	0.01099	0.00122	-0.00494	0.00989	0.01589	3.06796	0.00000
11157	0.00000	-0.01944	-0.00508	-0.00294	-0.02572	-0.01944	-0.01709	0.01179	3.06950	0.00000
11177	0.00000	-0.00655	0.00136	0.00170	-0.00670	-0.00655	-0.00221	0.02637	3.06796	0.00000
11197	0.00000	-0.00816	0.01426	0.01430	-0.00023	-0.00816	0.01175	0.00844	3.06950	0.00000
11217	0.00000	-0.00655	0.00136	0.00170	-0.00670	-0.00655	-0.00221	0.02583	3.06796	0.00000
11237	0.00000	0.00151	0.00620	0.00592	0.00563	0.00151	0.00803	0.01168	3.06796	0.00000
11257	0.00000	-0.01944	0.00298	0.00401	-0.02055	-0.01944	-0.00779	0.04046	3.06796	0.00000
11277	0.00000	-0.02105	0.02715	0.02767	-0.00680	-0.02105	0.01920	0.01197	3.06950	0.00000
11297	0.00000	-0.00332	-0.00186	-0.00153	-0.00502	-0.00332	-0.00407	0.02794	3.06796	0.00000
11317	0.00000	0.00151	0.00298	0.00267	0.00370	0.00151	0.00431	0.01398	3.07103	0.00000
11337	0.00000	0.00635	-0.00508	-0.00537	0.00404	0.00635	-0.00221	0.01427	3.06950	0.00000
11357	0.00000	0.00957	0.00620	0.00812	0.01366	0.00957	0.01268	0.00779	3.05109	0.00000
11377	0.00000	-0.01299	0.06261	0.06296	0.02005	-0.01299	0.06479	0.02717	3.06336	0.00000
11397	0.00000	0.00151	-0.01798	-0.01798	-0.00862	0.00151	-0.01989	0.00714	3.06336	0.00000
11417	0.00000	0.00151	0.01103	0.01047	0.00884	0.00151	0.01361	0.01447	3.07103	0.00000
11437	0.00000	0.00473	-0.01637	-0.01630	-0.00425	0.00473	-0.01616	0.01428	3.06489	0.00000
11457	0.00000	0.00957	-0.00508	-0.00535	0.00794	0.00957	-0.00034	0.02253	3.06796	0.00000
11477	0.00000	-0.01622	-0.00831	-0.00712	-0.02391	-0.01622	-0.01895	0.00192	3.06796	0.00000
11497	0.00000	-0.01944	0.01426	0.01449	-0.01398	-0.01944	0.00524	0.00836	3.06489	-3.69635
11517	0.00000	-0.00171	-0.03732	-0.03883	-0.02093	-0.00171	-0.04408	0.01432	3.05876	0.00000
11537	0.00000	0.00473	-0.00186	-0.00186	0.00439	0.00473	0.00059	0.01398	3.06336	3.70528
11557	0.00000	0.01924	-0.01798	-0.01777	0.01215	0.01924	-0.00965	0.05940	3.06183	0.00000
11577	0.00000	-0.00332	0.00459	0.00461	-0.00111	-0.00332	0.00338	0.01472	3.06336	0.00000
11597	0.00000	0.01118	0.03521	0.03350	0.03496	0.01118	0.04711	0.03163	3.06950	0.00000
11617	0.00000	0.02569	0.00781	0.00667	0.03441	0.02569	0.02385	0.05901	3.06643	0.00000
11637	0.00000	-0.00977	0.00620	0.00658	-0.00738	-0.00977	0.00152	0.01645	3.06796	0.00000
11657	0.00000	-0.04684	0.01426	0.01577	-0.04535	-0.04684	-0.01058	0.00995	3.06643	0.00000
11677	0.00000	-0.00010	-0.01153	-0.01118	-0.00734	-0.00010	-0.01337	0.01047	3.06796	0.00000
11697	0.00000	-0.01944	-0.00831	-0.00740	-0.02750	-0.01944	-0.02082	0.01596	3.06643	-3.70528
11717	0.00000	-0.00010	0.00781	0.00758	0.00478	-0.00010	0.00896	0.00853	3.06796	3.69635
11737	0.00000	0.00151	-0.00831	-0.00836	-0.00291	0.00151	-0.00872	0.02101	3.06336	0.00000
11757	0.00000	-0.00171	-0.00508	-0.00492	-0.00508	-0.00171	-0.00686	0.03513	3.06643	0.00000
11777	0.00000	0.02246	0.00620	0.00521	0.02970	0.02246	0.02013	0.02344	3.06489	0.00000
11797	0.00000	0.01763	0.01748	0.01646	0.03101	0.01763	0.03036	0.02078	3.06796	0.00000
11817	0.00000	-0.01299	0.01103	0.01131	-0.00826	-0.01299	0.00524	0.01373	3.06643	0.00000
11837	0.00000	-0.00010	0.00620	0.00608	0.00367	-0.00010	0.00710	0.01297	3.06643	0.00000
11857	0.00000	-0.02266	-0.00992	-0.00831	-0.03235	-0.02266	-0.02454	0.01438	3.06796	0.00000
11877	0.00000	-0.00977	0.00620	0.00645	-0.00749	-0.00977	0.00152	0.02344	3.06643	0.00000
11897	0.00000	0.00151	-0.03409	-0.03348	-0.01906	0.00151	-0.03850	0.01104	3.06643	0.00000
11917	0.00000	0.00151	-0.00992	-0.00971	-0.00447	0.00151	-0.01058	0.04441	3.06643	0.00000
11937	0.00000	-0.01299	0.02876	0.02869	0.00256	-0.01299	0.02571	0.00811	3.06643	3.66982
11957	0.00000	0.00957	-0.02281	-0.02268	-0.00326	0.00957	-0.02082	0.01547	3.06796	0.00000
11977	0.00000	0.00312	0.16092	0.15932	0.09914	0.00312	0.18762	0.05419	3.06489	0.00000
11997	0.00000	-0.02266	0.00620	0.00695	-0.02237	-0.02266	-0.00593	0.03844	3.06643	0.00000
12017	0.00000	0.00473	0.01426	0.01355	0.01439	0.00473	0.01920	0.00895	3.06796	0.00000
12037	0.00000	0.00151	-0.01475	-0.01356	-0.00892	0.00151	-0.01616	0.01990	3.06796	22.17810
12057	0.00000	0.06759	-0.00831	-0.01196	0.07274	0.06759	0.02943	0.17687	3.06796	0.00000
12077	0.00000	-0.02266	-0.01798	-0.01612	-0.03740	-0.02266	-0.03384	0.01461	3.06796	0.00000
12097	0.00000	0.01924	0.01103	0.00910	0.02926	0.01924	0.02385	0.00358	3.06950	0.00000
12117	0.00000	-0.00655	0.22378	0.21959	0.12899	-0.00655	0.25462	0.02907	3.06796	0.00000
12137	0.00000	-0.00010	0.01909	0.01872	0.01153	-0.00010	0.02199	0.02512	3.06796	0.00000
12157	0.00000	-0.00171	-0.01798	-0.01777	-0.01265	-0.00171	-0.02175	0.00806	3.06489	-3.66982
12177	0.00000	0.00957	0.00620	0.00546	0.01492	0.00957	0.01268	0.01582	3.06796	0.00000
12197	0.00000	-0.01299	0.02715	0.02711	0.00157	-0.01299	0.02385	0.00488	3.06643	0.00000
12217	0.00000	0.00957	0.00298	0.00277	0.01282	0.00957	0.00896	0.01846	3.06336	0.00000
12237	0.00000	0.00635	0.24312	0.23806	0.15567	0.00635	0.28440	0.02158	3.06643	0.00000
12257	0.00000	-0.01944	0.00298	0.00331	-0.02068	-0.01944	-0.00779	0.03135	3.06489	0.00000
12277	0.00000	0.00957	-0.01798	-0.01799	0.00038	0.00957	-0.01523	0.01033	3.06489	0.00000
12297	0.00000	-0.01783	-0.01475	-0.01328	-0.02980	-0.01783	-0.02733	0.01596	3.06796	0.00000
12317	0.00000	-0.00171	-0.00186	-0.00170	-0.00314	-0.00171	-0.00314	0.01985	3.06796	0.00000
12337	0.00000	-0.00010	0.00620	0.00608	0.00367	-0.00010	0.00710	0.01437	3.06643	0.00000
12357	0.00000	-0.03395	0.01587	0.01686	-0.02949	-0.03395	-0.00128	0.04968	3.06796	0.00000
12377	0.00000	-0.00655	-0.01153	-0.01105	-0.01459	-0.00655	-0.01709	0.00853	3.06796	0.00000
12397	0.00000	0.00151	0.00298	0.00242	0.00387	0.00151	0.00431	0.02505	3.06796	0.00000
12417	0.00000	0.00312	0.00620	0.00608	0.00729	0.00312	0.00896	0.01092	3.06489	0.00000
12437	0.00000	-0.00816	0.01265	0.01271	-0.00170	-0.00816	0.00989	0.02041	3.06643	0.00000
12457	0.00000	0.00312	-0.01153	-0.01142	-0.00343	0.00312	-0.01151	0.03405	3.06643	0.00000
12477	0.00000	0.02569	0.00620	0.00565	0.03334	0.02569	0.02199	0.00806	3.06489	0.00000
12497	0.00000	-0.00171	-0.00025	-0.00018	-0.00213	-0.00171	-0.00127	0.08517	3.06643	0.00000
12517	0.00000	-0.00977	-0.01475	-0.01443	-0.02004	-0.00977	-0.02268	0.00657	3.06489	0.00000
12537	0.00000	-0.02266	-0.02120	-0.01991	-0.03909	-0.02266	-0.03757	0.00806	3.06489	0.00000
12557	0.00000	-0.02428	0.05939	0.05914	0.00822	-0.02428	0.05456	0.01373	3.06643	0.00000
12577	0.00000	-0.01944	-0.01475	-0.01372	-0.03144	-0.01944	-0.02826	0.01296	3.06643	-3.68746
12597	0.00000	0.02408	-0.00670	-0.00788	0.02357	0.02408	0.00617	0.15133	3.06796	0.00000
12617	0.00000	0.00312	0.00136	0.00114	0.00446	0.00312	0.00338	0.02674	3.06796	0.00000
12637	0.00000	0.00312	0.00136	0.00137	0.00439	0.00312	0.00338	0.01471	3.06336	0.00000
12657	0.00000	-0.00332	-0.02442	-0.02381	-0.01874	-0.00332	-0.03012	0.01096	3.06643	0.00000
12677	0.00000	-0.01461	0.00781	0.00801	-0.01223	-0.01461	0.00059	0.02165	3.06489	0.00000
12697	0.00000	0.00151	-0.01153	-0.01127	-0.00548	0.00151	-0.01244	0.01985	3.06796	0.00000
12717	0.00000	-0.01944	0.06744	0.06745	0.01645	-0.01944	0.06665	0.01596	3.06489	0.00000
12737	0.00000	-0.01461	-0.00508	-0.00375	-0.02010	-0.01461	-0.01430	0.01096	3.06796	0.00000
12757	0.00000	0.00312	-0.01153	-0.01142	-0.00343	0.00312	-0.01151	0.01453	3.06643	0.00000
12777	0.00000	-0.01299	0.00620	0.00676	-0.01110	-0.01299	-0.00034	0.02909	3.06796	0.00000
12797	0.00000	0.00957	0.00942	0.00858	0.01694	0.00957	0.01640	0.04099	3.06950	0.00000
12817	0.00000	0.00151	0.00136	0.00132	0.00255	0.00151	0.00245	0.01951	3.06489	0.00000
12837	0.00000	-0.00010	-0.01314	-0.01274	-0.00835	-0.00010	-0.01523	0.03433	3.06796	0.00000
12857	0.00000	0.08693	-0.01475	-0.01625	0.09161	0.08693	0.03315	0.02556	3.06489	0.00000
12877	0.00000	0.00473	0.00781	0.00747	0.01023	0.00473	0.01175	0.01034	3.06643	3.66982
12897	0.00000	-0.01299	-0.00347	-0.00290	-0.01711	-0.01299	-0.01151	0.00876	3.06643	0.00000
12917	0.00000	-0.01461	0.00620	0.00642	-0.01318	-0.01461	-0.00127	0.02552	3.06643	0.00000
12937	0.00000	0.00957	0.01426	0.01327	0.01997	0.00957	0.02199	0.00358	3.06796	0.00000
12957	0.00000	-0.00655	0.02070	0.02054	0.00508	-0.00655	0.02013	0.02535	3.06489	0.00000
12977	0.00000	0.00473	0.00298	0.00273	0.00728	0.00473	0.00617	0.02051	3.06643	0.00000
12997	0.00000	0.00151	0.13997	0.13714	0.08715	0.00151	0.16250	0.02541	3.06643	0.00000
13017	0.00000	-0.00171	0.01265	0.01256	0.00553	-0.00171	0.01361	0.01847	3.06489	0.00000
13037	0.00000	-0.00332	-0.00347	-0.00328	-0.00595	-0.00332	-0.00593	0.01450	3.06643	0.00000
13057	0.00000	0.00151	-0.02120	-0.02084	-0.01119	0.00151	-0.02361	0.01033	3.06643	0.00000
13077	0.00000	0.01763	0.02554	0.02436	0.03593	0.01763	0.03967	0.01454	3.06796	0.00000
13097	0.00000	-0.02105	0.03037	0.03058	-0.00576	-0.02105	0.02292	0.15151	3.06796	0.00000
13117	0.00000	0.02246	0.00459	0.00363	0.02872	0.02246	0.01827	0.02625	3.06489	0.00000
13137	0.00000	-0.01461	0.08678	0.08562	0.03610	-0.01461	0.09178	0.00537	3.06643	0.00000
13157	0.00000	0.00312	0.02393	0.02333	0.01820	0.00312	0.02943	0.01768	3.06643	0.00000
13177	0.00000	0.01279	0.00781	0.00716	0.01953	0.01279	0.01641	0.00675	3.06643	0.00000
13197	0.00000	-0.00171	-0.00508	-0.00483	-0.00516	-0.00171	-0.00686	0.01373	3.06643	0.00000
13217	0.00000	0.02246	-0.01475	-0.01532	0.01692	0.02246	-0.00407	0.01351	3.06643	-3.69635
13237	0.00000	0.00151	0.02715	0.02655	0.01831	0.00151	0.03222	0.02265	3.06643	0.00000
13257	0.00000	0.00151	0.00620	0.00611	0.00542	0.00151	0.00803	0.01758	3.06489	0.00000
13277	0.00000	-0.00010	-0.01153	-0.01153	-0.00677	-0.00010	-0.01337	0.02314	3.06336	0.00000
13297	0.00000	0.01118	-0.00992	-0.01015	0.00685	0.01118	-0.00500	0.01589	3.06643	0.00000
13317	0.00000	-0.00816	0.01426	0.01429	-0.00072	-0.00816	0.01175	0.02196	3.06643	0.00000
13337	0.00000	-0.00655	-0.00347	-0.00299	-0.00973	-0.00655	-0.00779	0.01620	3.06796	0.00000
13357	0.00000	0.00151	0.00620	0.00611	0.00542	0.00151	0.00803	0.01596	3.06643	0.00000
13377	0.40000	0.31096	-0.39028	0.39720	0.11153	0.31096	-0.27113	0.42107	3.46833	40.36803
13397	0.40000	-0.54164	0.53001	0.61878	0.00103	-0.54164	0.29929	0.65637	4.34884	44.35620
13417	0.40000	0.14818	-0.00831	0.14050	0.08933	0.14818	0.07596	0.37859	5.35052	51.37749
13437	0.40000	-0.10164	0.21089	-0.04551	-0.20595	-0.10164	0.18483	0.21723	0.14266	59.16180
13457	0.40000	0.06437	0.00298	0.02144	-0.07301	0.06437	0.04060	0.08621	1.19037	65.89884
13477	0.40000	0.09983	-0.14047	0.08344	-0.11805	0.09983	-0.10456	0.15345	2.24575	51.25488
13497	0.40000	-0.25959	0.37851	0.26481	0.28234	-0.25959	0.28719	0.45221	3.25204	49.48339
13517	0.40000	0.09660	0.40429	0.53133	0.00991	0.09660	0.52261	0.55003	4.23839	48.05255
13537	0.40000	0.52854	-0.74164	0.69444	0.31766	0.52854	-0.55122	0.72705	5.22474	50.89050
13557	0.40000	0.11917	-0.12435	0.05151	-0.13091	0.11917	-0.07479	0.13621	6.24637	52.12571
13577	0.40000	-0.01461	-0.05988	0.03873	-0.06878	-0.01461	-0.07758	0.07981	1.00783	48.63841
13597	0.40000	-0.14515	0.08840	0.12294	-0.07928	-0.14515	0.01827	0.16149	2.05707	51.37720
13617	0.40000	0.41572	-0.09856	0.31193	0.30237	0.41572	0.12621	0.39546	3.07103	51.87389
13637	0.40000	0.49631	-0.65944	0.66617	0.16756	0.49631	-0.47491	0.71493	4.05738	58.43696
13657	0.40000	-0.24992	0.02232	0.27146	-0.05299	-0.24992	-0.11852	0.29444	4.99618	49.11775
13677	0.40000	-0.02428	0.04327	0.04335	0.00145	-0.02428	0.03595	0.04007	6.03468	51.74890
13697	0.40000	0.08210	0.00298	0.07468	0.06120	0.08210	0.05083	0.06571	0.80074	56.51508
13717	0.40000	0.01924	0.09323	0.06069	-0.10388	0.01924	0.11876	0.12623	1.86225	53.15761
13737	0.40000	-0.07102	-0.21944	0.21172	0.21652	-0.07102	-0.29439	0.37363	2.88542	48.52021
13757	0.40000	-0.58516	0.17221	0.47752	0.36561	-0.58516	-0.13899	0.42937	3.90552	47.70767
13777	0.40000	0.09016	0.36239	0.40613	0.25405	0.09016	0.47050	0.34522	4.85505	68.51546
13797	0.40000	0.60268	-0.14691	0.23653	0.58230	0.60268	0.17832	0.59244	5.90736	181.12000
13817	0.40000	-0.11292	0.20283	-0.08122	-0.18632	-0.11292	0.16901	0.21597	0.70256	59.16180
13837	0.40000	-0.04684	-0.22428	0.21179	0.19785	-0.04684	-0.28602	0.34072	1.74567	52.89574
13857	0.40000	-0.31116	0.09323	0.22486	0.22678	-0.31116	-0.07200	0.21472	2.78418	51.87332
13877	0.40000	-0.29827	0.44942	0.34451	0.30080	-0.29827	0.34674	0.34644	3.81348	48.99707
13897	0.40000	0.55917	-0.12113	0.48723	0.32973	0.55917	0.18297	0.41208	4.76148	62.08987
13917	0.40000	0.35448	-0.45798	0.46257	0.12946	0.35448	-0.32417	0.47541	5.79078	51.37749
13937	0.40000	0.00151	-0.19849	0.22797	0.01250	0.00151	-0.22832	0.23028	0.55070	58.51698
13957	0.40000	-0.01461	-0.06311	0.03948	-0.07255	-0.01461	-0.08130	0.08928	1.57847	53.42207
13977	0.40000	-0.10486	0.05777	0.08283	-0.06458	-0.10486	0.00617	0.11661	2.62464	51.87332
13997	0.40000	0.38027	-0.09856	0.31767	0.23423	0.38027	0.10574	0.35209	3.61866	47.70710
14017	0.40000	-0.03556	-0.29680	0.31656	0.18165	-0.03556	-0.36325	0.30407	4.57893	46.13489
14037	0.40000	-0.46266	0.09484	0.47104	0.13034	-0.46266	-0.15760	0.46356	5.59289	71.61110
14057	0.40000	-0.19512	0.15931	0.20559	-0.02972	-0.19512	0.07131	0.22632	0.35742	57.26866
14077	0.40000	-0.05006	0.10774	0.08472	-0.06669	-0.05006	0.09550	0.11466	1.38365	47.59381
14097	0.40000	0.00151	0.02876	0.00521	-0.03372	0.00151	0.03409	0.06167	2.41449	53.02665
14117	0.40000	-0.04523	-0.26135	0.23643	0.23165	-0.04523	-0.32789	0.23651	3.46066	48.05198
14137	0.40000	-0.41270	0.09484	0.43212	-0.01268	-0.41270	-0.12876	0.45660	4.42093	45.22807
14157	0.40000	0.06276	0.41074	0.51190	0.05021	0.06276	0.51052	0.53834	5.40115	53.28981
14177	0.40000	-0.06618	0.17221	-0.00953	-0.17347	-0.06618	0.16064	0.17431	0.15340	59.16179
14197	0.40000	0.05631	-0.02120	0.03693	-0.04326	0.05631	0.00803	0.07841	1.19190	48.05226
14217	0.40000	0.07404	-0.15014	0.12030	-0.08984	0.07404	-0.13062	0.15878	2.24575	66.53429
14237	0.40000	-0.16772	0.16415	0.17087	0.08673	-0.16772	0.09271	0.12004	3.25664	48.99707
14257	0.40000	0.08371	0.37528	0.48873	0.01213	0.08371	0.48167	0.49943	4.23379	59.14160
14277	0.40000	0.49631	-0.66428	0.65839	0.20907	0.49631	-0.48050	0.64087	5.21860	48.05255
14297	0.40000	0.18686	-0.09695	-0.04896	-0.18036	0.18686	-0.00407	0.18624	6.23717	51.50070
14317	0.40000	0.00151	-0.07116	0.02597	-0.07706	0.00151	-0.08130	0.08399	1.00936	52.76593
14337	0.40000	-0.07746	-0.03087	-0.01111	-0.11106	-0.07746	-0.08037	0.11438	2.04173	51.25459
14357	0.40000	-0.07585	0.09162	0.03493	-0.09152	-0.07585	0.06200	0.23270	3.08790	50.77020
14377	0.40000	0.53983	-0.75131	0.72768	0.26611	0.53983	-0.55587	0.69031	4.06965	48.52021
14397	0.40000	-0.34823	0.05777	0.37276	-0.01888	-0.34823	-0.13434	0.40460	5.00231	49.48339
14417	0.40000	-0.00816	0.04810	0.04633	0.02246	-0.00816	0.05083	0.02191	6.03315	51.74890
14437	0.40000	0.00635	0.01103	0.01758	0.00039	0.00635	0.01640	0.11415	0.79767	57.26862
14457	0.40000	0.00635	0.08840	0.04234	-0.09709	0.00635	0.10574	0.11026	1.86072	52.25225
14477	0.40000	-0.10325	-0.28713	0.28154	0.29052	-0.10325	-0.39117	0.28488	2.88235	49.48339
14497	0.40000	-0.56420	0.18671	0.44804	0.36009	-0.56420	-0.11015	0.44833	3.90552	44.03785
14517	0.40000	0.05470	0.27858	0.31827	0.16275	0.05470	0.35326	0.31885	4.85045	49.60648
14537	0.40000	0.31580	-0.02120	0.35230	0.02263	0.31580	0.15785	0.39346	5.88128	53.28981
14557	0.40000	0.08854	-0.01959	0.05587	-0.07437	0.08854	0.02850	0.10123	0.63047	57.73046
14577	0.40000	0.06920	-0.16787	0.14150	-0.09190	0.06920	-0.15388	0.18335	1.67971	48.52021
14597	0.40000	-0.23219	0.35272	0.22152	0.28191	-0.23219	0.27323	0.31398	2.69367	48.75689
14617	0.40000	0.09016	0.33821	0.37705	0.24861	0.09016	0.44259	0.34282	3.71223	44.78731
14637	0.40000	0.30290	-0.34838	0.32433	0.19560	0.30290	-0.22739	0.23287	4.66944	63.14225
14657	0.40000	-0.13387	-0.30003	0.35387	0.26880	-0.13387	-0.42373	0.40456	5.72328	53.28981
14677	0.40000	-0.38208	0.06906	0.35344	0.20220	-0.38208	-0.14085	0.25547	0.48781	57.26862
14697	0.40000	-0.38369	0.54613	0.47386	0.29994	-0.38369	0.40909	0.46003	1.52631	51.25488
14717	0.40000	0.12723	0.42202	0.50481	0.27527	0.12723	0.56076	0.46157	2.56635	52.89604
14737	0.40000	0.16268	0.03199	0.19766	-0.06719	0.16268	0.13086	0.23238	3.56957	49.73019
14757	0.40000	-0.00816	-0.16787	0.18459	-0.07356	-0.00816	-0.19855	0.22006	4.49610	59.28445
14777	0.40000	-0.41270	0.55257	0.51988	0.24456	-0.41270	0.39978	0.46381	5.51159	66.05678
14797	0.40000	0.00957	0.24312	0.28325	0.04236	0.00957	0.28626	0.23177	0.27151	59.16180
14817	0.40000	0.37060	-0.07116	0.37545	0.11720	0.37060	0.13179	0.39656	1.31462	51.25459
14837	0.40000	0.05309	-0.00992	0.02396	-0.05111	0.05309	0.01920	0.07673	2.33318	52.25254
14857	0.40000	-0.31439	0.10129	0.22936	0.22448	-0.31439	-0.06455	0.23733	3.34868	47.59381
14877	0.40000	-0.54164	0.64122	0.68787	0.05577	-0.54164	0.42770	0.71517	4.33656	44.03785
14897	0.40000	0.38671	-0.03571	0.42738	-0.00317	0.38671	0.18204	0.45688	5.29990	49.97827
14917	0.40000	-0.01461	-0.14208	0.13330	0.11043	-0.01461	-0.17249	0.22986	0.03528	51.62336
14937	0.40000	0.06437	-0.10662	0.07296	-0.07878	0.06437	-0.08595	0.11702	1.10447	48.99678
14957	0.40000	-0.06135	-0.04376	0.08896	-0.05689	-0.06135	-0.08595	0.12157	2.15524	53.42237
14977	0.40000	0.00151	0.05455	0.05281	0.03593	0.00151	0.06386	0.02567	3.16307	49.11775
14997	0.40000	0.63653	-0.13724	0.66298	0.09642	0.63653	0.20902	0.70178	4.15249	45.90479
15017	0.40000	0.01924	-0.29358	0.31383	-0.09688	0.01924	-0.32789	0.35413	5.09588	47.25547
15037	0.40000	-0.11292	0.15125	0.09275	0.12700	-0.11292	0.10946	0.16292	6.13592	52.76490
15057	0.40000	-0.10164	0.00620	0.04071	-0.10643	-0.10164	-0.05152	0.11457	0.91118	51.25473
15077	0.40000	0.07726	0.01426	0.08599	0.04801	0.07726	0.06107	0.30080	1.94355	51.74890
15097	0.40000	-0.04362	0.14481	-0.01394	-0.14791	-0.04362	0.14203	0.15218	2.99433	48.16861
15117	0.40000	-0.21607	-0.56274	0.72459	0.34865	-0.21607	-0.77454	0.70320	3.97761	49.97947
15137	0.40000	-0.54164	0.62994	0.67796	0.07514	-0.54164	0.41467	0.70948	4.92254	48.16861
15157	0.40000	0.36093	-0.05021	0.33581	0.20031	0.36093	0.15040	0.25833	5.91963	48.40244
15177	0.40000	-0.14354	0.24151	-0.09162	-0.22500	-0.14354	0.19600	0.23315	0.71023	58.51698
15197	0.40000	-0.03556	-0.24039	0.21795	0.20648	-0.03556	-0.29811	0.21675	1.75027	51.50041
15217	0.40000	-0.19351	0.03682	0.15843	0.13088	-0.19351	-0.06920	0.11214	2.78418	50.88993
15237	0.40000	-0.41915	0.54451	0.46984	0.32322	-0.41915	0.38676	0.64695	3.80734	48.99707
15257	0.40000	0.43829	-0.08083	0.40293	0.23499	0.43829	0.15971	0.35170	4.76608	48.52021
15277	0.40000	0.27712	-0.35483	0.36444	0.07958	0.27712	-0.24973	0.41464	5.78004	47.93703
15297	0.40000	0.05148	-0.14047	0.13126	-0.05451	0.05148	-0.13248	0.15995	0.54303	58.19982
15317	0.40000	0.00312	-0.07278	0.02027	-0.07975	0.00312	-0.08223	0.09477	1.56926	67.34540
15337	0.40000	-0.10486	0.05777	0.08391	-0.06317	-0.10486	0.00617	0.12422	2.62004	65.27540
15357	0.40000	0.69616	-0.22750	0.56147	0.43445	0.69616	0.13923	0.56907	3.62326	48.52021
15377	0.40000	-0.09680	-0.31131	0.35951	0.22942	-0.09680	-0.41536	0.37477	4.57126	45.11721
15397	0.40000	-0.14193	-0.02765	0.17105	-0.06202	-0.14193	-0.11387	0.19474	5.57755	53.42237
15417	0.40000	-0.13871	0.02393	0.08948	-0.11824	-0.13871	-0.05245	0.15578	0.35128	56.66416
15437	0.40000	-0.05812	0.10935	0.07664	-0.07808	-0.05812	0.09271	0.11970	1.38518	48.05255
15457	0.40000	-0.01944	0.05777	-0.01426	-0.05704	-0.01944	0.05549	0.09588	2.41295	52.50805
15477	0.40000	-0.01622	-0.20977	0.19513	0.15962	-0.01622	-0.25159	0.33149	3.45759	47.59324
15497	0.40000	-0.36596	0.08678	0.38184	-0.02116	-0.36596	-0.11108	0.42859	4.41940	45.67698
15517	0.40000	0.05792	0.39462	0.49106	0.03761	0.05792	0.48911	0.51669	5.40115	48.99707
15537	0.40000	-0.08069	0.20444	-0.01717	-0.20523	-0.08069	0.18948	0.20091	0.15186	58.51698
15557	0.40000	0.09338	-0.07116	0.09005	-0.03753	0.09338	-0.02826	0.11385	1.20111	51.62421
15577	0.40000	-0.32406	0.00620	0.36898	0.03496	-0.32406	-0.17994	0.39343	2.16445	44.03785
15597	0.40000	0.15946	0.38495	0.47460	0.29680	0.15946	0.53657	0.47879	3.13699	49.97947
15617	0.40000	0.25778	-0.29358	0.27469	0.16479	0.25778	-0.19017	0.25895	4.09573	45.11663
15637	0.40000	0.00151	-0.31776	0.36226	-0.05241	0.00151	-0.36604	0.39349	5.09742	62.23806
15657	0.40000	-0.15644	0.12869	0.15993	0.04784	-0.15644	0.05828	0.11538	6.11291	53.28981
15677	0.40000	-0.05329	-0.04215	-0.01864	-0.09382	-0.05329	-0.07944	0.10431	0.90658	69.39428
15697	0.40000	0.15463	-0.00831	0.13087	0.11457	0.15463	0.07968	0.18845	1.93742	51.50070
15717	0.40000	0.02730	0.05777	0.04595	-0.07372	0.02730	0.08247	0.09160	2.98973	68.51546
15737	0.40000	-0.21607	-0.55790	0.73040	0.32320	-0.21607	-0.76896	0.74680	3.98221	48.63855
15757	0.40000	-0.45461	0.56547	0.59254	0.08941	-0.45461	0.39048	0.62426	4.91334	66.53429
15777	0.40000	0.31580	-0.06794	0.21912	0.24998	0.31580	0.10387	0.35762	5.93497	65.89912
15797	0.40000	-0.13710	0.22700	-0.09207	-0.20926	-0.13710	0.18297	0.22538	0.70717	58.51698
15817	0.40000	-0.81402	1.52605	-1.52433	-0.09253	-0.81402	1.29216	1.41036	1.70118	-428.34317
15837	0.40000	-0.34340	0.41396	0.42917	0.10935	-0.34340	0.27974	0.45328	2.63998	66.69501
15857	0.40000	0.12884	0.00942	0.12522	0.09047	0.12884	0.08526	0.40188	3.64781	62.38696
15877	0.40000	0.21265	-0.24362	0.25977	-0.05348	0.21265	-0.15853	0.29662	4.60041	62.23692
15897	0.40000	-0.54164	0.11902	0.45676	0.33976	-0.54164	-0.17528	0.34376	5.62818	65.89799
15917	0.40000	-0.20640	0.17059	0.21146	0.06275	-0.20640	0.07782	0.15465	0.39577	58.51698
15937	0.40000	0.02569	0.10935	0.09754	0.10513	0.02569	0.14110	0.08628	1.45882	68.68561
15957	0.40000	-0.10486	0.09968	0.02337	-0.11586	-0.10486	0.05456	0.11678	2.52186	51.74890
15977	0.40000	0.33353	-0.42897	0.37661	0.24708	0.33353	-0.30277	0.33229	3.52816	48.52021
15997	0.40000	-0.35629	0.05777	0.32419	0.20289	-0.35629	-0.13899	0.25343	4.48076	48.05255
16017	0.40000	-0.46105	0.67667	0.60298	0.33806	-0.46105	0.51517	0.54039	5.51159	65.89912
16037	0.40000	-0.00655	0.21250	0.24073	0.02123	-0.00655	0.24159	0.24418	0.26998	59.82098
16057	0.40000	0.36254	-0.06794	0.37030	0.10686	0.36254	0.13086	0.40336	1.31309	52.25225
16077	0.40000	0.05631	0.00942	0.01269	-0.06995	0.05631	0.04339	0.05837	2.33165	66.53429
16097	0.40000	-0.36113	0.10935	0.27854	0.24408	-0.36113	-0.08223	0.28555	3.34561	51.99950
16117	0.40000	-0.20640	0.23667	0.24849	-0.06790	-0.20640	0.15412	0.27200	4.31355	44.03785
16137	0.40000	0.60591	-0.12596	0.59445	0.23552	0.60591	0.20437	0.66812	5.31678	47.70767
16157	0.40000	0.10789	-0.06794	0.09604	-0.05174	0.10789	-0.01616	0.12369	0.06596	52.25254
16177	0.40000	0.01763	-0.17593	0.19036	-0.03616	0.01763	-0.19296	0.22605	1.11214	49.97932
16197	0.40000	-0.00977	0.03521	0.00336	0.03619	-0.00977	0.03502	0.20392	2.13684	53.15790
16217	0.40000	-0.07585	-0.01153	0.00601	-0.09475	-0.07585	-0.05711	0.09913	3.18301	48.05255
16237	0.40000	0.67199	-0.15659	0.67884	0.18344	0.67199	0.20716	0.76104	4.15555	64.23090
16257	0.40000	0.00796	-0.30809	0.34061	-0.08574	0.00796	-0.35115	0.39349	5.09742	47.82208
16277	0.40000	-0.18384	0.18349	0.19194	0.09016	-0.18384	0.10574	0.14552	6.11291	53.02665
16297	0.40000	-0.08552	-0.09695	-0.06551	-0.17043	-0.08552	-0.16133	0.18237	0.90198	46.81161
16317	0.40000	-0.05168	0.15609	0.14520	-0.06483	-0.05168	0.15040	0.16940	1.96196	70.23036
16337	0.40000	0.05309	-0.03571	0.05268	0.01244	0.05309	-0.01058	0.02914	2.97899	48.99707
16357	0.40000	-0.15483	-0.48699	0.63099	0.22474	-0.15483	-0.65171	0.68594	3.97301	63.60368
16377	0.40000	1.02979	-1.23483	0.58184	-1.18866	1.02979	-0.83131	1.39281	4.90260	48.16861
16397	0.40000	0.24972	0.02554	0.30317	-0.02431	0.24972	0.17366	0.33516	5.87208	52.76608
16417	0.40000	0.10627	0.00459	0.04241	-0.11806	0.10627	0.06665	0.11698	0.63353	36.81548
16437	0.40000	-0.00977	-0.01959	0.02973	-0.00320	-0.00977	-0.02826	0.03430	1.65210	47.36771
16457	0.40000	-0.02105	0.02232	0.01810	0.01735	-0.02105	0.01361	0.22675	2.70901	49.60589
16477	0.40000	0.15946	0.44298	0.53026	0.32940	0.15946	0.60357	0.47527	3.70610	49.48280
16497	0.40000	0.26422	-0.25168	0.27490	0.11529	0.26422	-0.13806	0.22703	4.67557	45.22807
16517	0.40000	-0.16772	-0.43219	0.55761	0.26883	-0.16772	-0.59588	0.57922	5.70794	49.48339
16537	0.40000	-0.29988	0.05455	0.30169	0.10510	-0.29988	-0.11015	0.27155	0.46480	56.66420
16557	0.40000	-0.40464	0.71858	0.61322	0.37817	-0.40464	0.59612	0.54065	1.51097	51.37749
16577	0.40000	-0.10164	0.10935	0.03873	-0.11574	-0.10164	0.06758	0.11960	2.52340	48.05198
16597	0.40000	0.30935	-0.33710	0.33281	0.17120	0.30935	-0.21064	0.29740	3.52509	49.48339
16617	0.40000	-0.24025	-0.03732	0.27319	0.12702	-0.24025	-0.18180	0.23413	4.49456	61.79561
16637	0.40000	-0.42559	0.53807	0.49958	0.26937	-0.42559	0.37559	0.45174	5.51926	47.59381
16657	0.40000	0.00473	0.26569	0.30128	0.07105	0.00473	0.30952	0.28322	0.27918	38.03257
16677	0.40000	0.59301	-0.14691	0.54814	0.28463	0.59301	0.17273	0.59905	1.33303	51.74861
16697	0.40000	0.20298	-0.22750	0.24873	0.02236	0.20298	-0.14551	0.27671	2.35006	66.69443
16717	0.40000	0.03536	-0.08567	0.06512	-0.05632	0.03536	-0.07851	0.09026	3.37016	62.83737
16737	0.40000	-0.44010	0.52195	0.56104	-0.02006	-0.44010	0.34860	0.59726	4.33196	48.05255
16757	0.40000	0.38349	-0.03571	0.42367	-0.00283	0.38349	0.18018	0.44802	5.29990	49.97827
16777	0.40000	-0.02750	-0.17915	0.16464	0.15251	-0.02750	-0.22274	0.15224	0.03682	52.25138
16797	0.40000	0.07404	-0.09856	0.05801	-0.08465	0.07404	-0.07106	0.11601	1.10600	52.76578
16817	0.40000	-0.07424	-0.04538	0.10540	-0.05895	-0.07424	-0.09526	0.11955	2.15678	53.28981
16837	0.40000	0.00312	0.06261	0.05981	0.04385	0.00312	0.07410	0.02945	3.16460	52.76608
16857	0.40000	0.62525	-0.13724	0.64997	0.09723	0.62525	0.20251	0.70448	4.15249	45.67698
16877	0.40000	0.01602	-0.29842	0.32340	-0.09009	0.01602	-0.33533	0.35601	5.09588	47.59381
16897	0.40000	-0.02750	0.03037	0.02385	0.02358	-0.02750	0.01920	0.18932	6.13592	52.25138
16917	0.40000	-0.10486	0.02715	0.06564	-0.08682	-0.10486	-0.02919	0.11594	0.91272	65.27583
16937	0.40000	-0.05006	0.13997	-0.02749	-0.13915	-0.05006	0.13272	0.14065	1.84998	48.99707
16957	0.40000	-0.10647	-0.29197	0.29610	0.28729	-0.10647	-0.39861	0.35559	2.88082	49.23844
16977	0.40000	-0.55776	0.17543	0.45099	0.34916	-0.55776	-0.11945	0.46765	3.90552	48.05255
16997	0.40000	0.06276	0.30114	0.34490	0.18003	0.06276	0.38396	0.33361	4.85198	48.99707
17017	0.40000	0.27712	0.00459	0.32254	-0.00871	0.27712	0.16529	0.35585	5.87975	53.28981
17037	0.40000	0.08532	-0.02281	0.05871	-0.06601	0.08532	0.02292	0.08978	0.63507	57.73046
17057	0.40000	0.02569	-0.15336	0.15803	-0.04487	0.02569	-0.16226	0.18801	1.67664	49.48339
17077	0.40000	-0.06779	-0.04538	0.09562	-0.06188	-0.06779	-0.09154	0.11928	2.71515	68.51546
17097	0.40000	0.20298	0.44298	0.54152	0.37837	0.20298	0.62869	0.57568	3.71377	48.99648
17117	0.40000	0.39316	-0.53856	0.47950	0.28383	0.39316	-0.39489	0.45049	4.66023	48.52021
17137	0.40000	0.04825	-0.16948	0.15520	-0.08007	0.04825	-0.16784	0.19962	5.67266	47.48049
17157	0.40000	0.07404	-0.16464	-0.02182	-0.16346	0.07404	-0.14737	0.16199	0.43258	55.39374
17177	0.40000	-0.14999	0.10935	0.14292	-0.06035	-0.14999	0.03967	0.17461	1.48336	64.81599
17197	0.40000	-0.05490	0.13191	0.11137	-0.07183	-0.05490	0.12062	0.15273	2.52800	65.89855
17217	0.40000	0.35770	-0.40801	0.38741	0.21884	0.35770	-0.26461	0.35969	3.53122	49.48339
17237	0.40000	-0.14515	-0.04538	0.19225	0.05154	-0.14515	-0.13620	0.17538	4.48996	44.35620
17257	0.40000	0.49309	-1.13490	0.32020	-1.09212	0.49309	-1.02579	1.14073	5.49625	51.74890
17277	0.40000	0.01118	0.25279	0.29240	0.06022	0.01118	0.29836	0.29369	0.26845	59.82098
17297	0.40000	0.57206	-0.15336	0.54559	0.23034	0.57206	0.15319	0.53638	1.32383	48.05226
17317	0.40000	0.28356	-0.38867	0.38335	0.12127	0.28356	-0.28509	0.43816	2.36233	47.59324
17337	0.40000	-0.10486	0.00942	0.09095	0.07203	-0.10486	-0.04966	0.05767	3.35328	47.48049
17357	0.40000	-0.42882	0.50744	0.54619	-0.00209	-0.42882	0.33837	0.56802	4.32889	59.71719
17377	0.40000	0.78481	-0.18882	0.73326	0.36525	0.78481	0.23508	0.60950	5.32138	65.89912
17397	0.40000	0.20620	-0.20816	0.23916	0.00576	0.20620	-0.12131	0.26618	0.07670	51.25488
17417	0.40000	0.01118	-0.20010	0.22344	-0.02527	0.01118	-0.22460	0.23496	1.11520	53.28966
17437	0.40000	-0.01622	0.04004	0.00937	0.03918	-0.01622	0.03688	0.18418	2.13684	49.48339
17457	0.40000	0.09821	0.21411	0.23707	0.21404	0.09821	0.30394	0.24916	3.15540	48.99707
17477	0.40000	0.67038	-0.14853	0.68744	0.15236	0.67038	0.21554	0.74002	4.15249	45.67698
17497	0.40000	-0.00010	-0.33065	0.37370	-0.07841	-0.00010	-0.38186	0.41413	5.09742	47.93703
17517	0.40000	-0.19512	0.20928	0.20511	0.11240	-0.19512	0.12900	0.16903	6.11291	53.55559
17537	0.40000	-0.14193	0.07228	0.11374	-0.08490	-0.14193	0.00152	0.15326	0.92039	51.74875
17557	0.40000	0.10950	0.00459	0.10127	0.08017	0.10950	0.06851	0.14451	1.94049	47.59381
17577	0.40000	0.18364	-0.23072	0.18870	0.15438	0.18364	-0.16040	0.12256	2.97132	53.02665
17597	0.40000	-0.17739	-0.43058	0.52798	0.33494	-0.17739	-0.59960	0.53236	3.99295	49.48339
17617	0.40000	-0.46750	0.62994	0.57874	0.30472	-0.46750	0.45748	0.64728	4.93942	48.05140
17637	0.40000	-0.03395	0.17865	0.18058	-0.05822	-0.03395	0.18669	0.20581	5.96565	53.68829
17657	0.40000	0.10144	0.05616	0.14909	-0.05738	0.10144	0.12342	0.16700	0.73324	58.51698
17677	0.40000	0.05148	-0.11468	0.11151	0.02759	0.05148	-0.10270	0.20562	1.75641	48.51992
17697	0.40000	0.08049	-0.12274	0.07238	-0.10155	0.08049	-0.09526	0.13225	2.81025	51.74890
17717	0.40000	-0.46266	0.55902	0.53592	0.26452	-0.46266	0.37838	0.58265	3.79967	48.05198
17737	0.40000	0.83800	-0.20171	0.78053	0.39491	0.83800	0.25090	0.66875	4.74767	63.29551
17757	0.40000	0.24972	-0.27263	0.30243	-0.00103	0.24972	-0.17063	0.33999	5.77851	48.16861
17777	0.40000	0.16107	-0.07761	-0.03401	-0.15747	0.16107	0.00338	0.17101	0.52616	57.26862
17797	0.40000	0.03213	-0.09373	-0.01344	-0.09430	0.03213	-0.08968	0.10439	1.56773	48.16861
17817	0.40000	-0.12259	0.05777	0.08651	-0.08694	-0.12259	-0.00407	0.13006	2.62157	50.76963
17837	0.40000	0.48342	-0.14691	0.39953	0.29331	0.48342	0.10946	0.43630	3.62326	44.78789
17857	0.40000	-0.08069	-0.31453	0.35961	0.21236	-0.08069	-0.40978	0.36544	4.56973	48.99707
17877	0.40000	-0.15321	-0.01475	0.17987	-0.04743	-0.15321	-0.10549	0.20910	5.57909	53.82404
17897	0.40000	-0.14354	0.03521	0.09902	-0.11215	-0.14354	-0.04222	0.15765	0.35128	56.66416
17917	0.40000	-0.05006	0.13352	0.11749	-0.06628	-0.05006	0.12528	0.15370	1.38672	65.89912
17937	0.40000	-0.00010	0.05455	0.00568	-0.06267	-0.00010	0.06293	0.08858	2.41449	48.99707
17957	0.40000	-0.04845	-0.28552	0.26676	0.24311	-0.04845	-0.35767	0.27022	3.45759	48.05198
17977	0.40000	-0.35951	0.08034	0.37736	-0.00085	-0.35951	-0.11480	0.41783	4.41633	64.70905
17997	0.40000	0.07887	0.41880	0.52967	0.07480	0.07887	0.52913	0.53676	5.40268	53.28981
18017	0.40000	-0.02911	0.16898	0.04026	-0.17613	-0.02911	0.17832	0.18854	0.15800	59.16180
18037	0.40000	0.10950	-0.08083	0.10368	-0.04634	0.10950	-0.03012	0.12086	1.20111	47.93675
18057	0.40000	0.13367	-0.07922	-0.03396	-0.13007	0.13367	-0.01430	0.14320	2.23041	47.82208
18077	0.40000	0.00473	-0.09695	0.01716	-0.10795	0.00473	-0.10922	0.11337	3.27045	48.52021
18097	0.40000	0.10627	0.49455	0.63520	0.08779	0.10627	0.63241	0.70056	4.24299	64.07309
18117	0.40000	0.29968	-0.35483	0.38178	0.00809	0.29968	-0.23670	0.41350	5.19406	48.52021
18137	0.40000	0.16430	-0.09695	-0.02459	-0.16333	0.16430	-0.01709	0.16439	6.24023	51.74890
18157	0.40000	0.01279	-0.08083	0.01547	-0.08551	0.01279	-0.08595	0.09590	1.00783	48.63841
18177	0.40000	-0.02911	0.03521	0.03702	-0.00675	-0.02911	0.02385	0.04660	2.03559	67.34540
18197	0.40000	0.42378	-0.09695	0.32666	0.30079	0.42378	0.13272	0.36240	3.06336	51.25488
18217	0.40000	0.62525	-0.60787	0.71211	-0.00063	0.62525	-0.34092	0.73657	4.04971	36.26442
18237	0.40000	-0.42721	0.07389	0.45649	0.01095	-0.42721	-0.16133	0.47540	5.00998	49.85452
18257	0.40000	-0.00171	0.12385	0.12596	0.06563	-0.00171	0.14203	0.07790	6.02087	53.02665
18277	0.40000	-0.14515	0.07873	-0.02838	-0.14253	-0.14515	0.00710	0.13074	0.81454	36.52346
18297	0.40000	-0.07424	0.15931	-0.04739	-0.15222	-0.07424	0.14110	0.16494	1.85151	53.28981
18317	0.40000	0.02569	-0.08245	0.06833	-0.04950	0.02569	-0.08037	0.10024	2.79338	47.59381
18337	0.40000	-0.59644	0.66862	0.69491	0.23615	-0.59644	0.42770	0.69404	3.79353	63.44893
18357	0.40000	0.13690	-0.01637	0.13884	-0.05549	0.13690	0.06014	0.15473	4.68171	48.99707
18377	0.40000	-0.04200	-0.17431	0.17091	0.15302	-0.04200	-0.22553	0.37867	5.73249	52.76608
18397	0.40000	0.24972	-0.09695	-0.10297	-0.22976	0.24972	0.03222	0.24656	0.51849	57.88607
18417	0.40000	-0.03878	0.06100	0.02925	0.05437	-0.03878	0.04804	0.17198	1.56006	48.87698
18437	0.40000	-0.11292	0.03843	0.06642	-0.09365	-0.11292	-0.02082	0.12012	2.61851	51.25431
18457	0.40000	0.49147	-0.09534	0.46171	0.24185	0.49147	0.17366	0.50593	3.61406	44.35620
18477	0.40000	-0.18222	-0.56113	0.70057	0.33103	-0.18222	-0.75314	0.61587	4.55899	45.67698
18497	0.40000	-0.26603	0.22862	0.27727	-0.07792	-0.26603	0.11039	0.31325	5.47785	44.35620
18517	0.40000	0.26261	-0.00347	0.27365	0.12594	0.26261	0.14761	0.22576	0.20095	57.26862
18537	0.40000	0.05309	-0.06149	0.04859	0.04566	0.05309	-0.04036	0.01731	1.26707	67.18154
18557	0.40000	0.06276	0.01748	0.00306	-0.08433	0.06276	0.05642	0.08697	2.33165	50.77020
18577	0.40000	-0.33534	0.08678	0.26876	0.22121	-0.33534	-0.09340	0.23309	3.34715	48.63855
18597	0.40000	-0.23541	0.25924	0.27761	-0.07108	-0.23541	0.16343	0.31123	4.31662	47.70767
18617	0.40000	0.74774	-0.16464	0.72674	0.29876	0.74774	0.24159	0.63280	5.32291	47.14375
18637	0.40000	0.12884	-0.10179	0.13212	-0.03166	0.12884	-0.04315	0.15258	0.06596	48.52021
18657	0.40000	0.01924	-0.18076	0.19697	-0.02499	0.01924	-0.19762	0.22674	1.11214	50.48544
18677	0.40000	-0.05168	0.09162	0.03869	0.08332	-0.05168	0.07596	0.22394	2.13377	53.95927
18697	0.40000	-0.08552	0.00620	0.02205	-0.09278	-0.08552	-0.04222	0.11169	3.17994	48.16861
18717	0.40000	0.69294	-0.15497	0.70697	0.17090	0.69294	0.22112	0.76976	4.15402	45.22807
18737	0.40000	0.00151	-0.32098	0.36594	-0.05293	0.00151	-0.36976	0.40096	5.09742	63.29551
18757	0.40000	-0.15483	0.15931	0.16071	0.08415	-0.15483	0.09457	0.10538	6.11445	52.76608
18777	0.40000	-0.04845	-0.01475	0.00010	-0.06613	-0.04845	-0.04501	0.07653	0.90505	66.37407
18797	0.40000	-0.07102	0.14642	0.11543	-0.09010	-0.07102	0.12807	0.16289	1.96350	52.25225
18817	0.40000	0.02891	0.01103	0.03133	-0.02684	0.02891	0.02943	0.05994	2.97592	49.48339
18837	0.40000	-0.17739	-0.54340	0.71448	0.23172	-0.17739	-0.72988	0.75363	3.97608	49.97887
18857	0.40000	-0.54164	0.65250	0.68325	0.14385	-0.54164	0.44073	0.66444	4.92715	47.59381
18877	0.40000	0.36254	-0.04054	0.32115	0.23385	0.36254	0.16250	0.27479	5.92884	47.59381
18897	0.40000	-0.13710	0.23667	-0.08207	-0.22303	-0.13710	0.19414	0.23027	0.71023	58.51698
18917	0.40000	0.12078	-0.09856	0.12099	-0.04348	0.12078	-0.04408	0.13943	1.77175	51.25488
18937	0.40000	0.00151	-0.03409	0.03456	-0.01703	0.00151	-0.03850	0.04567	2.79491	48.51963
18957	0.40000	-0.50940	0.65572	0.62189	0.29525	-0.50940	0.46306	0.63871	3.79353	47.59324
18977	0.40000	0.68327	-0.14853	0.69170	0.19525	0.68327	0.22298	0.66451	4.73847	48.40244
18997	0.40000	0.08210	-0.11146	0.11534	-0.00676	0.08210	-0.08130	0.22837	5.75550	51.25488
19017	0.40000	0.18041	-0.07600	-0.05922	-0.17120	0.18041	0.01641	0.18038	0.52155	57.26862
19037	0.40000	-0.10486	0.15125	0.08420	0.13009	-0.10486	0.11411	0.19352	1.56466	48.87698
19057	0.40000	-0.10164	0.01265	0.04384	-0.10173	-0.10164	-0.04408	0.11073	2.61544	65.89855
19077	0.40000	0.51726	-0.12596	0.43412	0.32021	0.51726	0.15319	0.41845	3.62173	48.51963
19097	0.40000	0.01118	-0.22105	0.22983	0.09592	0.01118	-0.24880	0.19469	4.58047	44.89713
19117	0.40000	-0.46105	0.54613	0.57547	0.11910	-0.46105	0.36442	0.61795	5.49779	47.25547
19137	0.40000	0.09660	0.02232	0.11502	0.05247	0.09660	0.08154	0.17199	0.21936	57.26862
19157	0.40000	-0.02428	0.11418	0.01042	-0.11985	-0.02428	0.11783	0.11588	1.29008	49.60619
19177	0.40000	0.09983	-0.08728	0.10463	-0.02965	0.09983	-0.04315	0.11637	2.34392	51.74890
19197	0.40000	-0.25636	0.05939	0.19743	0.18178	-0.25636	-0.07944	0.17327	3.35328	51.13284
19217	0.40000	-0.44332	0.52195	0.56262	-0.01407	-0.44332	0.34674	0.58597	4.33350	44.57100
19237	0.40000	0.59301	-0.11146	0.58682	0.23003	0.59301	0.21368	0.62874	5.31831	47.59381
19257	0.40000	0.14012	-0.10823	0.14335	-0.03203	0.14012	-0.04408	0.17016	0.06750	69.56019
19277	0.40000	0.00957	-0.20010	0.22538	-0.01234	0.00957	-0.22553	0.24781	1.11367	50.48544
19297	0.40000	-0.12581	0.18510	0.10398	0.15787	-0.12581	0.14110	0.21704	2.13223	53.42237
19317	0.40000	0.05148	0.17059	0.17843	0.14899	0.05148	0.22670	0.16269	3.15233	49.97947
19337	0.40000	0.75096	-0.19043	0.74122	0.24522	0.75096	0.21368	0.83687	4.16476	44.35620
19357	0.40000	-0.04039	-0.37900	0.46269	-0.00072	-0.04039	-0.46096	0.46555	5.10662	48.99707
19377	0.40000	-0.20318	0.16415	0.20538	0.06565	-0.20318	0.07224	0.11809	6.11752	53.28981
19397	0.40000	-0.09036	-0.05988	-0.01706	-0.15028	-0.09036	-0.12131	0.13536	0.91118	65.43050
19417	0.40000	0.12884	0.00298	0.11490	0.09721	0.12884	0.07782	0.42762	1.94049	69.22973
19437	0.40000	-0.02428	0.13675	0.00292	-0.14588	-0.02428	0.14389	0.14889	2.99280	48.75747
19457	0.40000	-0.17094	-0.49182	0.63095	0.27465	-0.17094	-0.66660	0.68225	3.98221	49.48339
19477	0.40000	-0.62222	0.79755	0.75679	0.36036	-0.62222	0.56169	0.68549	4.93788	66.05563
19497	0.40000	-0.06779	0.16576	0.13899	-0.09197	-0.06779	0.15226	0.18614	5.96258	48.28525
19517	0.40000	-0.09036	0.19155	-0.03394	-0.18861	-0.09036	0.16901	0.18188	0.72097	59.16180
19537	0.40000	0.13045	-0.13241	0.15089	-0.01632	0.13045	-0.07758	0.17459	1.77635	48.05255
19557	0.40000	0.02408	-0.04376	0.02430	-0.03649	0.02408	-0.03663	0.06162	2.79031	47.47992
19577	0.40000	-0.55776	0.67184	0.65080	0.30562	-0.55776	0.45375	0.66884	3.79814	62.83737
19597	0.40000	0.41411	-0.05344	0.39756	0.21184	0.41411	0.17739	0.38815	4.76608	47.59381
19617	0.40000	0.33836	-0.40640	0.42553	0.09188	0.33836	-0.27392	0.45771	5.79078	51.74890
19637	0.40000	0.15624	-0.10179	-0.00026	-0.15861	0.15624	-0.02733	0.15438	0.53536	57.26862
19657	0.40000	-0.46105	0.47037	0.52053	0.13519	-0.46105	0.27695	0.46471	1.50637	58.57700
19677	0.40000	0.46569	-0.58530	0.56834	0.24383	0.46569	-0.40698	0.63022	2.37000	44.35620
19697	0.40000	-0.30794	0.08195	0.24118	0.20873	-0.30794	-0.08316	0.23121	3.34868	47.93703
19717	0.40000	-0.54164	0.62510	0.67755	0.04028	-0.54164	0.40909	0.70485	4.33656	58.71713
19737	0.40000	0.38832	-0.02926	0.43246	-0.00280	0.38832	0.19041	0.45532	5.29990	49.97827
19757	0.40000	-0.01461	-0.17270	0.15783	0.13603	-0.01461	-0.20785	0.11593	0.03988	51.13170
19777	0.40000	0.08049	-0.12757	0.08794	-0.09441	0.08049	-0.10084	0.14681	1.10753	53.15761
19797	0.40000	0.00312	0.00620	-0.00467	0.00826	0.00312	0.00896	0.15815	2.12763	53.28981
19817	0.40000	-0.06779	0.04327	0.05081	-0.04616	-0.06779	0.01082	0.08399	3.17994	47.25547
19837	0.40000	0.66715	-0.14853	0.68850	0.12921	0.66715	0.21368	0.74076	4.15555	45.67698
19857	0.40000	-0.01299	-0.32904	0.38547	-0.04103	-0.01299	-0.38744	0.42770	5.10202	51.74890
19877	0.40000	-0.15805	0.12385	0.15962	0.04665	-0.15805	0.05177	0.10691	6.11752	53.15790
19897	0.40000	-0.08391	-0.04538	-0.00555	-0.13107	-0.08391	-0.10084	0.12295	0.91118	69.06554
19917	0.40000	-0.07585	0.16092	0.13008	-0.09487	-0.07585	0.14203	0.17404	1.95889	48.99678
19937	0.40000	0.14012	-0.13886	0.13863	0.08200	0.14012	-0.07944	0.10169	2.97592	53.82404
19957	0.40000	-0.14677	-0.49343	0.65070	0.16278	-0.14677	-0.65451	0.73928	3.97148	45.33887
19977	0.40000	-0.47395	0.57836	0.60943	0.09259	-0.47395	0.39420	0.63510	4.91487	47.70767
19997	0.40000	0.47697	-0.08567	0.43498	0.26344	0.47697	0.17646	0.39477	5.91656	48.28525
20017	0.40000	0.07404	0.00136	0.07444	-0.04364	0.07404	0.04432	0.08330	0.68722	59.16180
20037	0.40000	0.06437	-0.01153	0.03111	-0.06118	0.06437	0.02385	0.08051	1.76101	66.53429
20057	0.40000	-0.15321	0.02070	0.12867	0.10529	-0.15321	-0.06455	0.10227	2.78878	51.13227
20077	0.40000	-0.54164	0.63316	0.65124	0.21047	-0.54164	0.41839	0.69068	3.78893	47.82151
20097	0.40000	0.88151	-0.21622	0.82477	0.40492	0.88151	0.25927	0.66395	4.74460	62.83795
20117	0.40000	0.08693	-0.07922	0.08816	-0.03859	0.08693	-0.04129	0.23190	5.75550	47.48049
20137	0.40000	0.20781	-0.09534	-0.06617	-0.19723	0.20781	0.00989	0.20661	0.52769	53.46313
20157	0.40000	-0.17417	0.00942	0.19584	-0.00389	-0.17417	-0.08968	0.22681	1.59074	48.99707
20177	0.40000	-0.00010	0.05455	0.04895	0.03954	-0.00010	0.06293	0.04239	2.60317	67.84151
20197	0.40000	0.51887	-0.16948	0.42923	0.30942	0.51887	0.10387	0.50036	3.61866	46.81175
20217	0.40000	0.51243	-0.37417	0.25306	-0.46591	0.51243	-0.13620	0.52224	4.52371	30.15204
20237	0.40000	0.15946	0.05294	0.20701	0.07769	0.15946	0.15319	0.20249	5.34899	48.05255
20257	0.40000	0.46085	-0.56919	0.54450	0.26245	0.46085	-0.39117	0.49428	0.10124	51.62450
20277	0.40000	-0.10003	-0.26296	0.30320	0.22060	-0.10003	-0.36139	0.33954	1.14742	54.92499
20297	0.40000	-0.61739	0.11418	0.61627	0.22753	-0.61739	-0.22460	0.58052	2.18285	51.25488
20317	0.40000	-0.34823	0.42363	0.44689	0.06742	-0.34823	0.28812	0.46607	3.21062	47.14319
20337	0.40000	0.76063	-0.20010	0.73222	0.29269	0.76063	0.20809	0.84399	4.16936	48.05255
20357	0.40000	-0.05168	-0.43219	0.52986	0.04032	-0.05168	-0.52888	0.54706	5.11276	49.48221
20377	0.40000	-0.21285	0.20928	0.22020	0.10446	-0.21285	0.11876	0.17028	6.11445	53.15790
20397	0.40000	-0.09842	-0.07439	-0.04017	-0.16863	-0.09842	-0.14272	0.17596	0.90198	50.41251
20417	0.40000	0.04503	0.10613	0.08261	-0.13140	0.04503	0.14854	0.16514	1.84538	59.14160
20437	0.40000	-0.14354	-0.27424	0.32405	0.27424	-0.14354	-0.39954	0.39767	2.86701	49.97887
20457	0.40000	-0.27409	0.05777	0.28894	0.00217	-0.27409	-0.09154	0.32212	3.85796	44.78789
20477	0.40000	0.02408	0.28180	0.33440	-0.06217	0.02408	0.33930	0.38861	4.79829	47.70767
20497	0.40000	0.15785	-0.17593	0.15343	0.11797	0.15785	-0.11201	0.10552	5.82913	67.84209
20517	0.40000	0.06115	0.05777	-0.01691	-0.11773	0.06115	0.10201	0.11321	0.62433	57.26862
20537	0.40000	0.02891	-0.04215	0.01794	-0.03920	0.02891	-0.03198	0.05805	1.65517	47.36743
20557	0.40000	-0.01622	-0.08889	0.04598	-0.10341	-0.01622	-0.11201	0.10788	2.71515	48.52021
20577	0.40000	0.12723	0.41396	0.48003	0.29968	0.12723	0.55146	0.43266	3.70763	49.97887
20597	0.40000	0.39961	-0.44670	0.45207	0.19129	0.39961	-0.28509	0.41845	4.66177	48.05255
20617	0.40000	-0.07585	-0.37094	0.46869	0.09462	-0.07585	-0.47212	0.47859	5.69260	52.37998
20637	0.40000	-0.10164	0.21089	0.06670	0.20009	-0.10164	0.18483	0.09726	0.42491	58.19982
20657	0.40000	-0.13548	0.06100	0.09455	-0.09733	-0.13548	-0.00779	0.15601	1.48183	47.25547
20677	0.40000	-0.04684	0.16092	0.14908	-0.07192	-0.04684	0.15878	0.19097	2.53260	48.05198
20697	0.40000	0.25778	-0.27908	0.26960	0.15440	0.25778	-0.17342	0.22335	3.52969	48.63855
20717	0.40000	-0.03395	-0.18076	0.22121	-0.06591	-0.03395	-0.22832	0.23164	4.50070	44.35620
20737	0.40000	-0.42721	0.53646	0.54647	0.15099	-0.42721	0.37280	0.61850	5.50546	51.37749
20757	0.40000	-0.10486	0.14481	0.09900	-0.11212	-0.10486	0.10667	0.15207	0.25311	58.51698
20777	0.40000	0.11917	0.04327	0.15850	-0.05641	0.11917	0.11876	0.19020	1.29621	52.76608
20797	0.40000	0.11433	-0.12113	0.13599	-0.00587	0.11433	-0.07386	0.16089	2.34239	65.89912
20817	0.40000	-0.38047	0.10774	0.29177	0.26208	-0.38047	-0.09526	0.28897	3.34868	47.93703
20837	0.40000	-0.30794	0.33338	0.36120	-0.08516	-0.30794	0.20716	0.40707	4.32122	43.62043
20857	0.40000	0.62847	-0.12435	0.62129	0.23874	0.62847	0.21926	0.68701	5.32291	47.14375
20877	0.40000	0.10305	-0.07922	0.10386	-0.02923	0.10305	-0.03198	0.12019	0.07056	51.87389
20897	0.40000	0.04019	-0.18237	0.18447	-0.05188	0.04019	-0.18738	0.21471	1.11520	50.48544
20917	0.40000	-0.09680	0.15609	0.08001	0.13575	-0.09680	0.12435	0.26049	2.13070	53.28981
20937	0.40000	0.06115	0.19477	0.21235	0.16232	0.06115	0.26020	0.22742	3.14926	49.23903
20957	0.40000	0.68166	-0.14853	0.69497	0.17601	0.68166	0.22205	0.74566	4.15555	59.71719
20977	0.40000	0.00473	-0.32743	0.37102	-0.05690	0.00473	-0.37535	0.40096	5.09742	63.44951
20997	0.40000	-0.27893	0.26730	0.29016	0.12401	-0.27893	0.14761	0.20626	6.11138	53.15790
21017	0.40000	-0.02589	-0.00347	0.00270	-0.03197	-0.02589	-0.01895	0.05728	0.90045	66.05649
21037	0.40000	-0.07424	0.13514	0.10022	-0.09096	-0.07424	0.11318	0.15817	1.96350	52.25225
21057	0.40000	0.05309	-0.02604	0.05300	0.00308	0.05309	0.00059	0.03830	2.97439	49.48339
21077	0.40000	-0.18222	-0.53695	0.70948	0.23620	-0.18222	-0.72523	0.76789	3.97608	49.48280
21097	0.40000	-0.56098	0.56869	0.65200	0.01705	-0.56098	0.33278	0.72659	4.92561	44.35620
21117	0.40000	0.22232	-0.01153	0.21898	0.12127	0.22232	0.11504	0.08678	5.91656	48.05255
21137	0.40000	-0.09842	0.19638	-0.07297	-0.18231	-0.09842	0.16994	0.21880	0.69950	58.51698
21157	0.40000	0.10466	-0.08245	0.10266	-0.04030	0.10466	-0.03477	0.12498	1.77175	51.37749
21177	0.40000	-0.20318	0.05294	0.13666	0.16049	-0.20318	-0.05618	0.12615	2.78724	65.89855
21197	0.40000	-0.47717	0.65572	0.59644	0.32241	-0.47717	0.48167	0.57766	3.79353	62.23749
21217	0.40000	0.72679	-0.14853	0.74184	0.19861	0.72679	0.24811	0.77431	4.73847	48.40244
21237	0.40000	-0.01944	-0.23072	0.20663	0.18646	-0.01944	-0.27764	0.22963	5.75089	51.74890
21257	0.40000	0.21587	-0.09212	-0.07299	-0.20396	0.21587	0.01827	0.21388	0.52155	57.11631
21277	0.40000	-0.12259	-0.01153	0.14529	-0.03144	-0.12259	-0.08409	0.16913	1.58460	49.60619
21297	0.40000	-0.03395	0.00620	0.01055	-0.03458	-0.03395	-0.01244	0.06132	2.60623	51.37749
21317	0.40000	0.66232	-0.16626	0.57793	0.37534	0.66232	0.19041	0.47067	3.61406	47.93703
21337	0.40000	-0.15321	-0.38061	0.45228	0.31248	-0.15321	-0.52795	0.46330	4.56206	64.07309
21357	0.40000	-0.43204	0.07873	0.44983	0.09721	-0.43204	-0.15853	0.45995	5.58983	52.89604
21377	0.40000	-0.10164	-0.09695	-0.04464	-0.19351	-0.10164	-0.17063	0.19631	0.34054	57.26862
21397	0.40000	-0.08391	0.08517	0.03059	-0.09271	-0.08391	0.04990	0.10894	1.37905	51.87389
21417	0.40000	0.01763	0.10935	0.06480	-0.12135	0.01763	0.13644	0.14361	2.43136	68.51546
21437	0.40000	-0.09197	-0.20816	0.22723	0.20721	-0.09197	-0.29346	0.23275	3.44225	48.99707
21457	0.40000	-0.37724	0.34950	0.34403	0.24174	-0.37724	0.18576	0.46130	4.40252	64.70905
21477	0.40000	0.21104	0.53323	0.68274	0.34981	0.21104	0.73756	0.66871	5.42109	52.89604
21497	0.40000	0.05631	0.10129	0.12155	-0.10360	0.05631	0.14947	0.17211	0.16107	58.67686
21517	0.40000	0.34158	-0.45798	0.44407	0.17156	0.34158	-0.33161	0.44035	1.21951	51.25488
21537	0.40000	0.09983	-0.14047	0.08143	-0.11943	0.09983	-0.10456	0.15371	2.24421	47.48049
21557	0.40000	-0.30794	0.44620	0.31407	0.33169	-0.30794	0.33744	0.45005	3.25051	53.15790
21577	0.40000	0.17719	0.57030	0.75682	0.19346	0.17719	0.76083	0.80200	4.25373	49.48339
21597	0.40000	0.33514	-0.38384	0.41753	0.01824	0.33514	-0.24973	0.44996	5.19866	62.83795
21617	0.40000	0.15140	-0.08728	-0.02243	-0.15032	0.15140	-0.01337	0.14979	6.23410	69.56019
21637	0.40000	-0.02428	-0.05505	0.05115	-0.06317	-0.02428	-0.07758	0.10021	1.01243	53.28966
21657	0.40000	-0.06457	-0.01475	-0.00245	-0.08433	-0.06457	-0.05432	0.10110	2.03866	51.37720
21677	0.40000	0.28195	-0.06955	0.22551	0.18826	0.28195	0.08247	0.22291	3.06489	48.52021
21697	0.40000	0.41250	-0.53695	0.55860	0.06270	0.41250	-0.38186	0.57970	4.05431	44.14288
21717	0.40000	-0.77211	0.63638	0.82397	-0.02716	-0.77211	0.28905	0.86089	4.90720	29.28850
21737	0.40000	0.07243	0.07711	0.11539	-0.09514	0.07243	0.13086	0.15999	5.85981	53.28981
21757	0.40000	0.08693	-0.00186	0.04478	-0.08866	0.08693	0.04804	0.09714	0.63200	57.88607
21777	0.40000	0.06276	-0.14853	0.12681	-0.07845	0.06276	-0.13527	0.16794	1.67357	70.23036
21797	0.40000	0.13528	0.47037	0.54492	0.32749	0.13528	0.62125	0.52780	2.56788	48.87698
21817	0.40000	0.09660	0.06583	0.12427	-0.10609	0.09660	0.13179	0.17509	3.56497	48.63855
21837	0.40000	-0.13226	-0.54340	0.71097	0.08557	-0.13226	-0.70382	0.74831	4.53445	45.22807
21857	0.40000	-0.42076	0.54613	0.54988	0.15796	-0.42076	0.38769	0.58193	5.50392	47.36771
21877	0.40000	-0.14515	0.09807	0.00668	-0.14795	-0.14515	0.02943	0.15114	0.24390	57.42176
21897	0.40000	0.07726	0.05777	0.11628	-0.06957	0.07726	0.11132	0.14572	1.29468	52.76608
21917	0.40000	-0.04845	-0.22267	0.20108	0.20781	-0.04845	-0.28509	0.20313	2.32091	47.59381
21937	0.40000	-0.37080	0.11902	0.27094	0.26447	-0.37080	-0.07665	0.35296	3.34254	66.53429
21957	0.40000	-0.50296	0.61704	0.65544	0.03944	-0.50296	0.42212	0.70231	4.33810	43.93275
21977	0.40000	0.38832	-0.03732	0.42799	0.02004	0.38832	0.18111	0.46033	5.29684	49.48339
21997	0.40000	-0.02589	-0.16464	0.16040	0.13033	-0.02589	-0.20506	0.27088	0.03221	48.40129
22017	0.40000	0.06437	-0.09212	0.05520	-0.07672	0.06437	-0.06920	0.10208	1.10293	53.28966
22037	0.40000	-0.10003	-0.03409	0.12901	-0.05283	-0.10003	-0.09712	0.15653	2.15524	49.11775
22057	0.40000	0.08049	0.19799	0.20497	0.20034	0.08049	0.27509	0.20245	3.16307	49.48339
22077	0.40000	0.56723	-0.11952	0.59222	0.08304	0.56723	0.18948	0.64484	4.14635	45.67698
22097	0.40000	-0.00977	-0.33226	0.38758	-0.03796	-0.00977	-0.38930	0.42206	5.10509	65.74222
22117	0.40000	0.05470	-0.16303	-0.01625	-0.16514	0.05470	-0.15667	0.17087	6.14206	52.25138
22137	0.40000	-0.11614	0.03360	0.07037	-0.09661	-0.11614	-0.02826	0.12114	0.91579	47.70753
22157	0.40000	0.11111	0.01748	0.11922	0.07239	0.11111	0.08433	0.20738	1.94509	47.59381
22177	0.40000	0.12078	-0.12113	0.12183	0.06827	0.12078	-0.07013	0.07629	2.96825	49.48339
22197	0.40000	-0.27248	-0.53695	0.68075	0.46368	-0.27248	-0.77734	0.71569	3.99142	49.48339
22217	0.40000	-0.61417	0.82979	0.79225	0.33722	-0.61417	0.60357	0.71726	4.93635	47.59381
22237	0.40000	0.43829	-0.05988	0.40462	0.24933	0.43829	0.18390	0.42064	5.91350	48.52021
22257	0.40000	0.24488	-0.20010	0.25971	0.02350	0.24488	-0.08967	0.29924	0.67035	37.21242
22277	0.40000	-0.11937	-0.39190	0.47109	0.25341	-0.11937	-0.52144	0.43170	1.71652	53.15761
22297	0.40000	-0.30633	0.04166	0.33015	0.03744	-0.30633	-0.12876	0.35789	2.73662	49.36091
22317	0.40000	0.09983	0.26246	0.29360	0.23205	0.09983	0.36070	0.31950	3.71530	49.36032
22337	0.40000	0.66876	-0.56113	0.70376	-0.14306	0.66876	-0.26182	0.70687	4.61115	32.94956
22357	0.40000	-0.61739	0.15448	0.60330	0.22104	-0.61739	-0.17808	0.57753	5.60517	47.48049
22377	0.40000	-0.26442	0.21250	0.27997	-0.01081	-0.26442	0.09271	0.31532	0.36816	57.26866
