--- Terminal on /dev/ttyUSB0 | 115200 8-N-1
--- Available filters and text transformations: colorize, debug, default, direct, esp32_exception_decoder, hexlify, log2file, nocontrol, printable, send_on_enter, time
--- More details at https://bit.ly/pio-monitor-filters
--- Quit: Ctrl+C | Menu: Ctrl+T | Help: Ctrl+T followed by Ctrl+H
MOT: Init
MOT: Enable driver.
MOT: Align sensor.
MOT: sensor_direction==CW
MOT: PP check: OK!
MOT: Zero elec. angle: 1.94
MOT: Align current sense.
CS: Inv B
MOT: Success: 3
MOT: Ready.
0	0.00000	0.00109	-0.00744	-0.00449	-0.00666	0.00109	-0.00796	0.01020	0.27765	0.04135
8377	0.00000	-0.12946	-0.01227	0.06269	-0.14399	-0.12946	-0.08891	0.01413	0.26691	0.00000
8397	0.00000	0.00754	-0.00905	-0.00968	-0.00053	0.00754	-0.00610	0.01244	0.26231	0.00000
8417	0.00000	0.00270	-0.16700	-0.11162	-0.15532	0.00270	-0.19127	0.01003	0.26384	0.00000
8437	0.00000	0.00592	0.01191	0.00613	0.01709	0.00592	0.01717	0.05891	0.25771	0.00000
8457	0.00000	0.01076	-0.00744	-0.00988	0.00488	0.01076	-0.00237	0.00640	0.25617	0.00000
8477	0.00000	0.00431	0.01191	0.00654	0.01547	0.00431	0.01624	0.01981	0.25924	0.00000
8497	0.00000	0.01076	-0.00905	-0.01104	0.00343	0.01076	-0.00423	0.01596	0.25771	4.33329
8517	0.00000	0.00270	-0.01711	-0.01349	-0.01249	0.00270	-0.01819	0.01411	0.25771	0.00000
8537	0.00000	0.00109	-0.00905	-0.00723	-0.00673	0.00109	-0.00982	0.00278	0.25464	0.00000
8557	0.00000	0.00592	0.01352	0.00761	0.01842	0.00592	0.01903	0.01438	0.25617	0.00000
8577	0.00000	0.00431	-0.02033	-0.01738	-0.01252	0.00431	-0.02098	0.01515	0.25004	0.00000
8597	0.00000	0.01882	0.00707	0.00130	0.02673	0.01882	0.01903	0.05632	0.24390	0.00000
8617	0.00000	0.00754	-0.01872	-0.01771	-0.00642	0.00754	-0.01726	0.01411	0.24390	0.00000
8637	0.00000	0.01559	0.00707	0.00596	0.02241	0.01559	0.01717	0.01096	0.22856	0.00000
8657	0.00000	0.01882	-0.00260	-0.00462	0.01986	0.01882	0.00786	0.01222	0.23163	0.00000
8677	0.00000	0.00915	-0.19762	-0.18825	-0.11969	0.00915	-0.22291	0.00510	0.23163	0.00000
8697	0.00000	0.00915	0.00868	0.00762	0.01612	0.00915	0.01531	0.02583	0.23163	0.00000
8717	0.00000	0.00915	-0.00744	-0.00812	0.00535	0.00915	-0.00330	0.01020	0.23317	0.00000
8737	0.00000	0.01237	-0.01066	-0.00845	0.01040	0.01237	-0.00517	0.01450	0.23317	0.00000
8757	0.00000	0.00270	0.00868	0.00751	0.00922	0.00270	0.01158	0.04489	0.23470	0.00000
8777	0.00000	0.02204	-0.20407	-0.19918	-0.10245	0.02204	-0.22291	0.04665	0.22856	-4.30895
8797	0.00000	-0.00052	0.01513	0.01300	0.01122	-0.00052	0.01717	0.01981	0.24390	4.32108
8817	0.00000	0.01237	0.00707	0.00551	0.01889	0.01237	0.01531	0.05532	0.23010	0.00000
8837	0.00000	0.00109	-0.01227	-0.01162	-0.00703	0.00109	-0.01354	0.00442	0.23163	0.00000
8857	0.00000	0.01559	-0.00099	-0.00127	0.01742	0.01559	0.00786	0.05221	0.22550	0.00000
8877	0.00000	-0.00052	0.01674	0.01479	0.01199	-0.00052	0.01903	0.07291	0.24083	0.00000
8897	0.00000	0.00431	-0.00260	-0.00288	0.00325	0.00431	-0.00051	0.00715	0.23010	0.00000
8917	0.00000	0.00109	0.00868	0.00789	0.00724	0.00109	0.01065	0.01654	0.23470	-4.33325
8937	0.00000	0.00592	0.00224	0.00141	0.00831	0.00592	0.00600	0.00176	0.23317	0.00000
8957	0.00000	0.00915	-0.01388	-0.01405	0.00138	0.00915	-0.01075	0.00949	0.23163	0.00000
8977	0.00000	0.00431	0.00224	0.00159	0.00646	0.00431	0.00507	0.01851	0.23317	0.00000
8997	0.00000	0.00592	-0.01066	-0.01068	-0.00021	0.00592	-0.00889	0.00549	0.23163	0.00000
9017	0.00000	0.00431	0.00707	0.00612	0.00972	0.00431	0.01065	0.01634	0.23317	0.00000
9037	0.00000	0.00754	-0.01388	-0.01388	-0.00071	0.00754	-0.01168	0.01042	0.23163	4.33329
9057	0.00000	0.00592	-0.02839	-0.02728	-0.01235	0.00592	-0.02936	0.00842	0.23317	0.00000
9077	0.00000	0.00270	0.00707	0.00631	0.00787	0.00270	0.00972	0.07212	0.23317	0.00000
9097	0.00000	0.02204	-0.00905	-0.01071	0.01940	0.02204	0.00228	0.00428	0.23010	0.00000
9117	0.00000	0.00109	-0.11220	-0.10523	-0.07446	0.00109	-0.12893	0.00347	0.23317	0.00000
9137	0.00000	0.01076	0.01513	0.01368	0.02212	0.01076	0.02368	0.02582	0.23010	0.00000
9157	0.00000	0.00109	-0.01872	-0.01785	-0.01108	0.00109	-0.02098	0.00278	0.23010	0.00000
9177	0.00000	0.00431	0.01835	0.01669	0.01734	0.00431	0.02368	0.04624	0.23317	4.32108
9197	0.00000	0.01559	-0.00905	-0.00988	0.01215	0.01559	-0.00144	0.01100	0.23010	-4.32104
9217	0.00000	0.01076	0.00868	0.01228	0.01512	0.01076	0.01624	0.04210	0.23317	0.00000
9237	0.00000	0.01076	-0.00905	-0.00939	0.00674	0.01076	-0.00423	0.01020	0.22856	0.00000
9257	0.00000	0.00109	0.00224	0.00201	0.00273	0.00109	0.00321	0.02483	0.23163	0.00000
9277	0.00000	0.00592	-0.01388	-0.01373	-0.00233	0.00592	-0.01261	0.02222	0.23010	0.00000
9297	0.00000	0.00592	-0.13315	-0.12542	-0.08305	0.00592	-0.15033	0.00344	0.23317	0.00000
9317	0.00000	0.00431	0.01029	0.00973	0.01142	0.00431	0.01438	0.07151	0.22856	0.00000
9337	0.00000	0.00915	-0.00260	-0.00305	0.00892	0.00915	0.00228	0.00640	0.22856	0.00000
9357	0.00000	0.00109	-0.16538	-0.15506	-0.11035	0.00109	-0.19034	0.00068	0.23317	0.00000
9377	0.00000	0.00754	-0.00905	-0.00916	0.00318	0.00754	-0.00610	0.01222	0.22703	0.00000
9397	0.00000	-0.00375	0.00707	0.00707	0.00035	-0.00375	0.00600	0.02185	0.23163	0.00000
9417	0.00000	0.01237	0.01513	0.01356	0.02398	0.01237	0.02461	0.05305	0.23010	0.00000
9437	0.00000	0.00431	-0.02033	-0.01983	-0.00810	0.00431	-0.02098	0.00611	0.22856	0.00000
9457	0.00000	0.00431	0.00868	0.00852	0.01013	0.00431	0.01251	0.02788	0.22703	0.00000
9477	0.00000	0.01237	-0.00905	-0.00949	0.00860	0.01237	-0.00330	0.01100	0.22703	0.00000
9497	0.00000	0.00109	-0.00905	-0.00868	-0.00471	0.00109	-0.00982	0.02064	0.23317	0.00000
9517	0.00000	0.01237	0.00224	0.00119	0.01569	0.01237	0.00972	0.05813	0.23010	0.00000
9537	0.00000	0.00915	-0.01066	-0.01086	0.00387	0.00915	-0.00703	0.01786	0.22856	0.00000
9557	0.00000	0.00270	0.00224	0.00194	0.00455	0.00270	0.00414	0.01981	0.23163	0.00000
9577	0.00000	0.01237	-0.01549	-0.01582	0.00429	0.01237	-0.01075	0.01993	0.23010	0.00000
9597	0.00000	0.00915	-0.00905	-0.00754	0.00731	0.00915	-0.00517	0.01828	0.23163	0.00000
9617	0.00000	0.00431	-0.00421	-0.00437	0.00226	0.00431	-0.00237	0.01445	0.23010	0.00000
9637	0.00000	0.00592	-0.01549	-0.01532	-0.00314	0.00592	-0.01447	0.00842	0.23010	0.00000
9657	0.00000	0.00270	-0.10092	-0.09594	-0.06339	0.00270	-0.11497	0.01450	0.23163	0.00000
9677	0.00000	0.00592	0.01996	0.01902	0.01934	0.00592	0.02647	0.04210	0.23010	0.00000
9697	0.00000	0.00109	-0.01388	-0.01327	-0.00789	0.00109	-0.01540	0.00124	0.23010	0.00000
9717	0.00000	0.05105	-0.03000	-0.02333	0.04570	0.05105	-0.00517	0.02225	0.21016	0.00000
9737	0.00000	-0.00375	-0.00421	-0.00477	-0.00638	-0.00375	-0.00703	0.04344	0.21783	0.00000
9757	0.00000	-0.01019	0.01513	0.01533	-0.00176	-0.01019	0.01158	0.02037	0.23317	0.00000
9777	0.00000	-0.00052	-0.01066	-0.01031	-0.00728	-0.00052	-0.01261	0.00941	0.22856	0.00000
9797	0.00000	0.00915	0.00062	0.00008	0.01094	0.00915	0.00600	0.02714	0.22856	0.00000
9817	0.00000	0.00915	-0.01227	-0.01248	0.00265	0.00915	-0.00889	0.02378	0.22856	0.00000
9837	0.00000	-0.01503	-0.01388	-0.01215	-0.02624	-0.01503	-0.02471	0.01305	0.22856	0.00000
9857	0.00000	0.00754	0.00224	0.00156	0.01012	0.00754	0.00693	0.02007	0.23010	0.00000
9877	0.00000	0.00270	-0.01549	-0.01518	-0.00659	0.00270	-0.01633	0.01056	0.22856	0.00000
9897	0.00000	0.00592	-0.16377	-0.15754	-0.09847	0.00592	-0.18569	0.02004	0.22856	0.00000
9917	0.00000	0.00270	0.00062	0.00045	0.00350	0.00270	0.00228	0.00709	0.22856	0.00000
9937	0.00000	0.00915	-0.00421	-0.00461	0.00791	0.00915	0.00042	0.01280	0.22703	0.00000
9957	0.00000	0.01076	0.06670	0.06315	0.05528	0.01076	0.08323	0.02435	0.23010	0.00000
9977	0.00000	0.00754	-0.00905	-0.00921	0.00302	0.00754	-0.00610	0.01854	0.22856	0.00000
9997	0.00000	0.00592	-0.01711	-0.01693	-0.00389	0.00592	-0.01633	0.01881	0.22856	0.00000
10017	0.00000	0.02204	-0.00905	-0.00971	0.01991	0.02204	0.00228	0.00697	0.22703	0.00000
10037	0.00000	0.00592	-0.02355	-0.02318	-0.00793	0.00592	-0.02378	0.01401	0.22856	0.00000
10057	0.00000	0.00915	0.01513	0.01414	0.02003	0.00915	0.02275	0.01491	0.22856	0.00000
10077	0.00000	0.01721	-0.01388	-0.01407	0.01162	0.01721	-0.00610	0.02762	0.22550	0.00000
10097	0.00000	0.00109	0.00224	0.00206	0.00269	0.00109	0.00321	0.01981	0.23010	0.00000
10117	0.00000	0.00754	-0.01711	-0.01702	-0.00203	0.00754	-0.01540	0.01525	0.22856	0.00000
10137	0.00000	0.00109	-0.16538	-0.15871	-0.10508	0.00109	-0.19034	0.00786	0.23010	0.00000
10157	0.00000	0.01559	0.00224	0.00225	0.01929	0.01559	0.01158	0.00808	0.22550	0.00000
10177	0.00000	0.00754	-0.00905	-0.00916	0.00318	0.00754	-0.00610	0.01162	0.22550	0.00000
10197	0.00000	0.00109	-0.00744	-0.00715	-0.00365	0.00109	-0.00796	0.02776	0.23010	4.32104
10217	0.00000	0.00915	-0.00260	-0.00290	0.00897	0.00915	0.00228	0.08869	0.22703	0.00000
10237	0.00000	0.00109	0.00546	0.00523	0.00468	0.00109	0.00693	0.06470	0.22856	0.00000
10257	0.00000	0.00915	-0.01066	-0.01080	0.00405	0.00915	-0.00703	0.08338	0.22550	0.00000
10277	0.00000	-0.00213	0.01513	0.01468	0.00727	-0.00213	0.01624	0.01851	0.23163	0.00000
10297	0.00000	0.01882	-0.01227	-0.01275	0.01423	0.01882	-0.00330	0.01301	0.22550	0.00000
10317	0.00000	0.00109	0.01513	0.01424	0.01122	0.00109	0.01810	0.02859	0.23163	0.00000
10337	0.00000	0.01237	-0.02355	-0.02355	0.00070	0.01237	-0.02005	0.02203	0.22243	0.00000
10357	0.00000	0.00270	0.00224	0.00201	0.00451	0.00270	0.00414	0.02222	0.22856	0.00000
10377	0.00000	0.01237	-0.01066	-0.01105	0.00759	0.01237	-0.00517	0.01621	0.22703	0.00000
10397	0.00000	0.00592	-0.00905	-0.00912	0.00116	0.00592	-0.00703	0.01854	0.22856	0.00000
10417	0.00000	0.00270	-0.00905	-0.00893	-0.00255	0.00270	-0.00889	0.01438	0.22856	0.00000
10437	0.00000	0.00915	-0.17505	-0.17030	-0.09914	0.00915	-0.19685	0.00937	0.22856	81.86978
10457	0.00000	0.01237	0.01029	0.00927	0.02072	0.01237	0.01903	0.04083	0.22856	0.00000
10477	0.00000	0.01559	-0.02033	-0.02043	0.00594	0.01559	-0.01447	0.01244	0.22396	0.00000
10497	0.00000	0.00592	-0.01549	-0.01541	-0.00262	0.00592	-0.01447	0.01056	0.22856	0.00000
10517	0.00000	0.00754	0.01352	0.01296	0.01694	0.00754	0.01996	0.02241	0.22703	0.00000
10537	0.00000	0.01721	-0.01227	-0.01248	0.01258	0.01721	-0.00423	0.02010	0.22396	0.00000
10557	0.00000	0.00270	0.00868	0.00797	0.00883	0.00270	0.01158	0.02257	0.23163	0.00000
10577	0.00000	0.00592	-0.01388	-0.01380	-0.00187	0.00592	-0.01261	0.00624	0.22856	0.00000
10597	0.00000	-0.00375	0.01191	0.01171	0.00334	-0.00375	0.01158	0.01225	0.23010	0.00000
10617	0.00000	0.00915	-0.03000	-0.02976	-0.00775	0.00915	-0.02936	0.01525	0.22703	0.00000
10637	0.00000	0.00109	0.01029	0.00979	0.00787	0.00109	0.01251	0.03751	0.23010	0.00000
10657	0.00000	0.02204	-0.00905	-0.00937	0.02008	0.02204	0.00228	0.01020	0.22550	0.00000
10677	0.00000	-0.01019	-0.13798	-0.13156	-0.10046	-0.01019	-0.16522	0.00222	0.23163	0.00000
10697	0.00000	0.02043	0.00868	0.00773	0.02887	0.02043	0.02182	0.00905	0.22703	0.00000
10717	0.00000	0.00592	-0.00099	-0.00130	0.00621	0.00592	0.00228	0.00715	0.22856	0.00000
10737	0.00000	0.00754	0.00707	0.00642	0.01312	0.00754	0.01251	0.03552	0.22856	0.00000
10757	0.00000	0.01237	-0.00905	-0.00949	0.00860	0.01237	-0.00330	0.00124	0.22703	0.00000
10777	0.00000	0.00109	-0.00099	-0.00103	0.00062	0.00109	-0.00051	0.01443	0.23163	0.00000
10797	0.00000	0.00431	0.00868	0.00799	0.01055	0.00431	0.01251	0.02864	0.22856	0.00000
10817	0.00000	0.00915	-0.01872	-0.01868	-0.00118	0.00915	-0.01633	0.00729	0.22703	0.00000
10837	0.00000	0.01237	0.00224	0.00303	0.01544	0.01237	0.00972	0.04730	0.21936	0.00000
10857	0.00000	-0.00536	-0.00905	-0.00785	-0.01226	-0.00536	-0.01354	0.00709	0.23317	0.00000
10877	0.00000	0.01559	-0.01711	-0.01431	0.01241	0.01559	-0.01075	0.04230	0.22856	0.00000
10897	0.00000	0.03010	0.01513	0.01219	0.04441	0.03010	0.03485	0.02895	0.22856	0.00000
10917	0.00000	0.01076	0.01352	0.01213	0.02109	0.01076	0.02182	0.01233	0.23010	0.00000
10937	0.00000	0.00270	-0.17022	-0.16348	-0.10633	0.00270	-0.19499	0.03676	0.23010	0.00000
10957	0.00000	0.00754	0.00062	0.00017	0.00908	0.00754	0.00507	0.05797	0.22856	0.00000
10977	0.00000	0.01237	-0.00421	-0.00460	0.01171	0.01237	0.00228	0.01572	0.22703	-4.32108
10997	0.00000	0.00109	-0.01227	-0.01185	-0.00664	0.00109	-0.01354	0.02213	0.23010	0.00000
11017	0.00000	0.00592	0.00868	0.00808	0.01227	0.00592	0.01345	0.00879	0.22856	4.33329
11037	0.00000	0.01559	-0.00421	-0.00473	0.01543	0.01559	0.00414	0.01100	0.22550	0.00000
11057	0.00000	0.00109	0.01352	0.01288	0.00995	0.00109	0.01624	0.02999	0.23010	0.00000
11077	0.00000	0.00109	-0.02516	-0.02471	-0.01410	0.00109	-0.02843	0.00630	0.22703	0.00000
11097	0.00000	0.00109	0.00224	0.00210	0.00266	0.00109	0.00321	0.00724	0.22856	0.00000
11117	0.00000	0.00270	-0.01872	-0.01831	-0.00861	0.00270	-0.02005	0.00176	0.22856	0.00000
11137	0.00000	0.01237	-0.14121	-0.13766	-0.07421	0.01237	-0.15591	0.01737	0.22703	0.00000
11157	0.00000	0.00431	0.00546	0.00504	0.00839	0.00431	0.00879	0.01828	0.22856	0.00000
11177	0.00000	0.00754	-0.00905	-0.00910	0.00333	0.00754	-0.00610	0.01398	0.22550	0.00000
11197	0.00000	0.00270	0.01191	0.01121	0.01077	0.00270	0.01531	0.01981	0.23010	0.00000
11217	0.00000	0.00431	-0.01388	-0.01371	-0.00373	0.00431	-0.01354	0.01244	0.22856	0.00000
11237	0.00000	0.00592	0.00224	0.00169	0.00826	0.00592	0.00600	0.01411	0.22856	0.00000
11257	0.00000	0.00754	-0.01227	-0.01233	0.00100	0.00754	-0.00982	0.01225	0.22856	0.00000
11277	0.00000	0.00431	-0.01388	-0.01371	-0.00373	0.00431	-0.01354	0.01445	0.22856	0.00000
11297	0.00000	0.00431	-0.01872	-0.01840	-0.00676	0.00431	-0.01912	0.00720	0.22856	0.00000
11317	0.00000	0.00109	0.00546	0.00523	0.00468	0.00109	0.00693	0.10855	0.22856	0.00000
11337	0.00000	0.01882	-0.00905	-0.00931	0.01636	0.01882	0.00042	0.01142	0.22550	0.00000
11357	0.00000	0.00592	-0.00260	-0.00295	0.00515	0.00592	0.00042	0.03018	0.23010	0.00000
11377	0.00000	0.02043	-0.00905	-0.00903	0.01837	0.02043	0.00135	0.02574	0.22550	0.00000
11397	0.00000	0.00109	-0.14282	-0.13552	-0.09286	0.00109	-0.16429	0.00269	0.23010	0.00000
11417	0.00000	0.00431	0.01029	0.01011	0.01109	0.00431	0.01438	0.04200	0.22550	4.33329
11437	0.00000	0.01559	-0.00582	-0.00655	0.01433	0.01559	0.00228	0.00535	0.22856	-4.30895
11457	0.00000	0.00270	0.00224	0.00201	0.00451	0.00270	0.00414	0.02106	0.22856	0.00000
11477	0.00000	0.01076	-0.02033	-0.02034	-0.00033	0.01076	-0.01726	0.02171	0.22703	0.00000
11497	0.00000	0.00431	0.00062	0.00026	0.00537	0.00431	0.00321	0.02181	0.23010	0.00000
11517	0.00000	0.00270	-0.01388	-0.01362	-0.00558	0.00270	-0.01447	0.01456	0.22856	0.00000
11537	0.00000	0.01237	-0.17505	-0.16886	-0.09830	0.01237	-0.19499	0.01346	0.22856	0.00000
11557	0.00000	0.00592	0.00707	0.00670	0.01115	0.00592	0.01158	0.04695	0.22703	0.00000
11577	0.00000	0.01076	-0.00905	-0.00916	0.00705	0.01076	-0.00423	0.01355	0.22396	0.00000
11597	0.00000	0.00109	0.00868	0.00813	0.00697	0.00109	0.01065	0.02559	0.23317	0.00000
11617	0.00000	0.01237	-0.01549	-0.01582	0.00429	0.01237	-0.01075	0.01448	0.22856	0.00000
11637	0.00000	0.00109	-0.00421	-0.00410	-0.00152	0.00109	-0.00423	0.01851	0.23010	0.00000
11657	0.00000	0.00270	-0.00905	-0.00893	-0.00255	0.00270	-0.00889	0.02393	0.22856	0.00000
11677	0.00000	0.01882	0.00224	0.00456	0.02267	0.01882	0.01345	0.04054	0.21476	0.00000
11697	0.00000	-0.00536	-0.00905	-0.00785	-0.01226	-0.00536	-0.01354	0.00942	0.23317	0.00000
11717	0.00000	0.07200	0.00224	-0.00199	0.08443	0.07200	0.04415	0.01020	0.22703	0.00000
11737	0.00000	0.00109	0.00868	0.00824	0.00684	0.00109	0.01065	0.01118	0.23010	0.00000
11757	0.00000	0.00431	-0.01711	-0.01693	-0.00546	0.00431	-0.01726	0.01185	0.22550	0.00000
11777	0.00000	0.00431	0.01352	0.01286	0.01344	0.00431	0.01810	0.04937	0.22856	0.00000
11797	0.00000	0.01721	-0.00421	-0.00449	0.01736	0.01721	0.00507	0.01020	0.22550	0.00000
11817	0.00000	0.00431	-0.01388	-0.01371	-0.00373	0.00431	-0.01354	0.00729	0.22703	0.00000
11837	0.00000	0.00915	0.01352	0.01258	0.01902	0.00915	0.02089	0.06173	0.22856	0.00000
11857	0.00000	0.02365	-0.01066	-0.01100	0.02098	0.02365	0.00135	0.01301	0.22396	0.00000
11877	0.00000	0.00270	-0.01711	-0.01674	-0.00760	0.00270	-0.01819	0.00899	0.22703	0.00000
11897	0.00000	0.00431	0.00224	0.00192	0.00637	0.00431	0.00507	0.02714	0.22703	0.00000
11917	0.00000	0.01076	-0.00905	-0.00916	0.00705	0.01076	-0.00423	0.00937	0.22550	0.00000
11937	0.00000	0.00109	-0.00905	-0.00868	-0.00471	0.00109	-0.00982	0.01438	0.23163	0.00000
11957	0.00000	0.00592	-0.00905	-0.00907	0.00147	0.00592	-0.00703	0.01795	0.22550	0.00000
11977	0.00000	0.00109	0.01191	0.01148	0.00872	0.00109	0.01438	0.05005	0.22856	0.00000
11997	0.00000	0.01559	-0.00099	-0.00157	0.01739	0.01559	0.00786	0.01985	0.22550	0.00000
12017	0.00000	0.02204	-0.00744	-0.00778	0.02103	0.02204	0.00414	0.00905	0.22550	0.00000
12037	0.00000	0.00592	-0.01066	-0.01067	0.00033	0.00592	-0.00889	0.00656	0.22550	0.00000
12057	0.00000	0.01237	0.01191	0.01046	0.02191	0.01237	0.02089	0.02728	0.22856	0.00000
12077	0.00000	0.01237	-0.00905	-0.00934	0.00876	0.01237	-0.00330	0.01323	0.22550	0.00000
12097	0.00000	-0.00213	-0.01066	-0.00990	-0.00948	-0.00213	-0.01354	0.02222	0.23317	0.00000
12117	0.00000	0.06395	0.00224	-0.00152	0.07514	0.06395	0.03950	0.01385	0.22856	0.00000
12137	0.00000	0.00109	0.00224	0.00206	0.00269	0.00109	0.00321	0.03488	0.23010	0.00000
12157	0.00000	0.00109	0.05865	0.05681	0.03800	0.00109	0.06835	0.01447	0.22856	0.00000
12177	0.00000	0.00109	-0.00905	-0.00876	-0.00456	0.00109	-0.00982	0.01753	0.23010	0.00000
12197	0.00000	0.00592	-0.14604	-0.14054	-0.08708	0.00592	-0.16522	0.00598	0.22856	0.00000
12217	0.00000	0.00270	0.00224	0.00201	0.00451	0.00270	0.00414	0.06137	0.22856	0.00000
12237	0.00000	0.00915	-0.01066	-0.01080	0.00405	0.00915	-0.00703	0.01003	0.22550	0.00000
12257	0.00000	-0.00052	-0.01066	-0.01006	-0.00763	-0.00052	-0.01261	0.01438	0.23317	0.00000
12277	0.00000	0.04138	0.00707	0.00447	0.05215	0.04138	0.03206	0.00923	0.22703	0.00000
12297	0.00000	0.00109	0.01029	0.00992	0.00771	0.00109	0.01251	0.01414	0.22856	0.00000
12317	0.00000	0.00592	-0.13960	-0.13572	-0.08064	0.00592	-0.15777	0.02847	0.22856	0.00000
12337	0.00000	0.00431	-0.00582	-0.00585	0.00152	0.00431	-0.00423	0.02850	0.22550	0.00000
12357	0.00000	0.00270	0.00868	0.00812	0.00869	0.00270	0.01158	0.01257	0.22856	0.00000
12377	0.00000	0.01076	0.02802	0.02755	0.02905	0.01076	0.03857	0.01960	0.22396	0.00000
12397	0.00000	0.00109	-0.00099	-0.00103	0.00062	0.00109	-0.00051	0.02064	0.23010	0.00000
12417	0.00000	0.00915	-0.01711	-0.01712	0.00012	0.00915	-0.01447	0.00720	0.22703	0.00000
12437	0.00000	0.00109	-0.00421	-0.00415	-0.00138	0.00109	-0.00423	0.01812	0.22856	0.00000
12457	0.00000	0.00915	-0.02355	-0.02344	-0.00381	0.00915	-0.02191	0.01346	0.22856	0.00000
12477	0.00000	0.00592	0.00868	0.00808	0.01227	0.00592	0.01345	0.02181	0.22856	0.00000
12497	0.00000	0.01721	-0.00905	-0.00928	0.01449	0.01721	-0.00051	0.01100	0.22550	0.00000
12517	0.00000	0.00431	0.00868	0.00799	0.01055	0.00431	0.01251	0.02736	0.23010	0.00000
12537	0.00000	0.00915	-0.01066	-0.01086	0.00387	0.00915	-0.00703	0.00278	0.22856	0.00000
12557	0.00000	0.00592	-0.00905	-0.00914	0.00101	0.00592	-0.00703	0.01438	0.23010	0.00000
12577	0.00000	0.00915	-0.00905	-0.00930	0.00488	0.00915	-0.00517	0.01868	0.22856	0.00000
12597	0.00000	-0.00052	-0.00099	-0.00093	-0.00122	-0.00052	-0.00144	0.01602	0.22856	0.00000
12617	0.00000	0.00431	0.00224	0.00192	0.00637	0.00431	0.00507	0.04729	0.22856	0.00000
12637	0.00000	0.00109	-0.00905	-0.00978	-0.00140	0.00109	-0.00982	0.01020	0.22703	0.00000
12657	0.00000	0.00270	0.00868	0.00841	0.00841	0.00270	0.01158	0.02171	0.22856	0.00000
12677	0.00000	0.00109	-0.01227	-0.01217	-0.00603	0.00109	-0.01354	0.01301	0.22550	-4.32104
12697	0.00000	0.00109	0.01029	0.00909	0.00867	0.00109	0.01251	0.02893	0.23623	0.00000
12717	0.00000	0.01237	-0.01711	-0.01717	0.00413	0.01237	-0.01261	0.01935	0.22550	0.00000
12737	0.00000	0.00109	-0.00905	-0.00876	-0.00456	0.00109	-0.00982	0.01602	0.23163	0.00000
12757	0.00000	0.01237	0.00062	0.00451	0.01394	0.01237	0.00786	0.05349	0.22856	-82.33233
12777	0.00000	0.00270	0.00868	0.00797	0.00883	0.00270	0.01158	0.02981	0.23010	0.00000
12797	0.00000	0.01237	-0.00905	-0.00919	0.00891	0.01237	-0.00330	0.01100	0.22550	0.00000
12817	0.00000	0.00109	-0.00905	-0.00860	-0.00485	0.00109	-0.00982	0.01981	0.23317	0.00000
12837	0.00000	0.00915	-0.00744	-0.00764	0.00602	0.00915	-0.00330	0.05464	0.22703	0.00000
12857	0.00000	0.00109	0.01835	0.01752	0.01305	0.00109	0.02182	0.02458	0.23010	0.00000
12877	0.00000	0.01721	-0.00582	-0.00637	0.01630	0.01721	0.00321	0.00923	0.22550	0.00000
12897	0.00000	0.00109	0.00546	0.00523	0.00468	0.00109	0.00693	0.01383	0.23010	0.00000
12917	0.00000	0.01076	-0.00905	-0.00928	0.00690	0.01076	-0.00423	0.02684	0.22856	0.00000
12937	0.00000	0.00270	-0.01388	-0.01362	-0.00558	0.00270	-0.01447	0.01675	0.22856	0.00000
12957	0.00000	-0.00052	-0.00905	-0.00885	-0.00612	-0.00052	-0.01075	0.00953	0.22703	0.00000
12977	0.00000	0.00270	-0.00582	-0.00579	-0.00063	0.00270	-0.00517	0.01981	0.23010	0.00000
12997	0.00000	0.00592	0.01352	0.01277	0.01530	0.00592	0.01903	0.06402	0.22856	0.00000
13017	0.00000	0.00270	0.00868	0.00826	0.00855	0.00270	0.01158	0.01080	0.22856	-4.32108
13037	0.00000	0.00592	0.00868	0.00766	0.01254	0.00592	0.01345	0.02106	0.23163	0.00000
13057	0.00000	0.01076	-0.01388	-0.01408	0.00371	0.01076	-0.00982	0.01096	0.22856	0.00000
13077	0.00000	0.00270	-0.00582	-0.00579	-0.00063	0.00270	-0.00517	0.02313	0.23010	0.00000
13097	0.00000	0.00431	-0.00582	-0.00590	0.00132	0.00431	-0.00423	0.02754	0.22856	0.00000
13117	0.00000	0.00109	-0.00421	-0.00412	-0.00145	0.00109	-0.00423	0.01380	0.23010	0.00000
13137	0.00000	0.00431	-0.00099	-0.00121	0.00435	0.00431	0.00135	0.06582	0.22856	0.00000
13157	0.00000	0.00431	0.00868	0.00799	0.01055	0.00431	0.01251	0.07086	0.22856	0.00000
13177	0.00000	0.00915	-0.02516	-0.02493	-0.00522	0.00915	-0.02378	0.00461	0.22856	0.00000
13197	0.00000	0.00270	0.00546	0.00514	0.00653	0.00270	0.00786	0.04060	0.22856	0.00000
13217	0.00000	0.01237	-0.02194	-0.02199	0.00052	0.01237	-0.01819	0.01868	0.22856	0.00000
13237	0.00000	0.00270	-0.00905	-0.00893	-0.00255	0.00270	-0.00889	0.02417	0.22856	0.00000
13257	0.00000	0.00592	0.00224	0.00183	0.00823	0.00592	0.00600	0.03870	0.22856	0.00000
13277	0.00000	0.00431	-0.00905	-0.00903	-0.00054	0.00431	-0.00796	0.01079	0.22703	0.00000
13297	0.00000	0.01237	0.00224	0.00303	0.01544	0.01237	0.00972	0.05478	0.22089	0.00000
13317	0.00000	0.00431	-0.00905	-0.00902	-0.00070	0.00431	-0.00796	0.01056	0.22703	0.00000
13337	0.00000	0.01882	0.06670	0.07969	0.04157	0.01882	0.08789	0.01429	0.20095	0.00000
13357	0.00000	-0.01986	-0.00905	-0.00811	-0.02844	-0.01986	-0.02192	0.00659	0.23010	4.32104
13377	1.00000	0.48944	-0.05256	0.42233	0.33223	0.48944	0.22188	0.50455	0.79153	34.27900
13397	1.00000	0.02688	-0.30722	0.28453	0.18664	0.02688	-0.33922	0.37451	1.76561	53.03672
13417	1.00000	-0.64199	0.11828	0.67411	0.11173	-0.64199	-0.23408	0.71617	2.74889	37.11254
13437	1.00000	0.17032	0.55667	0.73218	0.20527	0.17032	0.74112	0.77708	3.69536	52.75610
13457	1.00000	-0.02470	-0.44905	0.47482	0.24286	-0.02470	-0.53277	0.44822	4.58200	49.08752
13477	1.00000	-0.58719	0.71139	0.74591	0.14516	-0.58719	0.48243	0.80609	5.51159	49.21878
13497	1.00000	0.54746	-0.11703	0.54019	0.20162	0.54746	0.18094	0.52748	0.19175	56.33262
13517	1.00000	0.31054	-0.36524	0.39321	0.02424	0.31054	-0.24245	0.43834	1.21491	57.42191
13537	1.00000	-0.82411	0.20370	0.77103	0.37749	-0.82411	-0.24059	0.70327	2.19206	53.75086
13557	1.00000	0.14453	0.38905	0.44840	0.32173	0.14453	0.53268	0.45086	3.15540	48.95697
13577	1.00000	0.51684	-0.64890	0.59385	0.34313	0.51684	-0.45089	0.63751	4.10493	43.60103
13597	1.00000	-0.54206	0.30846	0.53788	0.07965	-0.54206	0.04322	0.46035	4.98851	33.16725
13617	1.00000	-0.00213	0.24883	0.27913	-0.06266	-0.00213	0.28609	0.32611	5.97025	36.71646
13637	1.00000	0.17677	-0.20407	0.17959	0.12975	0.17677	-0.13358	0.11601	0.69796	56.17393
13657	1.00000	-0.15847	-0.37330	0.44548	0.31575	-0.15847	-0.52254	0.45271	1.72726	53.17815
13677	1.00000	-0.36961	0.35198	0.35029	0.22615	-0.36961	0.19304	0.33856	2.71054	49.75087
13697	1.00000	0.05428	0.27300	0.34954	-0.02942	0.05428	0.34657	0.39373	3.66928	53.75150
13717	1.00000	-0.16008	-0.67146	0.78514	0.40268	-0.16008	-0.86776	0.80241	4.57586	44.52200
13737	1.00000	-0.32287	0.32297	0.35878	-0.10140	-0.32287	0.18652	0.41352	5.48398	33.07785
13757	1.00000	0.51684	-0.12831	0.46480	0.27139	0.51684	0.15023	0.43086	0.20402	56.17396
13777	1.00000	0.33633	-0.43293	0.44795	0.07698	0.33633	-0.30573	0.46835	1.21645	57.11647
13797	1.00000	-0.83539	0.20531	0.79492	0.35500	-0.83539	-0.24524	0.76732	2.19666	49.48275
13817	1.00000	-0.00375	0.17630	0.17264	0.10379	-0.00375	0.20141	0.15528	3.17381	49.21878
13837	1.00000	0.44109	-0.46516	0.46518	0.24066	0.44109	-0.28246	0.42688	4.10647	49.21878
13857	1.00000	-0.73547	0.11828	0.78593	0.07822	-0.73547	-0.28805	0.83849	5.01765	49.08752
13877	1.00000	0.16387	0.11022	0.26310	0.08277	0.16387	0.22188	0.31568	5.95338	53.75150
13897	1.00000	0.14131	-0.13476	0.14286	0.07097	0.14131	-0.07402	0.08112	0.69643	60.49502
13917	1.00000	-0.24228	-0.55220	0.69137	0.43031	-0.24228	-0.77750	0.70670	1.72726	53.60701
13937	1.00000	-0.28902	0.38905	0.28203	0.28935	-0.28902	0.28237	0.46328	2.69827	53.31970
13957	1.00000	0.09618	0.45835	0.59212	0.02477	0.09618	0.58479	0.64867	3.68002	48.69794
13977	1.00000	-0.21166	-0.68597	0.88677	0.30706	-0.21166	-0.91429	0.92898	4.55899	28.63439
13997	1.00000	-0.15525	0.19725	0.20404	-0.03930	-0.15525	0.13814	0.22514	5.47324	48.56945
14017	1.00000	0.41208	-0.03645	0.45227	0.05986	0.41208	0.19583	0.45685	0.18101	56.17396
14037	1.00000	-0.05532	-0.30722	0.30133	0.24853	-0.05532	-0.38668	0.47715	1.18423	53.17783
14057	1.00000	-0.64360	0.15696	0.58268	0.33303	-0.64360	-0.19034	0.58307	2.19819	52.61691
14077	1.00000	-0.00858	0.12473	0.12349	0.06451	-0.00858	0.13907	0.09638	3.17381	49.48339
14097	1.00000	0.38468	-0.21051	0.38272	0.04391	0.38468	-0.02098	0.36982	4.12641	49.08752
14117	1.00000	-0.72419	0.10539	0.77852	0.07871	-0.72419	-0.29642	0.83144	5.01919	49.08752
14137	1.00000	0.05266	0.38260	0.47405	0.03156	0.05266	0.47220	0.49041	5.97946	52.75610
14157	1.00000	0.36211	-0.40553	0.39806	0.19959	0.36211	-0.25920	0.35961	0.68569	54.04268
14177	1.00000	-0.07789	-0.43615	0.55079	0.06013	-0.07789	-0.54859	0.58891	1.70118	53.17783
14197	1.00000	-0.42763	0.52282	0.47446	0.29161	-0.42763	0.35681	0.49589	2.68293	53.17752
14217	1.00000	0.38307	-0.05579	0.32791	0.25250	0.38307	0.15675	0.58472	3.64474	49.08752
14237	1.00000	-0.19715	-0.65374	0.80319	0.38517	-0.19715	-0.86870	0.81061	4.56819	48.06220
14257	1.00000	-0.20199	0.16985	0.18959	-0.10571	-0.20199	0.07951	0.23056	5.47018	49.08752
14277	1.00000	0.46043	-0.08641	0.43743	0.21958	0.46043	0.16605	0.38249	0.20249	55.70323
14297	1.00000	0.35406	-0.44421	0.46733	0.04622	0.35406	-0.30852	0.49019	1.21951	52.61691
14317	1.00000	-0.73547	0.13117	0.72748	0.29370	-0.73547	-0.27316	0.72678	2.19206	53.75086
14337	1.00000	0.10424	0.27300	0.31132	0.23423	0.10424	0.37542	0.31688	3.15693	49.08752
14357	1.00000	0.49266	-0.56026	0.54400	0.27955	0.49266	-0.36249	0.54088	4.10033	44.75819
14377	1.00000	-0.41151	0.22143	0.40649	0.06643	-0.41151	0.01810	0.62677	4.99157	49.08752
14397	1.00000	0.00270	0.26011	0.29662	-0.05629	0.00270	0.30191	0.34868	5.97179	36.81437
14417	1.00000	0.17193	-0.20890	0.17258	0.14116	0.17193	-0.14195	0.11460	0.69950	60.66591
14437	1.00000	-0.11979	-0.41842	0.50431	0.25505	-0.11979	-0.55232	0.47886	1.72726	37.21258
14457	1.00000	-0.23261	0.22788	0.25675	-0.06908	-0.23261	0.12883	0.29954	2.63078	49.08752
14477	1.00000	0.36695	-0.03161	0.40422	-0.04459	0.36695	0.17536	0.44717	3.57878	53.17815
14497	1.00000	-0.54528	0.04253	0.54696	0.26215	-0.54528	-0.26571	0.49769	4.48076	48.44164
14517	1.00000	0.04461	0.47769	0.57904	0.00289	0.04461	0.57735	0.60240	5.39961	53.17815
14537	1.00000	0.38629	-0.47161	0.44268	0.23795	0.38629	-0.32154	0.39653	0.11045	53.17815
14557	1.00000	-0.09078	-0.39586	0.50877	0.09469	-0.09078	-0.50951	0.55985	1.12748	53.75150
14577	1.00000	-0.57107	0.64692	0.68093	0.19104	-0.57107	0.41729	0.67512	2.10002	53.17783
14597	1.00000	-0.19554	0.14407	-0.05408	-0.19536	-0.19554	0.05346	0.20141	3.08330	-20.39874
14617	1.00000	0.13970	-0.47806	0.46769	0.15146	0.13970	-0.47136	0.58659	4.02823	45.11721
14637	1.00000	-0.70162	1.02568	0.95914	0.42357	-0.70162	0.77927	0.90062	4.94249	28.63312
14657	1.00000	0.22189	0.03930	0.26596	-0.09271	0.22189	0.17350	0.31837	5.86901	48.56945
14677	1.00000	-0.09078	-0.26692	0.26346	0.26242	-0.09078	-0.36063	0.43397	0.61359	59.82098
14697	1.00000	-0.63393	0.15374	0.58344	0.31139	-0.63393	-0.18848	0.57488	1.63216	36.91408
14717	1.00000	-0.01342	0.10539	0.10251	0.05150	-0.01342	0.11394	0.08982	2.60623	53.03608
14737	1.00000	0.37823	-0.03806	0.41518	-0.03300	0.37823	0.17443	0.45015	3.58031	53.75150
14757	1.00000	-0.67261	0.04253	0.69395	0.29298	-0.67261	-0.33922	0.53023	4.48536	32.55141
14777	1.00000	0.05266	0.38905	0.48152	-0.03086	0.05266	0.47964	0.49457	5.39041	51.52922
14797	1.00000	0.56036	-0.59249	0.63917	0.18830	0.56036	-0.36063	0.68335	0.11045	53.17815
14817	1.00000	-0.00052	-0.28143	0.32021	-0.05705	-0.00052	-0.32527	0.36911	1.11827	53.60685
14837	1.00000	-0.49371	0.65659	0.61854	0.29147	-0.49371	0.47313	0.61559	2.09542	53.89645
14857	1.00000	0.46526	-0.08157	0.37712	0.32348	0.46526	0.17443	0.45981	3.07870	53.17815
14877	1.00000	-0.03598	-0.39103	0.40568	0.24449	-0.03598	-0.47229	0.40631	4.02056	49.35073
14897	1.00000	-0.65166	0.76941	0.82032	0.11810	-0.65166	0.51221	0.86871	4.92561	44.99562
14917	1.00000	0.43464	-0.49418	0.48437	0.23765	0.43464	-0.31968	0.45675	5.81992	48.06220
14937	1.00000	-0.05371	-0.33461	0.41553	0.06645	-0.05371	-0.41739	0.45907	0.55990	59.82098
14957	1.00000	-0.28257	0.30524	0.29415	0.17072	-0.28257	0.18931	0.23269	1.54779	53.32034
14977	1.00000	0.05428	0.36326	0.45358	0.02025	0.05428	0.45079	0.47829	2.54641	53.17815
14997	1.00000	0.60387	-0.83908	0.78828	0.35771	0.60387	-0.62024	0.92118	3.51435	53.17815
15017	1.00000	-0.46309	0.35198	0.46673	0.12623	-0.46309	0.13907	0.42580	4.39792	44.99690
15037	1.00000	0.74087	-0.16055	0.69362	0.35560	0.74087	0.24235	0.68924	5.33519	48.06220
15057	1.00000	-0.04565	-0.21051	0.22138	0.16020	-0.04565	-0.26944	0.15945	0.02761	57.88494
15077	1.00000	-0.69356	0.18597	0.61552	0.36955	-0.69356	-0.18569	0.59528	1.05845	53.17799
15097	1.00000	-0.21327	0.17791	0.21389	-0.08061	-0.21327	0.08230	0.24559	2.06014	53.17815
15117	1.00000	0.66673	-0.13960	0.68867	0.14231	0.66673	0.22374	0.74760	3.02961	48.69731
15137	1.00000	-0.10528	-0.55220	0.70607	-0.01781	-0.10528	-0.69841	0.72899	3.96687	32.37901
15157	1.00000	0.15420	0.64692	0.83579	0.15540	0.15420	0.83603	0.87530	4.83051	44.52200
15177	1.00000	0.16710	-0.21535	0.22528	-0.01815	0.16710	-0.15219	0.24082	5.76930	52.61691
15197	1.00000	-0.46309	0.10055	0.41701	0.25185	-0.46309	-0.15126	0.26161	0.49241	55.54813
15217	1.00000	-0.37767	0.44385	0.47803	0.02767	-0.37767	0.29446	0.48725	1.50637	57.57585
15237	1.00000	0.51684	-0.14121	0.43105	0.31563	0.51684	0.13534	0.42822	2.49732	52.61691
15257	1.00000	-0.08756	-0.31850	0.32810	0.27388	-0.08756	-0.41832	0.33733	3.45913	49.61613
15277	1.00000	-0.54528	0.55828	0.58737	0.24714	-0.54528	0.32982	0.55498	4.38565	49.21878
15297	1.00000	0.39274	-0.02678	0.43424	-0.06346	0.39274	0.19583	0.46439	5.29070	49.61677
15317	1.00000	-0.11173	-0.45872	0.56635	0.21167	-0.11173	-0.59419	0.54772	0.00767	57.26878
15337	1.00000	-0.03759	-0.06546	0.05719	-0.08721	-0.03759	-0.09729	0.11638	1.00936	52.61674
15357	1.00000	0.14614	0.53088	0.67936	0.21475	0.14614	0.69738	0.70402	1.99264	53.75118
15377	1.00000	0.32182	-0.39586	0.34653	0.23894	0.32182	-0.27130	0.34677	2.97285	53.03672
15397	1.00000	-0.43246	0.06026	0.39629	0.24985	-0.43246	-0.18010	0.39065	3.92546	49.08752
15417	1.00000	0.10746	0.61147	0.77496	0.03046	0.10746	0.76810	0.81911	4.82744	32.46529
15437	1.00000	-0.05049	-0.36040	0.34877	0.28144	-0.05049	-0.44531	0.32833	5.74629	49.61677
15457	1.00000	-0.34221	0.07154	0.28298	0.22412	-0.34221	-0.11497	0.22040	0.51082	59.82098
15477	1.00000	-0.51144	0.61469	0.61123	0.24438	-0.51144	0.41450	0.60039	1.52631	53.17783
15497	1.00000	0.23156	-0.05256	0.18289	0.15968	0.23156	0.07300	0.14380	2.50499	53.32034
15517	1.00000	0.50556	-0.66985	0.68616	0.12904	0.50556	-0.48160	0.72995	3.50208	48.56945
15537	1.00000	-0.58235	0.74363	0.69238	0.36423	-0.58235	0.52244	0.70791	4.38258	49.21878
15557	1.00000	0.33472	0.00868	0.37987	-0.09507	0.33472	0.20327	0.42984	5.28917	49.08752
15577	1.00000	-0.01664	-0.31850	0.37769	0.00506	-0.01664	-0.37738	0.42371	6.26631	53.17815
15597	1.00000	-0.16814	0.19725	0.14762	0.15348	-0.16814	0.13069	0.30937	1.00476	53.75134
15617	1.00000	0.14131	0.53571	0.66689	0.25579	0.14131	0.70017	0.64747	1.99878	53.75118
15637	1.00000	0.13325	-0.10092	0.13086	0.04689	0.13325	-0.03960	0.10754	2.98513	52.06738
15657	1.00000	-0.22294	-0.11220	0.33053	0.08454	-0.22294	-0.25827	0.31772	3.93926	49.08752
15677	1.00000	0.08973	0.59374	0.74271	-0.00926	0.08973	0.73740	0.79032	4.82437	33.07785
15697	1.00000	0.18644	-0.21535	0.23205	-0.02820	0.18644	-0.14102	0.26251	5.76930	51.93179
15717	1.00000	-0.40184	0.06670	0.37982	0.20305	-0.40184	-0.15498	0.34441	0.49394	55.54813
15737	1.00000	-0.49693	0.62758	0.62855	0.20841	-0.49693	0.43777	0.64994	1.51711	56.81395
15757	1.00000	0.48299	-0.14927	0.39747	0.29432	0.48299	0.10650	0.41387	2.49579	49.21878
15777	1.00000	0.07362	-0.35879	0.34467	0.15760	0.07362	-0.37179	0.49076	3.46986	49.08752
15797	1.00000	-0.67745	0.75974	0.78074	0.29264	-0.67745	0.48615	0.76382	4.37645	44.87722
15817	1.00000	0.20900	-0.10897	0.20822	0.01859	0.20900	-0.00517	0.21006	5.27383	49.08625
15837	1.00000	-0.09239	-0.44582	0.56234	0.12275	-0.09239	-0.56813	0.60299	6.28165	52.61691
15857	1.00000	-0.21972	0.31813	0.21747	0.24249	-0.21972	0.24049	0.44542	0.98482	53.17799
15877	1.00000	0.17677	0.50509	0.61383	0.35219	0.17677	0.68529	0.56929	2.00645	57.42191
15897	1.00000	0.19772	-0.21051	0.19927	0.12648	0.19772	-0.12893	0.16095	2.97899	53.32034
15917	1.00000	-0.05855	-0.33945	0.42332	-0.07406	-0.05855	-0.42576	0.45662	3.95153	49.08752
15937	1.00000	0.12519	0.62114	0.79126	0.11305	0.12519	0.78951	0.84132	4.82897	49.61677
15957	1.00000	0.17677	-0.21535	0.22865	-0.02133	0.17677	-0.14661	0.24018	5.76623	52.61691
15977	1.00000	-0.50177	0.09410	0.47334	0.24585	-0.50177	-0.18104	0.45937	0.48934	60.32509
15997	1.00000	-0.28580	0.30040	0.33546	-0.04693	-0.28580	0.18187	0.37693	1.49717	53.03640
16017	1.00000	0.61515	-0.16538	0.52166	0.36495	0.61515	0.16419	0.48168	2.49579	52.20368
16037	1.00000	-0.08594	-0.44582	0.44598	0.35640	-0.08594	-0.56441	0.43271	3.45606	49.21814
16057	1.00000	-0.61298	0.62758	0.65549	0.28891	-0.61298	0.37077	0.47097	4.39332	49.08752
16077	1.00000	0.38790	-0.03322	0.42544	-0.06244	0.38790	0.18559	0.45236	5.28917	53.89677
16097	1.00000	-0.15364	-0.50707	0.64661	0.24496	-0.15364	-0.67421	0.65447	0.00614	57.26878
16117	1.00000	-0.24550	0.30040	0.20941	0.24183	-0.24550	0.20513	0.22830	0.99862	52.61674
16137	1.00000	0.16226	0.48575	0.58242	0.33985	0.16226	0.65458	0.55903	2.00951	52.61691
16157	1.00000	0.20739	-0.18634	0.20695	0.09637	0.20739	-0.09543	0.17869	2.98819	49.08752
16177	1.00000	-0.08594	-0.37007	0.48143	-0.05546	-0.08594	-0.47694	0.49427	3.95460	49.08752
16197	1.00000	0.12841	0.61791	0.78945	0.11630	0.12841	0.78764	0.84709	4.82897	49.08752
16217	1.00000	0.15098	-0.17505	0.18708	-0.03179	0.15098	-0.11497	0.21281	5.76317	52.61691
16237	1.00000	-0.39701	0.05381	0.37914	0.20438	-0.39701	-0.16708	0.36359	0.49548	60.15611
16257	1.00000	-0.43408	0.51637	0.54841	0.08426	-0.43408	0.34564	0.60186	1.50637	53.89677
16277	1.00000	0.37178	-0.11059	0.29393	0.24365	0.37178	0.08696	0.30399	2.49425	53.17815
16297	1.00000	0.00109	-0.40070	0.38864	0.24985	0.00109	-0.46205	0.47161	3.46680	47.81190
16317	1.00000	-0.72741	0.85967	0.86330	0.33423	-0.72741	0.57269	0.84461	4.37338	44.99690
16337	1.00000	0.25574	0.00868	0.28360	-0.09914	0.25574	0.15768	0.33488	5.28150	52.61565
16357	1.00000	-0.01986	-0.31366	0.37401	-0.01055	-0.01986	-0.37365	0.40879	6.26938	57.11647
16377	1.00000	-0.17137	0.19725	0.14586	0.15711	-0.17137	0.12883	0.23260	1.00016	53.32018
16397	1.00000	0.13647	0.50348	0.64657	0.19055	0.13647	0.66016	0.67452	1.99724	37.21226
16417	1.00000	0.33149	-0.40714	0.36491	0.23325	0.33149	-0.27874	0.36186	2.97439	52.61691
16437	1.00000	-0.54851	0.11667	0.47591	0.32780	-0.54851	-0.18197	0.43080	3.91472	49.61677
16457	1.00000	0.08651	0.58407	0.72936	0.01397	0.08651	0.72437	0.76006	4.82130	49.21878
16477	1.00000	0.00109	-0.26692	0.26019	0.16404	0.00109	-0.30759	0.46453	5.74783	49.61677
16497	1.00000	-0.25356	0.03930	0.22556	0.15368	-0.25356	-0.10101	0.17270	0.50315	59.82098
16517	1.00000	-0.54206	0.69850	0.68773	0.25378	-0.54206	0.49360	0.70419	1.52631	52.61659
16537	1.00000	0.67962	-0.18956	0.59022	0.37890	0.67962	0.17350	0.59508	2.49118	53.17815
16557	1.00000	0.05428	-0.38619	0.36474	0.20446	0.05428	-0.41460	0.38801	3.46526	48.56945
16577	1.00000	-0.63876	0.82744	0.78888	0.36020	-0.63876	0.58665	0.80883	4.37031	45.48204
16597	1.00000	0.20739	-0.00905	0.22129	-0.07736	0.20739	0.10929	0.25102	5.27689	48.44038
16617	1.00000	-0.02148	-0.31527	0.37674	-0.01553	-0.02148	-0.37645	0.43390	6.26785	36.81564
16637	1.00000	-0.22939	0.25366	0.23833	0.14682	-0.22939	0.16047	0.19132	0.97868	52.89588
16657	1.00000	-0.22455	-1.40480	0.78700	-1.58088	-0.22455	-1.75177	1.80632	1.98344	53.03672
16677	1.00000	-0.03276	-0.40714	0.49009	-0.00556	-0.03276	-0.48904	0.50895	2.83173	49.61677
16697	1.00000	-0.49210	0.56150	0.61217	0.00507	-0.49210	0.36425	0.66377	3.77513	49.08752
16717	1.00000	0.67156	-0.89066	0.88411	0.28248	0.67156	-0.64072	0.90592	4.64489	44.99690
16737	1.00000	-0.30836	0.21498	0.29488	0.11424	-0.30836	0.07021	0.42678	5.56375	49.21878
16757	1.00000	0.10263	0.39872	0.51152	0.13739	0.10263	0.51965	0.50283	0.27918	38.78044
16777	1.00000	0.11230	-0.08802	0.10771	0.04861	0.11230	-0.03680	0.10303	1.28548	53.75118
16797	1.00000	-0.15041	-0.43938	0.53395	0.30095	-0.15041	-0.59419	0.54190	2.29944	32.37963
16817	1.00000	-0.43085	0.48575	0.45976	0.26770	-0.43085	0.31214	0.43962	3.26124	53.75150
16837	1.00000	0.86014	-0.23308	0.82226	0.33967	0.86014	0.22747	0.85316	4.18010	44.99690
16857	1.00000	-0.47759	-0.23308	0.64823	-0.32365	-0.47759	-0.54487	0.73598	4.98544	29.02134
16877	1.00000	0.68124	-0.17828	0.63686	0.30594	0.68124	0.18745	0.65941	5.91196	52.75610
16897	1.00000	0.12358	-0.13637	0.15024	-0.01069	0.12358	-0.08612	0.16932	0.63814	60.32509
16917	1.00000	-0.45825	0.09733	0.39564	0.27681	-0.45825	-0.15219	0.31543	1.63983	53.75150
16937	1.00000	-0.26485	0.26495	0.29794	-0.06908	-0.26485	0.15302	0.34965	2.63385	37.21258
16957	1.00000	0.80534	-0.19601	0.79785	0.26246	0.80534	0.23863	0.83844	3.60332	48.56945
16977	1.00000	-0.43730	-0.21051	0.51680	-0.41195	-0.43730	-0.49555	0.68986	4.40099	28.48122
16997	1.00000	0.38145	-0.03161	0.41760	-0.06961	0.38145	0.18373	0.44809	5.28917	49.21878
17017	1.00000	-0.18748	-0.47322	0.61299	0.29665	-0.18748	-0.65467	0.66804	0.00920	53.03672
17037	1.00000	-0.04887	-0.05901	0.06943	-0.08277	-0.04887	-0.09636	0.11531	1.01089	57.26862
17057	1.00000	0.15743	0.39872	0.47408	0.32241	0.15743	0.55129	0.46300	2.01258	52.61691
17077	1.00000	0.12519	-0.05579	0.12539	0.00329	0.12519	0.00786	0.11737	2.98819	49.75087
17097	1.00000	-0.08594	-0.37330	0.48660	-0.04014	-0.08594	-0.48067	0.50725	3.95767	48.95634
17117	1.00000	0.13325	0.63403	0.80883	0.13441	0.13325	0.80905	0.86302	4.83051	44.99690
17137	1.00000	0.18321	-0.21374	0.22926	-0.02983	0.18321	-0.14102	0.23776	5.76623	53.17815
17157	1.00000	-0.63876	0.14245	0.57770	0.34052	-0.63876	-0.20430	0.53865	0.49701	60.32509
17177	1.00000	-0.31803	0.33586	0.37448	-0.05084	-0.31803	0.20420	0.42191	1.49717	37.21258
17197	1.00000	0.33794	-0.09447	0.27274	0.21725	0.33794	0.08603	0.26620	2.49579	49.08752
17217	1.00000	-0.00052	-0.42165	0.40440	0.27168	-0.00052	-0.48718	0.44072	3.46680	52.06676
17237	1.00000	-0.43891	0.40839	0.45761	0.17549	-0.43891	0.21816	0.44193	4.39179	45.11721
17257	1.00000	0.59904	-0.08802	0.64548	0.04221	0.59904	0.24422	0.70308	5.30297	49.35073
17277	1.00000	-0.05049	-0.36846	0.45349	0.05955	-0.05049	-0.45461	0.47059	6.27245	53.17815
17297	1.00000	-0.15364	0.18114	0.13474	0.14127	-0.15364	0.12046	0.31254	1.00476	53.75134
17317	1.00000	0.11230	0.49220	0.62693	0.14316	0.11230	0.63318	0.68985	1.98957	33.07753
17337	1.00000	0.41208	-0.37007	0.44126	0.10468	0.41208	-0.18941	0.46119	2.96365	48.95697
17357	1.00000	-0.90792	0.24722	0.82492	0.44808	-0.90792	-0.23873	0.86856	3.90552	49.61677
17377	1.00000	0.56680	-0.05901	0.61855	-0.07583	0.56680	0.25910	0.66132	4.71546	44.99690
17397	1.00000	-0.34382	0.05381	0.30979	0.20208	-0.34382	-0.13637	0.30568	5.64505	53.75150
17417	1.00000	-0.42924	0.46319	0.50771	0.09386	-0.42924	0.28702	0.53880	0.37889	56.33262
17437	1.00000	-0.02631	0.14407	0.13784	-0.06737	-0.02631	0.15116	0.17176	1.38672	53.75150
17457	1.00000	0.50556	-0.71337	0.67596	0.28548	0.50556	-0.53184	0.70666	2.37460	53.32034
17477	1.00000	-0.63876	0.15051	0.55763	0.36749	-0.63876	-0.19499	0.49742	3.35021	52.75610
17497	1.00000	0.15904	0.61469	0.80547	0.13799	0.15904	0.80160	0.85503	4.25526	45.11594
17517	1.00000	-0.15202	-0.49579	0.59076	0.33165	-0.15202	-0.66026	0.67032	5.14497	49.08752
17537	1.00000	-0.36800	0.48898	0.43003	0.27292	-0.36800	0.35216	0.40306	6.10831	53.46329
17557	1.00000	0.13325	0.44546	0.57267	0.19841	0.13325	0.59130	0.58110	0.85289	34.27883
17577	1.00000	0.26863	-0.35073	0.29253	0.22143	0.26863	-0.24989	0.27511	1.83157	53.32002
17597	1.00000	0.21384	-0.06062	0.06890	-0.20938	0.21384	0.05346	0.30190	2.84093	52.61691
17617	1.00000	-0.34543	0.37938	0.36523	0.20698	-0.34543	0.23863	0.33933	3.83188	48.95697
17637	1.00000	0.56841	-0.07835	0.61006	-0.08592	0.56841	0.23770	0.66828	4.71699	28.94312
17657	1.00000	-0.01825	-0.14927	0.17579	-0.05368	-0.01825	-0.18290	0.19383	5.66346	52.61691
17677	1.00000	-0.40023	0.50348	0.48332	0.22194	-0.40023	0.35030	0.45702	0.39577	38.99945
17697	1.00000	-0.03437	0.13601	0.12098	-0.07327	-0.03437	0.13721	0.15670	1.38518	53.03672
17717	1.00000	0.38951	-0.58443	0.46815	0.36742	0.38951	-0.44996	0.45456	2.39301	53.17815
17737	1.00000	-0.24873	0.01029	0.23835	0.14964	-0.24873	-0.13172	0.21213	3.36709	53.75086
17757	1.00000	-0.10206	0.40839	0.40951	0.11391	-0.10206	0.41264	0.38381	4.30282	48.69794
17777	1.00000	0.55391	-0.72626	0.74486	0.14541	0.55391	-0.51882	0.80084	5.21707	49.08752
17797	1.00000	-0.36316	0.02480	0.40571	0.00590	-0.36316	-0.18104	0.45141	6.16967	52.47844
17817	1.00000	-0.11334	0.01191	0.02971	-0.12097	-0.11334	-0.05169	0.13148	0.90965	36.91392
17837	1.00000	0.72314	-0.16861	0.70842	0.26589	0.72314	0.22281	0.71106	1.90060	53.17783
17857	1.00000	-0.11818	-0.39425	0.39832	0.35958	-0.11818	-0.52347	0.46656	2.88542	53.17815
17877	1.00000	-0.37767	0.34231	0.36231	0.20674	-0.37767	0.17722	0.56353	3.84569	49.08752
17897	1.00000	0.37340	0.37938	0.48933	-0.57200	0.37340	0.65365	0.78547	4.67404	16.36251
17917	1.00000	-0.35188	0.02480	0.38948	-0.05055	-0.35188	-0.17452	0.42716	5.58216	53.32034
17937	1.00000	0.10746	0.38905	0.45570	0.25538	0.10746	0.51128	0.41670	0.30066	55.54808
17957	1.00000	0.56358	-0.13154	0.57404	0.13470	0.56358	0.17350	0.62759	1.32383	53.17783
17977	1.00000	-0.20521	-0.55220	0.68875	0.37331	-0.20521	-0.75610	0.67327	2.28870	53.17815
17997	1.00000	-0.42441	0.45674	0.41415	0.29714	-0.42441	0.28237	0.38155	3.26738	52.06738
18017	1.00000	0.68768	-0.17344	0.61330	0.36800	0.68768	0.19676	0.63381	4.19544	44.99690
18037	1.00000	0.00109	-0.39264	0.42911	-0.14437	0.00109	-0.45275	0.46292	5.09588	32.37963
18057	1.00000	-0.19715	0.12795	0.16494	-0.11316	-0.19715	0.03392	0.21940	6.05616	53.03672
18077	1.00000	0.26702	-0.08480	0.19336	0.19252	0.26702	0.05625	0.17867	0.79000	56.17393
18097	1.00000	0.56036	-0.69242	0.68182	0.27515	0.56036	-0.47601	0.69726	1.81163	53.17815
18117	1.00000	-0.34865	0.06509	0.30125	0.21610	-0.34865	-0.12613	0.28562	2.79031	53.31970
18137	1.00000	-0.35994	0.38744	0.42561	-0.07599	-0.35994	0.23956	0.45638	3.76286	52.75610
18157	1.00000	0.65706	-0.88582	0.88162	0.26183	0.65706	-0.64351	0.91445	4.64643	48.95697
18177	1.00000	0.02365	0.35198	0.36066	0.21662	0.02365	0.42009	0.34503	5.44717	49.08625
18197	1.00000	0.38790	-0.04612	0.42038	0.05363	0.38790	0.17070	0.45274	0.17794	55.54807
18217	1.00000	-0.07144	-0.32011	0.30894	0.28015	-0.07144	-0.41088	0.38165	1.17810	53.03640
18237	1.00000	-0.60975	0.12150	0.57472	0.29379	-0.60975	-0.21174	0.58696	2.19819	52.61691
18257	1.00000	-0.00858	0.13762	0.14079	0.06285	-0.00858	0.15395	0.10714	3.17381	33.07785
18277	1.00000	0.35406	-0.23952	0.35337	0.07538	0.35406	-0.07216	0.33223	4.12181	44.52200
18297	1.00000	-0.66939	0.08604	0.72791	-0.02471	-0.66939	-0.28712	0.77441	5.01612	32.72502
18317	1.00000	-0.04726	0.18114	0.15831	-0.10121	-0.04726	0.18187	0.21261	5.96105	53.17688
18337	1.00000	0.07684	-0.06062	0.07814	0.02135	0.07684	-0.02564	0.04107	0.70256	34.18351
18357	1.00000	-0.17459	-0.50707	0.63138	0.32073	-0.17459	-0.68631	0.63041	1.72419	52.61691
18377	1.00000	-0.18426	0.16341	0.18634	0.07746	-0.18426	0.08230	0.12240	2.69367	53.89613
18397	1.00000	0.09457	0.44062	0.57068	0.02575	0.09457	0.56339	0.61480	3.68155	49.08752
18417	1.00000	-0.18104	-0.66985	0.84925	0.28715	-0.18104	-0.87800	0.87347	4.56052	44.99690
18437	1.00000	-0.22778	0.18114	0.20010	-0.13365	-0.22778	0.07765	0.25425	5.47324	32.46529
18457	1.00000	0.44754	-0.06546	0.47639	0.08205	0.44754	0.18280	0.49890	0.17948	38.99952
18477	1.00000	-0.03598	-0.26692	0.25519	0.21071	-0.03598	-0.32899	0.40550	1.17963	52.61659
18497	1.00000	-0.75159	0.16985	0.70398	0.35461	-0.75159	-0.23780	0.67597	2.20126	52.61691
18517	1.00000	0.08651	0.26011	0.29085	0.21353	0.08651	0.35030	0.31360	3.16460	37.21258
18537	1.00000	0.47332	-0.55864	0.52139	0.30066	0.47332	-0.37179	0.49704	4.10800	44.99690
18557	1.00000	-0.35510	0.02802	0.38254	-0.09774	-0.35510	-0.17266	0.42414	4.99464	44.99690
18577	1.00000	0.04622	0.27300	0.34501	0.00186	0.04622	0.34192	0.39869	5.97025	53.17688
18597	1.00000	0.06395	-0.04612	0.06344	0.01818	0.06395	-0.01633	0.03226	0.70256	55.54804
18617	1.00000	-0.15364	-0.51996	0.66174	0.24599	-0.15364	-0.68910	0.69628	1.71039	53.17815
18637	1.00000	-0.34221	0.45352	0.33969	0.32866	-0.34221	0.32610	0.46246	2.69674	53.17752
18657	1.00000	0.04138	0.20209	0.25628	-0.04691	0.04138	0.25724	0.30623	3.66621	48.56945
18677	1.00000	-0.20521	-0.66824	0.80835	0.42527	-0.20521	-0.89010	0.82944	4.57126	48.56945
18697	1.00000	-0.27129	0.25689	0.28948	-0.09686	-0.27129	0.14000	0.34884	5.48245	53.75150
18717	1.00000	0.55230	-0.11864	0.50742	0.28390	0.55230	0.18187	0.50876	0.20402	55.54807
18737	1.00000	0.38629	-0.49740	0.51601	0.07988	0.38629	-0.35132	0.57943	1.22258	53.17815
18757	1.00000	-0.77898	0.17952	0.76057	0.29507	-0.77898	-0.24245	0.75238	2.19359	53.75086
18777	1.00000	0.04461	0.19242	0.19472	0.15982	0.04461	0.24794	0.15988	3.16920	49.08752
18797	1.00000	0.39757	-0.39264	0.42252	0.17215	0.39757	-0.22384	0.41821	4.10800	32.81252
18817	1.00000	-0.64682	0.08282	0.70355	0.02319	-0.64682	-0.27781	0.74332	5.01458	49.08752
18837	1.00000	-0.02792	0.17469	0.17057	-0.07826	-0.02792	0.18559	0.22023	5.96412	52.89478
18857	1.00000	0.06395	-0.05256	0.06516	0.02021	0.06395	-0.02378	0.02723	0.70256	38.34963
18877	1.00000	-0.24550	-0.59410	0.75385	0.42091	-0.24550	-0.82775	0.75889	1.72573	52.61691
18897	1.00000	-0.22778	0.21176	0.23242	0.10310	-0.22778	0.11301	0.16965	2.69214	49.21814
18917	1.00000	0.33955	0.12150	0.43717	0.19305	0.33955	0.33634	0.43560	3.65854	49.48339
18937	1.00000	-0.20360	-0.62472	0.77273	0.38484	-0.20360	-0.83892	0.86646	4.56973	44.99690
18957	1.00000	-0.20038	0.20692	0.22238	-0.07672	-0.20038	0.12325	0.25107	5.47478	53.03672
18977	1.00000	0.50233	-0.11220	0.46642	0.24596	0.50233	0.16047	0.43649	0.20249	56.17393
18997	1.00000	0.27992	-0.38941	0.39726	0.05914	0.27992	-0.28805	0.44545	1.21798	53.17815
19017	1.00000	-0.81928	0.19725	0.78839	0.33133	-0.81928	-0.24524	0.83063	2.19513	53.75086
19037	1.00000	0.01559	0.17147	0.16915	0.12030	0.01559	0.20700	0.14618	3.17227	52.75610
19057	1.00000	0.41208	-0.44582	0.43174	0.24509	0.41208	-0.27688	0.41156	4.10800	49.61677
19077	1.00000	-0.75481	0.12311	0.80245	0.10917	-0.75481	-0.29363	0.85589	5.02072	48.56945
19097	1.00000	-0.03598	0.15535	0.13968	-0.08329	-0.03598	0.15861	0.18749	5.96105	53.75021
19117	1.00000	0.10424	-0.09769	0.10359	0.05388	0.10424	-0.05262	0.04274	0.70103	55.39374
19137	1.00000	-0.12624	-0.35396	0.42578	0.25798	-0.12624	-0.48160	0.45175	1.73033	37.21258
19157	1.00000	-0.25679	0.29235	0.24185	0.20803	-0.25679	0.18932	0.40241	2.70287	49.61677
19177	1.00000	0.10263	0.45674	0.59411	0.04098	0.10263	0.58665	0.64619	3.68155	49.08752
19197	1.00000	-0.22455	-0.68436	0.87360	0.36513	-0.22455	-0.91987	0.91733	4.56206	49.48339
19217	1.00000	-0.24712	0.21498	0.24040	-0.12002	-0.24712	0.10557	0.30266	5.47631	36.91408
19237	1.00000	0.43142	-0.06223	0.45976	0.07825	0.43142	0.17722	0.49152	0.17948	55.70321
19257	1.00000	-0.06177	-0.33300	0.31724	0.28233	-0.06177	-0.42018	0.32363	1.17963	52.34039
19277	1.00000	-0.69034	0.14568	0.64390	0.33910	-0.69034	-0.23035	0.58314	2.20433	52.75610
19297	1.00000	0.08973	0.29235	0.30938	0.25284	0.08973	0.38938	0.27327	3.16460	53.17815
19317	1.00000	0.40885	-0.34267	0.41006	0.15644	0.40885	-0.15963	0.38425	4.12027	49.08752
19337	1.00000	-0.54851	0.55989	-0.11805	0.62902	-0.54851	0.32982	0.38141	4.90874	525.10950
19357	1.00000	0.07845	0.07960	0.10333	-0.11959	0.07845	0.13721	0.17758	5.85674	48.06220
19377	1.00000	-0.15202	-0.37974	0.46755	0.28540	-0.15202	-0.52626	0.46656	0.58905	38.78044
19397	1.00000	-0.21488	0.00868	0.23766	-0.05188	-0.21488	-0.11404	0.26612	1.58614	36.81564
19417	1.00000	0.12841	0.35681	0.40869	0.29287	0.12841	0.48615	0.37798	2.58783	49.08752
19437	1.00000	0.23962	-0.22985	0.23983	0.12667	0.23962	-0.12706	0.21288	3.54810	53.17815
19457	1.00000	-0.79833	0.14729	0.75878	0.38221	-0.79833	-0.29084	0.71504	4.47309	49.08752
19477	1.00000	0.15743	0.22143	0.37976	0.02563	0.15743	0.34657	0.45786	5.37507	49.48339
19497	1.00000	0.52167	-0.73110	0.67150	0.34066	0.52167	-0.54301	0.65804	0.10431	53.17815
19517	1.00000	0.02526	-0.16700	0.16437	-0.07341	0.02526	-0.17824	0.21472	1.10907	52.61674
19537	1.00000	-0.54851	0.60824	0.65148	0.15841	-0.54851	0.38566	0.64781	2.09235	53.32034
19557	1.00000	0.25896	-0.04934	0.21490	0.17155	0.25896	0.09254	0.18645	3.07410	49.08752
19577	1.00000	-0.03115	-0.38135	0.39539	0.23389	-0.03115	-0.45833	0.40010	4.02210	49.35073
19597	1.00000	-0.65488	0.76458	0.81528	0.13761	-0.65488	0.50476	0.85365	4.92868	49.21750
19617	1.00000	0.08329	0.05865	0.10230	-0.09940	0.08329	0.11580	0.16681	5.85367	53.75150
19637	1.00000	-0.02953	-0.11220	0.11740	0.09265	-0.02953	-0.14661	0.09222	0.60899	38.88960
19657	1.00000	-0.79510	0.19081	0.73985	0.37650	-0.79510	-0.23873	0.80776	1.62449	53.17815
19677	1.00000	0.03816	0.14245	0.14135	0.12752	0.03816	0.18652	0.11507	2.60163	53.31970
19697	1.00000	0.66995	-0.14927	0.69231	0.12455	0.66995	0.21444	0.74226	3.59412	49.08752
19717	1.00000	-1.03041	0.24722	0.96546	0.47458	-1.03041	-0.30945	0.86561	4.46849	49.61677
19737	1.00000	0.35244	-0.32978	0.36407	0.15201	0.35244	-0.17731	0.31888	5.26002	49.08752
19757	1.00000	0.08329	-0.16216	0.10410	-0.12435	0.08329	-0.13916	0.17039	6.24637	53.17815
19777	1.00000	-0.17781	0.24399	0.15362	0.20020	-0.17781	0.17908	0.31994	0.99555	57.42175
19797	1.00000	0.11874	0.49542	0.63135	0.16070	0.11874	0.64062	0.67332	1.99571	37.21226
19817	1.00000	0.33149	-0.40392	0.36829	0.22336	0.33149	-0.27502	0.36649	2.97285	52.61691
19837	1.00000	-0.69356	0.14568	0.62359	0.38213	-0.69356	-0.23221	0.63946	3.91165	49.61677
19857	1.00000	0.55391	-0.06223	0.60023	-0.08938	0.55391	0.24794	0.65090	4.71699	45.48204
19877	1.00000	-0.00697	-0.15733	0.17508	-0.06222	-0.00697	-0.18569	0.20353	5.66039	52.47844
19897	1.00000	-0.41151	0.42612	0.45982	0.15036	-0.41151	0.25445	0.45438	0.39270	59.82098
19917	1.00000	-0.00536	0.20854	0.22906	-0.06368	-0.00536	0.23770	0.25841	1.39592	53.03640
19937	1.00000	0.35728	-0.55220	0.42686	0.36259	0.35728	-0.43135	0.41534	2.39608	53.17815
19957	1.00000	-0.15525	-0.03645	0.18925	0.07511	-0.15525	-0.13172	0.17663	3.36402	49.61613
19977	1.00000	-0.07466	0.41322	0.42373	0.11998	-0.07466	0.43404	0.40267	4.30282	32.37963
19997	1.00000	0.50233	-0.62795	0.66102	0.06843	0.50233	-0.43507	0.70442	5.20633	49.08752
20017	1.00000	-0.74675	0.16985	0.72851	0.28648	-0.74675	-0.23501	0.71236	6.19575	56.66436
20037	1.00000	-0.12946	0.02480	0.05490	-0.12597	-0.12946	-0.04611	0.14797	0.91118	52.34070
20057	1.00000	0.67479	-0.16055	0.65442	0.26212	0.67479	0.20420	0.61456	1.90214	52.89573
20077	1.00000	-0.19554	-0.55220	0.71038	0.31112	-0.19554	-0.75052	0.77201	2.85627	52.89541
20097	1.00000	-0.56946	0.68238	0.72889	0.06092	-0.56946	0.45917	0.78251	3.78433	48.95697
20117	1.00000	0.25896	-0.62472	0.62444	0.06414	0.25896	-0.57186	0.55581	4.58967	28.63312
20137	1.00000	-0.56301	0.68561	0.69137	0.23794	-0.56301	0.46661	0.69001	5.51773	53.46329
20157	1.00000	0.19933	-0.03322	0.15902	0.14257	0.19933	0.07672	0.40877	0.23010	56.01616
20177	1.00000	0.25735	-0.39586	0.28548	0.28267	0.25735	-0.30852	0.31745	1.25940	52.75610
20197	1.00000	-0.12463	-0.48934	0.62503	0.17494	-0.12463	-0.63699	0.65197	2.28256	53.17752
20217	1.00000	-0.50499	0.71300	0.68261	0.26786	-0.50499	0.53175	0.75025	3.23210	53.17815
20237	1.00000	0.56680	-0.09124	0.60595	-0.05716	0.56680	0.22188	0.64942	4.14788	44.99690
20257	1.00000	-0.78060	0.14568	0.80888	0.18637	-0.78060	-0.28246	0.89567	5.02685	48.18801
20277	1.00000	-0.02792	0.23110	0.23628	-0.08839	-0.02792	0.25073	0.28451	5.96719	49.08625
20297	1.00000	0.18160	-0.21051	0.18453	0.13430	0.18160	-0.13823	0.11651	0.69796	56.17393
20317	1.00000	-0.20682	-0.47967	0.58000	0.39954	-0.20682	-0.67328	0.59191	1.73340	53.03672
20337	1.00000	-0.31803	0.14568	0.31779	0.01923	-0.31803	-0.01540	0.28542	2.70594	53.17815
20357	1.00000	0.10746	0.46963	0.61038	0.06457	0.10746	0.60433	0.66075	3.68462	52.61691
20377	1.00000	-0.17942	-0.66179	0.83433	0.29840	-0.17942	-0.86776	0.85215	4.56052	48.95697
20397	1.00000	-0.20521	0.21176	0.22623	-0.08252	-0.20521	0.12604	0.26167	5.47478	49.08752
20417	1.00000	0.33149	-0.04289	0.35530	0.06130	0.33149	0.14186	0.55288	0.18101	55.54807
20437	1.00000	-0.00697	-0.26692	0.26009	0.17292	-0.00697	-0.31224	0.32795	1.18423	36.33091
20457	1.00000	-0.65166	0.13117	0.60765	0.32537	-0.65166	-0.22477	0.51344	2.20126	52.61691
20477	1.00000	0.03171	0.18275	0.18236	0.14258	0.03171	0.22933	0.17266	3.17074	53.60701
20497	1.00000	0.35406	-0.14604	0.35584	-0.00258	0.35406	0.03578	0.36195	4.12487	44.75819
20517	1.00000	-0.87891	0.18597	0.87435	0.30595	-0.87891	-0.29270	0.87829	5.03606	49.21878
20537	1.00000	0.05266	0.37615	0.46706	0.02401	0.05266	0.46475	0.48373	5.97792	53.03672
20557	1.00000	0.12197	-0.11542	0.12009	0.06637	0.12197	-0.06286	0.05760	0.70256	55.70321
20577	1.00000	-0.12463	-0.35879	0.41236	0.28619	-0.12463	-0.48625	0.38589	1.73033	53.32002
20597	1.00000	-0.30675	0.22304	0.28557	0.13787	-0.30675	0.08044	0.36883	2.71975	53.75150
20617	1.00000	0.07523	0.32458	0.42474	-0.01174	0.07523	0.41822	0.45864	3.67388	49.48339
20637	1.00000	-0.13107	-0.55220	0.64553	0.33051	-0.13107	-0.71330	0.63400	4.56973	44.99690
20657	1.00000	-0.32931	0.34392	0.38085	-0.07895	-0.32931	0.20699	0.42371	5.48552	53.17815
20677	1.00000	0.65061	-0.13315	0.60337	0.32928	0.65061	0.22188	0.50392	0.20402	55.70323
20697	1.00000	0.40724	-0.55220	0.55298	0.14858	0.40724	-0.40250	0.61147	1.22258	52.61659
20717	1.00000	-0.74353	0.14568	0.73525	0.28339	-0.74353	-0.26106	0.71233	2.19666	53.17752
20737	1.00000	-0.00375	0.16018	0.16285	0.08312	-0.00375	0.18280	0.12838	3.17534	32.81252
20757	1.00000	0.38951	-0.37168	0.40076	0.18120	0.38951	-0.20430	0.34908	4.11107	44.99690
20777	1.00000	-0.82734	0.14568	0.86872	0.15991	-0.82734	-0.30945	0.91065	5.03146	44.52200
20797	1.00000	-0.02953	0.18275	0.18085	-0.07607	-0.02953	0.19397	0.21935	5.96105	53.75021
20817	1.00000	0.12841	-0.12831	0.12875	0.07343	0.12841	-0.07402	0.06846	0.69950	55.54821
20837	1.00000	-0.12624	-0.35396	0.42578	0.25798	-0.12624	-0.48160	0.44841	1.73033	36.81564
20857	1.00000	-0.26968	0.32136	0.25665	0.23071	-0.26968	0.21537	0.38376	2.70134	49.61677
20877	1.00000	0.07362	0.27300	0.36469	-0.01944	0.07362	0.35774	0.41159	3.66775	53.89677
20897	1.00000	-1.62353	0.41000	1.62622	-0.45391	-1.62353	-0.46392	1.74767	4.54058	40.79748
20917	1.00000	0.31376	-0.35557	0.33593	0.19549	0.31376	-0.22942	0.31302	5.25542	49.08752
20937	1.00000	-0.00375	-0.28465	0.32962	-0.02870	-0.00375	-0.33085	0.37767	6.26785	52.61691
20957	1.00000	-0.22455	0.24077	0.23049	0.13892	-0.22455	0.14837	0.17582	0.98021	53.17799
20977	1.00000	0.19772	0.56150	0.70178	0.35775	0.19772	0.76252	0.68917	2.00338	52.75610
20997	1.00000	0.26380	-0.34590	0.28267	0.22525	0.26380	-0.24710	0.29222	2.97285	53.17815
21017	1.00000	-0.10367	-0.21535	0.32467	-0.02281	-0.10367	-0.30852	0.35291	3.94540	49.08752
21037	1.00000	0.10585	0.60824	0.77017	0.02932	0.10585	0.76345	0.80576	4.82897	32.72502
21057	1.00000	0.19288	-0.23630	0.25118	-0.01373	0.19288	-0.16149	0.26819	5.76930	52.20368
21077	1.00000	-0.48404	0.04575	0.49818	0.19353	-0.48404	-0.22663	0.47969	0.48627	55.39374
21097	1.00000	-0.23745	0.21176	0.24340	-0.09307	-0.23745	0.10743	0.28540	1.48950	52.61659
21117	1.00000	0.63772	-0.15894	0.55185	0.36904	0.63772	0.18466	0.46575	2.48965	53.17815
21137	1.00000	-0.10045	-0.46355	0.46373	0.38337	-0.10045	-0.59326	0.45352	3.46066	53.17752
21157	1.00000	-0.72741	0.86289	0.87528	0.30840	-0.72741	0.57641	0.86075	4.37031	44.99690
21177	1.00000	0.17677	-0.01388	0.18653	-0.06205	0.17677	0.08603	0.20584	5.27383	48.56819
21197	1.00000	0.01721	-0.27337	0.30257	-0.04709	0.01721	-0.30573	0.34942	6.26018	53.75150
21217	1.00000	-0.30675	0.32458	0.27915	0.23503	-0.30675	0.19769	0.27040	1.00169	57.42175
21237	1.00000	0.43625	0.04575	0.53134	-0.02812	0.43625	0.30470	0.56129	1.87913	49.08752
21257	1.00000	-0.22778	-0.55220	0.71781	0.35805	-0.22778	-0.76913	0.70890	2.85474	52.75547
21277	1.00000	-0.61781	0.76297	0.79771	0.14180	-0.61781	0.52430	0.85195	3.79200	48.95634
21297	1.00000	0.46204	-0.49418	0.50952	0.21487	0.46204	-0.30386	0.46673	4.66944	43.60164
21317	1.00000	-0.66778	0.10377	0.71182	0.09905	-0.66778	-0.26571	0.76764	5.60363	53.03672
21337	1.00000	0.10263	0.33747	0.38112	0.25843	0.10263	0.44893	0.31614	0.30526	60.66591
21357	1.00000	0.15581	0.02158	0.18122	-0.06804	0.15581	0.11487	0.22310	1.29928	53.32034
21377	1.00000	-0.16331	-0.50062	0.64948	0.23841	-0.16331	-0.67235	0.70265	2.28563	53.75150
21397	1.00000	-0.33576	0.36971	0.36058	0.19237	-0.33576	0.23305	0.34034	3.25357	53.17815
21417	1.00000	0.85369	-0.24113	0.80326	0.35983	0.85369	0.21444	0.86288	4.18163	49.08752
21437	1.00000	-0.27774	-0.05740	0.33934	0.11549	-0.27774	-0.22663	0.27366	5.06827	48.69794
21457	1.00000	0.19933	0.58890	0.72400	0.38424	0.19933	0.79509	0.69416	6.00400	52.34070
21477	1.00000	0.10424	0.04253	0.13537	-0.06695	0.10424	0.10929	0.16946	0.73171	59.65481
21497	1.00000	-0.10206	-0.15249	0.25544	-0.02000	-0.10206	-0.23501	0.21447	1.64443	49.21846
21517	1.00000	0.19288	0.02802	0.21099	0.11548	0.19288	0.14372	0.16591	2.50959	48.95634
21537	1.00000	0.44754	-0.56831	0.59339	0.08035	0.44754	-0.39785	0.64057	3.49441	53.17815
21557	1.00000	-0.61781	0.67110	0.70129	0.25450	-0.61781	0.41822	0.70332	4.37798	45.60497
21577	1.00000	0.34761	-0.00905	0.38833	-0.07881	0.34761	0.19025	0.43088	5.28917	53.17815
21597	1.00000	-0.05049	-0.36201	0.44848	0.03675	-0.05049	-0.44717	0.46383	6.27398	53.17815
21617	1.00000	-0.21972	0.22626	0.22508	0.12517	-0.21972	0.13441	0.15170	0.98021	52.61674
21637	1.00000	0.19288	0.56150	0.70010	0.35243	0.19288	0.75973	0.67824	2.00338	52.61691
21657	1.00000	0.18482	-0.12348	0.18256	0.04601	0.18482	-0.03587	0.16261	2.99280	49.08752
21677	1.00000	-0.15525	-0.13960	0.29472	0.01236	-0.15525	-0.25082	0.28127	3.93466	32.63798
21697	1.00000	0.16226	0.60663	0.76910	0.25588	0.16226	0.79416	0.79811	4.83971	48.56945
21717	1.00000	0.16548	-0.18472	0.19968	-0.03712	0.16548	-0.11776	0.22705	5.76317	53.17815
21737	1.00000	-0.10367	0.00062	0.10319	0.05995	-0.10367	-0.05914	0.05092	0.51695	55.70321
21757	1.00000	-0.45825	0.58890	0.54678	0.28906	-0.45825	0.41543	0.48975	1.53245	53.17783
21777	1.00000	0.23156	-0.02516	0.19708	0.16039	0.23156	0.10464	0.45220	2.51113	53.17815
21797	1.00000	0.51845	-0.68275	0.69634	0.15186	0.51845	-0.48904	0.76125	3.49901	49.08752
21817	1.00000	-0.50016	0.52121	0.55162	0.20948	-0.50016	0.31308	0.57960	4.38258	44.05701
21837	1.00000	0.25896	0.00224	0.28555	-0.09300	0.25896	0.15209	0.33666	5.28150	49.08625
21857	1.00000	-0.10206	-0.44744	0.55602	0.18030	-0.10206	-0.57558	0.55600	0.00460	57.26878
21877	1.00000	-0.21005	0.24722	0.18098	0.19574	-0.21005	0.16419	0.22471	0.99862	53.17799
21897	1.00000	0.15743	0.47286	0.56682	0.33024	0.15743	0.63690	0.53891	2.00951	52.61691
21917	1.00000	0.18966	-0.17989	0.18751	0.10226	0.18966	-0.09822	0.16661	2.98359	49.21878
21937	1.00000	-0.06660	-0.37007	0.46515	-0.07075	-0.06660	-0.46578	0.48510	3.95307	49.21878
21957	1.00000	0.12358	0.61952	0.79023	0.09808	0.12358	0.78671	0.84364	4.82744	44.99690
21977	1.00000	0.15743	-0.19117	0.20236	-0.02633	0.15743	-0.12986	0.22805	5.76317	52.61691
21997	1.00000	-0.47115	0.07960	0.44001	0.24653	-0.47115	-0.18010	0.40801	0.49394	56.17393
22017	1.00000	-0.38734	0.45996	0.49200	0.04952	-0.38734	0.30749	0.52263	1.50177	53.75150
22037	1.00000	0.45398	-0.12670	0.37623	0.27918	0.45398	0.11580	0.39601	2.49118	53.17815
22057	1.00000	-0.11979	-0.43938	0.44615	0.38424	-0.11979	-0.57651	0.42330	3.45913	53.17752
22077	1.00000	-0.61781	0.66626	0.68644	0.28417	-0.61781	0.41264	0.69167	4.38719	49.08752
22097	1.00000	0.27669	0.01191	0.31100	-0.09967	0.27669	0.17350	0.37699	5.28456	49.08625
22117	1.00000	-0.13752	-0.48934	0.61547	0.23532	-0.13752	-0.64444	0.61616	0.00000	56.66436
22137	1.00000	-0.04082	-0.06385	0.06034	-0.08653	-0.04082	-0.09729	0.11594	1.00936	52.75595
22157	1.00000	0.15098	0.53733	0.68907	0.22058	0.15098	0.70762	0.70062	1.99264	32.90017
22177	1.00000	0.31054	-0.37007	0.32550	0.22800	0.31054	-0.24803	0.29894	2.98206	53.17815
22197	1.00000	-0.34865	-0.01066	0.36039	0.19308	-0.34865	-0.21360	0.31661	3.92699	49.08752
22217	1.00000	0.15743	0.65982	0.83605	0.22999	0.15743	0.85278	0.85285	4.83664	49.08752
22237	1.00000	0.07200	-0.39103	0.36319	0.20329	0.07200	-0.40995	0.33790	5.75550	49.08752
22257	1.00000	-0.20360	0.03447	0.17833	0.12527	-0.20360	-0.07775	0.14501	0.51082	56.33271
22277	1.00000	-0.58397	0.66465	0.69280	0.21475	-0.58397	0.43032	0.69612	1.52478	53.32002
22297	1.00000	0.31537	-0.06385	0.26374	0.20403	0.31537	0.10836	0.22473	2.50039	53.75150
22317	1.00000	0.43142	-0.55220	0.57821	0.05243	0.43142	-0.38854	0.62231	3.49134	49.08752
22337	1.00000	-0.64360	0.71300	0.72961	0.29301	-0.64360	0.45172	0.72970	4.37952	49.75087
22357	1.00000	0.41369	-0.03967	0.45328	-0.05427	0.41369	0.19304	0.46622	5.29684	49.08752
22377	1.00000	-0.00858	-0.31366	0.36661	-0.02126	-0.00858	-0.36714	0.41027	6.26938	57.26878
22397	1.00000	-0.07144	0.06993	0.06332	0.05151	-0.07144	0.03950	0.26063	1.00016	53.17799
22417	1.00000	0.26058	-0.28304	0.31261	-0.03570	0.26058	-0.17638	0.35069	1.77635	49.48307
22437	1.00000	-0.87085	0.24077	0.81100	0.38868	-0.87085	-0.22477	0.76855	2.76730	49.08752
22457	1.00000	0.18966	0.56956	0.74491	0.26385	0.18966	0.76717	0.79350	3.69996	49.75023
22477	1.00000	0.03655	-0.43615	0.44542	0.18905	0.03655	-0.48253	0.42666	4.58660	48.69668
22497	1.00000	-0.55012	0.71139	0.69244	0.27732	-0.55012	0.50383	0.70119	5.51620	49.75087
22517	1.00000	0.32827	-0.08802	0.23188	0.24843	0.32827	0.08789	0.30267	0.22856	55.39374
22537	1.00000	0.34277	-0.43938	0.37519	0.26919	0.34277	-0.30945	0.34143	1.26553	52.61691
22557	1.00000	0.02849	-0.29916	0.31765	-0.09017	0.02849	-0.32899	0.36739	2.25802	53.75150
22577	1.00000	-0.54206	0.67271	0.66020	0.27037	-0.54206	0.46382	0.66109	3.23670	49.21878
22597	1.00000	0.63127	-0.12187	0.66966	-0.00732	0.63127	0.22374	0.70895	4.15249	49.61677
22617	1.00000	-0.82411	0.14890	0.86013	0.17759	-0.82411	-0.30386	0.89128	5.02685	48.06220
22637	1.00000	0.05589	0.38099	0.47420	0.03478	0.05589	0.47220	0.48097	5.97946	53.17815
22657	1.00000	0.03493	-0.00905	0.03489	-0.00988	0.03493	0.00972	0.03759	0.70717	38.03269
22677	1.00000	-0.20682	-0.48450	0.58532	0.40122	-0.20682	-0.67887	0.61819	1.73340	53.17815
22697	1.00000	-0.18748	0.12473	0.15601	-0.10992	-0.18748	0.03578	0.21898	2.62004	49.21878
22717	1.00000	0.63127	-0.12831	0.65901	0.10478	0.63127	0.21630	0.70983	3.59412	49.08752
22737	1.00000	-1.00140	0.23271	0.95910	0.42264	-1.00140	-0.30945	0.90677	4.46542	44.99690
22757	1.00000	0.31054	0.02158	0.32701	0.17660	0.31054	0.20420	0.47625	5.36126	49.08752
22777	1.00000	0.48299	-0.64890	0.62888	0.24303	0.48299	-0.47043	0.66466	0.09817	36.33123
22797	1.00000	-0.05049	-0.05901	0.10938	0.00706	-0.05049	-0.09729	0.09303	1.09680	53.32018
22817	1.00000	-0.41312	0.51476	0.48144	0.25598	-0.41312	0.35588	0.44310	2.10462	53.32002
22837	1.00000	0.20094	-0.00421	0.19828	0.11581	0.20094	0.11115	0.46186	3.08177	32.98893
22857	1.00000	0.23156	-0.59894	0.58127	0.16424	0.23156	-0.55790	0.61409	4.04051	49.08689
22877	1.00000	-0.61620	0.68399	0.75350	0.01740	-0.61620	0.43404	0.79817	4.91948	49.21878
22897	1.00000	-0.33254	0.38582	0.04903	-0.41525	-0.33254	0.25352	0.53624	5.86748	53.17815
22917	1.00000	0.10907	-0.08641	0.10422	-0.04888	0.10907	-0.03680	0.13274	0.63660	59.82098
22937	1.00000	-0.43569	0.09249	0.37168	0.26945	-0.43569	-0.14474	0.33607	1.63983	53.03672
22957	1.00000	-0.30191	0.31813	0.35435	-0.05320	-0.30191	0.19304	0.39968	2.63691	52.61691
22977	1.00000	0.77310	-0.18472	0.77230	0.23574	0.77310	0.23305	0.81975	3.60332	48.06220
22997	1.00000	-0.48243	0.27300	0