0	0.00000	0.01218	-0.00559	-0.01142	-0.00426	0.01218	0.00057	0.02399	6.05769	0.02022
8377	0.00000	0.00412	-0.00559	-0.00209	-0.00541	0.00412	-0.00408	0.02241	6.05922	0.00000
8397	0.00000	-0.00233	-0.00398	0.00455	-0.00447	-0.00233	-0.00594	0.02362	6.05922	0.00000
8417	0.00000	0.02185	-0.00398	-0.02321	-0.00160	0.02185	0.00801	0.02824	6.05769	0.00000
8437	0.00000	-0.00394	-0.01526	0.01144	-0.01675	-0.00394	-0.01990	0.01455	6.05769	0.00000
8457	0.00000	0.01218	-0.16515	0.06091	-0.17369	0.01218	-0.18367	0.00475	6.05769	0.00000
8477	0.00000	0.00412	-0.01688	0.00322	-0.01730	0.00412	-0.01711	0.02578	6.05769	0.00000
8497	0.00000	0.01218	-0.01365	-0.00755	-0.01294	0.01218	-0.00873	0.01704	6.05922	0.00000
8517	0.00000	0.00412	-0.02332	0.00626	-0.02410	0.00412	-0.02455	0.01333	6.05922	0.00000
8537	0.00000	0.03313	-0.00237	-0.03693	0.00145	0.03313	0.01639	0.03128	6.05922	0.00000
8557	0.00000	0.01218	-0.01365	-0.00755	-0.01294	0.01218	-0.00873	0.01887	6.05922	0.00000
8577	0.00000	0.01218	-0.18933	0.07522	-0.19814	0.01218	-0.21159	0.00659	6.05769	0.00000
8597	0.00000	-0.00878	-0.01526	0.01727	-0.01714	-0.00878	-0.02269	0.02217	6.05769	0.00000
8617	0.00000	0.01218	-0.00237	-0.01287	-0.00105	0.01218	0.00429	0.00565	6.05769	0.00000
8637	0.00000	0.00412	-0.00398	-0.00291	-0.00366	0.00412	-0.00222	0.01738	6.05769	0.00000
8657	0.00000	0.01218	-0.00559	-0.01135	-0.00445	0.01218	0.00057	0.01209	6.05922	0.00000
8677	0.00000	0.00089	-0.02171	0.00920	-0.02278	0.00089	-0.02455	0.01333	6.05922	0.00000
8697	0.00000	0.01379	-0.11197	0.03692	-0.11639	0.01379	-0.12133	0.00483	6.05769	3.94341
8717	0.00000	0.00089	-0.00398	0.00085	-0.00409	0.00089	-0.00408	0.02892	6.05769	0.00000
8737	0.00000	0.01540	0.00247	-0.01885	0.00443	0.01540	0.01174	0.01441	6.05922	0.00000
8757	0.00000	-0.00716	-0.00076	0.00859	-0.00165	-0.00716	-0.00501	0.02539	6.05922	0.00000
8777	0.00000	0.00895	-0.01526	-0.00309	-0.01502	0.00895	-0.01246	0.01450	6.05769	0.00000
8797	0.00000	-0.00878	-0.01526	0.01727	-0.01714	-0.00878	-0.02269	0.01713	6.05769	0.00000
8817	0.00000	0.00734	-0.00237	-0.00731	-0.00162	0.00734	0.00150	0.02202	6.05769	-71.16426
8837	0.00000	-0.13127	-0.02171	0.16099	-0.03851	-0.13127	-0.10086	0.01428	6.05769	0.00000
8857	0.00000	-0.00233	-0.01365	0.00886	-0.01482	-0.00233	-0.01711	0.01416	6.05769	-4.00518
8877	0.00000	0.06859	-0.00237	-0.07755	0.00697	0.06859	0.03686	0.02145	6.05922	0.00000
8897	0.00000	0.01218	-0.00398	-0.01211	-0.00275	0.01218	0.00243	0.02766	6.05769	0.00000
8917	0.00000	0.01218	-0.01365	-0.00755	-0.01294	0.01218	-0.00873	0.01444	6.05922	0.00000
8937	0.00000	-0.00394	-0.02977	0.01855	-0.03185	-0.00394	-0.03665	0.01932	6.05922	0.00000
8957	0.00000	-0.00394	-0.01365	0.01096	-0.01486	-0.00394	-0.01804	0.01583	6.05769	0.00000
8977	0.00000	0.01218	-0.13614	0.05016	-0.14207	0.01218	-0.15017	0.00287	6.05769	0.00000
8997	0.00000	-0.00394	-0.02171	0.01436	-0.02360	-0.00394	-0.02734	0.02915	6.05769	0.00000
9017	0.00000	0.01218	-0.00237	-0.01287	-0.00105	0.01218	0.00429	0.00480	6.05922	0.00000
9037	0.00000	0.01056	-0.00398	-0.01030	-0.00277	0.01056	0.00150	0.01969	6.05769	0.00000
9057	0.00000	0.01218	-0.01849	-0.00558	-0.01795	0.01218	-0.01432	0.01517	6.05922	0.00000
9077	0.00000	-0.00394	-0.02010	0.01400	-0.02166	-0.00394	-0.02548	0.01124	6.05922	0.00000
9097	0.00000	0.00734	-0.00398	-0.00655	-0.00332	0.00734	-0.00036	0.02093	6.05769	0.00000
9117	0.00000	-0.11837	-0.02010	0.14543	-0.03528	-0.11837	-0.09155	0.01333	6.05769	0.00000
9137	0.00000	-0.00555	-0.02010	0.01585	-0.02185	-0.00555	-0.02641	0.01085	6.05769	0.00000
9157	0.00000	0.01540	-0.00237	-0.01657	-0.00067	0.01540	0.00615	0.00771	6.05922	0.00000
9177	0.00000	0.00895	0.00247	-0.01138	0.00386	0.00895	0.00802	0.02171	6.05769	-3.98438
9197	0.00000	0.01862	-0.01849	-0.01268	-0.01727	0.01862	-0.01060	0.01333	6.05769	0.00000
9217	0.00000	-0.00233	-0.04750	0.02506	-0.05035	-0.00233	-0.05619	0.02213	6.05922	0.00000
9237	0.00000	0.01379	-0.16354	0.05833	-0.17176	0.01379	-0.18088	0.00287	6.05922	-3.93330
9257	0.00000	-0.09097	-0.02010	0.11340	-0.03393	-0.09097	-0.07573	0.01259	6.05922	0.00000
9277	0.00000	-0.01200	-0.01849	0.02249	-0.02092	-0.01200	-0.02828	0.01541	6.05769	0.00000
9297	0.00000	-0.01200	-0.00398	0.01566	-0.00563	-0.01200	-0.01153	0.01441	6.05769	0.00000
9317	0.00000	0.00573	-0.01688	0.00108	-0.01713	0.00573	-0.01618	0.03075	6.05769	0.00000
9337	0.00000	0.00412	-0.01365	0.00170	-0.01390	0.00412	-0.01339	0.01912	6.05769	0.00000
9357	0.00000	0.01218	0.01052	-0.01894	0.01254	0.01218	0.01918	0.01120	6.05922	0.00000
9377	0.00000	0.01218	-0.12647	0.04561	-0.13187	0.01218	-0.13901	0.00483	6.05769	0.00000
9397	0.00000	0.01218	-0.00398	-0.01211	-0.00275	0.01218	0.00243	0.02446	6.05922	3.95357
9417	0.00000	0.01379	-0.00237	-0.01473	-0.00061	0.01379	0.00522	0.00737	6.05922	-3.99475
9437	0.00000	0.01218	-0.01688	-0.00631	-0.01624	0.01218	-0.01246	0.01887	6.05922	0.00000
9457	0.00000	0.00089	-0.01688	0.00693	-0.01768	0.00089	-0.01897	0.01583	6.05922	0.00000
9477	0.00000	0.01701	-0.00398	-0.01766	-0.00217	0.01701	0.00522	0.04431	6.05769	0.00000
9497	0.00000	0.00412	-0.01526	0.00246	-0.01560	0.00412	-0.01525	0.02395	6.05769	3.96379
9517	0.00000	-0.04746	-0.01365	0.06094	-0.02004	-0.04746	-0.04316	0.01333	6.05769	0.00000
9537	0.00000	0.01379	-0.01365	-0.00940	-0.01275	0.01379	-0.00780	0.01333	6.05769	0.00000
9557	0.00000	0.01218	-0.01526	-0.00679	-0.01464	0.01218	-0.01060	0.01415	6.05922	0.00000
9577	0.00000	-0.00555	0.17008	-0.07376	0.17864	-0.00555	0.19319	0.01583	6.05922	0.00000
9597	0.00000	0.01218	0.00408	-0.01580	0.00601	0.01218	0.01174	0.01615	6.05769	0.00000
9617	0.00000	-0.00233	-0.01526	0.00959	-0.01653	-0.00233	-0.01897	0.01902	6.05922	-3.96379
9637	0.00000	-0.03456	0.24422	-0.07537	0.25334	-0.03456	0.26205	0.01758	6.05769	0.00000
9657	0.00000	-0.01039	-0.00559	0.01457	-0.00713	-0.01039	-0.01246	0.01955	6.05922	0.00000
9677	0.00000	-0.00233	-0.01365	0.00911	-0.01467	-0.00233	-0.01711	0.01932	6.05769	0.00000
9697	0.00000	0.01701	-0.00237	-0.01842	-0.00047	0.01701	0.00708	0.01443	6.05922	0.00000
9717	0.00000	0.01218	-0.01688	-0.00631	-0.01624	0.01218	-0.01246	0.01239	6.05769	-3.95357
9737	0.00000	0.01862	0.00408	-0.02320	0.00691	0.01862	0.01546	0.03871	6.05769	-3.96379
9757	0.00000	0.01701	-0.02332	-0.00855	-0.02256	0.01701	-0.01711	0.01284	6.05922	0.00000
9777	0.00000	-0.00394	0.00730	0.00121	0.00721	-0.00394	0.00615	0.11791	6.05922	0.00000
9797	0.00000	0.04763	-0.00237	-0.05353	0.00407	0.04763	0.02476	0.01443	6.05769	0.00000
9817	0.00000	0.00734	0.00408	-0.01035	0.00517	0.00734	0.00895	0.01738	6.05922	0.00000
9837	0.00000	-0.00716	-0.00398	0.01011	-0.00505	-0.00716	-0.00873	0.02395	6.05769	3.95357
9857	0.00000	0.01218	-0.01526	-0.00704	-0.01452	0.01218	-0.01060	0.01450	6.05769	0.00000
9877	0.00000	0.01540	-0.01526	-0.01073	-0.01408	0.01540	-0.00873	0.01645	6.05922	0.00000
9897	0.00000	-0.00233	-0.02332	0.01366	-0.02486	-0.00233	-0.02828	0.11476	6.05769	0.00000
9917	0.00000	-0.00878	-0.00237	0.01120	-0.00354	-0.00878	-0.00780	0.01955	6.05769	0.00000
9937	0.00000	0.00251	-0.00882	0.00128	-0.00900	0.00251	-0.00873	0.02217	6.05922	0.00000
9957	0.00000	0.01218	-0.01043	-0.00907	-0.00954	0.01218	-0.00501	0.01473	6.05922	0.00000
9977	0.00000	0.01218	-0.02171	-0.00375	-0.02144	0.01218	-0.01804	0.01124	6.05769	0.00000
9997	0.00000	0.00251	-0.02171	0.00735	-0.02259	0.00251	-0.02362	0.01333	6.05922	0.00000
10017	0.00000	0.01218	-0.16032	0.06155	-0.16755	0.01218	-0.17809	0.00247	6.05769	0.00000
10037	0.00000	0.01701	-0.00237	-0.01843	-0.00016	0.01701	0.00708	0.02728	6.05769	0.00000
10057	0.00000	0.01056	-0.00559	-0.00950	-0.00464	0.01056	-0.00036	0.01441	6.05769	0.00000
10077	0.00000	0.01218	-0.01365	-0.00777	-0.01281	0.01218	-0.00873	0.07230	6.05922	0.00000
10097	0.00000	-0.00555	-0.02332	0.01694	-0.02553	-0.00555	-0.03014	0.01300	6.05769	0.00000
10117	0.00000	0.05408	-0.00559	-0.05948	0.00054	0.05408	0.02476	0.02446	6.05922	0.00000
10137	0.00000	0.01379	-0.16838	0.06350	-0.17586	0.01379	-0.18647	0.00800	6.05922	0.00000
10157	0.00000	-0.00878	-0.00398	0.01196	-0.00524	-0.00878	-0.00967	0.01955	6.05769	0.00000
10177	0.00000	0.00412	-0.00398	-0.00291	-0.00366	0.00412	-0.00222	0.03363	6.05769	0.00000
10197	0.00000	-0.01200	-0.00237	0.01490	-0.00393	-0.01200	-0.00966	0.02854	6.05769	0.00000
10217	0.00000	0.01218	-0.01688	-0.00603	-0.01634	0.01218	-0.01246	0.01831	6.05922	0.00000
10237	0.00000	0.01218	-0.01688	-0.00631	-0.01624	0.01218	-0.01246	0.01333	6.05922	0.00000
10257	0.00000	0.00251	-0.01849	0.00583	-0.01919	0.00251	-0.01990	0.01300	6.05769	0.00000
10277	0.00000	0.01379	-0.01526	-0.00889	-0.01430	0.01379	-0.00967	0.00659	6.05769	-3.94341
10297	0.00000	-0.00072	-0.00721	0.00422	-0.00768	-0.00072	-0.00873	0.11384	6.05769	0.00000
10317	0.00000	0.01218	-0.00882	-0.00983	-0.00785	0.01218	-0.00315	0.02241	6.05922	0.00000
10337	0.00000	-0.00394	-0.00237	0.00559	-0.00306	-0.00394	-0.00501	0.02155	6.05922	-3.99475
10357	0.00000	-0.00555	-0.01204	0.01205	-0.01335	-0.00555	-0.01711	0.01895	6.05769	3.99475
10377	0.00000	0.01379	-0.00398	-0.01396	-0.00256	0.01379	0.00336	0.01982	6.05922	0.00000
10397	0.00000	-0.00394	-0.01849	0.01324	-0.01996	-0.00394	-0.02362	0.01333	6.05922	0.00000
10417	0.00000	0.01379	-0.01043	-0.01092	-0.00935	0.01379	-0.00408	0.01476	6.05922	0.00000
10437	0.00000	-0.11999	-0.02171	0.14804	-0.03717	-0.11999	-0.09434	0.01284	6.05769	3.94341
10457	0.00000	-0.00555	-0.01688	0.01433	-0.01845	-0.00555	-0.02269	0.01902	6.05769	0.00000
10477	0.00000	0.01540	0.00408	-0.01950	0.00646	0.01540	0.01360	0.01795	6.05922	0.00000
10497	0.00000	-0.05552	-0.00559	0.06640	-0.01250	-0.05552	-0.03851	0.02728	6.05769	0.00000
10517	0.00000	0.01540	-0.02171	-0.00746	-0.02105	0.01540	-0.01618	0.01436	6.05922	0.00000
10537	0.00000	0.00412	-0.01688	0.00293	-0.01735	0.00412	-0.01711	0.01284	6.05922	0.00000
10557	0.00000	0.01540	-0.02977	-0.00366	-0.02955	0.01540	-0.02548	0.00659	6.05922	0.00000
10577	0.00000	0.01218	-0.00721	-0.01059	-0.00615	0.01218	-0.00129	0.00570	6.05922	0.00000
10597	0.00000	0.01218	-0.00398	-0.01211	-0.00275	0.01218	0.00243	0.00660	6.05769	0.00000
10617	0.00000	0.01218	0.00408	-0.01590	0.00575	0.01218	0.01174	0.02728	6.05922	0.00000
10637	0.00000	0.01218	-0.01365	-0.00755	-0.01294	0.01218	-0.00873	0.01624	6.05769	0.00000
10657	0.00000	0.00089	0.03792	-0.01889	0.04008	0.00089	0.04431	0.04005	6.05922	0.00000
10677	0.00000	-0.01039	-0.01365	0.01836	-0.01563	-0.01039	-0.02176	0.01300	6.05769	0.00000
10697	0.00000	0.00573	-0.00559	-0.00403	-0.00515	0.00573	-0.00315	0.02331	6.05922	0.00000
10717	0.00000	0.05569	-0.00237	-0.06285	0.00413	0.05569	0.02942	0.03193	6.05769	0.00000
10737	0.00000	0.01218	-0.02010	-0.00451	-0.01974	0.01218	-0.01618	0.03869	6.05769	0.00000
10757	0.00000	-0.00394	-0.01526	0.01172	-0.01656	-0.00394	-0.01990	0.01300	6.05922	0.00000
10777	0.00000	0.04280	0.00085	-0.04956	0.00599	0.04280	0.02570	0.02304	6.05769	3.95357
10797	0.00000	0.00251	-0.01526	0.00431	-0.01579	0.00251	-0.01618	0.01981	6.05769	0.00000
10817	0.00000	-0.03940	-0.01688	0.05281	-0.02337	-0.03940	-0.04223	0.01333	6.05922	0.00000
10837	0.00000	0.01218	-0.01688	-0.00631	-0.01624	0.01218	-0.01246	0.01409	6.05769	0.00000
10857	0.00000	0.01218	-0.01849	-0.00558	-0.01795	0.01218	-0.01432	0.01517	6.05769	0.00000
10877	0.00000	-0.00233	0.16847	-0.07370	0.17858	-0.00233	0.19319	0.01455	6.05922	-3.99475
10897	0.00000	-0.00555	0.00247	0.00522	0.00194	-0.00555	-0.00036	0.01758	6.05769	3.95357
10917	0.00000	-0.00394	-0.01365	0.01096	-0.01486	-0.00394	-0.01804	0.01830	6.05922	0.00000
10937	0.00000	0.01218	-0.14420	0.05396	-0.15056	0.01218	-0.15948	0.00404	6.05769	0.00000
10957	0.00000	0.02185	0.00247	-0.02625	0.00520	0.02185	0.01546	0.02241	6.05922	0.00000
10977	0.00000	0.01218	-0.01526	-0.00679	-0.01464	0.01218	-0.01060	0.01085	6.05922	0.00000
10997	0.00000	-0.01039	-0.01526	0.01883	-0.01765	-0.01039	-0.02362	0.01333	6.05922	0.00000
11017	0.00000	0.01218	-0.00237	-0.01288	-0.00083	0.01218	0.00429	0.02202	6.05769	-3.99475
11037	0.00000	0.01218	-0.00237	-0.01287	-0.00105	0.01218	0.00429	0.02824	6.05769	0.00000
11057	0.00000	-0.00394	-0.01526	0.01172	-0.01656	-0.00394	-0.01990	0.01932	6.05769	0.00000
11077	0.00000	-0.11837	-0.01688	0.14391	-0.03188	-0.11837	-0.08783	0.01333	6.05769	0.00000
11097	0.00000	-0.00233	-0.01526	0.00987	-0.01637	-0.00233	-0.01897	0.01436	6.05922	0.00000
11117	0.00000	0.01701	-0.00398	-0.01766	-0.00217	0.01701	0.00522	0.00480	6.05922	0.00000
11137	0.00000	0.01056	-0.00559	-0.00950	-0.00464	0.01056	-0.00036	0.02721	6.05922	0.00000
11157	0.00000	0.01218	-0.00559	-0.01142	-0.00426	0.01218	0.00057	0.01132	6.05922	0.00000
11177	0.00000	-0.00555	-0.01849	0.01509	-0.02015	-0.00555	-0.02455	0.01415	6.05769	0.00000
11197	0.00000	0.00251	-0.00237	-0.00176	-0.00220	0.00251	-0.00129	0.02724	6.05769	0.00000
11217	0.00000	0.00734	-0.00398	-0.00661	-0.00321	0.00734	-0.00036	0.01025	6.05769	-3.94341
11237	0.00000	-0.00233	-0.01849	0.01105	-0.01995	-0.00233	-0.02269	0.01583	6.05922	0.00000
11257	0.00000	0.01379	-0.00237	-0.01473	-0.00061	0.01379	0.00522	0.01025	6.05769	0.00000
11277	0.00000	0.00734	-0.00237	-0.00731	-0.00162	0.00734	0.00150	0.02171	6.05922	0.00000
11297	0.00000	0.01379	-0.02171	-0.00561	-0.02125	0.01379	-0.01711	0.01498	6.05769	0.00000
11317	0.00000	-0.00072	-0.02332	0.01181	-0.02467	-0.00072	-0.02734	0.01416	6.05769	0.00000
11337	0.00000	0.01056	-0.00559	-0.00957	-0.00448	0.01056	-0.00036	0.02202	6.05769	0.00000
11357	0.00000	0.00895	0.00247	-0.01138	0.00386	0.00895	0.00802	0.00802	6.05922	-3.94341
11377	0.00000	0.01218	-0.00398	-0.01211	-0.00275	0.01218	0.00243	0.00483	6.05769	0.00000
11397	0.00000	-0.00878	0.00085	0.00967	-0.00031	-0.00878	-0.00408	0.02854	6.05922	0.00000
11417	0.00000	-0.00233	-0.01365	0.00911	-0.01467	-0.00233	-0.01711	0.01932	6.05922	0.00000
11437	0.00000	0.04925	-0.00237	-0.05544	0.00336	0.04925	0.02570	0.02469	6.05922	0.00000
11457	0.00000	0.01056	-0.21995	0.09150	-0.23061	0.01056	-0.24788	0.01441	6.05922	0.00000
11477	0.00000	0.00089	0.00085	-0.00141	0.00103	0.00089	0.00150	0.02145	6.05922	0.00000
11497	0.00000	0.01218	-0.00237	-0.01287	-0.00105	0.01218	0.00429	0.00242	6.05769	0.00000
11517	0.00000	0.01701	0.00730	-0.02298	0.00972	0.01701	0.01825	0.01615	6.05922	0.00000
11537	0.00000	-0.01200	0.00408	0.01191	0.00267	-0.01200	-0.00222	0.03834	6.05922	-3.95357
11557	0.00000	-0.00394	-0.00398	0.00640	-0.00467	-0.00394	-0.00687	0.02824	6.05769	3.96379
11577	0.00000	0.01218	-0.01849	-0.00527	-0.01804	0.01218	-0.01432	0.00951	6.05922	0.00000
11597	0.00000	0.00251	-0.01365	0.00356	-0.01409	0.00251	-0.01432	0.07204	6.05922	0.00000
11617	0.00000	0.01218	0.00247	-0.01515	0.00405	0.01218	0.00988	0.00659	6.05922	0.00000
11637	0.00000	0.01218	-0.00559	-0.01142	-0.00426	0.01218	0.00057	0.01955	6.05922	-3.98438
11657	0.00000	0.01218	-0.00721	-0.01059	-0.00615	0.01218	-0.00129	0.00771	6.05922	0.00000
11677	0.00000	0.01540	-0.00237	-0.01657	-0.00067	0.01540	0.00615	0.03540	6.05769	0.00000
11697	0.00000	-0.00555	-0.01204	0.01182	-0.01355	-0.00555	-0.01711	0.01932	6.05922	0.00000
11717	0.00000	-0.12643	-0.01849	0.15331	-0.03713	-0.12643	-0.09434	0.01300	6.05769	0.00000
11737	0.00000	-0.00394	-0.01688	0.01248	-0.01826	-0.00394	-0.02176	0.01356	6.05922	0.00000
11757	0.00000	0.01218	-0.00398	-0.01211	-0.00275	0.01218	0.00243	0.00404	6.05769	0.00000
11777	0.00000	0.00734	0.00085	-0.00880	0.00192	0.00734	0.00522	0.02155	6.05769	0.00000
11797	0.00000	-0.00394	-0.00237	0.00564	-0.00297	-0.00394	-0.00501	0.01709	6.05769	0.00000
11817	0.00000	0.01379	-0.01526	-0.00864	-0.01445	0.01379	-0.00967	0.01333	6.05922	0.00000
11837	0.00000	0.01218	-0.02171	-0.00412	-0.02137	0.01218	-0.01804	0.01333	6.05922	0.00000
11857	0.00000	-0.00555	-0.00076	0.00674	-0.00146	-0.00555	-0.00408	0.03785	6.05922	0.00000
11877	0.00000	0.01379	-0.00721	-0.01254	-0.00574	0.01379	-0.00036	0.01738	6.05922	0.00000
11897	0.00000	-0.00233	-0.00559	0.00531	-0.00617	-0.00233	-0.00780	0.01955	6.05922	0.00000
11917	0.00000	0.01218	-0.01365	-0.00755	-0.01294	0.01218	-0.00873	0.00659	6.05769	0.00000
11937	0.00000	0.01218	-0.01849	-0.00558	-0.01795	0.01218	-0.01432	0.00951	6.05922	0.00000
11957	0.00000	-0.00716	0.01052	0.00327	0.01024	-0.00716	0.00802	0.02217	6.05769	0.00000
11977	0.00000	0.01379	-0.04105	0.00280	-0.04169	0.01379	-0.03944	0.00659	6.08684	-3.94341
11997	0.00000	0.01218	-0.00398	-0.01215	-0.00254	0.01218	0.00243	0.00800	6.05922	0.00000
12017	0.00000	-0.01361	-0.02171	0.02586	-0.02451	-0.01361	-0.03293	0.01444	6.05769	0.00000
12037	0.00000	-0.00555	-0.00398	0.00825	-0.00486	-0.00555	-0.00780	0.01395	6.05769	0.00000
12057	0.00000	-0.00555	-0.02010	0.01585	-0.02185	-0.00555	-0.02641	0.02907	6.05922	0.00000
12077	0.00000	-0.00233	0.00569	-0.00000	0.00572	-0.00233	0.00522	0.01443	6.05922	3.95357
12097	0.00000	-0.00233	-0.01526	0.00959	-0.01653	-0.00233	-0.01897	0.01758	6.05922	0.00000
12117	0.00000	0.01218	-0.01365	-0.00755	-0.01294	0.01218	-0.00873	0.00090	6.05922	0.00000
12137	0.00000	0.01218	-0.00721	-0.01059	-0.00615	0.01218	-0.00129	0.01132	6.05922	0.00000
12157	0.00000	0.01218	-0.00882	-0.00983	-0.00785	0.01218	-0.00315	0.01001	6.05769	0.00000
12177	0.00000	0.01218	-0.00398	-0.01215	-0.00254	0.01218	0.00243	0.00475	6.05769	0.00000
12197	0.00000	0.00251	-0.00398	-0.00100	-0.00390	0.00251	-0.00315	0.09941	6.05769	0.00000
12217	0.00000	0.00251	0.20393	-0.09896	0.21527	0.00251	0.23692	0.01583	6.05769	0.00000
12237	0.00000	-0.00555	-0.01526	0.01328	-0.01698	-0.00555	-0.02083	0.01583	6.05922	0.00000
12257	0.00000	-0.08775	-0.01849	0.10949	-0.02993	-0.08775	-0.07201	0.01450	6.05769	0.00000
12277	0.00000	-0.00233	-0.01365	0.00911	-0.01467	-0.00233	-0.01711	0.02910	6.05769	0.00000
12297	0.00000	0.01540	0.00408	-0.01950	0.00646	0.01540	0.01360	0.01207	6.05769	-3.99475
12317	0.00000	-0.00394	-0.01849	0.01324	-0.01996	-0.00394	-0.02362	0.01333	6.05769	0.00000
12337	0.00000	0.01056	0.00569	-0.01469	0.00750	0.01056	0.01267	0.01738	6.05769	0.00000
12357	0.00000	-0.00555	0.21521	-0.09502	0.22621	-0.00555	0.24530	0.01932	6.05769	0.00000
12377	0.00000	0.00895	-0.15871	0.06450	-0.16624	0.00895	-0.17809	0.00281	6.05922	0.00000
12397	0.00000	-0.00394	-0.02171	0.01476	-0.02336	-0.00394	-0.02734	0.02398	6.05922	0.00000
12417	0.00000	0.01218	-0.00237	-0.01287	-0.00105	0.01218	0.00429	0.00475	6.05769	0.00000
12437	0.00000	0.01218	0.00247	-0.01507	0.00430	0.01218	0.00988	0.01443	6.05922	0.00000
12457	0.00000	-0.00878	0.00085	0.00968	-0.00014	-0.00878	-0.00408	0.01692	6.05922	0.00000
12477	0.00000	-0.00233	-0.00076	0.00303	-0.00108	-0.00233	-0.00222	0.01443	6.05769	0.00000
12497	0.00000	0.01540	-0.02171	-0.00746	-0.02105	0.01540	-0.01618	0.02862	6.05769	0.00000
12517	0.00000	-0.00233	-0.01365	0.00886	-0.01482	-0.00233	-0.01711	0.11194	6.05922	0.00000
12537	0.00000	-0.00394	-0.00237	0.00564	-0.00297	-0.00394	-0.00501	0.02919	6.05922	0.00000
12557	0.00000	-0.00555	-0.01365	0.01255	-0.01527	-0.00555	-0.01897	0.02578	6.05769	0.00000
12577	0.00000	0.01701	0.00247	-0.02062	0.00497	0.01701	0.01267	0.02155	6.05769	0.00000
12597	0.00000	-0.00233	-0.00398	0.00455	-0.00447	-0.00233	-0.00594	0.02145	6.05769	0.00000
12617	0.00000	0.01218	-0.02171	-0.00375	-0.02144	0.01218	-0.01804	0.02175	6.05922	0.00000
12637	0.00000	0.01218	-0.01849	-0.00558	-0.01795	0.01218	-0.01432	0.01450	6.05922	0.00000
12657	0.00000	-0.00233	0.01858	-0.00575	0.01941	-0.00233	0.02011	0.03292	6.05769	-3.95357
12677	0.00000	0.01218	-0.01849	-0.00527	-0.01804	0.01218	-0.01432	0.01093	6.05769	0.00000
12697	0.00000	0.01218	-0.01849	-0.00527	-0.01804	0.01218	-0.01432	0.01444	6.05769	0.00000
12717	0.00000	-0.00233	0.16041	-0.07005	0.17002	-0.00233	0.18388	0.01932	6.05769	-3.99475
12737	0.00000	-0.03618	0.00408	0.03963	-0.00001	-0.03618	-0.01618	0.01511	6.05769	3.95357
12757	0.00000	0.00251	-0.00559	-0.00034	-0.00559	0.00251	-0.00501	0.03039	6.05769	0.00000
12777	0.00000	0.01218	-0.16677	0.06164	-0.17541	0.01218	-0.18553	0.00565	6.05769	-3.94341
12797	0.00000	-0.04262	-0.01688	0.05690	-0.02286	-0.04262	-0.04409	0.01517	6.05922	0.00000
12817	0.00000	0.01218	-0.02010	-0.00485	-0.01966	0.01218	-0.01618	0.01690	6.05922	0.00000
12837	0.00000	0.00895	-0.01849	-0.00157	-0.01842	0.00895	-0.01618	0.01259	6.05922	3.99475
12857	0.00000	-0.00233	0.18459	-0.08430	0.19431	-0.00233	0.21180	0.01830	6.05769	0.00000
12877	0.00000	0.01056	0.00085	-0.01253	0.00216	0.01056	0.00708	0.02041	6.05922	0.00000
12897	0.00000	-0.00716	-0.01526	0.01513	-0.01720	-0.00716	-0.02176	0.01932	6.05769	0.00000
12917	0.00000	-0.03940	-0.02010	0.05472	-0.02588	-0.03940	-0.04596	0.01450	6.05769	3.93330
12937	0.00000	-0.00233	-0.02171	0.01291	-0.02316	-0.00233	-0.02641	0.01684	6.05769	0.00000
12957	0.00000	0.01218	0.00085	-0.01439	0.00235	0.01218	0.00802	0.00620	6.05769	0.00000
12977	0.00000	-0.01361	-0.00237	0.01675	-0.00412	-0.01361	-0.01060	0.02875	6.05769	0.00000
12997	0.00000	0.01218	-0.01688	-0.00631	-0.01624	0.01218	-0.01246	0.01333	6.05769	0.00000
13017	0.00000	-0.00233	0.02342	-0.00836	0.02441	-0.00233	0.02570	0.01758	6.05922	0.00000
13037	0.00000	0.01379	-0.02171	-0.00561	-0.02125	0.01379	-0.01711	0.00717	6.05922	0.00000
13057	0.00000	-0.00233	0.00085	0.00228	0.00058	-0.00233	-0.00036	0.05748	6.05922	0.00000
13077	0.00000	0.01218	-0.00237	-0.01288	-0.00083	0.01218	0.00429	0.00281	6.05769	0.00000
13097	0.00000	-0.00233	-0.00237	0.00379	-0.00278	-0.00233	-0.00408	0.02155	6.05922	0.00000
13117	0.00000	-0.00233	-0.01849	0.01139	-0.01977	-0.00233	-0.02269	0.02031	6.05769	0.00000
13137	0.00000	-0.00233	-0.00237	0.00379	-0.00278	-0.00233	-0.00408	0.02090	6.05769	0.00000
13157	0.00000	0.01218	-0.01849	-0.00558	-0.01795	0.01218	-0.01432	0.01124	6.05922	0.00000
13177	0.00000	0.01379	-0.01849	-0.00742	-0.01772	0.01379	-0.01339	0.00923	6.05769	0.00000
13197	0.00000	-0.00233	0.00408	0.00082	0.00401	-0.00233	0.00336	0.07043	6.05769	-3.95357
13217	0.00000	0.01218	-0.00237	-0.01288	-0.00083	0.01218	0.00429	0.00589	6.05922	0.00000
13237	0.00000	-0.00233	-0.00882	0.00683	-0.00957	-0.00233	-0.01153	0.02899	6.05769	3.98438
13257	0.00000	-0.00233	-0.01849	0.01139	-0.01977	-0.00233	-0.02269	0.02031	6.05769	0.00000
13277	0.00000	-0.00878	0.00408	0.00681	0.00554	-0.00878	-0.00036	0.02155	6.05769	0.00000
13297	0.00000	-0.00878	-0.01526	0.01727	-0.01714	-0.00878	-0.02269	0.01434	6.05922	0.00000
13317	0.00000	0.01218	-0.15387	0.05852	-0.16076	0.01218	-0.17065	0.00659	6.05922	0.00000
13337	0.00000	0.01379	0.00247	-0.01700	0.00424	0.01379	0.01081	0.02549	6.05922	0.00000
13357	0.00000	0.01056	-0.02010	-0.00266	-0.01993	0.01056	-0.01711	0.01444	6.05769	0.00000
13377	1.00000	0.11855	0.53111	0.29655	0.62515	0.11855	0.68172	0.67632	0.31600	42.25842
13397	1.00000	-0.73727	0.42635	0.54943	0.49607	-0.73727	0.06664	0.71124	1.00322	32.04147
13417	1.00000	-0.60673	0.64877	0.58706	0.42722	-0.60673	0.39884	0.81850	1.51557	31.62856
13437	1.00000	-0.73244	0.11367	0.50385	0.60630	-0.73244	-0.29161	0.76285	2.20126	35.58213
13457	1.00000	-0.04101	-0.71314	0.54352	0.65106	-0.04101	-0.84714	0.82948	2.87775	35.67407
13477	1.00000	0.66492	-0.75182	0.57864	0.58455	0.66492	-0.48423	0.86526	3.52355	31.95802
13497	1.00000	0.73423	-0.86948	0.76098	0.54451	0.73423	-0.58008	0.92046	4.06658	23.96852
13517	1.00000	0.42478	-0.97585	0.81920	0.53526	0.42478	-0.88157	1.00130	4.59427	27.67499
13537	1.00000	0.45540	-0.67446	0.60906	0.32020	0.45540	-0.51587	0.89413	5.18792	31.62856
13557	1.00000	0.70683	-0.68090	0.49969	0.62677	0.70683	-0.37815	0.76535	5.83680	35.67407
13577	1.00000	0.34580	0.33931	0.48897	0.47988	0.34580	0.59146	0.70241	0.25771	25.63755
13597	1.00000	-0.59544	0.65682	0.37152	0.62322	-0.59544	0.41466	0.69031	0.98328	39.23236
13617	1.00000	-0.53742	-0.19739	0.53153	0.54394	-0.53742	-0.53820	0.92343	1.65823	35.67376
13637	1.00000	0.44251	-0.83885	0.57408	0.61221	0.44251	-0.71314	0.84055	2.35466	32.04147
13657	1.00000	0.89379	-0.32310	0.59580	0.68135	0.89379	0.14294	0.90587	3.03421	35.95277
13677	1.00000	0.37159	0.49888	0.64868	0.58508	0.37159	0.79059	0.90238	3.67388	31.62795
13697	1.00000	0.37320	0.60364	0.75807	0.63012	0.37320	0.91249	0.95081	4.24299	31.62856
13717	1.00000	0.55210	0.34899	0.74231	0.52396	0.55210	0.72173	1.10337	4.78449	31.71029
13737	1.00000	0.33130	0.55529	0.65177	0.61467	0.33130	0.83246	0.80278	5.39961	35.95277
13757	1.00000	-0.44233	0.75192	0.53976	0.52903	-0.44233	0.61286	0.78717	6.07150	35.95277
13777	1.00000	-0.58094	-0.06362	0.41416	0.57713	-0.58094	-0.40886	0.75744	0.52002	42.25846
13797	1.00000	0.52309	-0.86142	0.60107	0.62618	0.52309	-0.69267	0.88301	1.21951	35.76649
13817	1.00000	0.74390	-0.16838	0.50368	0.59575	0.74390	0.23506	0.82351	1.90827	35.58213
13837	1.00000	0.06536	0.50049	0.37565	0.49208	0.06536	0.61565	0.74478	2.58783	35.67407
13857	1.00000	-0.78563	0.49888	0.61318	0.50610	-0.78563	0.12247	0.79180	3.27505	31.95802
13877	1.00000	-0.90973	0.23616	0.69216	0.64198	-0.90973	-0.25253	0.92136	3.88404	32.04147
13897	1.00000	-0.99354	0.34576	0.80110	0.61291	-0.99354	-0.17437	0.97916	4.43320	31.95802
13917	1.00000	-0.95325	0.39895	0.73650	0.61176	-0.95325	-0.08969	0.94748	5.00998	31.62856
13937	1.00000	-0.74372	0.04921	0.56586	0.60961	-0.74372	-0.37257	0.76144	5.62818	35.58213
13957	1.00000	0.01218	-0.58904	0.38747	0.55055	0.01218	-0.67313	0.72609	0.03682	39.33295
13977	1.00000	0.78903	-0.21673	0.47447	0.66297	0.78903	0.20529	0.80105	0.77159	42.14228
13997	1.00000	-0.02167	0.62298	0.46020	0.53686	-0.02167	0.70684	0.79096	1.45268	35.67376
14017	1.00000	-0.69859	0.46019	0.47031	0.53219	-0.69859	0.12805	0.73186	2.14757	36.04602
14037	1.00000	-0.35852	-0.50684	0.61860	0.61110	-0.35852	-0.79224	0.90266	2.83633	31.95740
14057	1.00000	0.35708	-0.86464	0.65453	0.57154	0.35708	-0.79224	0.90982	3.46986	35.58213
14077	1.00000	0.69393	-0.87270	0.69206	0.60916	0.69393	-0.60706	0.91882	4.07425	27.67499
14097	1.00000	0.60529	-0.99197	0.81737	0.57595	0.60529	-0.79596	0.94955	4.61421	27.60385
14117	1.00000	0.52631	-0.90816	0.71114	0.57086	0.52631	-0.74478	0.91696	5.19713	31.62856
14137	1.00000	0.82932	-0.47460	0.62234	0.55247	0.82932	-0.06922	0.82070	5.85674	35.95277
14157	1.00000	0.27005	0.46503	0.48805	0.56101	0.27005	0.69288	0.79315	0.27918	37.92808
14177	1.00000	-0.79691	0.55206	0.53060	0.62042	-0.79691	0.17737	0.71495	1.00322	40.05183
14197	1.00000	-0.39720	-0.43109	0.61645	0.55350	-0.39720	-0.72710	0.76899	1.68431	31.95802
14217	1.00000	0.47313	-0.83885	0.58038	0.60878	0.47313	-0.69546	0.92739	2.35619	35.95277
14237	1.00000	0.84544	-0.24574	0.57975	0.64836	0.84544	0.20436	0.87976	3.03575	35.58213
14257	1.00000	0.52954	0.39895	0.67248	0.64450	0.52954	0.76640	0.88788	3.66621	31.62856
14277	1.00000	0.75518	0.16203	0.78157	0.58952	0.75518	0.62309	0.91660	4.19237	28.03628
14297	1.00000	0.70683	-0.94200	0.82173	0.53498	0.70683	-0.67965	0.95564	4.62342	23.96852
14317	1.00000	0.62141	-0.88076	0.65964	0.61987	0.62141	-0.65824	0.90088	5.21553	31.71029
14337	1.00000	0.80998	-0.39079	0.59792	0.54665	0.80998	0.01639	0.82617	5.86441	35.58213
14357	1.00000	0.28456	0.50049	0.41731	0.67647	0.28456	0.74220	0.75076	0.28839	42.61061
14377	1.00000	-0.74372	0.39089	0.48575	0.56357	-0.74372	0.02197	0.78662	1.01703	35.58198
14397	1.00000	-0.31178	-0.52457	0.60204	0.59334	-0.31178	-0.78573	0.81665	1.69505	35.67407
14417	1.00000	0.58756	-0.72926	0.46120	0.62076	0.58756	-0.50284	0.75408	2.39301	35.95277
14437	1.00000	0.73906	-0.10552	0.51379	0.61242	0.73906	0.30485	0.80982	3.05416	35.85939
14457	1.00000	0.24265	0.60686	0.60227	0.63482	0.24265	0.84084	1.06858	3.69383	35.67407
14477	1.00000	0.16368	0.68745	0.68680	0.58653	0.16368	0.88829	0.90735	4.25986	27.67499
14497	1.00000	0.33935	0.60041	0.74970	0.58627	0.33935	0.88922	0.81459	4.81670	31.95802
14517	1.00000	0.19752	0.61653	0.60319	0.59771	0.19752	0.82595	0.70549	5.41649	31.95678
14537	1.00000	-0.56643	0.70679	0.49627	0.56008	-0.56643	0.48910	0.89221	6.09757	35.58090
14557	1.00000	-0.53097	-0.14420	0.45990	0.54242	-0.53097	-0.47307	0.62080	0.52002	33.71387
14577	1.00000	0.49408	-0.80501	0.59525	0.55215	0.49408	-0.64429	0.84420	1.21338	35.95277
14597	1.00000	0.78580	-0.19900	0.52022	0.63002	0.78580	0.22390	0.86867	1.90827	35.67407
14617	1.00000	0.09437	0.62459	0.47509	0.62030	0.09437	0.77570	0.73531	2.58322	35.58213
14637	1.00000	-0.65830	0.65682	0.52683	0.54670	-0.65830	0.37837	0.73422	3.25051	31.95740
14657	1.00000	-0.93874	0.40217	0.68887	0.64238	-0.93874	-0.07759	0.92755	3.86870	31.87502
14677	1.00000	-1.04511	0.41507	0.85391	0.61514	-1.04511	-0.12412	0.99187	4.42707	27.74650
14697	1.00000	-0.94841	0.54723	0.77350	0.55515	-0.94841	0.08432	0.90687	4.98390	27.74650
14717	1.00000	-0.85171	0.21682	0.58942	0.66041	-0.85171	-0.24137	0.87544	5.61284	47.32088
14737	1.00000	-0.11515	-0.58259	0.46857	0.58317	-0.11515	-0.73920	0.86349	0.01381	39.53570
14757	1.00000	0.77130	-0.31504	0.49446	0.59751	0.77130	0.08153	0.79619	0.74705	42.14245
14777	1.00000	0.17496	0.58752	0.51056	0.61430	0.17496	0.77942	0.71276	1.43274	35.67407
14797	1.00000	-0.63090	0.56173	0.48091	0.49754	-0.63090	0.28438	0.75804	2.12150	36.04665
14817	1.00000	-0.62284	-0.15710	0.56167	0.60422	-0.62284	-0.54100	0.78216	2.80258	35.95277
14837	1.00000	0.19591	-0.79211	0.60390	0.56223	0.19591	-0.80154	0.85838	3.45606	31.62856
14857	1.00000	0.55533	-1.00325	0.77852	0.63577	0.55533	-0.83783	0.95000	4.04818	27.67499
14877	1.00000	0.45379	-0.95812	0.84076	0.46026	0.45379	-0.84435	0.96808	4.59120	27.67499
14897	1.00000	0.38448	-0.87431	0.69673	0.53170	0.38448	-0.78759	0.91588	5.18025	28.03628
14917	1.00000	0.66815	-0.66962	0.53033	0.56145	0.66815	-0.38746	0.78132	5.82606	23.90626
14937	1.00000	0.37320	0.34415	0.46734	0.54443	0.37320	0.61286	0.72987	0.25771	42.25842
14957	1.00000	-0.58255	0.55529	0.38733	0.53125	-0.58255	0.30485	0.70711	0.98635	35.95277
14977	1.00000	-0.58416	-0.24252	0.58976	0.61195	-0.58416	-0.61730	0.73110	1.66284	35.95247
14997	1.00000	0.44573	-0.80984	0.56044	0.58644	0.44573	-0.67778	0.84730	2.35466	35.58213
15017	1.00000	0.87445	-0.32310	0.63053	0.61998	0.87445	0.13178	0.89966	3.02194	31.46636
15037	1.00000	0.44573	0.41668	0.65824	0.55733	0.44573	0.73848	0.91257	3.66621	31.95802
15057	1.00000	0.45218	0.51660	0.76854	0.59093	0.45218	0.85759	0.94092	4.23225	27.81838
15077	1.00000	0.57950	0.36510	0.76840	0.56310	0.57950	0.75616	0.93044	4.78755	27.74650
15097	1.00000	0.38932	0.47470	0.64722	0.57438	0.38932	0.77291	0.88538	5.38734	31.71029
15117	1.00000	-0.30856	0.74547	0.51797	0.54115	-0.30856	0.68265	0.73765	6.05616	35.67407
15137	1.00000	-0.58094	0.02825	0.39199	0.52484	-0.58094	-0.30278	0.70802	0.50621	25.56634
15157	1.00000	0.42800	-0.80501	0.56626	0.57295	0.42800	-0.68244	0.81578	1.20571	35.58213
15177	1.00000	0.82771	-0.27153	0.54997	0.64000	0.82771	0.16434	0.84145	1.89753	35.95277
15197	1.00000	0.13950	0.59397	0.47885	0.61434	0.13950	0.76640	0.83462	2.58016	35.95216
15217	1.00000	-0.70182	0.66811	0.56268	0.55679	-0.70182	0.36627	0.79387	3.24897	35.58152
15237	1.00000	-0.95647	0.37800	0.75995	0.59215	-0.95647	-0.11575	0.94067	3.86410	27.74650
15257	1.00000	-0.98548	0.71001	0.66593	0.76847	-0.98548	0.25088	0.99439	4.41480	27.67499
15277	1.00000	-0.91134	0.47470	0.76504	0.49559	-0.91134	0.02197	0.92885	4.98390	27.96327
15297	1.00000	-0.83881	0.18781	0.64884	0.59505	-0.83881	-0.26742	0.86075	5.60823	31.87502
15317	1.00000	-0.05713	-0.62449	0.42945	0.62245	-0.05713	-0.75409	0.74672	0.03375	39.53570
15337	1.00000	0.78580	-0.27959	0.54357	0.58232	0.78580	0.13084	0.74847	0.75165	38.34963
15357	1.00000	0.49730	0.22649	0.51463	0.53235	0.49730	0.54865	0.92891	1.37445	36.04665
15377	1.00000	-0.42621	0.80349	0.55010	0.58629	-0.42621	0.68172	0.78633	2.06781	39.53539
15397	1.00000	-0.82431	0.22972	0.60446	0.59873	-0.82431	-0.21066	0.86651	2.75043	35.58152
15417	1.00000	-0.29244	-0.59548	0.64429	0.63546	-0.29244	-0.85645	0.90501	3.40851	32.04147
15437	1.00000	0.05892	-0.85658	0.71989	0.63036	0.05892	-0.95508	0.92709	4.00369	27.67438
15457	1.00000	-0.14738	-0.73570	0.73688	0.59341	-0.14738	-0.93461	0.93062	4.55132	32.04147
15477	1.00000	-0.46651	-0.40047	0.71103	0.49748	-0.46651	-0.73175	0.93021	5.08208	27.67499
15497	1.00000	-0.15706	-0.61321	0.55443	0.59601	-0.15706	-0.79875	0.85213	5.71254	35.58213
15517	1.00000	0.63108	-0.51167	0.45283	0.49443	0.63108	-0.22648	0.68045	0.13499	38.45635
15537	1.00000	0.21686	0.52627	0.47525	0.59856	0.21686	0.73290	0.74347	0.85443	39.63786
15557	1.00000	-0.58255	0.67133	0.46535	0.56154	-0.58255	0.43885	0.75553	1.53551	31.62825
15577	1.00000	-0.56160	-0.21995	0.55532	0.58418	-0.56160	-0.57822	0.76250	2.23654	35.95216
15597	1.00000	0.40382	-0.85981	0.61344	0.60314	0.40382	-0.75967	0.86772	2.91456	35.85878
15617	1.00000	0.80353	-0.61482	0.58806	0.60025	0.80353	-0.24602	0.83741	3.55423	31.95802
15637	1.00000	0.98082	-0.40208	0.73727	0.65480	0.98082	0.10200	0.95092	4.14942	27.67499
15657	1.00000	0.94697	-0.57614	0.77240	0.56042	0.94697	-0.11854	0.96193	4.69091	27.74650
15677	1.00000	0.91313	-0.39079	0.71978	0.56690	0.91313	0.07594	0.79574	5.29070	32.04147
15697	1.00000	0.44251	0.24584	0.48342	0.50295	0.44251	0.53935	0.75484	5.94878	39.84377
15717	1.00000	-0.53581	0.69389	0.46898	0.55592	-0.53581	0.49189	0.71227	0.38810	25.63755
15737	1.00000	-0.45684	-0.30699	0.54114	0.54592	-0.45684	-0.61823	0.75916	1.10140	35.95277
15757	1.00000	0.46185	-0.79050	0.56722	0.55593	0.46185	-0.64615	0.82189	1.78555	35.95247
15777	1.00000	0.78097	-0.18288	0.53658	0.61599	0.78097	0.23972	0.84567	2.47585	35.67407
15797	1.00000	0.02346	0.57140	0.52687	0.41995	0.02346	0.67334	0.76495	3.13852	0.00000
15817	1.00000	-0.60350	0.86312	0.68174	0.56526	-0.60350	0.64822	0.90529	3.77973	32.04147
15837	1.00000	-0.66475	0.93565	0.77224	0.57506	-0.66475	0.69661	0.92851	4.34117	27.96327
15857	1.00000	-0.44878	0.91309	0.73827	0.53722	-0.44878	0.79524	0.91030	4.89186	31.95802
15877	1.00000	-0.67442	0.66327	0.61543	0.46665	-0.67442	0.37650	0.91384	5.52233	31.62856
15897	1.00000	-0.71310	0.11690	0.48914	0.58805	-0.71310	-0.27673	0.82071	6.20035	39.43407
15917	1.00000	0.40382	-0.75021	0.50097	0.55936	0.40382	-0.63312	0.70793	0.64274	38.34963
15937	1.00000	0.74873	-0.11680	0.48733	0.64152	0.74873	0.29741	0.76915	1.34377	35.49066
15957	1.00000	0.02346	0.59719	0.42619	0.55967	0.02346	0.70312	0.72321	2.02332	39.53570
15977	1.00000	-0.74856	0.48598	0.53107	0.54300	-0.74856	0.12898	0.83413	2.71208	36.04665
15997	1.00000	-0.61156	-0.17805	0.58257	0.58877	-0.61156	-0.55868	0.82009	3.36402	35.49066
16017	1.00000	-0.18607	-0.68413	0.68159	0.61259	-0.18607	-0.89739	0.89333	3.98221	27.67499
16037	1.00000	-0.33273	-0.55680	0.34675	-0.82925	-0.33273	-0.83504	0.84458	4.35651	-411.17007
16057	1.00000	-0.86299	0.56496	0.67403	0.56048	-0.86299	0.15411	0.88912	4.98237	31.62856
16077	1.00000	-0.82108	0.18459	0.61436	0.60396	-0.82108	-0.26091	0.89932	5.60977	31.62856
16097	1.00000	-0.00878	-0.49395	0.34710	0.45904	-0.00878	-0.57543	0.66789	0.03068	35.95277
16117	1.00000	0.77774	-0.27636	0.51857	0.59393	0.77774	0.12991	0.77817	0.75012	37.92820
16137	1.00000	-0.00072	0.65682	0.47599	0.58986	-0.00072	0.75802	0.82951	1.45268	36.04634
16157	1.00000	-0.64702	0.53917	0.44103	0.53489	-0.64702	0.24902	0.71185	2.13223	36.04665
16177	1.00000	-0.46973	-0.28926	0.55460	0.52848	-0.46973	-0.60520	0.81683	2.80872	35.76649
16197	1.00000	0.33130	-0.83402	0.64125	0.54237	0.33130	-0.77177	0.87269	3.46680	31.62856
16217	1.00000	0.45540	-0.96779	0.83672	0.48733	0.45540	-0.85458	0.94139	4.01596	23.78271
16237	1.00000	0.00734	-0.77761	0.73874	0.50290	0.00734	-0.89367	0.93024	4.55592	27.67376
16257	1.00000	-0.03295	-0.71153	0.61144	0.57776	-0.03295	-0.84063	0.90351	5.14804	32.04147
16277	1.00000	0.50536	-0.83885	0.61096	0.58328	0.50536	-0.67685	0.87565	5.78157	35.95277
16297	1.00000	0.67459	-0.12647	0.43753	0.56818	0.67459	0.24344	0.75652	0.20709	38.03259
16317	1.00000	-0.45200	0.77609	0.54114	0.56116	-0.45200	0.63519	0.77547	0.93113	35.95262
16337	1.00000	-0.82108	0.22811	0.58516	0.61326	-0.82108	-0.21066	0.86231	1.60915	36.04665
16357	1.00000	-0.04746	-0.61805	0.47310	0.57232	-0.04746	-0.74106	0.75580	2.30404	35.67407
16377	1.00000	0.69071	-0.65834	0.53295	0.56886	0.69071	-0.36140	0.77973	2.96979	35.67407
16397	1.00000	0.88089	-0.22156	0.62078	0.67413	0.88089	0.25274	0.89700	3.60792	35.58213
16417	1.00000	0.71327	0.12657	0.69890	0.57579	0.71327	0.55796	0.93439	4.19237	32.04147
16437	1.00000	0.91957	-0.22318	0.74177	0.60824	0.91957	0.27322	0.93093	4.73540	27.89064
16457	1.00000	0.68265	0.02342	0.57527	0.55896	0.68265	0.42117	0.83781	5.34286	31.62856
16477	1.00000	0.13950	0.55206	0.45429	0.57320	0.13950	0.71801	0.74578	6.00400	35.58213
16497	1.00000	-0.63412	0.38928	0.40629	0.49391	-0.63412	0.08339	0.67878	0.44485	42.25838
16517	1.00000	-0.08130	-0.58581	0.45834	0.56547	-0.08130	-0.72338	0.71161	1.15816	35.58183
16537	1.00000	0.27005	-0.72926	0.60894	0.41581	0.27005	-0.68616	0.72820	1.73800	23.72111
16557	1.00000	0.72456	-0.55841	0.47299	0.59372	0.72456	-0.22648	0.75443	2.42676	35.95277
16577	1.00000	0.52793	0.25389	0.55307	0.57470	0.52793	0.59797	0.85864	3.08637	35.95277
16597	1.00000	-0.08292	0.75997	0.59934	0.57957	-0.08292	0.82967	0.79598	3.72911	31.62856
16617	1.00000	-0.18607	0.88730	0.72833	0.58752	-0.18607	0.91714	0.94075	4.29515	27.53307
16637	1.00000	0.11694	0.70840	0.68286	0.57565	0.11694	0.88550	0.89958	4.84124	27.67499
16657	1.00000	-0.21185	0.80994	0.60676	0.58091	-0.21185	0.81292	0.79048	5.45790	31.95802
16677	1.00000	-0.65830	0.45052	0.48545	0.46613	-0.65830	0.14015	0.71056	6.13746	39.94753
16697	1.00000	-0.13288	-0.55680	0.44576	0.58038	-0.13288	-0.71966	0.70809	0.58598	42.14245
16717	1.00000	0.74229	-0.50362	0.48393	0.58321	0.74229	-0.15297	0.74653	1.29008	36.04665
16737	1.00000	0.31840	0.50693	0.57599	0.60099	0.31840	0.76919	0.80895	1.98037	35.67407
16757	1.00000	-0.58094	0.78415	0.57031	0.58061	-0.58094	0.57005	0.80804	2.65685	35.58152
16777	1.00000	-0.86460	0.26840	0.65258	0.59792	-0.86460	-0.18926	0.89522	3.31186	35.58213
16797	1.00000	-1.06768	0.40217	0.85336	0.65928	-1.06768	-0.15204	0.93267	3.86410	28.03628
16817	1.00000	-0.96775	0.51660	0.79222	0.55696	-0.96775	0.03779	0.96644	4.41019	27.89064
16837	1.00000	-0.86460	0.65682	0.69601	0.57465	-0.86460	0.25926	0.87751	4.97010	31.95802
16857	1.00000	-0.88717	0.24261	0.67447	0.62123	-0.88717	-0.23206	0.93061	5.60210	35.58213
16877	1.00000	-0.16834	-0.57292	0.49916	0.59567	-0.16834	-0.75874	0.77228	0.00767	35.49066
16897	1.00000	0.71327	-0.38435	0.49213	0.51724	0.71327	-0.03200	0.67944	0.72711	38.45645
16917	1.00000	0.17174	0.57946	0.51384	0.59637	0.17174	0.76826	0.77321	1.42967	35.58213
16937	1.00000	-0.57771	0.66811	0.45483	0.56447	-0.57771	0.43792	0.71153	2.10769	35.58213
16957	1.00000	-0.55999	-0.19094	0.54379	0.55999	-0.55999	-0.54379	0.80068	2.79952	35.95277
16977	1.00000	0.07503	-0.77116	0.58224	0.61991	0.07503	-0.84714	0.53723	3.44839	31.71029
16997	1.00000	0.51342	-0.96779	0.77452	0.58128	0.51342	-0.82109	0.96047	4.03897	32.04147
17017	1.00000	-0.02973	-0.80178	0.86853	0.36845	-0.02973	-0.94298	0.93183	4.52218	19.76785
17037	1.00000	-0.53097	-0.43109	0.74085	0.61636	-0.53097	-0.80434	0.90874	5.09282	31.71029
17057	1.00000	-0.06680	-0.64867	0.53331	0.58331	-0.06680	-0.78759	0.78562	5.72328	31.62856
17077	1.00000	0.58434	-0.47783	0.36830	0.50174	0.58434	-0.21438	0.69191	0.14419	38.34953
17097	1.00000	0.17818	0.55529	0.46677	0.60615	0.17818	0.74406	0.84587	0.86517	35.58198
17117	1.00000	-0.70665	0.48437	0.54608	0.47326	-0.70665	0.15132	0.78045	1.56006	31.95802
17137	1.00000	-0.55032	-0.30537	0.58625	0.63911	-0.55032	-0.67034	0.71425	2.24268	35.85878
17157	1.00000	0.42639	-0.81468	0.58757	0.56470	0.42639	-0.69453	0.85179	2.91763	35.95216
17177	1.00000	0.86155	-0.49233	0.68905	0.52203	0.86155	-0.07108	0.90482	3.56037	31.71029
17197	1.00000	0.97760	-0.43109	0.75299	0.62695	0.97760	0.06664	0.96673	4.14482	27.74650
17217	1.00000	0.99533	-0.55680	0.82034	0.56773	0.99533	-0.06829	0.93030	4.69398	27.96327
17237	1.00000	0.83738	-0.45204	0.67023	0.50338	0.83738	-0.03851	0.88003	5.27689	31.95802
17257	1.00000	0.71811	0.02986	0.55252	0.64187	0.71811	0.44909	0.77748	5.92884	35.76526
17277	1.00000	-0.49068	0.70840	0.54584	0.47816	-0.49068	0.53469	0.59684	0.36816	25.56634
17297	1.00000	-0.59222	-0.08618	0.46024	0.57766	-0.59222	-0.44143	0.66737	1.08452	35.95277
17317	1.00000	-0.32306	-0.51973	0.61856	0.58357	-0.32306	-0.78666	0.62393	1.69045	35.67407
17337	1.00000	0.55855	-0.80017	0.56584	0.59454	0.55855	-0.60148	0.83441	2.37000	35.58213
17357	1.00000	0.81804	-0.22156	0.57746	0.61850	0.81804	0.21645	0.76354	3.03421	35.67407
17377	1.00000	0.41027	0.51983	0.68197	0.63561	0.41027	0.83712	0.88744	3.67695	31.95740
17397	1.00000	0.29423	0.61331	0.73019	0.56943	0.29423	0.87806	0.92689	4.24606	27.89064
17417	1.00000	0.39093	0.51983	0.73294	0.54566	0.39093	0.82595	0.98518	4.80443	31.62856
17437	1.00000	0.12338	0.58913	0.59449	0.47593	0.12338	0.75151	0.87876	5.40882	35.48943
17457	1.00000	-0.55999	0.71807	0.52536	0.54164	-0.55999	0.50585	0.75212	6.09297	35.95277
17477	1.00000	-0.48907	-0.16838	0.42980	0.53081	-0.48907	-0.47679	0.65693	0.52769	42.61061
17497	1.00000	0.60368	-0.65834	0.51731	0.51594	0.60368	-0.41165	0.79125	1.24559	35.95277
17517	1.00000	0.73100	-0.07006	0.50758	0.62695	0.73100	0.34114	0.75429	1.92054	35.95247
17537	1.00000	-0.10226	0.63587	0.44283	0.51979	-0.10226	0.67520	0.76776	2.60623	35.85939
17557	1.00000	-0.83559	0.55367	0.65716	0.53932	-0.83559	0.15690	0.82625	3.27045	31.62856
17577	1.00000	-0.88717	0.21038	0.67349	0.63712	-0.88717	-0.26928	0.91018	3.88711	31.62856
17597	1.00000	-0.96614	0.26840	0.80807	0.58462	-0.96614	-0.24788	0.96550	4.43781	27.67499
17617	1.00000	-1.07090	0.38928	0.87558	0.63924	-1.07090	-0.16879	0.92789	5.00538	28.03628
17637	1.00000	-0.70504	-0.02816	0.57051	0.60398	-0.70504	-0.43957	0.78762	5.63585	35.85939
17657	1.00000	0.14595	-0.65673	0.43915	0.53176	0.14595	-0.67406	0.68612	0.04602	39.94753
17677	1.00000	0.65686	-0.11680	0.38863	0.58316	0.65686	0.24437	0.67851	0.77926	38.34946
17697	1.00000	-0.14255	0.67455	0.48197	0.52272	-0.14255	0.69661	0.77707	1.46495	35.85939
17717	1.00000	-0.82431	0.34576	0.58127	0.58946	-0.82431	-0.07666	0.85453	2.16905	47.44284
17737	1.00000	-0.31178	-0.55680	0.62313	0.62140	-0.31178	-0.82295	0.83885	2.83633	35.58213
17757	1.00000	0.42800	-0.89043	0.66704	0.59021	0.42800	-0.78107	0.91606	3.47753	31.46636
17777	1.00000	0.74229	-0.86142	0.68998	0.62874	0.74229	-0.56612	0.91919	4.08039	27.96327
17797	1.00000	0.62946	-0.97424	0.80185	0.57714	0.62946	-0.76153	0.93716	4.62035	27.96327
17817	1.00000	0.57789	-0.91460	0.69661	0.60872	0.57789	-0.72245	1.13378	5.20480	31.95802
17837	1.00000	0.79386	-0.43753	0.58057	0.54339	0.79386	-0.04689	0.84220	5.86134	35.58213
17857	1.00000	0.20075	0.49726	0.45544	0.55589	0.20075	0.69009	0.72322	0.28532	38.24327
17877	1.00000	-0.80497	0.49404	0.51966	0.62369	-0.80497	0.10572	0.80283	1.01089	35.67392
17897	1.00000	-0.31500	-0.48266	0.58648	0.54921	-0.31500	-0.73920	0.83153	1.68891	35.58213
17917	1.00000	0.60690	-0.69380	0.50123	0.56586	0.60690	-0.45074	0.76795	2.39148	35.95277
17937	1.00000	0.67298	0.00891	0.50802	0.59490	0.67298	0.39884	0.74558	3.06796	35.95277
17957	1.00000	0.21848	0.56818	0.56395	0.58430	0.21848	0.78221	0.87161	3.69843	31.95802
17977	1.00000	-0.03456	0.82283	0.71782	0.59241	-0.03456	0.93017	0.87964	4.27674	31.62856
17997	1.00000	0.25555	0.64232	0.70938	0.59398	0.25555	0.88923	0.92453	4.82744	31.62856
18017	1.00000	-0.05391	0.74063	0.57450	0.59316	-0.05391	0.82409	0.77670	5.44410	31.95802
18037	1.00000	-0.58900	0.60203	0.42997	0.53671	-0.58900	0.35510	0.65200	6.11905	35.85939
18057	1.00000	-0.19896	-0.48911	0.49407	0.50734	-0.19896	-0.67965	0.72994	0.56757	25.28539
18077	1.00000	0.65525	-0.65995	0.43019	0.62570	0.65525	-0.38374	0.71059	1.27014	35.95277
18097	1.00000	0.48763	0.16525	0.46781	0.49191	0.48763	0.47235	0.72999	1.94509	36.04665
18117	1.00000	-0.42621	0.82283	0.57819	0.58559	-0.42621	0.70405	0.81440	2.63385	35.58213
18137	1.00000	-0.83075	0.39089	0.65143	0.51621	-0.83075	-0.02828	0.88629	3.28885	31.62856
18157	1.00000	-0.78724	-0.06684	0.71953	0.62021	-0.78724	-0.53169	0.90955	3.91319	27.96327
18177	1.00000	-0.91940	0.15880	0.77158	0.60880	-0.91940	-0.34745	0.96521	4.45315	27.96327
18197	1.00000	-0.60189	0.88730	0.73800	0.52533	-0.60189	0.67706	0.91983	4.91181	28.03628
18217	1.00000	-0.61801	0.68745	0.42506	0.62620	-0.61801	0.43699	0.79897	5.54227	31.62856
18237	1.00000	-0.61640	-0.06523	0.47357	0.58446	-0.61640	-0.43119	0.71734	6.22336	35.21905
18257	1.00000	0.52954	-0.61321	0.51305	0.42311	0.52954	-0.40235	0.77824	0.66421	38.45645
18277	1.00000	0.54566	0.14268	0.48063	0.54489	0.54566	0.47979	0.80028	1.36678	35.58183
18297	1.00000	-0.29244	0.71001	0.50478	0.50443	-0.29244	0.65101	0.75187	2.05400	35.67407
18317	1.00000	-0.84365	0.25873	0.64591	0.57438	-0.84365	-0.18833	0.88788	2.74276	31.95740
18337	1.00000	-0.40043	-0.45204	0.64194	0.56164	-0.40043	-0.75316	0.88020	3.38856	31.95802
18357	1.00000	-0.08936	-0.70347	0.63611	0.59126	-0.08936	-0.86389	0.90540	3.99142	28.03628
18377	1.00000	-0.13771	-0.78728	0.78849	0.61191	-0.13771	-0.98858	0.92844	4.55132	27.67499
18397	1.00000	-0.25376	-0.64545	0.70416	0.60314	-0.25376	-0.89181	0.90588	5.11736	31.30582
18417	1.00000	0.13628	-0.72764	0.48747	0.60066	0.13628	-0.76153	0.81467	5.75089	35.58090
18437	1.00000	0.76324	-0.30537	0.50170	0.58182	0.76324	0.08804	0.79759	0.17948	38.24329
18457	1.00000	-0.19251	0.66166	0.45001	0.51061	-0.19251	0.65287	0.69188	0.90658	35.67392
18477	1.00000	-0.81947	0.34899	0.57944	0.58361	-0.81947	-0.07015	0.85802	1.59534	32.04147
18497	1.00000	-0.20218	-0.56970	0.54711	0.58438	-0.20218	-0.77456	0.80508	2.28103	35.95277
18517	1.00000	0.63591	-0.79856	0.58779	0.60563	0.63591	-0.55495	0.84882	2.94831	31.95802
18537	1.00000	0.88734	-0.28926	0.65861	0.62078	0.88734	0.17830	0.90323	3.59412	31.62856
18557	1.00000	0.87445	-0.12164	0.71098	0.62594	0.87445	0.36441	0.92046	4.17550	27.67499
18577	1.00000	0.98727	-0.37468	0.80247	0.59111	0.98727	0.13736	1.00258	4.71699	27.67499
18597	1.00000	0.86155	-0.20867	0.64875	0.62219	0.86155	0.25647	0.90145	5.31985	31.95802
18617	1.00000	0.29100	0.46825	0.51795	0.56445	0.29100	0.70870	0.80342	5.97792	39.74055
18637	1.00000	-0.45361	0.57301	0.23570	0.55675	-0.45361	0.39977	0.62636	0.41724	25.56634
18657	1.00000	-0.25698	-0.48105	0.50891	0.54991	-0.25698	-0.70384	0.85976	1.13054	35.95277
18677	1.00000	0.58273	-0.68413	0.48304	0.55850	0.58273	-0.45353	0.75277	1.81777	35.67407
18697	1.00000	0.63914	0.07822	0.50969	0.59966	0.63914	0.45932	0.74345	2.50192	35.58213
18717	1.00000	-0.05874	0.70356	0.51541	0.58632	-0.05874	0.77849	0.75856	3.16767	31.62795
18737	1.00000	-0.66797	0.77770	0.61886	0.57060	-0.66797	0.51236	0.86572	3.79967	27.96327
18757	1.00000	-0.74050	0.84862	0.74965	0.53978	-0.74050	0.55237	0.91234	4.35651	27.89064
18777	1.00000	-0.65830	0.89052	0.72392	0.57390	-0.65830	0.64822	0.91195	4.92254	27.67499
18797	1.00000	-0.67764	0.61975	0.54719	0.51471	-0.67764	0.32439	0.80020	5.53920	31.62856
18817	1.00000	-0.60028	-0.04589	0.45985	0.55539	-0.60028	-0.39956	0.74265	6.22643	35.58213
18837	1.00000	0.52793	-0.77761	0.50384	0.61364	0.52793	-0.59311	0.76765	0.66421	42.25838
18857	1.00000	0.75840	-0.41981	0.55410	0.51990	0.75840	-0.04689	0.77313	1.28854	27.74650
18877	1.00000	0.36514	0.37477	0.52684	0.51949	0.36514	0.64357	0.79685	1.96350	35.58213
18897	1.00000	-0.55032	0.78899	0.55929	0.58476	-0.55032	0.59332	0.83105	2.65532	32.04084
18917	1.00000	-0.89684	0.15236	0.82202	0.49545	-0.89684	-0.34186	0.90288	3.31340	31.95802
18937	1.00000	-0.76145	-0.00237	0.65708	0.58627	-0.76145	-0.44236	0.94450	3.90398	27.67499
18957	1.00000	-0.91618	0.14107	0.77566	0.60960	-0.91618	-0.36606	0.92499	4.45315	27.67499
18977	1.00000	-0.92262	0.25551	0.73676	0.60401	-0.92262	-0.23764	0.92557	5.02072	31.46636
18997	1.00000	-0.53097	-0.31182	0.64659	0.55512	-0.53097	-0.66662	0.85590	5.65732	31.95802
19017	1.00000	0.32001	-0.77116	0.51906	0.57527	0.32001	-0.70570	0.68005	0.06289	36.04665
19037	1.00000	0.64881	-0.09907	0.38267	0.58495	0.64881	0.26019	0.65853	0.78080	42.14228
19057	1.00000	-0.36336	0.76481	0.54969	0.53212	-0.36336	0.67334	0.81084	1.48643	36.04634
19077	1.00000	-0.82914	0.33287	0.61729	0.56147	-0.82914	-0.09434	0.77644	2.16291	35.95277
19097	1.00000	-0.23764	-0.59065	0.56983	0.63467	-0.23764	-0.81922	0.82370	2.84860	35.58213
19117	1.00000	0.53760	-0.88721	0.66475	0.59748	0.53760	-0.71407	0.90748	3.49134	31.62856
19137	1.00000	0.73906	-0.83563	0.67898	0.61218	0.73906	-0.53820	0.82374	4.08192	27.60385
19157	1.00000	0.67943	-0.95329	0.76012	0.62115	0.67943	-0.70849	1.09306	4.63416	28.03628
19177	1.00000	0.59723	-0.88559	0.62577	0.65150	0.59723	-0.67778	0.91227	5.21860	31.95802
19197	1.00000	0.81642	-0.41014	0.61757	0.53397	0.81642	-0.00222	0.78313	5.86287	32.04147
19217	1.00000	0.08631	0.50210	0.39185	0.50023	0.08631	0.62961	0.67576	0.30373	25.63755
19237	1.00000	-0.75984	0.37800	0.54208	0.53238	-0.75984	-0.00222	0.80904	1.01396	35.95262
19257	1.00000	0.01218	-0.06684	0.06876	0.01846	0.01218	-0.07015	0.33594	1.66284	23.72142
19277	1.00000	-0.07002	-0.64384	0.47550	0.62708	-0.07002	-0.78386	0.79021	2.31018	35.21905
19297	1.00000	0.66170	-0.68413	0.50034	0.59491	0.66170	-0.40793	0.77986	2.96825	35.49066
19317	1.00000	0.80998	-0.09746	0.58719	0.66125	0.80998	0.35510	0.85989	3.61866	35.95277
19337	1.00000	0.77130	0.11367	0.74007	0.61601	0.77130	0.57657	0.91402	4.19544	27.96327
19357	1.00000	0.88412	-0.13453	0.73179	0.61005	0.88412	0.35510	0.92701	4.74460	27.67499
19377	1.00000	0.37320	0.01214	-0.21043	0.38424	0.37320	0.22948	0.26081	5.46251	343.95938
19397	1.00000	-0.29728	0.71162	0.50510	0.50572	-0.29728	0.65008	0.76750	6.05462	35.58213
19417	1.00000	-0.58255	0.03792	0.39101	0.52155	-0.58255	-0.29255	0.70454	0.50315	29.82741
19437	1.00000	0.41027	-0.81790	0.58413	0.57250	0.41027	-0.70756	0.84062	1.20417	35.58213
19457	1.00000	0.73745	0.03309	0.80447	0.33452	0.73745	0.46397	0.80929	1.87913	31.95802
19477	1.00000	0.33291	0.48759	0.57124	0.59569	0.33291	0.75523	0.86338	2.55101	35.95277
19497	1.00000	-0.58738	0.80994	0.61934	0.56275	-0.58738	0.59611	0.85885	3.21829	35.67407
19517	1.00000	-0.88394	0.61331	0.69345	0.58266	-0.88394	0.19784	0.87469	3.83495	31.54664
19537	1.00000	-0.89039	0.66005	0.74893	0.54159	-0.89039	0.24809	0.93070	4.38872	27.67376
19557	1.00000	-0.75662	0.70840	0.64968	0.54366	-0.75662	0.38116	0.87441	4.95476	28.03628
19577	1.00000	-0.91134	0.44247	0.68912	0.59650	-0.91134	-0.01525	0.87953	5.58216	36.04665
19597	1.00000	-0.24248	-0.51973	0.54100	0.56026	-0.24248	-0.74013	0.74955	6.27398	35.67284
19617	1.00000	0.66492	-0.49878	0.45101	0.52493	0.66492	-0.19205	0.65150	0.71330	38.45645
19637	1.00000	0.41027	0.42635	0.59421	0.58896	0.41027	0.72917	0.85553	1.39746	35.85939
19657	1.00000	0.15240	0.58430	0.50475	0.59165	0.15240	0.76267	0.76218	2.00338	35.58183
19677	1.00000	-0.67603	0.62620	0.44956	0.60463	-0.67603	0.33277	0.78748	2.69674	35.58213
19697	1.00000	-0.63251	-0.14904	0.58235	0.59126	-0.63251	-0.53727	0.80033	3.36095	36.04665
19717	1.00000	-0.35852	-0.60354	0.72031	0.65318	-0.35852	-0.90390	0.92568	3.96687	32.04147
19737	1.00000	-0.45200	-0.55680	0.83568	0.56823	-0.45200	-0.90390	0.93897	4.51604	19.97376
19757	1.00000	-0.45200	-0.55680	0.78871	0.63181	-0.45200	-0.90390	0.93814	5.10049	31.71029
19777	1.00000	-0.00555	-0.67285	0.53217	0.57047	-0.00555	-0.78014	0.75855	5.72942	31.71029
19797	1.00000	0.63752	-0.52618	0.42613	0.53119	0.63752	-0.23951	0.65303	0.13806	42.14233
19817	1.00000	0.10566	0.58268	0.43682	0.59896	0.10566	0.73383	0.80686	0.87590	35.67407
19837	1.00000	-0.63251	0.65199	0.40979	0.61835	-0.63251	0.38767	0.72637	1.55392	35.39966
19857	1.00000	-0.36497	-0.39241	0.54804	0.52292	-0.36497	-0.66383	0.79844	2.25342	35.95277
19877	1.00000	0.47313	-0.91622	0.61086	0.68301	0.47313	-0.78479	0.89952	2.92377	35.95277
19897	1.00000	0.83738	-0.55680	0.62124	0.58368	0.83738	-0.15948	0.89601	3.56037	32.04147
19917	1.00000	0.97760	-0.36340	0.72284	0.67380	0.97760	0.14480	0.95589	4.15555	31.62856
19937	1.00000	0.96470	-0.59226	0.75374	0.61523	0.96470	-0.12691	0.92755	4.69552	27.74650
19957	1.00000	0.94859	-0.44237	0.71908	0.61966	0.94859	0.03686	0.90939	5.29377	35.58213
19977	1.00000	0.41027	0.40217	0.55650	0.59187	0.41027	0.70126	0.80157	5.96412	35.95277
19997	1.00000	-0.54548	0.60525	0.41852	0.51938	-0.54548	0.38395	0.66070	0.40190	29.82732
20017	1.00000	-0.37947	-0.43592	0.57496	0.57903	-0.37947	-0.72245	0.85372	1.11520	36.04634
20037	1.00000	0.53760	-0.77600	0.56994	0.55420	0.53760	-0.58566	0.80852	1.79476	35.85909
20057	1.00000	0.73423	-0.08618	0.50655	0.62263	0.73423	0.32439	0.73551	2.48965	31.70967
20077	1.00000	0.08470	0.64877	0.51198	0.61789	0.08470	0.79803	0.74242	3.14926	35.58213
20097	1.00000	-0.56966	0.87279	0.68165	0.56628	-0.56966	0.67893	0.89925	3.77513	31.62856
20117	1.00000	-0.66797	0.91792	0.76223	0.56545	-0.66797	0.67427	0.92851	4.34270	28.03628
20137	1.00000	-0.45361	0.89697	0.72502	0.52806	-0.45361	0.77384	0.91610	4.89493	28.03504
20157	1.00000	-0.65024	0.73902	0.60513	0.53378	-0.65024	0.47793	0.84672	5.51773	31.62856
20177	1.00000	-0.73566	0.13946	0.51437	0.58830	-0.73566	-0.26370	0.72866	6.19728	35.58213
20197	1.00000	0.37481	-0.70830	0.51049	0.49160	0.37481	-0.60148	0.72067	0.63814	29.82732
20217	1.00000	0.79386	-0.14742	0.53569	0.65282	0.79386	0.28810	0.81484	1.34070	35.58213
20237	1.00000	0.04119	0.60525	0.44431	0.57134	0.04119	0.72266	0.69801	2.01718	39.43407
20257	1.00000	-0.77434	0.57624	0.53090	0.60441	-0.77434	0.21831	0.78822	2.70748	36.04665
20277	1.00000	-0.59544	-0.01365	0.51617	0.46623	-0.59544	-0.35954	0.92866	3.36402	32.04084
20297	1.00000	-0.36658	-0.57937	0.75808	0.57889	-0.36658	-0.88064	0.93389	3.95614	27.74650
20317	1.00000	-0.60995	-0.40852	0.84482	0.58050	-0.60995	-0.82388	0.96857	4.49917	27.74650
20337	1.00000	-0.71793	-0.15226	0.70713	0.60320	-0.71793	-0.59031	0.85397	5.06060	31.71029
20357	1.00000	-0.28922	-0.56486	0.61692	0.61171	-0.28922	-0.81922	0.87339	5.69414	35.58213
20377	1.00000	0.60045	-0.58098	0.46155	0.50256	0.60045	-0.32418	0.70347	0.12118	38.45635
20397	1.00000	0.27166	0.47792	0.50479	0.56670	0.27166	0.70870	0.77939	0.84216	35.67392
20417	1.00000	-0.64380	0.60525	0.52639	0.49434	-0.64380	0.32719	0.72686	1.53858	36.04634
20437	1.00000	-0.64218	-0.10874	0.53473	0.61050	-0.64218	-0.49633	0.74462	2.22887	35.95277
20457	1.00000	0.43283	-0.82918	0.63457	0.53412	0.43283	-0.70756	0.87200	2.91150	35.95216
20477	1.00000	0.87122	-0.48105	0.68043	0.54661	0.87122	-0.05247	0.86250	3.56497	31.62856
20497	1.00000	0.99371	-0.41014	0.74460	0.66557	0.99371	0.10014	0.95421	4.14788	31.62856
20517	1.00000	0.97115	-0.62449	0.77339	0.60876	0.97115	-0.16041	0.91254	4.69091	27.67499
20537	1.00000	0.92280	-0.36662	0.72095	0.58620	0.92280	0.10944	0.92890	5.29530	31.95802
20557	1.00000	0.48602	0.24584	0.51245	0.54055	0.48602	0.56447	0.80759	5.94878	35.95277
20577	1.00000	-0.53097	0.70679	0.45220	0.58056	-0.53097	0.50957	0.71227	0.38503	42.61061
20597	1.00000	-0.45200	-0.30537	0.53728	0.54043	-0.45200	-0.61358	0.78285	1.10140	35.95277
20617	1.00000	0.52631	-0.83079	0.57311	0.61495	0.52631	-0.65545	0.83157	1.79476	35.58183
20637	1.00000	0.75840	-0.18933	0.51879	0.59499	0.75840	0.21924	0.83564	2.47278	35.58213
20657	1.00000	0.21525	0.58268	0.54413	0.62096	0.21525	0.79710	0.83190	3.13239	35.58213
20677	1.00000	-0.53259	0.91309	0.69898	0.59399	-0.53259	0.74685	0.89469	3.76899	31.95802
20697	1.00000	-0.59867	0.96144	0.79983	0.55044	-0.59867	0.76453	0.95073	4.32889	27.89064
20717	1.00000	-0.40526	0.90019	0.72161	0.54056	-0.40526	0.80548	0.92463	4.88880	31.71029
20737	1.00000	-0.60189	0.73257	0.59956	0.50115	-0.60189	0.49840	0.84391	5.50546	35.58213
20757	1.00000	-0.78079	0.22005	0.55238	0.58577	-0.78079	-0.19670	0.82511	6.18348	35.58213
20777	1.00000	0.22653	-0.67285	0.44229	0.52267	0.22653	-0.64615	0.67963	0.62740	42.61070
20797	1.00000	0.81320	-0.20222	0.57065	0.62549	0.81320	0.23599	0.83049	1.32689	35.58213
20817	1.00000	0.02023	0.57785	0.42240	0.53182	0.02023	0.67893	0.71843	2.02332	36.04665
20837	1.00000	-0.68248	0.64232	0.45891	0.61314	-0.68248	0.34766	0.74003	2.69674	35.85939
20857	1.00000	-0.55999	-0.17321	0.54519	0.53865	-0.55999	-0.52332	0.86718	3.36402	35.58213
20877	1.00000	-0.25537	-0.63416	0.68512	0.60804	-0.25537	-0.87971	0.92155	3.97301	31.62856
20897	1.00000	-0.43749	-0.58742	0.83501	0.60047	-0.43749	-0.93089	0.92909	4.51757	27.67499
20917	1.00000	-0.86460	0.54723	0.68600	0.54267	-0.86460	0.13271	0.91357	4.97930	31.62856
20937	1.00000	-0.75500	0.09272	0.56851	0.59574	-0.75500	-0.32884	0.86320	5.62204	36.04665
20957	1.00000	-0.00878	-0.59548	0.42846	0.54430	-0.00878	-0.69267	0.68683	0.02761	35.95277
20977	1.00000	0.77774	-0.27959	0.54489	0.56906	0.77774	0.12619	0.81090	0.74858	37.72095
20997	1.00000	0.03313	0.63104	0.45333	0.59556	0.03313	0.74778	0.81115	1.45115	36.04634
21017	1.00000	-0.67281	0.46019	0.49995	0.47233	-0.67281	0.14294	0.78993	2.13684	35.58213
21037	1.00000	-0.39075	-0.43431	0.60604	0.56037	-0.39075	-0.72710	0.85551	2.82252	35.58152
21057	1.00000	0.27166	-0.85336	0.62361	0.60932	0.27166	-0.82853	0.88883	3.46526	35.30912
21077	1.00000	0.58756	-0.94200	0.71366	0.62936	0.58756	-0.74850	0.93153	4.05585	27.67438
21097	1.00000	0.54566	-0.99036	0.81077	0.57164	0.54566	-0.82853	0.93235	4.60961	27.96327
21117	1.00000	0.48763	-0.94200	0.71212	0.61688	0.48763	-0.80620	0.85739	5.19099	31.95802
21137	1.00000	0.70522	-0.60999	0.52084	0.56065	0.70522	-0.29720	0.73622	5.83526	35.95277
21157	1.00000	0.29100	0.45858	0.47254	0.58979	0.29100	0.69754	0.74105	0.27612	38.45633
21177	1.00000	-0.63251	0.57785	0.42401	0.55809	-0.63251	0.30206	0.70282	0.98788	35.95262
21197	1.00000	-0.40043	-0.39563	0.57767	0.54767	-0.40043	-0.68802	0.83321	1.67817	35.67407
21217	1.00000	-0.08292	0.49888	-0.11595	-0.52189	-0.08292	0.52818	0.43782	2.37000	-248.43401
21237	1.00000	0.73100	-0.14904	0.50979	0.58046	0.73100	0.24995	0.83656	3.04495	31.62856
21257	1.00000	0.34258	0.56334	0.63966	0.65397	0.34258	0.84828	0.89792	3.68769	32.04147
21277	1.00000	0.25555	0.65682	0.73104	0.59288	0.25555	0.90597	0.87847	4.25219	27.96327
21297	1.00000	0.39093	0.56334	0.76298	0.58159	0.39093	0.87620	0.94989	4.80903	31.62856
21317	1.00000	0.19108	0.58430	0.56186	0.58053	0.19108	0.78501	0.78343	5.41342	35.67284
21337	1.00000	-0.45200	0.73257	0.35927	0.64602	-0.45200	0.58494	0.74154	6.10064	36.04540
21357	1.00000	-0.42621	-0.22962	0.41981	0.51648	-0.42621	-0.51122	0.68714	0.53689	42.61061
21377	1.00000	0.60207	-0.70992	0.45433	0.61562	0.60207	-0.47214	0.72983	1.25326	36.04665
21397	1.00000	0.58917	0.01858	0.44169	0.53173	0.58917	0.36162	0.78596	1.93128	35.95277
21417	1.00000	-0.07163	0.65521	0.46616	0.54707	-0.07163	0.71522	0.75856	2.60010	35.95277
21437	1.00000	-0.74533	0.53917	0.56983	0.51740	-0.74533	0.19226	0.82689	3.26891	31.62856
21457	1.00000	-0.91618	0.24584	0.71082	0.62779	-0.91618	-0.24509	0.92028	3.87944	31.62856
21477	1.00000	-0.96775	0.25551	0.81144	0.58953	-0.96775	-0.26370	0.95185	4.43934	28.03628
21497	1.00000	-0.96775	0.38444	0.77458	0.59127	-0.96775	-0.11481	0.91872	5.00385	31.95802
21517	1.00000	-0.66958	0.01052	0.52844	0.55610	-0.66958	-0.37443	0.78681	5.62971	36.04665
21537	1.00000	0.16529	-0.64545	0.43671	0.50883	0.16529	-0.64987	0.68015	0.04909	35.67407
21557	1.00000	0.70038	-0.16838	0.46629	0.56312	0.70038	0.20994	0.77846	0.76852	25.63763
21577	1.00000	-0.03940	0.63748	0.45993	0.54666	-0.03940	0.71336	0.72076	1.45575	36.04634
21597	1.00000	-0.80174	0.44891	0.58706	0.54880	-0.80174	0.05547	0.75144	2.14757	35.58152
21617	1.00000	-0.40043	-0.42786	0.59217	0.57936	-0.40043	-0.72524	0.89999	2.82252	35.49005
21637	1.00000	0.38287	-0.80340	0.63411	0.49376	0.38287	-0.70663	0.85166	3.47293	31.62856
21657	1.00000	0.70038	-0.86142	0.71812	0.56853	0.70038	-0.59031	0.92537	4.07119	28.03628
21677	1.00000	0.57950	-0.99841	0.79953	0.60503	0.57950	-0.81829	0.93915	4.61575	28.03628
21697	1.00000	0.58273	-0.92105	0.69175	0.62420	0.58273	-0.72710	0.89543	5.20633	31.62856
21717	1.00000	0.74229	-0.47783	0.52032	0.54351	0.74229	-0.12319	0.79556	5.85827	35.21905
21737	1.00000	0.19108	0.45858	0.47777	0.46644	0.19108	0.63984	0.70967	0.27765	25.49551
21757	1.00000	-0.60028	0.68100	0.47889	0.56950	-0.60028	0.43978	0.71351	0.96641	31.71029
21777	1.00000	-0.70504	0.00408	0.52836	0.61621	-0.70504	-0.40235	0.76777	1.63983	35.67407
21797	1.00000	0.26038	-0.81307	0.54709	0.62464	0.26038	-0.78852	0.76900	2.33625	35.95277
21817	1.00000	0.83254	-0.46010	0.61919	0.55873	0.83254	-0.05061	0.87736	3.00047	36.04602
21837	1.00000	0.67782	0.15558	0.61046	0.64240	0.67782	0.57098	0.87173	3.64167	31.62856
21857	1.00000	0.55694	0.38928	0.77943	0.54498	0.55694	0.77105	0.98675	4.21538	27.67376
21877	1.00000	0.73100	0.14752	0.73992	0.58114	0.73100	0.59239	0.91879	4.76761	31.95802
21897	1.00000	0.50214	0.30708	0.63276	0.51680	0.50214	0.64450	0.92724	5.36893	31.87502
21917	1.00000	-0.24570	0.70679	0.48338	0.53039	-0.24570	0.67427	0.70237	6.04695	35.67407
21937	1.00000	-0.66152	0.11367	0.45136	0.54466	-0.66152	-0.25067	0.71330	0.48474	42.25838
21957	1.00000	0.22653	-0.74376	0.53302	0.54516	0.22653	-0.72803	0.84302	1.18577	31.95802
21977	1.00000	0.80031	-0.50845	0.43121	0.68567	0.80031	-0.12505	0.83415	1.87913	35.58183
21997	1.00000	0.24588	0.55367	0.55207	0.60493	0.24588	0.78128	0.82817	2.56175	35.58213
22017	1.00000	-0.59061	0.73741	0.53857	0.56509	-0.59061	0.51050	0.82105	3.22903	32.04147
22037	1.00000	-0.87911	0.49726	0.68038	0.56068	-0.87911	0.06664	0.91750	3.84569	31.87502
22057	1.00000	-0.98387	0.59558	0.81213	0.56811	-0.98387	0.11968	0.92879	4.40252	27.96327
22077	1.00000	-0.87266	0.64715	0.71896	0.55115	-0.87266	0.24344	0.89068	4.96703	31.62856
22097	1.00000	-0.84848	0.44569	0.49720	0.68796	-0.84848	0.02476	0.88396	5.59443	35.49066
22117	1.00000	-0.14255	-0.59387	0.50235	0.59821	-0.14255	-0.76805	0.71262	0.00920	39.94753
22137	1.00000	0.69232	-0.39563	0.45077	0.52853	0.69232	-0.05712	0.70105	0.73324	37.92820
22157	1.00000	0.26038	0.59397	0.61660	0.62189	0.26038	0.83618	0.84974	1.41586	35.39966
22177	1.00000	-0.63735	0.65844	0.50536	0.55198	-0.63735	0.39232	0.74429	2.11076	35.95277
22197	1.00000	-0.67442	-0.02493	0.52546	0.59461	-0.67442	-0.41817	0.72080	2.78264	35.95277
22217	1.00000	0.03796	-0.73570	0.56185	0.60876	0.03796	-0.82760	0.83971	3.44685	31.71029
22237	1.00000	0.49730	-0.95167	0.75613	0.57840	0.49730	-0.81178	0.95269	4.03897	31.62856
22257	1.00000	0.28456	-0.97101	0.81218	0.58060	0.28456	-0.95694	0.93000	4.58353	27.67499
22277	1.00000	0.29100	-0.84047	0.66704	0.53255	0.29100	-0.80247	0.91917	5.17105	31.95802
22297	1.00000	0.60045	-0.73570	0.49639	0.60574	0.60045	-0.50284	0.79170	5.81532	35.95277
22317	1.00000	0.49730	0.15558	0.41741	0.53934	0.49730	0.46677	0.69791	0.23777	37.82417
22337	1.00000	-0.55515	0.65682	0.43549	0.55700	-0.55515	0.43792	0.69803	0.96641	35.95277
22357	1.00000	-0.58255	-0.08134	0.48028	0.54198	-0.58255	-0.43026	0.89547	1.65056	36.04665
22377	1.00000	0.40382	-0.81629	0.57576	0.57865	0.40382	-0.70942	0.80141	2.34699	35.67407
22397	1.00000	0.83415	-0.40530	0.59586	0.58383	0.83415	0.01360	0.87309	3.01274	31.71029
22417	1.00000	0.53921	0.32642	0.66529	0.56720	0.53921	0.68823	0.88984	3.65548	31.95802
22437	1.00000	0.45379	0.49404	0.77233	0.54989	0.45379	0.83246	0.92125	4.22612	27.89064
22457	1.00000	0.57628	0.32320	0.71810	0.56095	0.57628	0.70591	0.92789	4.78295	39.53570
22477	1.00000	0.36353	0.46825	0.63225	0.54374	0.36353	0.75058	0.87584	5.38581	31.62856
22497	1.00000	-0.43588	0.75997	0.54467	0.53381	-0.43588	0.62589	0.61253	6.06996	35.95277
22517	1.00000	-0.62284	0.03148	0.42836	0.55577	-0.62284	-0.32325	0.66522	0.50468	25.63755
22537	1.00000	0.46185	-0.78728	0.59059	0.52653	0.46185	-0.64242	0.82510	1.20878	35.58213
22557	1.00000	0.81642	-0.26992	0.52961	0.64147	0.81642	0.15969	0.83458	1.89753	35.95277
22577	1.00000	0.09760	0.57140	0.46927	0.54962	0.09760	0.71615	0.84266	2.65379	23.96852
22597	1.00000	-0.76306	0.60847	0.58201	0.55866	-0.76306	0.26205	0.77375	3.26585	35.58213
22617	1.00000	-0.91618	0.28129	0.69828	0.62723	-0.91618	-0.20415	0.92508	3.87637	31.71029
22637	1.00000	-0.98870	0.36188	0.82240	0.56973	-0.98870	-0.15297	0.98278	4.42707	31.62856
22657	1.00000	-0.80658	0.41023	0.58286	0.55749	-0.80658	0.00801	0.92380	5.00231	31.95802
22677	1.00000	-0.72760	0.06532	0.55460	0.58362	-0.72760	-0.34465	0.86154	5.62511	35.95277
22697	1.00000	0.01056	-0.59226	0.40725	0.54186	0.01056	-0.67778	0.61571	0.03375	35.95277
22717	1.00000	0.77130	-0.24413	0.45108	0.64655	0.77130	0.16341	0.79034	0.76852	38.34946
22737	1.00000	-0.03134	0.63265	0.47124	0.53514	-0.03134	0.71242	0.77499	1.45268	31.95771
22757	1.00000	-0.70988	0.46825	0.47746	0.54135	-0.70988	0.13084	0.71495	2.14757	35.67346
22777	1.00000	-0.40043	-0.43753	0.61262	0.57206	-0.40043	-0.73641	0.86250	2.82559	35.58152
22797	1.00000	0.27811	-0.82112	0.63848	0.53842	0.27811	-0.78759	0.87970	3.46066	31.62856
22817	1.00000	0.64236	-0.75827	0.68873	0.43931	0.64236	-0.50471	0.92341	4.06505	31.95802
22837	1.00000	0.51181	-1.02259	0.82104	0.60948	0.51181	-0.88529	0.85238	4.60654	27.96327
22857	1.00000	0.52470	-0.92427	0.70493	0.60209	0.52470	-0.76432	0.91950	5.19713	31.71029
22877	1.00000	0.68265	-0.42625	0.54171	0.42676	0.68265	-0.09807	0.75822	5.84600	35.58213
22897	1.00000	0.32485	0.39895	0.48950	0.53484	0.32485	0.64822	0.70442	0.26845	25.56634
22917	1.00000	-0.61478	0.51338	0.40342	0.52130	-0.61478	0.23786	0.70222	0.99402	35.67392
22937	1.00000	-0.45684	-0.37145	0.59908	0.57405	-0.45684	-0.69267	0.85454	1.67817	35.58213
22957	1.00000	0.52793	-0.70025	0.55055	0.47894	0.52793	-0.50378	0.83236	2.36693	31.95802
22977	1.00000	0.82932	-0.24735	0.58352	0.62005	0.82932	0.19319	0.84826	3.03115	35.95277
22997	1.00000	0.53276	0.38444	0.66809	0.63414	0.53276	0.75151	0.87697	3.66315	31.79244
23017	1.00000	0.37320	0.61492	0.75972	0.64700	0.37320	0.92552	0.93168	4.24606	27.67499
23037	1.00000	0.54243	0.41507	0.77627	0.56524	0.54243	0.79245	0.94630	4.79216	31.62856
23057	1.00000	0.23620	0.57785	0.61420	0.56944	0.23620	0.80362	0.89779	5.40575	31.95802
23077	1.00000	-0.46006	0.76481	0.53976	0.54910	-0.46006	0.61751	0.79896	6.07303	36.04665
23097	1.00000	-0.53097	-0.12486	0.43757	0.54187	-0.53097	-0.45074	0.59493	0.52155	25.35504
23117	1.00000	0.51342	-0.85497	0.58060	0.63535	0.51342	-0.69081	0.87120	1.21951	35.95277
23137	1.00000	0.82932	-0.25702	0.55539	0.64216	0.82932	0.18202	0.85685	1.89907	36.04665
23157	1.00000	-0.01039	0.65521	0.48592	0.57210	-0.01039	0.75058	0.71373	2.59550	35.58213
23177	1.00000	-0.66958	0.69067	0.54791	0.56299	-0.66958	0.41093	0.77171	3.24590	31.62795
23197	1.00000	-0.91618	0.33931	0.67661	0.63269	-0.91618	-0.13715	0.92556	3.87330	31.95802
