0	0.00000	-0.00125	0.00663	-0.00192	0.00678	-0.00125	0.00693	0.01099	4.89186	0.05091
8377	0.00000	-0.00447	0.00340	0.00332	0.00329	-0.00447	0.00135	0.02596	4.89340	0.00000
8397	0.00000	-0.00931	-0.01433	0.01849	-0.01500	-0.00931	-0.02192	0.00549	4.89493	0.00000
8417	0.00000	0.00842	0.03725	-0.03052	0.03783	0.00842	0.04787	0.08215	4.89493	0.00000
8437	0.00000	0.00036	0.08882	-0.05301	0.08805	0.00036	0.10277	0.05608	4.90107	0.00000
8457	0.00000	0.00197	-0.00465	0.00040	-0.00466	0.00197	-0.00424	0.02402	4.89800	0.00000
8477	0.00000	0.00842	-0.00949	-0.00378	-0.00968	0.00842	-0.00610	0.01387	4.90260	0.00000
8497	0.00000	-0.00770	0.01791	-0.00202	0.01785	-0.00770	0.01624	0.01329	4.90107	3.66106
8517	0.00000	-0.01092	-0.01433	0.02132	-0.01365	-0.01092	-0.02285	0.01335	4.90107	0.00000
8537	0.00000	-0.01092	-0.00143	0.01350	-0.00055	-0.01092	-0.00796	0.01739	4.90414	0.00000
8557	0.00000	0.01487	0.00340	-0.01927	0.00247	0.01487	0.01251	0.01300	4.90260	0.00000
8577	0.00000	-0.00931	-0.00949	0.01695	-0.00812	-0.00931	-0.01633	0.02322	4.90567	3.69635
8597	0.00000	-0.00609	-0.00788	0.01218	-0.00690	-0.00609	-0.01261	0.02233	4.90567	0.00000
8617	0.00000	0.01648	0.01146	-0.02680	0.00842	0.01648	0.02275	0.02434	4.90874	0.00000
8637	0.00000	0.01648	0.00179	-0.02012	0.00082	0.01648	0.01158	0.05780	4.90414	0.00000
8657	0.00000	0.00842	0.00018	-0.00981	-0.00063	0.00842	0.00507	0.00755	4.90567	0.00000
8677	0.00000	-0.01092	-0.01271	0.02111	-0.01067	-0.01092	-0.02099	0.01224	4.90720	0.00000
8697	0.00000	-0.03510	0.01307	0.03065	0.01785	-0.03510	-0.00517	0.01942	4.91181	0.00000
8717	0.00000	0.01325	-0.00788	-0.00992	-0.00890	0.01325	-0.00144	0.02735	4.90720	0.00000
8737	0.00000	-0.00770	0.02436	-0.00796	0.02359	-0.00770	0.02368	0.01384	4.90874	0.00000
8757	0.00000	0.01487	0.00985	-0.02396	0.00673	0.01487	0.01996	0.01806	4.90874	0.00000
8777	0.00000	0.04388	0.00985	-0.05711	0.00326	0.04388	0.03671	0.01562	4.90874	0.00000
8797	0.00000	-0.02059	0.00663	0.01889	0.00921	-0.02059	-0.00424	0.05204	5.08208	0.00000
8817	0.00000	-0.00125	-0.01433	0.01217	-0.01231	-0.00125	-0.01726	0.01738	4.91487	0.00000
8837	0.00000	-0.00770	-0.00465	0.01214	-0.00287	-0.00770	-0.00982	0.03830	4.91487	0.00000
8857	0.00000	-0.00125	-0.01433	0.01335	-0.01102	-0.00125	-0.01726	0.01378	4.92408	3.69635
8877	0.00000	-0.03187	0.02274	0.01633	0.02848	-0.03187	0.00786	0.03771	4.92408	0.00000
8897	0.00000	0.01325	-0.00627	-0.00776	-0.01075	0.01325	0.00042	0.02061	4.94095	3.66106
8917	0.00000	-0.00447	0.18714	-0.21140	0.03025	-0.00447	0.21351	0.01573	4.98851	3.76901
8937	0.00000	-0.00447	-0.03044	0.02764	0.02607	-0.00447	-0.03774	0.14179	5.05753	3.69635
8957	0.00000	-0.02865	0.00663	-0.01454	0.02624	-0.02865	-0.00889	0.02683	5.06520	-3.66106
8977	0.00000	-0.01414	-0.00143	0.00265	0.01701	-0.01414	-0.00982	0.00246	5.03146	0.00000
8997	0.00000	0.00681	-0.01594	0.01599	-0.00034	0.00681	-0.01447	0.07005	5.03299	0.00000
9017	0.00000	0.00036	0.01630	-0.01750	-0.00748	0.00036	0.01903	0.01102	5.02992	0.00000
9037	0.00000	-0.03510	0.00502	-0.00105	0.03795	-0.03510	-0.01447	0.01091	5.03146	0.00000
9057	0.00000	-0.00286	-0.02400	-0.01900	0.02256	-0.00286	-0.02936	0.00954	5.03452	-3.69635
9077	0.00000	-0.00770	-0.01594	0.01802	0.01602	-0.00770	-0.02285	0.02893	5.02992	0.00000
9097	0.00000	0.00197	-0.02400	0.02202	0.01499	0.00197	-0.02657	0.01971	5.05447	0.00000
9117	0.00000	-0.00447	-0.16260	0.16618	0.09291	-0.00447	-0.19034	0.02082	5.03759	-3.66106
9137	0.00000	-0.01092	0.00340	-0.00318	0.01071	-0.01092	-0.00238	0.04737	5.03913	0.00000
9157	0.00000	0.01164	-0.00143	-0.00075	-0.01268	0.01164	0.00507	0.02791	5.02532	0.00000
9177	0.00000	-0.00770	-0.01271	0.01483	0.01432	-0.00770	-0.01912	0.01738	5.02839	0.00000
9197	0.00000	-0.12696	-0.01110	0.02450	0.15144	-0.12696	-0.08612	0.01971	5.03452	0.00000
9217	0.00000	-0.00770	0.04692	-0.04834	-0.01401	-0.00770	0.04973	0.01738	5.03299	0.00000
9237	0.00000	-0.00125	0.01307	-0.01356	-0.00493	-0.00125	0.01437	0.01631	5.03299	0.00000
9257	0.00000	0.00197	-0.00465	0.00467	-0.00024	0.00197	-0.00424	0.02063	5.02992	0.00000
9277	0.00000	-0.00931	-0.00143	0.00302	0.01127	-0.00931	-0.00703	0.01469	5.02839	0.00000
9297	0.00000	0.01164	-0.01916	0.01881	-0.00437	0.01164	-0.01540	0.00842	5.02992	0.00000
9317	0.00000	-0.00125	-0.00788	0.00846	0.00514	-0.00125	-0.00982	0.01774	5.03146	0.00000
9337	0.00000	-0.00125	0.00985	-0.01024	-0.00319	-0.00125	0.01065	0.00731	5.03146	0.00000
9357	0.00000	-0.00125	0.01307	-0.01379	-0.00424	-0.00125	0.01437	0.01806	5.02992	0.00000
9377	0.00000	-0.01092	0.00985	-0.00920	0.00776	-0.01092	0.00507	0.02381	5.03146	0.00000
9397	0.00000	0.00681	0.00018	-0.00115	-0.00788	0.00681	0.00414	0.04453	5.03146	0.00000
9417	0.00000	-0.00125	-0.01271	0.01344	0.00763	-0.00125	-0.01540	0.01207	5.03146	0.00000
9437	0.00000	-0.00447	-0.04817	0.05136	0.02776	-0.00447	-0.05821	0.01010	5.03299	0.00000
9457	0.00000	-0.01092	-0.00788	0.01044	0.01573	-0.01092	-0.01540	0.01683	5.02685	0.00000
9477	0.00000	0.00520	-0.00465	0.00422	-0.00385	0.00520	-0.00237	0.01806	5.02992	0.00000
9497	0.00000	0.01164	-0.00788	0.00690	-0.00967	0.01164	-0.00237	0.00719	5.03146	0.00000
9517	0.00000	-0.00447	-0.00465	0.00545	0.00732	-0.00447	-0.00796	0.00755	5.03146	0.00000
9537	0.00000	0.00842	0.01630	-0.01850	-0.01701	0.00842	0.02368	0.01606	5.02992	0.00000
9557	0.00000	-0.00447	0.00340	-0.00311	0.00349	-0.00447	0.00135	0.01813	5.03299	0.00000
9577	0.00000	-0.00931	-0.01271	0.01482	0.01641	-0.00931	-0.02005	0.01246	5.02992	0.00000
9597	0.00000	0.00197	0.01146	-0.01071	-0.00979	0.00197	0.01437	0.02412	5.04833	0.00000
9617	0.00000	0.01164	-0.00304	0.00241	-0.01183	0.01164	0.00321	0.02639	5.03452	0.00000
9637	0.00000	-0.00931	0.00179	-0.00093	0.00983	-0.00931	-0.00331	0.02108	5.03299	0.00000
9657	0.00000	0.01487	-0.03528	0.03542	0.00009	0.01487	-0.03215	0.01701	5.03299	0.00000
9677	0.00000	0.01325	-0.15132	0.15605	0.06113	0.01325	-0.16708	0.01116	5.03606	0.00000
9697	0.00000	0.00197	-0.00627	0.00635	0.00089	0.00197	-0.00610	0.01896	5.03452	0.00000
9717	0.00000	-0.00770	-0.00627	0.00714	0.01203	-0.00770	-0.01168	0.09766	5.03452	0.00000
9737	0.00000	0.01648	0.00502	-0.00656	-0.02151	0.01648	0.01531	0.09389	5.03452	0.00000
9757	0.00000	0.00036	-0.15455	0.16174	0.07489	0.00036	-0.17824	0.01528	5.03146	0.00000
9777	0.00000	-0.00447	-0.01271	0.01395	0.01111	-0.00447	-0.01726	0.01456	5.03299	0.00000
9797	0.00000	0.01648	-0.05623	0.05628	0.01324	0.01648	-0.05541	0.00918	5.04066	0.00000
9817	0.00000	-0.01092	-0.00304	0.00334	0.01430	-0.01092	-0.00982	0.05493	5.03913	0.00000
9837	0.00000	-0.00931	0.00663	-0.00624	0.00727	-0.00931	0.00228	0.04209	5.03606	0.00000
9857	0.00000	0.00197	-0.00627	0.00633	0.00100	0.00197	-0.00610	0.11398	5.03606	0.00000
9877	0.00000	0.00036	0.00179	-0.00184	-0.00138	0.00036	0.00228	0.01397	5.03759	0.00000
9897	0.00000	-0.00931	-0.00304	0.00351	0.01238	-0.00931	-0.00889	0.01037	5.03606	0.00000
9917	0.00000	-0.01737	-0.00304	0.00458	0.02154	-0.01737	-0.01354	0.12370	5.03452	0.00000
9937	0.00000	-0.01898	0.00340	-0.00198	0.02014	-0.01898	-0.00703	0.02459	5.03452	0.00000
9957	0.00000	0.00842	0.00340	-0.00364	-0.01161	0.00842	0.00879	0.02838	5.03759	0.00000
9977	0.00000	0.00197	-0.15132	0.15940	0.06879	0.00197	-0.17359	0.01418	5.03146	0.00000
9997	0.00000	-0.00931	-0.02238	0.02401	0.02202	-0.00931	-0.03122	0.00711	5.03452	3.66106
10017	0.00000	0.01809	-0.07718	0.07866	0.01813	0.01809	-0.07868	0.00201	5.03452	0.00000
10037	0.00000	-0.00125	-0.04978	0.05134	0.02745	-0.00125	-0.05821	0.02548	5.03606	0.00000
10057	0.00000	-0.00125	0.01307	-0.01347	-0.00516	-0.00125	0.01437	0.03287	5.03452	0.00000
10077	0.00000	-0.01414	0.21937	-0.23114	-0.08285	-0.01414	0.24515	0.01645	5.02992	0.00000
10097	0.00000	-0.01092	-0.00627	0.00714	0.01587	-0.01092	-0.01354	0.02899	5.03606	0.00000
10117	0.00000	-0.01253	-0.01916	0.02051	0.02446	-0.01253	-0.02936	0.01505	5.03606	0.00000
10137	0.00000	0.01487	0.01630	-0.01857	-0.02504	0.01487	0.02740	0.08113	5.03452	0.00000
10157	0.00000	0.00681	-0.11748	0.12143	0.05147	0.00681	-0.13172	0.02021	5.03452	0.00000
10177	0.00000	-0.01898	-0.00627	0.00932	0.02458	-0.01898	-0.01819	0.00810	5.02839	0.00000
10197	0.00000	-0.00931	-0.03689	0.04051	0.02733	-0.00931	-0.04797	0.02840	5.02992	0.00000
10217	0.00000	0.01487	0.00502	-0.00643	-0.01965	0.01487	0.01437	0.01456	5.03452	0.00000
10237	0.00000	0.00036	0.00663	-0.00691	-0.00376	0.00036	0.00786	0.10531	5.03452	0.00000
10257	0.00000	0.00036	-0.00627	0.00648	0.00275	0.00036	-0.00703	0.09650	5.03452	3.66982
10277	0.00000	-0.01092	-0.00949	0.01075	0.01737	-0.01092	-0.01726	0.02122	5.03452	0.00000
10297	0.00000	-0.00609	-0.01916	0.02011	0.01703	-0.00609	-0.02564	0.16501	5.03452	0.00000
10317	0.00000	-0.01737	0.08399	-0.08579	-0.02240	-0.01737	0.08696	0.00503	5.03452	0.00000
10337	0.00000	0.01648	-0.01916	0.02028	-0.00436	0.01648	-0.01261	0.00842	5.05907	0.00000
10357	0.00000	-0.01414	-0.00465	0.00408	0.01915	-0.01414	-0.01354	0.02223	5.04066	0.00000
10377	0.00000	-0.00447	0.00663	-0.00652	0.00181	-0.00447	0.00507	0.00480	5.03452	0.00000
10397	0.00000	-0.00609	-0.02561	0.02675	0.02039	-0.00609	-0.03308	0.00789	5.03452	0.00000
10417	0.00000	0.01325	-0.02400	0.02392	-0.00235	0.01325	-0.02005	0.01620	5.03759	-3.66106
10437	0.00000	0.00681	-0.02883	0.02914	0.00770	0.00681	-0.02936	0.00480	5.03759	0.00000
10457	0.00000	-0.03026	0.00502	-0.00490	0.03206	-0.03026	-0.01168	0.01067	5.19559	0.00000
10477	0.00000	-0.01414	-0.00788	0.01261	0.01841	-0.01414	-0.01726	0.01753	5.01919	0.00000
10497	0.00000	-0.00609	-0.01433	0.01652	0.01290	-0.00609	-0.02005	0.02913	5.02685	0.00000
10517	0.00000	0.01648	0.01307	-0.01744	-0.02394	0.01648	0.02461	0.07063	5.02532	0.00000
10537	0.00000	-0.01092	0.00018	0.00217	0.01232	-0.01092	-0.00610	0.01977	5.02379	0.00000
10557	0.00000	-0.00286	-0.01916	0.02056	0.01228	-0.00286	-0.02378	0.01378	5.03146	0.00000
10577	0.00000	0.01325	0.00663	-0.00859	-0.01833	0.01325	0.01531	0.00637	5.03299	0.00000
10597	0.00000	0.00681	0.00985	-0.01163	-0.01206	0.00681	0.01531	0.01450	5.02839	0.00000
10617	0.00000	0.00842	-0.00949	0.00890	-0.00536	0.00842	-0.00610	0.01942	5.02992	0.00000
10637	0.00000	-0.01253	0.01791	-0.01717	0.00657	-0.01253	0.01344	0.02381	5.02839	0.00000
10657	0.00000	0.02454	0.01146	-0.01674	-0.03275	0.02454	0.02740	0.08688	5.02685	-3.69635
10677	0.00000	-0.00931	-0.00627	0.00819	0.01336	-0.00931	-0.01261	0.06600	5.02839	0.00000
10697	0.00000	-0.00447	-0.02077	0.02294	0.01413	-0.00447	-0.02657	0.11341	5.02839	0.00000
10717	0.00000	-0.00770	-0.00465	0.00657	0.01061	-0.00770	-0.00982	0.00884	5.02532	-3.74143
10737	0.00000	0.01970	-0.00627	0.00423	-0.01968	0.01970	0.00414	0.03059	5.02992	0.00000
10757	0.00000	0.01325	0.02113	-0.02632	-0.02260	0.01325	0.03205	0.24294	5.02225	0.00000
10777	0.00000	0.07934	-0.02561	0.01876	-0.07877	0.07934	0.01624	0.02123	5.03299	0.00000
10797	0.00000	0.00681	0.01952	-0.02170	-0.01662	0.00681	0.02647	0.01258	5.02839	-3.70528
10817	0.00000	-0.01092	-0.02238	0.02607	0.02176	-0.01092	-0.03215	0.01034	5.02839	0.00000
10837	0.00000	0.00197	-0.00627	0.00640	0.00035	0.00197	-0.00610	0.01652	5.02685	0.00000
10857	0.00000	0.01487	-0.03205	0.03205	-0.00148	0.01487	-0.02843	0.01631	5.03299	0.00000
10877	0.00000	-0.00609	-0.00949	0.01113	0.01108	-0.00609	-0.01447	0.02071	5.02839	0.00000
10897	0.00000	-0.00447	0.00018	0.00044	0.00505	-0.00447	-0.00238	0.00933	5.02992	0.00000
10917	0.00000	0.00842	-0.02077	0.02089	-0.00027	0.00842	-0.01912	0.19046	5.02992	0.00000
10937	0.00000	-0.01253	-0.01271	0.01493	0.02036	-0.01253	-0.02192	0.01265	5.03146	0.00000
10957	0.00000	-0.00931	-0.00627	0.00842	0.01322	-0.00931	-0.01261	0.09490	5.02839	0.00000
10977	0.00000	-0.00609	-0.00465	0.00654	0.00856	-0.00609	-0.00889	0.01715	5.02225	0.00000
10997	0.00000	-0.00447	-0.01916	0.02122	0.01343	-0.00447	-0.02471	0.00873	5.18639	0.00000
11017	0.00000	0.00197	0.01307	-0.01457	-0.00744	0.00197	0.01624	0.05413	5.02532	0.00000
11037	0.00000	-0.00609	-0.01271	0.01458	0.01247	-0.00609	-0.01819	0.01639	5.02992	0.00000
11057	0.00000	-0.01737	0.02758	-0.02674	0.00790	-0.01737	0.02182	0.02768	5.02839	0.00000
11077	0.00000	0.01487	0.02113	-0.02542	-0.02574	0.01487	0.03299	0.02109	5.02685	0.00000
11097	0.00000	-0.01253	0.00340	-0.00164	0.01286	-0.01253	-0.00331	0.02942	5.02839	0.00000
11117	0.00000	0.01648	0.01307	-0.01703	-0.02423	0.01648	0.02461	0.00711	5.02685	0.00000
11137	0.00000	0.00842	0.02436	-0.02774	-0.01973	0.00842	0.03299	0.04261	5.02685	0.00000
11157	0.00000	0.01164	0.04531	-0.05034	-0.03296	0.01164	0.05904	0.00630	5.02839	0.00000
11177	0.00000	-0.00447	-0.00465	0.00569	0.00714	-0.00447	-0.00796	0.00554	5.02839	0.00000
11197	0.00000	0.00197	0.00663	-0.00714	-0.00550	0.00197	0.00879	0.01397	5.03146	0.00000
11217	0.00000	0.00842	0.02113	-0.02427	-0.01839	0.00842	0.02926	0.01123	5.02685	0.00000
11237	0.00000	0.06805	-0.00788	-0.00117	-0.07444	0.06805	0.03019	0.18469	5.02992	0.00000
11257	0.00000	-0.00931	0.00018	0.00147	0.01054	-0.00931	-0.00517	0.02895	5.02685	0.00000
11277	0.00000	0.00036	0.02274	-0.02473	-0.00945	0.00036	0.02647	0.05659	5.02379	0.00000
11297	0.00000	0.01325	-0.00465	0.00265	-0.01319	0.01325	0.00228	0.01738	5.02685	0.00000
11317	0.00000	-0.00770	0.00340	-0.00229	0.00737	-0.00770	-0.00051	0.02339	5.02685	0.00000
11337	0.00000	0.01648	-0.01110	0.00901	-0.01418	0.01648	-0.00331	0.02451	5.02685	0.00000
11357	0.00000	0.00036	-0.00465	0.00495	0.00152	0.00036	-0.00517	0.01631	5.02685	0.00000
11377	0.00000	-0.01253	-0.02883	0.03330	0.02628	-0.01253	-0.04053	0.02151	5.02685	0.00000
11397	0.00000	-0.04638	0.01791	-0.01177	0.04527	-0.04638	-0.00610	0.01806	5.02685	0.00000
11417	0.00000	0.00197	0.01630	-0.01791	-0.00902	0.00197	0.01996	0.02019	5.02685	0.00000
11437	0.00000	-0.03510	0.01630	-0.01072	0.03345	-0.03510	-0.00144	0.09941	5.02379	0.00000
11457	0.00000	-0.00770	-0.00627	0.00754	0.01178	-0.00770	-0.01168	0.01471	5.03299	0.00000
11477	0.00000	0.00842	0.00663	-0.00864	-0.01236	0.00842	0.01251	0.08597	5.02532	0.00000
11497	0.00000	-0.00125	-0.01433	0.01540	0.00790	-0.00125	-0.01726	0.02857	5.02992	3.66982
11517	0.00000	-0.03832	0.01791	-0.01244	0.03627	-0.03832	-0.00144	0.11180	5.02685	0.00000
11537	0.00000	-0.00125	-0.01433	0.01540	0.00790	-0.00125	-0.01726	0.00181	5.03146	-3.66106
11557	0.00000	-0.00286	0.12751	-0.13510	-0.05430	-0.00286	0.14558	0.01196	5.02992	3.70528
11577	0.00000	-0.00125	0.00018	0.00001	0.00135	-0.00125	-0.00051	0.02173	5.02839	0.00000
11597	0.00000	-0.00447	-0.00143	0.00195	0.00584	-0.00447	-0.00424	0.02826	5.03299	0.00000
11617	0.00000	0.00842	-0.01271	0.01233	-0.00391	0.00842	-0.00982	0.01968	5.03146	0.00000
11637	0.00000	-0.00931	0.01146	-0.01097	0.00531	-0.00931	0.00786	0.01219	5.03146	0.00000
11657	0.00000	-0.01092	0.04692	-0.04847	-0.00786	-0.01092	0.04787	0.01370	5.02839	0.00000
11677	0.00000	-0.00125	-0.00304	0.00336	0.00286	-0.00125	-0.00424	0.01410	5.03146	0.00000
11697	0.00000	-0.00770	0.03564	-0.03702	-0.00603	-0.00770	0.03671	0.02155	5.02685	0.00000
11717	0.00000	-0.00447	-0.00465	0.00520	0.00750	-0.00447	-0.00796	0.01102	5.03452	0.00000
11737	0.00000	-0.00609	0.00985	-0.00952	0.00285	-0.00609	0.00786	0.01290	5.02685	0.00000
11757	0.00000	0.01164	-0.05462	0.05659	0.01037	0.01164	-0.05635	0.02838	5.02685	0.00000
11777	0.00000	-0.00770	-0.02077	0.02252	0.01898	-0.00770	-0.02843	0.00918	5.03299	3.66106
11797	0.00000	-0.00770	0.00985	-0.00915	0.00484	-0.00770	0.00693	0.00630	5.02685	-3.66106
11817	0.00000	-0.01414	-0.00788	0.01166	0.01903	-0.01414	-0.01726	0.00777	5.02379	3.81588
11837	0.00000	0.00842	0.00502	-0.00711	-0.01157	0.00842	0.01065	0.03600	5.02532	0.00000
11857	0.00000	0.02131	-0.01110	0.00914	-0.01926	0.02131	-0.00051	0.02180	5.02992	0.00000
11877	0.00000	0.01164	-0.02238	0.02210	-0.00361	0.01164	-0.01912	0.00342	5.02992	0.00000
11897	0.00000	-0.00447	0.09850	-0.10337	-0.04111	-0.00447	0.11115	0.01732	5.02992	0.00000
11917	0.00000	0.00681	-0.02077	0.02117	0.00051	0.00681	-0.02005	0.02831	5.02685	0.00000
11937	0.00000	-0.00770	0.01469	-0.01445	0.00268	-0.00770	0.01251	0.00730	5.02685	-3.66106
11957	0.00000	0.00520	-0.01271	0.01278	0.00000	0.00520	-0.01168	0.01715	5.03299	0.00000
11977	0.00000	-0.05605	0.00985	-0.00059	0.05985	-0.05605	-0.02099	0.11040	5.02685	0.00000
11997	0.00000	-0.01092	0.01146	-0.01065	0.00734	-0.01092	0.00693	0.00650	5.02992	0.00000
12017	0.00000	-0.01737	0.00018	0.00291	0.01974	-0.01737	-0.00982	0.15687	5.02685	0.00000
12037	0.00000	-0.01898	0.00018	0.00247	0.02167	-0.01898	-0.01075	0.02768	5.02992	0.00000
12057	0.00000	0.01487	0.00340	-0.00087	-0.01941	0.01487	0.01251	0.01645	5.05293	0.00000
12077	0.00000	-0.01092	-0.01916	-0.02622	0.01549	-0.01092	-0.02843	0.02031	5.04219	-3.70528
12097	0.00000	0.00520	0.00340	-0.00289	-0.00817	0.00520	0.00693	0.01732	5.04526	0.00000
12117	0.00000	0.00036	-0.00949	0.00924	0.00550	0.00036	-0.01075	0.01701	5.04526	0.00000
12137	0.00000	-0.01092	-0.02077	0.02002	0.02522	-0.01092	-0.03029	0.01732	5.04373	0.00000
12157	0.00000	0.00036	0.00502	-0.00497	-0.00338	0.00036	0.00600	0.00933	5.04066	0.00000
12177	0.00000	0.01487	0.02274	-0.02484	-0.02861	0.01487	0.03485	0.03069	5.03452	0.00000
12197	0.00000	0.01164	-0.00304	0.00160	-0.01197	0.01164	0.00321	0.11401	5.02992	0.00000
12217	0.00000	-0.01253	0.01307	-0.01242	0.00804	-0.01253	0.00786	0.02021	5.03299	0.00000
12237	0.00000	0.00358	-0.00627	0.00620	-0.00107	0.00358	-0.00517	0.05357	5.03299	0.00000
12257	0.00000	-0.00931	-0.00949	0.01088	0.01533	-0.00931	-0.01633	0.01335	5.03299	0.00000
12277	0.00000	0.00197	-0.00465	0.00467	-0.00000	0.00197	-0.00424	0.02942	5.03299	0.00000
12297	0.00000	-0.00125	-0.02400	0.01982	0.02042	-0.00125	-0.02843	0.02161	5.06214	0.00000
12317	0.00000	0.01648	0.01952	-0.01755	-0.03148	0.01648	0.03205	0.07629	5.04526	0.00000
12337	0.00000	0.00842	-0.13520	0.13545	0.06785	0.00842	-0.15126	0.01453	5.04066	0.00000
12357	0.00000	-0.02381	-0.00465	0.00476	0.03017	-0.02381	-0.01912	0.01813	5.04066	0.00000
12377	0.00000	0.01648	-0.08363	0.08270	0.03176	0.01648	-0.08705	0.03013	5.04373	0.00000
12397	0.00000	-0.00609	-0.00949	0.00889	0.01294	-0.00609	-0.01447	0.01395	5.04526	0.00000
12417	0.00000	0.00197	0.03241	-0.03139	-0.02249	0.00197	0.03857	0.01738	5.04526	0.00000
12437	0.00000	0.01487	0.02597	-0.02498	-0.03293	0.01487	0.03857	0.06456	5.04219	0.00000
12457	0.00000	-0.01253	0.03080	-0.03096	-0.00112	-0.01253	0.02833	0.01942	5.03452	0.00000
12477	0.00000	-0.00125	0.01307	-0.01320	-0.00584	-0.00125	0.01437	0.00789	5.04066	0.00000
12497	0.00000	-0.00770	0.00985	-0.00972	0.00357	-0.00770	0.00693	0.02434	5.03606	0.00000
12517	0.00000	0.00842	-0.05623	0.05704	0.02063	0.00842	-0.06007	0.03828	5.03913	0.00000
12537	0.00000	-0.01092	-0.00465	0.00623	0.01473	-0.01092	-0.01168	0.01532	5.03146	0.00000
12557	0.00000	0.01003	-0.00465	0.00432	-0.00906	0.01003	0.00042	0.03208	5.03759	0.00000
12577	0.00000	-0.00609	-0.00949	0.00995	0.01214	-0.00609	-0.01447	0.01456	5.03606	0.00000
12597	0.00000	0.00197	-0.04172	0.04348	0.01806	0.00197	-0.04704	0.01683	5.03452	0.00000
12617	0.00000	0.06967	-0.00465	0.00175	-0.07787	0.06967	0.03485	0.01442	5.03759	0.00000
12637	0.00000	-0.03026	-0.00465	0.00731	0.03720	-0.03026	-0.02285	0.04376	5.19099	0.00000
12657	0.00000	0.01648	-0.00304	0.00210	-0.01741	0.01648	0.00600	0.05052	5.03606	0.00000
12677	0.00000	0.00520	-0.15938	0.16631	0.07169	0.00520	-0.18104	0.01297	5.03452	0.00000
12697	0.00000	-0.01253	-0.00949	0.01153	0.01885	-0.01253	-0.01819	0.01150	5.03146	0.00000
12717	0.00000	0.01970	-0.04656	0.04657	0.00396	0.01970	-0.04239	0.00988	5.04066	0.00000
12737	0.00000	-0.03187	0.03725	-0.03637	0.01729	-0.03187	0.02461	0.02789	5.03606	0.00000
12757	0.00000	0.01164	-0.03205	0.03222	0.00386	0.01164	-0.03029	0.01469	5.03759	0.00000
12777	0.00000	0.02131	0.00985	-0.01047	-0.03009	0.02131	0.02368	0.04226	5.03759	0.00000
12797	0.00000	0.00681	-0.00627	0.00618	-0.00437	0.00681	-0.00331	0.01573	5.03759	0.00000
12817	0.00000	-0.01737	-0.00465	0.00588	0.02246	-0.01737	-0.01540	0.01257	5.03606	0.00000
12837	0.00000	-0.05766	0.00502	-0.00156	0.06386	-0.05766	-0.02750	0.01755	5.03606	0.00000
12857	0.00000	-0.03510	0.01146	-0.00961	0.03448	-0.03510	-0.00703	0.02234	5.03606	0.00000
12877	0.00000	0.00681	0.00018	-0.00048	-0.00795	0.00681	0.00414	0.03054	5.03759	0.00000
12897	0.00000	0.00197	-0.18839	0.19701	0.08953	0.00197	-0.21640	0.01335	5.03299	0.00000
12917	0.00000	-0.01253	-0.00465	0.00614	0.01668	-0.01253	-0.01261	0.00842	5.03146	0.00000
12937	0.00000	0.02131	-0.04817	0.04826	0.00140	0.02131	-0.04332	0.00480	5.03759	0.00000
12957	0.00000	-0.00447	0.09850	-0.10115	-0.04629	-0.00447	0.11115	0.08035	5.03606	0.00000
12977	0.00000	-0.00931	0.01307	-0.01267	0.00455	-0.00931	0.00972	0.04729	5.03146	0.00000
12997	0.00000	0.00036	-0.01433	0.01473	0.00707	0.00036	-0.01633	0.12530	5.03606	0.00000
13017	0.00000	-0.01092	-0.02077	0.02207	0.02344	-0.01092	-0.03029	0.00904	5.03606	0.00000
13037	0.00000	-0.00125	0.01469	-0.01471	-0.00698	-0.00125	0.01624	0.00246	5.04066	0.00000
13057	0.00000	-0.00931	0.01307	-0.01267	0.00455	-0.00931	0.00972	0.02238	5.03299	0.00000
13077	0.00000	0.01003	-0.13198	0.13528	0.05737	0.01003	-0.14661	0.02191	5.03452	0.00000
13097	0.00000	0.00197	-0.02077	0.02141	0.00821	0.00197	-0.02285	0.00319	5.03606	0.00000
13117	0.00000	-0.01092	0.01146	-0.01123	0.00642	-0.01092	0.00693	0.02109	5.03606	0.00000
13137	0.00000	0.00197	-0.02400	0.02476	0.00984	0.00197	-0.02657	0.01730	5.03606	0.00000
13157	0.00000	-0.01414	-0.00465	0.00599	0.01864	-0.01414	-0.01354	0.01469	5.03452	0.00000
13177	0.00000	0.21794	0.00502	-0.02308	-0.25354	0.21794	0.13162	0.02884	5.03452	0.00000
13197	0.00000	0.01487	-0.00627	0.00529	-0.01396	0.01487	0.00135	0.01774	5.03452	0.00000
13217	0.00000	-0.00609	0.00340	-0.00312	0.00524	-0.00609	0.00042	0.01441	5.03606	0.00000
13237	0.00000	0.00681	0.00340	-0.00393	-0.00963	0.00681	0.00786	0.01980	5.03606	0.00000
13257	0.00000	0.01003	-0.00627	0.00583	-0.00829	0.01003	-0.00144	0.02130	5.03606	0.00000
13277	0.00000	0.01487	0.01630	-0.01771	-0.02565	0.01487	0.02740	0.03949	5.03452	0.00000
13297	0.00000	-0.01092	0.15652	-0.16273	-0.06371	-0.01092	0.17443	0.01652	5.03452	0.00000
13317	0.00000	0.00681	-0.00465	0.00544	-0.00434	0.00681	-0.00144	0.02191	5.05753	0.00000
13337	0.00000	-0.00770	0.01791	-0.01786	-0.00199	-0.00770	0.01624	0.06371	5.04373	0.00000
13357	0.00000	0.01970	-0.01271	0.01317	-0.01502	0.01970	-0.00331	0.02451	5.04373	3.66982
13377	1.00000	-0.42030	-0.00465	0.39132	0.29159	-0.42030	-0.24803	0.42816	5.62357	44.46218
13397	1.00000	-0.13825	0.08077	0.13413	0.03606	-0.13825	0.01344	0.09145	0.39730	62.18843
13417	1.00000	-0.12213	0.03886	0.09170	-0.08463	-0.12213	-0.02564	0.12824	1.48183	51.37749
13437	1.00000	0.12930	0.35637	0.38267	0.32648	0.12930	0.48615	0.44005	2.56328	72.50179
13457	1.00000	0.19377	-0.05462	0.12978	0.15192	0.19377	0.04880	0.40736	3.62326	51.25488
13477	1.00000	0.36300	-0.41726	0.45033	0.05517	0.36300	-0.27223	0.46620	4.61421	48.05140
13497	1.00000	0.06805	-0.19484	0.19028	-0.05391	0.06805	-0.18569	0.21701	5.67420	52.76608
13517	1.00000	-0.22367	0.01791	0.22666	0.10201	-0.22367	-0.10845	0.35351	0.46173	58.84838
13537	1.00000	-0.24462	0.21293	0.24784	0.09670	-0.24462	0.10464	0.23709	1.52017	53.15790
13557	1.00000	0.18893	0.12589	0.24299	0.20342	0.18893	0.25445	0.39710	2.51726	44.14288
13577	1.00000	-0.02543	0.13879	0.02867	-0.14497	-0.02543	0.14558	0.14755	3.56037	52.76549
13597	1.00000	-0.01737	-0.31088	0.29238	0.22578	-0.01737	-0.36900	0.24829	4.58200	48.40244
13617	1.00000	0.27758	-0.13682	-0.07867	-0.26618	0.27758	0.00228	0.27554	5.64812	50.88937
13637	1.00000	-0.21400	0.01630	0.20258	0.12538	-0.21400	-0.10473	0.16905	0.48014	59.61067
13657	1.00000	-0.14953	0.25161	0.10891	0.22844	-0.14953	0.20420	0.20406	1.54779	53.42207
13677	1.00000	-0.14147	0.10817	0.14687	-0.01759	-0.14147	0.04322	0.17072	2.62771	68.90184
13697	1.00000	0.16315	0.39344	0.47604	0.31750	0.16315	0.54850	0.49704	3.69076	52.25254
13717	1.00000	0.35010	-0.03850	0.38310	0.02598	0.35010	0.15768	0.42528	4.71392	53.28981
13737	1.00000	0.09223	0.01952	0.03317	-0.11467	0.09223	0.07579	0.10724	5.75550	55.57917
13757	1.00000	0.00842	-0.22868	0.23694	0.10540	0.00842	-0.25920	0.20838	0.56604	57.88607
13777	1.00000	-0.02704	-0.03205	0.05873	0.00710	-0.02704	-0.05262	0.05466	1.64136	51.74890
13797	1.00000	-0.45737	0.11461	0.40512	0.24980	-0.45737	-0.13172	0.45872	2.74889	51.74890
13817	1.00000	-0.39612	0.46436	0.44355	0.23388	-0.39612	0.30749	0.42317	3.79660	46.81175
13837	1.00000	0.09223	0.39989	0.50757	0.12675	0.09223	0.51500	0.50762	4.81210	52.89604
13857	1.00000	0.05032	0.10333	0.11833	-0.10266	0.05032	0.14837	0.17346	5.86441	52.76608
13877	1.00000	0.24695	-0.18356	0.25526	0.02535	0.24695	-0.06937	0.28020	0.65808	37.21242
13897	1.00000	-0.05766	-0.29638	0.25714	0.27964	-0.05766	-0.37552	0.42032	1.72726	73.04691
13917	1.00000	0.05999	-0.18194	0.18008	-0.04416	0.05999	-0.17545	0.20294	2.82406	52.12571
13937	1.00000	-0.16887	-0.00304	0.19676	-0.00103	-0.16887	-0.10101	0.21955	3.85950	69.37621
13957	1.00000	-0.01092	0.30157	0.34038	-0.03397	-0.01092	0.34192	0.37788	4.80596	48.87698
13977	1.00000	0.35010	-0.28348	0.33465	0.16199	0.35010	-0.12520	0.33132	5.81072	48.52021
13997	1.00000	0.03260	-0.10136	0.08900	0.05281	0.03260	-0.09822	0.11644	0.60285	55.06590
14017	1.00000	0.11157	-0.14971	0.11032	-0.10972	0.11157	-0.10845	0.16371	1.67664	52.50776
14037	1.00000	-0.39773	0.04370	0.38052	0.21332	-0.39773	-0.17918	0.38467	2.75656	51.25488
14057	1.00000	-0.20433	0.19359	0.20669	0.10084	-0.20433	0.10557	0.15308	3.80274	53.28921
14077	1.00000	0.13897	0.36443	0.42674	0.29701	0.13897	0.50104	0.44784	4.84431	53.28981
14097	1.00000	-0.25751	0.11622	-0.08151	-0.24469	-0.25751	-0.01447	0.23823	5.93651	50.89050
14117	1.00000	0.12930	0.02919	0.16857	0.00655	0.12930	0.10836	0.17827	0.73478	56.21920
14137	1.00000	0.21311	-0.15938	0.21419	0.05706	0.21311	-0.06100	0.13790	1.80856	52.76608
14157	1.00000	0.01970	-0.12231	0.10344	0.08094	0.01970	-0.12986	0.10171	2.89002	51.87389
14177	1.00000	0.06805	-0.16905	0.14758	-0.08459	0.06805	-0.15591	0.17763	3.94540	53.68948
14197	1.00000	-0.02704	-0.09975	0.06864	-0.11455	-0.02704	-0.13079	0.11744	4.98697	53.28981
14217	1.00000	-0.11407	0.04531	0.09666	-0.06205	-0.11407	-0.01354	0.11959	6.06383	51.37749
14237	1.00000	-0.01092	0.16458	0.18088	0.03405	-0.01092	0.18373	0.18568	0.83142	53.42222
14257	1.00000	0.28402	-0.01916	0.27103	0.16530	0.28402	0.14186	0.21298	1.90981	51.87389
14277	1.00000	0.02131	0.01630	0.02850	-0.02471	0.02131	0.03112	0.05813	2.97439	71.78748
14297	1.00000	0.11641	-0.06429	0.08984	-0.07435	0.11641	-0.00703	0.11923	4.02823	47.82208
14317	1.00000	0.14058	-0.15938	0.07994	-0.15476	0.14058	-0.10287	0.17667	5.07748	70.40028
14337	1.00000	-0.00931	-0.12392	0.08876	-0.11936	-0.00931	-0.14847	0.14817	6.15587	52.76490
14357	1.00000	-0.34132	0.37893	0.36907	0.19520	-0.34132	0.24049	0.41255	0.93880	52.37983
14377	1.00000	0.06967	0.29674	0.31768	0.22471	0.06967	0.38286	0.33229	2.00031	53.28951
14397	1.00000	0.06322	0.00663	0.06327	0.04406	0.06322	0.04415	0.28105	3.06183	51.37749
14417	1.00000	0.29853	-0.03367	0.32641	0.01950	0.29853	0.13348	0.35317	4.14021	52.89604
14437	1.00000	0.05355	-0.13037	0.12695	0.03255	0.05355	-0.11962	0.19327	5.15571	51.87389
14457	1.00000	0.10996	-0.13520	0.10510	-0.09811	0.10996	-0.09264	0.15832	6.25097	52.89604
14477	1.00000	-0.35744	0.08077	0.29932	0.22573	-0.35744	-0.11311	0.41314	1.04464	48.16847
14497	1.00000	-0.16887	0.16135	0.16294	0.09925	-0.16887	0.08882	0.09949	2.10769	57.23795
14517	1.00000	-0.31392	0.41923	0.39335	0.18847	-0.31392	0.30284	0.39573	3.21522	51.37692
14537	1.00000	0.04871	0.30318	0.37868	0.04464	0.04871	0.37821	0.41918	4.23072	52.76608
14557	1.00000	-0.06572	0.16135	-0.04059	-0.15711	-0.06572	0.14837	0.17841	5.25849	52.89604
14577	1.00000	0.19538	-0.09008	0.19348	-0.02851	0.19538	0.00879	0.17414	0.09664	57.23825
14597	1.00000	-0.07055	-0.28509	0.21264	0.31082	-0.07055	-0.36993	0.23139	1.16583	65.27568
14617	1.00000	0.07772	-0.18194	0.17078	-0.06457	0.07772	-0.16522	0.21021	2.25188	52.76608
14637	1.00000	-0.60726	0.15007	0.54168	0.32671	-0.60726	-0.17731	0.60796	3.31800	51.87389
14657	1.00000	-0.44447	0.57395	0.57983	0.16202	-0.44447	0.40613	0.62551	4.33963	48.05255
14677	1.00000	0.22117	0.00663	0.25498	-0.04707	0.22117	0.13534	0.23783	5.25388	41.87056
14697	1.00000	0.06322	0.05498	0.00083	-0.11828	0.06322	0.09998	0.11517	0.05676	51.74890
14717	1.00000	0.05355	-0.17066	0.17202	-0.02964	0.05355	-0.16615	0.20497	1.11367	52.25225
14737	1.00000	-0.21239	0.00663	0.21443	0.11108	-0.21239	-0.11497	0.22711	2.19052	51.37692
14757	1.00000	-0.12213	0.19036	0.09813	0.16605	-0.12213	0.14930	0.16244	3.24897	52.89604
14777	1.00000	-0.06088	0.05176	0.05691	-0.03277	-0.06088	0.02461	0.07449	4.29975	47.48049
14797	1.00000	0.14703	-0.01433	0.11581	0.11346	0.14703	0.06835	0.19842	5.34746	70.23064
14817	1.00000	0.03098	0.12267	0.12387	-0.10519	0.03098	0.15954	0.17568	0.15493	56.21920
14837	1.00000	0.18893	-0.19967	0.22133	0.03823	0.18893	-0.12148	0.23532	1.20724	50.65017
14857	1.00000	0.06805	-0.21096	0.21261	-0.03408	0.06805	-0.20430	0.22026	2.25955	53.42237
14877	1.00000	-0.31554	0.01952	0.31690	0.15689	-0.31554	-0.15963	0.08494	3.31953	51.37749
14897	1.00000	-0.49605	0.65776	0.59137	0.34658	-0.49605	0.47312	0.54965	4.35497	48.05255
14917	1.00000	0.06322	0.32897	0.40476	0.11618	0.06322	0.41636	0.41661	5.39808	53.42237
14937	1.00000	0.20344	0.03241	0.24813	0.06166	0.20344	0.15488	0.33351	0.17641	55.92638
14957	1.00000	0.39523	-0.54781	0.46155	0.32659	0.39523	-0.40436	0.50654	1.22565	49.94370
14977	1.00000	-0.03026	-0.21901	0.19335	0.19138	-0.03026	-0.27037	0.23916	2.30557	51.37749
14997	1.00000	0.07450	-0.16422	0.14649	-0.07472	0.07450	-0.14661	0.18225	3.38550	52.89545
15017	1.00000	-0.00931	-0.07074	0.02841	-0.08281	-0.00931	-0.08705	0.09730	4.40252	48.28525
15037	1.00000	-0.08990	-0.10136	-0.07084	-0.17776	-0.08990	-0.16894	0.20261	5.45177	51.37749
15057	1.00000	-0.00931	0.17747	0.18717	0.06977	-0.00931	0.19955	0.18903	0.27765	57.73046
15077	1.00000	0.21150	-0.04817	0.11991	0.18646	0.21150	0.06648	0.21844	1.36217	51.87360
15097	1.00000	0.09868	0.06304	0.15781	-0.04086	0.09868	0.12976	0.20337	2.44056	51.87332
15117	1.00000	0.29853	-0.28026	0.33190	0.04287	0.29853	-0.15126	0.36373	3.48981	51.01138
15137	1.00000	-0.06088	-0.41887	0.50963	0.11457	-0.06088	-0.51882	0.51495	4.52831	67.84209
15157	1.00000	0.01487	-0.11586	0.03474	-0.12120	0.01487	-0.12520	0.12109	5.56682	53.82404
15177	1.00000	-0.26557	0.29996	0.28695	0.15951	-0.26557	0.19304	0.23387	0.37122	60.87231
15197	1.00000	-0.01414	0.17747	0.17422	0.09251	-0.01414	0.19676	0.10892	1.43120	49.60648
15217	1.00000	-0.13341	0.07271	-0.01231	-0.13302	-0.13341	0.00693	0.13552	2.51726	52.76608
15237	1.00000	0.15025	0.04209	0.19763	-0.04280	0.15025	0.13534	0.22172	3.57418	52.50805
15257	1.00000	0.22278	-0.25125	0.27503	-0.00809	0.22278	-0.16150	0.31120	4.60808	50.88937
15277	1.00000	0.21311	-0.10781	-0.03983	-0.20936	0.21311	-0.00144	0.20891	5.65579	51.74890
15297	1.00000	0.10190	-0.18033	-0.01723	-0.18000	0.10190	-0.14940	0.17724	0.43412	57.73046
15317	1.00000	-0.20594	0.19681	0.23158	0.02272	-0.20594	0.10836	0.24348	1.49563	51.87360
15337	1.00000	0.06805	0.29029	0.31575	0.21251	0.06805	0.37449	0.31029	2.56788	48.99707
15357	1.00000	0.21472	-0.02722	0.18806	0.13890	0.21472	0.09254	0.16689	3.61713	47.59381
15377	1.00000	0.33560	-0.47205	0.38443	0.29709	0.33560	-0.35132	0.36198	4.65563	48.40244
15397	1.00000	0.09868	0.11945	-0.07531	-0.20505	0.09868	0.19490	0.21814	5.74322	51.74890
15417	1.00000	0.11802	-0.13520	0.11431	-0.09275	0.11802	-0.08798	0.12796	0.54763	60.87227
15437	1.00000	-0.20110	-0.00788	0.21429	0.10095	-0.20110	-0.12520	0.19390	1.62142	52.25225
15457	1.00000	-0.24140	0.26128	0.16860	0.23703	-0.24140	0.16233	0.34070	2.68907	49.48280
15477	1.00000	0.00842	0.03886	0.03374	0.03749	0.00842	0.04973	0.01173	3.73064	51.37692
15497	1.00000	0.16315	-0.01594	0.15055	0.09843	0.16315	0.07579	0.11446	4.75534	48.28525
15517	1.00000	0.03098	0.11945	0.10936	-0.11523	0.03098	0.15581	0.15389	5.86134	53.28981
15537	1.00000	0.27597	-0.33989	0.30274	0.19715	0.27597	-0.23315	0.33738	0.65501	56.81411
15557	1.00000	0.02615	-0.21257	0.21701	0.08155	0.02615	-0.23035	0.21177	1.71039	53.42207
15577	1.00000	0.15347	-0.10619	0.02692	-0.15487	0.15347	-0.03401	0.15217	2.80412	72.50179
15597	1.00000	-0.06250	-0.05301	0.09646	-0.06376	-0.06250	-0.09729	0.12732	3.85029	48.99707
15617	1.00000	-0.00931	0.11461	0.11064	0.06297	-0.00931	0.12697	0.08067	4.86732	53.28981
15637	1.00000	-0.15436	0.09366	0.00666	-0.15538	-0.15436	0.01903	0.15148	5.95338	56.81427
15657	1.00000	0.27435	-0.05462	0.22108	0.18833	0.27435	0.09533	0.28369	0.76085	54.92514
15677	1.00000	-0.12213	0.22421	-0.04952	-0.21896	-0.12213	0.18838	0.21875	1.84998	52.89604
15697	1.00000	0.21956	-0.27381	0.27461	0.09308	0.21956	-0.18941	0.28849	2.92377	51.87389
15717	1.00000	-0.00770	-0.23674	0.27784	0.00557	-0.00770	-0.27781	0.32045	3.95460	49.48339
15737	1.00000	-0.22528	0.31447	0.20520	0.25088	-0.22528	0.23305	0.22143	4.96396	52.50688
15757	1.00000	-0.17532	0.12912	0.18169	-0.00313	-0.17532	0.04787	0.18600	6.07917	55.04731
15777	1.00000	0.08256	0.29029	0.32481	0.21880	0.08256	0.38286	0.34134	0.84369	52.89589
15797	1.00000	0.24051	-0.03528	0.15233	0.21038	0.24051	0.09812	0.19464	1.93128	69.55991
15817	1.00000	0.09868	0.05820	0.14955	-0.05281	0.09868	0.12418	0.18588	3.00967	53.28981
15837	1.00000	0.14864	-0.18033	0.19226	0.01067	0.14864	-0.12241	0.22497	4.03897	50.89050
15857	1.00000	0.14380	-0.15777	0.06499	-0.16213	0.14380	-0.09915	0.17826	5.08054	51.37749
15877	1.00000	-0.00609	-0.12876	0.09016	-0.12275	-0.00609	-0.15219	0.16568	6.15433	53.42118
15897	1.00000	-0.29620	0.39666	0.33836	0.23579	-0.29620	0.28702	0.35691	0.93726	66.05663
15917	1.00000	0.08256	0.32091	0.36425	0.22140	0.08256	0.41822	0.41522	1.98497	53.28981
15937	1.00000	0.40168	-0.07557	0.32081	0.28163	0.40168	0.14465	0.30161	3.04955	66.53372
15957	1.00000	0.07934	0.04692	0.11068	-0.06354	0.07934	0.09998	0.15667	4.12334	49.60648
15977	1.00000	0.01648	-0.19645	0.18818	0.10993	0.01648	-0.21733	0.24175	5.15418	51.87389
15997	1.00000	0.11802	-0.13682	0.10148	-0.10817	0.11802	-0.08984	0.15161	6.25557	56.95490
16017	1.00000	-0.45253	0.08882	0.40509	0.25663	-0.45253	-0.15870	0.44728	1.04004	51.87375
16037	1.00000	-0.26235	0.25161	0.27168	0.11981	-0.26235	0.13907	0.26490	2.09542	53.42207
16057	1.00000	-0.07861	-0.07396	-0.02035	-0.15122	-0.07861	-0.13079	0.14329	3.18148	51.37749
16077	1.00000	-0.03510	0.10494	0.08927	-0.05870	-0.03510	0.10091	0.12081	4.21538	51.87389
16097	1.00000	0.03743	0.03080	0.04277	-0.05330	0.03743	0.05718	0.08783	5.25082	52.76608
16117	1.00000	0.11963	-0.03528	0.10001	-0.07149	0.11963	0.02833	0.12358	0.06289	51.74890
16137	1.00000	0.01487	-0.23674	0.23807	0.11684	0.01487	-0.26478	0.22321	1.14128	49.97916
16157	1.00000	0.17443	-0.10781	-0.02761	-0.17386	0.17443	-0.02378	0.21188	2.21814	51.37749
16177	1.00000	-0.09151	-0.06590	0.14683	-0.05862	-0.09151	-0.12893	0.17944	3.29652	68.51487
16197	1.00000	-0.13180	0.08721	0.11162	-0.07425	-0.13180	0.02461	0.14620	4.31202	47.59381
16217	1.00000	-0.08990	0.12912	0.08530	-0.10125	-0.08990	0.09719	0.15492	5.37507	52.89604
16237	1.00000	0.06322	0.07271	0.12639	-0.05030	0.06322	0.12045	0.17897	0.17027	55.34983
16257	1.00000	0.35172	0.04531	0.11694	-0.41861	0.35172	0.25538	0.44326	1.16122	43.62043
16277	1.00000	0.07772	-0.16260	0.15067	-0.06126	0.07772	-0.14288	0.17963	2.25649	52.25254
16297	1.00000	-0.15598	-0.01594	0.18994	0.00319	-0.15598	-0.10845	0.20932	3.29192	68.51487
16317	1.00000	-0.13341	0.11784	0.13918	-0.04372	-0.13341	0.05904	0.16889	4.31049	66.53429
16337	1.00000	0.09223	0.01307	0.09321	0.06699	0.09223	0.06835	0.25600	5.35052	70.40028
16357	1.00000	0.09706	0.08721	0.18364	-0.01626	0.09706	0.15675	0.20557	0.18254	56.21920
16377	1.00000	0.14380	-0.12392	0.13537	0.07722	0.14380	-0.06007	0.07858	1.25326	51.99950
16397	1.00000	0.27274	-0.36085	0.33333	0.17450	0.27274	-0.25920	0.32273	2.36386	51.37692
16417	1.00000	-0.08667	-0.31411	0.36108	0.21788	-0.08667	-0.41274	0.41802	3.41618	53.82404
16437	1.00000	-0.63788	0.17102	0.61217	0.24749	-0.63788	-0.17080	0.62662	4.44087	47.36658
16457	1.00000	-0.10924	0.03886	0.08001	-0.07655	-0.10924	-0.01819	0.11447	5.47631	51.25374
16477	1.00000	-0.04638	0.15974	0.16321	0.01924	-0.04638	0.15768	0.11884	0.28379	41.45894
16497	1.00000	0.37750	-0.05462	0.32617	0.24515	0.37750	0.15488	0.35557	1.32996	69.55991
16517	1.00000	-0.08990	0.19036	-0.04328	-0.18547	-0.08990	0.16791	0.20529	2.41142	53.68948
16537	1.00000	0.19538	-0.17711	0.21552	-0.01155	0.19538	-0.09171	0.23568	3.48367	51.25488
16557	1.00000	0.01164	-0.30605	0.34303	-0.05136	0.01164	-0.34667	0.37215	4.51451	49.11775
16577	1.00000	0.11157	-0.20612	-0.05940	-0.19760	0.11157	-0.17359	0.20681	5.55608	53.42237
16597	1.00000	-0.18982	0.15329	0.19957	0.02725	-0.18982	0.06741	0.21429	0.37122	56.07237
16617	1.00000	1.41384	0.00502	-0.16441	1.62705	1.41384	0.82207	1.45182	1.41433	441.54260
16637	1.00000	0.01809	0.09850	0.07860	-0.09781	0.01809	0.12418	0.12995	2.43596	53.28981
16657	1.00000	0.19054	-0.20773	0.22884	0.02821	0.19054	-0.12986	0.23434	3.47753	48.05255
16677	1.00000	0.10996	-0.10781	0.02153	-0.12388	0.10996	-0.06100	0.11708	4.48843	47.59381
16697	1.00000	0.06644	0.43212	0.40546	0.35874	0.06644	0.53733	0.44161	5.42262	48.63855
16717	1.00000	0.38073	-0.06751	0.33797	0.22545	0.38073	0.14186	0.28392	0.19021	59.61065
16737	1.00000	-0.07539	0.15974	-0.02108	-0.15842	-0.07539	0.14093	0.16685	1.27627	53.42207
16757	1.00000	0.18732	-0.21096	0.22210	0.06408	0.18732	-0.13544	0.22480	2.35619	51.74890
16777	1.00000	-0.05927	-0.30766	0.36745	0.14205	-0.05927	-0.38947	0.33474	3.39777	52.89604
16797	1.00000	-0.67173	0.18392	0.63273	0.28566	-0.67173	-0.17545	0.67958	4.44394	47.70653
16817	1.00000	-0.14147	0.07432	0.12174	-0.07219	-0.14147	0.00414	0.15234	5.47938	52.37881
16837	1.00000	-0.07055	0.11622	0.10390	-0.05401	-0.07055	0.09347	0.11842	0.26384	56.81411
16857	1.00000	0.55318	-0.11586	0.48956	0.31740	0.55318	0.18559	0.46208	1.32536	52.25225
16877	1.00000	-0.03671	0.13557	-0.00509	-0.14013	-0.03671	0.13534	0.17130	2.40682	52.25254
16897	1.00000	0.13736	-0.11586	0.14613	-0.02187	0.13736	-0.05448	0.17648	3.47447	47.48049
16917	1.00000	0.11157	-0.11103	0.02364	-0.12632	0.11157	-0.06379	0.13766	4.48996	48.05255
16937	1.00000	-0.00931	-0.10619	0.06003	-0.11342	-0.00931	-0.12800	0.11608	5.56835	53.28981
16957	1.00000	-0.11407	0.00663	0.08326	-0.09730	-0.11407	-0.05821	0.12184	0.35435	58.69826
16977	1.00000	0.12124	0.40633	0.46772	0.29435	0.12124	0.53919	0.45017	1.40973	52.63646
16997	1.00000	0.24051	-0.03689	0.20763	0.15488	0.24051	0.09626	0.23277	2.47278	69.56019
17017	1.00000	-0.00770	0.13234	0.04859	-0.14039	-0.00770	0.14837	0.14681	3.56190	52.76549
17037	1.00000	0.05838	-0.14487	0.14186	0.03355	0.05838	-0.13358	0.35813	4.58507	48.05255
17057	1.00000	0.23084	-0.10781	-0.06086	-0.22283	0.23084	0.00879	0.22599	5.64505	51.74890
17077	1.00000	-0.21077	0.00340	0.20990	0.11928	-0.21077	-0.11776	0.11957	0.48320	55.49285
17097	1.00000	-0.04477	0.10172	0.01686	0.10055	-0.04477	0.09161	0.14053	1.55085	53.95927
17117	1.00000	-0.16726	0.16135	0.18946	0.01137	-0.16726	0.08975	0.21740	2.63231	51.13284
17137	1.00000	0.14380	0.38377	0.47906	0.26073	0.14380	0.52616	0.46589	3.68309	51.87389
17157	1.00000	0.17926	0.01307	0.21153	-0.03805	0.17926	0.11859	0.23305	4.69858	53.82404
17177	1.00000	0.06805	0.04692	0.00129	-0.11561	0.06805	0.09347	0.11417	5.75396	69.56019
17197	1.00000	-0.22044	-0.24641	0.43845	0.16101	-0.22044	-0.41181	0.46588	0.56450	56.66420
17217	1.00000	-0.13664	-0.02883	0.17660	-0.00789	-0.13664	-0.11218	0.19928	1.58920	51.37720
17237	1.00000	-0.18982	0.20165	0.22342	0.03609	-0.18982	0.12325	0.23835	2.63538	51.37749
17257	1.00000	-0.01414	0.15329	0.16849	-0.01777	-0.01414	0.16884	0.18370	3.66775	53.02665
17277	1.00000	0.04549	0.02436	0.05165	-0.04857	0.04549	0.05439	0.07414	4.67251	48.52021
17297	1.00000	0.16798	-0.13843	0.17860	-0.01637	0.16798	-0.06286	0.18630	5.77697	50.77020
17317	1.00000	0.02293	-0.17711	0.17620	0.07786	0.02293	-0.19127	0.16446	0.57371	57.42167
17337	1.00000	-0.04154	-0.03205	0.07287	0.01170	-0.04154	-0.06100	0.05550	1.63369	50.76991
17357	1.00000	-0.45092	0.10011	0.41813	0.22229	-0.45092	-0.14475	0.51386	2.74583	51.37749
17377	1.00000	-0.48477	0.63198	0.57854	0.32036	-0.48477	0.44986	0.54670	3.78893	52.37998
17397	1.00000	0.38717	0.10333	0.50998	-0.08566	0.38717	0.34285	0.53300	4.69858	40.65985
17417	1.00000	-0.02381	-0.17066	0.14596	0.15394	-0.02381	-0.21081	0.23916	5.73249	71.61110
17437	1.00000	0.00842	-0.24158	0.25731	0.09474	0.00842	-0.27409	0.23143	0.56757	56.66420
17457	1.00000	-0.18982	0.01952	0.15479	0.14016	-0.18982	-0.08705	0.09735	1.63062	65.27568
17477	1.00000	-0.08828	-0.05623	0.13963	-0.04157	-0.08828	-0.11590	0.17540	2.72282	68.17712
17497	1.00000	-0.25590	0.46436	0.39813	0.24051	-0.25590	0.38845	0.34250	3.76439	66.05678
17517	1.00000	0.01487	0.20165	0.24168	-0.00961	0.01487	0.24142	0.25928	4.79676	52.76608
17537	1.00000	0.32593	-0.36568	0.38023	0.12822	0.32593	-0.23408	0.43198	5.78004	48.52021
17557	1.00000	0.02776	-0.19323	0.20546	0.03798	0.02776	-0.20709	0.17395	0.55377	57.42175
17577	1.00000	-0.16565	0.02919	0.17185	-0.04171	-0.16565	-0.06193	0.17271	1.53245	49.60619
17597	1.00000	-0.06733	-0.10781	-0.05700	-0.16723	-0.06733	-0.16336	0.17147	2.61544	51.74890
17617	1.00000	-0.00125	0.15007	0.17255	0.00087	-0.00125	0.17256	0.19055	3.66468	52.76608
17637	1.00000	0.07772	-0.02561	0.07888	-0.00725	0.07772	0.01531	0.05825	4.67864	53.15790
17657	1.00000	0.14380	-0.08041	0.13286	-0.05589	0.14380	-0.00982	0.15410	5.76777	69.72659
17677	1.00000	0.01648	-0.18033	0.17931	0.08720	0.01648	-0.19872	0.17591	0.57371	56.66412
17697	1.00000	0.24373	-0.10942	-0.05910	-0.23688	0.24373	0.01437	0.23084	1.65670	51.25488
17717	1.00000	-0.22206	0.00340	0.24998	0.04750	-0.22206	-0.12427	0.22506	2.73662	51.87389
17737	1.00000	-0.32359	0.41278	0.41242	0.13634	-0.32359	0.28981	0.44023	3.77359	48.16861
17757	1.00000	0.11963	0.05820	0.16931	0.06489	0.11963	0.13627	0.23261	4.77375	48.16746
17777	1.00000	0.16959	0.06304	0.23876	-0.02987	0.16959	0.17070	0.19887	5.87054	51.37749
17797	1.00000	0.26952	-0.21096	0.27004	0.08632	0.26952	-0.08798	0.22416	0.66575	57.26862
17817	1.00000	-0.03510	-0.25608	0.22474	0.22482	-0.03510	-0.31596	0.43837	1.72880	72.32188
17837	1.00000	0.06322	-0.18356	0.18036	-0.04737	0.06322	-0.17545	0.20815	2.82406	52.37998
17857	1.00000	-0.55891	0.15329	0.51195	0.26741	-0.55891	-0.14568	0.47875	3.87177	47.25547
17877	1.00000	-0.17854	0.13879	0.17718	-0.06124	-0.17854	0.05718	0.20892	4.89033	65.89912
17897	1.00000	-0.12052	0.10333	0.04206	-0.12339	-0.12052	0.04973	0.12830	5.95491	56.39651
17917	1.00000	0.49194	-0.09330	0.42270	0.30719	0.49194	0.17629	0.43915	0.76085	54.92514
17937	1.00000	0.16153	-0.08524	0.16142	0.00764	0.16153	-0.00517	0.09205	1.81163	53.55559
17957	1.00000	0.05194	0.02919	0.00516	-0.08202	0.05194	0.06369	0.08684	2.89616	50.89050
17977	1.00000	-0.09473	-0.37052	0.46106	0.17088	-0.09473	-0.48253	0.44605	3.96227	67.18125
17997	1.00000	0.01487	-0.10942	0.01690	-0.11748	0.01487	-0.11776	0.11973	4.98084	53.95927
18017	1.00000	-0.10924	0.00663	0.06897	-0.10121	-0.10924	-0.05541	0.12297	6.05922	51.87389
18037	1.00000	0.08901	0.29996	0.31994	0.25246	0.08901	0.39775	0.41054	0.84983	49.60633
18057	1.00000	0.20021	0.00018	0.19669	0.12168	0.20021	0.11580	0.16022	1.91441	51.74861
18077	1.00000	0.17926	0.03080	0.22688	0.00030	0.17926	0.13907	0.10853	3.01120	51.37749
18097	1.00000	0.20827	-0.22224	0.24878	-0.00919	0.20827	-0.13637	0.27079	4.04051	48.05255
18117	1.00000	0.05032	-0.07557	0.03228	-0.06984	0.05032	-0.05821	0.10145	5.06214	48.40244
18137	1.00000	-0.27685	0.03725	0.27515	0.12077	-0.27685	-0.11683	0.21168	6.17734	55.04731
18157	1.00000	-0.31554	0.32897	0.32057	0.18939	-0.31554	0.19769	0.35926	0.95567	48.87683
18177	1.00000	-0.09151	-0.11264	-0.04376	-0.19976	-0.09151	-0.18290	0.20295	2.04019	54.52525
18197	1.00000	0.07934	0.01630	0.09746	-0.03114	0.07934	0.06462	0.10865	2.98513	53.28981
18217	1.00000	0.09384	0.01469	0.01408	-0.11691	0.09384	0.07114	0.11740	4.01750	51.25488
18237	1.00000	0.16637	-0.13682	0.02371	-0.17593	0.16637	-0.06193	0.17428	5.07287	51.37749
18257	1.00000	-0.04316	-0.10136	0.11975	-0.08759	-0.04316	-0.14195	0.16044	6.16200	50.89050
18277	1.00000	-0.34938	0.48370	0.38655	0.31611	-0.34938	0.35681	0.41697	0.94186	49.60633
18297	1.00000	-0.16403	-0.18033	-0.20540	-0.27653	-0.16403	-0.30294	0.40240	1.96043	60.30379
18317	1.00000	0.24051	-0.25931	0.27862	0.07744	0.24051	-0.16056	0.27824	2.91763	66.53429
18337	1.00000	0.04388	-0.20451	0.20588	-0.06306	0.04388	-0.21081	0.22745	3.94693	48.99707
18357	1.00000	-0.01898	-0.09330	0.05344	-0.10766	-0.01898	-0.11869	0.12666	4.98390	49.11775
18377	1.00000	-0.10924	0.02436	0.08024	-0.08194	-0.10924	-0.03494	0.11391	6.05922	51.74890
18397	1.00000	0.11963	0.35798	0.38300	0.31673	0.11963	0.48243	0.40658	0.84983	69.37606
18417	1.00000	0.02454	0.04853	0.07381	-0.00908	0.02454	0.07021	0.07633	1.91134	51.01110
18437	1.00000	0.32432	-0.03850	0.34053	0.09797	0.32432	0.14279	0.31561	3.02041	50.89050
18457	1.00000	0.31948	-0.38019	0.40444	0.05719	0.31948	-0.25455	0.44352	4.04818	48.16861
18477	1.00000	0.01809	-0.06268	0.04896	-0.04201	0.01809	-0.06193	0.08433	5.06060	51.25488
18497	1.00000	0.03582	-0.15455	0.05084	-0.15358	0.03582	-0.15777	0.16379	6.15280	57.23706
18517	1.00000	-0.32037	0.36121	0.34063	0.20116	-0.32037	0.23212	0.39207	0.94186	65.12173
18537	1.00000	0.01487	0.22904	0.23445	0.14075	0.01487	0.27306	0.17095	2.00491	53.28951
18557	1.00000	-0.03832	0.10655	0.10030	-0.03986	-0.03832	0.10091	0.11639	3.10018	52.37998
18577	1.00000	0.10190	0.03241	0.13027	-0.05174	0.10190	0.09626	0.16853	4.12487	49.97947
18597	1.00000	0.01487	-0.17389	0.15784	0.11068	0.01487	-0.19220	0.32869	5.15571	70.23064
18617	1.00000	0.11479	-0.14971	0.14221	-0.06570	0.11479	-0.10659	0.14176	6.27398	52.76608
18637	1.00000	-0.18660	-0.00465	0.17450	0.13099	-0.18660	-0.11311	0.02768	1.06612	47.48035
18657	1.00000	-0.28330	0.04692	0.27932	0.11913	-0.28330	-0.10939	0.38361	2.17365	51.87389
18677	1.00000	-0.32682	0.32897	0.35426	0.13358	-0.32682	0.19117	0.37837	3.21983	50.89050
18697	1.00000	0.17926	0.49981	0.64389	0.28409	0.17926	0.68063	0.65768	4.25219	53.95927
18717	1.00000	0.37589	-0.05623	0.39091	0.10771	0.37589	0.15209	0.36899	5.29684	51.25374
18737	1.00000	0.22278	-0.15132	0.22629	0.02333	0.22278	-0.04611	0.21492	0.08744	57.09622
18757	1.00000	-0.02059	-0.26253	0.26735	0.16789	-0.02059	-0.31503	0.25365	1.14588	53.28981
18777	1.00000	0.23084	-0.11103	-0.06407	-0.22181	0.23084	0.00507	0.23239	2.22120	50.53127
18797	1.00000	-0.42352	0.08882	0.39485	0.20885	-0.42352	-0.14195	0.40838	3.31800	47.25547
18817	1.00000	-0.42030	0.55139	0.54392	0.18991	-0.42030	0.39403	0.56998	4.34423	48.40244
18837	1.00000	-0.11407	0.09527	0.02363	-0.12001	-0.11407	0.04415	0.11604	5.37047	50.89050
18857	1.00000	0.27274	0.00663	0.29144	0.12925	0.27274	0.16512	0.15869	0.18408	59.61066
18877	1.00000	-0.02543	0.08721	-0.00115	-0.08969	-0.02543	0.08603	0.11407	1.26860	53.42237
18897	1.00000	0.17120	-0.08685	0.16160	-0.05657	0.17120	-0.00144	0.19167	2.34852	51.37749
18917	1.00000	-0.04477	-0.28509	0.33488	0.12610	-0.04477	-0.35505	0.35665	3.40697	48.52021
18937	1.00000	-0.69590	0.15813	0.66967	0.28955	-0.69590	-0.21919	0.62515	4.44087	65.42951
18957	1.00000	-0.17854	0.14524	0.18606	-0.03778	-0.17854	0.06462	0.20860	5.48091	51.25488
18977	1.00000	0.10512	0.30963	0.39189	0.17988	0.10512	0.41822	0.45948	0.28225	57.26862
18997	1.00000	0.37750	-0.07235	0.35043	0.19427	0.37750	0.13441	0.45984	1.32076	51.74861
19017	1.00000	0.23245	-0.27704	0.24852	0.16353	0.23245	-0.18569	0.27583	2.37153	53.02665
19037	1.00000	0.02776	-0.16260	0.13868	0.10502	0.02776	-0.17173	0.12102	3.45913	51.37749
19057	1.00000	-0.01414	-0.04011	0.05567	-0.00829	-0.01414	-0.05448	0.05483	4.48843	51.37749
19077	1.00000	0.01809	-0.00627	-0.01837	-0.00004	0.01809	0.00321	0.10779	5.54687	52.50805
19097	1.00000	-0.19305	0.14846	0.19997	0.02946	-0.19305	0.05997	0.21277	0.36816	58.25245
19117	1.00000	-0.04316	-0.00304	0.00924	-0.05084	-0.04316	-0.02843	0.08840	1.45575	52.37969
19137	1.00000	-0.04154	0.17263	0.17882	-0.02224	-0.04154	0.17536	0.19396	2.53414	52.76549
19157	1.00000	0.25662	0.01952	0.30749	0.02095	0.25662	0.17070	0.28631	3.57878	72.32188
19177	1.00000	0.12608	-0.09169	0.10982	-0.07018	0.12608	-0.03308	0.14515	4.59427	51.01138
19197	1.00000	0.08901	-0.18678	0.17051	-0.07641	0.08901	-0.16429	0.21189	5.67266	71.08711
19217	1.00000	-0.23173	-0.03689	0.28394	0.06462	-0.23173	-0.17638	0.21733	0.46173	54.23165
19237	1.00000	-0.21400	0.25161	0.21924	0.15999	-0.21400	0.16698	0.18428	1.52631	51.99950
19257	1.00000	-0.03671	-0.05623	-0.03653	-0.08619	-0.03671	-0.08612	0.11569	2.60010	51.37749
19277	1.00000	0.14380	0.39989	0.48313	0.28983	0.14380	0.54478	0.46269	3.68922	72.32188
19297	1.00000	0.47260	-0.65418	0.55290	0.38783	0.47260	-0.48253	0.41224	4.64489	62.08987
19317	1.00000	-0.03993	-0.27059	0.29417	0.16619	-0.03993	-0.33550	0.22777	5.71101	53.82404
19337	1.00000	0.17120	-0.10781	0.03920	-0.16861	0.17120	-0.02564	0.17305	0.53229	55.92638
19357	1.00000	-0.39451	0.09205	0.35264	0.21452	-0.39451	-0.12148	0.26079	1.59994	65.74222
19377	1.00000	-0.28491	0.30480	0.29585	0.16962	-0.28491	0.18745	0.28936	2.66759	53.42237
19397	1.00000	-0.09634	-0.04817	-0.00761	-0.14696	-0.09634	-0.11125	0.14270	3.74291	51.87389
19417	1.00000	0.35655	-0.05784	0.29448	0.24439	0.35655	0.13907	0.44857	4.76608	47.59381
19437	1.00000	-0.10601	0.20970	-0.03886	-0.20608	-0.10601	0.18094	0.20902	5.84754	53.02665
19457	1.00000	0.33721	-0.44143	0.36901	0.27705	0.33721	-0.31503	0.36761	0.65654	56.66420
19477	1.00000	-0.01576	-0.20612	0.17440	0.17575	-0.01576	-0.24710	0.21017	1.74107	51.25488
19497	1.00000	0.04065	-0.18517	0.19414	-0.01378	0.04065	-0.19034	0.21863	2.82099	71.78748
19517	1.00000	-0.23334	0.01307	0.26105	0.02458	-0.23334	-0.11962	0.27168	3.85643	64.87002
19537	1.00000	0.01648	0.14846	0.14301	0.11203	0.01648	0.18094	0.11106	4.86425	53.28981
19557	1.00000	-0.15598	0.09688	0.00667	-0.15735	-0.15598	0.02182	0.15527	5.95185	57.09622
19577	1.00000	0.32432	-0.06107	0.27213	0.21155	0.32432	0.11673	0.33546	0.75932	55.34983
19597	1.00000	0.12124	-0.05945	0.12093	0.00869	0.12124	0.00135	0.08778	1.81777	53.42237
19617	1.00000	0.31787	-0.42370	0.39414	0.19787	0.31787	-0.30573	0.43264	2.92990	54.91594
19637	1.00000	-0.07700	-0.33989	0.42361	0.13186	-0.07700	-0.43693	0.45854	3.96687	48.99707
19657	1.00000	0.01970	-0.11586	0.01138	-0.12346	0.01970	-0.12241	0.11510	4.97930	49.97947
19677	1.00000	-0.10601	0.00018	0.06521	-0.10347	-0.10601	-0.06100	0.11626	6.05922	54.91594
19697	1.00000	0.15670	0.39989	0.44245	0.36566	0.15670	0.55222	0.61107	0.85443	53.02650
19717	1.00000	0.17120	-0.00788	0.13494	0.13839	0.17120	0.08975	0.12923	1.93435	50.89022
19737	1.00000	0.16315	0.04047	0.21479	-0.01832	0.16315	0.14093	0.22119	3.01427	52.37998
19757	1.00000	0.16637	-0.19323	0.20904	0.01097	0.16637	-0.12707	0.22998	4.03437	51.74890
19777	1.00000	-0.12696	-0.00304	0.12232	0.08401	-0.12696	-0.07682	0.08538	5.05447	67.18183
19797	1.00000	-0.29297	0.04692	0.28256	0.13857	-0.29297	-0.11497	0.11999	6.17887	54.91594
19817	1.00000	-0.31392	0.32736	0.30900	0.20440	-0.31392	0.19676	0.33366	0.95874	53.28966
19837	1.00000	-0.09151	-0.04656	0.01836	-0.13927	-0.09151	-0.10659	0.12251	2.05093	51.37720
19857	1.00000	-0.00125	0.19681	0.22545	0.02199	-0.00125	0.22653	0.24063	3.10938	52.89604
19877	1.00000	0.16315	0.02436	0.19849	-0.04664	0.16315	0.12232	0.22625	4.13408	53.28981
19897	1.00000	-0.00447	-0.21096	0.18721	0.15992	-0.00447	-0.24617	0.30754	5.16185	71.08711
19917	1.00000	0.01648	-0.19323	0.20595	0.05897	0.01648	-0.21360	0.20456	6.27245	53.28981
19937	1.00000	-0.03510	-0.04817	0.08318	-0.00840	-0.03510	-0.07589	0.09383	1.03237	47.70753
19957	1.00000	-0.28814	0.27740	0.30858	0.10717	-0.28814	0.15395	0.32381	2.08161	70.06154
19977	1.00000	-0.04960	-0.06590	-0.04346	-0.10742	-0.04960	-0.10473	0.13753	3.16767	51.74890
19997	1.00000	-0.06572	0.09688	0.05282	-0.08362	-0.06572	0.07393	0.10907	4.21538	48.05255
20017	1.00000	-0.00770	0.10978	0.00620	-0.12239	-0.00770	0.12232	0.15596	5.24468	53.28981
20037	1.00000	0.16798	-0.06107	0.16514	-0.04053	0.16798	0.02647	0.14187	0.09050	57.23825
20057	1.00000	-0.05927	-0.25770	0.18411	0.28228	-0.05927	-0.33178	0.27316	1.16889	68.73962
20077	1.00000	-0.00931	-0.30444	0.33231	0.13053	-0.00931	-0.35691	0.30394	2.27643	52.76549
20097	1.00000	-0.29942	0.03564	0.27639	0.17494	-0.29942	-0.13172	0.23622	3.33181	48.05255
20117	1.00000	-0.31876	0.39022	0.35799	0.21087	-0.31876	0.26655	0.39545	4.36724	48.63855
20137	1.00000	0.09384	0.36443	0.43036	0.22174	0.09384	0.47499	0.43747	5.40421	67.84209
20157	1.00000	-0.26235	0.10011	-0.07554	-0.25377	-0.26235	-0.03587	0.26448	0.23470	56.81411
20177	1.00000	0.25340	-0.02238	0.26316	0.09723	0.25340	0.12045	0.23972	1.31002	51.37720
20197	1.00000	0.12769	-0.08524	0.12651	0.03017	0.12769	-0.02471	0.07068	2.38994	52.76608
20217	1.00000	0.06644	0.02436	0.01162	-0.09327	0.06644	0.06648	0.09635	3.46066	51.62393
20237	1.00000	-0.03832	-0.05462	0.09290	0.00981	-0.03832	-0.08519	0.08963	4.48843	65.89912
20257	1.00000	-0.00931	0.04047	-0.00102	0.04238	-0.00931	0.04136	0.13833	5.54381	71.78748
20277	1.00000	-0.06894	-0.13359	0.08129	-0.18920	-0.06894	-0.19406	0.18068	0.38810	56.81411
20297	1.00000	-0.08990	-0.08041	-0.01714	-0.16951	-0.08990	-0.14475	0.17291	1.47109	51.25488
20317	1.00000	0.00842	0.22582	0.26170	0.04609	0.00842	0.26562	0.25841	2.54334	53.28921
20337	1.00000	0.60798	-0.13359	0.52917	0.35826	0.60798	0.19676	0.44219	3.60946	51.74890
20357	1.00000	0.41135	-0.54781	0.53990	0.18374	0.41135	-0.39506	0.54609	4.62035	65.89799
20377	1.00000	0.14703	-0.15938	0.08498	-0.15564	0.14703	-0.09915	0.18691	5.66653	53.55559
20397	1.00000	-0.03026	-0.07074	0.10197	-0.01864	-0.03026	-0.09915	0.11245	0.48014	55.06598
20417	1.00000	0.06805	-0.12715	-0.01999	-0.12566	0.06805	-0.10752	0.11629	1.56773	52.89604
20437	1.00000	-0.21561	0.26934	0.26454	0.10623	-0.21561	0.18652	0.25825	2.64305	51.74890
20457	1.00000	0.10190	0.30480	0.38858	0.16763	0.10190	0.41078	0.39366	3.67849	48.63855
20477	1.00000	0.10351	0.05659	0.13631	-0.08821	0.10351	0.12511	0.17673	4.69552	53.28981
20497	1.00000	0.20827	-0.23513	0.25162	0.05427	0.20827	-0.15126	0.23378	5.77851	51.37749
20517	1.00000	0.04710	-0.18194	0.18865	0.00889	0.04710	-0.18290	0.19184	0.55223	57.88607
20537	1.00000	-0.24301	0.00018	0.24954	0.12806	-0.24301	-0.14009	0.16383	1.62142	51.25459
20557	1.00000	1.00769	-0.78956	0.03620	-1.05962	1.00769	-0.32992	1.08872	2.71515	51.74832
20577	1.00000	-0.34455	0.41278	0.41006	0.16637	-0.34455	0.27771	0.45184	3.77666	66.53429
20597	1.00000	-0.05605	0.15007	0.12388	-0.08747	-0.05605	0.14093	0.16224	4.79062	51.74775
20617	1.00000	0.14864	0.05014	0.20596	-0.01806	0.14864	0.14372	0.19718	5.87975	51.37749
20637	1.00000	0.25179	-0.23674	0.25039	0.13068	0.25179	-0.12800	0.20937	0.66728	56.66420
20657	1.00000	0.02131	-0.13682	0.12312	0.08072	0.02131	-0.14568	0.20526	1.73953	51.37749
20677	1.00000	-0.04638	-0.31894	0.35952	0.17016	-0.04638	-0.39506	0.35181	2.84553	53.28981
20697	1.00000	-0.46381	0.12106	0.40551	0.25894	-0.46381	-0.12800	0.38354	3.88711	47.14319
20717	1.00000	-0.32037	0.38055	0.40249	0.07338	-0.32037	0.25445	0.44516	4.91181	51.74890
20737	1.00000	-0.07539	0.10655	0.08111	-0.07366	-0.07539	0.07951	0.11597	5.95645	52.89604
20757	1.00000	0.29853	-0.03044	0.26942	0.18798	0.29853	0.13720	0.25793	0.76085	54.92514
20777	1.00000	0.11963	-0.06751	0.11878	0.01675	0.11963	-0.00889	0.05061	1.82390	52.76608
20797	1.00000	0.31787	-0.41726	0.39193	0.19076	0.31787	-0.29828	0.43486	2.93144	51.25488
20817	1.00000	-0.08184	-0.32539	0.40915	0.13488	-0.08184	-0.42297	0.44497	3.96534	52.25254
20837	1.00000	0.03421	-0.11586	-0.00273	-0.11902	0.03421	-0.11404	0.12718	4.98084	53.42237
20857	1.00000	-0.12374	0.03564	0.09665	-0.08298	-0.12374	-0.03029	0.13313	6.06076	55.04731
20877	1.00000	0.04710	0.30802	0.32113	0.21371	0.04710	0.38286	0.30951	0.84983	53.28966
20897	1.00000	0.09062	0.01952	0.10803	0.04629	0.09062	0.07486	0.06379	1.91748	51.87360
20917	1.00000	0.25340	0.00018	0.28844	0.04971	0.25340	0.14651	0.32538	3.01427	51.37749
20937	1.00000	0.27435	-0.31733	0.34041	0.05152	0.27435	-0.20802	0.38516	4.04357	65.89855
20957	1.00000	0.02776	-0.05623	0.03155	-0.04654	0.02776	-0.04890	0.08088	5.05907	48.16861
20977	1.00000	-0.25913	0.02113	0.27387	0.08840	-0.25913	-0.12520	0.22361	6.17274	54.91594
20997	1.00000	-0.36711	0.44824	0.38943	0.27658	-0.36711	0.30563	0.39712	0.94340	53.28966
21017	1.00000	-0.02704	-0.00304	0.00684	-0.03240	-0.02704	-0.01912	0.05864	2.03559	69.56019
21037	1.00000	-0.03026	0.17747	0.18956	-0.01087	-0.03026	0.18745	0.19550	3.10324	68.68590
21057	1.00000	0.17120	0.01307	0.20407	-0.02543	0.17120	0.11394	0.22997	4.13101	67.51035
21077	1.00000	-0.02220	-0.24641	0.22886	0.19112	-0.02220	-0.29735	0.20780	5.15724	52.76608
21097	1.00000	-0.41707	0.05014	0.41001	0.19820	-0.41707	-0.18290	0.38519	6.17734	51.25488
21117	1.00000	-0.21400	0.20648	0.23444	0.06339	-0.21400	0.11487	0.24339	0.92959	66.05663
21137	1.00000	0.02937	0.21293	0.21348	0.15607	0.02937	0.26283	0.21740	2.00798	52.89574
21157	1.00000	-0.14631	0.06465	-0.03643	-0.14203	-0.14631	-0.00982	0.15296	3.08484	52.12571
21177	1.00000	0.07289	0.06465	0.10950	-0.08335	0.07289	0.11673	0.15811	4.12181	52.76608
21197	1.00000	0.11479	-0.06429	0.09646	-0.06273	0.11479	-0.00796	0.11659	5.17719	69.06568
21217	1.00000	0.11963	-0.14971	0.12588	-0.09611	0.11963	-0.10380	0.16812	6.25711	52.76608
21237	1.00000	-0.24946	0.00018	0.24830	0.14578	-0.24946	-0.14382	0.24049	1.05231	52.37983
21257	1.00000	-0.12696	0.20970	0.08153	0.19488	-0.12696	0.16884	0.19978	2.11843	70.91386
21277	1.00000	-0.18176	0.17425	0.20496	0.01686	-0.18176	0.09626	0.39586	3.19988	66.53372
21297	1.00000	0.01648	0.17102	0.20752	-0.00676	0.01648	0.20699	0.22953	4.22305	61.64952
21317	1.00000	-0.02543	0.15491	0.03511	-0.16239	-0.02543	0.16419	0.16857	5.27536	52.76608
21337	1.00000	0.18087	-0.18033	0.20110	0.05519	0.18087	-0.10380	0.18735	0.07517	70.40028
21357	1.00000	-0.01253	-0.21096	0.17824	0.17691	-0.01253	-0.25083	0.26594	1.16736	51.87360
21377	1.00000	0.07450	-0.18356	0.17711	-0.05217	0.07450	-0.16894	0.19579	2.25035	52.76608
21397	1.00000	-0.25913	-0.00465	0.30035	0.03080	-0.25913	-0.15498	0.28945	3.29959	50.64989
21417	1.00000	-0.15436	0.12267	0.14726	-0.06998	-0.15436	0.05253	0.17871	4.31202	47.82208
21437	1.00000	-0.10762	0.13234	0.08057	-0.11537	-0.10762	0.09068	0.14445	5.37047	68.41718
21457	1.00000	0.06644	0.09366	0.14800	-0.06303	0.06644	0.14651	0.15828	0.16567	55.63660
21477	1.00000	0.40329	-0.54781	0.44595	0.35143	0.40329	-0.39971	0.52106	1.22565	70.23036
21497	1.00000	0.06322	-0.00465	0.02280	-0.06668	0.06322	0.03112	0.17141	2.31631	50.77020
21517	1.00000	0.06805	-0.17066	0.15879	-0.06562	0.06805	-0.15777	0.19684	3.38703	53.42178
21537	1.00000	-0.03671	-0.05623	0.05619	-0.07487	-0.03671	-0.08612	0.11032	4.40406	48.05255
21557	1.00000	-0.09151	-0.09169	-0.06199	-0.17237	-0.09151	-0.15870	0.17693	5.45177	51.01138
21577	1.00000	-0.05927	0.14362	0.14425	-0.00528	-0.05927	0.13162	0.15654	0.27612	57.73046
21597	1.00000	0.24534	-0.05139	0.14410	0.21493	0.24534	0.08230	0.20424	1.36217	51.87360
21617	1.00000	0.11479	0.05659	0.17105	-0.03524	0.11479	0.13162	0.18368	2.44670	50.88993
21637	1.00000	0.28564	-0.35762	0.35863	0.12039	0.28564	-0.24803	0.36912	3.49287	51.74890
21657	1.00000	-0.05283	-0.36568	0.45257	0.05422	-0.05283	-0.45275	0.46536	4.52524	52.37998
21677	1.00000	0.09223	-0.16905	-0.04128	-0.16416	0.09223	-0.14195	0.17086	5.56068	53.28981
21697	1.00000	-0.24140	0.14524	0.24302	0.00305	-0.24140	0.02833	0.20702	0.37276	62.18839
21717	1.00000	-0.01092	-0.00465	-0.00090	-0.01596	-0.01092	-0.01168	0.05277	1.46495	51.74861
21737	1.00000	0.55157	-0.05462	0.42759	0.43196	0.55157	0.25538	0.45727	2.48352	44.35620
21757	1.00000	0.25662	-0.28509	0.31025	0.04870	0.25662	-0.18104	0.34758	3.48520	47.70767
21777	1.00000	0.02293	-0.07396	0.05827	-0.04835	0.02293	-0.07216	0.08734	4.48996	48.16861
21797	1.00000	0.04065	-0.05139	-0.03294	-0.04306	0.04065	-0.03587	0.08492	5.54841	52.63675
21817	1.00000	-0.15759	0.14201	0.15780	0.07251	-0.15759	0.07300	0.15543	0.38963	57.42175
21837	1.00000	-0.04638	0.00663	0.01661	-0.04733	-0.04638	-0.01912	0.08067	1.45421	52.37969
21857	1.00000	0.05032	0.27740	0.30888	0.17078	0.05032	0.34936	0.25634	2.55561	53.28981
21877	1.00000	0.40651	-0.06590	0.35500	0.25369	0.40651	0.15861	0.22363	3.61866	51.74890
21897	1.00000	0.40490	-0.45755	0.44827	0.22305	0.40490	-0.29456	0.43867	4.64643	48.52021
21917	1.00000	0.06805	-0.02561	0.03832	-0.05707	0.06805	0.00972	0.05639	5.73402	51.37749
21937	1.00000	0.11479	-0.12553	0.09805	-0.09875	0.11479	-0.07868	0.14277	0.54150	58.04252
21957	1.00000	-0.39773	0.07593	0.35933	0.22182	-0.39773	-0.14195	0.41252	1.61221	51.13284
21977	1.00000	-0.10924	0.05820	0.10882	0.01033	-0.10924	0.00414	0.05992	2.67680	51.62450
21997	1.00000	-0.24462	0.29996	0.31037	0.07467	-0.24462	0.20513	0.34286	3.76439	50.89050
22017	1.00000	0.24051	0.01791	0.28480	-0.04665	0.24051	0.15954	0.32920	4.70625	53.28981
22037	1.00000	0.20666	-0.22868	0.24664	0.05313	0.20666	-0.14475	0.23414	5.78157	51.87389
22057	1.00000	0.00036	-0.21257	0.23189	0.07979	0.00036	-0.24524	0.23424	0.56297	57.26862
22077	1.00000	-0.34938	0.05820	0.27875	0.24989	-0.34938	-0.13451	0.26833	1.62295	71.08682
22097	1.00000	0.05194	-0.12553	-0.00379	-0.12610	0.05194	-0.11497	0.12380	2.70901	53.42178
22117	1.00000	-0.21561	0.21776	0.25016	0.00497	-0.21561	0.12697	0.27073	3.76592	52.37998
22137	1.00000	-0.01414	0.14040	0.14868	-0.04231	-0.01414	0.15395	0.17209	4.78909	51.87274
22157	1.00000	-0.05121	0.17908	0.02078	-0.18330	-0.05121	0.17722	0.17676	5.85367	52.76608
22177	1.00000	0.28564	-0.36568	0.31898	0.21460	0.28564	-0.25734	0.33561	0.65348	56.66420
22197	1.00000	-0.02865	-0.25286	0.22296	0.21513	-0.02865	-0.30852	0.22896	1.73493	55.57917
22217	1.00000	0.06322	-0.16744	0.16009	-0.05446	0.06322	-0.15684	0.18986	2.82099	52.25254
22237	1.00000	-0.91187	1.15740	1.12350	0.47442	-0.91187	0.80998	1.18249	3.85029	51.37749
22257	1.00000	0.35655	-0.07074	0.26386	0.27002	0.35655	0.12418	0.39865	4.76608	65.89912
22277	1.00000	-0.11407	0.22260	-0.04668	-0.21766	-0.11407	0.19117	0.22378	5.84600	57.66861
22297	1.00000	0.29208	-0.26253	0.30651	0.09728	0.29208	-0.13451	0.34848	0.65501	57.42175
22317	1.00000	0.01164	-0.12715	0.11253	0.08425	0.01164	-0.14009	0.27504	1.74107	51.25488
22337	1.00000	0.05838	-0.20290	0.20721	-0.02641	0.05838	-0.20058	0.21409	2.82252	52.76608
22357	1.00000	-0.23495	0.01307	0.26246	0.02909	-0.23495	-0.12055	0.26748	3.85796	67.84209
22377	1.00000	-0.01898	0.06304	0.06160	0.01971	-0.01898	0.06183	0.04144	4.86885	51.74890
22397	1.00000	-0.00770	0.19842	0.22393	0.01986	-0.00770	0.22467	0.23313	5.97179	57.09504
22417	1.00000	0.39201	-0.06751	0.34738	0.23453	0.39201	0.14837	0.30359	0.75318	55.63661
22437	1.00000	-0.02059	0.08077	-0.00394	-0.08384	-0.02059	0.08137	0.11206	1.83618	52.37969
22457	1.00000	0.17120	-0.17550	0.19935	0.01849	0.17120	-0.10380	0.22506	2.91763	51.87389
22477	1.00000	0.05355	-0.17066	0.16052	-0.06859	0.05355	-0.16615	0.20164	3.94693	48.87698
22497	1.00000	-0.23334	0.36765	0.20853	0.30811	-0.23334	0.28981	0.45818	4.95629	72.32069
22517	1.00000	-0.18499	0.09688	0.17899	-0.04692	-0.18499	0.00507	0.18263	6.07150	69.72659
22537	1.00000	0.08578	0.30157	0.31273	0.26026	0.08578	0.39775	0.40112	0.85136	53.42222
22557	1.00000	-0.20755	0.09688	-0.03989	-0.20382	-0.20755	-0.00796	0.21125	1.94662	51.87389
22577	1.00000	0.19538	0.01146	0.23191	0.01657	0.19538	0.12604	0.23252	3.00814	50.77020
22597	1.00000	0.17926	-0.19484	0.21621	-0.01186	0.17926	-0.12148	0.23203	4.03744	48.05255
22617	1.00000	-0.03348	-0.04172	0.07532	-0.00241	-0.03348	-0.06751	0.05681	5.05600	47.82208
22637	1.00000	-0.18660	-0.07074	0.26569	0.00984	-0.18660	-0.18941	0.17190	6.18041	51.37749
22657	1.00000	-0.25913	0.23227	0.25614	0.12492	-0.25913	0.11859	0.26324	0.96027	53.42222
22677	1.00000	-0.08990	-0.03850	0.02697	-0.12898	-0.08990	-0.09636	0.11649	2.05247	55.04703
22697	1.00000	0.04388	0.24516	0.29311	0.10544	0.04388	0.30842	0.25449	3.11245	68.51546
22717	1.00000	0.29853	-0.04495	0.31841	0.04722	0.29853	0.12045	0.36610	4.13715	49.48339
22737	1.00000	0.00197	-0.21096	0.18843	0.15258	0.00197	-0.24245	0.23481	5.15724	67.18183
22757	1.00000	-0.02381	-0.23835	0.25827	0.13180	-0.02381	-0.28898	0.19854	6.28165	57.23825
22777	1.00000	-0.33488	0.07271	0.24399	0.25408	-0.33488	-0.10939	0.26975	1.05998	51.37735
22797	1.00000	0.13575	-0.20934	-0.07491	-0.19873	0.13575	-0.16336	0.21102	2.13377	53.28981
22817	1.00000	-0.37195	0.39989	0.40177	0.19469	-0.37195	0.24701	0.41589	3.22443	66.69443
22837	1.00000	0.17604	0.45952	0.56027	0.34172	0.17604	0.63225	0.50468	4.26447	48.51905
22857	1.00000	0.25501	0.00340	0.29492	0.03004	0.25501	0.15116	0.28462	5.29223	50.64933
22877	1.00000	-0.03510	0.12428	-0.03510	-0.12325	-0.03510	0.12325	0.15912	0.08744	49.48339
