0	0.00000	0.00263	-0.04748	0.01850	-0.05005	0.00263	-0.05330	0.10274	6.05769	0.02022
8377	0.00000	-0.03605	0.08952	0.01735	0.08839	-0.03605	0.08256	0.02408	6.03775	0.00000
8397	0.00000	-0.04249	0.02666	0.04250	0.00619	-0.04249	0.00625	0.05527	6.02087	0.00000
8417	0.00000	-0.02154	-0.01202	0.02150	-0.02635	-0.02154	-0.02632	0.01427	6.02087	0.00000
8437	0.00000	-0.05216	-0.01524	0.05209	-0.04780	-0.05216	-0.04772	0.03467	6.02087	0.00000
8457	0.00000	-0.03766	-0.01524	0.03693	-0.04003	-0.03766	-0.03934	0.02902	6.01934	0.00000
8477	0.00000	-0.05216	0.03633	0.05218	0.01176	-0.05216	0.01184	0.03879	6.01934	0.00000
8497	0.00000	-0.03766	0.01377	0.03754	-0.00654	-0.03766	-0.00584	0.05099	6.01934	0.00000
8517	0.00000	-0.02960	0.00410	0.02958	-0.01240	-0.02960	-0.01236	0.02759	6.02087	0.00000
8537	0.00000	-0.02960	0.00571	0.02958	-0.01054	-0.02960	-0.01050	0.07314	6.02087	0.00000
8557	0.00000	-0.02638	0.00249	0.02636	-0.01240	-0.02638	-0.01236	0.00778	6.02087	0.00000
8577	0.00000	-0.05861	0.01054	0.05820	-0.02274	-0.05861	-0.02166	0.05830	6.01934	0.00000
8597	0.00000	-0.05216	0.03633	0.05237	0.01087	-0.05216	0.01184	0.02902	6.01934	0.00000
8617	0.00000	-0.04894	0.05406	0.05313	0.02719	-0.04894	0.03417	0.05631	6.00860	0.00000
8637	0.00000	-0.06989	0.10402	0.08125	0.06814	-0.06989	0.07976	0.05713	6.00554	0.00000
8657	0.00000	-0.04249	0.04761	0.04741	0.02201	-0.04249	0.03045	0.06615	6.00554	0.00000
8677	0.00000	-0.05378	0.01699	0.05140	-0.01951	-0.05378	-0.01143	0.03685	6.00554	0.00000
8697	0.00000	-0.05378	0.02022	0.05169	-0.01670	-0.05378	-0.00771	0.08992	6.00554	0.00000
8717	0.00000	-0.02960	0.05406	0.03685	0.03966	-0.02960	0.04534	0.04381	6.00554	0.00000
8737	0.00000	-0.04894	0.01377	0.04647	-0.01969	-0.04894	-0.01236	0.03262	6.00707	0.00000
8757	0.00000	-0.05861	0.02827	0.05774	-0.01013	-0.05861	-0.00119	0.10122	6.00554	0.00000
8777	0.00000	-0.03282	-0.12967	0.00377	-0.17180	-0.03282	-0.16869	0.05540	6.00707	0.00000
8797	0.00000	-0.05700	0.02666	0.05600	-0.01080	-0.05700	-0.00212	0.04392	6.00554	0.00000
8817	0.00000	-0.06183	0.02827	0.06042	-0.01349	-0.06183	-0.00305	0.10792	6.00554	0.00000
8837	0.00000	-0.05700	0.03311	0.05707	-0.00441	-0.05700	0.00532	0.04699	6.00707	0.00000
8857	0.00000	-0.04411	0.04600	0.04781	0.02059	-0.04411	0.02765	0.06540	6.00554	0.00000
8877	0.00000	-0.05216	0.02505	0.05121	-0.01001	-0.05216	-0.00119	0.04426	6.00554	0.00000
8897	0.00000	-0.03766	0.02183	0.03774	-0.00233	-0.03766	0.00346	0.07420	6.00707	0.00000
8917	0.00000	-0.05539	0.02827	0.05470	-0.00872	-0.05539	0.00067	0.05812	6.00554	0.00000
8937	0.00000	-0.06345	0.02344	0.06091	-0.02018	-0.06345	-0.00957	0.04392	6.00554	0.00000
8957	0.00000	-0.06506	0.03633	0.06486	-0.00669	-0.06506	0.00439	0.04140	6.00554	0.00000
8977	0.00000	-0.05700	0.00410	0.05202	-0.03655	-0.05700	-0.02818	0.05058	6.00707	0.00000
8997	0.00000	-0.05861	0.07179	0.06607	0.03842	-0.05861	0.04906	0.06520	6.00554	0.00000
9017	0.00000	-0.03766	0.02183	0.03770	-0.00297	-0.03766	0.00346	0.05634	6.00554	0.00000
9037	0.00000	-0.04249	0.01699	0.04105	-0.01204	-0.04249	-0.00491	0.07201	6.00554	0.00000
9057	0.00000	-0.04572	0.02989	0.04643	0.00025	-0.04572	0.00811	0.03539	6.00554	0.00000
9077	0.00000	-0.06345	0.02022	0.06067	-0.02282	-0.06345	-0.01329	0.04379	6.00707	0.00000
9097	0.00000	-0.04894	0.01377	0.04647	-0.01969	-0.04894	-0.01236	0.16448	6.00707	0.00000
9117	0.00000	-0.03766	-0.09744	0.01437	-0.13869	-0.03766	-0.13426	0.05667	6.00707	0.00000
9137	0.00000	-0.06828	0.02022	0.06502	-0.02632	-0.06828	-0.01608	0.04699	6.00707	0.00000
9157	0.00000	-0.05378	0.02666	0.05310	-0.00847	-0.05378	-0.00026	0.03428	6.00554	0.00000
9177	0.00000	-0.03444	-0.04587	0.02159	-0.07762	-0.03444	-0.07284	0.05468	6.00554	0.00000
9197	0.00000	-0.05539	0.01699	0.05249	-0.02156	-0.05539	-0.01236	0.05063	6.00707	0.00000
9217	0.00000	-0.06506	0.02989	0.06360	-0.01403	-0.06506	-0.00305	0.10362	6.00554	0.00000
9237	0.00000	-0.04733	-0.07004	0.02831	-0.11465	-0.04733	-0.10820	0.06179	6.00554	-3.99475
9257	0.00000	-0.03927	0.02989	0.04071	0.00501	-0.03927	0.01184	0.05656	6.00554	0.00000
9277	0.00000	-0.06828	0.16205	0.09232	0.13398	-0.06828	0.14769	0.04062	6.00554	-4.04745
9297	0.00000	-0.05861	-0.00074	0.05188	-0.04412	-0.05861	-0.03469	0.05099	6.00707	0.00000
9317	0.00000	-0.05700	0.05728	0.06180	0.02310	-0.05700	0.03324	0.06825	6.00554	0.00000
9337	0.00000	-0.06345	0.01054	0.05838	-0.03485	-0.06345	-0.02445	0.03690	6.00554	0.00000
9357	0.00000	-0.04894	0.02989	0.04932	-0.00130	-0.04894	0.00625	0.05806	6.00554	0.00000
9377	0.00000	-0.05700	0.02827	0.05629	-0.00897	-0.05700	-0.00026	0.06531	6.00707	0.00000
9397	0.00000	-0.07473	0.00893	0.06956	-0.04269	-0.07473	-0.03283	0.05721	6.00860	0.00000
9417	0.00000	-0.04572	0.03472	0.04715	0.00735	-0.04572	0.01370	0.06158	6.00707	0.00000
9437	0.00000	-0.10374	0.01377	0.09579	-0.05932	-0.10374	-0.04400	0.04767	6.00707	0.00000
9457	0.00000	-0.05700	0.03150	0.05686	-0.00529	-0.05700	0.00346	0.03976	6.00554	0.00000
9477	0.00000	0.05421	0.01054	-0.04693	0.05124	0.05421	0.04347	0.04298	6.00707	0.00000
9497	0.00000	-0.04572	0.00732	0.04244	-0.02471	-0.04572	-0.01794	0.04060	6.00554	0.00000
9517	0.00000	-0.04894	0.02344	0.04818	-0.00865	-0.04894	-0.00119	0.04484	6.00707	0.00000
9537	0.00000	-0.06345	0.03311	0.06280	-0.00917	-0.06345	0.00160	0.04842	6.00554	0.00000
9557	0.00000	-0.05378	0.00087	0.04791	-0.03871	-0.05378	-0.03004	0.04450	6.00554	0.00000
9577	0.00000	-0.05216	0.04278	0.05449	0.01108	-0.05216	0.01928	0.05671	6.00554	0.00000
9597	0.00000	-0.01187	0.02183	0.01534	0.01556	-0.01187	0.01835	0.02833	6.00400	0.00000
9617	0.00000	-0.06345	0.03150	0.06207	-0.01311	-0.06345	-0.00026	0.05078	6.00247	0.00000
9637	0.00000	-0.05378	0.02989	0.05348	-0.00660	-0.05378	0.00346	0.06551	6.00400	0.00000
9657	0.00000	-0.04249	0.03956	0.04568	0.01286	-0.04249	0.02114	0.05816	6.00400	0.00000
9677	0.00000	-0.06022	0.02183	0.05703	-0.02157	-0.06022	-0.00957	0.04473	6.00400	0.00000
9697	0.00000	-0.06506	0.02344	0.06196	-0.02242	-0.06506	-0.01050	0.05724	6.00247	0.00000
9717	0.00000	-0.02960	-0.11517	0.00116	-0.15295	-0.02960	-0.15008	0.05471	6.00400	0.00000
9737	0.00000	-0.05700	0.02344	0.05491	-0.01635	-0.05700	-0.00584	0.04047	6.00247	0.00000
9757	0.00000	-0.06183	0.02989	0.06053	-0.01267	-0.06183	-0.00119	0.04934	6.00400	0.00000
9777	0.00000	-0.05055	-0.07810	0.02532	-0.12712	-0.05055	-0.11937	0.06944	6.00247	0.00000
9797	0.00000	-0.05700	0.02827	0.05595	-0.01086	-0.05700	-0.00026	0.04106	6.00400	0.00000
9817	0.00000	-0.06183	0.03150	0.06068	-0.01187	-0.06183	0.00067	0.05858	6.00247	0.00000
9837	0.00000	-0.06183	0.05728	0.06726	0.01503	-0.06183	0.03045	0.05099	6.00093	0.00000
9857	0.00000	-0.05700	0.05728	0.06255	0.02100	-0.05700	0.03324	0.07029	6.00247	0.00000
9877	0.00000	-0.05700	0.03311	0.05707	-0.00441	-0.05700	0.00532	0.04451	6.00400	0.00000
9897	0.00000	-0.05539	0.04278	0.05776	0.00584	-0.05539	0.01742	0.03486	6.00247	0.00000
9917	0.00000	-0.05700	0.04117	0.05878	0.00278	-0.05700	0.01463	0.06070	6.00400	0.00000
9937	0.00000	-0.03444	0.05406	0.04234	0.03468	-0.03444	0.04254	0.05833	6.00247	-4.04745
9957	0.00000	-0.03766	0.02989	0.03946	0.00487	-0.03766	0.01277	0.05381	6.00247	-4.03680
9977	0.00000	-0.04411	0.05890	0.05181	0.03272	-0.04411	0.04254	0.09947	6.00247	0.00000
9997	0.00000	0.07033	0.01699	-0.05666	0.07322	0.07033	0.06022	0.04298	6.00247	0.00000
10017	0.00000	-0.06183	0.00087	0.05352	-0.04649	-0.06183	-0.03469	0.04379	6.00400	0.00000
10037	0.00000	-0.06989	0.04278	0.07027	-0.00530	-0.06989	0.00904	0.06955	6.00247	0.00000
10057	0.00000	-0.05861	0.06696	0.06567	0.03181	-0.05861	0.04347	0.06615	6.00247	0.00000
10077	0.00000	-0.06345	0.04278	0.06471	-0.00035	-0.06345	0.01277	0.10858	6.00247	0.00000
10097	0.00000	-0.04572	0.03472	0.04754	0.00415	-0.04572	0.01370	0.06177	6.00093	0.00000
10117	0.00000	-0.06345	0.02989	0.06170	-0.01493	-0.06345	-0.00212	0.08494	6.00093	0.00000
10137	0.00000	-0.05216	-0.13451	0.01027	-0.19236	-0.05216	-0.18544	0.06192	6.00093	0.00000
10157	0.00000	-0.06183	0.02827	0.05993	-0.01552	-0.06183	-0.00305	0.05229	6.00247	0.00000
10177	0.00000	-0.05861	0.02183	0.05530	-0.02127	-0.05861	-0.00864	0.05720	6.00093	0.00000
10197	0.00000	-0.03766	-0.12806	0.00251	-0.17372	-0.03766	-0.16962	0.05525	6.00093	0.00000
10217	0.00000	-0.05378	0.02022	0.05110	-0.01844	-0.05378	-0.00771	0.04080	6.00247	0.00000
10237	0.00000	-0.06345	0.07179	0.07150	0.03245	-0.06345	0.04627	0.04536	6.00093	0.00000
10257	0.00000	-0.06183	0.09758	0.07720	0.06155	-0.06183	0.07697	0.05361	6.00093	0.00000
10277	0.00000	-0.04411	0.03956	0.04728	0.01086	-0.04411	0.02021	0.06623	6.00247	0.00000
10297	0.00000	-0.06828	0.04600	0.06963	-0.00042	-0.06828	0.01370	0.05809	6.00247	0.00000
10317	0.00000	-0.05378	0.08307	0.06490	0.05373	-0.05378	0.06488	0.04342	6.00247	0.00000
10337	0.00000	-0.06989	0.05406	0.07291	0.00745	-0.06989	0.02207	0.07314	6.00247	0.00000
10357	0.00000	-0.04572	0.05406	0.05206	0.02602	-0.04572	0.03603	0.06615	6.00247	0.00000
10377	0.00000	-0.06506	0.02022	0.06082	-0.02710	-0.06506	-0.01422	0.04473	6.00247	0.00000
10397	0.00000	-0.05700	0.02666	0.05560	-0.01269	-0.05700	-0.00212	0.11494	6.00400	0.00000
10417	0.00000	-0.05378	0.04923	0.05788	0.01436	-0.05378	0.02579	0.11610	6.00247	0.00000
10437	0.00000	-0.06989	0.02827	0.06688	-0.02170	-0.06989	-0.00771	0.05058	6.00247	0.00000
10457	0.00000	-0.06828	0.02344	0.06436	-0.02593	-0.06828	-0.01236	0.06011	6.00093	0.00000
10477	0.00000	-0.03927	-0.12484	0.00466	-0.17131	-0.03927	-0.16683	0.05983	6.00247	0.00000
10497	0.00000	-0.06183	0.02505	0.05918	-0.01916	-0.06183	-0.00677	0.04699	6.00247	0.00000
10517	0.00000	-0.07150	0.02666	0.06747	-0.02591	-0.07150	-0.01050	0.22127	6.00093	0.00000
10537	0.00000	-0.04572	-0.10550	0.01474	-0.15439	-0.04572	-0.14821	0.06871	6.00247	0.00000
10557	0.00000	-0.06828	0.02344	0.06436	-0.02593	-0.06828	-0.01236	0.04637	6.00247	0.00000
10577	0.00000	-0.06828	0.02505	0.06473	-0.02411	-0.06828	-0.01050	0.19347	6.00247	0.00000
10597	0.00000	-0.03282	-0.12323	-0.00052	-0.16454	-0.03282	-0.16124	0.05800	6.00093	0.00000
10617	0.00000	-0.04733	0.03956	0.05006	0.00838	-0.04733	0.01835	0.06885	6.00247	0.00000
10637	0.00000	-0.06989	0.19106	0.10496	0.16235	-0.06989	0.18026	0.04585	6.00247	0.00000
10657	0.00000	-0.05700	0.11047	0.07499	0.08114	-0.05700	0.09465	0.05015	6.00247	0.00000
10677	0.00000	-0.05700	0.05567	0.06249	0.01813	-0.05700	0.03138	0.07720	6.00093	0.00000
10697	0.00000	-0.07795	0.03311	0.07496	-0.02242	-0.07795	-0.00677	0.05754	6.00247	0.00000
10717	0.00000	-0.05216	0.03794	0.05385	0.00284	-0.05216	0.01370	0.09368	6.00247	0.00000
10737	0.00000	0.06549	0.02989	-0.04948	0.08408	0.06549	0.07232	0.05792	6.00247	0.00000
10757	0.00000	-0.06345	0.00571	0.05604	-0.04227	-0.06345	-0.03004	0.05151	6.00247	0.00000
10777	0.00000	-0.06989	0.04923	0.07178	0.00199	-0.06989	0.01649	0.06856	6.00247	0.00000
10797	0.00000	-0.06183	0.02505	0.05918	-0.01916	-0.06183	-0.00677	0.04557	6.00247	0.00000
10817	0.00000	-0.05861	0.03311	0.05815	-0.00856	-0.05861	0.00439	0.06026	6.00093	0.00000
10837	0.00000	-0.07473	0.02344	0.06939	-0.03206	-0.07473	-0.01608	0.05631	6.00093	0.00000
10857	0.00000	-0.04572	0.04278	0.04965	0.01243	-0.04572	0.02300	0.13172	6.00093	0.00000
10877	0.00000	-0.00381	0.01538	0.00737	0.01422	-0.00381	0.01556	0.05462	5.99940	0.00000
10897	0.00000	-0.07634	0.05728	0.07922	0.00615	-0.07634	0.02207	0.06629	6.00093	0.00000
10917	0.00000	-0.05700	0.02989	0.05597	-0.01093	-0.05700	0.00160	0.06423	6.00093	0.00000
10937	0.00000	-0.05700	0.05406	0.06208	0.01631	-0.05700	0.02952	0.16748	6.00093	-3.98438
10957	0.00000	-0.07956	0.06534	0.08410	0.01137	-0.07956	0.02952	0.08223	6.00093	0.00000
10977	0.00000	-0.06345	0.05245	0.06697	0.01058	-0.06345	0.02393	0.06058	6.00247	0.00000
10997	0.00000	-0.07956	0.04278	0.07839	-0.01406	-0.07956	0.00346	0.05976	6.00093	0.00000
11017	0.00000	-0.07150	0.02666	0.06747	-0.02591	-0.07150	-0.01050	0.05565	6.00093	0.00000
11037	0.00000	-0.18271	0.03633	0.16604	-0.09923	-0.18271	-0.06354	0.06270	6.00247	0.00000
11057	0.00000	-0.06183	0.03956	0.06252	-0.00382	-0.06183	0.00997	0.05788	6.00093	0.00000
11077	0.00000	-0.05539	0.04923	0.05927	0.01313	-0.05539	0.02486	0.04536	6.00247	0.00000
11097	0.00000	-0.07956	0.05245	0.08087	-0.00179	-0.07956	0.01463	0.08298	6.00400	0.00000
11117	0.00000	-0.06183	0.06696	0.06898	0.02822	-0.06183	0.04161	0.05819	6.00247	4.02621
11137	0.00000	-0.04572	0.03794	0.04829	0.00780	-0.04572	0.01742	0.06177	6.00247	0.00000
11157	0.00000	-0.06183	0.06857	0.06935	0.03004	-0.06183	0.04347	0.05066	6.00247	0.00000
11177	0.00000	-0.07150	0.03633	0.07015	-0.01383	-0.07150	0.00067	0.15367	6.00093	0.00000
11197	0.00000	-0.05700	0.08468	0.06896	0.05198	-0.05700	0.06488	0.05804	6.00093	0.00000
11217	0.00000	-0.03605	0.03472	0.03920	0.01158	-0.03605	0.01928	0.06206	6.00247	0.00000
11237	0.00000	-0.05861	0.06857	0.06658	0.03252	-0.05861	0.04533	0.05414	6.00247	0.00000
11257	0.00000	-0.06183	0.03956	0.06261	-0.00170	-0.06183	0.00997	0.07128	6.00400	0.00000
11277	0.00000	-0.07150	0.08791	0.08222	0.04448	-0.07150	0.06022	0.06871	6.00247	0.00000
11297	0.00000	-0.04894	0.03311	0.04994	-0.00015	-0.04894	0.00997	0.05518	6.00247	0.00000
11317	0.00000	-0.05216	0.04600	0.05574	0.01196	-0.05216	0.02300	0.11455	6.00247	0.00000
11337	0.00000	0.07355	0.03150	-0.05449	0.09303	0.07355	0.07883	0.05706	6.00093	0.00000
11357	0.00000	-0.07473	0.00732	0.06358	-0.05239	-0.07473	-0.03469	0.05733	5.99787	4.02621
11377	0.00000	-0.06989	0.05084	0.07222	0.00259	-0.06989	0.01835	0.07294	6.00093	-4.03680
11397	0.00000	-0.05378	0.06857	0.06301	0.03517	-0.05378	0.04813	0.07784	6.00093	0.00000
11417	0.00000	-0.05378	0.05567	0.05939	0.02165	-0.05378	0.03324	0.05745	6.00247	0.00000
11437	0.00000	-0.06989	0.02989	0.06691	-0.02102	-0.06989	-0.00584	0.05277	6.00093	0.00000
11457	0.00000	-0.06183	0.03311	0.06089	-0.01108	-0.06183	0.00253	0.05947	6.00093	0.00000
11477	0.00000	-0.04572	0.04117	0.04971	0.00811	-0.04572	0.02114	0.02833	5.99940	0.00000
11497	0.00000	-0.04894	0.04600	0.05342	0.01264	-0.04894	0.02486	0.06843	5.99940	0.00000
11517	0.00000	-0.06183	0.02989	0.06031	-0.01369	-0.06183	-0.00119	0.05809	6.00247	0.00000
11537	0.00000	-0.04572	0.04761	0.05056	0.01873	-0.04572	0.02859	0.07502	6.00247	0.00000
11557	0.00000	0.07355	0.03633	-0.05492	0.09756	0.07355	0.08442	0.05726	6.00247	0.00000
11577	0.00000	-0.06828	0.02022	0.06147	-0.03380	-0.06828	-0.01608	0.05503	5.99633	0.00000
11597	0.00000	-0.07956	0.05245	0.08084	-0.00316	-0.07956	0.01463	0.07681	6.00093	0.00000
11617	0.00000	0.16381	-0.03458	-0.14632	0.09168	0.16381	0.05464	0.09350	5.99480	-91.63943
11637	0.00000	-0.07795	0.03956	0.07620	-0.01643	-0.07795	0.00067	0.05963	6.00247	0.00000
11657	0.00000	-0.06828	0.03472	0.06741	-0.01091	-0.06828	0.00067	0.16067	6.00554	-4.04745
11677	0.00000	-0.07473	0.08468	0.08219	0.04258	-0.07473	0.05464	0.06412	6.00707	0.00000
11697	0.00000	-0.10374	0.07340	0.10667	0.00153	-0.10374	0.02486	0.11828	6.00400	0.00000
11717	0.00000	-0.07956	0.02666	0.07832	-0.02060	-0.07956	-0.01515	0.05806	6.01474	0.00000
11737	0.00000	-0.06345	0.02183	0.06300	-0.01366	-0.06345	-0.01143	0.05781	6.01781	0.00000
11757	0.00000	-0.06183	0.04923	0.06254	0.01895	-0.06183	0.02114	0.05816	6.01781	0.00000
11777	0.00000	-0.07150	0.20234	0.07823	0.18970	-0.07150	0.19236	0.08007	6.01781	0.00000
11797	0.00000	-0.05216	0.03472	0.05248	0.00813	-0.05216	0.00997	0.08874	6.01781	-3.99475
11817	0.00000	-0.05378	0.03311	0.05390	0.00619	-0.05378	0.00718	0.05538	6.01781	0.00000
11837	0.00000	-0.07150	-0.02008	0.06918	-0.06694	-0.07150	-0.06447	0.06616	6.01781	-3.91323
11857	0.00000	-0.06989	0.03472	0.06983	-0.00272	-0.06989	-0.00026	0.07526	6.01781	-3.87370
11877	0.00000	-0.07150	0.05406	0.07220	0.01861	-0.07150	0.02114	0.07883	6.01781	0.00000
11897	0.00000	-0.06183	0.06857	0.06332	0.04126	-0.06183	0.04347	0.07269	6.01781	0.00000
11917	0.00000	-0.05861	0.02666	0.05846	-0.00512	-0.05861	-0.00305	0.09898	6.01934	0.00000
11937	0.00000	-0.05216	0.05890	0.05285	0.03692	-0.05216	0.03789	0.07901	6.01934	0.00000
11957	0.00000	-0.07150	0.04278	0.07164	0.00680	-0.07150	0.00811	0.04009	6.01934	0.00000
11977	0.00000	-0.05378	0.04278	0.05410	0.01736	-0.05378	0.01835	0.08475	6.01934	0.00000
11997	0.00000	0.02359	0.02989	-0.02270	0.04855	0.02359	0.04813	0.08453	6.01934	0.00000
12017	0.00000	-0.06345	0.05728	0.06349	0.02942	-0.06345	0.02952	0.11401	6.01934	0.00000
12037	0.00000	-0.05539	0.03956	0.05541	0.01361	-0.05539	0.01370	0.16623	6.01934	0.00000
12057	0.00000	-0.06828	0.02344	0.06804	-0.01361	-0.06828	-0.01236	0.05796	6.01934	0.00000
12077	0.00000	-0.04249	0.00571	0.04183	-0.01943	-0.04249	-0.01794	0.05099	6.01934	4.00518
12097	0.00000	-0.04894	0.00571	0.04853	-0.02256	-0.04894	-0.02166	0.07480	6.01934	0.00000
12117	0.00000	-0.05539	0.00893	0.05498	-0.02268	-0.05539	-0.02166	0.05795	6.01934	0.00000
12137	0.00000	-0.07150	-0.00235	0.07144	-0.04410	-0.07150	-0.04400	0.05925	6.02087	0.00000
12157	0.00000	-0.07795	0.01216	0.07790	-0.03109	-0.07795	-0.03097	0.07560	6.01934	0.00000
12177	0.00000	-0.06183	0.05728	0.06188	0.03035	-0.06183	0.03045	0.06750	6.02087	0.00000
12197	0.00000	-0.05216	0.04117	0.05247	0.01645	-0.05216	0.01742	0.06944	6.01934	0.00000
12217	0.00000	-0.05055	0.01699	0.05036	-0.01049	-0.05055	-0.00957	0.06853	6.01934	0.00000
12237	0.00000	-0.06506	0.04278	0.06526	0.01064	-0.06506	0.01184	0.07820	6.01934	0.00000
12257	0.00000	-0.06183	0.01216	0.06103	-0.02383	-0.06183	-0.02166	0.08060	6.01781	0.00000
12277	0.00000	-0.07956	0.02666	0.07927	-0.01661	-0.07956	-0.01515	0.05790	6.01934	0.00000
12297	0.00000	-0.13597	0.06857	0.13569	-0.00871	-0.13597	0.00067	0.14066	6.01627	0.00000
12317	0.00000	-0.07150	-0.00396	0.07294	-0.04352	-0.07150	-0.04586	0.05827	6.02394	0.00000
12337	0.00000	-0.05539	0.04278	0.05479	0.01919	-0.05539	0.01742	0.07273	6.02394	0.00000
12357	0.00000	-0.04572	0.04278	0.04495	0.02446	-0.04572	0.02300	0.27193	6.02394	0.00000
12377	0.00000	-0.05378	0.00732	0.05447	-0.02085	-0.05378	-0.02259	0.04946	6.02241	0.00000
12397	0.00000	-0.05055	0.03472	0.05037	0.01168	-0.05055	0.01091	0.06710	6.02241	0.00000
12417	0.00000	-0.06345	0.06857	0.06278	0.04351	-0.06345	0.04254	0.06789	6.02241	0.00000
12437	0.00000	-0.04733	0.00571	0.04764	-0.02000	-0.04733	-0.02073	0.21035	6.02241	0.00000
12457	0.00000	0.17831	0.03311	-0.18044	0.13841	0.17831	0.14118	0.08874	6.02241	-4.07975
12477	0.00000	-0.07956	0.05890	0.07921	0.02329	-0.07956	0.02207	0.08223	6.02394	0.00000
12497	0.00000	-0.02799	0.02666	0.02776	0.01505	-0.02799	0.01463	0.06423	6.02241	0.00000
12517	0.00000	-0.06828	0.00732	0.06924	-0.02875	-0.06828	-0.03097	0.05976	6.02394	0.00000
12537	0.00000	-0.06183	0.01699	0.06232	-0.01408	-0.06183	-0.01608	0.04806	6.02394	0.00000
12557	0.00000	-0.05539	0.04117	0.05456	0.01826	-0.05539	0.01556	0.09686	6.02548	0.00000
12577	0.00000	-0.05378	0.04278	0.05315	0.02007	-0.05378	0.01835	0.07065	6.02394	-3.96379
12597	0.00000	-0.05700	0.03633	0.05667	0.01088	-0.05700	0.00904	0.07281	6.02394	0.00000
12617	0.00000	-0.06828	0.01538	0.06926	-0.01829	-0.06828	-0.02166	0.05709	6.02548	4.02621
12637	0.00000	-0.07956	0.01699	0.08036	-0.02374	-0.07956	-0.02632	0.08563	6.02394	0.00000
12657	0.00000	-0.07956	0.00571	0.08140	-0.03539	-0.07956	-0.03934	0.06871	6.02548	0.00000
12677	0.00000	-0.06183	0.02183	0.06214	-0.00850	-0.06183	-0.01050	0.05175	6.02394	0.00000
12697	0.00000	-0.07956	0.05245	0.07904	0.01718	-0.07956	0.01463	0.07710	6.02394	0.00000
12717	0.00000	-0.07473	0.04923	0.07424	0.01610	-0.07473	0.01370	0.04695	6.02394	0.00000
12737	0.00000	-0.05378	0.04600	0.05263	0.02468	-0.05378	0.02207	0.19086	6.02394	0.00000
12757	0.00000	-0.06506	0.03633	0.06488	0.00649	-0.06506	0.00439	0.09089	6.02394	0.00000
12777	0.00000	-0.07473	0.01377	0.07556	-0.02482	-0.07473	-0.02725	0.05827	6.02394	0.00000
12797	0.00000	-0.05700	0.02666	0.05704	0.00068	-0.05700	-0.00212	0.07243	6.02548	0.00000
12817	0.00000	-0.06828	0.05890	0.06732	0.03077	-0.06828	0.02859	0.07327	6.02548	0.00000
12837	0.00000	-0.05700	0.01699	0.05739	-0.01144	-0.05700	-0.01329	0.05991	6.02548	0.00000
12857	0.00000	-0.07956	0.03472	0.07970	-0.00328	-0.07956	-0.00584	0.07289	6.02548	0.00000
12877	0.00000	-0.05055	0.03633	0.05011	0.01439	-0.05055	0.01277	0.06219	6.02241	0.00000
12897	0.00000	-0.06506	0.03150	0.06506	0.00091	-0.06506	-0.00119	0.05812	6.02394	0.00000
12917	0.00000	-0.21978	0.10402	0.21977	-0.00711	-0.21978	-0.00677	0.23408	6.01627	-3.90327
12937	0.00000	-0.05539	0.03150	0.05431	0.01172	-0.05539	0.00439	0.13172	6.03315	-4.03680
12957	0.00000	-0.04411	0.00571	0.04525	-0.01592	-0.04411	-0.01887	0.02819	6.02854	0.00000
12977	0.00000	-0.06989	0.00571	0.07244	-0.02786	-0.06989	-0.03376	0.19684	6.02854	0.00000
12997	0.00000	-0.04894	0.02022	0.04919	-0.00002	-0.04894	-0.00491	0.04379	6.03008	-4.03680
13017	0.00000	-0.04249	-0.02491	0.04840	-0.04799	-0.04249	-0.05330	0.05219	6.03161	0.00000
13037	0.00000	-0.04411	0.03633	0.04259	0.02008	-0.04411	0.01649	0.06104	6.02854	0.00000
13057	0.00000	-0.05539	0.02183	0.05578	-0.00123	-0.05539	-0.00677	0.06307	6.03008	0.00000
13077	0.00000	-0.06989	0.11208	0.06068	0.09558	-0.06989	0.08907	0.05605	6.03008	0.00000
13097	0.00000	-0.04894	0.02505	0.04853	0.00636	-0.04894	0.00067	0.22673	6.03161	0.00000
13117	0.00000	-0.07150	0.01377	0.07335	-0.01938	-0.07150	-0.02539	0.15988	6.02854	0.00000
13137	0.00000	-0.05055	0.03150	0.04978	0.01134	-0.05055	0.00718	0.03606	6.02854	0.00000
13157	0.00000	-0.06828	0.02344	0.06925	-0.00433	-0.06828	-0.01236	0.05242	6.03008	0.00000
13177	0.00000	-0.06506	0.02989	0.06508	0.00234	-0.06506	-0.00305	0.15956	6.06076	0.00000
13197	0.00000	-0.19722	0.02183	0.20725	-0.06162	-0.19722	-0.08866	0.05727	6.03161	0.00000
13217	0.00000	-0.05861	0.01377	0.06030	-0.01100	-0.05861	-0.01794	0.05099	6.03161	0.00000
13237	0.00000	-0.07956	0.00571	0.08360	-0.02982	-0.07956	-0.03934	0.09719	6.03161	0.00000
13257	0.00000	-0.05378	0.04117	0.05222	0.02088	-0.05378	0.01649	0.07689	6.02701	0.00000
13277	0.00000	-0.05539	0.15238	0.04328	0.14805	-0.05539	0.14397	0.05823	6.02854	0.00000
13297	0.00000	-0.05055	0.02183	0.05070	0.00021	-0.05055	-0.00398	0.05361	6.02854	0.00000
13317	0.00000	-0.06183	0.00249	0.06433	-0.02760	-0.06183	-0.03283	0.05533	6.02854	0.00000
13337	0.00000	-0.06828	0.03956	0.06732	0.01302	-0.06828	0.00625	0.08215	6.02854	4.03680
13357	0.00000	-0.06506	0.02827	0.06522	0.00159	-0.06506	-0.00491	0.07796	6.03008	0.00000
13377	50.00000	-0.12792	0.27164	0.24871	0.10960	-0.12792	0.23982	0.23560	0.33441	48.56929
13397	50.00000	0.49904	-0.11356	0.49384	0.17268	0.49904	0.15700	0.59914	1.32536	50.23095
13417	50.00000	0.19282	-0.23283	0.24776	0.02461	0.19282	-0.15752	0.26922	2.35006	48.87639
13437	50.00000	-0.64689	0.16043	0.58949	0.32613	-0.64689	-0.18823	0.69645	3.33334	51.00206
13457	50.00000	0.18959	0.58271	0.75407	0.28161	0.18959	0.78231	0.84088	4.26140	48.31324
13477	50.00000	0.31853	-0.41817	0.43276	0.05969	0.31853	-0.29896	0.45669	5.19866	63.44951
13497	50.00000	-0.64689	0.12014	0.64005	0.25265	-0.64689	-0.23475	0.67972	6.19115	51.00206
13517	50.00000	-0.27619	0.24586	0.29795	-0.05456	-0.27619	0.12443	0.33141	0.92806	48.87683
13537	50.00000	0.06066	0.00087	0.06289	0.03197	0.06066	0.03603	0.03637	1.92361	48.87698
13557	50.00000	0.27663	-0.36015	0.30890	0.21610	0.27663	-0.25616	0.20321	2.96058	53.82404
13577	50.00000	-0.00381	-0.17158	0.18950	-0.06505	-0.00381	-0.20032	0.21186	3.93466	45.79060
13597	50.00000	-0.08923	0.28776	0.28806	0.06162	-0.08923	0.28076	0.24952	4.87806	47.56543
13617	50.00000	0.11545	0.07501	0.16161	-0.10344	0.11545	0.15328	0.20675	5.86287	52.34070
13637	50.00000	-0.02799	-0.10550	0.08940	0.10876	-0.02799	-0.13798	0.16802	0.61052	58.51698
13657	50.00000	-0.12308	0.00893	0.10322	0.09047	-0.12308	-0.06075	0.10481	1.65363	68.34558
13677	50.00000	-0.40674	0.42959	0.44452	0.18987	-0.40674	0.26122	0.44196	2.67219	50.87196
13697	50.00000	-0.01993	0.16849	0.17272	-0.06381	-0.01993	0.18305	0.21714	3.66161	49.11775
13717	50.00000	0.14769	-0.48587	0.46987	0.16550	0.14769	-0.47576	0.56168	4.60041	45.67579
13737	50.00000	-0.28425	0.24586	0.25932	0.16701	-0.28425	0.11978	0.32634	5.55761	53.17815
13757	50.00000	-0.05861	0.10080	0.10073	-0.01015	-0.05861	0.08256	0.08337	0.31140	56.81409
13777	50.00000	0.41524	-0.09744	0.30794	0.30623	0.41524	0.12722	0.29593	1.35911	52.63646
13797	50.00000	0.39589	-0.37304	0.44441	0.00941	0.39589	-0.20219	0.45923	2.34852	41.97472
13817	50.00000	-0.82740	0.18945	0.75994	0.41719	-0.82740	-0.25895	0.77325	3.33027	49.11775
13837	50.00000	0.19604	0.59399	0.73036	0.37870	0.19604	0.79906	0.70820	4.27367	48.56945
13857	50.00000	0.33304	-0.42946	0.44948	0.03239	0.33304	-0.30361	0.46474	5.20019	49.48339
13877	50.00000	-0.26652	0.04923	0.22666	0.17048	-0.26652	-0.09704	0.20278	6.21569	52.76608
13897	50.00000	-0.25363	0.36835	0.25275	0.27966	-0.25363	0.27890	0.45617	0.98328	55.49285
13917	50.00000	0.03648	0.31033	0.33870	0.17473	0.03648	0.37939	0.26070	2.01105	52.61691
13937	50.00000	0.62476	-0.16674	0.57938	0.28784	0.62476	0.16816	0.63847	3.03882	49.48280
13957	50.00000	-0.21978	-0.48748	0.61742	0.37796	-0.21978	-0.68978	0.67950	3.98835	48.82711
13977	50.00000	-0.36806	0.36674	0.40782	-0.11671	-0.36806	0.21097	0.44790	4.89953	50.48558
13997	50.00000	0.27340	0.00732	0.31820	-0.03393	0.27340	0.16630	0.34965	5.87054	52.61691
14017	50.00000	-0.41480	-0.66477	0.90863	0.60054	-0.41480	-1.00709	0.95505	0.62586	61.01060
14037	50.00000	-0.48733	0.49890	0.56421	0.07714	-0.48733	0.29472	0.56183	1.50484	45.67698
14057	50.00000	0.25406	-0.06843	0.19714	0.17395	0.25406	0.06767	0.17592	2.49272	53.28981
14077	50.00000	0.43780	-0.61803	0.60780	0.18615	0.43780	-0.46087	0.68510	3.50208	45.22807
14097	50.00000	-0.57114	0.11047	0.60583	-0.00168	-0.57114	-0.20219	0.63597	4.42400	47.56420
14117	50.00000	0.16219	0.05567	0.21136	0.08104	0.16219	0.15793	0.47415	5.35973	49.48339
14137	50.00000	0.39267	-0.46814	0.45967	0.20339	0.39267	-0.31385	0.45637	0.09664	53.15790
14157	50.00000	-0.17304	-0.40367	0.52851	0.26646	-0.17304	-0.56602	0.60277	1.14128	52.61691
14177	50.00000	-0.05700	-0.06359	0.08099	-0.08942	-0.05700	-0.10634	0.11582	2.14757	52.75610
14197	50.00000	0.02036	0.14593	0.14448	0.10969	0.02036	0.18026	0.11938	3.16460	52.06738
14217	50.00000	0.40395	-0.56806	0.47397	0.34234	0.40395	-0.42272	0.45639	4.08806	43.94166
14237	50.00000	-0.76777	0.15882	0.78369	0.20686	-0.76777	-0.25988	0.82545	5.02225	46.95873
14257	50.00000	0.12835	0.52307	0.62917	0.28345	0.12835	0.67809	0.55152	5.99633	52.34070
14277	50.00000	0.27018	-0.04425	0.28241	0.06505	0.27018	0.10489	0.34913	0.74705	54.78502
14297	50.00000	-0.02799	-0.20220	0.18411	0.17091	-0.02799	-0.24964	0.25389	1.74874	50.48528
14317	50.00000	-0.57275	0.16043	0.48316	0.34018	-0.57275	-0.14542	0.47371	2.77344	49.36091
14337	50.00000	-0.41641	0.44893	0.49963	-0.03169	-0.41641	0.27797	0.51998	3.77206	48.87698
14357	50.00000	0.28307	-0.28118	0.28880	0.15071	0.28307	-0.16124	0.24619	4.67711	47.44284
14377	50.00000	0.07516	-0.14740	0.09701	-0.11100	0.07516	-0.12681	0.16245	5.65886	53.68948
14397	50.00000	-0.10696	0.10080	0.09309	0.07589	-0.10696	0.05464	0.13569	0.42491	60.49502
14417	50.00000	-0.02477	0.10725	0.10785	0.03129	-0.02477	0.10954	0.05822	1.44961	55.78097
14437	50.00000	0.25406	-0.07004	0.18335	0.18777	0.25406	0.06581	0.43271	2.49885	48.87698
14457	50.00000	0.49260	-0.62286	0.62562	0.20077	0.49260	-0.43482	0.70233	3.50361	45.56392
14477	50.00000	-0.48088	0.09435	0.50893	-0.02573	-0.48088	-0.16869	0.51658	4.41940	44.52074
14497	50.00000	0.53773	-0.66315	0.68743	0.15436	0.53773	-0.45529	0.71395	5.21093	46.13489
14517	50.00000	-0.27136	0.15238	0.27199	-0.00407	-0.27136	0.01928	0.19208	6.10678	47.07883
14537	50.00000	-0.12308	-0.05231	-0.01282	-0.17961	-0.12308	-0.13147	0.18143	0.90812	53.82389
14557	50.00000	0.33304	-0.09099	0.25577	0.23040	0.33304	0.08721	0.23214	1.92361	69.20203
14577	50.00000	0.46036	-0.68088	0.62859	0.29597	0.46036	-0.52043	0.67228	2.94218	49.36091
14597	50.00000	-0.94667	0.28454	0.85778	0.45590	-0.94667	-0.21800	0.73635	3.80120	47.07883
14617	50.00000	-0.00220	0.33611	0.36988	-0.11327	-0.00220	0.38684	0.42552	4.80289	49.48339
14637	50.00000	0.41524	-0.56000	0.54844	0.19282	0.41524	-0.40690	0.50344	5.79691	48.51905
14657	50.00000	0.14285	-0.07488	-0.04479	-0.13571	0.14285	-0.00398	0.15900	0.51695	57.11631
14677	50.00000	-0.19238	0.20395	0.16658	0.15728	-0.19238	0.12443	0.22866	1.56313	52.06707
14697	50.00000	0.07355	0.30065	0.34599	0.19364	0.07355	0.38963	0.35392	2.57555	52.47844
14717	50.00000	0.39267	-0.05392	0.42415	0.03617	0.39267	0.16444	0.45344	3.58031	48.06220
14737	50.00000	-0.26169	-0.12484	0.38212	0.09807	-0.26169	-0.29524	0.37172	4.49917	45.67698
14757	50.00000	-0.02638	0.18945	0.18761	0.08316	-0.02638	0.20352	0.15111	5.45637	52.61565
14777	50.00000	0.28146	-0.07004	0.21593	0.19812	0.28146	0.08163	0.31297	0.21476	56.51508
14797	50.00000	0.05099	-0.07488	0.05099	0.05702	0.05099	-0.05702	0.02128	1.26093	51.26429
14817	50.00000	-0.12953	-0.29246	0.28521	0.32491	-0.12953	-0.41248	0.39930	2.31631	55.34998
14837	50.00000	-0.82418	0.21685	0.78584	0.33537	-0.82418	-0.22545	0.78222	3.32567	50.35810
14857	50.00000	0.10095	0.56498	0.71572	0.05385	0.10095	0.71066	0.74553	4.24452	47.44284
14877	50.00000	0.07194	-0.33598	0.31924	0.15250	0.07194	-0.34642	0.43972	5.17719	45.56392
14897	50.00000	-0.57114	0.11047	0.57578	0.18845	-0.57114	-0.20219	0.46260	6.18501	54.23180
14917	50.00000	-0.18271	0.09758	0.14746	-0.10810	-0.18271	0.00718	0.20422	0.91425	52.76593
14937	50.00000	0.49904	-0.15063	0.35107	0.37254	0.49904	0.11419	0.52821	1.92821	68.00890
14957	50.00000	0.15091	-0.19576	0.15344	0.13610	0.15091	-0.13891	0.11127	2.97132	51.00206
14977	50.00000	-0.05378	-0.32792	0.18865	-0.36763	-0.05378	-0.40969	0.65711	3.95307	-186.51372
14997	50.00000	0.54417	-0.10066	0.49593	0.29887	0.54417	0.19794	0.44462	4.76148	45.00573
15017	50.00000	0.04454	-0.15063	0.14132	0.06308	0.04454	-0.14821	0.34691	5.75856	53.68948
15037	50.00000	-0.15209	0.02183	0.13441	0.09479	-0.15209	-0.06261	0.17472	0.49854	52.47828
15057	50.00000	-0.32132	0.37157	0.34491	0.20875	-0.32132	0.24354	0.35110	1.54318	54.23150
15077	50.00000	0.07033	0.35868	0.40138	0.22496	0.07033	0.45477	0.35769	2.57095	55.78128
15097	50.00000	0.45392	-0.07326	0.48242	0.06932	0.45392	0.17747	0.50770	3.58338	47.93703
15117	50.00000	-0.22462	-0.16352	0.38491	0.06099	-0.22462	-0.31850	0.38176	4.50070	45.67698
15137	50.00000	-0.03766	0.18622	0.18355	0.07131	-0.03766	0.19329	0.15196	5.45023	52.75484
15157	50.00000	0.25245	-0.04587	0.20753	0.17105	0.25245	0.09279	0.34363	0.21629	57.26860
15177	50.00000	0.08644	-0.14418	0.09033	0.11359	0.08644	-0.11658	0.08267	1.25786	52.06738
15197	50.00000	-0.07956	-0.18931	0.17769	0.21149	-0.07956	-0.26453	0.34778	2.31478	51.52922
15217	50.00000	-0.82418	0.21040	0.77277	0.36911	-0.82418	-0.23289	0.81456	3.32260	50.35810
15237	50.00000	0.16381	0.62461	0.79867	0.23317	0.16381	0.81581	0.82357	4.25986	48.44038
15257	50.00000	0.23795	-0.31502	0.32841	0.00290	0.23795	-0.22638	0.35166	5.18792	45.22807
15277	50.00000	0.40718	-0.28118	-0.07932	-0.40927	0.40718	-0.08959	0.44364	6.19575	49.97947
15297	50.00000	-0.32616	0.42798	0.37624	0.24157	-0.32616	0.30588	0.35775	0.96641	49.36076
15317	50.00000	0.11223	0.44893	0.54254	0.24143	0.11223	0.58318	0.55784	1.99571	54.78488
15337	50.00000	0.03165	0.09435	0.06617	-0.11316	0.03165	0.12722	0.13646	2.99893	53.17815
15357	50.00000	-0.25524	-0.54550	0.74590	0.33592	-0.25524	-0.77725	0.84667	3.98375	51.93179
15377	50.00000	-0.18271	0.25391	0.25891	-0.03971	-0.18271	0.18771	0.25472	4.87959	50.23125
15397	50.00000	0.17025	0.04761	0.21697	-0.07347	0.17025	0.15328	0.23672	5.86748	52.47844
15417	50.00000	-0.00704	-0.08938	0.07754	0.07444	-0.00704	-0.10727	0.13448	0.61206	58.19990
15437	50.00000	-1.49466	1.43531	1.47706	-0.82640	-1.49466	0.79441	1.79081	1.64750	51.00206
15457	50.00000	0.21538	0.04761	0.27148	-0.06961	0.21538	0.17933	0.30129	2.44517	36.81501
15477	50.00000	-0.13114	-0.21671	0.23218	0.26369	-0.13114	-0.32595	0.28325	3.44225	51.79690
15497	50.00000	-0.69202	0.82285	0.86361	0.18996	-0.69202	0.55061	0.90076	4.35651	46.13489
15517	50.00000	0.12190	-0.04264	0.12314	-0.01193	0.12190	0.02114	0.11387	5.26769	48.56945
15537	50.00000	-0.08762	-0.22799	0.24393	0.21602	-0.08762	-0.31385	0.21984	0.01994	55.92530
15557	50.00000	-0.35839	0.10886	0.26664	0.25287	-0.35839	-0.08122	0.28647	1.07225	48.99693
15577	50.00000	-0.44059	0.57304	0.53110	0.27912	-0.44059	0.40731	0.48703	2.10155	49.36091
15597	50.00000	-0.04572	0.15238	0.13706	-0.07528	-0.04572	0.14955	0.17247	3.09711	65.19437
15617	50.00000	0.38784	-0.55033	0.56100	0.07123	0.38784	-0.41155	0.59901	4.05124	45.45082
15637	50.00000	-0.28748	0.31033	0.33570	-0.08330	-0.28748	0.19236	0.36423	4.89033	64.70905
15657	50.00000	0.12674	0.07340	0.17203	-0.10679	0.12674	0.15793	0.22728	5.86901	36.42709
15677	50.00000	-0.03282	-0.12645	0.10729	0.12953	-0.03282	-0.16496	0.18684	0.61052	58.67686
15697	50.00000	-0.04249	-0.02169	0.06271	0.01818	-0.04249	-0.04958	0.05394	1.65210	48.99678
15717	50.00000	0.12190	0.55208	0.64875	0.30826	0.12190	0.70787	0.70528	2.55868	52.89604
15737	50.00000	0.15091	-0.20220	0.15684	0.13997	0.15091	-0.14635	0.15704	3.53889	50.74191
15757	50.00000	-0.75004	0.13626	0.78959	0.12254	-0.75004	-0.27570	0.85405	4.43627	47.68866
15777	50.00000	0.27663	0.01377	0.28123	0.16813	0.27663	0.17561	0.47649	5.35513	49.73019
15797	50.00000	0.35077	-0.39561	0.40397	0.15649	0.35077	-0.25429	0.45234	0.09817	48.75747
15817	50.00000	-0.13114	-0.36337	0.46591	0.21318	-0.13114	-0.49530	0.50005	1.13361	51.00206
15837	50.00000	-0.22623	0.01216	0.25398	-0.01606	-0.22623	-0.11658	0.26596	2.16138	51.39641
15857	50.00000	0.12674	0.41025	0.47495	0.29919	0.12674	0.54689	0.42926	3.14466	56.36691
15877	50.00000	0.14447	-0.02008	0.15137	-0.03977	0.14447	0.06022	0.16553	4.12027	47.93703
15897	50.00000	-0.50989	0.10402	0.44695	0.30094	-0.50989	-0.17427	0.45670	5.05293	49.36091
15917	50.00000	-0.16337	0.05728	0.09889	-0.13306	-0.16337	-0.02818	0.17760	6.05462	54.36909
15937	50.00000	-0.16176	0.06212	-0.07086	-0.14701	-0.16176	-0.02166	0.16377	0.81301	36.81564
15957	50.00000	-0.06022	0.10564	-0.04369	-0.09655	-0.06022	0.08721	0.11154	1.84845	56.07256
15977	50.00000	-0.19400	-0.37143	0.45809	0.34687	-0.19400	-0.54090	0.46056	2.86548	52.47781
15997	50.00000	-0.46638	0.46183	0.46471	0.26685	-0.46638	0.26401	0.43091	3.82575	47.32088
16017	50.00000	0.59252	-0.04264	0.53875	0.38284	0.59252	0.29286	0.49571	4.77988	59.71603
16037	50.00000	0.07516	-0.07004	0.07948	-0.02713	0.07516	-0.03748	0.09784	5.75856	54.23180
16057	50.00000	0.16864	-0.08616	-0.04717	-0.16192	0.16864	-0.00212	0.17185	0.52309	53.75134
16077	50.00000	-0.30198	0.34256	0.29111	0.23531	-0.30198	0.22120	0.24789	1.55239	51.52922
16097	50.00000	0.11223	0.36835	0.43331	0.25499	0.11223	0.49013	0.45694	2.57249	55.49300
16117	50.00000	0.33304	-0.02814	0.36931	-0.00603	0.33304	0.15979	0.39033	3.58185	47.93703
16137	50.00000	-0.25846	-0.13129	0.38561	0.09266	-0.25846	-0.30082	0.38555	4.49917	45.11721
16157	50.00000	-0.01671	0.20879	0.20644	0.10592	-0.01671	0.23144	0.17438	5.45484	52.47718
16177	50.00000	0.11062	-0.00557	0.10761	0.06289	0.11062	0.05743	0.02892	0.21476	52.47830
16197	50.00000	0.12674	-0.18447	0.13138	0.13548	0.12674	-0.13984	0.10170	1.25940	54.92530
16217	50.00000	-0.12630	-0.29568	0.29389	0.31819	-0.12630	-0.41435	0.35595	2.31631	51.39641
16237	50.00000	-0.84674	0.21523	0.80701	0.35139	-0.84674	-0.24034	0.79724	3.32720	50.10504
16257	50.00000	0.06066	0.37802	0.47266	-0.05066	0.06066	0.47152	0.47291	4.22919	45.90479
16277	50.00000	-0.13597	-0.34726	0.38951	0.31091	-0.13597	-0.47948	0.44705	5.15418	48.44164
16297	50.00000	-0.33905	0.04923	0.36024	0.06680	-0.33905	-0.13891	0.45217	6.16967	56.07256
16317	50.00000	-0.11986	-0.03458	0.00410	-0.16203	-0.11986	-0.10913	0.16758	0.90965	53.15775
16337	50.00000	0.27824	-0.06359	0.22875	0.18079	0.27824	0.08721	0.20959	1.92975	49.85452
16357	50.00000	0.46681	-0.70022	0.64187	0.31051	0.46681	-0.53904	0.68134	2.94218	49.48339
16377	50.00000	-0.48572	0.12659	0.39138	0.31741	-0.48572	-0.13426	0.39745	3.91625	48.99707
16397	50.00000	0.12513	0.55853	0.68288	0.25216	0.12513	0.71718	0.70396	4.84124	48.06220
16417	50.00000	0.50871	-0.74696	0.66147	0.38052	0.50871	-0.56881	0.65371	5.80152	49.23785
16437	50.00000	-0.01993	-0.16513	0.20201	0.02148	-0.01993	-0.20219	0.22528	0.55223	55.85923
16457	50.00000	-0.26008	0.06051	0.11212	-0.24799	-0.26008	-0.08029	0.27919	1.46802	45.79060
16477	50.00000	0.43780	-0.10550	0.35165	0.29180	0.43780	0.13094	0.24020	2.49885	52.25254
16497	50.00000	0.41846	-0.57129	0.56714	0.16796	0.41846	-0.41807	0.63405	3.49748	64.54888
16517	50.00000	-0.50989	0.38285	0.48165	0.22312	-0.50989	0.14769	0.53848	4.40713	49.08752
16537	50.00000	0.25406	-0.02975	0.22866	0.15770	0.25406	0.11233	0.21316	5.34899	49.48339
16557	50.00000	0.39912	-0.56162	0.49246	0.30252	0.39912	-0.41807	0.46542	0.09817	53.02665
16577	50.00000	-0.10696	-0.20059	0.22716	0.21424	-0.10696	-0.29338	0.22555	1.15662	52.06707
16597	50.00000	-0.53085	0.09758	0.54537	0.14805	-0.53085	-0.19381	0.55370	2.17979	55.34998
16617	50.00000	0.09289	0.23619	0.25287	0.22621	0.09289	0.32635	0.27213	3.15693	52.47844
16637	50.00000	0.17670	-0.07810	0.17696	0.00662	0.17670	0.01184	0.18470	4.11720	47.44284
16657	50.00000	-0.11502	-0.09744	0.21104	0.02651	-0.11502	-0.17892	0.20597	5.07134	44.78789
16677	50.00000	-0.44059	0.48761	0.52847	0.10041	-0.44059	0.30867	0.48052	6.08530	53.28981
16697	50.00000	-0.08923	0.08791	0.03796	-0.09497	-0.08923	0.04999	0.10845	0.82375	58.99926
16717	50.00000	0.07355	-0.09905	0.07399	0.07146	0.07355	-0.07191	0.03539	1.83157	54.78488
16737	50.00000	-0.12469	-0.15707	0.16885	0.22633	-0.12469	-0.25336	0.21718	2.88082	51.39641
16757	50.00000	-0.42770	0.10402	0.44542	0.02468	-0.42770	-0.12681	0.46483	3.86256	52.34070
16777	50.00000	0.40234	-0.07004	0.36304	0.23017	0.40234	0.15142	0.40826	4.76454	46.13369
16797	50.00000	0.09934	-0.10711	0.11738	-0.02208	0.09934	-0.06633	0.13858	5.76010	49.48339
16817	50.00000	-0.12792	-0.00396	0.13003	0.07484	-0.12792	-0.07843	0.06146	0.50315	56.36675
16837	50.00000	-0.25524	0.33772	0.26001	0.23745	-0.25524	0.24261	0.46372	1.54472	51.26429
16857	50.00000	-0.04249	0.05567	0.05649	-0.01394	-0.04249	0.03975	0.05557	2.59703	51.93179
16877	50.00000	0.64249	-0.14902	0.64584	0.18761	0.64249	0.19887	0.71586	3.60025	52.34070
16897	50.00000	-0.13597	-0.24088	0.38133	-0.01612	-0.13597	-0.35665	0.39430	4.50377	45.67698
16917	50.00000	0.46681	-0.09744	0.41260	0.26888	0.46681	0.15700	0.44379	5.33365	49.85452
16937	50.00000	0.06388	-0.04103	0.05573	-0.03292	0.06388	-0.01050	0.08580	0.05829	48.75747
16957	50.00000	0.09128	-0.08616	0.01750	-0.10106	0.09128	-0.04679	0.10877	1.09219	48.75733
16977	50.00000	-0.37451	0.23457	0.33712	-0.17199	-0.37451	0.05464	0.40223	2.04633	37.69005
16997	50.00000	0.37333	-0.05231	0.40096	0.05148	0.37333	0.15514	0.44757	3.02194	52.47844
17017	50.00000	-0.17788	-0.53744	0.71588	0.20548	-0.17788	-0.72328	0.77060	3.96994	47.81252
17037	50.00000	-0.00059	0.33450	0.35033	0.16176	-0.00059	0.38591	0.35671	4.86885	48.69794
17057	50.00000	0.28630	0.00571	0.33274	-0.02788	0.28630	0.17189	0.37360	5.87821	51.52922
17077	50.00000	-0.03282	-0.14902	0.12996	0.14380	-0.03282	-0.19102	0.12512	0.60899	54.78502
17097	50.00000	-0.03605	-0.04587	0.08202	0.00369	-0.03605	-0.07377	0.05824	1.65363	49.48309
17117	50.00000	-0.33905	0.37157	0.37015	0.17989	-0.33905	0.23330	0.38504	2.67373	50.87196
17137	50.00000	-0.01832	0.21362	0.22578	-0.07134	-0.01832	0.23609	0.24038	3.66315	49.85452
17157	50.00000	-0.04249	-0.48425	0.49035	0.31941	-0.04249	-0.58370	0.56829	4.58200	48.95697
17177	50.00000	-0.21656	-0.02169	0.25435	-0.06873	-0.21656	-0.15008	0.28920	5.57449	48.06220
17197	50.00000	-0.11502	-0.01041	-0.01367	-0.13853	-0.11502	-0.07843	0.17522	0.31600	38.88964
17217	50.00000	1.48542	-1.34330	0.06103	1.63810	1.48542	-0.69350	1.38349	1.32689	410.82040
17237	50.00000	-0.08118	-0.24733	0.28880	0.18358	-0.08118	-0.33246	0.32831	2.29637	36.23587
17257	50.00000	-0.21656	0.00571	0.24183	-0.04936	-0.21656	-0.11844	0.25987	3.29192	52.47781
17277	50.00000	0.09289	0.54564	0.68897	0.03598	0.09289	0.68368	0.72036	4.24299	47.07883
17297	50.00000	-0.08923	-0.29891	0.31459	0.25757	-0.08923	-0.39667	0.34350	5.16031	48.44164
17317	50.00000	-0.33422	0.01538	0.37723	0.00825	-0.33422	-0.17520	0.41339	6.16967	36.62033
17337	50.00000	-0.08601	-0.00880	0.00929	-0.10434	-0.08601	-0.05981	0.10856	0.90351	52.63660
17357	50.00000	0.13157	-0.01041	0.12442	0.07695	0.13157	0.06395	0.05345	1.92361	53.28981
17377	50.00000	-0.07956	-0.24088	0.23306	0.23881	-0.07956	-0.32408	0.46353	2.88542	51.93179
17397	50.00000	-0.57114	0.12498	0.59532	0.07840	-0.57114	-0.18544	0.64418	3.86410	53.03672
17417	50.00000	0.31208	-0.01041	0.31421	0.16413	0.31208	0.16816	0.30015	4.76915	46.01836
17437	50.00000	0.20249	-0.27957	0.28537	0.04433	0.20249	-0.20591	0.32302	5.77084	52.25254
17457	50.00000	-0.16660	0.01054	0.16025	0.09556	-0.16660	-0.08401	0.11327	0.49701	56.51508
17477	50.00000	-0.23751	0.31355	0.21010	0.25069	-0.23751	0.22493	0.30377	1.56313	52.61691
17497	50.00000	0.05582	0.27487	0.30796	0.17459	0.05582	0.34962	0.31031	2.57862	52.47844
17517	50.00000	0.45714	-0.08132	0.48277	0.06924	0.45714	0.17003	0.50707	3.58645	51.39641
17537	50.00000	-0.18271	-0.18609	0.36767	0.02877	-0.18271	-0.32036	0.36937	4.50223	45.56392
17557	50.00000	-0.03121	0.15238	0.15207	0.05278	-0.03121	0.15793	0.11341	5.44717	52.61565
17577	50.00000	0.24117	-0.04748	0.19461	0.16554	0.24117	0.08442	0.42510	0.21476	56.66418
17597	50.00000	0.42168	-0.61803	0.52597	0.34957	0.42168	-0.47018	0.46470	1.23639	52.76578
17617	50.00000	0.02198	-0.22477	0.24364	-0.04531	0.02198	-0.24685	0.25841	2.25188	55.20769
17637	50.00000	-0.25202	0.28776	0.24315	0.19817	-0.25202	0.18678	0.43727	3.26124	50.48558
17657	50.00000	0.25406	0.15882	0.40148	0.11086	0.25406	0.33008	0.46453	4.21538	45.67698
17677	50.00000	-0.05378	-0.40528	0.38700	0.31958	-0.05378	-0.49902	0.41001	5.16952	51.39641
17697	50.00000	-0.42931	0.05728	0.45289	0.11048	-0.42931	-0.18171	0.49224	6.17581	53.95927
17717	50.00000	-0.18110	0.07824	0.13288	-0.12385	-0.18110	-0.01422	0.18875	0.91425	52.37983
17737	50.00000	0.34432	-0.08777	0.25411	0.25194	0.34432	0.09744	0.34525	1.92975	52.76608
17757	50.00000	0.15736	-0.19898	0.15758	0.13866	0.15736	-0.13891	0.12109	2.97132	54.92530
17777	50.00000	-0.08923	-0.33920	0.45208	0.00036	-0.08923	-0.44319	0.46592	3.95460	49.48339
17797	50.00000	0.05421	0.43282	0.47217	0.24895	0.05421	0.53107	0.42873	4.85812	48.95697
17817	50.00000	0.06710	0.10080	0.11694	-0.12203	0.06710	0.15514	0.16992	5.86287	56.07256
17837	50.00000	-0.04411	-0.12484	0.10849	0.13763	-0.04411	-0.16962	0.21249	0.60746	58.51698
17857	50.00000	-0.06183	-0.02169	0.08088	0.03117	-0.06183	-0.06075	0.06066	1.65210	52.63646
17877	50.00000	-0.33744	0.37157	0.36869	0.18105	-0.33744	0.23423	0.38763	2.67526	50.87196
17897	50.00000	-0.01187	0.18783	0.20086	-0.06255	-0.01187	0.21004	0.22972	3.66161	49.48339
17917	50.00000	-0.02799	-0.33114	0.35242	0.18817	-0.02799	-0.39853	0.34277	4.58047	32.29442
17937	50.00000	-0.24557	0.20395	0.22572	0.13467	-0.24557	0.09372	0.29146	5.55915	52.06738
17957	50.00000	-0.04572	0.09758	0.09763	0.00125	-0.04572	0.08628	0.07074	0.30986	60.32509
17977	50.00000	0.42007	-0.12162	0.26565	0.34101	0.42007	0.10210	0.35085	1.36678	67.84180
17997	50.00000	0.25406	-0.32792	0.27869	0.20167	0.25406	-0.23196	0.26995	2.39301	55.92654
18017	50.00000	-0.11019	-0.35532	0.48072	0.07502	-0.11019	-0.47390	0.50503	3.40084	51.52922
18037	50.00000	-0.58726	0.65846	0.72258	-0.01368	-0.58726	0.42127	0.76064	4.33503	44.78789
18057	50.00000	0.10578	-0.08132	0.10433	0.03718	0.10578	-0.03283	0.08288	5.25849	52.47844
18077	50.00000	-0.13114	-0.37143	0.47959	0.20450	-0.13114	-0.50461	0.46118	0.00000	36.42709
18097	50.00000	-0.43253	0.10886	0.42788	0.13916	-0.43253	-0.12402	0.47599	1.03697	51.39626
18117	50.00000	-0.05539	0.06051	0.06212	-0.02538	-0.05539	0.03789	0.06402	2.02792	56.51493
18137	50.00000	0.56351	-0.14902	0.50503	0.29315	0.56351	0.15328	0.45267	3.04495	50.23125
18157	50.00000	-0.10052	-0.48264	0.47424	0.40474	-0.10052	-0.61534	0.49240	4.02210	51.93179
18177	50.00000	-0.60176	0.69391	0.68265	0.31934	-0.60176	0.45384	0.67879	4.95629	45.56392
18197	50.00000	0.47326	-0.06682	0.50212	0.10141	0.47326	0.19608	0.50511	5.88282	51.93179
18217	50.00000	-0.05378	-0.14902	0.12933	0.16558	-0.05378	-0.20312	0.12617	0.61666	54.33718
18237	50.00000	-0.04411	-0.02008	0.06253	0.02003	-0.04411	-0.04865	0.04839	1.65210	52.76578
18257	50.00000	-0.36645	0.41992	0.40680	0.20850	-0.36645	0.27331	0.43618	2.67373	50.74251
18277	50.00000	0.00747	0.13465	0.15565	-0.03685	0.00747	0.15979	0.18252	3.66008	48.99707
18297	50.00000	-0.17788	-0.61319	0.81102	0.17664	-0.17788	-0.81075	0.86179	4.53752	47.19954
18317	50.00000	-0.18755	0.07824	0.11195	-0.15151	-0.18755	-0.01794	0.21307	5.46557	50.48558
18337	50.00000	0.09128	-0.01685	0.06694	0.07039	0.09128	0.03324	0.17529	0.22703	57.26862
18357	50.00000	0.02198	-0.06037	0.02101	0.05738	0.02198	-0.05702	0.03772	1.26400	51.13284
18377	50.00000	-0.11341	-0.25539	0.25381	0.27982	-0.11341	-0.36038	0.45221	2.31631	51.93179
18397	50.00000	-0.68396	0.16043	0.65210	0.29403	-0.68396	-0.20963	0.75253	3.32260	50.87196
18417	50.00000	0.17831	0.62622	0.80335	0.26209	0.17831	0.82605	0.82299	4.25986	48.95570
18437	50.00000	0.07033	-0.30374	0.28712	0.13668	0.07033	-0.31013	0.40661	5.17412	46.36731
18457	50.00000	-0.33744	0.05890	0.30073	0.19873	-0.33744	-0.12681	0.29109	6.20495	52.76608
18477	50.00000	-0.23912	0.28776	0.25982	0.16548	-0.23912	0.19422	0.22390	0.96641	51.52906
18497	50.00000	0.04776	0.38446	0.45560	0.13045	0.04776	0.47152	0.47038	1.98497	53.03640
18517	50.00000	0.08644	0.04278	0.11089	-0.07096	0.08644	0.09931	0.15959	2.99893	51.39641
18537	50.00000	-0.15693	-0.47297	0.64328	0.12747	-0.15693	-0.63674	0.70541	3.96381	51.39580
18557	50.00000	-0.27781	0.23135	0.26117	-0.14262	-0.27781	0.10675	0.31550	4.88726	49.97947
18577	50.00000	0.20571	0.03794	0.25633	-0.05510	0.20571	0.16258	0.28482	5.87208	53.03672
18597	50.00000	-0.01026	-0.08938	0.08075	0.07412	-0.01026	-0.10913	0.05892	0.61513	37.51586
18617	50.00000	-0.05216	-0.02975	0.07868	0.02619	-0.05216	-0.06447	0.07031	1.65823	63.91576
18637	50.00000	-0.33905	0.36835	0.36959	0.17621	-0.33905	0.22958	0.37962	2.67373	51.00206
18657	50.00000	0.01230	0.19106	0.22520	-0.03582	0.01230	0.22772	0.24110	3.66621	49.85452
18677	50.00000	-0.06022	-0.33436	0.34771	0.24461	-0.06022	-0.42086	0.38228	4.58047	49.08752
18697	50.00000	-0.16498	-0.01685	0.18990	-0.06568	-0.16498	-0.11472	0.22386	5.56835	52.06738
18717	50.00000	-0.08762	0.00087	0.00020	-0.10067	-0.08762	-0.04958	0.15102	0.31907	39.33287
18737	50.00000	0.23311	-0.06037	0.18655	0.15408	0.23311	0.06488	0.10962	1.34990	48.40216
18757	50.00000	0.17831	-0.22638	0.19277	0.14050	0.17831	-0.15845	0.16329	2.39454	50.35810
18777	50.00000	-0.17788	-0.35532	0.53866	0.06777	-0.17788	-0.51298	0.56919	3.40084	49.36032
18797	50.00000	-0.36323	0.37641	0.40735	-0.12874	-0.36323	0.22493	0.45398	4.31969	50.48558
18817	50.00000	0.09773	-0.09099	0.09650	0.05103	0.09773	-0.04865	0.05920	5.25695	51.13284
18837	50.00000	-0.09407	-0.26828	0.30584	0.21880	-0.09407	-0.36410	0.28280	0.01227	55.92654
18857	50.00000	-0.64044	0.16043	0.57418	0.33838	-0.64044	-0.18451	0.46591	1.05691	50.23110
18877	50.00000	-0.28748	0.26842	0.32032	-0.02725	-0.28748	0.14397	0.36076	2.06781	64.70905
18897	50.00000	0.38461	-0.09422	0.32555	0.23402	0.38461	0.11326	0.38671	3.05569	49.97947
18917	50.00000	0.20249	-0.31180	0.31619	0.01131	0.20249	-0.24313	0.34662	4.03744	49.48339
18937	50.00000	-0.52279	0.58432	0.56495	0.30523	-0.52279	0.37288	0.56459	4.95629	65.19437
18957	50.00000	0.09450	0.05406	0.14250	0.04804	0.09450	0.11699	0.20575	5.94264	49.85452
18977	50.00000	-0.13114	0.20073	-0.09596	-0.17983	-0.13114	0.15607	0.20451	0.71637	43.08930
18997	50.00000	-0.07312	-0.13290	0.13905	0.15587	-0.07312	-0.19567	0.12494	1.73493	56.36660
19017	50.00000	-0.32132	0.07501	0.25744	0.21619	-0.32132	-0.09890	0.23473	2.77957	48.51963
19037	50.00000	-0.44381	0.49406	0.54370	0.00806	-0.44381	0.31426	0.57910	3.77052	45.67698
19057	50.00000	0.28146	-0.27312	0.28444	0.14721	0.28146	-0.15287	0.24361	4.67711	47.56543
19077	50.00000	-0.00704	-0.25378	0.29543	-0.03209	-0.00704	-0.29710	0.32414	5.67573	54.92530
19097	50.00000	-0.31649	0.32322	0.31469	0.19339	-0.31649	0.19050	0.24373	0.40650	59.82098
19117	50.00000	-0.11986	0.00571	0.02804	-0.13228	-0.11986	-0.06261	0.14244	1.46802	50.48558
19137	50.00000	0.39267	-0.09905	0.31988	0.25389	0.39267	0.11233	0.31955	2.48965	53.28981
19157	50.00000	0.28630	-0.39883	0.40284	0.08272	0.28630	-0.29524	0.44805	3.48674	49.48339
19177	50.00000	-0.50828	0.28776	0.49452	0.12363	-0.50828	0.03882	0.46771	4.40866	48.18801
19197	50.00000	0.12835	0.14593	0.27114	0.04244	0.12835	0.24261	0.34499	5.36893	48.87698
19217	50.00000	0.40879	-0.58257	0.50655	0.31805	0.40879	-0.43668	0.47578	0.09817	53.15790
19237	50.00000	-0.13436	-0.38594	0.48905	0.22936	-0.13436	-0.52322	0.46609	1.13515	55.92654
19257	50.00000	-0.54052	0.50696	0.60233	0.06325	-0.54052	0.27331	0.65584	2.07087	41.45877
19277	50.00000	0.47326	-0.09261	0.49157	0.09989	0.47326	0.16630	0.53173	3.02194	52.47844
19297	50.00000	-0.18110	-0.54066	0.72480	0.19672	-0.18110	-0.72886	0.79466	3.96841	47.32027
19317	50.00000	-0.20528	0.28776	0.29501	-0.02805	-0.20528	0.21376	0.29884	4.88419	61.51319
19337	50.00000	0.15736	0.05567	0.20719	-0.07679	0.15736	0.15514	0.23300	5.87054	53.03672
19357	50.00000	-0.06345	-0.17480	0.15166	0.19465	-0.06345	-0.23848	0.16107	0.61513	58.51698
19377	50.00000	-0.05055	-0.01847	0.06770	0.02286	-0.05055	-0.05051	0.05041	1.64903	48.87669
19397	50.00000	-0.36323	0.40864	0.39837	0.20479	-0.36323	0.26215	0.38658	2.67373	50.48558
19417	50.00000	0.00102	0.20395	0.23016	-0.05250	0.00102	0.23609	0.25494	3.66315	49.36091
19437	50.00000	0.17831	-0.49392	0.47904	0.14403	0.17831	-0.46739	0.56638	4.60348	45.56274
19457	50.00000	-0.18271	0.14593	0.17065	0.09071	-0.18271	0.06302	0.35087	5.55761	53.03672
19477	50.00000	-0.08118	0.04600	0.04208	-0.06970	-0.08118	0.00625	0.11524	0.30680	39.33287
19497	50.00000	0.25406	-0.07649	0.18409	0.18454	0.25406	0.05836	0.13405	1.35451	48.99678
19517	50.00000	0.05099	-0.08616	0.04947	0.07113	0.05099	-0.07005	0.02842	2.40528	54.78519
19537	50.00000	-0.18755	-0.43913	0.59878	0.23508	-0.18755	-0.61534	0.68702	3.40851	48.82711
19557	50.00000	-0.52118	0.57626	0.63384	-0.05179	-0.52118	0.36451	0.67585	4.33043	46.13489
19577	50.00000	0.15252	-0.12806	0.15101	0.06354	0.15252	-0.05981	0.11024	5.25849	47.07883
19597	50.00000	-0.16660	-0.34403	0.39473	0.33972	-0.16660	-0.49344	0.37610	0.02148	55.92530
19617	50.00000	-0.52601	0.13626	0.44241	0.31989	-0.52601	-0.14635	0.46611	1.05691	53.28966
19637	50.00000	-0.39063	0.45538	0.47842	0.11771	-0.39063	0.30030	0.53937	2.08008	49.48309
19657	50.00000	0.04454	0.05406	0.09831	0.00923	0.04454	0.08814	0.28302	3.08177	48.99707
19677	50.00000	0.33787	-0.46008	0.47452	0.04479	0.33787	-0.33618	0.48195	4.04511	45.90420
19697	50.00000	-0.33744	0.36512	0.35977	0.18931	-0.33744	0.22679	0.33475	4.95783	47.93703
19717	50.00000	-0.05539	0.24586	0.24632	-0.07642	-0.05539	0.25191	0.27545	5.96719	54.78397
19737	50.00000	-0.10213	0.17011	-0.09174	-0.14460	-0.10213	0.13746	0.19070	0.70563	38.45645
19757	50.00000	-0.08440	-0.24250	0.22293	0.25590	-0.08440	-0.32874	0.37427	1.75181	56.51493
19777	50.00000	-0.64689	0.17172	0.56642	0.35817	-0.64689	-0.17520	0.46005	2.77037	49.97947
19797	50.00000	-0.06345	0.17816	0.17614	0.03984	-0.06345	0.16910	0.16725	3.74138	51.93179
19817	50.00000	0.72469	-0.49231	0.73134	-0.11295	0.72469	-0.15008	0.70745	4.61575	22.39394
19837	50.00000	-0.33099	0.39736	0.33423	0.26363	-0.33099	0.26773	0.44685	5.54227	48.06220
19857	50.00000	-0.01026	0.18945	0.19751	0.07990	-0.01026	0.21283	0.14893	0.30373	56.65269
19877	50.00000	0.27663	-0.08616	0.20436	0.19592	0.27663	0.06022	0.18818	1.35297	49.48309
19897	50.00000	0.43296	-0.49231	0.51051	0.16816	0.43296	-0.31850	0.56876	2.38074	53.28981
19917	50.00000	-0.02799	-0.20220	0.24958	-0.02853	-0.02799	-0.24964	0.25639	3.38550	48.51963
19937	50.00000	-0.32777	0.34901	0.37386	-0.11546	-0.32777	0.21376	0.42210	4.31969	46.48440
19957	50.00000	0.14769	-0.16030	0.14860	0.09846	0.14769	-0.09983	0.11630	5.26002	51.93179
19977	50.00000	-0.14726	-0.35693	0.46605	0.22722	-0.14726	-0.49716	0.46604	6.27705	56.51524
19997	50.00000	-0.23429	0.01699	0.26126	0.00005	-0.23429	-0.11565	0.27646	1.01856	51.52906
20017	50.00000	-0.14242	0.00571	0.03936	-0.15637	-0.14242	-0.07563	0.16937	2.04940	53.28951
20037	50.00000	0.35560	-0.07649	0.31068	0.20884	0.35560	0.11699	0.22593	3.05569	49.97947
20057	50.00000	-0.07312	-0.46975	0.45594	0.37315	-0.07312	-0.58463	0.46509	4.02363	52.89604
20077	50.00000	-0.48733	0.54564	0.54480	0.24941	-0.48733	0.34869	0.55300	4.95783	45.67698
20097	50.00000	-0.10857	0.13142	0.05688	-0.12840	-0.10857	0.08907	0.14760	5.95031	48.99707
20117	50.00000	0.02842	-0.03781	0.02683	0.02881	0.02842	-0.02725	0.03331	0.69643	59.32523
20137	50.00000	-0.08440	-0.23121	0.21636	0.24491	-0.08440	-0.31571	0.40739	1.74414	56.66404
20157	50.00000	-0.61788	0.16205	0.55921	0.31268	-0.61788	-0.16962	0.66331	2.76423	50.23125
20177	50.00000	-0.06667	0.12659	0.12664	0.00128	-0.06667	0.10768	0.11214	3.73524	48.31450
20197	50.00000	0.20088	-0.09744	0.20048	0.01286	0.20088	0.00346	0.19801	4.68631	47.44284
20217	50.00000	0.03809	-0.10872	0.08412	-0.07139	0.03809	-0.10355	0.11652	5.65579	49.48339
20237	50.00000	-0.23912	0.18945	0.24450	0.06250	-0.23912	0.08070	0.18840	0.40037	55.08778
20257	50.00000	0.04776	0.18300	0.19618	0.14440	0.04776	0.23888	0.18989	1.44348	56.36660
20277	50.00000	0.50871	-0.09744	0.43278	0.32297	0.50871	0.18119	0.27951	2.49272	52.76608
20297	50.00000	0.42007	-0.58418	0.57818	0.16975	0.42007	-0.43203	0.65164	3.49594	49.48339
20317	50.00000	-0.57114	0.28776	0.56257	0.09841	-0.57114	0.00253	0.49738	4.40866	48.56945
20337	50.00000	0.25406	0.01054	0.25345	0.15979	0.25406	0.15886	0.34990	5.35819	45.56392
20357	50.00000	-0.00059	0.05728	-0.00311	-0.06573	-0.00059	0.06581	0.08942	0.11812	38.45634
20377	50.00000	-0.08762	-0.25378	0.23173	0.26843	-0.08762	-0.34363	0.26243	1.18117	51.00206
20397	50.00000	-0.40352	0.11692	0.30904	0.27731	-0.40352	-0.09797	0.33187	2.20586	68.34587
20417	50.00000	-0.50667	0.62461	0.63857	0.18073	-0.50667	0.42871	0.66179	3.21983	49.85452
20437	50.00000	0.62798	-0.12645	0.66138	0.06157	0.62798	0.21655	0.69435	4.15249	48.95697
20457	50.00000	-0.05378	-0.17803	0.23971	-0.03755	-0.05378	-0.23662	0.25942	5.08208	48.99707
20477	50.00000	-0.38740	0.44893	0.48059	0.07730	-0.38740	0.29472	0.46044	6.08070	49.36091
20497	50.00000	-0.13114	0.06696	-0.03071	-0.12750	-0.13114	0.00160	0.12991	0.81301	52.47828
20517	50.00000	0.17831	-0.28762	0.19469	0.21543	0.17831	-0.22917	0.11612	1.82697	55.49269
20537	50.00000	-0.23107	-0.36982	0.45231	0.40358	-0.23107	-0.56044	0.52856	2.86854	51.93117
20557	50.00000	-0.28425	0.23296	0.27358	0.13014	-0.28425	0.10489	0.37624	3.83955	32.29442
20577	50.00000	0.60219	-0.13290	0.53526	0.33734	0.60219	0.19422	0.46565	4.76148	48.87581
20597	50.00000	-0.00059	-0.20059	0.17266	0.15489	-0.00059	-0.23196	0.40394	5.75396	69.02934
20617	50.00000	-0.30198	0.05728	0.25976	0.18819	-0.30198	-0.10820	0.23541	0.49394	57.11631
20637	50.00000	-0.32293	0.45538	0.30642	0.35434	-0.32293	0.33938	0.39166	1.55852	56.07256
20657	50.00000	0.08322	0.31355	0.35874	0.21541	0.08322	0.41010	0.36031	2.57709	52.47844
20677	50.00000	0.18637	0.00893	0.21361	-0.05481	0.18637	0.11792	0.23351	3.56957	51.93179
20697	50.00000	-0.08601	-0.39561	0.51246	-0.03569	-0.08601	-0.50647	0.52069	4.51451	45.22807
20717	50.00000	-0.17465	0.06212	0.08994	-0.15250	-0.17465	-0.02911	0.18168	5.46251	50.35810
20737	50.00000	0.14769	-0.01524	0.12637	0.10207	0.14769	0.06767	0.17717	0.21629	53.03656
20757	50.00000	0.07194	-0.12484	0.07194	0.10262	0.07194	-0.10262	0.07466	1.26093	55.34998
20777	50.00000	-0.15531	-0.32469	0.37992	0.30920	-0.15531	-0.46459	0.43114	2.29330	56.51524
20797	50.00000	-0.33583	0.04600	0.36407	-0.00489	-0.33583	-0.14077	0.39425	3.29959	48.18739
20817	50.00000	0.09773	0.53758	0.68208	0.05285	0.09773	0.67716	0.71529	4.24452	46.95873
20837	50.00000	-0.08762	-0.29407	0.30075	0.26349	-0.08762	-0.39015	0.31994	5.16338	52.20368
20857	50.00000	-0.46476	0.08468	0.48119	0.11640	-0.46476	-0.17055	0.47792	6.17887	50.87196
20877	50.00000	-0.26008	0.23780	0.28543	-0.04059	-0.26008	0.12443	0.32386	0.92959	53.28966
20897	50.00000	-0.01993	0.05245	-0.01259	-0.05143	-0.01993	0.04906	0.06686	1.85305	52.61691
20917	50.00000	-0.16176	-0.34403	0.41466	0.30815	-0.16176	-0.49065	0.40862	2.86087	52.61628
20937	50.00000	-0.33744	0.35223	0.31687	0.24152	-0.33744	0.21190	0.39388	3.83342	47.81252
20957	50.00000	0.42168	0.01054	0.42913	0.24286	0.42168	0.25563	0.49446	4.77682	48.51905
20977	50.00000	0.10256	-0.09422	0.10857	-0.03448	0.10256	-0.04958	0.12007	5.76010	54.23180
20997	50.00000	0.17831	-0.08294	-0.07011	-0.16410	0.17831	0.00718	0.17799	0.52462	36.81556
21017	50.00000	-0.26813	0.37157	0.24989	0.29092	-0.26813	0.27425	0.34773	1.55239	56.07256
21037	50.00000	0.12190	0.41670	0.48893	0.28275	0.12190	0.55154	0.44091	2.57402	51.93179
21057	50.00000	0.33143	-0.01524	0.37332	-0.02569	0.33143	0.17375	0.39095	3.57878	51.93179
21077	50.00000	-0.16821	-0.15224	0.31856	0.03587	-0.16821	-0.27291	0.33038	4.49610	45.45141
21097	50.00000	-0.08118	0.13948	0.14011	-0.00062	-0.08118	0.11419	0.12814	5.46251	50.35690
21117	50.00000	0.30564	-0.07649	0.23037	0.21931	0.30564	0.08814	0.34872	0.21783	57.26860
21137	50.00000	-0.01026	-0.00235	-0.01082	0.00792	-0.01026	-0.00864	0.03995	1.26860	51.52891
21157	50.00000	-0.16498	-0.31502	0.38175	0.30357	-0.16498	-0.45901	0.46022	2.29790	53.03672
21177	50.00000	-0.48894	0.08791	0.51425	0.08528	-0.48894	-0.18078	0.54111	3.30419	51.93179
21197	50.00000	0.07194	0.41348	0.52223	-0.04193	0.07194	0.51897	0.52631	4.23072	45.79060
21217	50.00000	-0.06183	-0.25539	0.26781	0.20346	-0.06183	-0.33060	0.25784	5.15418	48.44164
21237	50.00000	-0.32132	0.02666	0.35519	0.03194	-0.32132	-0.15473	0.40042	6.16814	52.20368
21257	50.00000	-0.24879	0.19428	0.25056	-0.07497	-0.24879	0.08070	0.28138	0.92652	53.28966
21277	50.00000	0.13802	-0.02008	0.12158	0.08638	0.13802	0.05650	0.05960	1.92361	53.15790
21297	50.00000	0.48615	-0.72601	0.65585	0.34228	0.48615	-0.55765	0.67974	2.94524	49.48280
21317	50.00000	-0.45187	0.09274	0.37801	0.29143	-0.45187	-0.15380	0.40302	3.91472	45.22807
21337	50.00000	0.16219	0.55531	0.66655	0.34924	0.16219	0.73486	0.66588	4.84891	52.47844
21357	50.00000	0.15091	-0.16030	0.15704	0.08780	0.15091	-0.09797	0.11703	5.82299	55.92654
21377	50.00000	-0.02799	-0.07326	0.06196	0.08424	-0.02799	-0.10076	0.21913	0.61052	57.73046
21397	50.00000	-0.57114	0.15721	0.45581	0.37465	-0.57114	-0.14821	0.40404	1.63216	67.67582
21417	50.00000	-0.45671	0.55692	0.56600	0.17920	-0.45671	0.37939	0.54385	2.65225	49.36091
21437	50.00000	0.33304	-0.04103	0.26247	0.25101	0.33304	0.14490	0.47733	3.64781	63.91605
21457	50.00000	-0.10696	-0.38594	0.42465	0.29756	-0.10696	-0.50740	0.42780	4.57893	48.82711
21477	50.00000	-0.36967	0.40058	0.39889	0.19892	-0.36967	0.24912	0.41405	5.53767	51.93179
21497	50.00000	0.02520	0.34095	0.39548	0.10436	0.02520	0.40824	0.34986	0.28225	39.33282
21517	50.00000	0.56351	-0.10872	0.56139	0.20561	0.56351	0.19980	0.53763	1.32383	49.36061
21537	50.00000	0.04293	-0.00880	0.01989	-0.04076	0.04293	0.01463	0.05823	2.33165	50.35810
21557	50.00000	-0.87898	0.25553	0.79322	0.43412	-0.87898	-0.21242	0.81549	3.33027	50.48558
21577	50.00000	0.17025	0.62783	0.79703	0.26729	0.17025	0.82326	0.81324	4.26140	49.08625
21597	50.00000	0.33304	-0.44235	0.45788	0.05182	0.33304	-0.31850	0.46615	5.19559	48.52021
21617	50.00000	-0.72909	0.17011	0.67802	0.34951	-0.72909	-0.22452	0.71445	6.18808	54.78519
21637	50.00000	-0.38418	0.43443	0.46635	0.09156	-0.38418	0.27983	0.47206	0.93573	48.87683
21657	50.00000	-0.08118	0.13948	0.09817	-0.09995	-0.08118	0.11419	0.14744	1.95889	67.84180
21677	50.00000	0.28307	-0.38272	0.32617	0.22649	0.28307	-0.27849	0.34691	2.95752	53.28921
21697	50.00000	-0.19400	-0.04264	0.22787	0.10818	-0.19400	-0.16124	0.22968	3.92699	49.85452
21717	50.00000	0.09289	0.45216	0.51374	0.27589	0.09289	0.57574	0.49130	4.85505	48.18801
21737	50.00000	-0.00059	0.12014	0.03655	-0.13347	-0.00059	0.13839	0.14735	5.85521	55.92654
21757	50.00000	-0.05700	-0.13129	0.11256	0.15690	-0.05700	-0.18451	0.12494	0.60899	58.67686
21777	50.00000	-0.13114	0.00732	0.11850	0.08762	-0.13114	-0.06726	0.09527	1.64750	52.25225
21797	50.00000	-0.44381	0.52146	0.49959	0.25880	-0.44381	0.34590	0.41007	2.67833	49.85452
21817	50.00000	0.02359	0.09274	0.12120	-0.02088	0.02359	0.12071	0.33048	3.65087	45.56392
21837	50.00000	0.12029	-0.50198	0.48455	0.19988	0.12029	-0.51019	0.57302	4.59887	45.56274
21857	50.00000	-0.30037	0.23619	0.27873	0.14962	-0.30037	0.09931	0.29782	5.55761	53.03672
21877	50.00000	0.00102	0.18461	0.19207	0.09378	0.00102	0.21376	0.13455	0.30526	60.66591
21897	50.00000	0.18637	0.04761	0.23777	-0.06802	0.18637	0.16258	0.26237	1.29621	48.56945
21917	50.00000	-0.17304	-0.34726	0.41332	0.33167	-0.17304	-0.50088	0.46238	2.29790	52.47844
21937	50.00000	-0.28748	0.04439	0.30936	-0.00926	-0.28748	-0.11472	0.34594	3.29499	52.47781
21957	50.00000	0.09934	0.54402	0.68832	0.07718	0.09934	0.68554	0.72575	4.24759	46.48320
21977	50.00000	-0.08440	-0.36015	0.36264	0.30243	-0.08440	-0.46459	0.60710	5.16031	53.03672
21997	50.00000	-0.48249	0.08468	0.49501	0.14297	-0.48249	-0.18078	0.45926	6.17734	50.87196
22017	50.00000	-0.19077	0.10725	0.15963	-0.10534	-0.19077	0.01370	0.20784	0.91732	48.99693
22037	50.00000	-0.14081	0.10886	0.00162	-0.14764	-0.14081	0.04440	0.14973	1.94816	52.76578
22057	50.00000	0.31047	-0.50521	0.37446	0.34565	0.31047	-0.40411	0.37150	2.95905	50.35750
22077	50.00000	-0.13114	-0.07488	0.20045	0.05756	-0.13114	-0.16217	0.21144	3.93006	49.97947
22097	50.00000	0.64410	-1.68337	0.81337	-1.49133	0.64410	-1.5719