0	0.00000	-0.00051	-0.02076	0.01111	-0.02158	-0.00051	-0.02427	0.10589	5.48091	0.02132
8377	0.00000	0.00916	-0.00464	-0.00798	-0.00449	0.00916	-0.00007	0.01647	5.48398	0.00000
8397	0.00000	-0.01019	-0.00625	0.01525	-0.00654	-0.01019	-0.01310	0.00791	5.48398	0.00000
8417	0.00000	0.01721	0.00986	-0.02520	0.01077	0.01721	0.02133	0.02489	5.48245	0.00000
8437	0.00000	-0.00857	-0.00303	0.01164	-0.00306	-0.00857	-0.00845	0.02149	5.48552	0.00000
8457	0.00000	0.02044	0.00986	-0.02910	0.01041	0.02044	0.02319	0.01764	5.48398	-3.76901
8477	0.00000	0.00110	0.01631	-0.00981	0.01685	0.00110	0.01947	0.01376	5.48245	0.00000
8497	0.00000	-0.00857	-0.00625	0.01328	-0.00673	-0.00857	-0.01217	0.07062	5.48245	0.00000
8517	0.00000	0.01721	0.00986	-0.02520	0.01077	0.01721	0.02133	0.01202	5.48245	0.00000
8537	0.00000	-0.01019	-0.00464	0.01443	-0.00467	-0.01019	-0.01124	0.01155	5.48552	0.00000
8557	0.00000	0.01238	0.01147	-0.02007	0.01290	0.01238	0.02040	0.01659	5.47938	0.00000
8577	0.00000	-0.02469	-0.00625	0.03221	-0.00578	-0.02469	-0.02148	0.02982	5.48858	0.00000
8597	0.00000	0.01721	0.00503	-0.02268	0.00546	0.01721	0.01574	0.01924	5.48398	-3.76901
8617	0.00000	-0.00857	0.00180	0.00876	0.00223	-0.00857	-0.00287	0.03087	5.49012	0.00000
8637	0.00000	-0.01341	0.00342	0.00270	0.01367	-0.01341	-0.00380	0.00760	5.48858	242.59990
8657	0.00000	-0.00857	-0.00464	0.01279	-0.00403	-0.00857	-0.01031	0.03779	5.49012	0.00000
8677	0.00000	0.02044	-0.02882	-0.00653	-0.02892	0.02044	-0.02148	0.02875	5.48705	0.00000
8697	0.00000	0.01721	-0.01431	-0.01065	-0.01504	0.01721	-0.00659	0.01208	5.49165	0.00000
8717	0.00000	0.03172	0.00986	-0.04246	0.00923	0.03172	0.02970	0.01391	5.48705	0.00000
8737	0.00000	0.00593	0.00342	-0.00898	0.00298	0.00593	0.00737	0.05409	5.49012	0.00000
8757	0.00000	-0.00696	0.07917	-0.04016	0.07793	-0.00696	0.08739	0.01418	5.48858	0.00000
8777	0.00000	-0.00374	0.01792	-0.00630	0.01783	-0.00374	0.01854	0.01017	5.48705	0.00000
8797	0.00000	0.01721	-0.00464	-0.01686	-0.00576	0.01721	0.00458	0.05714	5.49165	3.71425
8817	0.00000	0.01399	0.02759	-0.03249	0.02711	0.01399	0.03994	0.30549	5.48705	-3.71425
8837	0.00000	-0.00374	0.01953	-0.00790	0.01917	-0.00374	0.02040	0.01810	5.49165	0.00000
8857	0.00000	0.00916	0.01792	-0.02088	0.01796	0.00916	0.02598	0.02274	5.48552	0.00000
8877	0.00000	0.00916	-0.02559	0.00458	-0.02553	0.00916	-0.02427	0.02385	5.48858	0.00000
8897	0.00000	0.01721	0.01147	-0.02685	0.01063	0.01721	0.02319	0.08850	5.48858	0.00000
8917	0.00000	-0.08755	-0.00625	0.10478	-0.00470	-0.08755	-0.05777	0.04777	5.48705	0.00000
8937	0.00000	0.01721	-0.00625	-0.01582	-0.00730	0.01721	0.00272	0.05566	5.49165	0.00000
8957	0.00000	0.01721	-0.00948	-0.01410	-0.00993	0.01721	-0.00101	0.07227	5.48858	0.00000
8977	0.00000	0.01721	-0.02076	-0.00723	-0.02100	0.01721	-0.01403	0.02653	5.48858	0.00000
8997	0.00000	0.01883	0.00825	-0.02675	0.00741	0.01883	0.02040	0.09587	5.48705	3.76901
9017	0.00000	0.08007	-0.02237	-0.07920	-0.02355	0.08007	0.02040	0.02395	5.48858	0.00000
9037	0.00000	0.01721	-0.01431	-0.01090	-0.01486	0.01721	-0.00659	0.05838	5.48858	0.00000
9057	0.00000	-0.00857	-0.00142	0.01072	-0.00144	-0.00857	-0.00659	0.01508	5.48705	0.00000
9077	0.00000	0.01721	0.02920	-0.03764	0.02802	0.01721	0.04366	0.08797	5.48705	0.00000
9097	0.00000	-0.08110	-0.01592	0.10251	-0.01786	-0.08110	-0.06521	0.02924	5.48398	0.00000
9117	0.00000	0.01238	0.00180	-0.01530	0.00209	0.01238	0.00923	0.01453	5.48245	0.00000
9137	0.00000	0.01883	0.00342	-0.02376	0.00306	0.01883	0.01481	0.01219	5.48705	0.00000
9157	0.00000	0.01883	0.01147	-0.02871	0.01057	0.01883	0.02412	0.00716	5.48858	0.00000
9177	0.00000	0.02044	-0.04010	-0.00188	-0.04006	0.02044	-0.03450	0.03143	5.48245	0.00000
9197	0.00000	0.01238	-0.01754	-0.00450	-0.01745	0.01238	-0.01310	0.01976	5.48552	0.00000
9217	0.00000	0.00916	0.01147	-0.01698	0.01180	0.00916	0.01854	0.04379	5.48398	0.00000
9237	0.00000	0.01077	-0.00303	-0.01064	-0.00319	0.01077	0.00272	0.02105	5.48705	0.00000
9257	0.00000	0.06879	-0.00787	-0.07476	-0.00898	0.06879	0.03063	0.03577	5.48552	0.00000
9277	0.00000	0.01238	-0.13680	0.06671	-0.13583	0.01238	-0.15082	0.01413	5.48705	0.00000
9297	0.00000	0.01721	-0.05783	0.01437	-0.05762	0.01721	-0.05684	0.01413	5.48552	0.00000
9317	0.00000	0.01560	-0.01270	-0.01049	-0.01286	0.01560	-0.00566	0.02105	5.48705	0.00000
9337	0.00000	0.01238	-0.01431	-0.00582	-0.01440	0.01238	-0.00938	0.01882	5.48705	0.00000
9357	0.00000	0.01238	0.01470	-0.02275	0.01475	0.01238	0.02412	0.11511	5.48552	0.00000
9377	0.00000	0.01883	-0.05783	0.01251	-0.05765	0.01883	-0.05591	0.01338	5.48705	0.00000
9397	0.00000	0.01560	-0.08684	0.03341	-0.08635	0.01560	-0.09127	0.01902	5.48705	0.00000
9417	0.00000	0.02205	-0.11424	0.04025	-0.11432	0.02205	-0.11918	0.02694	5.48552	0.00000
9437	0.00000	0.01721	-0.04171	0.00553	-0.04156	0.01721	-0.03823	0.01362	5.48858	0.00000
9457	0.00000	0.01721	-0.01109	-0.01331	-0.01129	0.01721	-0.00287	0.01924	5.48705	0.00000
9477	0.00000	-0.08110	-0.01109	0.10035	-0.00791	-0.08110	-0.05963	0.01882	5.48858	0.00000
9497	0.00000	0.03494	-0.00142	-0.03950	-0.00201	0.03494	0.01854	0.01650	5.48552	-3.76901
9517	0.00000	0.02044	0.00180	-0.02407	0.00556	0.02044	0.01388	0.00780	5.47018	0.00000
9537	0.00000	0.01077	0.01470	-0.01750	0.01864	0.01077	0.02319	0.01608	5.46711	0.00000
9557	0.00000	0.01238	-0.05783	0.00388	-0.06077	0.01238	-0.05963	0.01051	5.46251	0.00000
9577	0.00000	0.00110	0.00503	-0.00296	0.00582	0.00110	0.00644	0.01710	5.46557	0.00000
9597	0.00000	0.00593	0.00180	-0.00724	0.00362	0.00593	0.00551	0.02808	5.46404	0.00000
9617	0.00000	-0.00213	0.01470	-0.00318	0.01556	-0.00213	0.01574	0.15186	5.46711	0.00000
9637	0.00000	-0.00213	0.01147	-0.00155	0.01211	-0.00213	0.01202	0.00961	5.46557	0.00000
9657	0.00000	-0.01019	0.00503	0.00964	0.00329	-0.01019	-0.00007	0.01008	5.46864	3.75977
9677	0.00000	-0.00374	-0.00142	0.00474	-0.00243	-0.00374	-0.00380	0.01008	5.46711	0.00000
9697	0.00000	-0.03920	-0.00142	0.04500	-0.00999	-0.03920	-0.02427	0.02568	5.46864	0.00000
9717	0.00000	0.00916	0.00825	-0.01334	0.01119	0.00916	0.01481	0.01679	5.46711	0.00000
9737	0.00000	0.00754	0.00342	-0.00977	0.00551	0.00754	0.00830	0.28325	5.46711	0.00000
9757	0.00000	0.01399	-0.01431	-0.01105	-0.01204	0.01399	-0.00845	0.07478	5.46404	0.00000
9777	0.00000	-0.01341	-0.00625	0.01775	-0.00941	-0.01341	-0.01496	0.03157	5.47171	0.00000
9797	0.00000	-0.08755	-0.01431	0.10532	-0.03269	-0.08755	-0.06707	0.01972	5.47018	-3.76901
9817	0.00000	-0.00535	-0.00303	0.00722	-0.00446	-0.00535	-0.00659	0.02823	5.46864	0.00000
9837	0.00000	-0.10044	-0.02237	0.12590	-0.03555	-0.10044	-0.08382	0.01208	5.47631	0.00000
9857	0.00000	0.00110	-0.03688	0.01346	-0.03974	0.00110	-0.04195	0.01734	5.47018	0.00000
9877	0.00000	-0.00051	-0.00625	0.00273	-0.00702	-0.00051	-0.00752	0.02138	5.46557	0.00000
9897	0.00000	0.00593	-0.03527	0.00669	-0.03716	0.00593	-0.03730	0.01351	5.47018	0.00000
9917	0.00000	0.01238	-0.02398	-0.00492	-0.02348	0.01238	-0.02055	0.01418	5.46864	0.00000
9937	0.00000	0.01721	0.00986	-0.02352	0.01406	0.01721	0.02133	0.01456	5.47018	0.00000
9957	0.00000	0.01560	-0.00142	-0.01713	0.00210	0.01560	0.00737	0.00728	5.46864	0.00000
9977	0.00000	0.01238	0.00503	-0.01647	0.00705	0.01238	0.01295	0.01097	5.47478	0.00000
9997	0.00000	0.01721	-0.01109	-0.01516	-0.00864	0.01721	-0.00287	0.06691	5.46864	0.00000
10017	0.00000	-0.08432	-0.00787	0.09819	-0.02840	-0.08432	-0.05777	0.01308	5.46711	0.00000
10037	0.00000	0.01560	-0.15937	0.05995	-0.16516	0.01560	-0.17501	0.01714	5.47938	0.00000
10057	0.00000	0.01399	-0.05299	0.01072	-0.05386	0.01399	-0.05311	0.03065	5.47785	0.00000
10077	0.00000	0.01721	-0.00464	-0.01758	-0.00284	0.01721	0.00458	0.05606	5.47785	0.00000
10097	0.00000	0.01238	-0.00625	-0.01109	-0.00550	0.01238	-0.00007	0.01843	5.47785	0.00000
10117	0.00000	0.00593	-0.01109	-0.00122	-0.01103	0.00593	-0.00938	0.02199	5.47785	0.00000
10137	0.00000	-0.00051	-0.01109	0.00521	-0.01203	-0.00051	-0.01310	0.01936	5.47171	0.00000
10157	0.00000	0.01399	0.00342	-0.01768	0.00527	0.01399	0.01202	0.01042	5.47631	3.67862
10177	0.00000	0.02205	-0.02882	-0.01268	-0.02734	0.02205	-0.02055	0.01976	5.47324	0.00000
10197	0.00000	-0.00051	0.00503	-0.00169	0.00527	-0.00051	0.00551	0.01320	5.47324	0.00000
10217	0.00000	0.01560	-0.00625	-0.01512	-0.00423	0.01560	0.00179	0.01491	5.47478	0.00000
10237	0.00000	0.01721	-0.02882	-0.00572	-0.02843	0.01721	-0.02334	0.02586	5.47785	0.00000
10257	0.00000	-0.00374	0.00986	-0.00035	0.00995	-0.00374	0.00923	0.00649	5.47631	0.00000
10277	0.00000	0.01883	-0.01431	-0.01551	-0.01208	0.01883	-0.00566	0.04570	5.47171	-3.76901
10297	0.00000	-0.00696	0.00180	0.00719	0.00071	-0.00696	-0.00194	0.07613	5.47171	0.00000
10317	0.00000	-0.00051	-0.03043	0.01383	-0.03262	-0.00051	-0.03543	0.02253	5.47324	0.00000
10337	0.00000	-0.10205	-0.00787	0.11926	-0.02855	-0.10205	-0.06800	0.03699	5.46864	0.00000
10357	0.00000	0.01399	0.01953	-0.02028	0.02688	0.01399	0.03063	0.02699	5.45790	0.00000
10377	0.00000	-0.11334	-0.01592	0.13062	-0.05298	-0.11334	-0.08382	0.00561	5.46251	0.00000
10397	0.00000	0.01399	0.00986	-0.01839	0.01537	0.01399	0.01947	0.01449	5.46097	0.00000
10417	0.00000	-0.10850	-0.02076	0.12935	-0.05039	-0.10850	-0.08661	0.00276	5.46557	0.00000
10437	0.00000	0.00110	0.01792	-0.00637	0.02038	0.00110	0.02133	0.02021	5.46097	0.00000
10457	0.00000	0.00916	0.01309	-0.01424	0.01724	0.00916	0.02040	0.01647	5.46251	0.00000
10477	0.00000	0.01077	0.01470	-0.01620	0.01978	0.01077	0.02319	0.01046	5.46097	-3.76901
10497	0.00000	-0.01180	-0.03043	0.02122	-0.03805	-0.01180	-0.04195	0.03192	5.46097	0.00000
10517	0.00000	0.00271	0.00825	-0.00605	0.00968	0.00271	0.01109	0.07986	5.46711	0.00000
10537	0.00000	0.01238	-0.14003	0.02647	-0.15275	0.01238	-0.15454	0.02324	5.46097	0.00000
10557	0.00000	0.01238	-0.00142	-0.01336	0.00225	0.01238	0.00551	0.01103	5.46251	0.00000
10577	0.00000	-0.02308	-0.00625	0.02793	-0.01322	-0.02308	-0.02055	0.02750	5.46404	0.00000
10597	0.00000	0.01238	0.01309	-0.01874	0.01725	0.01238	0.02226	0.01831	5.46711	0.00000
10617	0.00000	0.00593	0.01792	-0.01248	0.02147	0.00593	0.02412	0.01051	5.46404	0.00000
10637	0.00000	-0.11495	-0.00948	0.13133	-0.04405	-0.11495	-0.07731	0.01342	5.46251	0.00000
10657	0.00000	0.01399	0.00503	-0.01733	0.00938	0.01399	0.01388	0.01452	5.46404	0.00000
10677	0.00000	0.01721	-0.01109	-0.01571	-0.00759	0.01721	-0.00287	0.05823	5.46251	0.00000
10697	0.00000	-0.01019	-0.00625	0.01330	-0.00993	-0.01019	-0.01310	0.01126	5.46251	0.00000
10717	0.00000	0.00110	0.01470	-0.00573	0.01668	0.00110	0.01761	0.01187	5.46251	0.00000
10737	0.00000	0.01560	-0.00142	-0.01700	0.00297	0.01560	0.00737	0.03343	5.46251	0.00000
10757	0.00000	-0.01019	-0.00303	0.01231	-0.00634	-0.01019	-0.00938	0.01781	5.46251	0.00000
10777	0.00000	-0.10044	-0.00625	0.11216	-0.04196	-0.10044	-0.06521	0.02483	5.45790	0.00000
10797	0.00000	-0.00374	-0.00464	0.00527	-0.00653	-0.00374	-0.00752	0.05912	5.45790	0.00000
10817	0.00000	0.01721	0.00342	-0.01964	0.01017	0.01721	0.01388	0.09373	5.45637	0.00000
10837	0.00000	-0.09722	-0.00625	0.10790	-0.04268	-0.09722	-0.06335	0.01795	5.45637	0.00000
10857	0.00000	0.04461	0.02437	-0.06293	-0.03056	0.04461	0.05390	0.03376	5.45637	0.00000
10877	0.00000	-0.00857	0.00986	0.00738	0.00778	-0.00857	0.00644	0.02925	5.45330	0.00000
10897	0.00000	-0.00857	0.00986	0.00738	0.00778	-0.00857	0.00644	0.28066	5.45177	0.00000
10917	0.00000	-0.01824	-0.00787	0.02179	-0.01558	-0.01824	-0.01962	0.04575	5.45637	0.00000
10937	0.00000	-0.01019	-0.00303	0.01160	-0.00755	-0.01019	-0.00938	0.02506	5.45330	0.00000
10957	0.00000	-0.00696	0.00503	0.00662	0.00281	-0.00696	0.00179	0.02497	5.45330	0.00000
10977	0.00000	-0.11978	-0.01109	0.13174	-0.06089	-0.11978	-0.08196	0.01823	5.45330	0.00000
10997	0.00000	-0.02630	0.00825	0.02689	-0.00075	-0.02630	-0.00566	0.04570	5.45484	0.00000
11017	0.00000	0.00110	0.02437	-0.00634	0.02808	0.00110	0.02877	0.02815	5.45484	0.00000
11037	0.00000	-0.12623	-0.01109	0.11656	0.09844	-0.12623	-0.08568	0.00464	5.45330	255.66302
11057	0.00000	-0.02308	0.00503	0.02394	-0.00398	-0.02308	-0.00752	0.01671	5.45177	0.00000
11077	0.00000	0.00271	0.00825	-0.00452	0.01049	0.00271	0.01109	0.02750	5.45330	0.00000
11097	0.00000	0.00754	-0.00142	-0.00787	0.00156	0.00754	0.00272	0.27714	5.45177	-3.75057
11117	0.00000	-0.01824	0.00180	0.01939	-0.00530	-0.01824	-0.00845	0.03205	5.45330	0.00000
11137	0.00000	0.00754	0.02115	-0.01177	0.02732	0.00754	0.02877	0.14487	5.45177	-3.75057
11157	0.00000	-0.01663	-0.00142	0.01854	-0.00770	-0.01663	-0.01124	0.05634	5.45637	0.00000
11177	0.00000	-0.11495	-0.01109	0.12748	-0.05680	-0.11495	-0.07917	0.01557	5.45484	0.00000
11197	0.00000	0.00271	0.00986	-0.00441	0.01248	0.00271	0.01295	0.03216	5.45023	0.00000
11217	0.00000	0.00110	0.00342	-0.00192	0.00430	0.00110	0.00458	0.09152	5.45484	0.00000
11237	0.00000	-0.02308	-0.00464	0.02561	-0.01502	-0.02308	-0.01869	0.01831	5.45330	0.00000
11257	0.00000	-0.12301	-0.00787	0.13461	-0.05852	-0.12301	-0.08010	0.01688	5.45330	0.00000
11277	0.00000	-0.00535	0.01792	0.00387	0.01799	-0.00535	0.01761	0.02199	5.44563	0.00000
11297	0.00000	-0.14879	-0.00625	0.15985	-0.07249	-0.14879	-0.09313	0.01175	5.45023	0.00000
11317	0.00000	-0.01019	-0.00464	0.00959	-0.01176	-0.01019	-0.01124	0.02999	5.43336	0.00000
11337	0.00000	-0.00696	0.04532	-0.00200	0.04877	-0.00696	0.04831	0.02838	5.45484	3.76901
11357	0.00000	0.00271	0.00825	-0.00434	0.01056	0.00271	0.01109	0.01914	5.45023	0.00000
11377	0.00000	-0.09722	-0.00787	0.10030	-0.06037	-0.09722	-0.06521	0.00634	5.44256	0.00000
11397	0.00000	-0.01341	0.01792	0.01253	0.01381	-0.01341	0.01295	0.02905	5.44563	0.00000
11417	0.00000	-0.11334	-0.00787	0.12122	-0.06083	-0.11334	-0.07452	0.01902	5.44870	0.00000
11437	0.00000	-0.02308	0.00180	0.02393	-0.00929	-0.02308	-0.01124	0.03216	5.44563	0.00000
11457	0.00000	-0.00857	0.02115	0.00625	0.02033	-0.00857	0.01947	0.01478	5.44870	0.00000
11477	0.00000	-0.00857	-0.00625	0.00955	-0.01142	-0.00857	-0.01217	0.02894	5.44563	3.76901
11497	0.00000	-0.00051	0.01631	-0.00133	0.01849	-0.00051	0.01854	0.02506	5.44717	0.00000
11517	0.00000	-0.00535	0.00342	0.00524	0.00138	-0.00535	0.00086	0.04070	5.44717	0.00000
11537	0.00000	-0.02308	-0.00464	0.02454	-0.01671	-0.02308	-0.01869	0.02193	5.44563	0.00000
11557	0.00000	-0.00535	0.00180	0.00542	-0.00047	-0.00535	-0.00101	0.05026	5.44717	0.00000
11577	0.00000	0.00110	0.02115	-0.00274	0.02492	0.00110	0.02505	0.02892	5.44410	0.00000
11597	0.00000	0.00916	-0.00787	-0.00873	-0.00469	0.00916	-0.00380	0.04809	5.44717	0.00000
11617	0.00000	-0.02308	0.00342	0.02377	-0.00744	-0.02308	-0.00938	0.02260	5.44563	0.00000
11637	0.00000	0.00110	0.01631	-0.00303	0.01926	0.00110	0.01947	0.01242	5.44563	0.00000
11657	0.00000	0.00271	0.00180	-0.00294	0.00346	0.00271	0.00365	0.23229	5.44563	0.00000
11677	0.00000	-0.00374	0.01147	0.00300	0.01131	-0.00374	0.01109	0.04212	5.44256	0.00000
11697	0.00000	-0.01663	-0.00303	0.01785	-0.01138	-0.01663	-0.01310	0.01069	5.44563	0.00000
11717	0.00000	-0.03436	-0.00142	0.03632	-0.01795	-0.03436	-0.02148	0.02978	5.44717	0.00000
11737	0.00000	-0.05531	-0.00142	0.05790	-0.02888	-0.05531	-0.03357	0.02908	5.44563	0.00000
11757	0.00000	-0.00857	0.01147	0.00845	0.00843	-0.00857	0.00830	0.02074	5.43950	0.00000
11777	0.00000	-0.01502	-0.00787	0.01616	-0.01673	-0.01502	-0.01775	0.01202	5.44410	0.00000
11797	0.00000	-0.02469	-0.00142	0.02544	-0.01467	-0.02469	-0.01589	0.04724	5.44256	0.00000
11817	0.00000	-0.01019	-0.00142	0.01066	-0.00683	-0.01019	-0.00752	0.01362	5.44410	0.00000
11837	0.00000	-0.00213	-0.00625	0.00268	-0.00829	-0.00213	-0.00845	0.02222	5.44410	0.00000
11857	0.00000	-0.01019	0.01953	0.00936	0.01715	-0.01019	0.01667	0.00196	5.44256	0.00000
11877	0.00000	-0.00696	-0.00948	0.00769	-0.01460	-0.00696	-0.01496	0.02820	5.44256	0.00000
11897	0.00000	-0.00051	-0.01109	0.00138	-0.01304	-0.00051	-0.01310	0.05281	5.44410	0.00000
11917	0.00000	-0.01663	0.02115	0.01562	0.01588	-0.01663	0.01481	0.02856	5.44410	0.00000
11937	0.00000	0.00593	0.01953	-0.00763	0.02553	0.00593	0.02598	0.02372	5.44410	0.00000
11957	0.00000	0.00110	0.01470	-0.00077	0.01762	0.00110	0.01761	0.02261	5.43643	0.00000
11977	0.00000	-0.01180	0.00342	0.01199	-0.00188	-0.01180	-0.00287	0.03670	5.44563	0.00000
11997	0.00000	0.00110	-0.00625	-0.00077	-0.00663	0.00110	-0.00659	0.02593	5.44103	0.00000
12017	0.00000	-0.01824	-0.00787	0.01918	-0.01870	-0.01824	-0.01962	0.00728	5.44256	0.00000
12037	0.00000	-0.00051	-0.06750	0.00566	-0.07803	-0.00051	-0.07824	0.02561	5.44256	0.00000
12057	0.00000	-0.01341	0.01147	0.01322	0.00594	-0.01341	0.00551	0.02274	5.44103	0.00000
12077	0.00000	-0.00213	-0.05783	0.00545	-0.06782	-0.00213	-0.06800	0.02165	5.44256	0.00000
12097	0.00000	0.00110	0.02437	-0.00250	0.02868	0.00110	0.02877	0.02561	5.44256	0.00000
12117	0.00000	-0.00374	0.00503	0.00356	0.00383	-0.00374	0.00365	0.03228	5.44256	-3.76901
12137	0.00000	-0.01663	0.00019	0.01721	-0.00826	-0.01663	-0.00938	0.02993	5.44256	0.00000
12157	0.00000	-0.00857	0.00180	0.00870	-0.00244	-0.00857	-0.00287	0.02506	5.44256	0.00000
12177	0.00000	-0.00696	-0.05783	0.01161	-0.07018	-0.00696	-0.07079	0.02372	5.44256	0.00000
12197	0.00000	-0.00051	0.01631	-0.00071	0.01853	-0.00051	0.01854	0.02486	5.44256	0.00000
12217	0.00000	-0.00374	0.01953	0.00308	0.02050	-0.00374	0.02040	0.02174	5.44103	0.00000
12237	0.00000	-0.02630	-0.00142	0.02710	-0.01552	-0.02630	-0.01682	0.08730	5.44410	0.00000
12257	0.00000	-0.01341	-0.00787	0.01449	-0.01590	-0.01341	-0.01682	0.01476	5.44256	0.00000
12277	0.00000	-0.10850	-0.01592	0.11359	-0.07371	-0.10850	-0.08103	0.00704	5.44410	3.75977
12297	0.00000	0.00754	0.02276	-0.00904	0.03023	0.00754	0.03063	0.02903	5.44410	0.00000
12317	0.00000	-0.01663	0.01147	0.01650	0.00418	-0.01663	0.00365	0.02586	5.44103	3.76901
12337	0.00000	0.00593	0.03565	-0.04401	0.00930	0.00593	0.04459	0.08039	5.44410	0.00000
12357	0.00000	0.00271	-0.15937	0.00008	-0.18246	0.00271	-0.18246	0.01756	5.44103	0.00000
12377	0.00000	-0.00051	0.01309	-0.00021	0.01482	-0.00051	0.01481	0.02786	5.44103	0.00000
12397	0.00000	-0.01341	0.01470	0.01294	0.00988	-0.01341	0.00923	0.03717	5.44256	3.76901
12417	0.00000	-0.00213	0.00503	0.00190	0.00468	-0.00213	0.00458	0.03293	5.44103	0.00000
12437	0.00000	-0.02469	0.00503	0.02508	-0.00723	-0.02469	-0.00845	0.04010	5.44256	0.00000
12457	0.00000	-0.01986	0.01792	0.01716	0.01359	-0.01986	0.00923	0.02856	5.45944	3.75977
12477	0.00000	-0.01180	-0.01754	0.01486	-0.02550	-0.01180	-0.02706	0.01491	5.44717	-3.76901
12497	0.00000	-0.01019	0.01470	0.00963	0.01158	-0.01019	0.01109	0.02586	5.44256	0.00000
12517	0.00000	0.00916	0.01470	-0.01132	0.02124	0.00916	0.02226	0.02501	5.44717	0.00000
12537	0.00000	0.00916	-0.00142	-0.00937	0.00304	0.00916	0.00365	0.02165	5.44410	3.73232
12557	0.00000	-0.00696	0.00503	0.00683	0.00224	-0.00696	0.00179	0.07101	5.44256	0.00000
12577	0.00000	-0.00374	-0.01431	0.00434	-0.01855	-0.00374	-0.01869	0.04579	5.44103	0.00000
12597	0.00000	-0.00696	0.02115	0.00595	0.02071	-0.00696	0.02040	0.04488	5.44256	0.00000
12617	0.00000	-0.01663	-0.00625	0.01744	-0.01599	-0.01663	-0.01682	0.00913	5.44256	0.00000
12637	0.00000	0.00916	0.00180	-0.00951	0.00691	0.00916	0.00737	0.02682	5.44256	0.00000
12657	0.00000	-0.00051	-0.01109	0.00138	-0.01304	-0.00051	-0.01310	0.08323	5.44410	0.00000
12677	0.00000	-0.01663	0.01631	0.01599	0.01030	-0.01663	0.00923	0.00728	5.44256	0.00000
12697	0.00000	-0.01824	-0.00625	0.01937	-0.01651	-0.01824	-0.01775	0.02647	5.44410	0.00000
12717	0.00000	0.00271	-0.00625	-0.00243	-0.00578	0.00271	-0.00566	0.01843	5.44256	0.00000
12737	0.00000	-0.03436	-0.00787	0.03619	-0.02659	-0.03436	-0.02892	0.00819	5.44256	0.00000
12757	0.00000	-0.01824	-0.00142	0.01900	-0.01094	-0.01824	-0.01217	0.04315	5.44410	0.00000
12777	0.00000	-0.01663	0.00503	0.01684	-0.00269	-0.01663	-0.00380	0.02844	5.44256	0.00000
12797	0.00000	-0.01019	0.00342	0.01031	-0.00109	-0.01019	-0.00194	0.04862	5.44410	3.75977
12817	0.00000	-0.00857	-0.04010	0.01279	-0.05036	-0.00857	-0.05125	0.02790	5.44563	0.00000
12837	0.00000	-0.01341	0.00825	0.01341	0.00176	-0.01341	0.00179	0.02074	5.43950	0.00000
12857	0.00000	-0.01019	-0.03043	0.01354	-0.04003	-0.01019	-0.04102	0.02827	5.44410	3.75977
12877	0.00000	-0.00051	0.01792	-0.00048	0.02040	-0.00051	0.02040	0.01958	5.44256	0.00000
12897	0.00000	0.00754	0.02276	-0.00904	0.03023	0.00754	0.03063	0.02809	5.44256	-3.76901
12917	0.00000	-0.03436	-0.00142	0.03537	-0.01977	-0.03436	-0.02148	0.07823	5.44256	-3.74143
12937	0.00000	-0.01180	0.01309	0.01152	0.00868	-0.01180	0.00830	0.00694	5.44103	0.00000
12957	0.00000	-0.00535	0.02759	0.00344	0.02906	-0.00535	0.02877	0.02894	5.44410	0.00000
12977	0.00000	-0.01986	-0.01592	0.02178	-0.02848	-0.01986	-0.02985	0.05119	5.44563	0.00000
12997	0.00000	-0.01502	0.00019	0.01554	-0.00744	-0.01502	-0.00845	0.01679	5.44410	0.00000
13017	0.00000	-0.01824	0.00503	0.01851	-0.00352	-0.01824	-0.00473	0.02872	5.44410	0.00000
13037	0.00000	-0.00051	0.00503	-0.00498	0.00241	-0.00051	0.00551	0.03341	5.44410	0.00000
13057	0.00000	-0.00535	0.01792	0.00448	0.01785	-0.00535	0.01761	0.02938	5.44410	0.00000
13077	0.00000	0.00110	-0.02721	0.00041	-0.03080	0.00110	-0.03078	0.19313	5.44103	0.00000
13097	0.00000	-0.02308	0.01792	0.02269	0.00849	-0.02308	0.00737	0.01338	5.44256	0.00000
13117	0.00000	0.00593	-0.00303	-0.00592	-0.00037	0.00593	-0.00007	0.01003	5.44103	0.00000
13137	0.00000	-0.01663	-0.01270	0.01780	-0.02342	-0.01663	-0.02427	0.01428	5.44256	0.00000
13157	0.00000	-0.13268	-0.02076	0.13744	-0.09395	-0.13268	-0.10057	0.00501	5.44256	0.00000
13177	0.00000	-0.00213	0.00503	0.00198	0.00464	-0.00213	0.00458	0.14669	5.44256	0.00000
13197	0.00000	-0.02308	-0.01431	0.02451	-0.02869	-0.02308	-0.02985	0.02847	5.44256	0.00000
13217	0.00000	0.00754	0.01309	-0.00849	0.01907	0.00754	0.01947	0.01967	5.44256	0.00000
13237	0.00000	-0.01502	0.02115	0.01450	0.01622	-0.01502	0.01574	0.05800	5.44256	0.00000
13257	0.00000	-0.01341	-0.00625	0.01413	-0.01429	-0.01341	-0.01496	0.22630	5.44256	0.00000
13277	0.00000	-0.12623	-0.02882	0.13457	-0.09534	-0.12623	-0.10615	0.01452	5.44563	0.00000
13297	0.00000	0.00110	0.01147	-0.00178	0.01381	0.00110	0.01388	0.01219	5.44256	0.00000
13317	0.00000	-0.13106	-0.03043	0.13806	-0.10193	-0.13106	-0.11081	0.01068	5.44563	0.00000
13337	0.00000	-0.00374	0.01147	0.00319	0.01126	-0.00374	0.01109	0.01681	5.44256	0.00000
13357	0.00000	-0.01341	0.01470	0.01277	0.01009	-0.01341	0.00923	0.01192	5.44410	0.00000
13377	0.00000	-0.13590	-0.00625	0.13858	-0.08125	-0.13590	-0.08568	0.02483	5.44103	0.00000
13397	0.00000	0.00271	0.00180	-0.00288	0.00351	0.00271	0.00365	0.01866	5.44256	0.00000
13417	0.00000	-0.00374	0.02276	0.00255	0.02427	-0.00374	0.02412	0.01876	5.44256	0.00000
13437	0.00000	0.00110	-0.00464	-0.00086	-0.00478	0.00110	-0.00473	0.05693	5.44256	0.00000
13457	0.00000	-0.01180	0.23389	-0.00111	0.26353	-0.01180	0.26326	0.00791	5.44256	0.00000
13477	0.00000	-0.02308	-0.01109	0.02433	-0.02497	-0.02308	-0.02613	0.01393	5.44256	0.00000
13497	0.00000	0.06073	-0.00625	-0.06159	0.02587	0.06073	0.02784	0.02806	5.44103	0.00000
13517	0.00000	-0.01341	0.02276	0.01312	0.01874	-0.01341	0.01854	0.00837	5.43950	0.00000
13537	0.00000	-0.00051	0.01792	0.00020	0.02040	-0.00051	0.02040	0.02621	5.43950	0.00000
13557	0.00000	-0.02308	-0.03365	0.02646	-0.05055	-0.02308	-0.05218	0.02473	5.44256	0.00000
13577	0.00000	0.00271	0.00503	-0.00307	0.00723	0.00271	0.00737	0.02064	5.44256	0.00000
13597	0.00000	-0.00051	-0.16420	0.00663	-0.18977	-0.00051	-0.18990	0.02568	5.43950	0.00000
13617	0.00000	-0.01341	-0.00142	0.01370	-0.00894	-0.01341	-0.00938	0.02029	5.44103	0.00000
13637	0.00000	-0.00051	-0.00142	0.00058	-0.00192	-0.00051	-0.00194	0.02353	5.44103	0.00000
13657	0.00000	-0.02308	0.00986	0.02313	-0.00119	-0.02308	-0.00194	0.02044	5.44103	0.00000
13677	0.00000	-0.02630	0.01309	0.02629	0.00077	-0.02630	-0.00007	0.02586	5.44103	0.00000
13697	0.00000	-0.01019	0.20810	0.00262	0.23460	-0.01019	0.23442	0.00937	5.44103	0.00000
13717	0.00000	0.00110	0.01470	-0.00196	0.01753	0.00110	0.01761	0.04129	5.44256	0.00000
13737	0.00000	-0.00051	-0.08201	0.00358	-0.09491	-0.00051	-0.09499	0.02372	5.44103	0.00000
13757	0.00000	-0.01824	0.00986	0.01821	0.00144	-0.01824	0.00086	0.03463	5.44103	0.00000
13777	0.00000	-0.00374	-0.10940	0.00788	-0.12829	-0.00374	-0.12849	0.01983	5.44103	0.00000
13797	0.00000	-0.00051	-0.00625	0.00063	-0.00751	-0.00051	-0.00752	0.01054	5.43796	0.00000
13817	0.00000	-0.02953	0.01792	0.02931	0.00509	-0.02953	0.00365	0.05068	5.44256	0.00000
13837	0.00000	-0.00696	0.01792	0.00642	0.01689	-0.00696	0.01667	0.02687	5.44256	0.00000
13857	0.00000	-0.01180	-0.00625	0.01224	-0.01364	-0.01180	-0.01403	0.11400	5.44103	0.00000
13877	0.00000	-0.00857	0.02115	0.00761	0.01986	-0.00857	0.01947	0.02446	5.44256	0.00000
13897	0.00000	-0.01663	-0.00625	0.01716	-0.01628	-0.01663	-0.01682	0.02940	5.44103	-3.74143
13917	0.00000	-0.02630	0.01792	0.02588	0.00723	-0.02630	0.00551	0.04831	5.44410	0.00000
13937	0.00000	0.00271	0.01792	-0.00342	0.02216	0.00271	0.02226	0.02575	5.44256	0.00000
13957	0.00000	-0.00535	-0.06589	0.00922	-0.07881	-0.00535	-0.07917	0.02356	5.44256	3.75977
13977	0.00000	-0.00696	0.00180	0.00705	-0.00159	-0.00696	-0.00194	0.04889	5.44256	0.00000
13997	0.00000	-0.01019	0.05016	0.00762	0.05247	-0.01019	0.05203	0.00728	5.44256	0.00000
14017	0.00000	-0.01019	0.01147	0.00981	0.00786	-0.01019	0.00737	0.02894	5.44256	0.00000
14037	0.00000	-0.01663	0.02759	0.01552	0.02305	-0.01663	0.02226	0.01114	5.44103	0.00000
14057	0.00000	-0.00857	-0.05783	0.01208	-0.07122	-0.00857	-0.07173	0.03561	5.44256	0.00000
14077	0.00000	-0.00374	0.02276	0.00255	0.02427	-0.00374	0.02412	0.02399	5.44256	0.00000
14097	0.00000	-0.02308	0.01147	0.02306	0.00106	-0.02308	-0.00007	0.13387	5.44256	0.00000
14117	0.00000	-0.01986	0.00986	0.01984	0.00090	-0.01986	-0.00007	0.13173	5.44103	0.00000
14137	0.00000	-0.01663	0.00825	0.01662	0.00074	-0.01663	-0.00007	0.04882	5.44256	0.00000
14157	0.00000	-0.02791	0.01953	0.02757	0.00780	-0.02791	0.00644	0.03281	5.44256	0.00000
14177	0.00000	-0.00051	-0.00464	0.00079	-0.00563	-0.00051	-0.00566	0.02811	5.44256	0.00000
14197	0.00000	-0.02308	-0.00303	0.02388	-0.01567	-0.02308	-0.01682	0.04074	5.44256	0.00000
14217	0.00000	-0.01663	0.18232	0.00677	0.20149	-0.01663	0.20092	0.01456	5.44256	0.00000
14237	0.00000	-0.00857	-0.00625	0.00916	-0.01174	-0.00857	-0.01217	0.08978	5.44256	0.00000
14257	0.00000	-0.01663	0.00503	0.01680	-0.00298	-0.01663	-0.00380	0.07144	5.44256	0.00000
14277	0.00000	-0.01824	0.01470	0.01791	0.00732	-0.01824	0.00644	0.04906	5.44256	0.00000
14297	0.00000	-0.00374	0.02115	0.00264	0.02241	-0.00374	0.02226	0.02399	5.44256	0.00000
14317	0.00000	-0.02308	-0.00625	0.02406	-0.01939	-0.02308	-0.02055	0.13789	5.44256	0.00000
14337	0.00000	-0.01663	-0.01109	0.01771	-0.02157	-0.01663	-0.02241	0.00196	5.44256	0.00000
14357	0.00000	-0.13912	-0.02882	0.14629	-0.10418	-0.13912	-0.11360	0.01442	5.44410	0.00000
14377	0.00000	0.00593	0.00825	-0.00656	0.01265	0.00593	0.01295	0.02148	5.44256	0.00000
14397	0.00000	-0.09399	-0.02237	0.09781	-0.07540	-0.09399	-0.08010	0.00772	5.44256	0.00000
14417	0.00000	-0.00374	0.01470	0.00301	0.01498	-0.00374	0.01481	0.01441	5.44256	0.00000
14437	0.00000	-0.02791	-0.01592	0.02957	-0.03310	-0.02791	-0.03450	0.02030	5.44256	0.00000
14457	0.00000	-0.00696	-0.00142	0.00723	-0.00531	-0.00696	-0.00566	0.11000	5.44256	0.00000
14477	0.00000	-0.02308	0.02920	0.02241	0.02113	-0.02308	0.02040	0.10798	5.44256	0.00000
14497	0.00000	-0.00051	0.01792	-0.00048	0.02040	-0.00051	0.02040	0.01934	5.44256	0.00000
14517	0.00000	-0.01502	0.02115	0.01450	0.01622	-0.01502	0.01574	0.01387	5.44256	0.00000
14537	0.00000	-0.12139	-0.00464	0.12375	-0.07149	-0.12139	-0.07545	0.02894	5.44103	0.00000
14557	0.00000	-0.01180	0.02759	0.01056	0.02560	-0.01180	0.02505	0.03734	5.44256	0.00000
14577	0.00000	-0.02469	-0.00625	0.02571	-0.02024	-0.02469	-0.02148	0.01491	5.44256	0.00000
14597	0.00000	0.00110	0.01792	-0.00214	0.02125	0.00110	0.02133	0.02399	5.44256	0.00000
14617	0.00000	-0.01019	0.01953	0.00906	0.01731	-0.01019	0.01667	0.02748	5.44410	3.75977
14637	0.00000	-0.01663	-0.00142	0.01716	-0.01041	-0.01663	-0.01124	0.00276	5.44103	0.00000
14657	0.00000	-0.11011	-0.02237	0.11436	-0.08391	-0.11011	-0.08941	0.01200	5.44256	0.00000
14677	0.00000	-0.00535	0.02115	0.00430	0.02156	-0.00535	0.02133	0.01665	5.44256	0.00000
14697	0.00000	-0.02469	-0.00625	0.02571	-0.02024	-0.02469	-0.02148	0.01453	5.44256	0.00000
14717	0.00000	0.00271	0.00825	-0.00325	0.01095	0.00271	0.01109	0.01441	5.44256	0.00000
14737	0.00000	-0.02953	0.00503	0.02969	-0.01079	-0.02953	-0.01124	0.02905	5.43950	3.76901
14757	0.00000	-0.07143	-0.00303	0.07488	-0.03867	-0.07143	-0.04474	0.01069	5.44410	0.00000
14777	0.00000	0.00271	0.01470	-0.00268	0.01854	0.00271	0.01854	0.01958	5.43950	0.00000
14797	0.00000	-0.02308	0.00503	0.02342	-0.00638	-0.02308	-0.00752	0.02737	5.44410	0.00000
14817	0.00000	-0.11656	-0.00948	0.11901	-0.07444	-0.11656	-0.07824	0.01362	5.44103	0.00000
14837	0.00000	-0.01019	0.01631	0.00954	0.01344	-0.01019	0.01295	0.03240	5.44256	0.00000
14857	0.00000	-0.01341	0.00503	0.01349	-0.00128	-0.01341	-0.00194	0.02354	5.44256	3.76901
14877	0.00000	-0.00535	0.00825	0.00503	0.00669	-0.00535	0.00644	0.02715	5.44256	0.00000
14897	0.00000	-0.01663	-0.00464	0.01735	-0.01413	-0.01663	-0.01496	0.01042	5.44256	0.00000
14917	0.00000	-0.01180	0.01470	0.01129	0.01073	-0.01180	0.01016	0.02902	5.44410	0.00000
14937	0.00000	-0.13751	-0.00625	0.14159	-0.07978	-0.13751	-0.08661	0.01246	5.44256	0.00000
14957	0.00000	-0.00535	0.01792	0.00418	0.01792	-0.00535	0.01761	0.07625	5.44256	3.76901
14977	0.00000	-0.02630	0.01792	0.02588	0.00723	-0.02630	0.00551	0.00880	5.44410	3.75977
14997	0.00000	-0.12784	-0.00625	0.13166	-0.07467	-0.12784	-0.08103	0.01714	5.44256	0.00000
15017	0.00000	0.00754	0.00825	-0.00844	0.01336	0.00754	0.01388	0.02399	5.44410	3.76901
15037	0.00000	-0.12139	-0.01431	0.12814	-0.07626	-0.12139	-0.08661	0.01103	5.44717	0.00000
15057	0.00000	-0.00374	0.02115	0.00226	0.02245	-0.00374	0.02226	0.02561	5.44410	0.00000
15077	0.00000	-0.03436	0.01792	0.03417	0.00370	-0.03436	0.00086	0.04015	5.44563	0.00000
15097	0.00000	-0.11656	-0.00142	0.12185	-0.05905	-0.11656	-0.06893	0.02832	5.44410	0.00000
15117	0.00000	-0.00857	0.01631	0.00788	0.01429	-0.00857	0.01388	0.02637	5.44256	0.00000
15137	0.00000	-0.09238	-0.00142	0.09661	-0.04714	-0.09238	-0.05498	0.02231	5.44563	0.00000
15157	0.00000	-0.01019	0.01631	0.00931	0.01359	-0.01019	0.01295	0.02906	5.44410	0.00000
15177	0.00000	-0.01663	-0.00303	0.01746	-0.01198	-0.01663	-0.01310	0.00694	5.44410	0.00000
15197	0.00000	-0.01019	0.01147	0.00954	0.00819	-0.01019	0.00737	0.03425	5.44563	3.76901
15217	0.00000	-0.14235	-0.00142	0.14754	-0.07426	-0.14235	-0.08382	0.01476	5.44410	0.00000
15237	0.00000	-0.00374	0.01470	0.00250	0.01507	-0.00374	0.01481	0.02374	5.44563	0.00000
15257	0.00000	-0.02469	-0.01109	0.02642	-0.02537	-0.02469	-0.02706	0.01219	5.44563	-3.76901
15277	0.00000	-0.03114	-0.00464	0.03364	-0.01956	-0.03114	-0.02334	0.01831	5.44870	0.00000
15297	0.00000	-0.02308	-0.00948	0.02538	-0.02185	-0.02308	-0.02427	0.00546	5.44563	0.00000
15317	0.00000	-0.01019	0.01470	0.00923	0.01190	-0.01019	0.01109	0.02830	5.44717	-3.75977
15337	0.00000	-0.02953	-0.00625	0.03143	-0.02174	-0.02953	-0.02427	0.00867	5.44563	0.00000
15357	0.00000	0.00271	-0.00142	-0.00270	-0.00025	0.00271	-0.00007	0.01219	5.44410	0.00000
15377	0.00000	-0.00535	0.01147	0.00431	0.01064	-0.00535	0.01016	0.02058	5.44717	0.00000
15397	0.00000	-0.01019	-0.00142	0.01077	-0.00665	-0.01019	-0.00752	0.15614	5.44410	0.00000
15417	0.00000	0.04623	-0.00625	-0.04712	0.01718	0.04623	0.01947	0.01453	5.44256	0.00000
15437	0.00000	-0.00857	0.00825	0.00816	0.00527	-0.00857	0.00458	0.03770	5.44563	0.00000
15457	0.00000	-0.02308	0.00180	0.02377	-0.00970	-0.02308	-0.01124	0.02599	5.44410	0.00000
15477	0.00000	-0.01019	-0.00142	0.01088	-0.00647	-0.01019	-0.00752	0.03319	5.44717	0.00000
15497	0.00000	0.00271	0.01631	-0.00405	0.02017	0.00271	0.02040	0.04199	5.44410	0.00000
15517	0.00000	-0.00696	0.00825	0.00648	0.00607	-0.00696	0.00551	0.01710	5.44563	0.00000
15537	0.00000	-0.01502	0.00825	0.01490	0.00210	-0.01502	0.00086	0.00141	5.44563	0.00000
15557	0.00000	-0.00213	0.03082	0.00507	0.03404	-0.00213	0.03435	0.01665	5.43029	0.00000
15577	0.00000	-0.00857	0.00503	0.00857	0.00084	-0.00857	0.00086	0.05710	5.43950	0.00000
15597	0.00000	-0.03275	-0.02398	0.03423	-0.04552	-0.03275	-0.04660	0.03641	5.44103	0.00000
15617	0.00000	-0.01986	-0.00625	0.02269	-0.01512	-0.01986	-0.01869	0.01926	5.45330	0.00000
15637	0.00000	0.00271	-0.03365	0.00101	-0.03738	0.00271	-0.03730	0.01262	5.44717	0.00000
15657	0.00000	-0.00696	-0.02076	0.00971	-0.02716	-0.00696	-0.02799	0.00720	5.44717	0.00000
15677	0.00000	-0.00696	-0.00625	0.00822	-0.01036	-0.00696	-0.01124	0.03802	5.45023	0.00000
15697	0.00000	-0.05693	0.01147	0.05782	-0.01680	-0.05693	-0.01962	0.02212	5.44256	0.00000
15717	0.00000	-0.00213	-0.02076	0.00336	-0.02506	-0.00213	-0.02520	0.00362	5.44410	0.00000
15737	0.00000	-0.01663	0.01792	0.01586	0.01216	-0.01663	0.01109	0.02804	5.44410	0.00000
15757	0.00000	-0.00374	-0.00948	0.00502	-0.01266	-0.00374	-0.01310	0.03293	5.44717	0.00000
15777	0.00000	-0.01663	0.01147	0.01635	0.00473	-0.01663	0.00365	0.01647	5.44410	0.00000
15797	0.00000	-0.01986	-0.00303	0.02102	-0.01327	-0.01986	-0.01496	0.01679	5.44563	0.00000
15817	0.00000	-0.11011	-0.00948	0.11589	-0.06514	-0.11011	-0.07452	0.01338	5.44563	0.00000
15837	0.00000	-0.03114	-0.00142	0.03265	-0.01697	-0.03114	-0.01962	0.04768	5.44563	0.00000
15857	0.00000	-0.02953	-0.00625	0.03214	-0.02067	-0.02953	-0.02427	0.00837	5.44717	0.00000
15877	0.00000	-0.00857	-0.03688	0.01248	-0.04666	-0.00857	-0.04753	0.01756	5.44563	0.00000
15897	0.00000	-0.00051	0.00986	-0.00022	0.01110	-0.00051	0.01109	0.01652	5.44563	0.00000
15917	0.00000	-0.00213	0.01953	0.00035	0.02143	-0.00213	0.02133	0.02364	5.44563	0.00000
15937	0.00000	-0.01663	-0.00303	0.01766	-0.01168	-0.01663	-0.01310	0.08905	5.44563	0.00000
15957	0.00000	-0.00213	0.02115	0.00020	0.02328	-0.00213	0.02319	0.02501	5.44563	0.00000
15977	0.00000	-0.01824	0.00180	0.01888	-0.00691	-0.01824	-0.00845	0.07616	5.44563	0.00000
15997	0.00000	0.00916	0.02437	-0.01189	0.03255	0.00916	0.03342	0.02017	5.44563	0.00000
16017	0.00000	-0.00696	-0.01270	0.00848	-0.01804	-0.00696	-0.01869	0.02863	5.44563	0.00000
16037	0.00000	-0.00374	0.01792	0.00219	0.01878	-0.00374	0.01854	0.01890	5.44563	0.00000
16057	0.00000	-0.02308	0.00342	0.02364	-0.00784	-0.02308	-0.00938	0.06744	5.44410	0.00000
16077	0.00000	-0.00857	0.01631	0.00715	0.01467	-0.00857	0.01388	0.02322	5.44717	0.00000
16097	0.00000	-0.02308	-0.00464	0.02454	-0.01671	-0.02308	-0.01869	0.04057	5.44563	0.00000
16117	0.00000	-0.01663	-0.00787	0.01869	-0.01662	-0.01663	-0.01869	0.01033	5.44870	0.00000
16137	0.00000	-0.11978	-0.03043	0.13109	-0.08966	-0.11978	-0.10429	0.01192	5.44870	0.00000
16157	0.00000	-0.00051	0.02115	-0.00148	0.02408	-0.00051	0.02412	0.02821	5.44717	0.00000
16177	0.00000	-0.00051	0.00825	-0.00025	0.00924	-0.00051	0.00923	0.01890	5.44717	0.00000
16197	0.00000	-0.00051	0.01470	-0.00087	0.01666	-0.00051	0.01667	0.02123	5.44563	0.00000
16217	0.00000	-0.00051	0.01147	-0.00078	0.01294	-0.00051	0.01295	0.01457	5.44717	0.00000
16237	0.00000	-0.00051	0.00825	-0.00025	0.00924	-0.00051	0.00923	0.01230	5.44563	3.76901
16257	0.00000	-0.00857	0.02598	0.00647	0.02567	-0.00857	0.02505	0.02724	5.44563	0.00000
16277	0.00000	-0.02308	-0.00948	0.02538	-0.02185	-0.02308	-0.02427	0.01146	5.44717	0.00000
16297	0.00000	0.00110	0.01147	-0.00224	0.01374	0.00110	0.01388	0.01706	5.44563	0.00000
16317	0.00000	-0.13751	-0.02237	0.14880	-0.08852	-0.13751	-0.10522	0.01200	5.44717	0.00000
16337	0.00000	-0.00535	0.01470	0.00442	0.01420	-0.00535	0.01388	0.02060	5.44563	0.00000
16357	0.00000	-0.02308	-0.01109	0.02556	-0.02370	-0.02308	-0.02613	0.02184	5.44717	0.00000
16377	50.00000	-0.39377	0.41763	0.39568	0.25184	-0.39377	0.25489	0.44053	6.09757	44.78789
16397	50.00000	0.01560	0.16620	0.19892	0.03215	0.01560	0.20092	0.21070	0.83295	54.78502
16417	50.00000	0.37824	-0.05299	0.39299	0.11539	0.37824	0.15718	0.42311	1.89447	49.97947
16437	50.00000	0.22351	-0.26735	0.28296	0.04659	0.22351	-0.17967	0.32082	2.91763	52.76608
16457	50.00000	-0.24872	0.08884	0.16009	0.19470	-0.24872	-0.04102	0.18477	3.91165	64.07309
16477	50.00000	-0.05209	0.15008	0.14774	0.03738	-0.05209	0.14323	0.13994	4.87652	48.87698
16497	50.00000	0.27348	-0.05783	0.24297	0.15508	0.27348	0.09112	0.27287	5.90429	52.63675
16517	50.00000	-0.03275	0.11462	-0.01916	-0.11651	-0.03275	0.11345	0.15335	0.69336	58.99926
16537	50.00000	0.21384	-0.23028	0.25658	0.01342	0.21384	-0.14245	0.27853	1.78249	53.28981
16557	50.00000	0.05912	-0.03688	-0.01685	-0.05729	0.05912	-0.00845	0.07680	2.79031	52.63616
16577	50.00000	-0.17297	0.22261	0.18318	0.14513	-0.17297	0.15718	0.16232	3.81808	48.52021
16597	50.00000	0.25897	0.13397	0.36404	0.16450	0.25897	0.30421	0.42702	4.79062	63.14225
16617	50.00000	0.32505	-0.31570	0.35263	0.11218	0.32505	-0.17688	0.33861	5.81072	51.87274
16637	50.00000	0.04300	-0.05944	0.06097	-0.00714	0.04300	-0.04381	0.09288	0.59979	59.48948
16657	50.00000	0.06557	-0.17226	0.15672	-0.07533	0.06557	-0.16106	0.17751	1.67664	52.25254
16677	50.00000	0.01721	-0.09490	0.01796	-0.09950	0.01721	-0.09964	0.09383	2.71208	67.84151
16697	50.00000	0.06073	0.12752	0.12494	0.14599	0.06073	0.18231	0.12971	3.73064	48.99707
16717	50.00000	0.39597	-0.03204	0.43922	-0.02420	0.39597	0.19161	0.45842	4.70779	48.99707
16737	50.00000	-0.07465	-0.31732	0.35882	0.21096	-0.07465	-0.40951	0.37222	5.71101	48.99707
16757	50.00000	-0.16491	-0.00787	0.18736	0.05444	-0.16491	-0.10429	0.20073	0.47400	59.65481
16777	50.00000	-0.23421	0.29836	0.20208	0.24043	-0.23421	0.20929	0.20883	1.55085	70.91415
16797	50.00000	-0.06821	-0.07878	-0.04802	-0.13905	-0.06821	-0.13035	0.12683	2.61237	53.15731
16817	50.00000	0.42820	-0.09973	0.29532	0.33700	0.42820	0.13206	0.33846	3.63860	63.91546
16837	50.00000	0.42981	-0.50105	0.54201	0.01179	0.42981	-0.33041	0.56746	4.61575	45.22807
16857	50.00000	-0.37121	0.43697	0.38582	0.27049	-0.37121	0.29025	0.38803	5.52233	55.98486
16877	50.00000	0.00271	0.17748	0.20410	0.03139	0.00271	0.20650	0.19324	0.26845	58.99922
16897	50.00000	0.35084	-0.10779	0.29284	0.20837	0.35084	0.07809	0.38956	1.32843	73.04661
16917	50.00000	0.32828	-0.44303	0.39090	0.24224	0.32828	-0.32204	0.35785	2.38227	48.87698
16937	50.00000	-0.07143	-0.36567	0.44423	0.15026	-0.07143	-0.46348	0.42754	3.40697	67.51035
16957	50.00000	-0.37927	0.47887	0.41774	0.28437	-0.37927	0.33398	0.45175	4.38105	44.78789
16977	50.00000	-0.08594	0.13235	0.07654	-0.11036	-0.08594	0.10321	0.15118	5.36586	48.75747
16997	50.00000	-0.13751	0.25646	-0.08966	-0.24049	-0.13751	0.21674	0.24662	0.13959	37.51583
17017	50.00000	-0.02308	-0.21255	0.18540	0.18198	-0.02308	-0.25876	0.20873	1.17196	68.17712
17037	50.00000	0.19934	-0.10940	-0.04563	-0.19436	0.19934	-0.01124	0.20655	2.23194	52.76608
17057	50.00000	-0.19876	0.23228	0.17520	0.17986	-0.19876	0.15346	0.19450	3.26891	52.76608
17077	50.00000	0.20095	0.48854	0.63284	0.32002	0.20095	0.68014	0.73006	4.25986	48.99590
17097	50.00000	0.42659	-0.54940	0.50038	0.28673	0.42659	-0.38810	0.46025	5.23548	48.99707
17117	50.00000	-0.01986	-0.29798	0.34193	0.09938	-0.01986	-0.35554	0.28694	6.28165	52.63675
17137	50.00000	-0.25839	0.01792	0.25591	0.13333	-0.25839	-0.12849	0.11233	1.05231	53.15775
17157	50.00000	-0.11334	0.18393	0.10293	0.15440	-0.11334	0.14695	0.16182	2.11689	48.05226
17177	50.00000	0.01721	0.01147	0.00901	0.02744	0.01721	0.02319	0.00711	3.16920	52.76608
17197	50.00000	0.31699	-0.08523	0.27746	0.17504	0.31699	0.08460	0.28070	4.17703	49.48339
17217	50.00000	0.14132	-0.04332	0.11613	-0.08649	0.14132	0.03156	0.11649	5.22167	52.76608
17237	50.00000	-0.01180	-0.10457	0.09304	0.08806	-0.01180	-0.12756	0.05663	0.03221	71.60993
17257	50.00000	0.04300	-0.19483	0.20190	-0.03376	0.04300	-0.20014	0.22677	1.11367	52.25239
17277	50.00000	-0.03597	-0.10135	0.11138	-0.08873	-0.03597	-0.13779	0.13857	2.17518	51.62450
17297	50.00000	-0.08432	-0.10940	-0.01321	-0.19381	-0.08432	-0.17501	0.22900	3.21062	52.76549
17317	50.00000	-0.05048	-0.02076	-0.07327	0.00029	-0.05048	-0.05311	0.05789	4.16476	41.25632
17337	50.00000	-0.03920	0.01470	0.03124	-0.02434	-0.03920	-0.00566	0.07269	4.88266	30.15204
17357	50.00000	-0.21810	-0.06266	0.28749	0.06501	-0.21810	-0.19828	0.24040	5.60517	37.59651
17377	50.00000	0.03655	0.28869	0.30452	0.18502	0.03655	0.35446	0.26047	0.29146	58.99926
17397	50.00000	0.28960	-0.04010	0.30216	0.08468	0.28960	0.12089	0.38339	1.31155	52.89574
17417	50.00000	0.16388	-0.16098	0.18754	-0.00311	0.16388	-0.09127	0.21578	2.34699	48.75747
17437	50.00000	0.10908	-0.08684	0.00737	-0.11504	0.10908	-0.03730	0.11519	3.36862	48.99648
17457	50.00000	-0.57268	0.75931	0.73356	0.29668	-0.57268	0.54615	0.76218	4.35037	64.07309
17477	50.00000	0.71187	-0.16098	0.65933	0.35016	0.71187	0.22511	0.62505	5.32752	49.48339
17497	50.00000	0.28476	-0.25768	0.31128	0.04376	0.28476	-0.13314	0.31934	0.08437	52.76608
17517	50.00000	-0.02953	-0.20772	0.22508	0.12730	-0.02953	-0.25690	0.15744	1.15355	53.28951
17537	50.00000	-0.08594	-0.01109	0.09700	0.04325	-0.08594	-0.06242	0.04846	2.21047	52.76608
17557	50.00000	-0.14235	0.22100	0.12611	0.18515	-0.14235	0.17300	0.21668	3.25664	48.99707
17577	50.00000	0.17839	0.49177	0.65049	0.24220	0.17839	0.67084	0.70515	4.25986	45.22689
17597	50.00000	-0.06337	0.15653	-0.05826	-0.14629	-0.06337	0.14416	0.17135	5.25388	52.12571
17617	50.00000	0.06879	0.00503	0.03096	-0.07645	0.06879	0.04552	0.07833	0.05829	52.76608
17637	50.00000	0.09297	-0.11102	0.06762	-0.09809	0.09297	-0.07452	0.12693	1.10447	67.67552
17657	50.00000	0.01399	-0.08684	0.02054	-0.09096	0.01399	-0.09220	0.10601	2.14911	52.63675
17677	50.00000	-0.11011	0.02276	0.05653	-0.10159	-0.11011	-0.03730	0.11544	3.19221	49.36091
17697	50.00000	-0.03275	0.11785	0.09696	-0.07348	-0.03275	0.11717	0.13266	4.21691	48.87698
17717	50.00000	-0.14396	0.19682	-0.09399	-0.18073	-0.14396	0.14416	0.30084	5.28150	52.76490
17737	50.00000	-0.05693	0.19038	-0.13728	-0.13909	-0.05693	0.18696	0.17613	0.06289	63.91605
17757	50.00000	0.00593	-0.00303	-0.00568	0.00172	0.00593	-0.00007	0.05154	0.90351	33.92090
17777	50.00000	-0.14396	-0.04171	0.19109	0.03800	-0.14396	-0.13128	0.19953	1.59227	45.22777
17797	50.00000	0.29121	-0.01109	0.28346	0.16901	0.29121	0.15532	0.22909	2.48658	48.87698
17817	50.00000	0.21384	-0.23834	0.26210	0.00778	0.21384	-0.15175	0.29255	3.47907	48.40244
17837	50.00000	-0.82410	0.21778	0.80159	0.29472	-0.82410	-0.22433	0.83833	4.44854	44.35620
17857	50.00000	0.12359	0.36928	0.44242	0.25934	0.12359	0.49776	0.49415	5.42416	52.76608
17877	50.00000	0.22674	-0.00142	0.25305	0.06386	0.22674	0.12927	0.17689	0.18101	59.48955
17897	50.00000	0.36373	-0.44142	0.40228	0.24551	0.36373	-0.29970	0.35247	1.23792	72.14257
17917	50.00000	0.02205	-0.07878	0.07970	0.01596	0.02205	-0.07824	0.04830	2.30251	48.52021
17937	50.00000	-0.08110	0.00503	0.07582	0.05011	-0.08110	-0.04102	0.02435	3.34408	48.16861
17957	50.00000	-0.52755	0.67873	0.69466	0.15893	-0.52755	0.47915	0.71698	4.34423	48.63855
17977	50.00000	0.27992	-0.02398	0.28593	0.12051	0.27992	0.13392	0.24984	5.33365	52.63675
17997	50.00000	-0.05209	0.17909	-0.03287	-0.18128	-0.05209	0.17673	0.21355	0.12118	58.51698
18017	50.00000	0.28637	-0.36728	0.36593	0.12272	0.28637	-0.25876	0.36058	1.21491	52.76608
18037	50.00000	0.05267	-0.21578	0.22114	-0.04153	0.05267	-0.21875	0.23209	2.25649	67.18183
18057	50.00000	0.01721	-0.10457	0.01177	-0.11151	0.01721	-0.11081	0.12059	3.27965	52.76608
18077	50.00000	-0.05854	-0.02237	-0.02948	-0.07818	-0.05854	-0.05963	0.09910	4.29515	48.99707
18097	50.00000	-0.13751	0.09851	-0.01313	-0.14112	-0.13751	0.03435	0.13084	5.37507	52.63675
18117	50.00000	-0.13590	0.23550	-0.05894	-0.22895	-0.13590	0.19348	0.25967	0.14419	56.36675
18137	50.00000	0.04139	-0.00625	0.02848	-0.03435	0.04139	0.01667	0.07844	1.20878	53.28981
18157	50.00000	0.01399	-0.04655	-0.00445	-0.04755	0.01399	-0.04567	0.03781	2.10155	37.69005
18177	50.00000	0.01721	-0.12391	0.13423	0.00231	0.01721	-0.13314	0.14717	2.80258	33.92105
18197	50.00000	0.13487	0.13235	0.25439	0.08180	0.13487	0.23070	0.26870	3.64781	45.22807
18217	50.00000	0.45399	-0.58809	0.60486	0.11861	0.45399	-0.41695	0.55655	4.62495	67.84209
18237	50.00000	0.09135	-0.18032	0.14140	-0.11189	0.09135	-0.15547	0.19698	5.67573	52.25254
18257	50.00000	0.09780	-0.16420	-0.03695	-0.16100	0.09780	-0.13314	0.16777	0.43412	59.16172
18277	50.00000	-0.24066	0.27419	0.29475	0.05090	-0.24066	0.17766	0.34940	1.50177	52.76578
18297	50.00000	-0.03436	0.11946	0.11538	-0.04261	-0.03436	0.11810	0.13697	2.52953	52.12513
18317	50.00000	0.02527	0.02759	0.03070	-0.04306	0.02527	0.04645	0.06338	3.55117	48.99648
18337	50.00000	0.36212	-0.59937	0.37326	-0.47443	0.36212	-0.48302	0.61985	4.48383	29.21877
18357	50.00000	-0.24550	0.31125	0.31634	0.08693	-0.24550	0.21767	0.23411	5.49625	56.53508
18377	50.00000	-0.03436	0.13074	0.13458	0.01615	-0.03436	0.13113	0.11119	0.28839	63.38761
18397	50.00000	0.08491	-0.01270	0.07354	0.05459	0.08491	0.03435	0.02395	1.34530	52.50805
18417	50.00000	-0.08594	0.15653	-0.05059	-0.14839	-0.08594	0.13113	0.15815	2.41755	67.51035
18437	50.00000	0.07685	0.06627	-0.04804	-0.13496	0.07685	0.12089	0.14423	3.45913	52.63616
18457	50.00000	0.20579	-0.11424	-0.10207	-0.17916	0.20579	-0.01310	0.20129	4.48996	52.63675
18477	50.00000	-0.23583	-0.04010	0.14001	-0.26323	-0.23583	-0.18246	0.25722	5.48091	37.50575
18497	50.00000	0.06073	-0.07233	0.07604	0.01597	0.06073	-0.04846	0.07985	0.04449	37.59768
18517	50.00000	-0.19231	0.14847	0.18547	0.07895	-0.19231	0.06041	0.15801	0.96641	44.78774
18537	50.00000	0.12198	0.03887	0.16343	-0.03823	0.12198	0.11531	0.16818	1.86532	64.07280
18557	50.00000	0.00271	-0.06105	0.05775	0.03774	0.00271	-0.06893	0.03606	2.88388	47.59381
18577	50.00000	-0.34381	0.09690	0.27542	0.22328	-0.34381	-0.08661	0.20567	3.90245	48.75747
18597	50.00000	-0.21649	0.20005	0.23147	-0.06722	-0.21649	0.10601	0.25847	4.89493	68.34587
18617	50.00000	-0.03758	0.04693	0.01715	-0.04663	-0.03758	0.03249	0.07260	5.94111	52.63675
18637	50.00000	0.53296	-0.82823	0.23437	0.80609	0.53296	-0.64865	0.69131	0.71944	228.19548
18657	50.00000	-0.00857	-0.18838	0.17230	0.14098	-0.00857	-0.22247	0.15428	1.73953	51.01110
18677	50.00000	0.10264	-0.05783	-0.02076	-0.10079	0.10264	-0.00752	0.11326	2.79645	71.61052
18697	50.00000	-0.27612	0.31125	0.27270	0.20458	-0.27612	0.19999	0.22985	3.82115	63.44951
18717	50.00000	-0.04242	0.00503	-0.00642	-0.04590	-0.04242	-0.01869	0.08407	4.85658	52.50805
18737	50.00000	-0.09561	0.08561	0.02118	-0.10294	-0.09561	0.04366	0.11517	5.95645	52.63675
18757	50.00000	0.01721	0.09528	0.06991	-0.09899	0.01721	0.11996	0.11633	0.72404	38.03269
18777	50.00000	0.07685	0.00986	0.03168	-0.08950	0.07685	0.05576	0.11963	1.77021	51.99950
18797	50.00000	0.05428	0.03565	-0.08699	-0.02521	0.05428	0.07251	0.09162	2.78418	44.46276
18817	50.00000	0.02205	0.02276	0.04349	-0.01080	0.02205	0.03901	0.04360	3.57571	33.59092
18837	50.00000	-0.06337	0.20649	0.20112	0.06562	-0.06337	0.20185	0.27677	4.28287	34.60117
18857	50.00000	0.26703	-0.28508	0.31916	0.00791	0.26703	-0.17501	0.26949	5.20019	48.99707
18877	50.00000	0.15099	-0.09490	0.00048	-0.15264	0.15099	-0.02241	0.15592	6.23870	52.25254
18897	50.00000	-0.13751	0.23067	0.11173	0.20340	-0.13751	0.18696	0.22578	0.97868	66.85635
18917	50.00000	-0.07788	-0.07878	-0.04453	-0.15019	-0.07788	-0.13593	0.16508	2.04326	53.02635
18937	50.00000	0.18806	0.01309	0.17792	0.13783	0.18806	0.12369	0.16708	3.08330	52.76608
18957	50.00000	0.45883	-0.54940	0.54149	0.23201	0.45883	-0.36949	0.59302	4.07425	48.87698
18977	50.00000	-0.03597	-0.04171	0.07754	-0.00565	-0.03597	-0.06893	0.05452	5.06214	52.63675
18997	50.00000	-0.05854	0.11462	0.03469	0.10925	-0.05854	0.09856	0.11470	6.13132	67.67464
19017	50.00000	-0.19070	-0.09812	-0.01641	-0.29325	-0.19070	-0.22340	0.29132	0.89124	64.70876
19037	50.00000	0.50879	-0.13680	0.33526	-0.40606	0.50879	0.13578	0.51248	1.74260	45.11721
19057	50.00000	-0.63876	0.13074	0.59964	0.30960	-0.63876	-0.21782	0.50903	2.75810	49.36091
19077	50.00000	-0.24711	0.26129	0.29315	-0.02038	-0.24711	0.15905	0.33539	3.76439	48.52021
19097	50.00000	0.60872	-0.12713	0.62851	0.13162	0.60872	0.20464	0.66782	4.72159	48.99707
19117	50.00000	-0.11334	-0.30926	0.29439	0.32358	-0.11334	-0.42253	0.31213	5.73095	67.67582
19137	50.00000	0.21384	-0.08684	-0.05847	-0.20699	0.21384	0.02319	0.20972	0.52462	57.26862
19157	50.00000	-0.03436	-0.05622	0.06326	-0.06603	-0.03436	-0.08475	0.09639	1.58000	49.48309
19177	50.00000	-0.08271	0.00986	0.03736	-0.08226	-0.08271	-0.03637	0.09105	2.62004	52.76549
19197	50.00000	0.22190	-0.04977	0.16083	0.16840	0.22190	0.07065	0.45734	3.64167	48.99648
19217	50.00000	0.28637	-0.28025	0.32465	0.04058	0.28637	-0.15826	0.24443	4.64183	48.52021
19237	50.00000	0.04623	-0.02882	0.02209	-0.04114	0.04623	-0.00659	0.08275	5.72175	55.84898
19257	50.00000	0.15260	-0.09329	0.01209	-0.15338	0.15260	-0.01962	0.14281	0.53536	58.51698
19277	50.00000	-0.13590	-0.01592	0.16484	-0.02592	-0.13590	-0.09685	0.20193	1.58920	48.75718
19297	50.00000	-0.17297	0.11785	0.16765	-0.05582	-0.17297	0.03622	0.19929	2.63998	52.12571
19317	50.00000	-0.08594	0.11462	0.07991	-0.08856	-0.08594	0.08274	0.11423	3.68309	52.12571
19337	50.00000	-0.25194	0.15653	-0.24313	-0.07482	-0.25194	0.03529	0.23260	4.68938	48.87698
19357	50.00000	0.01721	-0.02721	-0.02598	-0.00909	0.01721	-0.02148	0.02782	5.44410	30.15204
19377	50.00000	-0.25839	0.12913	0.25830	0.00664	-0.25839	-0.00007	0.24162	6.07763	33.92105
19397	50.00000	0.08974	-0.02237	0.09271	0.01147	0.08974	0.02598	0.08500	0.71177	54.93594
19417	50.00000	-0.03436	-0.21255	0.19712	0.18083	-0.03436	-0.26528	0.20184	1.74414	52.76578
19437	50.00000	0.17194	-0.09490	-0.04262	-0.16688	0.17194	-0.01031	0.17336	2.80105	48.75747
19457	50.00000	-0.16813	0.20005	0.17255	0.12815	-0.16813	0.13392	0.14998	3.82115	48.52021
19477	50.00000	0.01883	0.29191	0.34402	-0.05527	0.01883	0.34794	0.36601	4.79829	43.93275
19497	50.00000	0.31216	-0.43014	0.36209	0.25784	0.31216	-0.31645	0.32528	5.81379	48.51905
19517	50.00000	0.07040	-0.05299	0.05218	-0.05153	0.07040	-0.02055	0.10725	0.58598	57.88607
19537	50.00000	0.12036	-0.13358	0.06189	-0.13356	0.12036	-0.08475	0.15249	1.67204	51.74861
19557	50.00000	0.03494	-0.12069	0.00172	-0.12418	0.03494	-0.11918	0.11538	2.70594	48.99648
19577	50.00000	0.02044	0.06466	0.06143	0.06418	0.02044	0.08646	0.04579	3.72757	48.87698
19597	50.00000	0.63773	-0.11746	0.66968	0.11095	0.63773	0.23256	0.60937	4.72313	48.99707
19617	50.00000	0.15743	-0.08362	0.13491	-0.08133	0.15743	-0.00566	0.16972	5.77237	67.51035
19637	50.00000	0.04300	-0.18677	0.19536	-0.01006	0.04300	-0.19083	0.17896	0.55530	58.35797
19657	50.00000	-0.41150	0.11462	0.38261	0.18439	-0.41150	-0.10522	0.37426	1.60148	66.53429
19677	50.00000	-0.27773	0.33865	0.34984	0.08923	-0.27773	0.23070	0.40492	2.64765	48.63855
19697	50.00000	0.06718	0.25001	0.32843	0.06214	0.06718	0.32747	0.34609	3.67849	52.25254
19717	50.00000	0.18806	0.05660	0.24470	-0.07573	0.18806	0.17393	0.07278	4.72313	52.37998
19737	50.00000	-0.01341	0.17909	-0.06052	-0.19011	-0.01341	0.19906	0.19273	5.80919	55.71259
19757	50.00000	0.07040	0.05660	-0.10934	-0.06511	0.07040	0.10601	0.10392	0.50928	45.35962
19777	50.00000	0.11875	-0.06428	0.11701	-0.02105	0.11875	-0.00566	0.12593	1.19497	30.15175
19797	50.00000	0.04623	0.15975	0.21311	0.03611	0.04623	0.21116	0.22628	1.94355	41.05556
19817	50.00000	0.27348	-0.35116	0.35844	0.08721	0.27348	-0.24760	0.40186	2.92223	52.76608
19837	50.00000	-0.29546	0.09851	0.20843	0.21696	-0.29546	-0.05684	0.22804	3.91319	48.99707
19857	50.00000	-0.23583	0.20810	0.24312	-0.08569	-0.23583	0.10414	0.27395	4.89647	49.48339
19877	50.00000	0.07362	0.04693	0.12123	0.00861	0.07362	0.09670	0.07108	5.91350	48.87698
19897	50.00000	-0.14396	0.23550	-0.08092	-0.22321	-0.14396	0.18882	0.22998	0.70870	59.16180
19917	50.00000	0.09297	-0.02237	0.05282	-0.08140	0.09297	0.02784	0.10307	1.76715	52.63675
19937	50.00000	0.12520	-0.11102	0.02649	-0.13453	0.12520	-0.05591	0.14261	2.80258	48.99707
19957	50.00000	-0.38410	0.38378	0.37641	0.23418	-0.38410	0.22139	0.43918	3.81961	67.18183
19977	50.00000	-0.52594	0.65294	0.14288	-0.67741	-0.52594	0.45030	0.70817	4.73847	26.38187
19997	50.00000	-0.57912	0.09206	0.56921	0.25168	-0.57912	-0.22805	0.68086	5.60670	49.36091
20017	50.00000	-0.08916	-0.06589	-0.00176	-0.15561	-0.08916	-0.12756	0.14786	0.34668	58.99926
20037	50.00000	-0.03436	0.12107	0.11469	-0.04915	-0.03436	0.11996	0.13626	1.39132	52.25254
20057	50.00000	-0.00696	0.11301	0.03715	-0.12109	-0.00696	0.12648	0.13156	2.43289	52.50805
20077	50.00000	0.01399	-0.21094	0.19198	0.13709	0.01399	-0.23550	0.17907	3.45299	49.48280
20097	50.00000	-0.72418	0.17909	0.72766	0.19882	-0.72418	-0.21130	0.78202	4.44241	48.99590
20117	50.00000	0.12520	0.48210	0.60635	0.20862	0.12520	0.62896	0.58007	5.40421	48.75747
20137	50.00000	0.01883	0.11140	0.08478	-0.11237	0.01883	0.13950	0.14464	0.15800	59.16180
20157	50.00000	0.16549	-0.15614	0.18518	-0.01667	0.16549	-0.08475	0.21072	1.20878	48.28525
20177	50.00000	0.11714	-0.12391	0.06111	-0.12522	0.11714	-0.07545	0.14318	2.24115	51.50070
20197	50.00000	-0.16652	0.17104	0.14634	0.12877	-0.16652	0.10135	0.15966	3.27198	48.63855
20217	50.00000	0.24447	0.59008	0.76505	0.38843	0.24447	0.82251	0.80579	4.25986	48.63739
20237	50.00000	-0.00696	0.11462	0.02346	-0.12636	-0.00696	0.12834	0.13880	5.27076	68.51546
20257	50.00000	0.06073	0.05983	-0.02296	-0.11835	0.06073	0.10414	0.11075	0.05522	53.28981
20277	50.00000	0.11069	-0.10940	0.04640	-0.11830	0.11069	-0.06242	0.12148	1.10293	52.76593
20297	50.00000	0.02527	-0.10940	0.01715	-0.11326	0.02527	-0.11174	0.10802	2.15064	52.63675
20317	50.00000	-0.06498	-0.02882	-0.00264	-0.09605	-0.06498	-0.07079	0.09981	3.18608	53.15790
20337	50.00000	0.22513	-0.02237	0.20803	0.13509	0.22513	0.10414	0.20742	4.19697	48.99707
20357	50.00000	-0.11011	0.20005	-0.08630	-0.18084	-0.11011	0.16742	0.21163	5.26769	70.91415
20377	50.00000	0.12681	-0.10940	0.13619	-0.01881	0.12681	-0.05311	0.11584	0.07056	56.39651
20397	50.00000	0.04623	-0.06750	0.04432	-0.05291	0.04623	-0.05125	0.09968	1.09986	48.99693
20417	50.00000	0.06718	-0.09168	-0.07647	-0.05625	0.06718	-0.06707	0.14788	2.08161	44.78789
20437	50.00000	0.02850	-0.11907	0.12042	0.03099	0.02850	-0.12104	0.08822	2.83173	33.92046
20457	50.00000	0.23963	-0.00625	0.26887	0.04815	0.23963	0.13113	0.23194	3.57418	53.28981
20477	50.00000	-0.02308	-0.22867	0.26998	-0.06759	-0.02308	-0.27737	0.28462	4.50684	48.87698
20497	50.00000	-0.08594	0.18393	0.08064	0.16544	-0.08594	0.16277	0.24846	5.54687	52.25254
20517	50.00000	-0.08594	-0.10940	-0.03904	-0.19186	-0.08594	-0.17594	0.18443	0.33748	59.16180
20537	50.00000	-0.03436	0.17587	0.18013	-0.04805	-0.03436	0.18324	0.21923	1.39592	52.50805
20557	50.00000	0.00754	0.10818	0.05173	-0.11870	0.00754	0.12927	0.12747	2.43289	48.99707
20577	50.00000	-0.00374	-0.20288	0.18411	0.14839	-0.00374	-0.23643	0.16368	3.45913	49.23844
20597	50.00000	-0.74513	0.17909	0.73238	0.26212	-0.74513	-0.22340	0.69397	4.44394	48.05255
20617	50.00000	-0.08594	0.00342	0.03074	-0.09233	-0.08594	-0.04567	0.10743	5.46864	53.02547
20637	50.00000	-0.15202	0.06305	-0.03462	-0.14877	-0.15202	-0.01496	0.14461	0.24390	57.42175
20657	50.00000	0.25253	-0.03204	0.26884	0.05766	0.25253	0.10880	0.31790	1.30849	53.02635
20677	50.00000	-0.59363	1.58452	0.48889	-1.52452	-0.59363	1.48691	1.64104	2.29484	41.66380
20697	50.00000	0.29121	0.03082	0.32331	0.14748	0.29121	0.20371	0.34188	3.04342	41.25632
20717	50.00000	-0.05693	-0.20933	0.21886	0.17531	-0.05693	-0.27458	0.19450	4.00216	60.15628
20737	50.00000	1.64828	-0.46559	-1.68129	-0.24817	1.64828	0.41401	1.62054	4.96550	-403.28241
20757	50.00000	0.52813	-0.10940	0.46096	0.31352	0.52813	0.17859	0.52902	5.91196	48.75747
20777	50.00000	0.15582	-0.07072	0.15456	-0.02142	0.15582	0.00830	0.12155	0.67495	58.51698
20797	50.00000	-0.03275	-0.21255	0.20320	0.17220	-0.03275	-0.26434	0.17234	1.74107	53.28951
20817	50.00000	0.20417	-0.10618	-0.05777	-0.19588	0.20417	-0.00473	0.20126	2.80105	52.50805
20837	50.00000	-0.28257	0.41763	0.28259	0.31906	-0.28257	0.31910	0.37050	3.81654	48.52021
20857	50.00000	0.05267	0.34510	0.43138	-0.02479	0.05267	0.42890	0.45635	4.80750	47.59381
20877	50.00000	0.05751	0.00342	0.05795	-0.03644	0.05751	0.03715	0.07221	5.82299	51.99950
20897	50.00000	0.10586	0.00180	0.05272	-0.11145	0.10586	0.06320	0.13297	0.62893	58.99926
20917	50.00000	-0.00696	-0.28025	0.32706	0.01999	-0.00696	-0.32762	0.35901	1.69198	52.76608
20937	50.00000	-0.16008	0.13880	0.14839	0.09059	-0.16008	0.06785	0.10790	2.69214	53.15731
20957	50.00000	0.03172	0.05660	0.05416	0.07122	0.03172	0.08367	0.04298	3.72604	67.67523
20977	50.00000	-0.16169	0.09528	-0.07041	-0.14649	-0.16169	0.01667	0.15901	4.77988	53.28862
20997	50.00000	-0.13912	0.25162	-0.10680	-0.22835	-0.13912	0.21022	0.23902	5.84600	55.98486
21017	50.00000	0.17033	-0.10940	0.16757	-0.04140	0.17033	-0.02799	0.15315	0.64581	54.63493
21037	50.00000	0.13809	-0.16098	0.10929	-0.13562	0.13809	-0.10615	0.19009	1.69045	52.37998
21057	50.00000	0.15421	-0.09973	-0.13720	-0.07507	0.15421	-0.02613	0.24152	2.70441	44.78789
21077	50.00000	0.06879	0.00503	0.06399	-0.05205	0.06879	0.04552	0.10051	3.49134	30.15204
21097	50.00000	0.24769	0.00503	0.26412	0.11719	0.24769	0.14881	0.28306	4.16629	33.83791
21117	50.00000	-0.16169	-0.04977	0.21426	0.05458	-0.16169	-0.15082	0.22149	5.05600	48.87698
21137	50.00000	-0.35832	0.45953	0.42963	0.22039	-0.35832	0.32375	0.41390	6.09297	48.99707
21157	50.00000	0.10425	0.32576	0.38163	0.23582	0.10425	0.43634	0.33388	0.85443	53.28966
21177	50.00000	0.42498	-0.08845	0.39220	0.21744	0.42498	0.14323	0.33044	1.90674	53.28981
21197	50.00000	0.40403	-0.44464	0.46258	0.16650	0.40403	-0.28016	0.46475	2.94064	48.99707
21217	50.00000	-0.03275	-0.25607	0.31625	-0.00506	-0.03275	-0.31459	0.33692	3.95460	48.52021
21237	50.00000	-0.39055	0.46920	0.49839	0.06435	-0.39055	0.31630	0.50808	4.91027	64.07309
21257	50.00000	0.33150	-0.06266	0.26232	0.23503	0.33150	0.11903	0.31790	5.92730	52.63675
21277	50.00000	-0.08755	0.18876	-0.02720	-0.18696	-0.08755	0.16742	0.18635	0.72097	38.03252
21297	50.00000	0.09941	-0.03527	0.06753	-0.07483	0.09941	0.01667	0.11285	1.76254	52.12571
21317	50.00000	0.10586	-0.11102	0.04566	-0.11670	0.10586	-0.06707	0.12046	2.80565	47.59381
21337	50.00000	-0.31802	0.49499	0.31144	0.39321	-0.31802	0.38796	0.45745	3.81961	63.44951
21357	50.00000	0.02527	0.39184	0.27755	-0.37645	0.02527	0.46705	0.41863	4.70779	36.96350
21377	50.00000	0.07846	-0.00625	0.03306	-0.08070	0.07846	0.03808	0.09654	5.75703	53.28981
21397	50.00000	0.10264	-0.11746	0.07478	-0.10379	0.10264	-0.07638	0.12644	0.53689	58.51698
21417	50.00000	-0.07143	-0.05783	0.11216	-0.06472	-0.07143	-0.10802	0.14786	1.58767	48.87669
21437	50.00000	-0.08110	-0.00142	0.03262	-0.08866	-0.08110	-0.04846	0.09249	2.61851	49.36032
21457	50.00000	-0.11011	0.07433	-0.01530	-0.11129	-0.11011	0.02226	0.10696	3.65394	52.76608
21477	50.00000	-0.10205	0.20166	-0.11228	-0.16750	-0.10205	0.17393	0.20167	4.67404	52.25254
21497	50.00000	0.11392	-0.03043	0.06774	-0.09657	0.11392	0.03063	0.13386	5.76317	53.02665
21517	50.00000	0.12198	-0.09329	0.04960	-0.11751	0.12198	-0.03730	0.17359	0.54610	59.16180
21537	50.00000	0.01883	-0.04655	-0.01556	-0.04417	0.01883	-0.04288	0.03987	1.53551	45.22807
21557	50.00000	0.08491	-0.02076	0.07943	-0.03908	0.08491	0.02505	0.07931	2.35159	37.23265
21577	50.00000	-0.03597	0.35477	0.38606	0.05897	-0.03597	0.38889	0.21089	3.10785	37.69005
21597	50.00000	0.14938	-0.46237	0.40950	0.23451	0.14938	-0.44766	0.46231	4.03284	60.75189
21617	50.00000	-0.04887	-0.02882	0.07849	-0.00268	-0.04887	-0.06149	0.04245	5.05140	52.25254
21637	50.00000	-0.10367	0.07594	0.09710	0.04575	-0.10367	0.02784	0.07004	6.13439	52.76608
21657	50.00000	-0.13268	-0.08684	-0.02623	-0.21954	-0.13268	-0.17687	0.22291	0.90045	53.02650
21677	50.00000	-0.11334	0.08239	0.00072	-0.11715	-0.11334	0.02970	0.11603	1.95276	52.76608
21697	50.00000	-0.05048	0.14847	-0.01694	-0.15002	-0.05048	0.14230	0.15714	2.99280	48.99707
21717	50.00000	-0.06498	-0.19321	0.21419	0.16206	-0.06498	-0.26062	0.21052	4.00216	48.99707
21737	50.00000	-0.13751	-0.02882	0.17772	-0.00423	-0.13751	-0.11267	0.16537	5.03452	53.28981
21757	50.00000	-0.02630	0.04693	0.02254	0.04129	-0.02630	0.03901	0.05221	6.12825	52.25254
21777	50.00000	-0.07788	-0.09329	-0.04357	-0.16575	-0.07788	-0.15268	0.16510	0.90812	53.02650
21797	50.00000	-0.07949	0.14364	0.11745	-0.08314	-0.07949	0.11996	0.15484	1.97270	55.84869
21817	50.00000	-0.03597	0.11624	0.03434	-0.11395	-0.03597	0.11345	0.16510	3.02041	52.76608
21837	50.00000	0.04623	0.09851	-0.03543	-0.14353	0.04623	0.14043	0.11778	4.05124	67.34511
21857	50.00000	0.18161	-0.15776	-0.16371	-0.11023	0.18161	-0.07731	0.19926	4.95629	37.50575
21877	50.00000	-0.08432	-0.07395	0.15801	0.01091	-0.08432	-0.13407	0.14850	5.59596	30.07814
21897	50.00000	0.33795	-0.30442	0.34689	0.13534	0.33795	-0.15640	0.32118	0.09050	44.78789
21917	50.00000	0.06557	-0.10779	0.08043	-0.07300	0.06557	-0.08661	0.11492	1.09833	63.29522
21937	50.00000	0.09297	-0.14647	-0.05164	-0.13895	0.09297	-0.11546	0.14786	2.13837	67.84209
21957	50.00000	-0.06498	-0.05299	-0.03179	-0.11382	-0.06498	-0.09871	0.11566	3.17841	49.48339
21977	50.00000	0.67318	-0.16098	0.68219	0.16998	0.67318	0.20278	0.73246	4.15555	49.11775
21997	50.00000	-0.11011	-0.47527	0.57698	0.23274	-0.11011	-0.61236	0.63851	5.12810	49.48221
22017	50.00000	0.12520	-0.23028	-0.07808	-0.21694	0.12520	-0.19362	0.23122	6.12979	52.89486
22037	50.00000	-0.15846	0.13880	0.17187	-0.01722	-0.15846	0.06878	0.19281	0.92652	53.28966
22057	50.00000	-0.08594	0.11140	0.06701	-0.09558	-0.08594	0.07902	0.11949	1.95583	48.51992
22077	50.00000	-0.02308	0.11946	0.01639	-0.12566	-0.02308	0.12462	0.11696	2.99280	67.67582
22097	50.00000	-0.15202	-0.32376	0.38066	0.30211	-0.15202	-0.46162	0.39982	3.99755	48.52021
22117	50.00000	-0.29224	0.30481	0.28824	0.18944	-0.29224	0.18324	0.30312	4.97010	48.52021
22137	50.00000	-0.02791	-0.00625	-0.00407	-0.03615	-0.02791	-0.02334	0.06811	6.02854	52.76608
22157	50.00000	-0.03436	0.12430	0.12418	-0.03247	-0.03436	0.12369	0.15178	0.82682	58.51698
22177	50.00000	0.02044	0.07917	0.06414	-0.08340	0.02044	0.10321	0.11513	1.86532	71.61081
22197	50.00000	0.06557	0.00825	0.01432	-0.07961	0.06557	0.04738	0.08042	2.89616	49.48339
22217	50.00000	-0.16975	0.04693	0.13110	0.11639	-0.16975	-0.04381	0.10756	3.91472	48.99707
22237	50.00000	-0.06176	0.09690	0.07447	0.06385	-0.06176	0.07623	0.13437	4.95169	52.76490
22257	50.00000	-0.07465	-0.00787	0.02794	-0.08669	-0.07465	-0.05218	0.11984	6.05922	56.95490
22277	50.00000	-0.08916	0.05499	-0.00175	-0.08994	-0.08916	0.01202	0.09206	0.81608	37.61800
22297	50.00000	-0.04081	0.15169	0.05119	-0.14841	-0.04081	0.15160	0.16286	1.87759	53.28951
22317	50.00000	0.03817	-0.00948	0.00593	-0.03930	0.03817	0.01109	0.03194	2.84553	56.12083
22337	50.00000	0.03011	0.00180	0.02284	0.02763	0.03011	0.01947	0.04410	3.63707	33.92105
22357	50.00000	-0.21487	0.17265	0.21983	0.05926	-0.21487	0.07530	0.22738	4.36111	37.32324
22377	50.00000	0.29282	0.00019	0.32740	0.08481	0.29282	0.16928	0.23231	5.31831	68.51546
22397	50.00000	0.29604	-0.38984	0.36491	0.18011	0.29604	-0.27923	0.37446	0.08283	52.76608
22417	50.00000	-0.01663	-0.26896	0.31622	0.05277	-0.01663	-0.32018	0.33692	1.12594	52.76608
22437	50.00000	-0.10205	-0.04332	0.14288	-0.04319	-0.10205	-0.10895	0.17414	2.16291	52.76608
22457	50.00000	-0.08594	-0.02398	0.00591	-0.11543	-0.08594	-0.07731	0.10987	3.18454	49.48339
22477	50.00000	0.68608	-0.19160	0.60712	0.36419	0.68608	0.17486	0.68869	4.17243	45.56392
22497	50.00000	-0.46469	0.00180	0.53328	0.04905	-0.46469	-0.26621	0.49938	5.01305	63.91605
22517	50.00000	-0.16813	0.14041	0.17685	-0.03499	-0.16813	0.06506	0.19861	6.06536	52.76608
22537	50.00000	-0.09561	0.06144	0.00584	-0.09671	-0.09561	0.01574	0.09776	0.81454	57.73046
22557	50.00000	0.41370	-0.10779	0.24122	-0.35500	0.41370	0.11438	0.44152	1.74414	38.06415
22577	50.00000	-0.28257	0.06144	0.23810	0.17792	-0.28257	-0.09220	0.21379	2.77344	52.76608
22597	50.00000	-0.44051	0.55946	0.51993	0.27764	-0.44051	0.39168	0.56632	3.79507	48.99648
22617	50.00000	0.68930	-0.17548	0.63743	0.32698	0.68930	0.19534	0.62782	4.74000	49.23903
22637	50.00000	0.14293	-0.10940	0.13963	-0.05340	0.14293	-0.04381	0.16972	5.76930	49.48339
22657	50.00000	0.18000	-0.11746	0.01976	-0.18169	0.18000	-0.03171	0.17933	0.53383	58.51698
22677	50.00000	-0.08594	-0.03043	0.11341	-0.04127	-0.08594	-0.08475	0.13903	1.58460	52.76578
22697	50.00000	-0.08594	0.01631	0.04483	-0.07951	-0.08594	-0.03078	0.10076	2.62004	52.76549
22717	50.00000	0.40242	-0.11424	0.32945	0.25191	0.40242	0.10042	0.30160	3.61559	49.36091
22737	50.00000	0.15743	-0.15614	0.16985	-0.06265	0.15743	-0.08941	0.19507	4.59274	48.87581
22757	50.00000	-0.01824	-0.05783	0.07329	-0.03062	-0.01824	-0.07731	0.05812	5.63124	48.99590
22777	50.00000	0.06718	-0.15131	-0.00262	-0.15160	0.06718	-0.13593	0.14825	0.43718	59.16180
22797	50.00000	-0.09561	-0.00625	0.03093	-0.10990	-0.09561	-0.06242	0.11834	1.47876	53.55559
22817	50.00000	-0.10367	0.09367	0.02612	-0.11134	-0.10367	0.04831	0.11235	2.52647	48.87639
22837	50.00000	-0.05531	0.15975	-0.02844	-0.15974	-0.05531	0.15253	0.16810	3.54963	48.99648
22857	50.00000	0.01721	-0.18516	0.19120	0.07277	0.01721	-0.20386	0.21834	4.57893	67.67582
22877	50.00000	0.17194	-0.13036	0.00902	-0.17918	0.17194	-0.05125	0.17841	5.66806	56.25863
22897	50.00000	0.03333	-0.14003	0.05889	-0.13391	0.03333	-0.14245	0.12435	0.45252	57.73046
22917	50.00000	0.01721	-0.02237	-0.02265	0.00601	0.01721	-0.01589	0.01501	1.43734	45.67668
22937	50.00000	0.08329	-0.06105	0.04254	-0.07503	0.08329	-0.02241	0.09667	2.24882	33.92046
22957	50.00000	0.15099	0.03565	0.19802	-0.00738	0.15099	0.12834	0.20378	3.00353	37.69005
22977	50.00000	-0.11172	0.04532	0.04169	0.10436	-0.11172	-0.01217	0.09009	3.92852	63.91605
