--- Terminal on /dev/ttyUSB0 | 115200 8-N-1
--- Available filters and text transformations: colorize, debug, default, direct, esp32_exception_decoder, hexlify, log2file, nocontrol, printable, send_on_enter, time
--- More details at https://bit.ly/pio-monitor-filters
--- Quit: Ctrl+C | Menu: Ctrl+T | Help: Ctrl+T followed by Ctrl+H
MOT: Init
MOT: Enable driver.
MOT: Align sensor.
MOT: sensor_direction==CW
MOT: PP check: OK!
MOT: Zero elec. angle: 1.68
MOT: Align current sense.
CS: Inv B
MOT: Success: 3
MOT: Ready.
0	0.00000	-0.02956	0.01098	0.02833	0.00950	-0.02956	-0.00439	0.01435	5.47938	0.01581
8377	0.00000	-0.00377	-0.03415	0.01792	-0.03774	-0.00377	-0.04161	0.03696	5.46864	0.00000
8397	0.00000	0.07359	0.01421	-0.08236	0.04582	0.07359	0.05889	0.01410	5.44870	0.00000
8417	0.00000	-0.00055	-0.02609	-0.00512	-0.03001	-0.00055	-0.03044	0.04852	5.41495	0.00000
8437	0.00000	0.01718	-0.07283	-0.05387	-0.05380	0.01718	-0.07417	0.09035	5.37967	0.00000
8457	0.00000	-0.00055	-0.05510	-0.06273	-0.01234	-0.00055	-0.06394	0.07331	5.30297	-3.66106
8477	0.00000	-0.08114	-0.03092	-0.11207	0.02893	-0.08114	-0.08255	0.10015	5.18485	-10.67739
8497	0.00000	0.06553	0.05933	-0.12461	0.00861	0.06553	0.10635	0.27238	4.91794	-14.10561
8517	0.00000	-0.05857	0.19311	-0.18423	0.07261	-0.05857	0.18916	0.20610	4.36571	-43.82815
8537	0.00000	-0.10370	-0.06477	-0.16131	-0.05349	-0.10370	-0.13466	0.11366	3.45759	-43.93275
8557	0.00000	0.11066	-0.02125	-0.11523	0.02270	0.11066	0.03935	0.09956	2.50959	-55.03086
8577	0.00000	0.02363	-0.00836	0.01511	-0.01859	0.02363	0.00399	0.05683	1.56773	-43.00893
8597	0.00000	0.49747	-0.32425	-0.47683	0.16640	0.49747	-0.08720	0.50176	0.75318	-25.14730
8617	0.00000	-0.06341	0.04805	-0.06614	0.00166	-0.06341	0.01888	0.05029	6.17581	-40.27169
8637	0.00000	0.05102	-0.06799	-0.06206	0.03402	0.05102	-0.04905	0.05804	5.23241	-52.17636
8657	0.00000	0.10260	-0.01319	-0.08641	-0.07067	0.10260	0.04400	0.10801	4.31509	-54.39664
8677	0.00000	-0.02634	-0.05993	-0.07175	0.05167	-0.02634	-0.08441	0.08862	3.40851	-42.21977
8697	0.00000	0.04941	-0.03737	-0.05119	-0.00588	0.04941	-0.01462	0.02615	2.47585	-43.82815
8717	0.00000	-0.00055	0.01421	-0.01416	-0.00765	-0.00055	0.01609	0.01308	1.53858	-38.70119
8737	0.00000	-0.07630	-0.11312	-0.18507	-0.04559	-0.07630	-0.17467	0.16623	0.62280	-39.89073
8757	0.00000	0.01557	-0.04059	0.01254	-0.03899	0.01557	-0.03788	0.06756	5.98866	-57.07852
8777	0.00000	-0.20202	-0.19209	-0.32778	-0.21888	-0.20202	-0.33844	0.49372	5.21553	285.39148
8797	0.00000	0.11388	-0.14213	-0.10763	-0.10516	0.11388	-0.09837	0.17701	4.20004	-42.70956
8817	0.00000	-0.05696	0.05450	-0.05024	0.04028	-0.05696	0.03004	0.05954	3.24437	-52.77417
8837	0.00000	-0.04729	-0.01158	-0.06152	-0.01028	-0.04729	-0.04068	0.02355	2.28563	-57.47954
8857	0.00000	0.08487	-0.06638	-0.08556	-0.02543	0.08487	-0.02765	0.08728	1.34837	-42.90868
8877	0.00000	-0.00861	0.07868	-0.04675	-0.07255	-0.00861	0.08588	0.10899	0.45099	-44.99674
8897	0.00000	-0.00055	-0.03576	-0.03892	-0.01471	-0.00055	-0.04161	0.02913	5.80152	-42.70956
8917	0.00000	0.07198	-0.02770	-0.03696	-0.06250	0.07198	0.00957	0.11170	4.88419	-40.27169
8937	0.00000	-0.06663	-0.10506	-0.15433	0.07841	-0.06663	-0.15978	0.12373	3.98835	-39.15043
8957	0.00000	0.06714	-0.00191	-0.06610	0.03840	0.06714	0.03656	0.06231	3.05722	-43.51731
8977	0.00000	-0.04407	0.00776	-0.00617	0.04664	-0.04407	-0.01648	0.04176	2.11076	-56.94608
8997	0.00000	-0.05213	-0.06316	-0.11527	-0.00643	-0.05213	-0.10302	0.12112	1.17043	-54.39664
9017	0.00000	0.03652	-0.03576	-0.01379	-0.03939	0.03652	-0.02020	0.05749	0.27305	-46.95858
9037	0.00000	-0.03440	0.00292	-0.03027	0.02320	-0.03440	-0.01648	0.05525	5.62204	-55.31197
9057	0.00000	-0.05535	-0.08411	-0.06751	-0.12315	-0.05535	-0.12908	0.11662	4.69398	-42.70956
9077	0.00000	-0.04729	0.07545	-0.06423	0.04110	-0.04729	0.05982	0.12051	3.78893	-39.05981
9097	0.00000	-0.07630	-0.06316	-0.13276	-0.04335	-0.07630	-0.11698	0.19904	2.89462	-43.51731
9117	0.00000	0.12516	-0.06477	-0.11792	-0.04202	0.12516	-0.00252	0.13023	1.94816	-56.42244
9137	0.00000	-0.05535	0.03194	-0.05441	0.01128	-0.05535	0.00492	0.04813	1.04157	-40.27169
9157	0.00000	0.02363	-0.03898	-0.03927	-0.00001	0.02363	-0.03137	0.04638	0.12732	-47.56532
9177	0.00000	0.05425	-0.06477	0.04511	-0.05289	0.05425	-0.04347	0.06160	5.49472	-39.60994
9197	0.00000	-0.06663	0.16732	0.08503	-0.14543	-0.06663	0.15474	0.09301	4.57893	-42.80778
9217	0.00000	0.07520	-0.03898	-0.06682	-0.03452	0.07520	-0.00159	0.09492	3.67542	-38.34909
9237	0.00000	-0.02311	0.03032	-0.03051	-0.00854	-0.02311	0.02167	0.10595	2.73049	-43.82815
9257	0.00000	-0.02634	-0.00513	-0.01480	-0.03035	-0.02634	-0.02113	0.02715	1.79629	-42.51201
9277	0.00000	0.05264	0.08190	-0.13559	-0.00081	0.05264	0.12496	0.11090	0.88971	-40.27155
9297	0.00000	-0.07791	0.04644	-0.06730	-0.04019	-0.07791	0.00864	0.10114	6.24790	-47.56530
9317	0.00000	0.06875	-0.05993	-0.07276	-0.01743	0.06875	-0.02951	0.07302	5.33365	-43.82815
9337	0.00000	0.01073	0.06739	-0.06516	-0.05412	0.01073	0.08402	0.09160	4.40252	-42.41324
9357	0.00000	0.20897	-0.23561	-0.25516	0.03836	0.20897	-0.15141	0.22981	3.57418	-54.26834
9377	0.00000	0.02040	-0.00675	-0.00028	-0.02079	0.02040	0.00399	0.05686	2.65685	-56.81371
9397	0.00000	-0.00216	0.00615	0.00341	-0.00522	-0.00216	0.00585	0.02224	1.71959	-43.51731
9417	0.00000	0.13806	-0.04059	-0.14157	0.00962	0.13806	0.03284	0.15197	0.79460	-41.93126
9437	0.00000	-0.06180	0.08996	-0.08692	-0.03021	-0.06180	0.06820	0.07573	6.15740	-44.35620
9457	0.00000	-0.00055	-0.03737	-0.04213	-0.01071	-0.00055	-0.04347	0.02552	5.22781	-42.70956
9477	0.00000	0.08004	-0.00997	-0.06866	-0.05380	0.08004	0.03470	0.13236	4.30742	-39.79678
9497	0.00000	0.17513	0.15281	0.30042	-0.13211	0.17513	0.27756	0.24142	3.41618	67.62347
9517	0.00000	0.10582	-0.11473	-0.06782	-0.10815	0.10582	-0.07138	0.10710	2.52800	-38.79043
9537	0.00000	0.04297	0.03999	0.00214	-0.08295	0.04297	0.07099	0.14957	1.58767	-43.82786
9557	0.00000	0.09293	-0.11634	-0.11692	0.03841	0.09293	-0.08069	0.11344	0.68722	-42.31670
9577	0.00000	0.08648	-0.01319	-0.06083	-0.07058	0.08648	0.03470	0.04360	6.03008	-44.35620
9597	0.00000	-0.04729	0.06095	-0.01729	-0.06158	-0.04729	0.04307	0.07760	5.11429	-38.79043
9617	0.00000	0.15256	-0.06638	-0.15089	0.02517	0.15256	0.01143	0.12933	4.20157	-40.27169
9637	0.00000	-0.09403	0.09157	-0.10493	0.02183	-0.09403	0.05145	0.11838	3.28885	-58.02308
9657	0.00000	-0.08436	0.03999	0.00718	-0.08409	-0.08436	-0.00252	0.08447	2.36080	-43.10965
9677	0.00000	0.04297	0.04161	-0.08399	-0.00989	0.04297	0.07285	0.05695	1.45575	-43.82786
9697	0.00000	-0.10370	0.03999	-0.10160	-0.02486	-0.10370	-0.01369	0.11606	0.53383	-47.56528
9717	0.00000	-0.01022	-0.05993	-0.01828	-0.07355	-0.01022	-0.07511	0.11428	5.88282	-59.14160
9737	0.00000	-0.07308	0.11575	-0.11514	0.02117	-0.07308	0.09146	0.09889	4.97010	-52.89604
9757	0.00000	0.01879	-0.06477	-0.06385	0.01908	0.01879	-0.06394	0.06377	4.06505	-39.88974
9777	0.00000	0.01557	-0.00836	-0.00978	-0.01213	0.01557	-0.00066	0.07341	3.13699	-43.10965
9797	0.00000	0.01073	0.03032	0.01067	-0.04123	0.01073	0.04121	0.04860	2.21200	-43.10965
9817	0.00000	-0.05535	-0.11634	-0.08108	-0.15537	-0.05535	-0.16630	0.11640	1.27781	-43.00865
9837	0.00000	-0.07147	-0.03737	-0.11028	0.00831	-0.07147	-0.08441	0.09293	0.57524	-42.82684
9857	0.00000	0.07198	-0.06799	-0.06260	-0.05125	0.07198	-0.03695	0.07513	5.93804	-42.31573
9877	0.00000	0.01073	0.03355	-0.01531	-0.04359	0.01073	0.04493	0.08690	5.00998	-42.70956
9897	0.00000	0.10099	-0.15341	-0.14624	0.05415	0.10099	-0.11884	0.17151	4.09726	-38.79043
9917	0.00000	0.07359	0.03838	-0.10538	-0.04297	0.07359	0.08681	0.07446	3.17534	-43.93218
9937	0.00000	-0.09081	0.05450	-0.08014	-0.04396	-0.09081	0.01050	0.11320	2.23961	-38.96905
9957	0.00000	0.00912	-0.06316	-0.03655	-0.05766	0.00912	-0.06766	0.06450	1.31002	-40.27169
9977	0.00000	-0.02795	0.02227	-0.02195	0.01977	-0.02795	0.00957	0.03489	0.40190	-42.82684
9997	0.00000	-0.00055	-0.01319	-0.01317	0.00828	-0.00055	-0.01555	0.07089	5.72021	-42.70956
10017	0.00000	0.08487	-0.11473	-0.06079	-0.10235	0.08487	-0.08348	0.13361	4.80136	-42.70956
10037	0.00000	-0.08758	0.03838	-0.07000	0.05300	-0.08758	-0.00625	0.07255	3.87484	-58.43753
10057	0.00000	0.03652	-0.04059	-0.03865	0.02246	0.03652	-0.02579	0.02676	2.95752	-42.80889
10077	0.00000	0.01073	0.04322	-0.05483	0.01597	0.01073	0.05610	0.02234	2.01565	-43.93275
10097	0.00000	-0.14399	0.03194	-0.14825	0.02988	-0.14399	-0.04626	0.07134	1.08146	-53.38668
10117	0.00000	0.05425	-0.11473	-0.09630	-0.06246	0.05425	-0.10116	0.11526	0.15953	-49.08744
10137	0.00000	0.02040	-0.03898	0.03614	-0.01464	0.02040	-0.03323	0.04811	5.50546	-39.79678
10157	0.00000	-0.08920	0.06256	-0.03192	-0.08583	-0.08920	0.02074	0.08905	4.58353	-38.43590
10177	0.00000	0.05264	-0.06477	-0.03192	-0.06101	0.05264	-0.04440	0.06894	3.66928	-38.79043
10197	0.00000	-0.10209	0.04966	-0.08633	0.05451	-0.10209	-0.00159	0.08390	2.73049	-58.02308
10217	0.00000	-0.07952	0.03838	0.00803	-0.07913	-0.07952	-0.00159	0.11038	1.78862	-42.70929
10237	0.00000	0.04297	0.06256	-0.10609	0.00281	0.04297	0.09704	0.11121	0.88511	-40.27169
10257	0.00000	-0.00377	0.05933	0.03974	-0.05325	-0.00377	0.06633	0.05134	6.27398	-44.05690
10277	0.00000	0.10743	-0.10184	-0.09790	-0.07103	0.10743	-0.05556	0.11212	5.36280	-39.51718
10297	0.00000	0.03652	0.03516	-0.00949	-0.07105	0.03652	0.06168	0.11579	4.43781	-39.42485
10317	0.00000	0.27828	-0.19209	-0.27159	0.08604	0.27828	-0.06115	0.27120	3.59565	-35.92471
10337	0.00000	0.06714	-0.06477	0.05762	-0.04985	0.06714	-0.03602	0.11572	2.66452	-45.52870
10357	0.00000	-0.04407	-0.05510	-0.09933	0.00267	-0.04407	-0.08906	0.07179	1.73186	-40.08037
10377	0.00000	0.01396	-0.04543	0.00217	-0.04649	0.01396	-0.04440	0.13279	0.80994	-38.52460
10397	0.00000	-0.03440	-0.02286	-0.05608	0.01334	-0.03440	-0.04626	0.12248	6.27091	-43.60153
10417	0.00000	0.03007	-0.04220	-0.03406	-0.02698	0.03007	-0.03137	0.06907	5.33365	-43.93275
10437	0.00000	0.05102	0.03838	-0.02926	-0.08480	0.05102	0.07378	0.11782	4.40866	-42.70846
10457	0.00000	0.12033	-0.10506	-0.07148	0.10980	0.12033	-0.05184	0.07489	3.50668	-52.89549
10477	0.00000	-0.00216	-0.00836	0.00974	-0.00535	-0.00216	-0.01090	0.04645	2.56788	-43.31196
10497	0.00000	0.12033	-0.02770	0.09049	-0.08773	0.12033	0.03749	0.15951	1.58614	-47.14375
10517	0.00000	0.03007	-0.13407	-0.13670	-0.03326	0.03007	-0.13745	0.09792	0.68569	-53.38682
10537	0.00000	0.05908	0.00131	-0.04973	-0.04782	0.05908	0.03563	0.08782	6.03775	-43.93275
10557	0.00000	-0.03117	0.11736	0.04164	-0.11422	-0.03117	0.11751	0.04767	5.12503	-52.89604
10577	0.00000	0.13322	-0.07927	-0.13352	-0.01156	0.13322	-0.01462	0.14252	4.21231	-53.88707
10597	0.00000	-0.02473	0.02388	-0.02805	0.00122	-0.02473	0.01329	0.04465	3.29959	-43.51731
10617	0.00000	-0.05535	0.03516	0.01765	-0.05316	-0.05535	0.00864	0.07315	2.36080	-42.31683
10637	0.00000	0.02846	0.01421	-0.04309	-0.00562	0.02846	0.03284	0.04206	1.44194	-42.70956
10657	0.00000	-0.08758	0.02388	-0.08604	-0.02822	-0.08758	-0.02300	0.14938	0.54456	-43.37732
10677	0.00000	-0.05051	-0.05026	0.02958	-0.09633	-0.05051	-0.08720	0.17574	5.89816	-44.35620
10697	0.00000	0.00106	0.06578	-0.05979	-0.04785	0.00106	0.07657	0.08890	4.98084	-42.21977
10717	0.00000	0.00751	-0.01319	-0.01060	0.00792	0.00751	-0.01090	0.04866	4.06352	-43.41355
10737	0.00000	-0.00216	0.19794	-0.17433	0.14589	-0.00216	0.22732	0.11351	3.15233	-54.14065
10757	0.00000	-0.13755	0.02227	-0.14346	0.03493	-0.13755	-0.05370	0.13280	2.21660	-55.03086
10777	0.00000	0.05264	-0.10990	-0.10246	-0.03979	0.05264	-0.09651	0.09968	1.28548	-43.10938
10797	0.00000	-0.10048	0.03838	-0.02050	0.09931	-0.10048	-0.01369	0.02605	0.38656	-47.56528
10817	0.00000	-0.00377	0.05450	0.04685	-0.03886	-0.00377	0.06075	0.07561	5.71715	-43.31252
10837	0.00000	0.06714	-0.08411	-0.04880	-0.07437	0.06714	-0.05836	0.12070	4.80289	-53.14036
10857	0.00000	-0.16011	0.06256	-0.15171	0.05503	-0.16011	-0.02020	0.16125	3.90398	-43.10910
10877	0.00000	0.08165	-0.11957	-0.12081	0.01830	0.08165	-0.09092	0.11440	2.97746	-56.42244
10897	0.00000	0.06231	0.00937	-0.06007	-0.04962	0.06231	0.04679	0.05282	2.04173	-43.82815
10917	0.00000	0.11227	-0.17436	-0.17015	0.04784	0.11227	-0.13652	0.15820	1.25633	-49.14341
10937	0.00000	0.10099	0.03516	-0.11291	-0.08504	0.10099	0.09890	0.08775	0.34054	-44.87706
10957	0.00000	-0.03117	0.06256	0.00085	-0.06255	-0.03117	0.05424	0.04195	5.68953	-57.47954
10977	0.00000	0.11711	-0.07444	-0.11849	-0.00295	0.11711	-0.01834	0.10267	4.77068	-54.39664
10997	0.00000	-0.00539	0.03838	-0.02752	-0.03115	-0.00539	0.04121	0.05074	3.86870	-38.61290
11017	0.00000	-0.01506	-0.02286	-0.03118	-0.02204	-0.01506	-0.03509	0.05563	2.93604	-41.55265
11037	0.00000	-0.00055	-0.06799	0.05663	-0.05483	-0.00055	-0.07883	0.10459	1.98957	-43.10965
11057	0.00000	-0.07469	0.03516	-0.07467	0.00298	-0.07469	-0.00252	0.05998	1.06612	-39.51690
11077	0.00000	-0.00377	-0.06154	-0.02633	-0.06845	-0.00377	-0.07324	0.08598	0.17027	-48.82696
11097	0.00000	-0.00539	0.09802	-0.10060	-0.04499	-0.00539	0.11007	0.05765	5.53614	-53.38696
11117	0.00000	-0.08275	0.00454	-0.06928	-0.06210	-0.08275	-0.04254	0.11651	4.60041	-58.02308
11137	0.00000	0.02685	0.08673	-0.09908	0.06541	0.02685	0.11565	0.11247	3.70763	-39.15043
11157	0.00000	-0.01667	-0.02125	-0.01405	0.03532	-0.01667	-0.03416	0.01532	2.76730	-43.51731
11177	0.00000	0.02846	-0.02931	-0.02759	0.01875	0.02846	-0.01741	0.01284	1.81010	-56.81426
11197	0.00000	0.03652	0.04966	-0.08648	-0.00227	0.03652	0.07843	0.11348	0.88664	-40.17566
11217	0.00000	-0.12465	-0.20499	-0.19051	0.27298	-0.12465	-0.30867	0.08972	6.22336	-47.07869
11237	0.00000	-0.02956	-0.09700	-0.05574	-0.12011	-0.02956	-0.12908	0.09766	5.28763	-39.51718
11257	0.00000	-0.01183	0.03032	-0.02994	0.00615	-0.01183	0.02818	0.04105	4.36878	-38.79043
11277	0.00000	-0.07791	-0.14374	-0.22485	0.00360	-0.07791	-0.21096	0.17716	3.45606	-43.93275
11297	0.00000	0.09454	-0.04220	-0.08702	-0.03742	0.09454	0.00585	0.08127	2.53414	-42.70956
11317	0.00000	0.00106	0.01421	-0.00483	-0.01635	0.00106	0.01702	0.04377	1.60454	-43.51731
11337	0.00000	0.20575	-0.16953	-0.18457	0.11913	0.20575	-0.07697	0.17529	0.69950	-53.38682
11357	0.00000	0.07681	0.00292	-0.04583	-0.07796	0.07681	0.04772	0.11811	6.06229	-43.10965
11377	0.00000	-0.02634	-0.04704	-0.06754	0.03106	-0.02634	-0.06952	0.01175	5.14037	-57.21157
11397	0.00000	0.09776	-0.11151	-0.08906	-0.08278	0.09776	-0.07231	0.13399	4.21845	-39.15043
11417	0.00000	-0.01667	0.01743	-0.01969	-0.00050	-0.01667	0.01050	0.05820	3.30573	-58.02308
11437	0.00000	-0.00216	-0.02931	-0.03346	-0.01078	-0.00216	-0.03509	0.05762	2.37000	-42.70956
11457	0.00000	-0.00377	-0.03092	0.02942	-0.02416	-0.00377	-0.03788	0.04361	1.41893	-54.14065
11477	0.00000	-0.14399	0.01743	-0.15624	0.01706	-0.14399	-0.06301	0.11996	0.52155	-46.95858
11497	0.00000	-0.05213	-0.07283	-0.01495	-0.12462	-0.05213	-0.11419	0.10266	5.86748	-44.78789
11517	0.00000	-0.14722	0.12703	-0.15668	0.03050	-0.14722	0.06168	0.11655	5.02992	-29.01154
11537	0.00000	0.07520	-0.06638	-0.08221	-0.00041	0.07520	-0.03323	0.08850	4.17089	-40.17580
11557	0.00000	-0.04084	0.06417	-0.06260	0.01735	-0.04084	0.05052	0.04147	3.23977	-42.12316
11577	0.00000	0.01073	0.00776	0.01857	0.00010	0.01073	0.01516	0.07223	2.29023	-42.31683
11597	0.00000	0.05586	-0.08088	-0.05111	-0.06517	0.05586	-0.06115	0.08389	1.35604	-39.05981
11617	0.00000	-0.13110	0.03999	-0.10035	0.08937	-0.13110	-0.02951	0.07338	0.45406	-48.95681
11637	0.00000	0.02524	-0.05993	-0.06010	-0.00304	0.02524	-0.05463	0.04334	5.81992	-43.21085
11657	0.00000	0.12033	-0.05349	-0.04490	-0.11191	0.12033	0.00771	0.12730	4.89647	-40.17580
11677	0.00000	-0.04407	-0.09861	-0.12643	0.07324	-0.04407	-0.13931	0.16771	3.99142	-53.63584
11697	0.00000	0.07842	-0.01803	-0.07677	0.02922	0.07842	0.02446	0.05718	3.05876	-57.47954
11717	0.00000	-0.03117	0.04966	-0.04939	0.00902	-0.03117	0.03935	0.02038	2.10616	-42.51229
11737	0.00000	-0.08920	-0.08894	-0.17197	-0.04641	-0.08920	-0.15420	0.06791	1.18577	-43.93275
11757	0.00000	0.04941	0.11413	-0.14646	0.08181	0.04941	0.16032	0.05673	0.28379	-47.32072
11777	0.00000	-0.07469	0.01743	-0.07283	0.02832	-0.07469	-0.02300	0.05836	5.63278	-54.39664
11797	0.00000	-0.07630	-0.01319	0.01496	-0.09545	-0.07630	-0.05929	0.14033	4.71086	-43.51731
11817	0.00000	-0.05213	0.10607	-0.10470	0.01699	-0.05213	0.09239	0.10635	3.81194	-39.05981
11837	0.00000	-0.02473	-0.04059	-0.06539	0.00862	-0.02473	-0.06115	0.05796	2.87008	-43.51731
11857	0.00000	0.09938	-0.04704	-0.09926	-0.00548	0.09938	0.00306	0.05481	1.93128	-53.88707
11877	0.00000	-0.04246	0.08029	-0.07635	-0.02496	-0.04246	0.06820	0.10779	1.00322	-43.51731
11897	0.00000	-0.02311	-0.03898	-0.04990	-0.03807	-0.02311	-0.05836	0.03054	0.08897	-47.56532
11917	0.00000	0.02685	-0.01319	-0.01410	-0.02285	0.02685	0.00027	0.04853	5.43950	-43.82815
11937	0.00000	0.19608	-0.33070	-0.32577	0.06689	0.19608	-0.26866	0.33374	4.69245	-32.03217
11957	0.00000	-0.09725	0.12703	-0.12051	0.05595	-0.09725	0.09053	0.13093	3.81501	-52.89604
11977	0.00000	-0.04246	-0.03576	-0.07798	-0.00714	-0.04246	-0.06580	0.05540	2.87315	-43.93275
11997	0.00000	0.05908	-0.01803	-0.06013	0.00716	0.05908	0.01330	0.07894	1.92668	-43.00893
12017	0.00000	0.00106	0.06417	-0.04421	-0.06023	0.00106	0.07471	0.08086	1.00629	-39.42485
12037	0.00000	-0.01828	-0.03576	-0.04385	-0.03315	-0.01828	-0.05184	0.05265	0.09204	-48.06204
12057	0.00000	0.05102	0.02549	-0.07430	-0.02346	0.05102	0.05889	0.05337	5.45330	-43.41467
12077	0.00000	-0.04084	0.07545	-0.01193	-0.07459	-0.04084	0.06354	0.09211	4.53138	-42.51229
12097	0.00000	0.18480	-0.06638	-0.18081	0.04856	0.18480	0.03004	0.12112	3.63093	-40.27169
12117	0.00000	-0.02150	-0.00191	0.00683	0.02509	-0.02150	-0.01462	0.07742	2.66299	-57.47898
12137	0.00000	-0.07952	-0.00836	-0.07662	-0.05950	-0.07952	-0.05556	0.05574	1.75027	-44.03756
12157	0.00000	0.05747	-0.06477	-0.01792	-0.06865	0.05747	-0.04161	0.05798	0.84522	-38.70132
12177	0.00000	-0.03762	0.00776	-0.03748	0.01316	-0.03762	-0.01276	0.04423	6.20802	-48.44150
12197	0.00000	0.00106	-0.07927	-0.05656	-0.07120	0.00106	-0.09092	0.10898	5.29223	-50.77020
12217	0.00000	0.01879	0.06256	-0.06585	-0.05404	0.01879	0.08308	0.08400	4.39946	-52.89494
12237	0.00000	-0.01828	-0.06638	-0.08613	-0.02280	-0.01828	-0.08720	0.07317	3.49594	-39.15043
12257	0.00000	-0.00055	0.15604	-0.11831	0.13546	-0.00055	0.17986	0.05779	2.55561	-57.34524
12277	0.00000	0.03007	0.02871	0.01861	-0.05576	0.03007	0.05052	0.06451	1.62142	-58.43724
12297	0.00000	0.04780	0.03032	0.01393	0.07753	0.04780	0.06261	0.11568	0.71023	-42.70943
12317	0.00000	0.09938	-0.01480	-0.03783	-0.10033	0.09938	0.04028	0.16932	6.06383	-43.00893
12337	0.00000	-0.02150	-0.04865	-0.06741	0.02494	-0.02150	-0.06859	0.03934	5.14651	-39.89087
12357	0.00000	-0.22941	0.26886	-0.28398	0.06050	-0.22941	0.17800	0.32704	4.26600	-31.81075
12377	0.00000	0.14450	-0.14052	-0.13609	0.09258	0.14450	-0.07883	0.15613	3.53276	-42.31683
12397	0.00000	-0.13110	0.32688	-0.19429	0.26549	-0.13110	0.30176	0.22756	2.58629	-164.86757
12417	0.00000	-0.05213	-0.15341	-0.21345	-0.01003	-0.05213	-0.20724	0.25400	1.77328	-36.43670
12437	0.00000	0.10099	0.06095	-0.14669	-0.07237	0.10099	0.12868	0.05276	0.91118	-39.89073
12457	0.00000	-0.02956	0.02388	-0.01725	-0.02620	-0.02956	0.01050	0.03686	6.26938	-63.42040
12477	0.00000	0.05747	-0.05349	-0.06010	-0.02253	0.05747	-0.02858	0.06631	5.33825	-39.89087
12497	0.00000	0.00106	0.05289	-0.04844	-0.03819	0.00106	0.06168	0.08241	4.41019	-39.05870
12517	0.00000	-0.00861	-0.05026	-0.06226	-0.01293	-0.00861	-0.06301	0.06443	3.49748	-39.15043
12537	0.00000	-0.00216	-0.06316	0.04873	-0.05597	-0.00216	-0.07417	0.11454	2.55254	-42.70956
12557	0.00000	-0.00861	-0.02770	0.00074	0.03794	-0.00861	-0.03695	0.09910	1.61221	-43.93246
12577	0.00000	0.19769	-0.18565	-0.20315	0.08861	0.19769	-0.10023	0.17529	0.70563	-52.89590
12597	0.00000	0.04297	-0.05510	0.04858	-0.03150	0.04297	-0.03881	0.06030	6.08530	-42.61070
12617	0.00000	-0.05051	-0.03253	-0.08346	-0.00620	-0.05051	-0.06673	0.05010	5.15418	-42.41434
12637	0.00000	0.05264	-0.06477	-0.03730	-0.05788	0.05264	-0.04440	0.09523	4.23532	-39.05870
12657	0.00000	-0.05696	0.03032	-0.05176	0.02387	-0.05696	0.00213	0.12034	3.31033	-55.98486
12677	0.00000	0.05102	-0.05671	-0.05419	0.03105	0.05102	-0.03602	0.04365	2.38687	-42.61070
12697	0.00000	0.02846	-0.04704	0.01813	-0.04377	0.02846	-0.03788	0.05637	1.44501	-42.90840
12717	0.00000	-0.13271	0.03999	-0.13502	-0.01749	-0.13271	-0.03044	0.12943	0.52769	-47.56528
12737	0.00000	-0.02473	-0.06638	-0.01538	-0.09295	-0.02473	-0.09092	0.05968	5.87821	-44.35620
12757	0.00000	-0.05213	0.05933	-0.05753	0.02973	-0.05213	0.03842	0.05965	4.96243	-42.31683
12777	0.00000	-0.02795	-0.02770	-0.05188	-0.02011	-0.02795	-0.04812	0.05656	4.05124	-40.27169
12797	0.00000	-0.00539	-0.01319	0.01516	-0.01164	-0.00539	-0.01834	0.05781	3.11705	-59.94884
12817	0.00000	-0.04407	-0.01319	-0.02713	0.05348	-0.04407	-0.04068	0.03177	2.17212	-54.91594
12837	0.00000	0.03974	-0.03092	-0.02606	0.03261	0.03974	-0.01276	0.01279	1.23946	-42.70929
12857	0.00000	0.05102	-0.01319	-0.01840	-0.04967	0.05102	0.01423	0.07295	0.34975	-49.08744
12877	0.00000	-0.01667	-0.00513	-0.02271	-0.00201	-0.01667	-0.01555	0.03327	5.71101	-54.39664
12897	0.00000	0.06875	-0.14213	-0.04853	-0.13360	0.06875	-0.12442	0.12593	4.79216	-56.94608
12917	0.00000	-0.15528	0.03838	-0.13279	0.09236	-0.15528	-0.04533	0.14985	3.89938	-54.39607
12937	0.00000	0.02201	-0.06154	-0.06164	-0.00951	0.02201	-0.05836	0.04836	2.96365	-42.70956
12957	0.00000	0.01718	-0.01803	0.00189	-0.02026	0.01718	-0.01090	0.08806	2.01718	-43.41467
12977	0.00000	-0.14077	0.06256	-0.13472	-0.04181	-0.14077	-0.00904	0.08525	1.09986	-42.70956
12997	0.00000	0.06875	-0.05510	-0.07154	-0.01347	0.06875	-0.02393	0.05784	0.19175	-48.18794
13017	0.00000	-0.00055	-0.00352	0.00389	0.00209	-0.00055	-0.00439	0.00448	5.52386	-39.51718
13037	0.00000	-0.07791	0.04322	-0.03424	-0.07016	-0.07791	0.00492	0.11320	4.58814	-43.93275
13057	0.00000	0.06714	0.00776	-0.08237	-0.00052	0.06714	0.04772	0.05700	3.69383	-39.15043
13077	0.00000	-0.03440	-0.00997	-0.02836	0.03692	-0.03440	-0.03137	0.01140	2.76577	-58.57700
13097	0.00000	0.04941	-0.05026	-0.05033	0.02791	0.04941	-0.02951	0.07493	1.82237	-42.70929
13117	0.00000	0.05425	0.04805	-0.09826	-0.02868	0.05425	0.08681	0.15922	0.90505	-53.88679
13137	0.00000	-0.01506	-0.05349	-0.06560	0.02978	-0.01506	-0.07045	0.04297	0.00767	-48.56931
13157	0.00000	0.10260	-0.09539	-0.08917	-0.07188	0.10260	-0.05091	0.12507	5.36740	-42.70956
13177	0.00000	-0.07791	0.02871	-0.06277	0.04764	-0.07791	-0.01183	0.02370	4.45468	-50.77020
13197	0.00000	0.14289	-0.16469	-0.16475	0.06974	0.14289	-0.10767	0.17635	3.54350	-56.16422
13217	0.00000	0.04297	0.04161	-0.08377	-0.01169	0.04297	0.07285	0.02513	2.59703	-43.82815
13237	0.00000	-0.07952	0.06095	-0.07210	-0.04151	-0.07952	0.02446	0.08904	1.65363	-42.70929
13257	0.00000	-0.04890	0.19311	-0.19742	0.03656	-0.04890	0.19475	0.20701	0.93726	-35.59130
13277	0.00000	0.00106	0.00937	0.01100	-0.00329	0.00106	0.01143	0.03618	0.03375	-45.48194
13297	0.00000	0.08809	-0.11795	-0.06051	-0.10668	0.08809	-0.08534	0.11511	5.37353	-39.51718
13317	0.00000	-0.05213	0.03032	-0.04911	0.01814	-0.05213	0.00492	0.03968	4.45775	-54.91594
13337	0.00000	0.09938	-0.17275	-0.17337	-0.00270	0.09938	-0.14210	0.13360	3.54656	-38.79043
13357	0.00000	0.07520	-0.05349	0.01018	-0.07673	0.07520	-0.01834	0.08615	2.62157	-43.82815
13377	50.00000	0.02201	-0.09539	-0.09988	-0.00110	0.02201	-0.09744	0.07623	2.46664	3.73232
13397	50.00000	-0.01667	-0.01480	-0.01807	-0.02579	-0.01667	-0.02672	0.02008	2.47585	0.00000
13417	50.00000	-0.00216	-0.01319	-0.01306	-0.01029	-0.00216	-0.01648	0.01260	2.48812	0.00000
13437	50.00000	-0.00216	-0.01642	-0.01517	-0.01352	-0.00216	-0.02020	0.01447	2.49425	3.58408
13457	50.00000	0.00751	0.01098	0.00947	0.01601	0.00751	0.01702	0.03020	2.49425	0.00000
13477	50.00000	-0.00055	-0.01319	-0.01279	-0.00886	-0.00055	-0.01555	0.02077	2.49118	3.59247
13497	50.00000	-0.00377	0.01904	0.01801	0.00907	-0.00377	0.01981	0.00593	2.49732	0.00000
13517	50.00000	-0.00861	0.00454	0.00568	-0.00648	-0.00861	0.00027	0.00648	2.50039	0.00000
13537	50.00000	-0.00861	-0.00191	-0.00007	-0.01121	-0.00861	-0.00718	0.01969	2.50039	0.00000
13557	50.00000	-0.00055	-0.05349	-0.04889	-0.03825	-0.00055	-0.06208	0.01518	2.49732	0.00000
13577	50.00000	-0.00377	-0.00836	-0.00691	-0.01032	-0.00377	-0.01183	0.01013	2.49885	0.00000
13597	50.00000	-0.01828	0.10124	0.09372	0.05348	-0.01828	0.10635	0.01969	2.50039	0.00000
13617	50.00000	-0.00216	-0.00836	-0.00704	-0.00860	-0.00216	-0.01090	0.01709	2.50039	0.00000
13637	50.00000	-0.00055	0.09479	0.08799	0.06457	-0.00055	0.10914	0.01504	2.49732	0.00000
13657	50.00000	-0.17784	0.24468	0.25041	-0.03570	-0.17784	0.17986	0.23154	2.49118	0.00000
13677	50.00000	0.02363	0.01582	0.00034	0.03970	0.02363	0.03191	0.27990	2.52186	0.00000
13697	50.00000	-0.10370	-0.00997	0.03171	-0.12183	-0.10370	-0.07138	0.00967	2.51573	0.00000
13717	50.00000	0.00751	0.02065	0.01232	0.02643	0.00751	0.02818	0.02230	2.51726	0.00000
13737	50.00000	0.04458	0.01582	-0.00596	0.06235	0.04458	0.04400	0.01219	2.51726	0.00000
13757	50.00000	-0.00055	0.00776	0.00597	0.00628	-0.00055	0.00864	0.01505	2.51726	0.00000
13777	50.00000	-0.00539	0.00776	0.00791	0.00077	-0.00539	0.00585	0.02230	2.51419	0.00000
13797	50.00000	0.00912	0.00615	0.00119	0.01532	0.00912	0.01236	0.01435	2.51573	0.00000
13817	50.00000	-0.00055	-0.01319	-0.00976	-0.01212	-0.00055	-0.01555	0.05453	2.51573	0.00000
13837	50.00000	-0.01667	0.02065	0.02191	-0.00015	-0.01667	0.01423	0.01284	2.51573	0.00000
13857	50.00000	-0.00861	-0.00836	-0.00306	-0.01669	-0.00861	-0.01462	0.01362	2.51573	0.00000
13877	50.00000	-0.03762	0.00776	0.01952	-0.03460	-0.03762	-0.01276	0.15646	2.51419	0.00000
13897	50.00000	-0.02150	0.00937	0.01522	-0.01527	-0.02150	-0.00159	0.01504	2.51419	0.00000
13917	50.00000	-0.00055	-0.01319	-0.00976	-0.01212	-0.00055	-0.01555	0.13571	2.51573	0.00000
13937	50.00000	-0.00055	-0.02447	-0.01865	-0.02166	-0.00055	-0.02858	0.01305	2.51419	0.00000
13957	50.00000	-0.17623	0.16571	0.19015	-0.05401	-0.17623	0.08960	0.23297	2.50959	-3.55089
13977	50.00000	-0.01506	-0.01480	-0.00098	-0.02984	-0.01506	-0.02579	0.05117	2.52647	0.00000
13997	50.00000	-0.00216	0.02871	0.02010	0.02487	-0.00216	0.03191	0.02335	2.52493	0.00000
14017	50.00000	0.01073	0.00292	-0.00352	0.01394	0.01073	0.00957	0.00587	2.52647	0.00000
14037	50.00000	-0.13755	-0.00997	0.06292	-0.15240	-0.13755	-0.09092	0.01852	2.52647	3.55089
14057	50.00000	-0.02311	0.02388	0.02709	-0.00164	-0.02311	0.01423	0.02628	2.52493	0.00000
14077	50.00000	-0.00216	0.00776	0.00629	0.00496	-0.00216	0.00771	0.03720	2.52340	0.00000
14097	50.00000	-0.00539	-0.01158	-0.00506	-0.01658	-0.00539	-0.01648	0.01308	2.52493	0.00000
14117	50.00000	-0.04084	0.00937	0.02493	-0.03477	-0.04084	-0.01276	0.11636	2.52186	0.00000
14137	50.00000	-0.01828	0.01259	0.01725	-0.00724	-0.01828	0.00399	0.01504	2.52493	0.00000
14157	50.00000	-0.05374	0.00292	0.02718	-0.05397	-0.05374	-0.02765	0.11555	2.52340	0.00000
14177	50.00000	-0.00861	0.01259	0.01259	0.00268	-0.00861	0.00957	0.02628	2.52340	0.00000
14197	50.00000	-0.01183	0.01098	0.01301	-0.00223	-0.01183	0.00585	0.02230	2.52340	0.00000
14217	50.00000	-0.00861	0.02710	0.02324	0.01506	-0.00861	0.02632	0.02791	2.52493	0.00000
14237	50.00000	0.00590	-0.01480	-0.01199	-0.00886	0.00590	-0.01369	0.04105	2.53720	0.00000
14257	50.00000	-0.01506	0.20439	0.12427	0.19092	-0.01506	0.22732	0.02230	2.53414	0.00000
14277	50.00000	0.00106	-0.00997	-0.00625	-0.00899	0.00106	-0.01090	0.00752	2.53414	0.00000
14297	50.00000	-0.00055	0.00776	0.00471	0.00727	-0.00055	0.00864	0.02312	2.53414	0.00000
14317	50.00000	-0.00055	0.18666	0.08620	0.19719	-0.00055	0.21522	0.03337	2.54181	3.55913
14337	50.00000	-0.08597	-0.00997	0.04348	-0.09611	-0.08597	-0.06115	0.02096	2.53260	0.00000
14357	50.00000	0.00428	-0.01158	-0.00907	-0.00741	0.00428	-0.01090	0.02761	2.53414	0.00000
14377	50.00000	-0.00700	0.00776	0.00852	0.00073	-0.00700	0.00492	0.01908	2.53260	0.00000
14397	50.00000	0.00106	-0.00030	-0.00079	0.00075	0.00106	0.00027	0.01093	2.53260	0.00000
14417	50.00000	-0.01828	0.01098	0.01686	-0.00736	-0.01828	0.00213	0.01544	2.53260	0.00000
14437	50.00000	-0.04084	0.01582	0.03303	-0.02461	-0.04084	-0.00532	0.16473	2.53414	0.00000
14457	50.00000	-0.02473	0.00454	0.01681	-0.02026	-0.02473	-0.00904	0.01362	2.53260	0.00000
14477	50.00000	0.06231	-0.01319	-0.04421	0.04855	0.06231	0.02074	0.21045	2.53414	3.58408
14497	50.00000	-0.00055	0.01421	0.00591	0.01497	-0.00055	0.01609	0.03939	2.54794	0.00000
14517	50.00000	-0.00377	-0.02770	-0.01014	-0.03284	-0.00377	-0.03416	0.02008	2.54334	0.00000
14537	50.00000	-0.05213	0.01098	0.05479	0.00428	-0.05213	-0.01741	0.26269	2.54181	173.99313
14557	50.00000	-0.04729	0.00131	0.02630	-0.04700	-0.04729	-0.02579	0.01988	2.60777	0.00000
14577	50.00000	-0.01022	0.02065	0.01587	0.01321	-0.01022	0.01795	0.25333	2.54641	0.00000
14597	50.00000	0.02201	-0.01158	-0.01986	0.00952	0.02201	-0.00066	0.02712	2.53720	0.00000
14617	50.00000	0.00912	-0.00191	-0.00670	0.00690	0.00912	0.00306	0.00266	2.53720	0.00000
14637	50.00000	-0.01667	0.02710	0.02475	0.01160	-0.01667	0.02167	0.08171	2.53720	0.00000
14657	50.00000	-0.01022	-0.01319	-0.00062	-0.02347	-0.01022	-0.02113	0.01398	2.53720	0.00000
14677	50.00000	-0.00377	0.01098	0.00817	0.00760	-0.00377	0.01050	0.01219	2.53720	0.00000
14697	50.00000	-0.01506	0.08029	0.05080	0.06858	-0.01506	0.08402	0.01727	2.53874	0.00000
14717	50.00000	-0.00055	-0.01319	-0.00665	-0.01407	-0.00055	-0.01555	0.00696	2.53720	0.00000
14737	50.00000	-0.00700	0.16893	0.09110	0.16803	-0.00700	0.19103	0.03581	2.53720	0.00000
14757	50.00000	0.00428	-0.01319	-0.00966	-0.00937	0.00428	-0.01276	0.00873	2.53720	0.00000
14777	50.00000	0.00912	0.00615	-0.00242	0.01517	0.00912	0.01236	0.07206	2.53720	0.00000
14797	50.00000	0.00912	-0.01158	-0.01182	-0.00301	0.00912	-0.00811	0.03709	2.53720	0.00000
14817	50.00000	0.01718	-0.01319	-0.01775	0.00287	0.01718	-0.00532	0.02625	2.53874	0.00000
14837	50.00000	-0.00861	0.02710	0.01973	0.01943	-0.00861	0.02632	0.00266	2.53720	0.00000
14857	50.00000	-0.00861	-0.01319	-0.00163	-0.02190	-0.00861	-0.02020	0.01650	2.53720	0.00000
14877	50.00000	-0.00700	0.01098	0.01018	0.00446	-0.00700	0.00864	0.00648	2.53720	0.00000
14897	50.00000	-0.01183	0.01421	0.01491	0.00307	-0.01183	0.00957	0.02230	2.53720	0.00000
14917	50.00000	0.00428	0.01098	0.00341	0.01538	0.00428	0.01516	0.01128	2.53567	0.00000
14937	50.00000	0.00751	0.01259	0.00200	0.02022	0.00751	0.01888	0.02413	2.53720	0.00000
14957	50.00000	-0.00377	0.00454	0.00476	0.00098	-0.00377	0.00306	0.02437	2.53720	0.00000
14977	50.00000	-0.00055	0.01743	0.00958	0.01734	-0.00055	0.01981	0.01330	2.53567	3.55913
14997	50.00000	0.00428	0.01098	0.00237	0.01557	0.00428	0.01516	0.19802	2.54181	0.00000
15017	50.00000	-0.00377	0.01098	0.00817	0.00760	-0.00377	0.01050	0.01447	2.53720	0.00000
15037	50.00000	0.00751	0.00615	-0.00119	0.01363	0.00751	0.01143	0.00731	2.53567	0.00000
15057	50.00000	-0.00055	-0.01158	-0.00601	-0.01231	-0.00055	-0.01369	0.00914	2.53567	0.00000
15077	50.00000	0.00106	0.00615	0.00272	0.00729	0.00106	0.00771	0.01440	2.53567	0.00000
15097	50.00000	-0.00055	0.01098	0.00635	0.01063	-0.00055	0.01236	0.01398	2.53567	0.00000
15117	50.00000	-0.05696	0.00454	0.03790	-0.05071	-0.05696	-0.02765	0.22216	2.53720	0.00000
15137	50.00000	-0.01828	0.00131	0.01153	-0.01682	-0.01828	-0.00904	0.04085	2.53414	0.00000
15157	50.00000	-0.00055	-0.00836	-0.00424	-0.00904	-0.00055	-0.00997	0.00873	2.53414	0.00000
15177	50.00000	-0.00055	-0.01642	-0.00865	-0.01723	-0.00055	-0.01927	0.15391	2.53414	0.00000
15197	50.00000	0.00428	0.00292	-0.00100	0.00718	0.00428	0.00585	0.00245	2.53567	0.00000
15217	50.00000	0.00912	-0.01319	-0.01276	-0.00445	0.00912	-0.00997	0.00645	2.53567	0.00000
15237	50.00000	0.00912	-0.01158	-0.01187	-0.00281	0.00912	-0.00811	0.01706	2.53567	0.00000
15257	50.00000	-0.00377	0.00776	0.00654	0.00418	-0.00377	0.00678	0.01414	2.53567	0.00000
15277	50.00000	-0.01506	-0.01319	0.00191	-0.02820	-0.01506	-0.02393	0.12546	2.53567	0.00000
15297	50.00000	-0.00861	0.01582	0.01375	0.00786	-0.00861	0.01330	0.01748	2.53720	0.00000
15317	50.00000	-0.01022	0.01098	0.01221	0.00112	-0.01022	0.00678	0.02220	2.53567	0.00000
15337	50.00000	0.00912	0.01421	0.00224	0.02340	0.00912	0.02167	0.01279	2.53567	0.00000
15357	50.00000	0.00428	-0.01319	-0.00982	-0.00920	0.00428	-0.01276	0.07265	2.53567	0.00000
15377	50.00000	0.06069	0.02710	-0.02199	0.08718	0.06069	0.06633	0.00710	2.53567	0.00000
15397	50.00000	-0.00055	-0.01158	-0.00601	-0.01231	-0.00055	-0.01369	0.04423	2.53567	0.00000
15417	50.00000	-0.01506	0.01904	0.01956	0.00457	-0.01506	0.01330	0.02084	2.53567	0.00000
15437	50.00000	0.01396	-0.01480	-0.01657	-0.00134	0.01396	-0.00904	0.01415	2.53567	0.00000
15457	50.00000	-0.00700	-0.01319	-0.00298	-0.02029	-0.00700	-0.01927	0.00754	2.53567	0.00000
15477	50.00000	0.04780	0.00937	-0.02387	0.05649	0.04780	0.03842	0.01219	2.53567	0.00000
15497	50.00000	-0.05535	0.06256	0.06836	0.00348	-0.05535	0.04028	0.05805	2.53107	0.00000
15517	50.00000	0.00751	0.01904	0.00451	0.02700	0.00751	0.02632	0.02285	2.53874	0.00000
15537	50.00000	-0.00700	0.01904	0.01446	0.01273	-0.00700	0.01795	0.01504	2.53874	-3.55913
15557	50.00000	-0.00700	0.00937	0.00933	0.00281	-0.00700	0.00678	0.04207	2.53720	0.00000
15577	50.00000	-0.00216	-0.00836	-0.00308	-0.01067	-0.00216	-0.01090	0.02905	2.53720	0.00000
15597	50.00000	-0.02956	0.00454	0.02083	-0.02408	-0.02956	-0.01183	0.15204	2.53720	0.00000
15617	50.00000	-0.01989	0.00776	0.01651	-0.01137	-0.01989	-0.00252	0.07800	2.53720	0.00000
15637	50.00000	0.00428	0.00937	0.00230	0.01378	0.00428	0.01330	0.05933	2.53720	0.00000
15657	50.00000	-0.02473	0.01259	0.02209	-0.01112	-0.02473	0.00027	0.02849	2.53720	0.00000
15677	50.00000	-0.00055	-0.01642	-0.00836	-0.01737	-0.00055	-0.01927	0.02742	2.53720	0.00000
15697	50.00000	0.00106	-0.01158	-0.00680	-0.01085	0.00106	-0.01276	0.01440	2.53720	0.00000
15717	50.00000	0.00106	0.01098	0.00537	0.01221	0.00106	0.01330	0.02074	2.53720	0.00000
15737	50.00000	-0.00377	0.00615	0.00561	0.00264	-0.00377	0.00492	0.01414	2.53720	0.00000
15757	50.00000	-0.06663	-0.01480	0.03368	-0.07995	-0.06663	-0.05556	0.00088	2.53720	0.00000
15777	50.00000	0.00428	-0.00513	-0.00539	-0.00110	0.00428	-0.00345	0.03486	2.53720	0.00000
15797	50.00000	-0.01183	0.00937	0.01231	-0.00210	-0.01183	0.00399	0.21656	2.53567	0.00000
15817	50.00000	-0.00216	-0.02286	-0.01077	-0.02555	-0.00216	-0.02765	0.02218	2.53720	0.00000
15837	50.00000	-0.01183	-0.01480	-0.00047	-0.02669	-0.01183	-0.02393	0.01528	2.53720	0.00000
15857	50.00000	-0.00055	0.00937	0.00531	0.00908	-0.00055	0.01050	0.01564	2.53720	0.00000
15877	50.00000	-0.00055	-0.01158	-0.00580	-0.01241	-0.00055	-0.01369	0.01175	2.53720	0.00000
15897	50.00000	-0.01506	-0.01480	0.00052	-0.02985	-0.01506	-0.02579	0.00873	2.53567	0.00000
15917	50.00000	0.05102	-0.00513	-0.03452	0.04433	0.05102	0.02353	0.10500	2.53720	0.00000
15937	50.00000	0.00912	0.01098	0.00014	0.02013	0.00912	0.01795	0.00511	2.53720	0.00000
15957	50.00000	-0.01506	0.00776	0.01350	-0.00667	-0.01506	0.00027	0.01219	2.53720	0.00000
15977	50.00000	-0.00377	-0.01480	-0.00581	-0.01876	-0.00377	-0.01927	0.00611	2.53567	0.00000
15997	50.00000	-0.00216	-0.00352	-0.00052	-0.00571	-0.00216	-0.00532	0.00266	2.53720	-3.54269
16017	50.00000	-0.00055	-0.00191	-0.00071	-0.00248	-0.00055	-0.00252	0.02861	2.53720	0.00000
16037	50.00000	0.00428	-0.02286	-0.01512	-0.01903	0.00428	-0.02393	0.02971	2.53567	0.00000
16057	50.00000	-0.00055	-0.01319	-0.00712	-0.01383	-0.00055	-0.01555	0.07931	2.53414	0.00000
16077	50.00000	-0.00216	-0.00513	-0.00162	-0.00732	-0.00216	-0.00718	0.02772	2.53567	0.00000
16097	50.00000	-0.01667	0.00937	0.01512	-0.00710	-0.01667	0.00120	0.01736	2.53414	0.00000
16117	50.00000	-0.01506	0.02065	0.02044	0.00621	-0.01506	0.01516	0.22391	2.53567	0.00000
16137	50.00000	-0.00216	-0.00513	-0.00137	-0.00737	-0.00216	-0.00718	0.01081	2.53720	0.00000
16157	50.00000	-0.00055	0.03355	0.01813	0.03387	-0.00055	0.03842	0.02460	2.53720	0.00000
16177	50.00000	0.00267	-0.01158	-0.00796	-0.00915	0.00267	-0.01183	0.01371	2.53567	0.00000
16197	50.00000	0.00106	0.01098	0.00557	0.01212	0.00106	0.01330	0.02058	2.53567	0.00000
16217	50.00000	-0.00861	0.00937	0.01035	0.00107	-0.00861	0.00585	0.02930	2.53567	0.00000
16237	50.00000	-0.08597	-0.01803	0.04229	-0.10279	-0.08597	-0.07045	0.00754	2.53414	0.00000
16257	50.00000	-0.00055	-0.00675	-0.00336	-0.00740	-0.00055	-0.00811	0.02398	2.53567	0.00000
16277	50.00000	0.00267	-0.01319	-0.00884	-0.01079	0.00267	-0.01369	0.01650	2.53567	0.00000
16297	50.00000	0.07842	0.02065	-0.09670	0.03970	0.07842	0.06913	0.18801	2.53567	0.00000
16317	50.00000	0.01073	-0.04220	-0.03830	-0.02138	0.01073	-0.04254	0.00401	2.50806	0.00000
16337	50.00000	-0.01183	-0.01158	-0.00620	-0.02258	-0.01183	-0.02020	0.01031	2.50806	0.00000
16357	50.00000	0.02201	0.00937	0.00093	0.03221	0.02201	0.02353	0.23794	2.50959	0.00000
16377	50.00000	-0.10854	-0.01158	0.02357	-0.13040	-0.10854	-0.07604	0.02909	2.50959	3.55089
16397	50.00000	0.00590	-0.00997	-0.00992	-0.00144	0.00590	-0.00811	0.02438	2.50806	0.00000
16417	50.00000	0.01073	-0.01319	-0.01394	0.00161	0.01073	-0.00904	0.04410	2.50652	0.00000
16437	50.00000	-0.00861	0.02227	0.02071	0.00867	-0.00861	0.02074	0.02359	2.50806	0.00000
16457	50.00000	-0.01022	-0.01642	-0.01065	-0.02467	-0.01022	-0.02486	0.01219	2.50806	0.00000
16477	50.00000	-0.02473	0.01098	0.01613	-0.01881	-0.02473	-0.00159	0.03904	2.50806	0.00000
16497	50.00000	-0.01828	0.00937	0.01274	-0.01311	-0.01828	0.00027	0.02413	2.50652	0.00000
16517	50.00000	-0.01506	0.00776	0.01052	-0.01077	-0.01506	0.00027	0.05411	2.50806	0.00000
16537	50.00000	-0.04084	0.00131	0.01121	-0.04504	-0.04084	-0.02206	0.10330	2.50499	0.00000
16557	50.00000	-0.02150	0.01098	0.01521	-0.01520	-0.02150	0.00027	0.02610	2.50806	0.00000
16577	50.00000	-0.00861	-0.03415	-0.02700	-0.03627	-0.00861	-0.04440	0.03337	2.50959	3.58352
16597	50.00000	-0.15044	0.00615	0.05071	-0.16254	-0.15044	-0.07976	0.02582	2.51573	0.00000
16617	50.00000	-0.00055	0.02065	0.01397	0.01894	-0.00055	0.02353	0.02227	2.52493	0.00000
16637	50.00000	-0.00861	0.00937	0.01041	-0.00016	-0.00861	0.00585	0.01810	2.52493	0.00000
16657	50.00000	-0.08275	0.10124	0.10780	-0.00187	-0.08275	0.06913	0.10985	2.51726	-3.55913
16677	50.00000	-0.01183	0.00937	0.01214	-0.00292	-0.01183	0.00399	0.01901	2.52800	0.00000
16697	50.00000	-0.01506	0.00937	0.01388	-0.00621	-0.01506	0.00213	0.02443	2.52800	0.00000
16717	50.00000	-0.05535	0.01098	0.03736	-0.04516	-0.05535	-0.01927	0.16008	2.53107	0.00000
16737	50.00000	-0.02473	0.00454	0.01576	-0.02108	-0.02473	-0.00904	0.01187	2.52800	0.00000
16757	50.00000	0.00267	0.00937	0.00432	0.01189	0.00267	0.01236	0.04725	2.52800	0.00000
16777	50.00000	-0.05213	0.00937	0.03311	-0.04463	-0.05213	-0.01927	0.01451	2.52800	0.00000
16797	50.00000	-0.01183	-0.01158	-0.00074	-0.02340	-0.01183	-0.02020	0.00721	2.52953	0.00000
16817	50.00000	0.00912	-0.01158	-0.01204	-0.00201	0.00912	-0.00811	0.02849	2.52800	0.00000
16837	50.00000	-0.01828	0.05611	0.04495	0.03542	-0.01828	0.05424	0.02910	2.52800	0.00000
16857	50.00000	-0.00700	-0.01319	-0.00468	-0.01996	-0.00700	-0.01927	0.00463	2.52953	0.00000
16877	50.00000	-0.00216	0.04161	0.02674	0.03846	-0.00216	0.04679	0.00553	2.52953	0.00000
16897	50.00000	-0.00055	-0.00836	-0.00499	-0.00865	-0.00055	-0.00997	0.00783	2.52953	0.00000
16917	50.00000	-0.00377	0.09157	0.05833	0.08564	-0.00377	0.10356	0.01208	2.52953	0.00000
16937	50.00000	-0.00055	-0.00513	-0.00305	-0.00548	-0.00055	-0.00625	0.01430	2.52800	0.00000
16957	50.00000	-0.01183	0.02871	0.02429	0.01557	-0.01183	0.02632	0.01506	2.52800	0.00000
16977	50.00000	0.00428	-0.01319	-0.01070	-0.00816	0.00428	-0.01276	0.01430	2.52800	0.00000
16997	50.00000	-0.00216	0.01421	0.01029	0.01134	-0.00216	0.01516	0.07227	2.52647	0.00000
17017	50.00000	-0.06985	0.01098	0.04338	-0.06133	-0.06985	-0.02765	0.02856	2.52647	0.00000
17037	50.00000	-0.00700	-0.01319	-0.00434	-0.02004	-0.00700	-0.01927	0.01414	2.52800	0.00000
17057	50.00000	-0.00055	-0.01480	-0.00906	-0.01488	-0.00055	-0.01741	0.02157	2.52647	0.00000
17077	50.00000	0.00428	0.01098	0.00495	0.01495	0.00428	0.01516	0.02446	2.52647	0.00000
17097	50.00000	0.00912	0.00292	-0.00271	0.01227	0.00912	0.00864	0.02744	2.52647	0.00000
17117	50.00000	0.27667	-0.09861	-0.20009	0.19649	0.27667	0.04586	0.25219	2.52186	-184.94800
17137	50.00000	-0.00055	-0.00836	-0.00556	-0.00829	-0.00055	-0.00997	0.01784	2.52186	0.00000
17157	50.00000	-0.00055	-0.01319	-0.00976	-0.01212	-0.00055	-0.01555	0.01828	2.51880	3.55913
17177	50.00000	-0.02150	0.02065	0.02399	-0.00422	-0.02150	0.01143	0.01564	2.52033	0.00000
17197	50.00000	-0.00055	-0.01803	-0.01228	-0.01721	-0.00055	-0.02113	0.00775	2.52186	0.00000
17217	50.00000	-0.02311	0.03838	0.03728	0.01020	-0.02311	0.03098	0.01398	2.52033	0.00000
17237	50.00000	-0.01506	-0.00191	0.00546	-0.01776	-0.01506	-0.01090	0.01472	2.52033	0.00000
17257	50.00000	0.04297	-0.01158	-0.02684	0.03545	0.04297	0.01143	0.02745	2.52033	0.00000
17277	50.00000	-0.00055	0.01098	0.00804	0.00941	-0.00055	0.01236	0.03587	2.52033	0.00000
17297	50.00000	0.00267	0.01259	0.00779	0.01433	0.00267	0.01609	0.05778	2.52033	0.00000
17317	50.00000	-0.01506	0.00937	0.01318	-0.00758	-0.01506	0.00213	0.13395	2.52033	0.00000
17337	50.00000	0.00267	0.01098	0.00708	0.01263	0.00267	0.01423	0.23064	2.51726	0.00000
17357	50.00000	-0.00377	-0.00352	-0.00099	-0.00723	-0.00377	-0.00625	0.02417	2.51880	0.00000
17377	50.00000	-0.02150	0.00454	0.01254	-0.01889	-0.02150	-0.00718	0.02589	2.52033	0.00000
17397	50.00000	-0.04890	-0.00191	0.01891	-0.05441	-0.04890	-0.03044	0.02909	2.51880	0.00000
17417	50.00000	-0.00539	0.01421	0.01254	0.00696	-0.00539	0.01330	0.02405	2.51880	0.00000
17437	50.00000	0.01718	-0.00836	-0.01319	0.01100	0.01718	0.00027	0.01518	2.51880	0.00000
17457	50.00000	-0.00055	-0.00997	-0.00717	-0.00943	-0.00055	-0.01183	0.01451	2.51726	0.00000
17477	50.00000	-0.02311	0.01582	0.02107	-0.01070	-0.02311	0.00492	0.17405	2.51880	0.00000
17497	50.00000	0.01557	0.00131	-0.00581	0.01786	0.01557	0.01050	0.00385	2.52033	0.00000
17517	50.00000	-0.01183	-0.01319	-0.00466	-0.02460	-0.01183	-0.02207	0.01504	2.51880	0.00000
17537	50.00000	0.00428	0.01098	0.00619	0.01448	0.00428	0.01516	0.01184	2.52033	0.00000
17557	50.00000	-0.01183	-0.01319	-0.00425	-0.02467	-0.01183	-0.02207	0.00721	2.52033	0.00000
17577	50.00000	-0.04890	0.01098	0.02606	-0.04420	-0.04890	-0.01555	0.02849	2.51573	0.00000
17597	50.00000	-0.01183	-0.01480	-0.00671	-0.02583	-0.01183	-0.02393	0.01759	2.51419	0.00000
17617	50.00000	-0.00055	-0.00513	-0.00367	-0.00508	-0.00055	-0.00625	0.04377	2.51573	0.00000
17637	50.00000	0.00590	0.00937	0.00460	0.01469	0.00590	0.01423	0.05006	2.51573	0.00000
17657	50.00000	-0.01506	0.01098	0.01400	-0.00683	-0.01506	0.00399	0.02443	2.51573	0.00000
17677	50.00000	0.00428	0.00937	0.00546	0.01286	0.00428	0.01330	0.01449	2.51726	0.00000
17697	50.00000	-0.01183	0.06739	0.05461	0.04686	-0.01183	0.07099	0.00648	2.51726	0.00000
17717	50.00000	-0.00055	0.00292	0.00238	0.00199	-0.00055	0.00306	0.02492	2.51573	0.00000
17737	50.00000	0.03652	0.01098	-0.00552	0.04943	0.03652	0.03377	0.17685	2.51573	0.00000
17757	50.00000	0.00428	0.01421	0.00911	0.01708	0.00428	0.01888	0.09702	2.51726	0.00000
17777	50.00000	-0.01667	0.01421	0.01704	-0.00578	-0.01667	0.00678	0.01832	2.51573	0.00000
17797	50.00000	0.12516	-0.15019	-0.16072	0.00812	0.12516	-0.10116	0.14261	2.50959	-3.62644
17817	50.00000	0.00428	0.02388	0.01330	0.02728	0.00428	0.03004	0.01650	2.52493	0.00000
17837	50.00000	-0.05213	0.01259	0.03373	-0.04268	-0.05213	-0.01555	0.01810	2.52340	0.00000
17857	50.00000	-0.00055	-0.01480	-0.00955	-0.01457	-0.00055	-0.01741	0.01081	2.52493	0.00000
17877	50.00000	-0.01506	-0.02447	-0.01022	-0.03857	-0.01506	-0.03695	0.01504	2.52186	0.00000
17897	50.00000	-0.01022	0.01904	0.01784	0.00669	-0.01022	0.01609	0.01447	2.52186	0.00000
17917	50.00000	-0.15044	-0.01480	0.05756	-0.17355	-0.15044	-0.10395	0.00594	2.52186	0.00000
17937	50.00000	0.00106	0.01743	0.01134	0.01739	0.00106	0.02074	0.06173	2.52340	0.00000
17957	50.00000	0.01718	-0.00513	-0.01132	0.01352	0.01718	0.00399	0.04280	2.52186	0.00000
17977	50.00000	0.00106	-0.01319	-0.00965	-0.01104	0.00106	-0.01462	0.04536	2.52186	0.00000
17997	50.00000	-0.00055	0.02227	0.01538	0.02021	-0.00055	0.02539	0.01691	2.52340	0.00000
18017	50.00000	-0.01667	0.00454	0.01090	-0.01335	-0.01667	-0.00438	0.02091	2.52340	0.00000
18037	50.00000	-0.00055	-0.01319	-0.00892	-0.01275	-0.00055	-0.01555	0.01279	2.52186	0.00000
18057	50.00000	0.00106	-0.01158	-0.00836	-0.00969	0.00106	-0.01276	0.01412	2.52186	0.00000
18077	50.00000	0.00106	0.01098	0.00696	0.01137	0.00106	0.01330	0.02078	2.52340	3.59247
18097	50.00000	-0.00377	-0.01319	-0.00747	-0.01618	-0.00377	-0.01741	0.01274	2.52186	0.00000
18117	50.00000	-0.00055	-0.00513	-0.00323	-0.00537	-0.00055	-0.00625	0.01175	2.52340	3.60090
18137	50.00000	-0.00539	-0.01319	-0.00704	-0.01777	-0.00539	-0.01834	0.05278	2.52033	0.00000
18157	50.00000	-0.00055	0.01098	0.00788	0.00954	-0.00055	0.01236	0.06891	2.52186	0.00000
18177	50.00000	-0.02795	0.00454	0.01576	-0.02552	-0.02795	-0.01090	0.02157	2.52186	0.00000
