0	0.00000	0.00050	0.00945	0.00551	0.00977	0.00050	0.01120	0.02196	0.83449	0.00570
8377	0.00000	0.00373	-0.01956	-0.01499	-0.01438	0.00373	-0.02043	0.00530	0.82835	0.00000
8397	0.00000	0.01823	-0.01150	-0.01609	0.00900	0.01823	-0.00275	0.01871	0.82221	0.00000
8417	0.00000	0.01984	-0.01634	-0.01871	0.00993	0.01984	-0.00741	0.16525	0.80841	0.00000
8437	0.00000	-0.01561	-0.01150	-0.00765	-0.02612	-0.01561	-0.02230	0.01072	0.80381	0.00000
8457	0.00000	0.01178	-0.01634	-0.01680	0.00138	0.01178	-0.01206	0.02181	0.80381	0.00000
8477	0.00000	0.00211	0.01429	0.01272	0.01251	0.00211	0.01772	0.06235	0.80227	0.00000
8497	0.00000	0.00534	0.00462	0.00323	0.00942	0.00534	0.00841	0.05590	0.80381	3.66982
8517	0.00000	0.00050	-0.01634	-0.01603	-0.00939	0.00050	-0.01857	0.17905	0.79307	0.00000
8537	0.00000	0.01178	0.00462	0.00407	0.01642	0.01178	0.01213	0.00728	0.79307	0.00000
8557	0.00000	0.00050	-0.01795	-0.01725	-0.01096	0.00050	-0.02043	0.02708	0.79460	0.00000
8577	0.00000	-0.00111	-0.00667	-0.00631	-0.00556	-0.00111	-0.00834	0.01311	0.79614	0.00000
8597	0.00000	0.01662	-0.00505	-0.00586	0.01600	0.01662	0.00376	0.02628	0.79460	0.00000
8617	0.00000	-0.00111	0.00300	0.00297	0.00065	-0.00111	0.00283	0.00961	0.79614	0.00000
8637	0.00000	-0.00433	-0.00344	-0.00297	-0.00720	-0.00433	-0.00648	0.00712	0.79614	0.00000
8657	0.00000	-0.00111	0.00462	0.00448	0.00177	-0.00111	0.00469	0.23145	0.79614	0.00000
8677	0.00000	0.00373	-0.00989	-0.00977	-0.00207	0.00373	-0.00927	0.00961	0.79614	0.00000
8697	0.00000	0.07303	-0.02117	-0.02594	0.07053	0.07303	0.01772	0.19090	0.79460	0.00000
8717	0.00000	0.00050	0.00945	0.00903	0.00665	0.00050	0.01120	0.01494	0.79614	0.00000
8737	0.00000	0.05208	-0.00667	-0.00948	0.05588	0.05208	0.02237	0.11105	0.79460	0.00000
8757	0.00000	0.00211	-0.00505	-0.00501	-0.00081	0.00211	-0.00462	0.02033	0.79460	0.00000
8777	0.00000	-0.02367	0.00462	0.00625	-0.02431	-0.02367	-0.00834	0.02130	0.79614	0.00000
8797	0.00000	0.00373	0.00784	0.00707	0.00945	0.00373	0.01120	0.05784	0.79614	0.00000
8817	0.00000	0.01501	-0.01311	-0.01358	0.00909	0.01501	-0.00648	0.02718	0.79460	0.00000
8837	0.00000	0.02307	-0.00344	-0.00508	0.02436	0.02307	0.00934	0.22196	0.79614	0.00000
8857	0.00000	-0.00433	0.00462	0.00473	-0.00210	-0.00433	0.00283	0.03272	0.79460	0.00000
8877	0.00000	-0.00433	-0.00022	0.00021	-0.00513	-0.00433	-0.00275	0.25718	0.79767	0.00000
8897	0.00000	0.00050	0.02235	0.02164	0.01458	0.00050	0.02609	0.01450	0.79460	0.00000
8917	0.00000	-0.01723	-0.00989	-0.00771	-0.02634	-0.01723	-0.02136	0.00909	0.79614	0.00000
8937	0.00000	-0.02529	-0.00989	-0.00753	-0.03549	-0.02529	-0.02602	0.02016	0.79614	0.00000
8957	0.00000	-0.00111	-0.00989	-0.00927	-0.00779	-0.00111	-0.01206	0.01064	0.79614	0.00000
8977	0.00000	0.01178	0.00623	0.00536	0.01749	0.01178	0.01399	0.02880	0.79460	0.00000
8997	0.00000	0.01662	-0.01150	-0.01211	0.01196	0.01662	-0.00368	0.02823	0.79460	0.00000
9017	0.00000	-0.00272	0.00300	0.00309	-0.00120	-0.00272	0.00190	0.00714	0.79614	0.00000
9037	0.00000	-0.00111	-0.00022	-0.00015	-0.00142	-0.00111	-0.00089	0.00867	0.79614	0.00000
9057	0.00000	0.00373	0.00462	0.00414	0.00726	0.00373	0.00748	0.11598	0.79460	0.00000
9077	0.00000	-0.01723	-0.01956	-0.01797	-0.03212	-0.01723	-0.03253	0.01906	0.79460	-3.70513
9097	0.00000	-0.01400	-0.00989	-0.00878	-0.02234	-0.01400	-0.01950	0.01453	0.79460	0.00000
9117	0.00000	0.00534	-0.00989	-0.00990	-0.00021	0.00534	-0.00834	0.01038	0.79460	0.00000
9137	0.00000	0.00050	0.00300	0.00280	0.00256	0.00050	0.00376	0.08315	0.79767	3.70528
9157	0.00000	-0.00111	0.00139	0.00141	-0.00041	-0.00111	0.00097	0.02265	0.79460	0.00000
9177	0.00000	0.01501	0.00462	0.00361	0.02020	0.01501	0.01399	0.00761	0.79460	0.00000
9197	0.00000	-0.00756	-0.02278	-0.02166	-0.02299	-0.00756	-0.03067	0.01232	0.79307	0.00000
9217	0.00000	0.00534	-0.00505	-0.00531	0.00281	0.00534	-0.00275	0.01273	0.79614	0.00000
9237	0.00000	0.01178	0.00462	0.00379	0.01648	0.01178	0.01213	0.02301	0.79460	0.00000
9257	0.00000	0.00856	0.00623	0.00531	0.01387	0.00856	0.01213	0.05905	0.79614	3.66968
9277	0.00000	0.05208	-0.01795	-0.02042	0.04881	0.05208	0.00934	0.23126	0.79307	0.00000
9297	0.00000	-0.00594	-0.01634	-0.01550	-0.01709	-0.00594	-0.02230	0.00543	0.79460	0.00000
9317	0.00000	0.01017	-0.00505	-0.00563	0.00847	0.01017	0.00004	0.02718	0.79460	0.00000
9337	0.00000	0.00373	0.01267	0.01166	0.01264	0.00373	0.01679	0.02067	0.79614	0.00000
9357	0.00000	-0.02690	0.01106	-0.01582	-0.02192	-0.02690	-0.00275	0.03651	0.79460	0.00000
9377	0.00000	-0.01078	-0.03890	-0.03772	-0.03618	-0.01078	-0.05114	0.04448	0.79000	0.00000
9397	0.00000	-0.01723	-0.00989	-0.00947	-0.02576	-0.01723	-0.02136	0.00049	0.79153	0.00000
9417	0.00000	0.01178	-0.00667	-0.00699	0.00953	0.01178	-0.00089	0.01390	0.79307	0.00000
9437	0.00000	0.01823	0.00462	0.00423	0.02379	0.01823	0.01586	0.10043	0.79307	0.00000
9457	0.00000	0.00373	0.00623	0.00610	0.00800	0.00373	0.00934	0.02243	0.79153	0.00000
9477	0.00000	-0.00433	0.00623	0.00623	-0.00141	-0.00433	0.00469	0.02138	0.79000	0.00000
9497	0.00000	0.00050	-0.15817	-0.15666	-0.09331	0.00050	-0.18235	0.00736	0.79153	0.00000
9517	0.00000	-0.02367	-0.01634	-0.01573	-0.03703	-0.02367	-0.03253	0.01693	0.79000	0.00000
9537	0.00000	0.00211	-0.13883	-0.13615	-0.08227	0.00211	-0.15908	0.01132	0.79307	3.64367
9557	0.00000	-0.00433	-0.01311	-0.01291	-0.01279	-0.00433	-0.01764	0.01705	0.79307	0.00000
9577	0.00000	-0.02045	-0.01150	-0.01049	-0.03062	-0.02045	-0.02509	0.00619	0.79307	0.00000
9597	0.00000	0.00211	-0.00505	-0.00504	-0.00064	0.00211	-0.00462	0.01426	0.79307	0.00000
9617	0.00000	0.00373	0.00784	0.00754	0.00908	0.00373	0.01120	0.03852	0.79307	0.00000
9637	0.00000	0.00856	0.00300	0.00281	0.01167	0.00856	0.00841	0.00646	0.79153	0.00000
9657	0.00000	-0.02690	-0.02278	-0.02206	-0.04458	-0.02690	-0.04184	0.03527	0.79153	0.00000
9677	0.00000	0.00050	0.07231	0.07085	0.04470	0.00050	0.08378	0.07194	0.79307	0.00000
9697	0.00000	0.01017	0.00139	0.00097	0.01259	0.01017	0.00748	0.04507	0.79307	0.00000
9717	0.00000	-0.01400	-0.00183	-0.00126	-0.01728	-0.01400	-0.01020	0.03120	0.79307	0.00000
9737	0.00000	0.00534	-0.00989	-0.00990	-0.00004	0.00534	-0.00834	0.01665	0.79307	0.00000
9757	0.00000	-0.00111	0.00945	0.00931	0.00449	-0.00111	0.01027	0.01525	0.79307	0.00000
9777	0.00000	0.00695	-0.01634	-0.01631	-0.00167	0.00695	-0.01485	0.02493	0.79153	0.00000
9797	0.00000	-0.00917	-0.00183	-0.00144	-0.01170	-0.00917	-0.00741	0.02906	0.79307	0.00000
9817	0.00000	0.00050	-0.00989	-0.00971	-0.00545	0.00050	-0.01113	0.01379	0.79307	0.00000
9837	0.00000	0.00534	-0.00505	-0.00516	0.00308	0.00534	-0.00275	0.02539	0.79307	0.00000
9857	0.00000	0.01178	-0.01150	-0.01172	0.00658	0.01178	-0.00648	0.11318	0.79307	0.00000
9877	0.00000	-0.01400	-0.00344	-0.00284	-0.01826	-0.01400	-0.01206	0.00726	0.79307	0.00000
9897	0.00000	0.00856	-0.00183	-0.00212	0.00876	0.00856	0.00283	0.01897	0.79307	0.00000
9917	0.00000	-0.00272	0.00462	0.00463	-0.00032	-0.00272	0.00376	0.02130	0.79307	0.00000
9937	0.00000	-0.01561	0.00300	0.00327	-0.01624	-0.01561	-0.00555	0.05939	0.79153	0.00000
9957	0.00000	-0.00594	0.00462	0.00468	-0.00412	-0.00594	0.00190	0.02467	0.79153	0.00000
9977	0.00000	0.00373	-0.00989	-0.00986	-0.00157	0.00373	-0.00927	0.01358	0.79153	0.00000
9997	0.00000	-0.02529	0.00462	0.00505	-0.02645	-0.02529	-0.00927	0.03776	0.79153	0.00000
10017	0.00000	-0.08170	0.00139	0.00292	-0.09349	-0.08170	-0.04556	0.04153	0.79153	0.00000
10037	0.00000	0.00856	0.00462	0.00462	0.01255	0.00856	0.01027	0.03969	0.79000	0.00000
10057	0.00000	-0.00756	-0.00022	0.00008	-0.00885	-0.00756	-0.00462	0.01454	0.79153	0.00000
10077	0.00000	0.00211	-0.00505	-0.00504	-0.00064	0.00211	-0.00462	0.01348	0.79307	0.00000
10097	0.00000	-0.01884	-0.01634	-0.01635	-0.03117	-0.01884	-0.02974	0.07778	0.78847	0.00000
10117	0.00000	-0.00111	-0.01634	-0.01578	-0.01152	-0.00111	-0.01950	0.02183	0.79307	0.00000
10137	0.00000	-0.00111	-0.00989	-0.00989	-0.00698	-0.00111	-0.01206	0.01358	0.79153	0.00000
10157	0.00000	-0.02690	-0.01150	-0.00960	-0.03822	-0.02690	-0.02881	0.08216	0.79307	0.00000
10177	0.00000	-0.00917	0.00623	0.00646	-0.00678	-0.00917	0.00190	0.02934	0.79307	0.00000
10197	0.00000	0.00856	-0.00344	-0.00370	0.00778	0.00856	0.00097	0.00961	0.79307	0.00000
10217	0.00000	0.00211	-0.01311	-0.01293	-0.00556	0.00211	-0.01392	0.02026	0.79307	0.00000
10237	0.00000	-0.01400	-0.00505	-0.00442	-0.01924	-0.01400	-0.01392	0.01341	0.79307	0.00000
10257	0.00000	0.00856	-0.00989	-0.01002	0.00384	0.00856	-0.00648	0.02181	0.79307	0.00000
10277	0.00000	0.00534	-0.00989	-0.00990	0.00012	0.00534	-0.00834	0.05500	0.79307	0.00000
10297	0.00000	0.04724	-0.00505	-0.00677	0.05143	0.04724	0.02144	0.03823	0.79307	0.00000
10317	0.00000	-0.00433	-0.02278	-0.02248	-0.01853	-0.00433	-0.02881	0.24015	0.79153	0.00000
10337	0.00000	0.00050	-0.01634	-0.01603	-0.00939	0.00050	-0.01857	0.01439	0.79307	0.00000
10357	0.00000	0.00050	-0.00989	-0.00980	-0.00529	0.00050	-0.01113	0.00497	0.79307	0.00000
10377	0.00000	0.05208	-0.00344	-0.00537	0.05799	0.05208	0.02609	0.15173	0.79307	0.00000
10397	0.00000	0.00050	-0.01795	-0.01779	-0.01007	0.00050	-0.02043	0.01232	0.79153	0.00000
10417	0.00000	0.00534	-0.01795	-0.01780	-0.00479	0.00534	-0.01764	0.01373	0.79307	0.00000
10437	0.00000	0.01017	0.00300	0.00255	0.01357	0.01017	0.00934	0.02789	0.79153	0.00000
10457	0.00000	0.00050	-0.01150	-0.01129	-0.00644	0.00050	-0.01299	0.05656	0.79153	0.00000
10477	0.00000	0.00373	0.00945	0.00912	0.01007	0.00373	0.01306	0.07976	0.79307	0.00000
10497	0.00000	-0.00917	-0.01311	-0.01281	-0.01837	-0.00917	-0.02043	0.01656	0.79153	0.00000
10517	0.00000	0.00050	0.00462	0.00445	0.00347	0.00050	0.00562	0.02295	0.79460	0.00000
10537	0.00000	0.00050	-0.00989	-0.00971	-0.00545	0.00050	-0.01113	0.01249	0.79307	0.00000
10557	0.00000	0.03596	0.00462	0.00314	0.04431	0.03596	0.02609	0.17666	0.79153	0.00000
10577	0.00000	-0.00917	-0.01472	-0.01441	-0.01933	-0.00917	-0.02230	0.02071	0.79153	0.00000
10597	0.00000	0.00856	0.06747	0.06666	0.04994	0.00856	0.08285	0.02885	0.79153	0.00000
10617	0.00000	0.00373	-0.00989	-0.00984	-0.00174	0.00373	-0.00927	0.02188	0.79307	0.00000
10637	0.00000	0.00050	0.00945	0.00924	0.00635	0.00050	0.01120	0.02044	0.79307	0.00000
10657	0.00000	0.04724	-0.01634	-0.01782	0.04455	0.04724	0.00841	0.14815	0.79307	0.00000
10677	0.00000	0.07303	-0.01634	-0.01756	0.07462	0.07303	0.02330	0.23079	0.79153	0.00000
10697	0.00000	-0.00111	-0.01311	-0.01297	-0.00906	-0.00111	-0.01578	0.01369	0.79153	0.00000
10717	0.00000	0.01984	-0.00344	-0.00414	0.02080	0.01984	0.00748	0.03472	0.79307	0.00000
10737	0.00000	-0.00111	-0.02762	-0.02703	-0.01813	-0.00111	-0.03253	0.01209	0.79307	0.00000
10757	0.00000	0.00050	0.00139	0.00135	0.00143	0.00050	0.00190	0.06024	0.79307	0.00000
10777	0.00000	0.04885	-0.00989	-0.01072	0.05053	0.04885	0.01679	0.05046	0.79307	0.00000
10797	0.00000	0.00373	-0.01311	-0.01300	-0.00370	0.00373	-0.01299	0.01453	0.79153	0.00000
10817	0.00000	0.00695	0.00623	0.00584	0.01182	0.00695	0.01120	0.00639	0.79307	0.00000
10837	0.00000	-0.00594	-0.00667	-0.00649	-0.01082	-0.00594	-0.01113	0.01072	0.79153	0.00000
10857	0.00000	0.00211	-0.01311	-0.01293	-0.00556	0.00211	-0.01392	0.01665	0.79307	0.00000
10877	0.00000	-0.13649	-0.01956	-0.01394	-0.16944	-0.13649	-0.10139	0.01007	0.79307	0.00000
10897	0.00000	0.01017	-0.02439	-0.02439	-0.00233	0.01017	-0.02230	0.01736	0.79153	0.00000
10917	0.00000	0.01662	-0.00667	-0.00717	0.01511	0.01662	0.00190	0.00190	0.79307	0.00000
10937	0.00000	0.00856	0.00139	0.00104	0.01073	0.00856	0.00655	0.02336	0.79307	0.00000
10957	0.00000	-0.00756	0.00623	0.00631	-0.00503	-0.00756	0.00283	0.01615	0.79153	0.00000
10977	0.00000	0.00534	0.00300	0.00260	0.00804	0.00534	0.00655	0.08104	0.79460	0.00000
10997	0.00000	-0.00756	-0.01634	-0.01604	-0.01842	-0.00756	-0.02323	0.01665	0.79153	0.00000
11017	0.00000	0.00373	-0.07436	-0.07303	-0.04107	0.00373	-0.08371	0.01419	0.79307	0.00000
11037	0.00000	-0.00433	0.00139	0.00153	-0.00415	-0.00433	-0.00089	0.02929	0.79307	0.00000
11057	0.00000	0.00050	0.00300	0.00297	0.00236	0.00050	0.00376	0.01251	0.79307	0.00000
11077	0.00000	0.01017	-0.01956	-0.01956	-0.00053	0.01017	-0.01671	0.02116	0.79307	0.00000
11097	0.00000	0.00211	-0.00022	-0.00030	0.00231	0.00211	0.00097	0.01141	0.79307	0.00000
11117	0.00000	0.08592	-0.01956	-0.02100	0.08759	0.08592	0.02702	0.01990	0.79153	0.00000
11137	0.00000	0.00050	0.15934	0.15781	0.09517	0.00050	0.18428	0.01813	0.79153	3.73232
11157	0.00000	-0.00917	0.00462	0.00474	-0.00784	-0.00917	0.00004	0.13845	0.79307	0.00000
11177	0.00000	-0.02045	-0.01150	-0.01152	-0.03025	-0.02045	-0.02509	0.02332	0.79000	0.00000
11197	0.00000	-0.02045	-0.00183	-0.00101	-0.02472	-0.02045	-0.01392	0.03882	0.79153	0.00000
11217	0.00000	0.00211	-0.00989	-0.00977	-0.00359	0.00211	-0.01020	0.00761	0.79307	0.00000
11237	0.00000	0.00211	0.01590	0.01550	0.01214	0.00211	0.01958	0.02171	0.79307	0.00000
11257	0.00000	0.00211	0.00945	0.00932	0.00805	0.00211	0.01213	0.00736	0.79153	0.00000
11277	0.00000	0.03757	-0.02439	-0.02438	0.02931	0.03757	-0.00648	0.02912	0.79000	0.00000
11297	0.00000	-0.01078	0.02396	0.01285	-0.02027	-0.01078	0.02144	0.01538	0.79153	0.00000
11317	0.00000	-0.00433	-0.02117	-0.02089	-0.01757	-0.00433	-0.02695	0.02263	0.79153	0.00000
11337	0.00000	-0.02367	-0.01311	-0.01194	-0.03532	-0.02367	-0.02881	0.01453	0.79153	0.00000
11357	0.00000	0.00534	-0.00344	-0.00358	0.00406	0.00534	-0.00089	0.00728	0.79153	0.00000
11377	0.00000	-0.00433	0.01267	0.00818	-0.00995	-0.00433	0.01213	0.11561	0.69336	-240.84250
11397	0.00000	0.00856	-0.00989	-0.00996	0.00401	0.00856	-0.00648	0.01455	0.79153	0.00000
11417	0.00000	-0.00917	0.18029	0.17707	0.09943	-0.00917	0.20289	0.07283	0.79153	0.00000
11437	0.00000	0.01178	0.00462	0.01647	0.00387	0.01178	0.01213	0.00961	0.79307	0.00000
11457	0.00000	-0.00594	-0.01311	-0.01312	-0.01443	-0.00594	-0.01857	0.04466	0.79000	0.00000
11477	0.00000	-0.01723	-0.01150	-0.01061	-0.02690	-0.01723	-0.02323	0.02668	0.79153	0.00000
11497	0.00000	0.00050	-0.02117	-0.02077	-0.01234	0.00050	-0.02416	0.01131	0.79307	0.00000
11517	0.00000	-0.00917	0.00945	0.00970	-0.00465	-0.00917	0.00562	0.01462	0.79460	3.69635
11537	0.00000	-0.00756	-0.00344	-0.00308	-0.01082	-0.00756	-0.00834	0.00341	0.79307	0.00000
11557	0.00000	0.00050	0.00462	0.00451	0.00340	0.00050	0.00562	0.19455	0.79307	0.00000
11577	0.00000	-0.02529	-0.01956	-0.01751	-0.04141	-0.02529	-0.03718	0.03730	0.79307	-3.70513
11597	0.00000	-0.01400	-0.01150	-0.01113	-0.02299	-0.01400	-0.02136	0.01131	0.79153	0.00000
11617	0.00000	0.00856	-0.00667	-0.00686	0.00581	0.00856	-0.00275	0.01364	0.79307	0.00000
11637	0.00000	-0.12360	-0.02278	-0.01759	-0.15653	-0.12360	-0.09767	0.00867	0.79307	0.00000
11657	0.00000	0.00050	0.06425	0.06426	0.03764	0.00050	0.07448	0.03969	0.79153	0.00000
11677	0.00000	0.00695	0.00139	0.00110	0.00887	0.00695	0.00562	0.00575	0.79307	0.00000
11697	0.00000	0.00534	-0.02601	-0.02570	-0.00971	0.00534	-0.02695	0.01029	0.79153	0.00000
11717	0.00000	0.00050	-0.00022	-0.00023	0.00045	0.00050	0.00004	0.01563	0.79307	0.00000
11737	0.00000	0.00373	-0.04212	-0.04143	-0.02140	0.00373	-0.04649	0.02171	0.79307	0.00000
11757	0.00000	-0.01078	0.00784	0.00810	-0.00766	-0.01078	0.00283	0.02973	0.79153	0.00000
11777	0.00000	-0.00756	-0.01150	-0.01125	-0.01555	-0.00756	-0.01764	0.00552	0.79307	0.00000
11797	0.00000	0.01017	-0.00989	-0.01008	0.00570	0.01017	-0.00555	0.00874	0.79307	0.00000
11817	0.00000	0.00050	-0.01311	-0.01300	-0.00720	0.00050	-0.01485	0.00844	0.79153	0.00000
11837	0.00000	0.05852	-0.00989	-0.01194	0.06150	0.05852	0.02237	0.19090	0.79307	0.00000
11857	0.00000	-0.01400	-0.01150	-0.01113	-0.02299	-0.01400	-0.02136	0.01906	0.79153	0.00000
11877	0.00000	0.01017	-0.00344	-0.00393	0.00957	0.01017	0.00190	0.02145	0.79307	0.00000
11897	0.00000	0.07625	0.00139	-0.00156	0.08884	0.07625	0.04563	0.02341	0.79307	0.00000
11917	0.00000	0.00050	0.00784	0.00757	0.00549	0.00050	0.00934	0.02908	0.79307	3.69635
11937	0.00000	0.00050	0.00945	0.00924	0.00635	0.00050	0.01120	0.00726	0.79153	0.00000
11957	0.00000	0.11493	-0.01634	-0.01835	0.12300	0.11493	0.04749	0.00145	0.79153	-3.69635
11977	0.00000	-0.00433	0.02073	0.02049	0.00765	-0.00433	0.02144	0.02263	0.79307	0.00000
11997	0.00000	0.01017	-0.00344	-0.00376	0.00964	0.01017	0.00190	0.02718	0.79307	0.00000
12017	0.00000	-0.13166	-0.01795	-0.01254	-0.16288	-0.13166	-0.09674	0.01691	0.79153	0.00000
12037	0.00000	0.00050	0.07392	0.07243	0.04569	0.00050	0.08565	0.04591	0.79307	0.00000
12057	0.00000	0.01178	0.05458	0.05304	0.04690	0.01178	0.06983	0.03454	0.79307	0.00000
12077	0.00000	-0.01078	0.00784	0.00797	-0.00779	-0.01078	0.00283	0.02523	0.79153	0.00000
12097	0.00000	-0.01078	-0.00505	-0.00454	-0.01552	-0.01078	-0.01206	0.00497	0.79307	0.00000
12117	0.00000	0.02790	-0.01956	-0.01575	0.02392	0.02790	-0.00648	0.02912	0.77466	0.00000
12137	0.00000	-0.00917	0.01429	0.01432	-0.00210	-0.00917	0.01120	0.01028	0.79307	0.00000
12157	0.00000	-0.02529	-0.02117	-0.02189	-0.04104	-0.02529	-0.03905	0.02993	0.78847	0.00000
12177	0.00000	0.00211	-0.01311	-0.01293	-0.00556	0.00211	-0.01392	0.02111	0.79153	0.00000
12197	0.00000	0.00534	-0.00505	-0.00500	0.00333	0.00534	-0.00275	0.01836	0.78847	3.66982
12217	0.00000	0.05369	-0.00022	-0.00123	0.06186	0.05369	0.03074	0.17140	0.79153	0.00000
12237	0.00000	-0.00433	-0.00989	-0.01007	-0.01054	-0.00433	-0.01392	0.01265	0.78847	0.00000
12257	0.00000	0.01662	-0.01150	-0.01149	0.01256	0.01662	-0.00368	0.02026	0.79000	-3.70528
12277	0.00000	-0.00917	-0.00989	-0.00990	-0.01629	-0.00917	-0.01671	0.01131	0.79000	0.00000
12297	0.00000	0.00211	-0.01150	-0.01143	-0.00439	0.00211	-0.01206	0.01215	0.79000	0.00000
12317	0.00000	0.00534	0.00462	0.00447	0.00890	0.00534	0.00841	0.08453	0.79153	0.00000
12337	0.00000	0.00856	0.00623	0.00646	0.01337	0.00856	0.01213	0.03563	0.78847	0.00000
12357	0.00000	0.05208	-0.01150	-0.01147	0.05350	0.05208	0.01679	0.11968	0.78847	3.70528
12377	0.00000	-0.00272	-0.01311	-0.01330	-0.01048	-0.00272	-0.01671	0.01179	0.78847	0.00000
12397	0.00000	0.01178	-0.00344	-0.00363	0.01156	0.01178	0.00283	0.02708	0.79153	-3.70528
12417	0.00000	0.01017	0.00300	0.00324	0.01343	0.01017	0.00934	0.05797	0.78847	0.00000
12437	0.00000	0.01823	0.00462	0.00463	0.02371	0.01823	0.01586	0.07644	0.78847	0.00000
12457	0.00000	-0.12682	-0.02117	-0.02392	-0.15826	-0.12682	-0.09767	0.02446	0.78847	0.00000
12477	0.00000	0.00050	0.07714	0.07716	0.04508	0.00050	0.08937	0.05467	0.79000	0.00000
12497	0.00000	0.00373	0.10132	0.10028	0.06445	0.00373	0.11914	0.03236	0.79153	0.00000
12517	0.00000	-0.00756	-0.00667	-0.00667	-0.01257	-0.00756	-0.01206	0.02467	0.79000	0.00000
12537	0.00000	0.00050	-0.00828	-0.00813	-0.00447	0.00050	-0.00927	0.01419	0.79307	0.00000
12557	0.00000	-0.02529	-0.01150	-0.01152	-0.03583	-0.02529	-0.02788	0.03009	0.78847	3.70528
12577	0.00000	-0.01561	-0.00022	0.00008	-0.01816	-0.01561	-0.00927	0.03961	0.79000	0.00000
12597	0.00000	-0.00111	-0.00022	-0.00022	-0.00141	-0.00111	-0.00089	0.02033	0.79000	0.00000
12617	0.00000	-0.01400	0.01590	0.01589	-0.00700	-0.01400	0.01027	0.02025	0.79000	0.00000
12637	0.00000	-0.01400	0.00462	0.00506	-0.01334	-0.01400	-0.00275	0.00314	0.79307	0.00000
12657	0.00000	-0.01884	-0.00022	-0.00023	-0.02188	-0.01884	-0.01113	0.03571	0.79000	0.00000
12677	0.00000	0.00695	-0.01150	-0.01152	0.00120	0.00695	-0.00927	0.01141	0.79000	0.00000
12697	0.00000	-0.00756	-0.00828	-0.00828	-0.01350	-0.00756	-0.01392	0.01341	0.79000	0.00000
12717	0.00000	0.00534	-0.00344	-0.00351	0.00412	0.00534	-0.00089	0.01390	0.79153	0.00000
12737	0.00000	0.00211	0.00784	0.00784	0.00696	0.00211	0.01027	0.06489	0.79000	0.00000
12757	0.00000	0.00695	0.00462	0.00462	0.01069	0.00695	0.00934	0.04743	0.79000	0.00000
12777	0.00000	0.00050	-0.00667	-0.00667	-0.00326	0.00050	-0.00741	0.16077	0.79153	0.00000
12797	0.00000	0.00050	-0.00022	-0.00021	0.00046	0.00050	0.00004	0.05752	0.78847	0.00000
12817	0.00000	-0.01723	-0.00022	0.00011	-0.02002	-0.01723	-0.01020	0.01250	0.79153	0.00000
12837	0.00000	-0.07364	0.00945	0.00941	-0.07957	-0.07364	-0.03160	0.01540	0.79000	0.00000
12857	0.00000	0.00534	-0.00344	-0.00351	0.00412	0.00534	-0.00089	0.02178	0.79153	0.00000
12877	0.00000	0.01178	-0.00505	-0.00523	0.01061	0.01178	0.00097	0.02566	0.79307	0.00000
12897	0.00000	-0.02045	0.00462	0.00496	-0.02087	-0.02045	-0.00648	0.03124	0.79153	0.00000
12917	0.00000	-0.00917	0.01912	0.01909	0.00109	-0.00917	0.01679	0.00938	0.79153	0.00000
12937	0.00000	-0.00756	-0.01311	-0.01495	-0.01463	-0.00756	-0.01950	0.01611	0.78080	0.00000
12957	0.00000	0.11816	-0.02117	-0.01478	0.12512	0.11816	0.04377	0.00832	0.78540	0.00000
12977	0.00000	-0.00111	-0.00022	-0.00029	-0.00139	-0.00111	-0.00089	0.01978	0.78540	0.00000
12997	0.00000	0.01017	-0.01634	-0.01633	0.00232	0.01017	-0.01299	0.01364	0.79000	0.00000
13017	0.00000	-0.01561	-0.00344	-0.00379	-0.01995	-0.01561	-0.01299	0.06886	0.78847	0.00000
13037	0.00000	0.00050	-0.01311	-0.01312	-0.00698	0.00050	-0.01485	0.01457	0.79000	0.00000
13057	0.00000	0.00050	-0.00667	-0.00672	-0.00315	0.00050	-0.00741	0.00761	0.78847	0.00000
13077	0.00000	0.05208	-0.01311	-0.01220	0.05278	0.05208	0.01493	0.17455	0.78847	0.00000
13097	0.00000	-0.00111	-0.01634	-0.01669	-0.01014	-0.00111	-0.01950	0.01022	0.78693	0.00000
13117	0.00000	0.01178	-0.00505	-0.00487	0.01077	0.01178	0.00097	0.02026	0.78847	0.00000
13137	0.00000	-0.00917	0.01590	0.01587	-0.00168	-0.00917	0.01306	0.01588	0.78847	0.00000
13157	0.00000	0.00211	0.00462	0.00479	0.00494	0.00211	0.00655	0.00839	0.78693	0.00000
13177	0.00000	-0.07364	-0.01795	-0.02121	-0.09471	-0.07364	-0.06324	0.01998	0.78693	0.00000
13197	0.00000	0.00211	0.05780	0.05841	0.03480	0.00211	0.06797	0.03353	0.78693	0.00000
13217	0.00000	0.00211	-0.00667	-0.00671	-0.00118	0.00211	-0.00648	0.01451	0.78693	0.00000
13237	0.00000	0.01017	0.00462	0.00511	0.01424	0.01017	0.01120	0.01752	0.78693	0.00000
13257	0.00000	-0.00272	-0.00989	-0.01004	-0.00868	-0.00272	-0.01299	0.00701	0.79000	0.00000
13277	0.00000	-0.01561	0.00462	0.00435	-0.01544	-0.01561	-0.00369	0.02789	0.78847	0.00000
13297	0.00000	0.00373	-0.00344	-0.00275	0.00310	0.00373	-0.00182	0.04766	0.76699	-3.76901
13317	0.00000	-0.00917	0.01106	0.01020	-0.00600	-0.00917	0.00748	0.01341	0.77619	0.00000
13337	0.00000	-0.01400	0.00462	0.00298	-0.01395	-0.01400	-0.00275	0.02166	0.77926	0.00000
13357	0.00000	0.00211	-0.01956	-0.02047	-0.00647	0.00211	-0.02137	0.00701	0.77926	0.00000
13377	1.00000	0.65486	-0.34674	0.65494	0.01928	0.65486	-0.02230	0.66908	1.23792	19.17452
13397	1.00000	-0.63452	0.15128	0.63315	0.19602	-0.63452	-0.19165	0.69220	2.18132	52.89545
13417	1.00000	0.04080	0.21575	0.21999	0.16618	0.04080	0.27268	0.22376	3.16460	45.22807
13437	1.00000	0.39537	-0.29033	0.38277	0.14575	0.39537	-0.10697	0.37358	4.12027	60.30408
13457	1.00000	-0.86983	0.18352	0.88664	0.23374	-0.86983	-0.29029	0.90342	5.03146	44.14346
13477	1.00000	0.17296	0.55421	0.69657	0.30321	0.17296	0.73981	0.67832	5.99480	49.11775
13497	1.00000	-0.02690	0.14484	0.00959	-0.15377	-0.02690	0.15171	0.15023	0.72404	56.96481
13517	1.00000	-0.00756	-0.20168	0.19411	0.13660	-0.00756	-0.23725	0.43118	1.75487	48.51992
13537	1.00000	-0.55232	0.65898	0.66821	0.23217	-0.55232	0.44204	0.69383	2.65532	59.71719
13557	1.00000	0.85633	-0.22747	0.77140	0.43798	0.85633	0.23174	0.65641	3.61559	44.35563
13577	1.00000	-0.05591	-0.41121	0.49819	-0.10979	-0.05591	-0.50710	0.53230	4.51604	44.46334
13597	1.00000	0.06336	-0.74322	0.00612	-0.82398	0.06336	-0.82162	0.90789	5.44256	49.48339
13617	1.00000	0.55010	-0.10337	0.53362	0.23899	0.55010	0.19824	0.46322	0.20249	37.21248
13637	1.00000	0.51786	-0.64974	0.65472	0.20765	0.51786	-0.45127	0.71481	1.23485	47.70739
13657	1.00000	-0.37503	-0.17106	0.55686	0.04429	-0.37503	-0.41405	0.52423	2.18899	36.96350
13677	1.00000	0.20680	0.59612	0.76961	0.32062	0.20680	0.80774	0.75977	3.13852	48.87698
13697	1.00000	0.65647	-0.92696	0.85614	0.41926	0.65647	-0.69135	0.87300	4.07886	43.62043
13717	1.00000	-0.46529	0.48491	0.47315	0.27829	-0.46529	0.29129	0.43460	4.96856	60.90263
13737	1.00000	-0.02851	0.15773	0.14651	-0.08243	-0.02851	0.16567	0.28661	5.95491	48.05255
13757	1.00000	0.16006	-0.17106	0.16336	0.09989	0.16006	-0.10511	0.10630	0.69336	53.17799
13777	1.00000	-0.11715	-0.31773	0.34627	0.28741	-0.11715	-0.43452	0.33182	1.73953	49.48309
13797	1.00000	-0.46367	0.08037	0.49051	0.07034	-0.46367	-0.17490	0.52500	2.73662	49.60648
13817	1.00000	0.21164	0.53165	0.67732	0.35740	0.21164	0.73608	0.76225	3.70610	64.23032
13837	1.00000	0.19874	-0.59494	0.57545	0.18915	0.19874	-0.57224	0.70665	4.59734	58.99828
13857	1.00000	-0.24609	0.22865	0.23250	0.14618	-0.24609	0.12194	0.44596	5.56375	45.33946
13877	1.00000	0.12138	0.40755	0.48258	0.27230	0.12138	0.54067	0.50544	0.29452	58.51698
13897	1.00000	0.68226	-0.14850	0.67690	0.23815	0.68226	0.22243	0.68399	1.32383	51.74861
13917	1.00000	-0.13005	-0.25165	0.27537	0.27348	-0.13005	-0.36566	0.32589	2.31171	49.73019
13937	1.00000	-0.74734	0.18191	0.74610	0.22538	-0.74734	-0.22143	0.79358	3.32107	49.60648
13957	1.00000	0.22453	0.28667	0.51005	0.04916	0.22453	0.46065	0.66433	4.22305	44.35620
13977	1.00000	-0.20419	-0.57238	0.72613	0.34768	-0.20419	-0.77881	0.80616	5.13884	49.60648
13997	1.00000	-0.35569	0.39626	0.35292	0.25599	-0.35569	0.25221	0.32822	6.12979	49.60648
14017	1.00000	0.05852	0.15451	0.15979	0.15138	0.05852	0.21220	0.12272	0.88357	49.11760
14037	1.00000	0.51142	-0.56271	0.61756	0.07623	0.51142	-0.35449	0.66531	1.79016	44.35620
14057	1.00000	-0.79569	0.21575	0.70936	0.41722	-0.79569	-0.21026	0.77550	2.77037	48.05255
14077	1.00000	0.20841	0.48007	0.55176	0.44055	0.20841	0.67467	0.58654	3.72144	64.07250
14097	1.00000	0.60490	-0.74483	0.78881	0.06805	0.60490	-0.51082	0.83366	4.63262	41.05556
14117	1.00000	-0.17195	-0.02117	0.19475	-0.08334	-0.17195	-0.12372	0.23289	5.57449	45.33946
14137	1.00000	0.07303	0.31407	0.35994	0.19904	0.07303	0.40482	0.38631	0.29913	59.98808
14157	1.00000	0.77896	-0.21619	0.71718	0.36387	0.77896	0.20010	0.68752	1.32996	48.63855
14177	1.00000	-0.08008	-0.34029	0.32491	0.30610	-0.08008	-0.43917	0.35726	2.32245	52.63675
14197	1.00000	-0.66997	0.14322	0.68984	0.14810	-0.66997	-0.22143	0.73836	3.31647	49.73019
14217	1.00000	0.11977	0.48007	0.63475	-0.01004	0.11977	0.62349	0.67832	4.23686	44.35620
14237	1.00000	-0.23642	-0.65619	0.82648	0.41515	-0.23642	-0.89420	0.84175	5.14037	48.99707
14257	1.00000	-0.45561	0.51231	0.51373	0.22701	-0.45561	0.32851	0.51224	6.10831	47.93703
14277	1.00000	0.18102	0.42528	0.51413	0.35081	0.18102	0.59557	0.54321	0.86670	49.48324
14297	1.00000	0.13911	0.05297	0.17561	-0.09234	0.13911	0.14148	0.21753	1.87146	49.60619
14317	1.00000	-0.18807	-0.35641	0.38617	0.39592	-0.18807	-0.52013	0.43877	2.87468	67.34511
14337	1.00000	-0.42983	0.39304	0.40219	0.25552	-0.42983	0.20568	0.46980	3.84416	49.60648
14357	1.00000	0.82087	-0.17267	0.83251	0.23671	0.82087	0.27454	0.81982	4.73693	44.46334
14377	1.00000	-0.00917	-0.37414	0.43446	-0.05047	-0.00917	-0.43731	0.45932	5.68493	48.52021
14397	1.00000	-0.44756	0.51876	0.51756	0.22006	-0.44756	0.34061	0.53364	0.39423	56.36675
14417	1.00000	0.15845	0.56066	0.71234	0.25206	0.15845	0.73888	0.76769	1.41893	49.11775
14437	1.00000	0.25677	-0.31450	0.25310	0.21920	0.25677	-0.21491	0.23286	2.40835	64.38950
14457	1.00000	-0.20902	-0.58689	0.76631	0.30636	-0.20902	-0.79836	0.78734	3.42078	45.79060
14477	1.00000	-0.41210	0.46718	0.50044	-0.10135	-0.41210	0.30153	0.53450	4.32583	44.24957
14497	1.00000	0.52270	-0.61590	0.60773	0.26732	0.52270	-0.40940	0.63438	5.23548	44.78789
14517	1.00000	-0.16228	0.00623	0.15510	0.09880	-0.16228	-0.08650	0.11618	6.22489	50.77020
14537	1.00000	-0.18162	0.22703	0.15290	0.18532	-0.18162	0.15730	0.27390	1.00169	52.37983
14557	1.00000	0.15523	0.51070	0.61727	0.32321	0.15523	0.67932	0.56411	2.00338	49.60619
14577	1.00000	0.14556	-0.08081	0.14402	0.02305	0.14556	-0.00927	0.13267	2.99126	48.75747
14597	1.00000	-0.12521	-0.50952	0.67079	0.04643	-0.12521	-0.66064	0.71866	3.96687	44.78731
14617	1.00000	0.19874	0.69604	0.86932	0.35674	0.19874	0.91847	0.84440	4.84278	49.97947
14637	1.00000	0.58556	-0.82059	0.74902	0.39149	0.58556	-0.60946	0.81306	5.81225	48.16861
14657	1.00000	0.12138	-0.09853	0.01014	-0.12861	0.12138	-0.04370	0.12312	0.53076	53.17799
14677	1.00000	-0.33796	0.46718	0.28499	0.38929	-0.33796	0.34433	0.37490	1.56313	68.00890
14697	1.00000	0.19552	0.56872	0.72628	0.32078	0.19552	0.76958	0.77630	2.56482	48.87698
14717	1.00000	0.55332	-0.75128	0.65027	0.42854	0.55332	-0.54804	0.66997	3.52662	63.44951
14737	1.00000	-0.97942	0.26088	0.93825	0.38555	-0.97942	-0.26423	0.99708	4.46235	44.89713
14757	1.00000	0.35669	0.05780	0.40484	0.19409	0.35669	0.27268	0.46606	5.36586	44.03785
14777	1.00000	0.40182	-0.53853	0.52139	0.20395	0.40182	-0.38985	0.50217	0.08897	66.69501
14797	1.00000	0.02629	-0.19363	0.19863	-0.06827	0.02629	-0.20840	0.22985	1.11060	48.99693
14817	1.00000	-0.29122	0.41722	0.29026	0.31448	-0.29122	0.31362	0.45601	2.12917	48.63855
14837	1.00000	0.16329	0.52198	0.67473	0.23902	0.16329	0.69700	0.69567	3.12932	64.07250
14857	1.00000	0.41310	-0.48696	0.52320	-0.04159	0.41310	-0.32379	0.57910	4.04664	40.65928
14877	1.00000	-0.66030	0.79275	0.83281	0.16621	-0.66030	0.53416	0.87177	4.92561	58.71713
14897	1.00000	0.16490	0.05619	0.20311	-0.10751	0.16490	0.16009	0.25229	5.86748	49.48339
14917	1.00000	-0.05268	-0.22264	0.20535	0.20799	-0.05268	-0.28750	0.20649	0.61666	53.75134
14937	1.00000	-0.34441	0.08843	0.27424	0.22967	-0.34441	-0.09674	0.25968	1.64596	48.16861
14957	1.00000	-0.43466	0.57194	0.57385	0.16504	-0.43466	0.40947	0.61771	2.64918	62.38696
14977	1.00000	0.92885	-0.27905	0.81884	0.48786	0.92885	0.21406	0.77760	3.61406	48.16804
14997	1.00000	-0.82470	0.05458	0.92099	0.04981	-0.82470	-0.41312	0.92483	4.43934	34.34295
15017	1.00000	0.38409	-0.03890	0.36768	0.20877	0.38409	0.17684	0.38432	5.35206	44.46334
15037	1.00000	0.16006	-0.17106	0.19137	-0.00683	0.16006	-0.10511	0.22446	0.06903	66.05678
15057	1.00000	-0.10265	-0.00344	0.09992	0.06745	-0.10265	-0.06324	0.08972	0.96181	48.16847
15077	1.00000	-0.60873	0.69927	0.71643	0.25519	-0.60873	0.45600	0.71355	2.10002	51.87360
15097	1.00000	0.35025	-0.06308	0.28885	0.23654	0.35025	0.12938	0.55138	3.07256	44.46334
15117	1.00000	0.44373	-0.58366	0.60754	0.04792	0.44373	-0.41777	0.65376	4.04971	59.28387
15137	1.00000	-0.71027	0.82498	0.85274	0.26754	-0.71027	0.54253	0.87982	4.94402	44.03671
15157	1.00000	0.56783	-0.08081	0.60048	0.12967	0.56783	0.23453	0.65134	5.88895	47.93703
15177	1.00000	0.06981	0.03846	-0.01306	-0.10899	0.06981	0.08471	0.11047	0.62126	57.73046
15197	1.00000	-0.36052	0.09648	0.28334	0.24298	-0.36052	-0.09674	0.24799	1.64596	48.52021
15217	1.00000	0.00534	0.34791	0.40320	-0.03626	0.00534	0.40482	0.43892	2.53874	44.89713
15237	1.00000	0.41794	-0.53853	0.56001	0.07651	0.41794	-0.38055	0.60469	3.49134	43.82815
15257	1.00000	-0.46367	0.61546	0.50783	0.39148	-0.46367	0.44297	0.47572	4.39025	45.79060
15277	1.00000	0.81120	-0.15011	0.77819	0.37331	0.81120	0.29501	0.68841	5.33672	44.46334
15297	1.00000	-0.04785	-0.20330	0.19880	0.17775	-0.04785	-0.26237	0.44391	0.03988	48.99707
15317	1.00000	-0.72961	0.19641	0.65102	0.38240	-0.72961	-0.19444	0.70066	1.05845	49.60633
15337	1.00000	-0.16228	0.09648	0.12678	-0.10281	-0.16228	0.01772	0.17710	2.05707	51.13284
15357	1.00000	0.51625	-0.11304	0.44542	0.31006	0.51625	0.16753	0.43784	3.06029	47.70767
15377	1.00000	-0.09942	-0.36124	0.39696	0.27833	-0.09942	-0.47453	0.44981	4.01136	46.13489
15397	1.00000	-0.54748	0.61868	0.67592	-0.03839	-0.54748	0.39830	0.70598	4.91487	44.35620
15417	1.00000	0.43728	-0.02601	0.49059	-0.00057	0.43728	0.22243	0.50077	5.88435	48.63855
15437	1.00000	-0.07203	-0.21135	0.23055	0.18334	-0.07203	-0.28564	0.22161	0.59365	54.48565
15457	1.00000	-0.24126	0.08037	0.17454	0.17290	-0.24126	-0.04649	0.27129	1.63983	47.70767
15477	1.00000	-0.46851	0.60256	0.60536	0.18415	-0.46851	0.42529	0.63318	2.65225	48.63855
15497	1.00000	0.74189	-0.15978	0.75101	0.21401	0.74189	0.24384	0.76310	3.60639	44.24957
15517	1.00000	-0.05107	-0.36608	0.44465	-0.09675	-0.05107	-0.45220	0.46564	4.51451	44.03785
15537	1.00000	0.16651	0.49297	0.57839	0.36858	0.16651	0.66536	0.66152	5.43796	49.97947
15557	1.00000	-0.03334	0.16901	0.00710	-0.17889	-0.03334	0.17591	0.18246	0.15186	58.51698
15577	1.00000	0.06336	-0.27905	0.24867	0.15412	0.06336	-0.28564	0.31653	1.19344	63.44922
15597	1.00000	-0.74411	0.19158	0.67582	0.37460	-0.74411	-0.20840	0.73063	2.19819	48.05198
15617	1.00000	-0.27833	0.31245	0.34065	-0.03816	-0.27833	0.20010	0.37893	3.20295	47.25490
15637	1.00000	0.34380	-0.04212	0.36677	-0.07821	0.34380	0.14985	0.41535	4.13101	41.45906
15657	1.00000	-0.91818	0.18674	0.91126	0.33380	-0.91818	-0.31448	0.87631	5.03759	48.16861
15677	1.00000	0.14717	0.54454	0.68444	0.25022	0.14717	0.71375	0.67386	5.99173	48.52021
15697	1.00000	0.19391	0.00945	0.22860	-0.02081	0.19391	0.12287	0.24271	0.73938	55.08770
15717	1.00000	0.01178	-0.21941	0.21038	0.12910	0.01178	-0.24655	0.42082	1.75487	48.16833
15737	1.00000	-0.82470	0.20769	0.78096	0.35495	-0.82470	-0.23632	0.89429	2.76270	48.52021
15757	1.00000	0.19069	0.54938	0.67179	0.37306	0.19069	0.74446	0.66126	3.71070	45.33887
15777	1.00000	0.59845	-0.74000	0.78351	0.05703	0.59845	-0.50896	0.83367	4.63109	43.93275
15797	1.00000	-0.31862	0.39949	-0.10129	0.41006	-0.31862	0.27733	0.28395	5.55301	290.92703
15817	1.00000	0.03274	0.14484	0.15014	0.11478	0.03274	0.18614	0.11651	0.31140	59.65481
15837	1.00000	0.45984	-0.13399	0.31607	0.35186	0.45984	0.11077	0.60735	1.36371	67.34540
15857	1.00000	0.13105	-0.48535	0.42430	0.26857	0.13105	-0.48477	0.47264	2.33625	40.27169
15877	1.00000	-0.36052	0.06747	0.38309	0.01232	-0.36052	-0.13024	0.41713	3.29652	64.07250
15897	1.00000	0.48080	0.10777	0.58155	0.23360	0.48080	0.40202	0.65330	4.21538	40.85675
15917	1.00000	-0.13005	-0.46923	0.55353	0.30178	-0.13005	-0.61690	0.61376	5.14804	45.67698
15937	1.00000	-0.30572	0.28667	0.31161	0.14218	-0.30572	0.15450	0.23306	6.11752	52.37998
15957	1.00000	0.09721	0.24476	0.26926	0.22734	0.09721	0.33875	0.24840	0.87590	53.28966
15977	1.00000	0.36153	-0.42733	0.45608	0.06109	0.36153	-0.28470	0.46452	1.78402	48.05226
15997	1.00000	-0.83115	0.21414	0.78346	0.36196	-0.83115	-0.23259	0.81165	2.76270	48.16861
16017	1.00000	0.20519	0.57194	0.70805	0.38386	0.20519	0.77889	0.67828	3.70917	46.13429
16037	1.00000	0.55816	-0.69165	0.73375	0.00509	0.55816	-0.47639	0.76869	4.62495	40.65985
16057	1.00000	-0.29122	0.26733	0.29577	0.13064	-0.29122	0.14055	0.23225	5.54994	44.89713
16077	1.00000	0.13428	0.42205	0.52053	0.25711	0.13428	0.56487	0.53526	0.28839	58.51698
16097	1.00000	0.42439	-0.06469	0.45300	0.06235	0.42439	0.17032	0.47935	1.31155	49.48309
16117	1.00000	-0.09298	-0.30806	0.30778	0.28548	-0.09298	-0.40940	0.46194	2.31785	48.52021
16137	1.00000	-0.62485	0.12872	0.64840	0.12238	-0.62485	-0.21212	0.70971	3.31340	49.97947
16157	1.00000	0.24871	0.22865	0.47029	0.08245	0.24871	0.40761	0.64701	4.21998	44.35620
16177	1.00000	-0.11877	-0.43377	0.49143	0.31118	-0.11877	-0.56945	0.53451	5.15264	48.99707
16197	1.00000	-0.15745	0.18835	0.14230	0.14338	-0.15745	0.12659	0.34410	6.13132	52.89486
16217	1.00000	0.06981	0.18029	0.17080	0.19348	0.06981	0.24849	0.16118	0.88971	67.18169
16237	1.00000	0.43406	-0.07113	0.39352	0.24884	0.43406	0.16846	0.33733	1.92054	47.59381
16257	1.00000	0.30995	-0.38703	0.40924	0.01992	0.30995	-0.26795	0.44285	2.92223	48.05255
16277	1.00000	-0.84082	0.21092	0.84125	0.24024	-0.84082	-0.24190	0.88962	3.88557	45.79001
16297	1.00000	0.78219	-0.15011	0.74984	0.35632	0.78219	0.27826	0.83256	4.75381	44.35620
16317	1.00000	-0.11715	-0.48535	0.61619	0.16873	-0.11715	-0.62807	0.70387	5.69720	63.91605
16337	1.00000	-0.10265	0.12550	0.09621	0.09282	-0.10265	0.08565	0.16479	0.42338	37.61808
16357	1.00000	0.03435	0.20125	0.20736	0.14757	0.03435	0.25221	0.17611	1.45115	49.85452
16377	1.00000	0.58395	-0.14044	0.51343	0.32860	0.58395	0.17498	0.44357	2.49118	47.70767
16397	1.00000	-0.04301	-0.39026	0.36400	0.30892	-0.04301	-0.47546	0.47808	3.45913	60.30350
16417	1.00000	-0.62646	0.81209	0.71639	0.45935	-0.62646	0.57603	0.69383	4.38565	44.46334
16437	1.00000	0.81120	-0.13560	0.83584	0.23784	0.81120	0.31176	0.81983	5.32291	44.46334
16457	1.00000	-0.13488	-0.33546	0.38189	0.29794	-0.13488	-0.46523	0.42085	0.01687	68.68472
16477	1.00000	-0.72638	0.19641	0.65382	0.37043	-0.72638	-0.19258	0.59448	1.05691	49.73004
16497	1.00000	-0.12844	0.04491	0.06904	-0.11056	-0.12844	-0.02230	0.13318	2.18132	47.93675
16517	1.00000	0.13750	0.06586	0.17132	-0.11711	0.13750	0.15544	0.22767	2.99740	48.63855
16537	1.00000	-0.05107	-0.32901	0.40995	-0.04615	-0.05107	-0.40940	0.44986	3.94847	59.71719
16557	1.00000	0.19713	0.69927	0.88924	0.31103	0.19713	0.92126	0.92847	4.84431	45.22807
16577	1.00000	0.55171	-0.74000	0.70947	0.29705	0.55171	-0.53595	0.81043	5.79845	47.70653
16597	1.00000	0.09398	-0.05341	-0.02692	-0.09035	0.09398	-0.00741	0.10637	0.52769	53.32018
16617	1.00000	-0.30895	0.36081	0.33300	0.20322	-0.30895	0.23825	0.31222	1.54012	48.28525
16637	1.00000	0.18424	0.56872	0.72174	0.30857	0.18424	0.76307	0.82363	2.56482	49.23903
16657	1.00000	0.57105	-0.71260	0.66899	0.34884	0.57105	-0.49314	0.69825	3.52969	47.70767
16677	1.00000	-0.93107	0.21414	0.92652	0.30438	-0.93107	-0.29029	1.00679	4.45775	44.46334
16697	1.00000	0.28255	0.02073	0.29768	0.16191	0.28255	0.18707	0.53692	5.35819	48.05255
16717	1.00000	0.40666	-0.46278	0.49461	0.10227	0.40666	-0.29959	0.53016	0.09204	50.77020
16737	1.00000	0.05208	-0.11626	0.08757	-0.07678	0.05208	-0.10418	0.12813	1.09986	48.99678
16757	1.00000	-0.33151	0.41077	0.33065	0.28389	-0.33151	0.28292	0.33475	2.12150	49.11775
16777	1.00000	0.13105	0.48813	0.63566	0.14767	0.13105	0.63931	0.69904	3.12165	48.16804
16797	1.00000	0.56944	-0.71905	0.75527	0.07281	0.56944	-0.50152	0.80932	4.06045	43.62043
16817	1.00000	-0.63774	0.80564	0.80125	0.28376	-0.63774	0.56208	0.80894	4.94249	40.65870
16837	1.00000	0.46629	-0.04212	0.51349	0.04889	0.46629	0.22057	0.55391	5.88282	49.60648
16857	1.00000	-0.04785	-0.20330	0.18754	0.18962	-0.04785	-0.26237	0.31249	0.61513	57.26862
16877	1.00000	-0.47496	0.10777	0.40186	0.29412	-0.47496	-0.14978	0.45765	1.63522	47.70767
16897	1.00000	-0.48463	0.65736	0.61185	0.30023	-0.48463	0.47926	0.64823	2.66299	62.38696
16917	1.00000	0.91918	-0.25004	0.83117	0.46101	0.91918	0.24197	0.80478	3.62019	44.78731
16937	1.00000	-0.13005	-0.62396	0.80486	0.04405	-0.13005	-0.79556	0.84384	4.53598	44.78789
16957	1.00000	0.07948	0.37692	0.40139	0.27688	0.07948	0.48112	0.41148	5.44256	49.48221
16977	1.00000	0.17940	0.06425	0.23712	-0.08691	0.17940	0.17777	0.27664	0.17027	37.72084
16997	1.00000	0.11171	-0.12593	0.13693	-0.01655	0.11171	-0.08092	0.16379	1.19651	67.34540
17017	1.00000	-0.72638	0.19963	0.64947	0.37605	-0.72638	-0.18886	0.60336	2.19819	48.40187
17037	1.00000	-0.25737	0.26733	0.29627	-0.06382	-0.25737	0.16009	0.33382	3.19835	48.05198
17057	1.00000	0.30028	-0.05018	0.31418	-0.06915	0.30028	0.11542	0.34409	4.12487	45.22807
17077	1.00000	-0.91012	0.21092	0.89599	0.32389	-0.91012	-0.28191	0.93213	5.03759	44.78789
17097	1.00000	0.13105	0.44462	0.51917	0.30756	0.13105	0.58906	0.45401	6.00707	48.99707
17117	1.00000	0.63713	-0.16461	0.59898	0.28061	0.63713	0.17777	0.54265	0.76085	53.75134
17137	1.00000	-0.00433	-0.29355	0.26944	0.20978	-0.00433	-0.34147	0.25151	1.92668	48.63855
17157	1.00000	-0.50074	0.65898	0.60940	0.31929	-0.50074	0.47181	0.62905	2.66299	47.36771
17177	1.00000	0.61134	-0.11949	0.47577	0.43997	0.61134	0.21499	0.59227	3.64320	62.38696
17197	1.00000	-0.21063	-0.66425	0.84275	0.35171	-0.21063	-0.88862	0.90571	4.55899	45.45141
17217	1.00000	-0.40565	0.47202	0.51079	0.01503	-0.40565	0.31083	0.52340	5.48858	48.16861
17237	1.00000	0.62424	-0.12271	0.61440	0.24494	0.62424	0.21871	0.56041	0.19021	53.75136
17257	1.00000	0.46468	-0.62234	0.61296	0.20742	0.46468	-0.45034	0.64642	1.22565	48.63826
17277	1.00000	-0.50719	0.13194	0.40429	0.33690	-0.50719	-0.14047	0.41739	2.20893	66.53429
17297	1.00000	-0.40243	0.47040	0.50832	0.01223	-0.40243	0.31083	0.52499	3.21062	48.51963
17317	1.00000	0.64358	-0.10015	0.69255	0.00558	0.64358	0.25593	0.72740	4.14635	45.67698
17337	1.00000	-0.96170	0.24476	0.90492	0.42452	-0.96170	-0.27261	0.99920	5.04373	44.67918
17357	1.00000	0.18746	0.58322	0.72958	0.33740	0.18746	0.78168	0.70169	6.00247	49.36091
17377	1.00000	0.28094	-0.01956	0.31271	0.02512	0.28094	0.13962	0.34879	0.74398	59.16180
17397	1.00000	0.34702	-0.76901	0.71655	-0.28240	0.34702	-0.68762	0.78560	1.66284	26.44802
17417	1.00000	-0.15906	0.13517	0.15829	-0.06608	-0.15906	0.06424	0.19735	2.62771	52.25254
17437	1.00000	0.61134	-0.10820	0.64775	0.07814	0.61134	0.22802	0.69980	3.59412	48.99707
17457	1.00000	-0.55715	0.07392	0.53439	0.28399	-0.55715	-0.23632	0.61266	4.48229	44.67918
17477	1.00000	0.14717	0.48652	0.58879	0.30531	0.14717	0.64675	0.66191	5.42416	49.60648
17497	1.00000	-0.07203	0.20447	-0.05047	-0.20117	-0.07203	0.19452	0.21986	0.14113	37.72084
17517	1.00000	-0.15261	-0.33062	0.34408	0.35451	-0.15261	-0.46988	0.34540	1.16583	67.34569
17537	1.00000	-0.68609	0.12550	0.69943	0.21116	-0.68609	-0.25121	0.68715	2.18592	48.51963
17557	1.00000	-0.04140	0.12872	0.12632	0.03623	-0.04140	0.12473	0.11373	3.17841	48.05255
17577	1.00000	0.36153	-0.20168	0.35626	0.06601	0.36153	-0.02416	0.34778	4.12181	57.09622
17597	1.00000	-0.87144	0.18674	0.87335	0.28151	-0.87144	-0.28750	0.92275	5.03452	44.35620
17617	1.00000	0.13105	0.48491	0.57391	0.30279	0.13105	0.63559	0.52328	6.00400	49.11775
17637	1.00000	0.16167	0.04652	0.20893	-0.06414	0.16167	0.14706	0.23102	0.73631	54.93594
17657	1.00000	0.01178	-0.25326	0.23742	0.15922	0.01178	-0.28563	0.41882	1.75794	51.74890
17677	1.00000	-0.79569	0.17062	0.78103	0.30318	-0.79569	-0.26237	0.73281	2.75963	49.11775
17697	1.00000	0.24065	0.63802	0.80803	0.41428	0.24065	0.87566	0.78466	3.70610	44.46276
17717	1.00000	0.50014	-0.62718	0.66303	-0.01126	0.50014	-0.43545	0.69633	4.62188	40.27169
17737	1.00000	-0.29444	0.31407	0.34717	-0.05715	-0.29444	0.19266	0.37255	5.47171	41.05556
17757	1.00000	0.67581	-0.15333	0.63969	0.30477	0.67581	0.21313	0.61652	0.19328	58.35797
17777	1.00000	0.24065	-0.31773	0.32793	0.04830	0.24065	-0.22794	0.35595	1.20878	47.82208
17797	1.00000	-0.21547	0.04169	0.17839	0.14288	-0.21547	-0.07627	0.08880	2.22120	47.70767
17817	1.00000	-0.49430	0.62352	0.64428	0.13444	-0.49430	0.43459	0.70518	3.21983	48.16861
17837	1.00000	0.36153	-0.04696	0.38218	-0.09222	0.36153	0.15450	0.41607	4.13254	45.33946
17857	1.00000	-0.66675	0.11905	0.63166	0.32679	-0.66675	-0.24748	0.59889	5.04833	44.78789
17877	1.00000	0.10688	0.36564	0.40399	0.28698	0.10688	0.48391	0.37367	6.02087	53.42237
17897	1.00000	0.33574	-0.06469	0.31192	0.17208	0.33574	0.11914	0.28124	0.77926	37.21242
17917	1.00000	0.46951	-0.63040	0.61775	0.21793	0.46951	-0.45685	0.65212	1.79783	48.05255
17937	1.00000	-0.63452	0.16256	0.55028	0.36289	-0.63452	-0.17862	0.45526	2.77651	48.16804
17957	1.00000	0.00050	0.23509	0.23701	0.13290	0.00050	0.27175	0.21706	3.73371	45.67698
17977	1.00000	0.46629	-0.50308	0.49741	0.25910	0.46629	-0.31169	0.46604	4.67251	58.71713
17997	1.00000	-0.65869	0.15934	0.59051	0.35162	-0.65869	-0.19630	0.61522	5.62818	48.16746
18017	1.00000	-0.33151	0.37531	0.40699	0.05276	-0.33151	0.24197	0.44508	0.36509	53.32022
18037	1.00000	0.47274	-0.10337	0.37676	0.32415	0.47274	0.15357	0.45898	1.36371	47.48021
18057	1.00000	0.52109	-0.62073	0.62939	0.21992	0.52109	-0.41591	0.68732	2.38074	48.52021
18077	1.00000	-0.03012	-0.09370	0.12742	-0.02102	-0.03012	-0.12558	0.12077	3.37476	44.03728
18097	1.00000	-0.04463	0.38982	0.39600	0.15886	-0.04463	0.42436	0.37445	4.29821	41.45906
18117	1.00000	0.62907	-0.83026	0.81688	0.28824	0.62907	-0.59550	0.85187	5.22627	44.89713
18137	1.00000	-0.32507	0.04007	0.29670	0.19397	-0.32507	-0.14140	0.20948	6.21876	51.87389
18157	1.00000	-0.28477	0.31890	0.30706	0.16837	-0.28477	0.20382	0.30834	0.97561	49.11760
18177	1.00000	0.00534	0.36403	0.42195	-0.03555	0.00534	0.42343	0.44742	1.97730	49.11775
18197	1.00000	0.20841	-0.21941	0.21354	0.12460	0.20841	-0.13303	0.15653	2.97899	49.11775
18217	1.00000	-0.12844	-0.19040	0.32081	0.00218	-0.12844	-0.29401	0.33061	3.94080	44.03785
18237	1.00000	0.15523	0.68637	0.86413	0.23554	0.15523	0.88218	0.91276	4.83511	45.67698
18257	1.00000	0.46629	-0.59333	0.60988	0.13573	0.46629	-0.41591	0.66764	5.79385	47.93589
18277	1.00000	-0.15422	0.01590	0.13629	0.10102	-0.15422	-0.07068	0.07487	0.50775	56.66420
18297	1.00000	-0.32023	0.46557	0.31091	0.36093	-0.32023	0.35271	0.43757	1.55852	52.25254
18317	1.00000	0.16973	0.51714	0.66633	0.26068	0.16973	0.69514	0.71145	2.56788	49.11775
18337	1.00000	0.38732	-0.43055	0.39511	0.26212	0.38732	-0.27354	0.34359	3.54196	59.14102
18357	1.00000	-0.93107	0.21575	0.88975	0.39786	-0.93107	-0.28843	0.91003	4.46695	44.78789
18377	1.00000	-0.04624	0.22703	0.20703	-0.12129	-0.04624	0.23546	0.25586	5.37200	43.93275
18397	1.00000	0.27933	-0.28549	0.29383	0.14154	0.27933	-0.16839	0.23012	0.11658	65.27596
18417	1.00000	-0.17840	-0.47407	0.59695	0.31384	-0.17840	-0.65040	0.58468	1.14895	48.51992
18437	1.00000	-0.15906	-0.00344	0.18126	-0.04026	-0.15906	-0.09581	0.21471	2.15831	48.99707
18457	1.00000	0.21164	0.54293	0.69981	0.34079	0.21164	0.74911	0.74193	3.13546	49.48339
18477	1.00000	0.60329	-0.78674	0.80839	0.15543	0.60329	-0.56014	0.85581	4.06658	44.14346
18497	1.00000	-0.54265	0.65092	0.60055	0.35480	-0.54265	0.43832	0.51857	4.95629	44.78789
18517	1.00000	0.49852	-0.11626	0.38960	0.34682	0.49852	0.15357	0.67077	5.92884	62.83795
18537	1.00000	0.12138	-0.09370	0.12311	0.03210	0.12138	-0.03811	0.07674	0.69183	54.33718
18557	1.00000	-0.15422	-0.36608	0.42395	0.32546	-0.15422	-0.51175	0.46397	1.73340	49.48339
18577	1.00000	-0.25737	0.02235	0.28284	-0.03628	-0.25737	-0.12279	0.31538	2.72742	49.36091
18597	1.00000	0.09882	0.46879	0.60345	0.06000	0.09882	0.59837	0.65950	3.68155	44.67918
18617	1.00000	0.02468	-0.41121	0.42249	0.18504	0.02468	-0.46057	0.42792	4.58660	45.56392
18637	1.00000	-0.44756	0.58000	0.52632	0.30408	-0.44756	0.41133	0.53497	5.53153	48.16861
18657	1.00000	-0.07203	0.14322	0.10573	-0.09660	-0.07203	0.12380	0.16290	0.25617	37.31303
18677	1.00000	0.07625	-0.02923	0.07689	-0.00288	0.07625	0.01027	0.05802	1.27320	48.99678
18697	1.00000	-0.11554	-0.26776	0.29958	0.25471	-0.11554	-0.37590	0.34574	2.30711	48.99707
18717	1.00000	-0.26221	0.00623	0.29276	-0.06190	-0.26221	-0.14419	0.33044	3.29346	49.48280
18737	1.00000	0.35992	0.10293	0.45515	0.17042	0.35992	0.32665	0.69065	4.21231	44.03785
18757	1.00000	-0.14294	-0.43861	0.51783	0.31488	-0.14294	-0.58899	0.61727	5.14957	45.22807
18777	1.00000	-0.21386	0.28183	0.20821	0.20776	-0.21386	0.20196	0.44801	6.13132	49.60530
18797	1.00000	0.04402	0.16095	0.16578	0.13814	0.04402	0.21127	0.12858	0.88357	48.52007
18817	1.00000	0.41794	-0.09853	0.33736	0.27768	0.41794	0.12752	0.34084	1.92515	66.05649
18837	1.00000	0.42116	-0.54337	0.56126	0.10018	0.42116	-0.38427	0.60469	2.93297	48.63855
18857	1.00000	-0.56682	0.10777	0.60078	0.03784	-0.56682	-0.20282	0.65045	3.87177	45.22807
18877	1.00000	0.45662	-0.01311	0.47424	0.21286	0.45662	0.24849	0.46590	4.76761	40.27055
18897	1.00000	-0.19129	-0.45472	0.55597	0.36237	-0.19129	-0.63551	0.65521	5.72328	50.10504
18917	1.00000	-0.20096	-0.02117	0.24300	-0.03253	-0.20096	-0.14047	0.24968	0.46173	59.32523
18937	1.00000	-0.03334	0.13678	0.13406	0.04870	-0.03334	0.13869	0.10934	1.46802	49.60648
18957	1.00000	0.65325	-0.13238	0.63752	0.26558	0.65325	0.22429	0.66804	2.47278	48.05255
18977	1.00000	-0.01723	-0.33546	0.32292	0.23205	-0.01723	-0.39730	0.51121	3.46219	48.99648
18997	1.00000	-0.50558	0.54615	0.55213	0.25582	-0.50558	0.33875	0.55424	4.38719	45.22807
19017	1.00000	0.48724	-0.02278	0.54950	-0.02226	0.48724	0.25500	0.58054	5.29684	64.07309
19037	1.00000	-0.08492	-0.30645	0.35007	0.21672	-0.08492	-0.40288	0.35179	0.02148	48.99590
19057	1.00000	-0.67803	0.15934	0.65937	0.26062	-0.67803	-0.20747	0.70993	1.04771	48.52007
19077	1.00000	0.01984	0.15934	0.15072	0.12599	0.01984	0.19545	0.12052	2.03252	64.07280
19097	1.00000	0.60973	-0.16945	0.53007	0.33940	0.60973	0.15637	0.59150	3.05722	47.14375
19117	1.00000	-0.24126	-0.56593	0.71425	0.42008	-0.24126	-0.79277	0.81816	3.99602	45.79060
19137	1.00000	-0.13005	0.40110	0.39900	0.09102	-0.13005	0.38807	0.37133	4.88113	44.89713
19157	1.00000	0.28094	0.02879	0.33377	-0.07563	0.28094	0.19545	0.39674	5.87515	49.11775
19177	1.00000	-0.00111	-0.12593	0.11611	0.08861	-0.00111	-0.14606	0.27209	0.61206	57.88615
19197	1.00000	-0.36052	0.09648	0.28334	0.24298	-0.36052	-0.09674	0.30440	1.64443	51.87389
19217	1.00000	-0.44594	0.57194	0.58089	0.15408	-0.44594	0.40296	0.62617	2.64765	62.83795
19237	1.00000	0.67581	-0.13077	0.70193	0.14550	0.67581	0.23918	0.76662	3.59412	44.78789
19257	1.00000	-0.26704	-0.17912	0.44455	0.06325	-0.26704	-0.36101	0.42433	4.49917	43.51731
19277	1.00000	0.14072	0.48491	0.56361	0.33647	0.14072	0.64117	0.54321	5.43183	49.60648
19297	1.00000	0.14395	0.07714	0.20570	-0.08973	0.14395	0.17218	0.23146	0.16567	59.82097
19317	1.00000	-0.10104	-0.28549	0.29117	0.27558	-0.10104	-0.38799	0.54771	1.17656	48.87698
19337	1.00000	-0.54265	0.13517	0.43224	0.36383	-0.54265	-0.15722	0.43146	2.21047	66.69501
19357	1.00000	-0.42822	0.50586	0.54415	0.02720	-0.42822	0.33689	0.58032	3.21216	47.70710
19377	1.00000	0.38248	-0.04212	0.41064	-0.08550	0.38248	0.17218	0.45043	4.13715	45.33946
19397	1.00000	-0.51041	0.09648	0.44563	0.30905	-0.51041	-0.18328	0.49974	5.05753	62.83795
19417	1.00000	-0.11877	0.08359	0.09694	-0.07408	-0.11877	0.02795	0.13236	6.04849	48.05255
19437	1.00000	0.04724	0.00784	0.05099	0.03084	0.04724	0.03633	0.26238	0.80687	53.46313
19457	1.00000	0.58395	-0.84315	0.71374	0.48638	0.58395	-0.63644	0.69237	1.81623	66.05649
19477	1.00000	-0.04140	-0.33062	0.40776	-0.00168	-0.04140	-0.40567	0.44388	2.83173	48.63855
19497	1.00000	-0.48624	0.57194	0.61588	0.03512	-0.48624	0.37969	0.66052	3.77359	59.28445
19517	1.00000	0.59039	-0.67070	0.68223	0.26662	0.59039	-0.43359	0.66617	4.66484	40.65985
19537	1.00000	-0.88433	0.22220	0.81628	0.42450	-0.88433	-0.25400	0.92718	5.62204	48.16746
19557	1.00000	-0.09298	-0.04374	-0.01774	-0.13850	-0.09298	-0.10418	0.14956	0.34054	57.26858
19577	1.00000	0.00211	0.09004	0.10029	-0.03176	0.00211	0.10519	0.27116	1.37751	51.37749
19597	1.00000	0.55332	-0.77868	0.70136	0.38756	0.55332	-0.57968	0.79799	2.37920	48.63855
19617	1.00000	-0.50719	0.13194	0.37898	0.36514	-0.50719	-0.14047	0.41473	3.35635	62.83795
19637	1.00000	-0.24770	0.46073	0.46081	0.01717	-0.24770	0.38900	0.45554	4.31355	44.03785
19657	1.00000	0.64197	-0.86249	0.81158	0.37992	0.64197	-0.62528	0.78927	5.23241	48.52021
19677	1.00000	-0.27188	0.05619	0.20726	0.19857	-0.27188	-0.09209	0.20565	6.22029	66.53429
19697	1.00000	-0.31862	0.39304	0.34460	0.23577	-0.31862	0.26989	0.34028	0.97868	48.52007
19717	1.00000	0.05691	0.40271	0.49848	0.05073	0.05691	0.49787	0.51832	1.97884	49.48339
19737	1.00000	0.28094	-0.33223	0.30306	0.19000	0.28094	-0.22143	0.30486	2.97285	48.52021
19757	1.00000	-0.27510	-0.02439	0.29436	0.15493	-0.27510	-0.18700	0.26973	3.93313	47.25547
19777	1.00000	0.15362	0.66059	0.84101	0.20295	0.15362	0.85147	0.87266	4.83204	45.11721
19797	1.00000	0.39537	-0.45956	0.49628	0.03786	0.39537	-0.30238	0.51673	5.78771	47.70767
19817	1.00000	-0.08008	0.00462	0.07445	0.05043	-0.08008	-0.04091	0.01444	0.50928	52.75595
19837	1.00000	-0.54265	0.67348	0.63319	0.33028	-0.54265	0.46437	0.63191	1.52938	47.48021
19857	1.00000	0.05208	0.32374	0.40649	0.02408	0.05208	0.40389	0.44207	2.54334	48.05255
19877	1.00000	0.53882	-0.71099	0.71435	0.20000	0.53882	-0.50989	0.76363	3.50208	44.24957
19897	1.00000	-0.44594	0.11099	0.46323	-0.03133	-0.44594	-0.12931	0.46766	4.42247	44.89596
19917	1.00000	0.59200	-0.15011	0.50689	0.34913	0.59200	0.16846	0.47740	5.46097	62.23806
19937	1.00000	0.10043	-0.02278	0.04861	-0.09342	0.10043	0.03167	0.11205	0.05983	51.99950
19957	1.00000	-0.20419	0.04169	0.14505	0.15972	-0.20419	-0.06975	0.14273	1.08606	62.23778
19977	1.00000	-0.24609	0.53810	0.28422	0.45763	-0.24609	0.47926	0.23269	2.12150	51.74861
19997	1.00000	0.09237	0.35758	0.47184	0.05703	0.09237	0.46623	0.48444	3.11245	48.99648
20017	1.00000	0.29867	-0.36608	0.38438	-0.06390	0.29867	-0.25027	0.42853	4.04051	44.78731
20037	1.00000	-0.61840	0.69604	0.69890	0.30562	-0.61840	0.44669	0.69552	4.95629	44.03785
20057	1.00000	0.72255	-0.16623	0.66250	0.36588	0.72255	0.22522	0.71412	5.91503	52.37998
20077	1.00000	0.26321	-0.31289	0.33463	0.03343	0.26321	-0.20933	0.37041	0.65194	37.21242
20097	1.00000	-0.14294	0.00623	0.13142	0.09400	-0.14294	-0.07534	0.10753	1.65056	51.87360
20117	1.00000	-0.54265	0.68637	0.68436	0.23616	-0.54265	0.47926	0.72712	2.66452	47.03256
20137	1.00000	0.50819	-0.12110	0.42612	0.31666	0.50819	0.15357	0.46204	3.63707	43.93218
20157	1.00000	-0.14294	-0.64007	0.82468	0.12402	-0.14294	-0.82162	0.86934	4.54212	45.22807
20177	1.00000	0.09559	0.36242	0.39258	0.28169	0.09559	0.47368	0.36128	5.44717	49.11658
20197	1.00000	0.49530	-0.08886	0.50280	0.16166	0.49530	0.18335	0.46605	0.18561	53.32018
20217	1.00000	-0.02045	-0.28872	0.26131	0.22646	-0.02045	-0.34519	0.24732	1.18730	52.37969
20237	1.00000	-0.82309	0.22542	0.74372	0.41303	-0.82309	-0.21491	0.70615	2.19206	48.51963
20257	1.00000	0.05047	0.21575	0.21724	0.18106	0.05047	0.27826	0.21386	3.17227	49.48339
20277	1.00000	0.41955	-0.05824	0.44871	-0.07262	0.41955	0.17498	0.46912	4.14021	41.56117
20297	1.00000	-0.91979	0.22059	0.89457	0.34943	-0.91979	-0.27633	0.95515	5.03759	44.46334
20317	1.00000	-0.38470	-0.20491	-0.39734	-0.44778	-0.38470	-0.45871	0.46335	6.00247	-89.57578
20337	1.00000	0.18907	0.02879	0.23322	-0.04040	0.18907	0.14241	0.23899	0.73784	59.16180
20357	1.00000	-0.11071	-0.27744	0.31191	0.25026	-0.11071	-0.38427	0.34895	1.73647	48.51992
20377	1.00000	-0.78924	0.19641	0.74915	0.33762	-0.78924	-0.22887	0.88016	2.75656	62.83795
20397	1.00000	0.16006	0.64769	0.81024	0.27408	0.16006	0.84030	0.80272	3.70150	41.56059
20417	1.00000	-0.00594	-0.45472	0.46521	0.25081	-0.00594	-0.52850	0.44615	4.58507	46.25081
20437	1.00000	-0.34441	0.39626	0.32614	0.28135	-0.34441	0.25872	0.36311	5.55454	44.89713
20457	1.00000	0.08592	0.34791	0.41751	0.19173	0.08592	0.45134	0.44921	0.28992	42.84866
20477	1.00000	0.49530	-0.10337	0.51275	0.10072	0.49530	0.16660	0.56677	1.31922	49.48309
20497	1.00000	-0.11715	-0.30483	0.35251	0.25598	-0.11715	-0.41963	0.39470	2.30404	49.48339
20517	1.00000	-0.30572	0.28344	0.26754	0.21121	-0.30572	0.15078	0.41686	3.27965	63.44893
20537	1.00000	0.31801	0.30278	0.61074	0.11133	0.31801	0.53323	0.61901	4.22765	44.03785
20557	1.00000	-0.20580	-0.64007	0.82632	0.30919	-0.20580	-0.85791	0.86659	5.13270	45.22807
20577	1.00000	-0.38631	0.44139	0.42656	0.22227	-0.38631	0.28664	0.43696	6.11445	51.37749
20597	1.00000	0.17134	0.47846	0.61335	0.27828	0.17134	0.65141	0.62891	0.85289	59.82098
20617	1.00000	0.10365	-0.07436	0.10201	0.03185	0.10365	-0.02602	0.07052	1.84845	48.63855
20637	1.00000	-0.15261	-0.29355	0.33896	0.30127	-0.15261	-0.42708	0.40187	2.87621	48.63797
20657	1.00000	-0.36536	0.45267	0.36489	0.31229	-0.36536	0.31176	0.63374	3.83495	49.36091
20677	1.00000	0.75962	-0.16461	0.75930	0.24939	0.75962	0.24849	0.89855	4.74153	60.30408
20697	1.00000	-0.06719	-0.44505	0.55544	0.03829	-0.06719	-0.55270	0.57785	5.69260	48.63855
20717	1.00000	-0.40243	0.43495	0.43767	0.20792	-0.40243	0.26989	0.37081	0.39730	56.81411
20737	1.00000	0.11332	0.33502	0.37274	0.28004	0.11332	0.45227	0.39226	1.44348	53.42207
20757	1.00000	0.36475	-0.02601	0.40696	-0.00170	0.36475	0.18056	0.45152	2.45590	49.72960
20777	1.00000	-0.16067	-0.53853	0.69326	0.23626	-0.16067	-0.71461	0.67245	3.42078	45.33946
20797	1.00000	-0.55071	0.66703	0.71254	0.00572	-0.55071	0.45227	0.74458	4.33350	58.16057
20817	1.00000	0.38248	-0.64007	0.49881	0.40749	0.38248	-0.51827	0.57877	5.24008	48.16861
