0	0.00000	0.00930	0.01167	-0.01596	0.01369	0.00930	0.01885	0.05367	6.05769	0.00349
8377	0.00000	-0.00198	0.02135	-0.00779	0.02227	-0.00198	0.02351	0.04399	6.05769	0.00000
8397	0.00000	-0.15187	-0.01895	0.16935	-0.07990	-0.15187	-0.10956	0.00932	6.03621	-3.78762
8417	0.00000	0.00447	0.00684	-0.00355	0.01082	0.00447	0.01048	0.01307	6.01167	0.00000
8437	0.00000	-0.00843	0.00845	0.00973	0.00051	-0.00843	0.00489	0.00697	5.97332	-3.69635
8457	0.00000	0.02220	0.00362	0.00034	0.02795	0.02220	0.01699	0.02752	5.93344	0.00000
8477	0.00000	-0.00520	0.15351	0.15491	0.07993	-0.00520	0.17425	0.01451	5.92423	0.00000
8497	0.00000	0.05121	-0.00444	-0.00822	0.05614	0.05121	0.02444	0.03833	5.93037	0.00000
8517	0.00000	-0.00359	-0.01734	-0.01710	-0.01444	-0.00359	-0.02209	0.00749	5.92730	0.00000
8537	0.00000	-0.00037	-0.00444	-0.00429	-0.00321	-0.00037	-0.00534	0.01752	5.93037	0.00000
8557	0.00000	-0.00843	0.00684	0.00693	-0.00567	-0.00843	0.00303	0.02344	5.92730	0.00000
8577	0.00000	0.00930	-0.00605	-0.00617	0.00715	0.00930	-0.00162	0.02003	5.92730	0.00000
8597	0.00000	-0.00198	-0.00605	-0.00596	-0.00588	-0.00198	-0.00813	0.02088	5.92730	-3.70528
8617	0.00000	0.00125	-0.02862	-0.02935	-0.01360	0.00125	-0.03233	0.00814	5.92117	0.00000
8637	0.00000	0.07216	0.00684	0.00983	0.08699	0.07216	0.04956	0.02301	5.92270	0.00000
8657	0.00000	-0.00037	-0.04796	-0.04975	-0.02479	-0.00037	-0.05559	0.02207	5.91810	0.00000
8677	0.00000	0.00125	0.00200	0.00226	0.00238	0.00125	0.00303	0.01163	5.91656	3.64367
8697	0.00000	0.00125	-0.02378	-0.02474	-0.01023	0.00125	-0.02674	0.01140	5.91656	0.00000
8717	0.00000	-0.00198	-0.00605	-0.00652	-0.00525	-0.00198	-0.00813	0.02831	5.91963	0.00000
8737	0.00000	-0.04388	0.00039	-0.00473	-0.05022	-0.04388	-0.02488	0.08875	5.91503	0.00000
8757	0.00000	-0.00037	0.00200	0.00206	0.00056	-0.00037	0.00210	0.01288	5.91810	0.00000
8777	0.00000	-0.00359	0.05519	0.05734	0.02294	-0.00359	0.06166	0.03549	5.91963	0.00000
8797	0.00000	0.00608	-0.01411	-0.01416	0.00007	0.00608	-0.01279	0.03330	5.91810	0.00000
8817	0.00000	0.02381	-0.01895	-0.01747	0.01810	0.02381	-0.00813	0.17546	5.91810	0.00000
8837	0.00000	-0.00037	-0.00444	-0.00468	-0.00260	-0.00037	-0.00534	0.00459	5.91810	0.00000
8857	0.00000	-0.00843	-0.01411	-0.01529	-0.01687	-0.00843	-0.02116	0.00926	5.91810	0.00000
8877	0.00000	0.00608	0.01006	0.01070	0.01230	0.00608	0.01513	0.04206	5.91963	0.00000
8897	0.00000	0.05282	-0.00122	0.00288	0.06023	0.05282	0.02909	0.02469	5.91963	0.00000
8917	0.00000	-0.01165	-0.02378	-0.02600	-0.02507	-0.01165	-0.03419	0.03319	5.91656	0.00000
8937	0.00000	-0.01648	-0.01895	-0.02142	-0.02826	-0.01648	-0.03140	0.01322	5.91810	3.66982
8957	0.00000	0.00930	0.12450	0.12167	0.08670	0.00930	0.14913	0.01243	5.92884	0.00000
8977	0.00000	0.01414	0.05680	0.05845	0.04715	0.01414	0.07375	0.03560	5.92117	0.00000
8997	0.00000	-0.00037	-0.00122	-0.00122	-0.00113	-0.00037	-0.00162	0.02093	5.92577	0.00000
9017	0.00000	-0.01165	-0.01089	-0.01123	-0.01954	-0.01165	-0.01930	0.02666	5.92423	0.00000
9037	0.00000	-0.00037	0.00362	0.00362	0.00166	-0.00037	0.00396	0.02915	5.92423	0.00000
9057	0.00000	0.00930	-0.02056	-0.02059	-0.00007	0.00930	-0.01837	0.00698	5.92270	0.00000
9077	0.00000	0.06410	0.01167	0.01443	0.08031	0.06410	0.05049	0.02516	5.92117	0.00000
9097	0.00000	-0.00037	-0.00444	-0.00449	-0.00291	-0.00037	-0.00534	0.00955	5.92423	0.00000
9117	0.00000	-0.07289	0.00200	0.00056	-0.08303	-0.07289	-0.03977	0.02707	5.92423	0.00000
9137	0.00000	-0.00520	-0.01411	-0.01482	-0.01341	-0.00520	-0.01930	0.02139	5.92117	0.00000
9157	0.00000	-0.01487	-0.01734	-0.01780	-0.02687	-0.01487	-0.02860	0.01447	5.92270	0.00000
9177	0.00000	-0.00037	0.01490	0.01517	0.00766	-0.00037	0.01699	0.00333	5.92270	0.00000
9197	0.00000	0.02381	0.00200	0.00202	0.02865	0.02381	0.01606	0.02913	5.92577	-3.68746
9217	0.00000	0.00769	0.00362	0.00381	0.01090	0.00769	0.00862	0.00360	5.92423	0.00000
9237	0.00000	-0.02132	-0.01572	-0.01225	-0.03510	-0.02132	-0.03047	0.01881	5.93344	0.00000
9257	0.00000	0.02703	-0.04312	-0.04274	0.00851	0.02703	-0.03419	0.01408	5.92117	0.00000
9277	0.00000	-0.01648	-0.01411	-0.01548	-0.02642	-0.01648	-0.02581	0.02469	5.92117	0.00000
9297	0.00000	-0.00037	-0.01734	-0.01785	-0.00953	-0.00037	-0.02023	0.01228	5.92117	0.00000
9317	0.00000	-0.00037	0.00362	0.00343	0.00202	-0.00037	0.00396	0.02235	5.93344	0.00000
9337	0.00000	-0.00037	-0.03345	-0.03379	-0.01915	-0.00037	-0.03884	0.02749	5.92270	0.00000
9357	0.00000	-0.00520	-0.00122	-0.00189	-0.00655	-0.00520	-0.00441	0.00932	5.91810	0.00000
9377	0.00000	0.01092	-0.02056	-0.02054	0.00109	0.01092	-0.01744	0.05700	5.92270	0.00000
9397	0.00000	-0.00843	-0.02701	-0.02944	-0.02245	-0.00843	-0.03605	0.04058	5.91503	0.00000
9417	0.00000	-0.00520	0.00200	0.00192	-0.00488	-0.00520	-0.00069	0.00955	5.92577	0.00000
9437	0.00000	-0.00037	-0.00444	-0.00454	-0.00283	-0.00037	-0.00534	0.01499	5.92270	0.00000
9457	0.00000	0.10278	-0.02701	-0.01817	0.10500	0.10278	0.02816	0.00661	5.91656	0.00000
9477	0.00000	-0.00037	-0.04312	-0.04511	-0.02157	-0.00037	-0.05001	0.02469	5.91656	0.00000
9497	0.00000	0.01092	-0.00283	-0.00170	0.01120	0.01092	0.00303	0.01352	5.91810	0.00000
9517	0.00000	0.01736	-0.01411	-0.01305	0.01305	0.01736	-0.00627	0.04407	5.91810	3.60090
9537	0.00000	0.02059	-0.02056	-0.01970	0.01327	0.02059	-0.01185	0.16002	5.91963	-3.70528
9557	0.00000	0.00125	-0.00767	-0.00785	-0.00246	0.00125	-0.00813	0.01964	5.92117	0.00000
9577	0.00000	-0.00198	-0.01250	-0.01312	-0.00863	-0.00198	-0.01558	0.00819	5.91963	0.00000
9597	0.00000	-0.00520	0.01167	0.01167	0.00073	-0.00520	0.01048	0.04308	5.92577	0.00000
9617	0.00000	0.01736	0.00200	0.00380	0.02096	0.01736	0.01234	0.02693	5.91810	0.00000
9637	0.00000	-0.01971	-0.00605	-0.00562	-0.02635	-0.01971	-0.01837	0.01408	5.92730	0.00000
9657	0.00000	-0.00037	0.05036	0.05175	0.02604	-0.00037	0.05793	0.01447	5.92117	0.00000
9677	0.00000	0.01092	-0.01089	-0.01078	0.00651	0.01092	-0.00627	0.05333	5.92423	0.00000
9697	0.00000	0.07538	-0.01089	-0.01085	0.08076	0.07538	0.03095	0.12761	5.92577	0.00000
9717	0.00000	-0.00037	-0.00928	-0.00947	-0.00546	-0.00037	-0.01092	0.01026	5.92270	0.00000
9737	0.00000	-0.00520	-0.00767	-0.00749	-0.01056	-0.00520	-0.01185	0.00357	5.92577	0.00000
9757	0.00000	0.00125	0.00523	0.00515	0.00454	0.00125	0.00676	0.03438	5.92577	0.00000
9777	0.00000	0.04315	0.00523	0.00615	0.05274	0.04315	0.03095	0.01006	5.92423	0.00000
9797	0.00000	-0.00037	-0.02701	-0.02701	-0.01600	-0.00037	-0.03140	0.00719	5.92577	0.00000
9817	0.00000	-0.00198	0.00039	0.00036	-0.00206	-0.00198	-0.00069	0.01166	5.92577	0.00000
9837	0.00000	0.02703	-0.01250	-0.01208	0.02421	0.02703	0.00117	0.06174	5.92423	0.00000
9857	0.00000	0.03670	-0.01089	-0.00903	0.03660	0.03670	0.00862	0.02157	5.92270	0.00000
9877	0.00000	-0.00037	-0.01250	-0.01275	-0.00721	-0.00037	-0.01465	0.01304	5.92270	0.00000
9897	0.00000	-0.01165	-0.02056	-0.02057	-0.02531	-0.01165	-0.03047	0.02867	5.92423	0.00000
9917	0.00000	0.00447	0.00362	0.00374	0.00718	0.00447	0.00676	0.01381	5.92423	-3.70528
9937	0.00000	-0.00037	-0.01089	-0.01100	-0.00652	-0.00037	-0.01279	0.14292	5.92423	0.00000
9957	0.00000	0.00769	-0.00767	-0.00743	0.00484	0.00769	-0.00441	0.00810	5.92117	0.00000
9977	0.00000	-0.00520	-0.01734	-0.01761	-0.01571	-0.00520	-0.02302	0.02471	5.92270	0.00000
9997	0.00000	-0.02132	0.00684	0.00613	-0.02089	-0.02132	-0.00441	0.02460	5.92270	0.00000
10017	0.00000	0.00125	-0.01089	-0.01097	-0.00466	0.00125	-0.01185	0.00388	5.92270	0.00000
10037	0.00000	-0.02132	-0.01411	-0.01357	-0.03299	-0.02132	-0.02860	0.00926	5.92730	0.00000
10057	0.00000	0.03026	0.00684	0.00882	0.03848	0.03026	0.02537	0.01148	5.92270	0.00000
10077	0.00000	0.00769	-0.00605	-0.00596	0.00549	0.00769	-0.00255	0.02831	5.92423	0.00000
10097	0.00000	-0.00037	-0.00444	-0.00449	-0.00291	-0.00037	-0.00534	0.00744	5.92423	0.00000
10117	0.00000	-0.00359	-0.02217	-0.02274	-0.01618	-0.00359	-0.02767	0.02818	5.92270	0.00000
10137	0.00000	-0.00520	0.01651	0.01607	0.00517	-0.00520	0.01606	0.05169	5.93344	0.00000
10157	0.00000	0.00608	-0.03668	-0.03735	-0.01226	0.00608	-0.03884	0.00796	5.92117	0.00000
10177	0.00000	0.01575	0.01329	0.01330	0.02585	0.01575	0.02444	0.01816	5.92577	0.00000
10197	0.00000	-0.00198	-0.00605	-0.00606	-0.00578	-0.00198	-0.00813	0.02088	5.92577	0.00000
10217	0.00000	-0.07934	0.01167	0.01020	-0.08506	-0.07934	-0.03233	0.01006	5.92423	0.00000
10237	0.00000	-0.02293	-0.02217	-0.02285	-0.03888	-0.02293	-0.03884	0.02581	5.92270	0.00000
10257	0.00000	-0.01004	0.00039	0.00000	-0.01137	-0.01004	-0.00534	0.00388	5.92423	3.66982
10277	0.00000	0.02059	-0.01089	-0.01088	0.01749	0.02059	-0.00069	0.05628	5.92577	0.00000
10297	0.00000	-0.00037	0.00362	0.00241	0.00317	-0.00037	0.00396	0.01773	5.92423	3.69635
10317	0.00000	0.00125	-0.02217	-0.02255	-0.01060	0.00125	-0.02488	0.01958	5.92117	0.00000
10337	0.00000	0.00125	-0.00444	-0.00448	-0.00097	0.00125	-0.00441	0.02895	5.92270	0.00000
10357	0.00000	0.01414	-0.03345	-0.03354	-0.00184	0.01414	-0.03047	0.02210	5.92270	0.00000
10377	0.00000	0.03509	0.00845	0.01000	0.04508	0.03509	0.03002	0.00382	5.92270	0.00000
10397	0.00000	-0.00198	-0.02862	-0.02894	-0.01831	-0.00198	-0.03419	0.01079	5.92423	0.00000
10417	0.00000	0.00608	0.00362	0.00377	0.00904	0.00608	0.00769	0.02675	5.92577	0.00000
10437	0.00000	0.00286	-0.00605	-0.00605	-0.00030	0.00286	-0.00534	0.11207	5.92730	0.00000
10457	0.00000	-0.00037	0.01490	0.01476	0.00842	-0.00037	0.01699	0.02235	5.92730	0.00000
10477	0.00000	0.00447	-0.02862	-0.02881	-0.01086	0.00447	-0.03047	0.01166	5.92423	0.00000
10497	0.00000	0.03670	0.00362	0.00514	0.04432	0.03670	0.02537	0.02186	5.92270	-3.70528
10517	0.00000	-0.00843	0.06003	0.06003	0.02489	-0.00843	0.06445	0.01989	5.92577	0.00000
10537	0.00000	0.02059	-0.00444	-0.00407	0.02128	0.02059	0.00676	0.04305	5.92423	0.00000
10557	0.00000	0.00125	-0.02378	-0.02399	-0.01188	0.00125	-0.02674	0.01694	5.92423	0.00000
10577	0.00000	-0.00037	0.01973	0.01974	0.01096	-0.00037	0.02257	0.01926	5.92730	0.00000
10597	0.00000	0.02059	-0.01411	-0.01357	0.01610	0.02059	-0.00441	0.04153	5.92270	0.00000
10617	0.00000	-0.00037	0.09226	0.09228	0.05279	-0.00037	0.10632	0.02916	5.92577	0.00000
10637	0.00000	0.01736	-0.00605	-0.00604	0.01655	0.01736	0.00303	0.03694	5.92423	0.00000
10657	0.00000	0.01092	-0.02056	-0.02054	0.00109	0.01092	-0.01744	0.01886	5.92423	0.00000
10677	0.00000	0.00447	-0.00767	-0.00766	0.00074	0.00447	-0.00627	0.01528	5.92577	0.00000
10697	0.00000	0.01736	-0.01895	-0.01846	0.01006	0.01736	-0.01185	0.04124	5.92117	0.00000
10717	0.00000	0.00447	0.10032	0.10034	0.06302	0.00447	0.11842	0.00744	5.92423	0.00000
10737	0.00000	-0.00359	-0.14789	-0.14941	-0.08694	-0.00359	-0.17284	0.03168	5.92423	3.70528
10757	0.00000	-0.00037	-0.00767	-0.00775	-0.00471	-0.00037	-0.00906	0.02893	5.92423	0.00000
10777	0.00000	-0.00520	0.00362	0.00348	-0.00404	-0.00520	0.00117	0.02664	5.92270	0.00000
10797	0.00000	0.01736	-0.00444	-0.00354	0.01769	0.01736	0.00489	0.00044	5.92117	0.00000
10817	0.00000	-0.01004	-0.01895	-0.02007	-0.02153	-0.01004	-0.02767	0.01056	5.92117	0.00000
10837	0.00000	-0.00198	0.01973	0.01974	0.00910	-0.00198	0.02164	0.02186	5.92577	0.00000
10857	0.00000	-0.00843	-0.00283	-0.00341	-0.01120	-0.00843	-0.00813	0.01773	5.92270	0.00000
10877	0.00000	-0.00037	-0.00444	-0.00439	-0.00306	-0.00037	-0.00534	0.05781	5.92577	0.00000
10897	0.00000	0.00930	-0.01411	-0.01378	0.00401	0.00930	-0.01092	0.01245	5.91810	0.00000
10917	0.00000	-0.00037	0.01329	0.01341	0.00702	-0.00037	0.01513	0.02669	5.92423	0.00000
10937	0.00000	-0.00681	-0.01411	-0.01491	-0.01527	-0.00681	-0.02023	0.01138	5.92270	0.00000
10957	0.00000	-0.05517	0.00362	0.00150	-0.06170	-0.05517	-0.02767	0.01859	5.92270	0.00000
10977	0.00000	-0.02293	-0.02056	-0.02249	-0.03724	-0.02293	-0.03698	0.03071	5.91963	0.00000
10997	0.00000	-0.02132	-0.01734	-0.01965	-0.03336	-0.02132	-0.03233	0.01322	5.92117	0.00000
11017	0.00000	0.03348	0.00362	0.00432	0.04067	0.03348	0.02351	0.02836	5.92423	0.00000
11037	0.00000	0.06249	-0.00605	-0.00254	0.06888	0.06249	0.02909	0.05361	5.92117	3.70528
11057	0.00000	-0.00037	-0.01895	-0.01914	-0.01103	-0.00037	-0.02209	0.02207	5.92270	0.00000
11077	0.00000	0.00125	-0.01089	-0.01105	-0.00447	0.00125	-0.01185	0.02410	5.92270	0.00000
11097	0.00000	-0.01487	0.00362	0.00335	-0.01514	-0.01487	-0.00441	0.02688	5.92270	0.00000
11117	0.00000	0.00769	-0.01250	-0.01236	0.00251	0.00769	-0.00999	0.01928	5.91963	0.00000
11137	0.00000	-0.00359	0.00523	0.00519	-0.00131	-0.00359	0.00396	0.02046	5.92270	0.00000
11157	0.00000	-0.01487	0.03746	0.03759	0.00317	-0.01487	0.03467	0.01494	5.92270	0.00000
11177	0.00000	0.01897	-0.00605	-0.00573	0.01852	0.01897	0.00396	0.04471	5.92423	0.00000
11197	0.00000	0.00447	-0.02056	-0.02067	-0.00635	0.00447	-0.02116	0.00214	5.92423	0.00000
11217	0.00000	0.00125	0.01167	0.01181	0.00797	0.00125	0.01420	0.01455	5.92423	0.00000
11237	0.00000	0.00769	-0.01089	-0.01079	0.00297	0.00769	-0.00813	0.01823	5.92270	0.00000
11257	0.00000	0.00125	0.06325	0.06389	0.03685	0.00125	0.07375	0.02670	5.92423	0.00000
11277	0.00000	0.03831	-0.00444	-0.00301	0.04180	0.03831	0.01699	0.06017	5.92270	0.00000
11297	0.00000	0.01092	-0.01895	-0.01888	0.00231	0.01092	-0.01558	0.00845	5.92270	0.00000
11317	0.00000	-0.00843	-0.01089	-0.01090	-0.01601	-0.00843	-0.01744	0.01310	5.92577	0.00000
11337	0.00000	-0.01165	-0.02056	-0.02141	-0.02460	-0.01165	-0.03047	0.02823	5.92270	0.00000
11357	0.00000	-0.00037	0.01973	0.01227	0.01895	-0.00037	0.02257	0.04024	5.92577	0.00000
11377	0.00000	-0.00037	-0.00122	-0.00126	-0.00108	-0.00037	-0.00162	0.02539	5.92423	0.00000
11397	0.00000	-0.02293	0.00362	0.00278	-0.02450	-0.02293	-0.00906	0.01408	5.92423	0.00000
11417	0.00000	0.00447	-0.01734	-0.01756	-0.00396	0.00447	-0.01744	0.00360	5.92117	3.64367
11437	0.00000	0.05282	0.00684	0.01015	0.06450	0.05282	0.03839	0.00044	5.92117	0.00000
11457	0.00000	0.00286	-0.01089	-0.01094	-0.00280	0.00286	-0.01092	0.01352	5.92423	0.00000
11477	0.00000	-0.00037	0.00362	0.00370	0.00148	-0.00037	0.00396	0.03014	5.92117	0.00000
11497	0.00000	0.00769	0.00200	0.00235	0.00996	0.00769	0.00676	0.01049	5.92270	0.00000
11517	0.00000	0.00447	-0.02539	-0.02598	-0.00775	0.00447	-0.02674	0.00548	5.91963	0.00000
11537	0.00000	0.04960	0.00362	0.00664	0.05909	0.04960	0.03281	0.01385	5.92117	0.00000
11557	0.00000	-0.00037	-0.03668	-0.03773	-0.01969	-0.00037	-0.04256	0.02088	5.92117	0.00000
11577	0.00000	0.01092	-0.00444	-0.00375	0.01032	0.01092	0.00117	0.02502	5.92117	0.00000
11597	0.00000	0.00447	0.01329	0.01070	0.01506	0.00447	0.01792	0.00984	5.94264	0.00000
11617	0.00000	0.00769	0.00200	0.00167	0.01010	0.00769	0.00676	0.02505	5.92884	0.00000
11637	0.00000	-0.00520	-0.02701	-0.02702	-0.02158	-0.00520	-0.03419	0.02576	5.92577	0.00000
11657	0.00000	0.00286	-0.01089	-0.01084	-0.00317	0.00286	-0.01092	0.01999	5.92730	3.69635
11677	0.00000	-0.00037	-0.01089	-0.01078	-0.00689	-0.00037	-0.01279	0.00359	5.92730	0.00000
11697	0.00000	0.00769	-0.00283	-0.00246	0.00738	0.00769	0.00117	0.06991	5.92117	0.00000
11717	0.00000	-0.00037	-0.02217	-0.02195	-0.01358	-0.00037	-0.02581	0.00516	5.92730	0.00000
11737	0.00000	0.01736	-0.02056	-0.02011	0.00922	0.01736	-0.01372	0.02003	5.92270	0.00000
11757	0.00000	0.00769	-0.00444	-0.00454	0.00624	0.00769	-0.00069	0.01083	5.92730	0.00000
11777	0.00000	0.02864	-0.01734	-0.01613	0.02392	0.02864	-0.00348	0.23178	5.92117	0.00000
11797	0.00000	0.01092	-0.00444	-0.00444	0.01004	0.01092	0.00117	0.02171	5.92577	0.00000
11817	0.00000	-0.00843	-0.01895	-0.01930	-0.02033	-0.00843	-0.02674	0.01749	5.92270	0.00000
11837	0.00000	-0.00037	-0.00605	-0.00555	-0.00460	-0.00037	-0.00720	0.05189	5.93651	0.00000
11857	0.00000	0.03509	0.00362	0.00292	0.04266	0.03509	0.02444	0.21104	5.92577	0.00000
11877	0.00000	-0.00037	-0.00605	-0.00599	-0.00402	-0.00037	-0.00720	0.01001	5.92730	0.00000
11897	0.00000	-0.00037	0.02457	0.02480	0.01333	-0.00037	0.02816	0.02163	5.92577	0.00000
11917	0.00000	0.00125	-0.00444	-0.00442	-0.00120	0.00125	-0.00441	0.03238	5.92730	0.00000
11937	0.00000	-0.00843	-0.02378	-0.02340	-0.02385	-0.00843	-0.03233	0.07992	5.92730	0.00000
11957	0.00000	-0.00520	-0.00605	-0.00622	-0.00939	-0.00520	-0.00999	0.02886	5.92423	0.00000
11977	0.00000	0.00769	0.00039	-0.00006	0.00912	0.00769	0.00489	0.06494	5.92884	0.00000
11997	0.00000	0.00286	0.01006	0.00991	0.00927	0.00286	0.01327	0.01157	5.92730	0.00000
12017	0.00000	0.00930	0.00200	0.00201	0.01190	0.00930	0.00769	0.00171	5.92423	0.00000
12037	0.00000	0.00125	-0.02378	-0.02379	-0.01228	0.00125	-0.02674	0.00670	5.92577	0.00000
12057	0.00000	0.00125	-0.11082	-0.11188	-0.06060	0.00125	-0.12724	0.07209	5.92423	0.00000
12077	0.00000	0.00125	-0.00122	-0.00123	0.00071	0.00125	-0.00069	0.05361	5.92730	0.00000
12097	0.00000	0.02381	-0.02539	-0.02539	0.01284	0.02381	-0.01558	0.01427	5.92423	0.00000
12117	0.00000	-0.00037	-0.00122	-0.00120	-0.00115	-0.00037	-0.00162	0.01597	5.92730	0.00000
12137	0.00000	-0.00520	-0.02539	-0.02540	-0.02065	-0.00520	-0.03233	0.03569	5.92577	0.00000
12157	0.00000	-0.00198	0.01490	0.01444	0.00730	-0.00198	0.01606	0.02548	5.93190	0.00000
12177	0.00000	0.00769	-0.03668	-0.03688	-0.01165	0.00769	-0.03791	0.02633	5.92423	0.00000
12197	0.00000	0.05121	0.00523	0.00526	0.06214	0.05121	0.03560	0.01148	5.92577	0.00000
12217	0.00000	-0.01004	-0.02056	-0.02057	-0.02345	-0.01004	-0.02953	0.00814	5.92577	0.00000
12237	0.00000	0.00608	0.00362	0.00347	0.00917	0.00608	0.00769	0.02861	5.92884	0.00000
12257	0.00000	-0.01487	0.00362	0.00310	-0.01520	-0.01487	-0.00441	0.01457	5.92270	0.00000
12277	0.00000	-0.00037	-0.01734	-0.01716	-0.01071	-0.00037	-0.02023	0.01776	5.92730	0.00000
12297	0.00000	0.00930	-0.00122	-0.00053	0.01010	0.00930	0.00396	0.00044	5.91963	0.00000
12317	0.00000	0.01092	-0.02217	-0.02213	0.00131	0.01092	-0.01930	0.00665	5.91963	0.00000
12337	0.00000	-0.01487	0.01490	0.01460	-0.00908	-0.01487	0.00862	0.02326	5.92270	0.00000
12357	0.00000	0.00447	-0.00767	-0.00764	0.00100	0.00447	-0.00627	0.01964	5.92270	0.00000
12377	0.00000	0.00608	0.00200	0.00256	0.00802	0.00608	0.00583	0.02814	5.91963	0.00000
12397	0.00000	-0.01004	-0.02217	-0.02378	-0.02282	-0.01004	-0.03140	0.05680	5.91963	0.00000
12417	0.00000	0.00447	-0.01895	-0.01904	-0.00545	0.00447	-0.01930	0.01746	5.92423	0.00000
12437	0.00000	-0.00037	-0.01411	-0.01440	-0.00808	-0.00037	-0.01651	0.02367	5.92270	0.00000
12457	0.00000	-0.02132	-0.01089	-0.01090	-0.03090	-0.02132	-0.02488	0.02088	5.92577	0.00000
12477	0.00000	0.00608	0.00523	0.00540	0.00995	0.00608	0.00955	0.04392	5.92423	0.00000
12497	0.00000	0.05443	0.01006	0.01125	0.06847	0.05443	0.04305	0.01998	5.92423	0.00000
12517	0.00000	0.00608	-0.03345	-0.03385	-0.01114	0.00608	-0.03512	0.01403	5.92117	0.00000
12537	0.00000	0.00125	0.09226	0.09656	0.04668	0.00125	0.10725	0.02788	5.91963	0.00000
12557	0.00000	-0.00520	-0.02056	-0.02057	-0.01786	-0.00520	-0.02674	0.03299	5.92423	0.00000
12577	0.00000	0.00769	0.01006	0.00880	0.01548	0.00769	0.01606	0.02987	5.93190	3.69635
12597	0.00000	0.01092	-0.01734	-0.01724	0.00319	0.01092	-0.01372	0.02282	5.92117	0.00000
12617	0.00000	-0.00037	0.01167	0.01157	0.00651	-0.00037	0.01327	0.02358	5.92730	0.00000
12637	0.00000	-0.00520	-0.00767	-0.00767	-0.01043	-0.00520	-0.01185	0.01907	5.92577	0.00000
12657	0.00000	-0.03582	0.00362	0.00293	-0.03933	-0.03582	-0.01651	0.02581	5.92423	0.00000
12677	0.00000	0.00447	-0.02862	-0.02899	-0.01038	0.00447	-0.03047	0.01834	5.92270	-3.70528
12697	0.00000	-0.00359	-0.00605	-0.00631	-0.00743	-0.00359	-0.00906	0.01451	5.92423	0.00000
12717	0.00000	0.02381	-0.01250	-0.01215	0.02049	0.02381	-0.00069	0.03694	5.92270	0.00000
12737	0.00000	0.00930	-0.01250	-0.01250	0.00353	0.00930	-0.00906	0.00796	5.92577	0.00000
12757	0.00000	-0.00198	-0.00122	-0.00127	-0.00297	-0.00198	-0.00255	0.02171	5.92423	0.00000
12777	0.00000	0.00447	-0.01089	-0.01091	-0.00094	0.00447	-0.00999	0.00749	5.92423	0.00000
12797	0.00000	-0.01810	0.00200	0.00199	-0.01974	-0.01810	-0.00813	0.02469	5.92577	0.00000
12817	0.00000	0.00447	-0.02056	-0.02087	-0.00565	0.00447	-0.02116	0.04289	5.92117	0.00000
12837	0.00000	0.00447	-0.00122	-0.00114	0.00448	0.00447	0.00117	0.02123	5.92423	0.00000
12857	0.00000	-0.00359	0.14222	0.14355	0.07548	-0.00359	0.16215	0.01138	5.92423	0.00000
12877	0.00000	0.00286	-0.01734	-0.01745	-0.00641	0.00286	-0.01837	0.02871	5.92423	0.00000
12897	0.00000	0.02220	-0.01250	-0.01218	0.01863	0.02220	-0.00162	0.00214	5.92423	0.00000
12917	0.00000	-0.00037	0.00039	0.00039	-0.00020	-0.00037	0.00024	0.06067	5.92423	0.00000
12937	0.00000	-0.00359	-0.00767	-0.00781	-0.00844	-0.00359	-0.01092	0.00649	5.92423	0.00000
12957	0.00000	0.00769	-0.02701	-0.02731	-0.00532	0.00769	-0.02674	0.01348	5.92117	0.00000
12977	0.00000	0.05443	0.00684	0.00912	0.06653	0.05443	0.03932	0.01051	5.92270	0.00000
12997	0.00000	-0.00037	-0.03506	-0.03575	-0.01945	-0.00037	-0.04070	0.01447	5.92270	0.00000
13017	0.00000	0.00447	0.00039	0.00049	0.00538	0.00447	0.00303	0.01488	5.92577	0.00000
13037	0.00000	0.02381	-0.01895	-0.01894	0.01656	0.02381	-0.00813	0.14679	5.92577	0.00000
13057	0.00000	0.00608	-0.01734	-0.01743	-0.00239	0.00608	-0.01651	0.01370	5.92270	0.00000
13077	0.00000	0.00125	0.04391	0.04436	0.02602	0.00125	0.05142	0.00744	5.92423	0.00000
13097	0.00000	0.00769	-0.00444	-0.00444	0.00632	0.00769	-0.00069	0.01893	5.92577	0.00000
13117	0.00000	-0.00520	0.00684	0.00680	-0.00218	-0.00520	0.00489	0.01881	5.92423	0.00000
13137	0.00000	0.00125	-0.01250	-0.01250	-0.00577	0.00125	-0.01372	0.11357	5.92577	0.00000
13157	0.00000	0.02381	-0.01895	-0.01866	0.01688	0.02381	-0.00813	0.03689	5.92423	0.00000
13177	0.00000	-0.00843	-0.01411	-0.01412	-0.01787	-0.00843	-0.02116	0.01447	5.92423	0.00000
13197	0.00000	-0.01648	-0.02539	-0.02541	-0.03368	-0.01648	-0.03884	0.03041	5.92577	0.00000
13217	0.00000	-0.00037	0.00362	0.00374	0.00135	-0.00037	0.00396	0.02219	5.91810	0.00000
13237	0.00000	-0.00843	0.04069	0.04092	0.01305	-0.00843	0.04212	0.01209	5.92423	0.00000
13257	0.00000	-0.00198	-0.01895	-0.01939	-0.01257	-0.00198	-0.02302	0.01543	5.92270	0.00000
13277	0.00000	0.00769	-0.03184	-0.03228	-0.00786	0.00769	-0.03233	0.04366	5.92117	0.00000
13297	0.00000	-0.02454	0.00845	0.00764	-0.02374	-0.02454	-0.00441	0.00788	5.92270	0.00000
13317	0.00000	-0.00359	0.00362	0.00354	-0.00218	-0.00359	0.00210	0.02727	5.92270	0.00000
13337	0.00000	-0.00681	0.10193	0.10195	0.05093	-0.00681	0.11377	0.02340	5.92423	0.00000
13357	0.00000	0.01736	-0.00767	-0.00713	0.01588	0.01736	0.00117	0.05577	5.92423	0.00000
13377	1.00000	0.63626	-0.08825	0.54325	0.42442	0.63626	0.26544	0.57504	0.20709	45.11709
13397	1.00000	0.48798	-0.68137	0.63794	0.29360	0.48798	-0.50503	0.63912	1.23485	48.05226
13417	1.00000	0.12374	-0.12371	0.03199	-0.13923	0.12374	-0.07141	0.15490	2.23501	48.05255
13437	1.00000	-0.49033	0.62252	0.58514	0.29634	-0.49033	0.43573	0.64390	3.23977	48.52021
13457	1.00000	0.50733	-0.08342	0.45558	0.29738	0.50733	0.19658	0.46244	4.20157	43.93275
13477	1.00000	-0.17443	-0.63301	0.81167	0.25137	-0.17443	-0.83165	0.83929	5.12656	45.22807
13497	1.00000	-0.44359	0.54193	0.51814	0.25477	-0.44359	0.36966	0.47444	6.10218	51.87389
13517	1.00000	0.10117	0.27600	0.30561	0.24296	0.10117	0.37711	0.30303	0.87897	53.42222
13537	1.00000	0.58630	-0.12693	0.57531	0.22268	0.58630	0.19193	0.68132	1.90214	51.25488
13557	1.00000	-0.03099	-0.30100	0.27018	0.24802	-0.03099	-0.36546	0.28148	2.89769	51.25488
13577	1.00000	-0.94967	0.28406	0.85370	0.47061	-0.94967	-0.22029	0.95244	3.89631	47.70767
13597	1.00000	0.04315	0.41138	0.49576	-0.07735	0.04315	0.49994	0.51387	4.80289	44.35620
13617	1.00000	0.20755	-0.23169	0.25408	-0.01826	0.20755	-0.14771	0.28091	5.77390	47.70767
13637	1.00000	0.13985	-0.11404	0.01792	-0.14775	0.13985	-0.05094	0.14223	0.53843	53.89661
13657	1.00000	-0.32110	0.41783	0.31181	0.30677	-0.32110	0.29708	0.34456	1.55699	49.36091
13677	1.00000	0.00125	0.09548	0.09234	0.06156	0.00125	0.11097	0.06296	2.59856	49.11775
13697	1.00000	0.73941	-0.15917	0.75110	0.20403	0.73941	0.24311	0.78715	3.60179	44.24957
13717	1.00000	-0.08095	-0.26554	0.35655	-0.06535	-0.08095	-0.35336	0.38540	4.50684	40.08037
13737	1.00000	-0.25985	0.24699	0.28187	-0.07955	-0.25985	0.13517	0.32468	5.48091	44.35620
13757	1.00000	0.42996	-0.05763	0.41904	0.20559	0.42996	0.18169	0.44432	0.19942	56.96481
13777	1.00000	0.24784	-0.30906	0.25834	0.20096	0.24784	-0.21378	0.22389	1.26400	48.99707
13797	1.00000	-0.10513	-0.37836	0.44181	0.25185	-0.10513	-0.49759	0.41326	2.29484	52.76608
13817	1.00000	-0.19700	0.00362	0.22197	-0.03917	-0.19700	-0.10956	0.23215	3.28732	64.70846
13837	1.00000	0.13018	0.57417	0.74190	0.10632	0.13018	0.73815	0.78816	4.24913	60.30291
13857	1.00000	-0.12125	-0.53953	0.54321	0.44707	-0.12125	-0.69300	0.63066	5.15878	64.38950
13877	1.00000	-0.54352	0.10677	0.54363	0.19004	-0.54352	-0.19052	0.48152	6.18041	66.37436
13897	1.00000	-0.25341	0.26149	0.29731	-0.00590	-0.25341	0.15564	0.32543	0.93266	47.70753
13917	1.00000	-0.06806	0.11805	0.07770	-0.08947	-0.06806	0.09702	0.12959	1.95276	51.37720
13937	1.00000	0.41223	-0.57822	0.49072	0.33721	0.41223	-0.42966	0.46247	2.96212	48.51963
13957	1.00000	-0.04711	-0.25587	0.32370	-0.03916	-0.04711	-0.32265	0.36043	3.95000	48.05255
13977	1.00000	0.15919	0.56772	0.63354	0.42725	0.15919	0.74746	0.65119	4.85965	60.45261
13997	1.00000	0.08022	-0.01411	0.08287	-0.02163	0.08022	0.03002	0.07229	5.83987	53.42237
14017	1.00000	0.05443	0.08420	-0.05701	-0.12752	0.05443	0.12865	0.13885	0.61819	57.73054
14037	1.00000	-0.06967	-0.02539	0.08958	0.04080	-0.06967	-0.06955	0.07979	1.65823	66.69472
14057	1.00000	-0.41941	0.51776	0.47273	0.28093	-0.41941	0.35570	0.38587	2.67986	47.93703
14077	1.00000	0.12051	0.46457	0.60894	0.10466	0.12051	0.60602	0.66731	3.68155	48.63855
14097	1.00000	-0.00198	-0.56371	0.56977	0.31700	-0.00198	-0.65206	0.64305	4.58814	45.67698
14117	1.00000	-0.22440	0.24376	0.20998	0.17124	-0.22440	0.15192	0.42451	5.55915	48.40244
14137	1.00000	-0.10674	-0.07858	-0.06230	-0.17528	-0.10674	-0.15236	0.20353	0.32827	36.81553
14157	1.00000	0.19788	-0.04312	0.14516	0.14910	0.19788	0.06445	0.43076	1.36371	47.70739
14177	1.00000	0.09311	-0.07697	0.09169	0.03866	0.09311	-0.03512	0.05563	2.41295	49.11775
14197	1.00000	-0.16476	-0.47668	0.60573	0.27736	-0.16476	-0.64554	0.65526	3.42231	49.48339
14217	1.00000	-0.61927	0.75629	0.79631	0.12401	-0.61927	0.51575	0.84763	4.34423	58.99943
14237	1.00000	0.18337	0.05519	0.21683	-0.12397	0.18337	0.16960	0.26676	5.28150	48.05140
14257	1.00000	-0.10352	-0.35741	0.42455	0.23166	-0.10352	-0.47247	0.45841	0.01227	49.73019
14277	1.00000	-1.27040	1.40743	1.54932	0.09031	-1.27040	0.89169	1.62065	1.02777	51.37735
14297	1.00000	0.42835	-0.03668	0.46785	0.08122	0.42835	0.20496	0.51244	1.88680	64.07309
14317	1.00000	-0.07934	-0.17690	0.18343	0.18758	-0.07934	-0.25007	0.19918	2.88235	50.10504
14337	1.00000	-0.48711	0.11160	0.50738	0.05500	-0.48711	-0.15236	0.58525	3.86256	60.45261
14357	1.00000	0.30103	0.20186	0.48428	0.14709	0.30103	0.40688	0.60994	4.79369	58.57700
14377	1.00000	0.13985	-0.15111	0.16646	-0.02523	0.13985	-0.09374	0.19072	5.76470	48.52021
14397	1.00000	0.14952	-0.07213	-0.06748	-0.13345	0.14952	0.00303	0.17101	0.51695	36.91392
14417	1.00000	-0.05678	-0.02056	0.06967	-0.03954	-0.05678	-0.05652	0.10011	1.57847	49.97916
14437	1.00000	0.14952	0.33402	0.37935	0.31819	0.14952	0.47202	0.41099	2.58936	48.99707
14457	1.00000	0.67494	-0.16078	0.65642	0.25740	0.67494	0.20403	0.76406	3.60179	47.59381
14477	1.00000	-0.04388	-0.37675	0.45224	-0.09649	-0.04388	-0.46037	0.47176	4.51451	48.05255
14497	1.00000	-0.07773	0.15673	0.15603	0.01482	-0.07773	0.13610	0.14791	5.46251	48.05140
14517	1.00000	0.15114	-0.00122	0.14738	0.09214	0.15114	0.08585	0.35110	0.21936	56.51508
14537	1.00000	-0.00843	0.05519	-0.00043	-0.05946	-0.00843	0.05887	0.08589	1.28087	49.60619
14557	1.00000	-0.11480	-0.25426	0.27104	0.26310	-0.11480	-0.35987	0.25758	2.30251	68.00919
14577	1.00000	-0.69180	0.19541	0.60458	0.37842	-0.69180	-0.17377	0.64296	3.33794	47.59381
14597	1.00000	0.25429	0.67248	0.85982	0.42159	0.25429	0.92333	0.87198	4.26907	44.78789
14617	1.00000	0.48798	-0.61367	0.63499	0.13089	0.48798	-0.42687	0.68758	5.20786	62.23806
14637	1.00000	-0.77077	0.15512	0.73674	0.34911	-0.77077	-0.26589	0.65236	6.19575	51.74890
14657	1.00000	-0.41297	0.46296	0.49770	0.10264	-0.41297	0.29615	0.53124	0.94493	48.16847
14677	1.00000	0.07216	0.04552	0.11367	0.03411	0.07216	0.09423	0.26323	1.94355	47.82179
14697	1.00000	0.16242	-0.16078	0.15936	0.09706	0.16242	-0.09188	0.12805	2.98359	49.60648
14717	1.00000	-0.09546	-0.44283	0.57432	0.01131	-0.09546	-0.56645	0.61715	3.96074	45.22748
14737	1.00000	-0.15509	0.28567	0.28598	0.00368	-0.15509	0.24032	0.27774	4.88419	43.93275
14757	1.00000	0.20593	0.04391	0.25492	-0.07867	0.20593	0.16960	0.29283	5.86748	49.48339
14777	1.00000	0.05443	0.05358	-0.02587	-0.10486	0.05443	0.09329	0.11432	0.62433	53.32018
14797	1.00000	-0.04388	-0.04957	0.09226	0.01520	-0.04388	-0.08258	0.08703	1.66130	66.69472
14817	1.00000	-0.47905	0.56450	0.53959	0.28121	-0.47905	0.37524	0.51185	2.67833	47.70767
14837	1.00000	-0.00198	0.14706	0.15985	-0.05381	-0.00198	0.16867	0.18666	3.66315	48.05255
14857	1.00000	0.21399	-0.48796	0.48067	0.09090	0.21399	-0.43990	0.65028	4.42247	44.46218
14877	1.00000	-0.31143	0.35497	0.28535	0.26168	-0.31143	0.23008	0.34330	5.56068	49.60648
14897	1.00000	-0.00843	0.15351	0.16003	0.06461	-0.00843	0.17239	0.10618	0.30986	41.57129
14917	1.00000	0.15436	-0.02056	0.12679	0.10964	0.15436	0.06538	0.36695	1.36984	48.05226
14937	1.00000	0.39451	-0.45572	0.43402	0.23734	0.39451	-0.29846	0.43906	2.38994	52.37998
14957	1.00000	-0.15670	-0.46539	0.59418	0.25628	-0.15670	-0.62786	0.67190	3.41464	64.87002
14977	1.00000	-0.58542	0.71761	0.76172	0.05586	-0.58542	0.49063	0.80387	4.34270	43.93275
14997	1.00000	0.16886	-0.12532	0.16765	0.05134	0.16886	-0.04721	0.12943	5.25695	49.11775
15017	1.00000	-0.08740	-0.22202	0.24128	0.20871	-0.08740	-0.30683	0.23658	0.02608	49.48221
15037	1.00000	-0.30982	0.10838	0.19682	0.24520	-0.30982	-0.05373	0.21554	1.07379	67.84195
15057	1.00000	-0.43876	0.54838	0.49395	0.30460	-0.43876	0.37990	0.46102	2.11076	51.25459
15077	1.00000	0.06571	0.35981	0.42000	0.18296	0.06571	0.45341	0.45592	3.12932	49.60648
15097	1.00000	0.43802	-0.54437	0.49893	0.28991	0.43802	-0.37569	0.59676	4.09266	44.89655
15117	1.00000	-0.68051	0.75629	0.79863	0.23655	-0.68051	0.48039	0.83277	4.93635	61.79448
15137	1.00000	0.15275	-0.05279	0.15502	-0.00619	0.15275	0.02723	0.12206	5.83987	49.48339
15157	1.00000	-0.00520	-0.10920	0.09832	0.08383	-0.00520	-0.12910	0.22280	0.61052	58.04252
15177	1.00000	-0.02132	-0.03829	0.06027	-0.00397	-0.02132	-0.05652	0.05518	1.65977	48.63826
15197	1.00000	-0.33399	0.40494	0.37135	0.22162	-0.33399	0.27475	0.40384	2.68140	48.52021
15217	1.00000	0.02059	0.20831	0.24743	-0.05395	0.02059	0.25242	0.25870	3.66468	47.59381
15237	1.00000	0.20593	-0.57660	0.55889	0.17069	0.20593	-0.54691	0.54218	4.60348	43.93161
15257	1.00000	-0.29854	0.32274	0.27568	0.23071	-0.29854	0.20031	0.35796	5.55761	48.99707
15277	1.00000	0.05604	0.21798	0.23147	0.17387	0.05604	0.28405	0.21697	0.30526	59.32523
15297	1.00000	0.00286	0.04069	0.04633	-0.01505	0.00286	0.04863	0.25239	1.37138	47.70767
15317	1.00000	0.35744	-0.42510	0.39138	0.23559	0.35744	-0.28450	0.39631	2.39761	52.89604
15337	1.00000	-0.18571	-0.48312	0.62621	0.29093	-0.18571	-0.66509	0.70953	3.42078	49.48339
15357	1.00000	-0.60154	0.72567	0.77283	0.07256	-0.60154	0.49063	0.82151	4.34117	44.35620
15377	1.00000	0.21077	-0.18012	0.20859	0.09144	0.21077	-0.08630	0.17822	5.26155	49.23903
15397	1.00000	-0.05033	-0.19140	0.20546	0.15116	-0.05033	-0.25007	0.17855	0.02608	53.28862
15417	1.00000	-0.30176	0.09871	0.21026	0.22465	-0.30176	-0.06024	0.20806	1.07685	48.16847
15437	1.00000	-0.38396	0.46779	0.42126	0.26714	-0.38396	0.31848	0.41381	2.10616	53.82374
15457	1.00000	0.21722	0.57739	0.73947	0.35737	0.21722	0.79212	0.73400	3.13852	52.89604
15477	1.00000	0.64593	-0.92474	0.83062	0.45843	0.64593	-0.69486	0.85431	4.07886	43.93275
15497	1.00000	-0.41297	0.29856	0.39027	0.17177	-0.41297	0.10632	0.44289	4.98851	45.56392
15517	1.00000	0.18820	0.49680	0.61339	0.35304	0.18820	0.68232	0.69141	5.99787	49.48339
15537	1.00000	0.29941	-0.04312	0.32057	0.04491	0.29941	0.12307	0.35731	0.74858	36.62033
15557	1.00000	0.08344	-0.06891	0.08192	-0.03518	0.08344	-0.03140	0.11026	1.76408	66.53429
15577	1.00000	-0.58864	0.16640	0.48311	0.36726	-0.58864	-0.14771	0.50310	2.77651	51.87332
15597	1.00000	-0.50161	0.61446	0.65000	0.07346	-0.50161	0.41991	0.70659	3.77819	47.70767
15617	1.00000	0.34454	-0.30583	0.35232	0.13550	0.34454	-0.15423	0.28072	4.67557	46.13489
15637	1.00000	-0.02777	-0.10276	0.13481	-0.02713	-0.02777	-0.13468	0.14464	5.65579	48.05255
15657	1.00000	-0.08418	0.10999	0.07791	0.08462	-0.08418	0.07841	0.16430	0.42184	42.25838
15677	1.00000	1.57751	0.11805	1.82707	-0.49661	1.57751	1.04709	1.85979	1.44961	52.25254
15697	1.00000	-0.03421	-0.40898	0.49108	0.04552	-0.03421	-0.49201	0.50547	2.26569	48.99648
15717	1.00000	-0.47260	0.56933	0.53182	0.29727	-0.47260	0.38455	0.52126	3.24897	49.11775
15737	1.00000	0.90059	-0.22041	0.76910	0.53838	0.90059	0.26544	0.65475	4.19084	59.14160
15757	1.00000	-0.20506	-0.60239	0.71872	0.43361	-0.20506	-0.81397	0.66897	5.14497	48.99707
15777	1.00000	-0.00520	-0.00122	0.00592	-0.00338	-0.00520	-0.00441	0.21714	6.14206	53.42118
15797	1.00000	-0.09546	-0.01895	0.00424	-0.12256	-0.09546	-0.07699	0.12307	0.90658	47.25533
15817	1.00000	0.44608	-0.42994	0.47809	0.16572	0.44608	-0.23890	0.46456	1.81470	38.54204
15837	1.00000	0.06733	-0.12693	0.08099	-0.09783	0.06733	-0.10770	0.13481	2.81025	48.05255
15857	1.00000	-0.10513	1.11087	1.17997	0.33444	-0.10513	1.22202	1.16376	3.77513	49.11716
15877	1.00000	0.60081	-0.75228	0.78617	0.12302	0.60081	-0.52178	0.84268	4.63416	44.46334
15897	1.00000	-0.46454	0.06003	0.50244	0.05361	-0.46454	-0.19889	0.51719	5.58983	49.48339
15917	1.00000	0.02542	0.12611	0.12505	0.10344	0.02542	0.16029	0.07440	0.31447	59.16180
15937	1.00000	-0.05839	0.12611	0.09214	-0.08626	-0.05839	0.11191	0.13377	1.38825	48.05255
15957	1.00000	0.36066	-0.45250	0.37968	0.29096	0.36066	-0.31428	0.35663	2.39761	68.51546
15977	1.00000	-0.16154	-0.48635	0.64020	0.21224	-0.16154	-0.65485	0.68541	3.41464	48.40244
15997	1.00000	-0.63055	0.81109	0.82900	0.19496	-0.63055	0.57252	0.88935	4.34730	44.35620
16017	1.00000	0.27363	-0.24620	0.26336	0.14650	0.27363	-0.12631	0.22698	5.26002	64.07309
16037	1.00000	-0.15509	-0.43155	0.54086	0.27765	-0.15509	-0.58785	0.53362	0.00460	52.63675
16057	1.00000	-1.39773	1.39614	1.61190	0.05860	-1.39773	0.80515	1.67351	1.03390	49.48324
16077	1.00000	0.02381	0.13578	0.06745	-0.15841	0.02381	0.17053	0.18331	1.86072	48.63855
16097	1.00000	-0.20989	-0.39448	0.44732	0.42011	-0.20989	-0.57669	0.46982	2.86854	68.51487
16117	1.00000	-0.26791	0.03907	0.28762	-0.03237	-0.26791	-0.10956	0.30913	3.85029	58.57700
16137	1.00000	0.48476	0.12450	0.57195	0.29540	0.48476	0.42363	0.58475	4.78909	62.38696
16157	1.00000	0.15436	-0.13660	0.15830	-0.05893	0.15436	-0.06862	0.18396	5.76777	48.63855
16177	1.00000	0.08667	-0.04312	-0.03240	-0.08037	0.08667	0.00024	0.11046	0.51542	57.42175
16197	1.00000	-0.05194	-0.04957	0.07069	-0.07286	-0.05194	-0.08723	0.10667	1.57540	52.89574
16217	1.00000	0.09956	0.31790	0.35452	0.25390	0.09956	0.42456	0.30244	2.58169	48.75747
16237	1.00000	0.70718	-0.15111	0.72226	0.18191	0.70718	0.23380	0.76561	3.60025	48.52021
16257	1.00000	-0.12125	-0.22041	0.34624	-0.01110	-0.12125	-0.32451	0.37018	4.50684	48.05255
16277	1.00000	-0.02293	0.14706	0.14464	0.06417	-0.02293	0.15657	0.11567	5.45177	49.11658
16297	1.00000	0.33326	-0.07213	0.26631	0.22810	0.33326	0.10911	0.50048	0.21629	57.11631
16317	1.00000	0.05282	-0.03990	0.05097	0.02083	0.05282	-0.01558	0.03382	1.27781	48.99678
16337	1.00000	-0.13092	-0.34290	0.39010	0.29545	-0.13092	-0.47154	0.38268	2.30251	48.87698
16357	1.00000	-0.77399	0.20186	0.73926	0.31334	-0.77399	-0.21378	0.71237	3.31953	47.70767
16377	1.00000	0.14630	0.58061	0.76284	0.09619	0.14630	0.75490	0.81688	4.25219	45.33946
16397	1.00000	0.17853	-0.18173	0.19785	-0.06423	0.17853	-0.10677	0.23169	5.18485	43.62043
16417	1.00000	-0.68857	0.10838	0.70436	0.22842	-0.68857	-0.27240	0.64925	6.18808	51.74890
16437	1.00000	-0.24696	0.24376	0.28211	-0.02605	-0.24696	0.13889	0.30943	0.92959	51.37735
16457	1.00000	0.42029	-0.09470	0.31756	0.30587	0.42029	0.13331	0.35665	1.93128	51.25488
16477	1.00000	0.21077	-0.26232	0.21993	0.16997	0.21077	-0.18121	0.19156	2.97439	49.48339
16497	1.00000	-0.06645	-0.36547	0.46478	-0.01750	-0.06645	-0.46037	0.47283	3.95767	47.93703
16517	1.00000	0.05121	0.36787	0.39842	0.22422	0.05121	0.45434	0.43460	4.86119	45.90479
16537	1.00000	0.20271	0.05358	0.25233	-0.09706	0.20271	0.17890	0.27683	5.87054	48.99707
16557	1.00000	0.05121	0.06003	-0.03565	-0.10548	0.05121	0.09888	0.11068	0.61973	58.04252
16577	1.00000	0.06249	-0.08180	0.03271	-0.07901	0.06249	-0.05838	0.10116	1.65977	48.16833
16597	1.00000	-0.43553	0.53548	0.49528	0.28094	-0.43553	0.36687	0.47904	2.67833	47.48049
16617	1.00000	-0.10674	0.14706	0.06777	-0.13601	-0.10674	0.10818	0.35435	3.66161	47.25547
16637	1.00000	0.20593	-0.57983	0.55237	0.20117	0.20593	-0.55063	0.62242	4.60041	59.14045
16657	1.00000	-0.27597	0.28567	0.25303	0.20303	-0.27597	0.17053	0.34579	5.56221	48.99707
16677	1.00000	-0.06806	-0.02378	-0.01017	-0.09478	-0.06806	-0.06676	0.11409	0.33287	57.26862
16697	1.00000	0.30908	-0.07052	0.21949	0.23825	0.30908	0.09702	0.40989	1.36524	51.74861
16717	1.00000	0.32842	-0.37514	0.36689	0.18044	0.32842	-0.24356	0.35808	2.39301	47.48049
16737	1.00000	-0.11963	-0.44122	0.57008	0.15489	-0.11963	-0.57855	0.60630	3.40544	49.36091
16757	1.00000	-0.39201	0.46779	0.49636	-0.07589	-0.39201	0.31383	0.52648	4.32583	44.03785
16777	1.00000	-0.01648	-0.69909	0.80091	0.16079	-0.01648	-0.81676	0.85158	5.12043	37.41427
16797	1.00000	-0.31465	0.36303	0.39320	0.02812	-0.31465	0.23753	0.43362	6.07456	48.63855
16817	1.00000	-0.06967	0.08420	0.04084	-0.08022	-0.06967	0.05700	0.09805	0.82221	56.21920
16837	1.00000	0.13824	-0.15433	0.14047	0.09519	0.13824	-0.09839	0.10730	1.83771	53.02635
16857	1.00000	-0.10352	-0.27843	0.28325	0.27538	-0.10352	-0.38127	0.51576	2.88388	53.42237
16877	1.00000	-0.59832	0.15028	0.61222	0.11265	-0.59832	-0.17191	0.66476	3.86717	45.22807
16897	1.00000	0.56374	-0.06569	0.53860	0.29995	0.56374	0.24962	0.57847	4.77221	43.93161
16917	1.00000	0.14952	-0.13016	0.15058	-0.06142	0.14952	-0.06396	0.17887	5.76470	47.59381
16937	1.00000	0.04799	-0.02056	-0.02294	-0.04233	0.04799	0.00396	0.07309	0.51235	57.42175
16957	1.00000	-0.08901	0.10515	0.07481	0.08502	-0.08901	0.07003	0.24303	1.56466	49.11745
16977	1.00000	0.13824	0.35658	0.41209	0.30145	0.13824	0.49156	0.43278	2.58476	48.99707
16997	1.00000	0.22366	0.00362	0.25476	-0.05369	0.22366	0.13331	0.29378	3.57264	64.23090
17017	1.00000	-0.05194	-0.37514	0.45733	-0.08965	-0.05194	-0.46316	0.46526	4.51451	48.05255
17037	1.00000	-0.06000	0.16157	0.15937	0.03573	-0.06000	0.15192	0.13175	5.45330	48.63739
17057	1.00000	0.15114	-0.00767	0.14549	0.08842	0.15114	0.07841	0.16281	0.22243	36.91398
17077	1.00000	-0.00037	0.05519	0.01030	-0.06268	-0.00037	0.06352	0.08102	1.27627	52.50776
17097	1.00000	-0.15509	-0.33485	0.39085	0.31308	-0.15509	-0.47619	0.44257	2.30097	49.48339
17117	1.00000	-0.74498	0.18574	0.73588	0.24476	-0.74498	-0.21564	0.82155	3.31953	48.05255
17137	1.00000	0.11407	0.52904	0.68538	0.03456	0.11407	0.67674	0.73117	4.24146	49.48339
17157	1.00000	-0.06322	-0.33001	0.34493	0.24369	-0.06322	-0.41756	0.35222	5.16031	49.97947
17177	1.00000	-0.41136	0.06325	0.43748	0.06975	-0.41136	-0.16446	0.46260	6.17581	48.52021
17197	1.00000	-0.26308	0.26472	0.30470	0.00273	-0.26308	0.15378	0.34498	0.92959	66.69486
17217	1.00000	0.22527	-0.04635	0.17739	0.15855	0.22527	0.07655	0.44006	1.93742	47.93703
17237	1.00000	0.56051	-0.71843	0.67568	0.33708	0.56051	-0.50596	0.71023	2.95445	51.01081
17257	1.00000	-0.09385	-0.12854	0.22315	0.00746	-0.09385	-0.20261	0.23142	3.93773	44.03785
17277	1.00000	-0.44037	0.81754	0.70926	-0.40816	-0.44037	0.68976	0.87412	4.77375	34.42859
17297	1.00000	-0.12769	-0.50085	0.62451	0.22679	-0.12769	-0.65206	0.66129	5.70794	49.48339
17317	1.00000	-0.10029	0.13739	0.07889	0.11825	-0.10029	0.10074	0.11218	0.42491	59.16180
17337	1.00000	-0.23729	0.24699	0.27937	-0.01461	-0.23729	0.14820	0.30968	1.49103	67.18154
17357	1.00000	0.31231	-0.07536	0.25763	0.19963	0.31231	0.09329	0.26066	2.49732	48.16861
17377	1.00000	0.35582	-0.44283	0.46833	0.02871	0.35582	-0.30590	0.47821	3.48981	48.16861
17397	1.00000	-0.59509	0.13417	0.62396	0.01902	-0.59509	-0.18866	0.67165	4.43167	45.22689
17417	1.00000	0.18820	0.04552	0.22696	0.09945	0.18820	0.16122	0.44315	5.35819	47.82208
17437	1.00000	0.38806	-0.39770	0.43294	0.13582	0.38806	-0.23518	0.44683	0.09971	52.25254
17457	1.00000	-0.18571	-0.38481	0.45839	0.35856	-0.18571	-0.55156	0.47543	1.15049	67.84180
17477	1.00000	-0.36300	0.05519	0.38861	0.04487	-0.36300	-0.14585	0.43262	2.17058	53.28981
17497	1.00000	-0.01487	0.11483	0.11048	0.05822	-0.01487	0.12400	0.10653	3.17841	48.52021
17517	1.00000	0.38483	-0.03990	0.41910	-0.05875	0.38483	0.17611	0.44997	4.13408	45.33946
17537	1.00000	-0.45487	0.07614	0.41404	0.25685	-0.45487	-0.17470	0.45924	5.05907	48.16861
17557	1.00000	-0.37267	0.44362	0.46715	0.09421	-0.37267	0.29708	0.47322	6.08070	51.37749
17577	1.00000	-0.10513	0.07937	0.00414	-0.10951	-0.10513	0.03095	0.13488	0.80534	53.17799
17597	1.00000	0.52667	-0.77001	0.68656	0.38505	0.52667	-0.58506	0.81610	1.81163	51.87389
17617	1.00000	-0.06000	-0.31712	0.40259	0.04645	-0.06000	-0.40082	0.43832	2.83480	53.28981
17637	1.00000	-0.59832	0.82882	0.78310	0.34448	-0.59832	0.61160	0.79927	3.79047	62.83737
17657	1.00000	0.28168	-0.07536	0.28849	-0.04278	0.28168	0.07561	0.30189	4.69705	46.01955
17677	1.00000	-0.04066	-0.37836	0.46138	0.02652	-0.04066	-0.46037	0.46528	5.69107	53.28981
17697	1.00000	-0.04066	0.05841	0.03051	0.05153	-0.04066	0.04398	0.11647	0.42645	58.04252
17717	1.00000	1.36154	0.18574	1.62402	-0.46601	1.36154	1.00056	1.73585	1.42353	41.25632
17737	1.00000	-0.37590	0.03263	0.41550	0.02859	-0.37590	-0.17935	0.44386	2.16445	45.67698
17757	1.00000	-0.00520	0.13255	0.12908	0.07667	-0.00520	0.15006	0.11294	3.17227	49.11775
17777	1.00000	0.33326	-0.04312	0.35936	-0.04746	0.33326	0.14261	0.40344	4.13408	60.90263
17797	1.00000	-0.68212	0.14384	0.62572	0.35439	-0.68212	-0.22774	0.67328	5.05140	44.03785
17817	1.00000	-0.20344	0.16962	0.20656	-0.06972	-0.20344	0.07841	0.23807	6.06229	47.25547
17837	1.00000	0.26073	-0.08342	0.16243	0.21101	0.26073	0.05421	0.33433	0.79460	56.51508
17857	1.00000	0.07377	-0.03668	0.07333	0.00800	0.07377	0.00024	0.05006	1.84998	51.87389
17877	1.00000	-0.13253	-0.29133	0.34126	0.26755	-0.13253	-0.41291	0.41628	2.86394	50.10444
17897	1.00000	-0.24696	0.02296	0.26924	-0.04435	-0.24696	-0.11607	0.29173	3.84876	63.44951
17917	1.00000	0.34132	-0.15111	0.34204	-0.00056	0.34132	0.02257	0.34133	4.68938	45.67698
17937	1.00000	0.10278	-0.17206	0.09788	-0.14281	0.10278	-0.13934	0.17966	5.66346	48.16861
17957	1.00000	-0.16154	0.02618	0.16823	-0.04201	-0.16154	-0.06303	0.16718	0.42645	58.99926
17977	1.00000	-0.07289	0.04552	0.05365	-0.05044	-0.07289	0.01048	0.08818	1.47262	51.74890
17997	1.00000	0.46542	-0.12693	0.37020	0.30733	0.46542	0.12214	0.38008	2.48965	65.43064
18017	1.00000	0.56696	-0.79419	0.73904	0.35068	0.56696	-0.58971	0.72836	3.51435	47.70767
18037	1.00000	-0.56769	0.13094	0.59446	0.00132	-0.56769	-0.17656	0.64022	4.42707	45.45023
18057	1.00000	-0.02938	0.20992	0.20527	-0.09767	-0.02938	0.22543	0.22701	5.37814	48.16861
18077	1.00000	0.37839	-0.40898	0.41000	0.19867	0.37839	-0.25379	0.36898	0.10738	69.89381
18097	1.00000	-0.10352	-0.28327	0.28771	0.27853	-0.10352	-0.38686	0.45964	1.17350	49.11775
18117	1.00000	-0.45487	0.09226	0.41302	0.24629	-0.45487	-0.15609	0.42090	2.20433	47.59381
18137	1.00000	-0.27919	0.32435	0.35134	0.00234	-0.27919	0.21333	0.38849	3.19988	48.63797
18157	1.00000	0.51538	-0.08825	0.55084	-0.02159	0.51538	0.19565	0.58712	4.14328	45.33946
18177	1.00000	-0.13092	-0.13338	0.26361	0.01897	-0.13092	-0.22960	0.24387	5.07748	47.25547
18197	1.00000	-0.36139	0.44039	0.45839	0.10184	-0.36139	0.29987	0.44695	6.08223	51.87389
18217	1.00000	-0.05355	0.08743	0.05700	-0.06725	-0.05355	0.07003	0.10375	0.82375	38.13759
18237	1.00000	0.16886	-0.15111	0.17885	-0.04953	0.16886	-0.07699	0.20657	1.76868	47.70767
18257	1.00000	-0.46454	0.12288	0.38886	0.28375	-0.46454	-0.12631	0.37862	2.77651	48.51963
18277	1.00000	-0.23568	0.23409	0.25885	-0.08090	-0.23568	0.13424	0.30726	3.75825	47.59381
18297	1.00000	0.38483	-0.42188	0.40649	0.23032	0.38483	-0.26496	0.38406	4.67864	44.78789
18317	1.00000	0.05443	-0.20268	0.18454	-0.09977	0.05443	-0.20261	0.22408	5.66653	62.98973
18337	1.00000	0.04315	-0.04796	-0.04011	-0.03436	0.04315	-0.03047	0.13436	0.42338	37.72087
18357	1.00000	-0.06161	0.06647	0.07023	-0.02366	-0.06161	0.04119	0.07457	1.47109	51.87389
18377	1.00000	0.53956	-0.13499	0.44643	0.34067	0.53956	0.15564	0.44382	2.48812	65.58606
18397	1.00000	0.36066	-0.42027	0.45465	0.01048	0.36066	-0.27706	0.46617	3.49134	48.16861
18417	1.00000	-0.64506	0.14384	0.67593	0.04173	-0.64506	-0.20634	0.71434	4.43474	45.22689
18437	1.00000	0.37678	0.02457	0.38515	0.23249	0.37678	0.24590	0.35658	5.35973	43.93275
18457	1.00000	0.39612	-0.42349	0.44403	0.16582	0.39612	-0.26031	0.42611	0.10124	51.37749
18477	1.00000	-0.07612	-0.27038	0.30396	0.20060	-0.07612	-0.35615	0.23292	1.15355	48.99678
18497	1.00000	-0.79817	0.20831	0.68383	0.46679	-0.79817	-0.22029	0.71418	2.19819	65.89855
18517	1.00000	-0.30176	0.33724	0.37029	-0.01600	-0.30176	0.21519	0.40745	3.20449	48.16804
18537	1.00000	0.55084	-0.08664	0.59234	0.00849	0.55084	0.21799	0.63348	4.14328	45.33946
18557	1.00000	-0.43876	0.05680	0.40220	0.25683	-0.43876	-0.18772	0.39492	5.06367	47.48049
18577	1.00000	-0.42425	0.51937	0.51473	0.20220	-0.42425	0.35477	0.46307	6.08990	66.05678
18597	1.00000	0.06894	0.31790	0.40085	0.09806	0.06894	0.40688	0.45230	0.84216	58.51698
18617	1.00000	0.02381	0.01490	0.02759	-0.02763	0.02381	0.03095	0.04939	1.85151	53.28981
18637	1.00000	-0.04711	-0.25104	0.23345	0.21965	-0.04711	-0.31707	0.35255	2.89462	48.16861
18657	1.00000	-0.66762	0.15673	0.68210	0.14906	-0.66762	-0.20447	0.73397	3.87177	45.67638
18677	1.00000	0.51861	-0.05279	0.49789	0.27907	0.51861	0.23846	0.65587	4.77221	44.24842
18697	1.00000	0.14308	-0.14627	0.16260	-0.03840	0.14308	-0.08630	0.18099	5.76777	48.05255
18717	1.00000	0.06733	-0.03023	-0.02970	-0.06055	0.06733	0.00396	0.08956	0.51542	56.66420
18737	1.00000	-0.27597	0.41783	0.28233	0.31755	-0.27597	0.32314	0.54920	1.55239	52.12571
18757	1.00000	0.01414	0.11160	0.10567	0.08837	0.01414	0.13703	0.08552	2.60010	52.37940
18777	1.00000	0.73297	-0.17851	0.72751	0.23454	0.73297	0.21705	0.76430	3.60332	48.40244
18797	1.00000	-0.15026	-0.27682	0.43322	0.00656	-0.15026	-0.40640	0.44883	4.51297	58.02308
18817	1.00000	0.13179	0.15351	0.28310	0.03743	0.13179	0.25335	0.45702	5.36126	40.27169
18837	1.00000	0.45414	-0.53953	0.54219	0.20595	0.45414	-0.36080	0.56469	0.09971	51.74890
18857	1.00000	-0.12930	-0.35741	0.47150	0.17862	-0.12930	-0.48735	0.50918	1.13668	52.76608
18877	1.00000	-0.27919	0.34369	0.25633	0.26031	-0.27919	0.23567	0.24795	2.13223	53.42237
18897	1.00000	0.08667	0.24699	0.25586	0.23328	0.08667	0.33523	0.23109	3.16767	49.11775
18917	1.00000	0.28168	-0.03023	0.29938	-0.07769	0.28168	0.12772	0.34772	4.13101	45.33946
18937	1.00000	-0.63377	0.14061	0.56965	0.34433	-0.63377	-0.20354	0.60657	5.20019	47.70767
18957	1.00000	-0.01810	0.28567	0.31744	-0.03961	-0.01810	0.31941	0.36013	5.97332	48.99590
18977	1.00000	-0.02777	0.07131	-0.02050	-0.06890	-0.02777	0.06631	0.09844	0.70256	55.24046
18997	1.00000	-0.00520	-0.28811	0.25980	0.21262	-0.00520	-0.33568	0.28775	1.75948	51.37720
19017	1.00000	-0.55641	0.17607	0.45166	0.34566	-0.55641	-0.11793	0.46741	2.77497	47.25547
19037	1.00000	-0.19700	0.19863	0.21529	-0.07629	-0.19700	0.11563	0.23316	3.75365	48.52021
19057	1.00000	0.43641	-0.49441	0.47178	0.26383	0.43641	-0.31893	0.45181	4.67404	44.78789
19077	1.00000	0.67011	0.20186	-0.09323	-0.90812	0.67011	0.61997	0.82862	5.65425	51.37749
19097	1.00000	-0.10352	-0.07213	0.15381	-0.08671	-0.10352	-0.14306	0.19182	0.45406	38.56379
19117	1.00000	-0.13736	0.05841	0.09115	-0.10344	-0.13736	-0.01185	0.14866	1.47722	65.43036
19137	1.00000	0.44447	-0.11726	0.34208	0.30854	0.44447	0.12121	0.38024	2.49425	67.18183
19157	1.00000	0.46542	-0.61528	0.62246	0.15593	0.46542	-0.44176	0.68747	3.50208	47.48049
19177	1.00000	-0.62410	0.15512	0.64729	0.05754	-0.62410	-0.18121	0.69357	4.42860	44.78673
19197	1.00000	0.40418	-0.24298	0.38541	0.13048	0.40418	-0.04721	0.44925	5.27229	42.28912
19217	1.00000	0.04476	-0.18012	0.17648	-0.06348	0.04476	-0.18214	0.20627	6.26018	53.02665
19237	1.00000	-0.24051	0.03263	0.26044	0.01577	-0.24051	-0.10119	0.28337	1.02470	54.36894
19257	1.00000	0.03670	0.13578	0.13471	0.12193	0.03670	0.17797	0.11278	2.02485	49.85452
19277	1.00000	0.84901	-0.23814	0.75721	0.44002	0.84901	0.21519	0.70944	3.05109	47.36771
19297	1.00000	-0.01648	-0.39126	0.38170	0.25955	-0.01648	-0.46130	0.57568	4.02517	45.33946
19317	1.00000	-0.57092	0.67570	0.65181	0.32258	-0.57092	0.45062	0.70325	4.94862	59.86167
19337	1.00000	0.36066	-0.05279	0.30364	0.24400	0.36066	0.14727	0.41303	5.93651	46.81175
19357	1.00000	-0.06484	0.16157	-0.02715	-0.16033	-0.06484	0.14913	0.16628	0.72250	38.45629
19377	1.00000	-0.13092	-0.28005	0.30198	0.29170	-0.13092	-0.39895	0.34725	1.91901	52.76578
19397	1.00000	-0.54352	0.14061	0.42214	0.37429	-0.54352	-0.15143	0.41628	2.78111	62.38638
19417	1.00000	-0.48872	0.60479	0.63839	0.06670	-0.48872	0.41619	0.68625	3.77666	44.14346
19437	1.00000	0.39128	-0.46056	0.41648	0.27054	0.39128	-0.30590	0.40166	4.67711	44.89713
19457	1.00000	0.05443	-0.18012	0.15595	-0.09907	0.05443	-0.17656	0.20338	5.66346	47.70767
19477	1.00000	-0.18088	0.12450	0.18331	0.02563	-0.18088	0.03932	0.12926	0.40190	59.16180
19497	1.00000	-0.10352	0.03907	0.05611	-0.08820	-0.10352	-0.01465	0.11571	1.47569	51.25488
19517	1.00000	0.33004	-0.05279	0.29416	0.19791	0.33004	0.12959	0.17725	2.49118	48.52021
19537	1.00000	0.43963	-0.56854	0.58686	0.10500	0.43963	-0.40268	0.64949	3.49748	47.93703
19557	1.00000	-0.64506	0.14384	0.67593	0.04173	-0.64506	-0.20634	0.71363	4.43320	44.89596
19577	1.00000	0.40740	-0.01411	0.38311	0.25902	0.40740	0.21892	0.41657	5.35666	44.89713
19597	1.00000	0.36066	-0.36063	0.39789	0.12289	0.36066	-0.20820	0.40197	0.09971	51.74890
19617	1.00000	-0.21311	-0.41865	0.51434	0.38551	-0.21311	-0.60646	0.58101	1.15355	53.28951
19637	1.00000	-0.30821	0.02779	0.34088	0.00725	-0.30821	-0.14585	0.36763	2.16751	49.60648
19657	1.00000	0.01575	0.13417	0.12778	0.10402	0.01575	0.16401	0.11894	3.17687	48.16861
19677	1.00000	0.34615	-0.03829	0.37196	-0.07545	0.34615	0.15564	0.41457	4.13561	45.79060
19697	1.00000	-0.63700	0.13255	0.57435	0.34915	-0.63700	-0.21471	0.63315	5.05293	47.93703
19717	1.00000	-0.21150	0.20992	0.24185	-0.02641	-0.21150	0.12028	0.26501	6.06843	50.89050
19737	1.00000	-0.08095	0.07937	0.02960	-0.08771	-0.08095	0.04491	0.09628	0.81915	57.88607
19757	1.00000	0.13018	-0.15433	0.12906	0.10443	0.13018	-0.10305	0.10477	1.83464	52.63646
19777	1.00000	-0.25824	-0.53953	0.67525	0.45482	-0.25824	-0.77210	0.67194	2.86394	49.23844
19797	1.00000	-0.24696	0.03907	0.26249	-0.03977	-0.24696	-0.09746	0.28552	3.85183	49.11775
19817	1.00000	0.74908	-0.15272	0.68383	0.39883	0.74908	0.25614	0.66393	4.76608	44.35505
19837	1.00000	-0.17604	-0.37836	0.44287	0.35332	-0.17604	-0.53853	0.47715	5.72635	52.50805
19857	1.00000	-0.14381	0.00362	0.14231	0.08150	-0.14381	-0.07885	0.07864	0.50161	53.75134
19877	1.00000	-0.20667	0.21959	0.21145	0.12653	-0.20667	0.13424	0.17388	1.54318	53.82404
19897	1.00000	0.04315	0.12127	0.12297	0.11809	0.04315	0.16495	0.10034	2.60010	49.11775
19917	1.00000	0.69267	-0.15111	0.70553	0.18120	0.69267	0.22543	0.68575	3.60025	48.99707
19937	1.00000	-0.92872	0.19219	0.86801	0.45591	-0.92872	-0.31428	0.77532	4.47155	44.35620
19957	1.00000	0.74908	-0.08825	0.77335	0.26879	0.74908	0.33058	0.68975	5.32138	39.98539
19977	1.00000	-0.03421	-0.19463	0.20720	0.13419	-0.03421	-0.24449	0.14673	0.01994	53.28862
19997	1.00000	-0.18571	0.05841	0.12937	0.13905	-0.18571	-0.03977	0.10710	1.07839	48.16847
20017	1.00000	-0.40813	0.47585	0.44896	0.25192	-0.40813	0.31383	0.41602	2.10462	52.37969
20037	1.00000	0.18820	0.54354	0.70024	0.29526	0.18820	0.73629	0.70421	3.12932	48.99707
20057	1.00000	0.61853	-0.48312	0.61641	-0.20721	0.61853	-0.20075	0.67777	4.03744	33.67284
20077	1.00000	-0.41619	0.58545	0.49156	0.34840	-0.41619	0.43573	0.51607	4.95783	44.03785
20097	1.00000	0.31070	-0.03990	0.26009	0.21597	0.31070	0.13331	0.38044	5.93344	48.16861
20117	1.00000	-0.00198	0.05197	0.00236	-0.05885	-0.00198	0.05887	0.08777	0.69950	58.51698
20137	1.00000	0.04799	-0.12049	0.11763	0.02964	0.04799	-0.11142	0.30427	1.75794	47.70739
20157	1.00000	-0.33077	0.41783	0.33516	0.28637	-0.33077	0.29150	0.34658	2.68447	49.48280
20177	1.00000	0.04799	0.32435	0.40468	-0.01715	0.04799	0.40223	0.43749	3.67542	48.63855
20197	1.00000	-0.04066	-0.42188	0.44102	0.26049	-0.04066	-0.51062	0.44973	4.58660	45.33946
20217	1.00000	-0.30821	0.41138	0.30682	0.29848	-0.30821	0.29708	0.49171	5.54994	49.97947
20237	1.00000	-0.05517	-0.02378	-0.01368	-0.07983	-0.05517	-0.05931	0.10518	0.33134	57.42175
20257	1.00000	0.39612	-0.08986	0.26603	0.31896	0.39612	0.12493	0.37576	1.36984	66.53401
20277	1.00000	0.29941	-0.37191	0.33022	0.21546	0.29941	-0.25658	0.28129	2.39148	53.28981
20297	1.00000	-0.15348	-0.46056	0.57855	0.27157	-0.15348	-0.62042	0.57581	3.41771	67.18183
20317	1.00000	-0.62249	0.78047	0.81681	0.11720	-0.62249	0.54181	0.86716	4.34884	44.89713
20337	1.00000	0.24945	-0.20268	0.24874	0.09192	0.24945	-0.09002	0.20550	5.26155	48.40244
20357	1.00000	-0.06967	-0.29939	0.30451	0.24709	-0.06967	-0.38593	0.34503	0.02454	52.25138
20377	1.00000	0.10762	-0.07375	-0.01005	-0.10959	0.10762	-0.02302	0.11560	1.09219	52.25239
20397	1.00000	-0.30498	0.37431	0.33133	0.22095	-0.30498	0.25614	0.34289	2.11536	53.28951
20417	1.00000	0.10278	0.41622	0.53843	0.11021	0.10278	0.53995	0.58668	3.11858	49.97887
20437	1.00000	0.60403	-0.81353	0.80144	0.26706	0.60403	-0.59064	0.87805	4.07425	47.59381
20457	1.00000	1.46791	-0.91668	0.69720	-1.30887	1.46791	-0.21099	1.52891	4.96396	45.79060
20477	1.00000	0.36388	0.00039	0.41985	-0.02124	0.36388	0.21054	0.45023	5.87821	49.11775
20497	1.00000	-0.07934	-0.25426	0.24845	0.24445	-0.07934	-0.33940	0.29263	0.60592	58.19974
20517	1.00000	-0.09707	-0.01734	0.11125	0.05319	-0.09707	-0.07606	0.06897	1.65670	47.14347
20537	1.00000	-0.20989	0.32113	0.20094	0.25685	-0.20989	0.24962	0.44104	2.69214	49.60589
20557	1.00000	0.15758	0.51937	0.68662	0.17448	0.15758	0.69069	0.73615	3.69229	48.99707
20577	1.00000	0.38000	-0.48796	0.51242	-0.01363	0.38000	-0.34405	0.53176	4.61115	43.62043
20597	1.00000	-0.13253	0.08098	0.12825	0.03743	-0.13253	0.01699	0.39674	5.56375	49.23903
20617	1.00000	-0.02615	0.08420	0.08432	0.01785	-0.02615	0.08213	0.05036	0.31140	59.98808
20637	1.00000	-0.05355	0.10354	0.07103	-0.07537	-0.05355	0.08864	0.11553	1.38058	48.52021
20657	1.00000	0.35099	-0.41704	0.38426	0.23089	0.35099	-0.27892	0.38731	2.39761	53.15790
20677	1.00000	-0.18249	-0.47023	0.61495	0.27471	-0.18249	-0.64834	0.72508	3.42078	48.99707
20697	1.00000	-0.56608	0.66926	0.71992	0.03093	-0.56608	0.44596	0.74660	4.33656	58.85794
20717	1.00000	0.23817	-0.21719	0.23919	0.11108	0.23817	-0.11328	0.21237	5.26002	48.52021
20737	1.00000	-0.05678	-0.19140	0.20878	0.15508	-0.05678	-0.25379	0.21859	0.02454	52.76490
20757	1.00000	-0.24212	0.09710	0.15435	0.18857	-0.24212	-0.02767	0.11902	1.07379	53.28966
20777	1.00000	-0.36139	0.52420	0.43663	0.31184	-0.36139	0.39665	0.42014	2.10616	47.36743
20797	1.00000	0.02220	0.20186	0.24608	-0.02017	0.02220	0.24590	0.26780	3.10171	48.99707
20817	1.00000	0.60403	-0.84093	0.81528	0.29552	0.60403	-0.62228	0.86722	4.07425	44.03785
20837	1.00000	-0.40491	0.47746	0.39597	0.32860	-0.40491	0.31755	0.53467	4.97010	49.11775
20857	1.00000	0.01092	0.23732	0.27965	-0.02220	0.01092	0.28033	0.31393	5.97025	48.63739
20877	1.00000	-0.00520	0.10677	0.03562	-0.11500	-0.00520	0.12028	0.11613	0.72404	58.51698
20897	1.00000	-0.10513	-0.32034	0.32190	0.30469	-0.10513	-0.43059	0.48966	1.74414	52.37969
20917	1.00000	-0.29854	0.06970	0.21384	0.22765	-0.29854	-0.09188	0.22349	2.79031	66.05621
20937	1.00000	-0.54352	0.67409	0.70424	0.12338	-0.54352	0.46458	0.74307	3.78280	48.05255
20957	1.00000	0.34938	-0.32356	0.35272	0.16489	0.34938	-0.17191	0.33524	4.67711	49.23903
20977	1.00000	-0.00520	-0.32517	0.37763	-0.02555	-0.00520	-0.37848	0.40039	5.68647	67.18183
20997	1.00000	-0.31949	0.38559	0.32145	0.25831	-0.31949	0.26079	0.28381	0.40650	59.16180
21017	1.00000	-0.18733	0.15834	0.19272	-0.05933	-0.18733	0.07468	0.22751	1.48489	65.43036
21037	1.00000	0.33326	-0.07536	0.28318	0.20490	0.33326	0.10539	0.26991	2.49425	47.70767
21057	1.00000	0.30747	-0.37836	0.40223	0.00050	0.30747	-0.25938	0.43594	3.48674	44.89713
21077	1.00000	-0.56769	0.11805	0.59908	-0.00277	-0.56769	-0.19145	0.63798	4.42860	45.33829
21097	1.00000	0.46381	-0.01089	0.44146	0.29210	0.46381	0.25521	0.43244	5.36280	48.16861
21117	1.00000	0.35905	-0.33968	0.39115	0.10056	0.35905	-0.18493	0.37922	0.10124	52.25254
21137	1.00000	-0.21473	-0.46056	0.56089	0.40187	-0.21473	-0.65578	0.52131	1.15509	49.48309
21157	1.00000	-0.30176	0.03424	0.33013	0.01436	-0.30176	-0.13468	0.35464	2.16751	49.60648
21177	1.00000	0.15436	0.36142	0.41696	0.32628	0.15436	0.50645	0.42114	3.15693	48.52021
21197	1.00000	0.29941	-0.02217	0.32577	-0.07210	0.29941	0.14727	0.36637	4.12948	48.16861
21217	1.00000	-0.61121	0.10838	0.55660	0.34004	-0.61121	-0.22774	0.66276	5.05753	44.78789
21237	1.00000	-0.12930	0.05358	0.08315	-0.09983	-0.12930	-0.01279	0.14343	6.05462	46.92190
21257	1.00000	-0.10191	0.06003	-0.01491	-0.10135	-0.10191	0.01048	0.10486	0.81301	57.73046
21277	1.00000	0.01736	0.05519	0.03025	-0.06947	0.01736	0.07375	0.07870	1.85612	53.28981
21297	1.00000	-0.12447	-0.27521	0.31794	0.25734	-0.12447	-0.38965	0.35156	2.86548	49.48280
21317	1.00000	-0.47421	0.11483	0.49350	0.03515	-0.47421	-0.14120	0.51051	3.86410	48.52021
21337	1.00000	0.58469	-0.08180	0.54601	0.32060	0.58469	0.24311	0.55029	4.77068	48.05140
21357	1.00000	-0.08256	-0.33646	0.33076	0.29607	-0.08256	-0.43618	0.35760	5.73709	49.48339
21377	1.00000	0.01575	-0.02701	0.01309	-0.02376	0.01575	-0.02209	0.06082	0.50928	56.21920
21397	1.00000	-0.20667	0.27277	0.15985	0.23544	-0.20667	0.19565	0.31818	1.56619	67.18154
21417	1.00000	0.12535	0.34369	0.39088	0.28820	0.12535	0.46923	0.35643	2.57862	53.02665
21437	1.00000	0.65238	-0.14466	0.66846	0.15045	0.65238	0.20961	0.72747	3.59719	48.99707
21457	1.00000	-0.16476	-0.19140	0.35590	0.02034	-0.16476	-0.31614	0.35739	4.50377	48.05255
21477	1.00000	-0.20183	0.15512	0.18496	-0.10216	-0.20183	0.06259	0.22808	5.47631	47.70767
21497	1.00000	0.41223	-0.08825	0.37299	0.22209	0.41223	0.13610	0.36305	0.20095	53.75136
21517	1.00000	0.14630	-0.16561	0.14981	0.10177	0.14630	-0.10677	0.10597	1.25786	52.25254
21537	1.00000	-0.11480	-0.36063	0.42469	0.25652	-0.11480	-0.48270	0.41679	2.29637	49.97947
21557	1.00000	-0.19538	0.00362	0.21946	-0.04252	-0.19538	-0.10863	0.23386	3.29346	48.51963
21577	1.00000	0.16242	0.58867	0.77584	0.15051	0.16242	0.77351	0.81963	4.24913	49.11658
21597	1.00000	-0.05839	-0.26393	0.27639	0.20391	-0.05839	-0.33847	0.27579	5.16031	49.11775
21617	1.00000	-0.30176	0.37915	0.28369	0.28289	-0.30176	0.26358	0.35212	6.12825	52.37998
21637	1.00000	-0.14381	0.08581	0.11987	-0.08103	-0.14381	0.01606	0.16273	0.92039	51.37735
21657	1.00000	0.25912	-0.04957	0.21081	0.17670	0.25912	0.09236	0.45557	1.92821	47.82208
21677	1.00000	0.55729	-0.69265	0.66509	0.31105	0.55729	-0.47805	0.68492	2.95445	47.70710
21697	1.00000	-0.06645	-0.13177	0.20153	-0.00966	-0.06645	-0.19052	0.21943	3.94080	44.03785
21717	1.00000	0.11407	0.51937	0.59172	0.32525	0.11407	0.66557	0.54243	4.85352	49.97947
21737	1.00000	0.19143	-0.18012	0.19128	0.09776	0.19143	-0.09746	0.13787	5.83066	52.25254
21757	1.00000	0.03348	-0.05118	0.05198	-0.00001	0.03348	-0.03977	0.18873	0.61513	56.81419
21777	1.00000	-0.15509	0.00845	0.13306	0.11276	-0.15509	-0.07978	0.11610	1.65670	66.05649
21797	1.00000	-0.31949	0.45973	0.28224	0.37733	-0.31949	0.34640	0.38056	2.69827	63.60368
21817	1.00000	0.15919	0.51453	0.67883	0.18744	0.15919	0.68604	0.72203	3.68769	48.99707
21837	1.00000	0.09956	-0.57983	0.56845	0.24769	0.09956	-0.61205	0.57827	4.59427	43.82701
21857	1.00000	-0.26147	0.00845	0.29368	-0.04531	-0.26147	-0.14120	0.33398	5.58062	48.63855
21877	1.00000	-0.00037	0.09871	0.09908	0.05590	-0.00037	0.11377	0.04221	0.31293	59.16180
21897	1.00000	-0.07128	0.12772	0.08331	-0.09719	-0.07128	0.10632	0.14237	1.38672	51.25488
21917	1.00000	0.36711	-0.46056	0.38646	0.29613	0.36711	-0.31986	0.36666	2.39761	69.20233
21937	1.00000	-0.15187	-0.46056	0.60896	0.18957	-0.15187	-0.61949	0.66942	3.41157	48.63855
21957	1.00000	-0.62088	0.79497	0.81728	0.17450	-0.62088	0.55949	0.87256	4.34577	47.70767
21977	1.00000	0.26234	-0.26071	0.25037	0.16885	0.26234	-0.14957	0.22584	5.26155	64.70905
21997	1.00000	-0.11480	-0.37514	0.47029	0.20356	-0.11480	-0.49945	0.49876	0.00153	52.76608
22017	1.00000	-0.30176	0.05680	0.31641	0.05227	-0.30176	-0.10863	0.34480	1.03084	54.36894
22037	1.00000	-0.10352	0.02135	0.04670	-0.09882	-0.10352	-0.03512	0.11490	2.05400	47.70739
22057	1.00000	0.65560	-0.19785	0.52807	0.41643	0.65560	0.15006	0.56353	3.05569	65.43064
22077	1.00000	0.27685	-0.35257	0.37007	-0.02886	0.27685	-0.24728	0.40884	4.04357	43.93218
22097	1.00000	-0.54352	0.62574	0.60631	0.30795	-0.54352	0.40874	0.55872	4.95169	44.89713
22117	1.00000	0.17853	-0.00444	0.15822	0.12818	0.17853	0.09795	0.43172	5.93957	65.89912
22137	1.00000	0.01092	0.02296	0.01384	-0.03169	0.01092	0.03281	0.06664	0.70103	57.26862
22157	1.00000	0.05604	-0.07536	0.07781	-0.00865	0.05604	-0.05466	0.23993	1.75948	48.05255
22177	1.00000	-0.56769	0.18896	0.45863	0.35198	-0.56769	-0.10956	0.56787	2.77344	48.16861
22197	1.00000	-0.40169	0.46618	0.50488	-0.01721	-0.40169	0.30639	0.51068	3.77052	48.16861
22217	1.00000	0.36872	-0.39931	0.38530	0.22158	0.36872	-0.24821	0.35812	4.68018	45.22807
22237	1.00000	0.05121	-0.22525	0.21739	-0.09220	0.05121	-0.23053	0.24340	5.66959	66.05678
22257	1.00000	-0.15509	0.09226	0.15581	0.00793	-0.15509	0.01699	0.11214	0.40344	55.08770
22277	1.00000	0.04154	0.19541	0.20103	0.15368	0.04154	0.24962	0.17192	1.44808	48.99678
22297	1.00000	0.43641	-0.11404	0.29897	0.33986	0.43641	0.12028	0.50485	2.50499	66.05678
22317	1.00000	0.55084	-0.76840	0.73288	0.30055	0.55084	-0.56924	0.74885	3.51128	47.59381
22337	1.00000	-0.57736	0.72083	0.68954	0.32693	-0.57736	0.49901	0.70973	4.36724	44.24957
22357	1.00000	0.61048	-0.08503	0.65180	0.11178	0.61048	0.25428	0.68772	5.30604	64.07309
22377	1.00000	-0.07289	-0.27843	0.31630	0.19355	-0.07289	-0.36359	0.31714	0.01687	52.76608
22397	1.00000	-0.54352	0.15028	0.46507	0.31423	-0.54352	-0.14027	0.44120	1.06151	48.99693
22417	1.00000	-0.43876	0.59512	0.54129	0.29614	-0.43876	0.43387	0.54014	2.10002	51.74890
22437	1.00000	0.10278	0.08743	0.18207	0.05574	0.10278	0.16029	0.42115	3.09097	65.89912
22457	1.00000	0.44286	-0.57822	0.60302	0.04678	0.44286	-0.41198	0.63792	4.05431	44.35563
22477	1.00000	-0.30821	0.26310	0.29218	0.15951	-0.30821	0.12586	0.46096	4.97930	45.22807
22497	1.00000	0.00125	0.32274	0.37319	-0.01136	0.00125	0.37338	0.41621	5.97179	53.02547
22517	1.00000	0.03026	0.09548	0.07699	-0.10631	0.03026	0.12772	0.13362	0.72864	59.98808
22537	1.00000	-0.08256	-0.30261	0.29940	0.27358	-0.08256	-0.39709	0.44562	1.74720	52.89574
22557	1.00000	-0.25824	0.03585	0.21939	0.17363	-0.25824	-0.10770	0.18481	2.79185	50.88993
22577	1.00000	-0.46454	0.56288	0.59691	0.07216	-0.46454	0.38176	0.64492	3.77359	48.63855
22597	1.00000	0.41062	-0.43961	0.47676	-0.12036	0.41062	-0.27054	0.48702	4.60808	40.17580
22617	1.00000	-0.33399	0.03585	0.36652	-0.01209	-0.33399	-0.15143	0.40110	5.58676	49.11775
22637	1.00000	-0.02293	0.05841	0.05804	0.00981	-0.02293	0.05421	0.03876	0.31753	58.51698
22657	1.00000	0.38645	-0.08342	0.28920	0.28594	0.38645	0.12679	0.30396	1.36217	48.05226
22677	1.00000	0.10278	-0.09953	0.10057	0.05949	0.10278	-0.05559	0.05925	2.41449	49.48339
22697	1.00000	-0.16960	-0.47506	0.60578	0.28228	-0.16960	-0.64647	0.67690	3.42231	48.99707
22717	1.00000	-0.07934	0.39204	0.39821	0.11512	-0.07934	0.40688	0.36620	4.29668	41.87056
22737	1.00000	0.29458	-0.28488	0.28481	0.17576	0.29458	-0.15888	0.23723	5.26002	64.07309
22757	1.00000	-0.10674	-0.36708	0.46122	0.18534	-0.10674	-0.48549	0.48916	0.00153	52.89604
22777	1.00000	-0.20667	0.01329	0.23133	-0.00172	-0.20667	-0.10398	0.24238	1.02777	51.00191
22797	1.00000	-0.10674	0.01329	0.04091	-0.10890	-0.10674	-0.04628	0.11608	2.05400	47.70739
22817	1.00000	0.67494	-0.19140	0.55469	0.41982	0.67494	0.16867	0.59580	3.05569	61.64952
22837	1.00000	-0.04066	-0.45411	0.44751	0.31858	-0.04066	-0.54784	0.46618	4.02363	45.67698
22857	1.00000	-0.49033	0.57094	0.49882	0.36479	-0.49033	0.37618	0.54456	4.97163	49.11775
22877	1.00000	0.00125	0.25343	0.29145	-0.03334	0.00125	0.29336	0.31801	5.97179	53.28862
22897	1.00000	-0.06645	0.15351	-0.04625	-0.14685	-0.06645	0.13889	0.16349	0.71177	53.75134
22917	1.00000	0.07216	-0.00605	0.02159	-0.07709	0.07216	0.03467	0.08895	1.75641	47.59381
22937	1.00000	-0.60154	0.16640	0.50928	0.35570	-0.60154	-0.15516	0.43289	2.77344	48.05255
22957	1.00000	-0.43876	0.52904	0.56318	0.05614	-0.43876	0.35756	0.61239	3.77206	62.38696
22977	1.00000	0.38645	-0.39126	0.40813	0.18717	0.38645	-0.22867	0.41152	4.67557	45.22807
22997	1.00000	-0.32593	0.07937	0.24571	0.23488	-0.32593	-0.09653	0.23305	5.64045	67.34453
23017	1.00000	-0.21311	0.20992	0.20333	0.13533	-0.21311	0.11935	0.19743	0.41417	58.51698
23037	1.00000	0.00286	0.13094	0.12695	0.08516	0.00286	0.15285	0.11334	1.46495	49.97947
23057	1.00000	0.11084	-0.01089	0.09470	0.07719	0.11084	0.05142	0.33342	2.50499	48.05255
23077	1.00000	0.58952	-0.78935	0.74800	0.33797	0.58952	-0.57110	0.78130	3.51895	48.05255
23097	1.00000	-0.71919	0.15834	0.74976	0.09513	-0.71919	-0.23239	0.78714	4.43320	45.78941
23117	1.00000	0.01736	0.28567	0.33750	-0.04360	0.01736	0.33988	0.38651	5.38427	47.70767
23137	1.00000	0.34615	-0.39126	0.38116	0.19490	0.34615	-0.25193	0.33193	0.10584	51.74890
23157	1.00000	-0.09223	-0.25426	0.25823	0.24922	-0.09223	-0.34684	0.48353	1.17196	52.76608
23177	1.00000	-0.45648	-0.14305	0.62596	0.01868	-0.45648	-0.42873	0.59455	2.17058	36.69764
23197	1.00000	0.06894	0.39204	0.49145	0.07572	0.06894	0.49249	0.50224	3.11705	64.86942
23217	1.00000	0.63626	-0.89734	0.82752	0.40902	0.63626	-0.66881	0.82744	4.08192	44.35620
23237	1.00000	-0.23245	0.21314	-0.20685	0.15415	-0.23245	0.11191	0.10926	4.98237	478.41995
23257	1.00000	0.52344	-0.07858	0.48743	0.28478	0.52344	0.21147	0.34686	5.92117	48.16861
23277	1.00000	0.10601	-0.09953	0.10567	0.05438	0.10601	-0.05373	0.05435	0.69336	57.88607
23297	1.00000	-0.07289	-0.24942	0.27556	0.19578	-0.07289	-0.33010	0.26942	1.73340	49.11775
23317	1.00000	-0.55641	0.12611	0.50057	0.29971	-0.55641	-0.17563	0.42122	2.76577	48.05255
23337	1.00000	-0.12286	0.20025	0.20190	-0.00443	-0.12286	0.16029	0.20517	3.74752	43.93275
23357	1.00000	0.41223	-0.45572	0.43998	0.24371	0.41223	-0.28822	0.43346	4.67557	45.67698
23377	1.00000	-0.27275	-0.02056	0.32020	-0.06844	-0.27275	-0.18121	0.35678	5.57909	45.22807
23397	1.00000	0.02059	0.20831	0.21838	0.12819	0.02059	0.25242	0.16549	0.30526	59.98808
23417	1.00000	0.33326	0.20508	0.53571	-0.09094	0.33326	0.42922	0.48731	1.30849	33.59092
23437	1.00000	-0.13736	-0.39448	0.47234	0.28597	-0.13736	-0.53481	0.48572	2.29330	48.99707
23457	1.00000	-0.14703	-0.02217	0.17198	-0.06516	-0.14703	-0.11049	0.20043	3.28885	64.23032
23477	1.00000	0.13341	0.58061	0.75130	0.10924	0.13341	0.74746	0.81153	4.24759	45.22689
23497	1.00000	-0.05678	-0.27521	0.29476	0.19805	-0.05678	-0.35057	0.32072	5.15878	45.56392
23517	1.00000	-0.20989	-0.01411	0.24700	-0.04403	-0.20989	-0.13748	0.27354	6.16200	52.76608
23537	1.00000	-0.27597	0.31790	0.34270	0.04316	-0.27597	0.20775	0.37527	0.92806	52.37983
23557	1.00000	0.51861	-0.12210	0.38004	0.38675	0.51861	0.15843	0.42278	1.93282	66.05678
23577	1.00000	0.46381	-0.67492	0.57769	0.37820	0.46381	-0.51155	0.55482	2.94985	48.05198
23597	1.00000	-0.12447	-0.12693	0.25013	0.02527	-0.12447	-0.21843	0.24300	3.93466	48.16861
23617	1.00000	0.11890	0.49519	0.56640	0.32161	0.11890	0.64045	0.60203	4.86119	45.22807
23637	1.00000	0.20755	-0.20268	0.20926	0.11101	0.20755	-0.11421	0.15595	5.82913	49.97947
23657	1.00000	0.02059	-0.09953	0.09034	0.05367	0.02059	-0.10305	0.09759	0.61666	56.96489
23677	1.00000	0.02703	-0.06408	0.04516	-0.04582	0.02703	-0.05838	0.07689	1.65823	51.87360
23697	1.00000	-0.31304	0.45812	0.36661	0.29129	-0.31304	0.34826	0.36306	2.67986	48.40244
23717	1.00000	0.07861	0.40655	0.51931	0.03891	0.07861	0.51482	0.54358	3.67849	44.89713
23737	1.00000	0.01736	-0.36386	0.37042	0.17688	0.01736	-0.41012	0.34693	4.58660	45.79060
23757	1.00000	-0.17282	-0.02539	0.20134	-0.07740	-0.17282	-0.12910	0.22645	5.57602	49.48339
23777	1.00000	-0.04388	0.07292	0.07300	-0.00782	-0.04388	0.05887	0.05499	0.31293	59.98808
23797	1.00000	0.31070	-0.09953	0.22309	0.22561	0.31070	0.06445	0.22262	1.36064	46.92162
23817	1.00000	0.13985	-0.15111	0.14252	0.08962	0.13985	-0.09374	0.08732	2.40682	52.25254
23837	1.00000	-0.19700	-0.54276	0.71377	0.27850	-0.19700	-0.74046	0.71568	3.41771	49.97947
23857	1.00000	-0.66762	0.85783	0.87367	0.22026	-0.66762	0.60509	0.91211	4.35497	44.03785
23877	1.00000	0.16564	-0.08180	0.16542	0.00848	0.16564	0.00117	0.14112	5.26002	45.67698
23897	1.00000	-0.16637	-0.48635	0.61163	0.29337	-0.16637	-0.65764	0.57929	0.00460	53.28981
23917	1.00000	-0.72242	0.20831	0.66234	0.33817	-0.72242	-0.17656	0.67333	1.04771	48.63841
23937	1.00000	-0.15509	0.11160	0.14143	-0.07480	-0.15509	0.03932	0.18226	2.05860	47.70767
23957	1.00000	0.74586	-0.19301	0.62961	0.45053	0.74586	0.20775	0.58452	3.05569	62.08987
23977	1.00000	0.26879	-0.34935	0.36517	-0.02240	0.26879	-0.24821	0.40553	4.04204	44.46276
23997	1.00000	-0.59187	0.76918	0.66279	0.45776	-0.59187	0.54646	0.60999	4.95476	58.43753
24017	1.00000	0.00286	0.09871	0.10878	-0.03928	0.00286	0.11563	0.27763	5.94724	48.16861
24037	1.00000	-0.06645	0.25182	-0.00393	-0.26098	-0.06645	0.25242	0.24730	0.71023	50.15739
24057	1.00000	-0.12447	-0.32195	0.36480	0.28140	-0.12447	-0.44362	0.39632	1.73340	49.23903
24077	1.00000	-0.54674	0.12772	0.55020	0.15633	-0.54674	-0.16818	0.59148	2.74736	48.28525
24097	1.00000	0.08183	0.32435	0.34073	0.26167	0.08183	0.42177	0.33655	3.72604	48.63855
24117	1.00000	0.56696	-0.66686	0.66060	0.28456	0.56696	-0.44269	0.70619	4.66330	44.35620
24137	1.00000	-0.45971	0.51937	0.56492	0.06256	-0.45971	0.33430	0.59550	5.49165	48.16861
24157	1.00000	0.31714	-0.01895	0.32732	0.13935	0.31714	0.16122	0.29388	0.20095	56.36675
24177	1.00000	0.09311	-0.09953	0.09311	0.06117	0.09311	-0.06117	0.04864	1.26093	52.76608
24197	1.00000	0.06249	-0.60239	0.66031	0.05320	0.06249	-0.65950	0.69429	2.26569	37.69005
24217	1.00000	-0.49033	0.56288	0.60221	0.11093	-0.49033	0.36687	0.67287	3.21522	48.05255
24237	1.00000	0.77326	-0.20268	0.73542	0.31957	0.77326	0.21240	0.73882	4.16936	58.57700
24257	1.00000	0.03348	-0.23814	0.22722	-0.12184	0.03348	-0.25565	0.27566	5.08515	43.93275
24277	1.00000	-0.37751	0.43395	0.46046	0.10303	-0.37751	0.28312	0.45829	6.07917	66.21519
24297	1.00000	-0.06645	0.15834	0.13459	-0.08466	-0.06645	0.14447	0.19064	0.82988	37.61816
24317	1.00000	0.02381	0.10677	0.06083	-0.12506	0.02381	0.13703	0.13569	1.85918	48.99678
24337	1.00000	-0.15026	-0.32034	0.37613	0.29935	-0.15026	-0.45665	0.45384	2.87008	49.97887
24357	1.00000	-0.36139	0.09226	0.37467	0.02560	-0.36139	-0.10212	0.41471	3.85643	45.67698
24377	1.00000	0.56696	-0.06569	0.54202	0.30140	0.56696	0.25148	0.48393	4.77068	44.03671
24397	1.00000	-0.07612	-0.33968	0.32408	0.30164	-0.07612	-0.43618	0.33379	5.74629	53.02665
24417	1.00000	0.15597	-0.09953	-0.02170	-0.15644	0.15597	-0.02488	0.16090	0.53076	36.91400
24437	1.00000	-0.26952	0.39526	0.24957	0.31751	-0.26952	0.30080	0.31765	1.55239	53.28981
24457	1.00000	0.70396	-0.11404	0.71209	0.25283	0.70396	0.27475	0.74595	2.46818	44.35620
24477	1.00000	-0.14059	-0.40093	0.47897	0.29395	-0.14059	-0.54412	0.45360	3.42691	48.87698
24497	1.00000	-0.68696	0.91585	0.89171	0.33678	-0.68696	0.66092	0.89450	4.36264	44.78789
24517	1.00000	0.41385	-0.01411	0.46768	-0.04589	0.41385	0.22264	0.48048	5.29684	49.11775
24537	1.00000	-0.06322	-0.24620	0.27654	0.17444	-0.06322	-0.32079	0.26754	0.01994	48.99707
24557	1.00000	-0.50161	0.14061	0.42259	0.29866	-0.50161	-0.12724	0.41011	1.06305	49.48324
24577	1.00000	-0.35333	0.43878	0.45501	0.09686	-0.35333	0.30266	0.47321	2.07394	47.48021
24597	1.00000	0.08828	0.04713	0.13176	0.03920	0.08828	0.10539	0.37142	3.07870	47.25547
24617	1.00000	0.39612	-0.53953	0.55431	0.07141	0.39612	-0.39430	0.59362	4.04818	59.71661
24637	1.00000	-0.43876	0.54032	0.49651	0.28860	-0.43876	0.37059	0.46743	4.95629	47.70767
24657	1.00000	-0.05194	0.17446	0.15750	-0.08536	-0.05194	0.17146	0.19868	5.96412	47.25433
24677	1.00000	-0.11158	0.21153	-0.06854	-0.20022	-0.11158	0.17983	0.21635	0.71330	54.33718
24697	1.00000	-0.13414	-0.29778	0.31023	0.31499	-0.13414	-0.42129	0.32333	1.74260	67.51006
24717	1.00000	-0.25824	0.05841	0.20279	0.17953	-0.25824	-0.08164	0.17801	2.78878	51.25431
24737	1.00000	-0.54352	0.66926	0.69931	0.13039	-0.54352	0.45899	0.74463	3.77819	44.24957
24757	1.00000	0.41707	-0.40576	0.43534	0.19043	0.41707	-0.22774	0.39573	4.67711	45.67698
24777	1.00000	0.06894	-0.20268	0.16918	-0.11772	0.06894	-0.19424	0.22650	5.66959	48.05255
24797	1.00000	-0.19216	0.16640	0.19655	0.06986	-0.19216	0.08120	0.14138	0.40190	59.48956
24817	1.00000	-0.10352	0.07131	0.08853	-0.05818	-0.10352	0.02257	0.11556	1.47416	66.05678
24837	1.00000	0.51861	-0.11887	0.44449	0.31248	0.51861	0.16215	0.37989	2.49272	47.59381
24857	1.00000	0.27846	-0.34774	0.36734	0.02356	0.27846	-0.24076	0.40689	3.48367	63.60426
24877	1.00000	-0.55802	0.12450	0.58579	-0.00335	-0.55802	-0.17842	0.61845	4.42707	45.33829
24897	1.00000	0.36066	0.01167	0.36746	0.21017	0.36066	0.22171	0.46340	5.35973	44.03785
24917	1.00000	0.38161	-0.35902	0.41522	0.10462	0.38161	-0.19424	0.38373	0.10124	51.87389
24937	1.00000	-0.19700	-0.43477	0.52172	0.38181	-0.19700	-0.61577	0.49034	1.15509	53.28951
24957	1.00000	-0.30982	0.02779	0.34194	0.02447	-0.30982	-0.14678	0.37644	2.16445	49.73019
24977	1.00000	-0.00037	0.13900	0.13508	0.08627	-0.00037	0.16029	0.11597	3.17381	49.60648
24997	1.00000	0.36066	-0.03990	0.39101	-0.05889	0.36066	0.16215	0.43233	4.13254	45.22807
25017	1.00000	-0.54352	0.10515	0.48698	0.30864	-0.54352	-0.19238	0.48152	5.05753	44.24957
25037	1.00000	-0.35333	0.40655	0.43873	0.05277	-0.35333	0.26544	0.46002	6.07763	48.05255
25057	1.00000	-0.09385	0.08743	0.02740	-0.10121	-0.09385	0.04677	0.10717	0.81608	57.42175
25077	1.00000	0.17048	-0.18657	0.17500	0.11010	0.17048	-0.11700	0.11592	1.82851	49.36061
25097	1.00000	-0.14381	-0.26715	0.28828	0.30139	-0.14381	-0.39151	0.33791	2.87928	53.28921
25117	1.00000	-0.39040	0.08420	0.41048	0.01778	-0.39040	-0.12817	0.44563	3.86410	48.99707
25137	1.00000	0.55245	-0.06246	0.52958	0.29262	0.55245	0.24683	0.45456	4.77068	43.72291
25157	1.00000	0.16403	-0.16884	0.18805	-0.03992	0.16403	-0.10025	0.21798	5.76777	51.37749
25177	1.00000	0.04799	-0.03184	-0.01181	-0.04738	0.04799	-0.00906	0.07782	0.51235	52.75595
25197	1.00000	-0.02293	-0.07536	0.04234	-0.09372	-0.02293	-0.10025	0.11231	1.57080	48.51992
25217	1.00000	0.09472	0.25666	0.28462	0.22622	0.09472	0.35105	0.29267	2.58322	52.76608
25237	1.00000	0.39128	-0.04474	0.42821	-0.00929	0.39128	0.17425	0.45967	3.58491	49.36091
25257	1.00000	-0.07451	-0.44283	0.55628	-0.05815	-0.07451	-0.55435	0.60404	4.52218	44.03785
25277	1.00000	-0.09868	0.12288	0.12676	-0.02965	-0.09868	0.08492	0.12027	5.46404	47.93589
25297	1.00000	0.03670	0.02940	0.06612	0.00384	0.03670	0.05514	0.22883	0.21629	36.91396
25317	1.00000	0.04799	-0.02862	0.04641	0.01332	0.04799	-0.00534	0.02955	1.27781	67.84180
25337	1.00000	-0.08256	-0.24620	0.27478	0.20375	-0.08256	-0.33196	0.24028	2.30404	49.48339
25357	1.00000	-0.43876	0.06003	0.47392	0.04165	-0.43876	-0.18400	0.47723	3.30113	48.87698
25377	1.00000	0.17048	0.59512	0.78228	0.18489	0.17048	0.78561	0.84052	4.25219	45.33829
25397	1.00000	-0.77722	0.08904	0.83086	0.18261	-0.77722	-0.34591	0.86563	5.01919	56.12141
25417	1.00000	0.15597	0.47585	0.56922	0.33050	0.15597	0.63951	0.50193	6.00707	53.28981
25437	1.00000	0.28168	-0.03023	0.30282	0.06288	0.28168	0.12772	0.37400	0.74858	57.73046
25457	1.00000	0.19788	-0.23008	0.24916	0.00147	0.19788	-0.15143	0.26739	1.78095	51.62421
25477	1.00000	-0.51289	0.15673	0.40477	0.33537	-0.51289	-0.11514	0.45231	2.77804	51.87332
25497	1.00000	-0.54674	0.68376	0.71174	0.12975	-0.54674	0.47388	0.75452	3.78280	47.59381
25517	1.00000	0.33971	-0.27682	0.34008	0.12247	0.33971	-0.12352	0.30239	4.68018	45.56392
25537	1.00000	0.07861	-0.16884	0.11548	-0.12334	0.07861	-0.14957	0.19020	5.66346	47.70767
25557	1.00000	0.04960	-0.06891	-0.04368	-0.05609	0.04960	-0.05094	0.10221	0.42491	38.34954
25577	1.00000	-0.07612	0.05519	0.06213	-0.04821	-0.07612	0.01978	0.08822	1.47109	46.92190
25597	1.00000	0.13824	0.00523	0.13308	0.09364	0.13824	0.08585	0.36789	2.50959	51.37749
25617	1.00000	0.56212	-0.68459	0.69831	0.21322	0.56212	-0.46595	0.77239	3.51282	48.05255
25637	1.00000	-0.56930	0.11160	0.60332	-0.00005	-0.56930	-0.19982	0.64732	4.43014	45.33829
25657	1.00000	0.19626	0.06325	0.25144	0.10005	0.19626	0.18635	0.43701	5.36126	43.93275
25677	1.00000	0.13663	-0.09953	0.13679	0.03542	0.13663	-0.03605	0.07947	0.12118	58.35796
25697	1.00000	0.09472	-0.05279	0.07198	-0.06188	0.09472	-0.00627	0.10920	1.19804	51.87360
25717	1.00000	-0.15670	0.05519	0.11069	0.11408	-0.15670	-0.02674	0.21698	2.20740	48.52021
25737	1.00000	-0.54513	0.71761	0.69563	0.27792	-0.54513	0.51389	0.68729	3.22289	65.89912
25757	1.00000	0.82000	-0.20268	0.82572	0.21874	0.82000	0.23939	0.88843	4.16476	45.11721
25777	1.00000	0.03509	-0.23814	0.22980	-0.11534	0.03509	-0.25472	0.27622	5.08054	48.05255
25797	1.00000	-0.41136	0.50164	0.52195	0.11629	-0.41136	0.34175	0.52541	6.08223	47.82208
25817	1.00000	-0.07289	0.08743	0.04478	-0.08229	-0.07289	0.05887	0.10504	0.81915	57.88607
25837	1.00000	-0.04066	0.15028	-0.01060	-0.15510	-0.04066	0.15006	0.15362	1.85918	48.52021
25857	1.00000	-0.18571	-0.35580	0.42734	0.34676	-0.18571	-0.51806	0.47030	2.86854	48.99648
25877	1.00000	-0.36623	0.07614	0.38647	0.00057	-0.36623	-0.12352	0.42090	3.86103	48.99707
25897	1.00000	0.79582	-0.09953	0.73145	0.46578	0.79582	0.34454	0.49279	4.77068	58.85680
25917	1.00000	0.03026	-0.28811	0.26445	0.17414	0.03026	-0.31521	0.25472	5.75089	48.05255
25937	1.00000	0.15114	-0.09953	-0.01246	-0.15314	0.15114	-0.02767	0.15345	0.53383	53.17799
25957	1.00000	-0.33883	0.50970	0.30576	0.41912	-0.33883	0.39292	0.41063	1.55392	68.00919
25977	1.00000	0.02381	0.13739	0.13341	0.11172	0.02381	0.17239	0.11083	2.59703	48.63855
25997	1.00000	0.70718	-0.16239	0.71190	0.20493	0.70718	0.22078	0.80049	3.60179	49.48339
26017	1.00000	-0.10513	-0.23975	0.35158	-0.03689	-0.10513	-0.33754	0.36911	4.50530	43.72404
26037	1.00000	-0.26469	0.25666	0.29113	-0.07676	-0.26469	0.14354	0.32964	5.48091	47.59381
26057	1.00000	0.41546	-0.06246	0.39899	0.20379	0.41546	0.16774	0.43459	0.19942	57.73046
26077	1.00000	0.17853	-0.24137	0.17554	0.17860	0.17853	-0.17563	0.16260	1.26400	67.18183
26097	1.00000	-0.13897	-0.33646	0.39453	0.28876	-0.13897	-0.46874	0.42723	2.29944	53.28981
26117	1.00000	-0.25824	0.03585	0.27968	-0.00797	-0.25824	-0.10770	0.31402	3.29806	48.99648
26137	1.00000	0.08667	0.36464	0.47866	-0.01720	0.08667	0.47109	0.50007	4.23072	62.68689
26157	1.00000	0.05282	-0.35419	0.34222	0.17004	0.05282	-0.37848	0.47067	5.17258	48.05255
26177	1.00000	-0.54513	0.11160	0.54199	0.19468	-0.54513	-0.18586	0.44148	6.18041	66.69501
26197	1.00000	-0.25018	0.26310	0.29660	-0.00103	-0.25018	0.15936	0.32315	0.93266	48.05240
26217	1.00000	-0.10029	0.11483	0.04629	-0.11615	-0.10029	0.07468	0.13113	1.95122	51.74861
26237	1.00000	0.39451	-0.60400	0.48147	0.37998	0.39451	-0.46967	0.46045	2.96212	48.05198
26257	1.00000	-0.68857	0.18896	0.53810	0.46550	-0.68857	-0.17935	0.56490	3.91319	62.23806
26277	1.00000	0.35099	0.07776	0.42386	0.17038	0.35099	0.29243	0.69189	4.77835	43.93275
26297	1.00000	0.15275	-0.12210	0.14490	-0.07156	0.15275	-0.05280	0.17313	5.76470	48.16861
26317	1.00000	0.03993	-0.02217	-0.01373	-0.03758	0.03993	-0.00255	0.06503	0.51235	57.88607
26337	1.00000	-0.00843	-0.08342	0.02830	-0.09751	-0.00843	-0.10119	0.10569	1.57233	48.51992
26357	1.00000	0.05927	0.20831	0.22303	0.17105	0.05927	0.27475	0.20994	2.58476	53.42237
26377	1.00000	0.72007	-0.20107	0.66861	0.32413	0.72007	0.18356	0.73639	3.61252	47.59381
26397	1.00000	-0.07289	-0.44444	0.55851	-0.04111	-0.07289	-0.55528	0.59345	4.52371	58.43753
