0	0.00000	-0.01368	0.01081	0.01078	0.00958	-0.01368	0.00458	0.23174	6.05769	0.01746
8377	0.00000	-0.00723	-0.01176	0.01268	-0.01437	-0.00723	-0.01775	0.00968	6.05002	0.00000
8397	0.00000	-0.00884	0.08978	-0.01762	0.09738	-0.00884	0.09857	0.05682	6.04542	0.00000
8417	0.00000	0.02500	0.00597	-0.03220	0.00658	0.02500	0.02133	0.04653	6.03468	0.00000
8437	0.00000	0.00566	0.00597	-0.00649	0.00966	0.00566	0.01016	0.00726	6.02701	0.00000
8457	0.00000	-0.00401	-0.00209	0.00423	-0.00452	-0.00401	-0.00472	0.01121	6.02548	0.00000
8477	0.00000	0.00083	-0.00370	-0.00071	-0.00382	0.00083	-0.00379	0.02172	6.02394	0.00000
8497	0.00000	0.00083	0.08656	-0.00237	0.10039	0.00083	0.10043	0.00992	6.02087	0.00000
8517	0.00000	-0.01529	0.00758	0.01528	-0.00061	-0.01529	-0.00007	0.02631	6.01781	0.00000
8537	0.00000	0.04273	-0.00853	-0.04520	0.00143	0.04273	0.01482	0.05097	6.01474	0.00000
8557	0.00000	-0.01368	0.00114	0.01089	-0.01058	-0.01368	-0.00658	0.00745	5.98866	0.00000
8577	0.00000	-0.01045	-0.00209	0.00374	-0.01291	-0.01045	-0.00845	0.22521	5.96565	0.00000
8597	0.00000	0.00405	0.00597	0.00262	0.00974	0.00405	0.00923	0.01445	5.95952	0.00000
8617	0.00000	0.00244	-0.02787	-0.02155	-0.02211	0.00244	-0.03078	0.01302	5.95798	0.00000
8637	0.00000	0.00889	-0.01015	-0.01102	0.00099	0.00889	-0.00658	0.02051	5.95491	0.00000
8657	0.00000	0.00244	0.00114	0.00005	0.00365	0.00244	0.00272	0.00869	5.95185	0.00000
8677	0.00000	-0.05075	-0.00692	0.00894	-0.06233	-0.05075	-0.03729	0.01243	5.94878	0.00000
8697	0.00000	0.00083	-0.01498	-0.01277	-0.01098	0.00083	-0.01682	0.02129	5.94724	0.00000
8717	0.00000	0.01533	0.00758	0.00300	0.02315	0.01533	0.01761	0.03895	5.94418	0.00000
8737	0.00000	0.00405	0.01081	0.00818	0.01300	0.00405	0.01482	0.01958	5.94571	0.00000
8757	0.00000	-0.00401	-0.01015	-0.00763	-0.01244	-0.00401	-0.01403	0.00702	5.94418	0.00000
8777	0.00000	-0.00239	-0.00370	-0.00264	-0.00554	-0.00239	-0.00565	0.02051	5.94418	0.00000
8797	0.00000	-0.05075	-0.01176	0.00272	-0.06637	-0.05075	-0.04287	0.01485	5.94571	0.00000
8817	0.00000	0.01533	0.00919	0.00480	0.02431	0.01533	0.01947	0.01129	5.94264	0.00000
8837	0.00000	-0.01368	-0.00853	-0.00457	-0.02194	-0.01368	-0.01775	0.02850	5.94264	0.00000
8857	0.00000	-0.02012	0.00758	0.01092	-0.01714	-0.02012	-0.00286	0.01148	5.94264	0.00000
8877	0.00000	0.00083	-0.00048	-0.00059	0.00058	0.00083	-0.00007	0.04140	5.94264	0.00000
8897	0.00000	-0.00884	0.00758	0.00860	-0.00419	-0.00884	0.00365	0.02646	5.94264	0.00000
8917	0.00000	-0.00401	0.00114	0.00185	-0.00369	-0.00401	-0.00100	0.04170	5.94264	0.00000
8937	0.00000	-0.00239	0.00597	0.00577	0.00167	-0.00239	0.00551	0.02702	5.94111	0.00000
8957	0.00000	0.00083	0.00275	0.00213	0.00308	0.00083	0.00365	0.08881	5.94418	0.00000
8977	0.00000	-0.00723	-0.02143	-0.01846	-0.02340	-0.00723	-0.02892	0.00586	5.93804	0.00000
8997	0.00000	-0.00078	-0.00370	-0.00320	-0.00356	-0.00078	-0.00472	0.02507	5.93804	0.00000
9017	0.00000	-0.01045	0.01403	0.01450	-0.00156	-0.01045	0.01016	0.01763	5.94111	0.00000
9037	0.00000	-0.01529	0.00436	0.00611	-0.01452	-0.01529	-0.00379	0.02606	5.93651	0.00000
9057	0.00000	0.01211	0.00275	0.00090	0.01579	0.01211	0.01017	0.01324	5.93651	0.00000
9077	0.00000	-0.00884	-0.00853	-0.00643	-0.01614	-0.00884	-0.01496	0.02899	5.93651	0.00000
9097	0.00000	-0.01368	0.01403	0.01493	-0.00574	-0.01368	0.00830	0.01431	5.93804	0.00000
9117	0.00000	-0.02174	0.00597	0.00847	-0.02080	-0.02174	-0.00565	0.02129	5.93651	0.00000
9137	0.00000	0.00728	-0.00531	-0.00590	0.00467	0.00728	-0.00193	0.00405	5.93497	0.00000
9157	0.00000	0.00405	0.00597	0.00498	0.00877	0.00405	0.00923	0.03589	5.93651	0.00000
9177	0.00000	-0.00078	-0.00370	-0.00332	-0.00345	-0.00078	-0.00472	0.02460	5.93651	0.00000
9197	0.00000	-0.11360	0.00114	0.01644	-0.12948	-0.11360	-0.06428	0.02849	5.93651	0.00000
9217	0.00000	0.00083	0.00275	0.00243	0.00285	0.00083	0.00365	0.00944	5.93651	0.00000
9237	0.00000	0.00405	-0.01820	-0.01777	-0.00704	0.00405	-0.01868	0.00375	5.93190	-3.93330
9257	0.00000	0.02017	0.00114	-0.00047	0.02397	0.02017	0.01296	0.01921	5.93190	0.00000
9277	0.00000	0.01533	-0.01820	-0.01843	0.00659	0.01533	-0.01217	0.01256	5.92884	0.00000
9297	0.00000	0.00405	-0.02143	-0.02101	-0.00876	0.00405	-0.02240	0.07096	5.93037	0.00000
9317	0.00000	0.00083	-0.01015	-0.00989	-0.00540	0.00083	-0.01124	0.00726	5.93037	0.00000
9337	0.00000	-0.00078	0.00758	0.00733	0.00397	-0.00078	0.00830	0.01445	5.93190	0.00000
9357	0.00000	0.00566	-0.01498	-0.01490	-0.00261	0.00566	-0.01403	0.01887	5.92884	0.00000
9377	0.00000	0.00083	0.01403	0.01339	0.00998	0.00083	0.01668	0.01550	5.93190	0.00000
9397	0.00000	0.00083	0.02209	0.02137	0.01480	0.00083	0.02598	0.02508	5.93037	0.00000
9417	0.00000	-0.00239	-0.02465	-0.02377	-0.01821	-0.00239	-0.02985	0.00725	5.92884	0.00000
9437	0.00000	-0.02657	-0.02143	-0.01699	-0.04499	-0.02657	-0.04008	0.02279	5.93497	3.95357
9457	0.00000	-0.00562	-0.01820	-0.01792	-0.01729	-0.00562	-0.02426	0.01574	5.92884	0.00000
9477	0.00000	0.00083	0.00758	0.00721	0.00583	0.00083	0.00923	0.01937	5.93190	0.00000
9497	0.00000	-0.01045	-0.01176	-0.01047	-0.01960	-0.01045	-0.01961	0.00951	5.93037	0.00000
9517	0.00000	-0.00401	-0.01176	-0.01117	-0.01199	-0.00401	-0.01589	0.01724	5.93037	0.00000
9537	0.00000	-0.06203	-0.00531	0.00096	-0.07487	-0.06203	-0.04194	0.01724	5.93344	3.96379
9557	0.00000	0.01211	0.00597	0.00509	0.01771	0.01211	0.01389	0.01075	5.93037	0.00000
9577	0.00000	-0.01045	0.00758	0.00808	-0.00717	-0.01045	0.00272	0.00656	5.93190	0.00000
9597	0.00000	0.00244	-0.00209	-0.00219	0.00147	0.00244	-0.00100	0.01634	5.93190	0.00000
9617	0.00000	-0.00078	0.00114	0.00114	-0.00023	-0.00078	0.00086	0.08037	5.92730	0.00000
9637	0.00000	0.00405	-0.01659	-0.01642	-0.00545	0.00405	-0.01682	0.00405	5.92884	0.00000
9657	0.00000	-0.01045	-0.00370	-0.00298	-0.01437	-0.01045	-0.01031	0.02384	5.93037	0.00000
9677	0.00000	-0.00239	0.00758	0.00749	0.00199	-0.00239	0.00737	0.01065	5.93037	0.00000
9697	0.00000	-0.07492	0.00114	0.00543	-0.08568	-0.07492	-0.04194	0.02307	5.93037	0.00000
9717	0.00000	-0.00239	0.00919	0.00905	0.00300	-0.00239	0.00923	0.00856	5.93190	0.00000
9737	0.00000	0.00083	0.01564	0.01494	0.01101	0.00083	0.01854	0.02491	5.93190	0.00000
9757	0.00000	-0.00562	-0.00853	-0.00775	-0.01196	-0.00562	-0.01310	0.01194	5.93190	0.00000
9777	0.00000	-0.01529	-0.00209	-0.00114	-0.01894	-0.01529	-0.01124	0.00726	5.93190	0.00000
9797	0.00000	-0.10393	-0.00853	-0.00015	-0.12523	-0.10393	-0.06986	0.01634	5.93190	0.00000
9817	0.00000	0.02500	-0.00209	-0.00254	0.02763	0.02500	0.01203	0.02568	5.92730	0.00000
9837	0.00000	-0.02012	0.00919	0.00978	-0.01761	-0.02012	-0.00100	0.01804	5.92884	0.00000
9857	0.00000	0.00889	-0.03755	-0.03714	-0.01265	0.00889	-0.03822	0.00986	5.92884	0.00000
9877	0.00000	0.01050	-0.00370	-0.00403	0.00986	0.01050	0.00179	0.03304	5.92884	0.00000
9897	0.00000	-0.01045	0.00597	0.00625	-0.00842	-0.01045	0.00086	0.02119	5.92884	0.00000
9917	0.00000	-0.01368	0.00275	0.00322	-0.01411	-0.01368	-0.00472	0.02787	5.92884	0.00000
9937	0.00000	0.00083	0.00436	0.00418	0.00369	0.00083	0.00551	0.00897	5.92884	0.00000
9957	0.00000	0.00889	-0.00853	-0.00887	0.00475	0.00889	-0.00472	0.02093	5.93190	0.00000
9977	0.00000	0.01050	-0.01820	-0.01825	0.00101	0.01050	-0.01496	0.01448	5.92730	0.00000
9997	0.00000	0.00566	-0.01498	-0.01490	-0.00261	0.00566	-0.01403	0.01041	5.92730	0.00000
10017	0.00000	-0.00884	0.00597	0.00630	-0.00645	-0.00884	0.00179	0.02630	5.93037	0.00000
10037	0.00000	0.00083	0.00436	0.00412	0.00376	0.00083	0.00551	0.02507	5.93037	0.00000
10057	0.00000	0.00083	0.02209	0.02137	0.01480	0.00083	0.02598	0.01399	5.93037	0.00000
10077	0.00000	-0.00078	0.00436	0.00427	0.00183	-0.00078	0.00458	0.01468	5.93037	0.00000
10097	0.00000	-0.00562	-0.03916	-0.03816	-0.03038	-0.00562	-0.04846	0.03985	5.92884	0.00000
10117	0.00000	0.01050	-0.01659	-0.01673	0.00143	0.01050	-0.01310	0.01194	5.93190	0.00000
10137	0.00000	-0.00078	-0.01176	-0.01136	-0.00827	-0.00078	-0.01403	0.03000	5.93037	0.00000
10157	0.00000	0.00405	-0.02143	-0.02116	-0.00840	0.00405	-0.02240	0.00920	5.92884	0.00000
10177	0.00000	-0.00078	-0.01015	-0.00979	-0.00726	-0.00078	-0.01217	0.02411	5.92884	0.00000
10197	0.00000	0.00083	0.00597	0.00566	0.00479	0.00083	0.00737	0.01574	5.93037	3.96379
10217	0.00000	0.00566	0.00597	0.00564	0.01018	0.00566	0.01016	0.02485	5.92884	0.00000
10237	0.00000	-0.00078	-0.01015	-0.01037	-0.00641	-0.00078	-0.01217	0.01399	5.92270	3.91323
10257	0.00000	0.00566	-0.00370	-0.00384	0.00428	0.00566	-0.00100	0.03590	5.92730	0.00000
10277	0.00000	0.00083	-0.01498	-0.01485	-0.00794	0.00083	-0.01682	0.03100	5.92730	0.00000
10297	0.00000	0.00083	-0.01498	-0.01472	-0.00819	0.00083	-0.01682	0.03760	5.92884	0.00000
10317	0.00000	0.00405	-0.00209	-0.00220	0.00340	0.00405	-0.00007	0.03437	5.92884	0.00000
10337	0.00000	0.00405	0.01725	0.01701	0.01492	0.00405	0.02226	0.01419	5.92730	0.00000
10357	0.00000	0.06207	-0.02143	-0.02240	0.05895	0.06207	0.01110	0.00308	5.92577	0.00000
10377	0.00000	-0.01529	0.00597	0.00620	-0.01411	-0.01529	-0.00193	0.02630	5.92730	0.00000
10397	0.00000	0.00083	0.00275	0.00266	0.00263	0.00083	0.00365	0.02912	5.92884	-3.96379
10417	0.00000	0.00405	0.01887	0.01778	0.01680	0.00405	0.02412	0.02469	5.93190	3.96379
10437	0.00000	0.00244	-0.02143	-0.02110	-0.01026	0.00244	-0.02333	0.05619	5.92884	0.00000
10457	0.00000	0.00244	-0.01659	-0.01636	-0.00731	0.00244	-0.01775	0.00951	5.92730	0.00000
10477	0.00000	0.00244	-0.01820	-0.01779	-0.00859	0.00244	-0.01961	0.01194	5.92884	0.00000
10497	0.00000	0.00244	-0.00692	-0.00690	-0.00129	0.00244	-0.00658	0.01805	5.92730	0.00000
10517	0.00000	0.00083	-0.01659	-0.01630	-0.00917	0.00083	-0.01868	0.01215	5.92884	0.00000
10537	0.00000	-0.00723	0.00919	0.00929	-0.00273	-0.00723	0.00644	0.01937	5.92884	-3.96379
10557	0.00000	-0.00884	0.00919	0.00935	-0.00459	-0.00884	0.00551	0.01369	5.92884	0.00000
10577	0.00000	0.00244	-0.02465	-0.02426	-0.01223	0.00244	-0.02706	0.00566	5.92884	0.00000
10597	0.00000	0.00405	-0.01820	-0.01800	-0.00643	0.00405	-0.01868	0.01041	5.92884	0.00000
10617	0.00000	0.00244	-0.00531	-0.00529	-0.00051	0.00244	-0.00472	0.01423	5.92884	0.00000
10637	0.00000	0.00889	-0.00692	-0.00713	0.00603	0.00889	-0.00286	0.01634	5.92884	0.00000
10657	0.00000	-0.02174	0.02209	0.02229	-0.01198	-0.02174	0.01296	0.01489	5.92730	0.00000
10677	0.00000	0.03145	0.00436	0.00372	0.03890	0.03145	0.02319	0.02878	5.92730	0.00000
10697	0.00000	0.00083	0.00758	0.00731	0.00571	0.00083	0.00923	0.01259	5.93037	0.00000
10717	0.00000	0.05240	-0.02304	-0.02537	0.04599	0.05240	0.00365	0.00086	5.92884	0.00000
10737	0.00000	-0.02335	-0.01337	-0.01102	-0.03549	-0.02335	-0.02892	0.02280	5.93190	0.00000
10757	0.00000	-0.00239	-0.02465	-0.02437	-0.01740	-0.00239	-0.02985	0.02884	5.92730	3.95357
10777	0.00000	0.00083	0.00758	0.00749	0.00546	0.00083	0.00923	0.02575	5.92884	0.00000
10797	0.00000	0.00889	-0.00048	-0.00064	0.00998	0.00889	0.00458	0.00723	5.92730	-3.96379
10817	0.00000	-0.01206	0.01081	0.01093	-0.00751	-0.01206	0.00551	0.01190	5.92730	0.00000
10837	0.00000	-0.02012	-0.01015	-0.00868	-0.02956	-0.02012	-0.02333	0.03338	5.93037	0.00000
10857	0.00000	-0.00562	-0.01498	-0.01473	-0.01538	-0.00562	-0.02054	0.02969	5.92730	0.00000
10877	0.00000	0.00083	0.00597	0.00590	0.00450	0.00083	0.00737	0.01420	5.92884	0.00000
10897	0.00000	0.00244	-0.01176	-0.01169	-0.00416	0.00244	-0.01217	0.00897	5.92730	0.00000
10917	0.00000	0.00083	-0.01337	-0.01326	-0.00698	0.00083	-0.01496	0.01711	5.92730	0.00000
10937	0.00000	-0.00723	0.00919	0.00929	-0.00273	-0.00723	0.00644	0.07382	5.92884	0.00000
10957	0.00000	-0.00723	-0.02143	-0.02109	-0.02107	-0.00723	-0.02892	0.01079	5.92884	0.00000
10977	0.00000	-0.00239	-0.00853	-0.00841	-0.00783	-0.00239	-0.01124	0.02653	5.92730	0.00000
10997	0.00000	-0.00401	0.00919	0.00917	0.00099	-0.00401	0.00830	0.01259	5.92884	0.00000
11017	0.00000	0.00083	-0.01498	-0.01458	-0.00843	0.00083	-0.01682	0.05277	5.93037	0.00000
11037	0.00000	-0.08782	0.00597	0.01087	-0.09752	-0.08782	-0.04381	0.02913	5.93190	0.00000
11057	0.00000	-0.01368	0.00597	0.00638	-0.01214	-0.01368	-0.00100	0.02642	5.93037	0.00000
11077	0.00000	0.00566	-0.00370	-0.00377	0.00434	0.00566	-0.00100	0.01324	5.92730	0.00000
11097	0.00000	0.00566	0.01725	0.01698	0.01678	0.00566	0.02319	0.00477	5.92730	0.00000
11117	0.00000	-0.00723	-0.01176	-0.01125	-0.01552	-0.00723	-0.01775	0.01452	5.92884	0.00000
11137	0.00000	-0.02979	-0.00370	-0.00186	-0.03667	-0.02979	-0.02147	0.02710	5.93037	0.00000
11157	0.00000	0.00083	-0.00370	-0.00372	-0.00111	0.00083	-0.00379	0.03212	5.92423	0.00000
11177	0.00000	0.00083	-0.01176	-0.01176	-0.00582	0.00083	-0.01310	0.01365	5.92577	0.00000
11197	0.00000	0.00083	-0.00853	-0.00847	-0.00411	0.00083	-0.00938	0.02183	5.92730	0.00000
11217	0.00000	0.00083	0.00275	0.00279	0.00250	0.00083	0.00365	0.02698	5.92577	0.00000
11237	0.00000	0.00083	0.00919	0.00898	0.00657	0.00083	0.01110	0.02143	5.92884	0.00000
11257	0.00000	0.00083	-0.00531	-0.00524	-0.00228	0.00083	-0.00565	0.02759	5.92884	-3.96379
11277	0.00000	0.00083	0.08172	0.08092	0.04947	0.00083	0.09484	0.00910	5.92884	0.00000
11297	0.00000	-0.00078	0.00597	0.00584	0.00284	-0.00078	0.00644	0.03561	5.92884	0.00000
11317	0.00000	0.00244	0.00275	0.00260	0.00449	0.00244	0.00458	0.03763	5.92730	0.00000
11337	0.00000	0.01211	0.02048	0.02005	0.02614	0.01211	0.03064	0.03578	5.92884	0.00000
11357	0.00000	-0.01690	0.00597	0.01301	-0.01116	-0.01690	-0.00286	0.03496	5.92730	0.00000
11377	0.00000	0.04273	0.00114	0.00032	0.05001	0.04273	0.02598	0.03543	5.92730	0.00000
11397	0.00000	-0.00239	0.02048	0.02016	0.00973	-0.00239	0.02226	0.02172	5.92884	0.00000
11417	0.00000	-0.01368	-0.00531	-0.00468	-0.01902	-0.01368	-0.01403	0.01666	5.92884	0.00000
11437	0.00000	-0.10232	-0.00853	-0.00028	-0.12337	-0.10232	-0.06893	0.01953	5.93190	0.00000
11457	0.00000	0.02984	0.00114	0.00175	0.03508	0.02984	0.01854	0.02698	5.92423	0.00000
11477	0.00000	-0.00078	0.00758	0.00746	0.00372	-0.00078	0.00830	0.00968	5.92884	0.00000
11497	0.00000	-0.01690	-0.02143	-0.02090	-0.03223	-0.01690	-0.03450	0.00726	5.92577	0.00000
11517	0.00000	-0.08459	-0.00853	-0.00338	-0.10289	-0.08459	-0.05869	0.02093	5.93037	0.00000
11537	0.00000	0.00566	0.00114	0.00114	0.00719	0.00566	0.00458	0.02093	5.92577	0.00000
11557	0.00000	0.00083	0.01081	0.01030	0.00790	0.00083	0.01296	0.02022	5.93037	0.00000
11577	0.00000	0.00083	-0.00692	-0.00682	-0.00327	0.00083	-0.00751	0.02035	5.92884	0.00000
11597	0.00000	-0.01529	-0.01659	-0.01661	-0.02722	-0.01529	-0.02799	0.03829	5.92730	0.00000
11617	0.00000	-0.00884	-0.00209	-0.00171	-0.01148	-0.00884	-0.00751	0.02718	5.92730	0.00000
11637	0.00000	-0.01368	0.01081	0.01096	-0.00938	-0.01368	0.00458	0.00131	5.92730	0.00000
11657	0.00000	-0.02012	0.01081	0.01136	-0.01663	-0.02012	0.00086	0.01009	5.92730	0.00000
11677	0.00000	-0.00239	0.00919	0.00910	0.00285	-0.00239	0.00923	0.02644	5.92884	0.00000
11697	0.00000	0.00244	0.00597	0.00576	0.00646	0.00244	0.00830	0.02646	5.92884	0.00000
11717	0.00000	0.00083	-0.01176	-0.01156	-0.00622	0.00083	-0.01310	0.03488	5.92884	0.00000
11737	0.00000	-0.01690	-0.02304	-0.02250	-0.03319	-0.01690	-0.03636	0.04042	5.92730	0.00000
11757	0.00000	-0.02174	0.02209	0.02229	-0.01198	-0.02174	0.01296	0.01711	5.92730	0.00000
11777	0.00000	0.00244	0.00919	0.00892	0.00843	0.00244	0.01203	0.00751	5.92884	0.00000
11797	0.00000	-0.01045	-0.00853	-0.00796	-0.01727	-0.01045	-0.01589	0.01215	5.92884	0.00000
11817	0.00000	-0.01529	0.09462	0.09333	0.04009	-0.01529	0.10043	0.02397	5.92884	0.00000
11837	0.00000	-0.00884	-0.02304	-0.02305	-0.02350	-0.00884	-0.03171	0.00555	5.92577	0.00000
11857	0.00000	-0.11038	-0.01015	-0.00120	-0.13369	-0.11038	-0.07544	0.02036	5.93190	3.96379
11877	0.00000	0.01372	0.00597	0.00598	0.01929	0.01372	0.01482	0.02911	5.92730	0.00000
11897	0.00000	0.00889	0.01081	0.00968	0.01719	0.00889	0.01761	0.00457	5.93190	-3.96379
11917	0.00000	-0.01045	-0.02143	-0.02103	-0.02479	-0.01045	-0.03078	0.00289	5.92577	0.00000
11937	0.00000	0.05240	-0.00370	-0.00662	0.05811	0.05240	0.02598	0.01554	5.93190	0.00000
11957	0.00000	0.01050	0.00597	0.00545	0.01576	0.01050	0.01296	0.01975	5.92884	0.00000
11977	0.00000	0.00728	-0.01982	-0.01970	-0.00370	0.00728	-0.01868	0.00192	5.92730	0.00000
11997	0.00000	-0.02335	-0.02143	-0.02078	-0.03968	-0.02335	-0.03822	0.02182	5.92730	0.00000
12017	0.00000	-0.01529	0.00919	0.00960	-0.01203	-0.01529	0.00179	0.00876	5.92884	0.00000
12037	0.00000	-0.01368	-0.00531	-0.00500	-0.01894	-0.01368	-0.01403	0.01725	5.92730	0.00000
12057	0.00000	-0.01045	0.00597	0.00625	-0.00842	-0.01045	0.00086	0.02895	5.92884	0.00000
12077	0.00000	0.00244	-0.00853	-0.00846	-0.00239	0.00244	-0.00845	0.04294	5.92884	0.00000
12097	0.00000	-0.01206	0.00597	0.00632	-0.01028	-0.01206	-0.00007	0.01324	5.92884	-3.94341
12117	0.00000	0.00083	0.00275	0.00275	0.00254	0.00083	0.00365	0.01805	5.92577	0.00000
12137	0.00000	0.00244	0.02209	0.02100	0.01701	0.00244	0.02691	0.01079	5.93190	0.00000
12157	0.00000	-0.00401	-0.02465	-0.02401	-0.01967	-0.00401	-0.03078	0.01943	5.92884	0.00000
12177	0.00000	-0.00401	-0.00370	-0.00347	-0.00688	-0.00401	-0.00658	0.01268	5.92884	0.00000
12197	0.00000	-0.09104	-0.00370	0.00168	-0.10730	-0.09104	-0.05683	0.01666	5.93190	0.00000
12217	0.00000	0.01050	0.00919	0.00861	0.01773	0.01050	0.01668	0.02491	5.92884	0.00000
12237	0.00000	-0.00239	-0.02143	-0.02091	-0.01584	-0.00239	-0.02613	0.01032	5.92730	0.00000
12257	0.00000	-0.12489	-0.00853	0.00399	-0.14931	-0.12489	-0.08196	0.01896	5.93497	3.96379
12277	0.00000	0.00889	-0.00370	-0.00383	0.00806	0.00889	0.00086	0.00289	5.92730	0.00000
12297	0.00000	-0.08620	-0.00853	-0.00152	-0.10480	-0.08620	-0.05962	0.02698	5.93344	0.00000
12317	0.00000	0.00889	0.00275	0.00215	0.01197	0.00889	0.00830	0.02825	5.93037	0.00000
12337	0.00000	0.00566	0.00597	0.00564	0.01018	0.00566	0.01016	0.02311	5.92884	0.00000
12357	0.00000	0.02500	-0.02143	-0.02223	0.01541	0.02500	-0.01031	0.00723	5.93037	-3.96379
12377	0.00000	-0.01529	-0.01820	-0.01677	-0.02904	-0.01529	-0.02985	0.00210	5.93190	0.00000
12397	0.00000	-0.00562	-0.00370	-0.00341	-0.00874	-0.00562	-0.00751	0.02384	5.92884	0.00000
12417	0.00000	-0.01690	0.00597	0.00650	-0.01586	-0.01690	-0.00286	0.01701	5.92884	0.00000
12437	0.00000	0.00889	0.00597	0.00551	0.01390	0.00889	0.01203	0.00920	5.92884	0.00000
12457	0.00000	-0.01690	-0.00853	-0.00772	-0.02471	-0.01690	-0.01961	0.00726	5.92730	0.00000
12477	0.00000	-0.14906	-0.00370	0.00797	-0.17411	-0.14906	-0.09033	0.01666	5.93190	0.00000
12497	0.00000	0.00083	-0.00370	-0.00370	-0.00118	0.00083	-0.00379	0.02129	5.92577	0.00000
12517	0.00000	0.00405	0.00597	0.00570	0.00832	0.00405	0.00923	0.04294	5.92884	0.00000
12537	0.00000	0.00566	0.00919	0.00879	0.01215	0.00566	0.01389	0.01433	5.92884	0.00000
12557	0.00000	0.00083	-0.01176	-0.01166	-0.00602	0.00083	-0.01310	0.01632	5.92730	0.00000
12577	0.00000	-0.01045	-0.02465	-0.02422	-0.02670	-0.01045	-0.03450	0.01121	5.92730	0.00000
12597	0.00000	-0.00239	-0.00370	-0.00362	-0.00496	-0.00239	-0.00565	0.02834	5.92730	0.00000
12617	0.00000	-0.00723	0.00758	0.00771	-0.00372	-0.00723	0.00458	0.00777	5.92884	0.00000
12637	0.00000	-0.01529	0.00597	0.00620	-0.01411	-0.01529	-0.00193	0.02885	5.92730	0.00000
12657	0.00000	0.00083	-0.00209	-0.00208	-0.00028	0.00083	-0.00193	0.02631	5.92730	0.00000
12677	0.00000	0.00083	-0.01176	-0.01221	-0.00481	0.00083	-0.01310	0.01859	5.91963	0.00000
12697	0.00000	0.00083	-0.01176	-0.01186	-0.00563	0.00083	-0.01310	0.01287	5.92270	0.00000
12717	0.00000	0.00566	-0.00531	-0.00500	0.00391	0.00566	-0.00286	0.00747	5.91810	-3.96379
12737	0.00000	-0.00723	-0.01176	-0.01251	-0.01451	-0.00723	-0.01775	0.01367	5.92117	0.00000
12757	0.00000	0.01856	0.00114	0.00226	0.02200	0.01856	0.01203	0.05415	5.92270	0.00000
12777	0.00000	0.01211	0.00597	0.00685	0.01710	0.01211	0.01389	0.24863	5.92117	0.00000
12797	0.00000	-0.09749	0.00436	0.00430	-0.11004	-0.09749	-0.05125	0.01158	5.92730	0.00000
12817	0.00000	-0.00401	0.00597	0.00597	-0.00118	-0.00401	0.00458	0.00910	5.92577	0.00000
12837	0.00000	0.01211	-0.02143	-0.02140	0.00199	0.01211	-0.01775	0.05974	5.92270	0.00000
12857	0.00000	0.00083	0.00597	0.00612	0.00420	0.00083	0.00737	0.02928	5.92423	0.00000
12877	0.00000	0.00244	-0.00853	-0.00860	-0.00182	0.00244	-0.00845	0.02822	5.92270	0.00000
12897	0.00000	-0.00723	0.00597	0.00588	-0.00500	-0.00723	0.00272	0.07107	5.92423	0.00000
12917	0.00000	-0.00401	-0.01982	-0.02061	-0.01503	-0.00401	-0.02520	0.00722	5.92270	0.00000
12937	0.00000	-0.03302	0.02692	0.02613	-0.02349	-0.03302	0.01203	0.03938	5.92117	0.00000
12957	0.00000	0.00405	0.01081	0.01063	0.01109	0.00405	0.01482	0.03016	5.92577	0.00000
12977	0.00000	0.00244	-0.01498	-0.01498	-0.00582	0.00244	-0.01589	0.02849	5.92423	0.00000
12997	0.00000	-0.00078	-0.01820	-0.01858	-0.01078	-0.00078	-0.02147	0.01128	5.92423	0.00000
13017	0.00000	-0.01368	-0.01659	-0.01703	-0.02508	-0.01368	-0.02706	0.02820	5.92423	0.00000
13037	0.00000	-0.00239	0.00758	0.00761	0.00148	-0.00239	0.00737	0.01804	5.92423	0.00000
13057	0.00000	0.00405	-0.00531	-0.00538	0.00134	0.00405	-0.00379	0.02399	5.93037	0.00000
13077	0.00000	0.01533	0.00597	0.00598	0.02115	0.01533	0.01575	0.02523	5.92577	0.00000
13097	0.00000	-0.00401	-0.01015	-0.00997	-0.01065	-0.00401	-0.01403	0.01365	5.92730	0.00000
13117	0.00000	0.00244	-0.00531	-0.00531	-0.00025	0.00244	-0.00472	0.00951	5.92730	0.00000
13137	0.00000	-0.00884	0.00758	0.00768	-0.00571	-0.00884	0.00365	0.01404	5.92730	0.00000
13157	0.00000	-0.01368	0.00919	0.00936	-0.01033	-0.01368	0.00272	0.02091	5.92730	0.00000
13177	0.00000	-0.01368	0.00758	0.00777	-0.01129	-0.01368	0.00086	0.00656	5.92730	0.00000
13197	0.00000	-0.01529	-0.01015	-0.00976	-0.02367	-0.01529	-0.02054	0.02410	5.92730	0.00000
13217	0.00000	-0.01529	0.00758	0.00780	-0.01315	-0.01529	-0.00007	0.02631	5.92730	0.00000
13237	0.00000	0.00083	0.02048	0.02026	0.01311	0.00083	0.02412	0.01528	5.92730	0.00000
13257	0.00000	0.01050	-0.01015	-0.01025	0.00610	0.01050	-0.00565	0.02093	5.92730	0.00000
13277	0.00000	0.00083	-0.01982	-0.02016	-0.00980	0.00083	-0.02240	0.00722	5.92270	0.00000
13297	0.00000	-0.01529	0.00758	0.00758	-0.01328	-0.01529	-0.00007	0.00545	5.92577	0.00000
13317	0.00000	0.02017	0.01081	0.01082	0.02952	0.02017	0.02412	0.02067	5.92577	0.00000
13337	0.00000	-0.00078	-0.01659	-0.01642	-0.01075	-0.00078	-0.01961	0.00726	5.92730	0.00000
13357	0.00000	0.00083	-0.01659	-0.01645	-0.00889	0.00083	-0.01868	0.06587	5.92730	0.00000
13377	50.00000	0.22486	-0.14875	0.22176	0.05599	0.22486	-0.04194	0.23261	0.09050	41.08877
13397	50.00000	-0.09910	0.07528	0.10210	-0.01661	-0.09910	0.02971	0.11508	0.91425	44.05686
13417	50.00000	0.04112	0.01081	0.04326	-0.03363	0.04112	0.03622	0.05827	1.82390	45.85281
13437	50.00000	-0.07170	0.04304	0.07116	0.01203	-0.07170	0.00830	0.06396	2.67373	42.25789
13457	50.00000	0.10398	-0.03593	0.10312	-0.02283	0.10398	0.01854	0.06232	3.52049	41.23552
13477	50.00000	-0.17485	0.15264	0.18869	-0.02530	-0.17485	0.07530	0.19800	4.33196	39.63786
13497	50.00000	0.04273	-0.02143	0.03223	-0.02806	0.04273	-0.00007	0.04534	5.17258	43.15559
13517	50.00000	-0.05075	0.08656	0.08621	-0.01158	-0.05075	0.07065	0.10780	6.00400	28.78793
13537	50.00000	0.06369	-0.07461	0.05980	-0.05403	0.06369	-0.04939	0.10326	0.53996	31.95794
13557	50.00000	-0.03463	0.08817	0.08054	-0.03749	-0.03463	0.08182	0.11497	1.38058	45.48172
13577	50.00000	0.01050	-0.09557	0.10471	-0.00457	0.01050	-0.10429	0.10045	2.24728	46.87111
13597	50.00000	-0.03624	0.10751	0.10370	-0.03481	-0.03624	0.10322	0.11255	3.09711	45.60432
13617	50.00000	-0.07170	-0.02787	0.09851	0.02915	-0.07170	-0.07358	0.10318	3.91319	39.94753
13637	50.00000	0.05240	0.00758	0.06237	0.01942	0.05240	0.03901	0.08196	4.75534	43.48804
13657	50.00000	-0.03946	-0.04560	0.07692	-0.03650	-0.03946	-0.07544	0.07361	5.58676	40.47454
13677	50.00000	0.11526	-0.08590	0.11484	0.03405	0.11526	-0.03264	0.11652	0.09511	45.11708
13697	50.00000	-0.04913	0.08817	0.08541	0.02260	-0.04913	0.07344	0.10205	0.88051	39.03270
13717	50.00000	0.08625	-0.02304	-0.01772	-0.08753	0.08625	0.02319	0.10855	1.67971	25.07845
13737	50.00000	0.02017	0.04143	0.06117	0.01424	0.02017	0.05948	0.05778	2.51573	40.79748
13757	50.00000	-0.10232	-0.03593	0.14255	0.01617	-0.10232	-0.10057	0.12599	3.31800	39.63786
13777	50.00000	0.08141	0.03659	0.11324	-0.04208	0.08141	0.08926	0.18310	4.13868	29.17906
13797	50.00000	-0.10554	-0.03916	0.03506	-0.14552	-0.10554	-0.10615	0.17840	4.87959	15.97901
13817	50.00000	-0.15390	0.09300	0.15216	0.02958	-0.15390	0.01854	0.17521	5.51773	34.08856
13837	50.00000	0.02500	-0.06978	0.06470	-0.02852	0.02500	-0.06614	0.07936	6.22796	37.92820
13857	50.00000	0.10720	0.02370	0.13065	0.04888	0.10720	0.08926	0.15537	0.76546	47.53176
13877	50.00000	-0.16357	-0.04077	0.20686	0.06312	-0.16357	-0.14151	0.02909	1.61988	39.23236
13897	50.00000	0.06046	-0.15359	0.15347	0.01972	0.06046	-0.14244	0.17063	2.27489	20.13104
13917	50.00000	0.05724	-0.17615	0.16031	0.08121	0.05724	-0.17036	0.14269	2.86854	35.58213
13937	50.00000	0.06369	0.01242	0.06897	0.04370	0.06369	0.05111	0.04221	3.63093	43.94228
13957	50.00000	-0.08782	0.06077	0.08782	0.01947	-0.08782	0.01947	0.09418	4.36724	34.08856
13977	50.00000	0.05240	-0.14392	0.13460	-0.05572	0.05240	-0.13593	0.15935	5.09128	24.87543
13997	50.00000	0.08303	0.04788	0.13202	-0.01084	0.08303	0.10322	0.17272	5.88282	43.04550
14017	50.00000	-0.02979	-0.01820	0.04266	-0.02300	-0.02979	-0.03822	0.07133	0.42491	27.39250
14037	50.00000	0.12010	-0.09718	0.12010	0.04287	0.12010	-0.04287	0.12530	1.24099	41.57141
14057	50.00000	-0.13294	0.12040	0.13452	0.05879	-0.13294	0.06227	0.11406	2.09542	41.68438
14077	50.00000	0.12493	-0.10040	0.13221	-0.00693	0.12493	-0.04381	0.11270	2.92377	43.48927
14097	50.00000	-0.11038	0.07205	0.10354	-0.04292	-0.11038	0.01947	0.11611	3.75672	39.23236
14117	50.00000	0.01050	-0.07623	0.07825	0.02651	0.01050	-0.08196	0.07763	4.56666	42.14245
14137	50.00000	-0.07815	0.11718	0.09918	-0.06637	-0.07815	0.09019	0.13469	5.39194	42.14245
14157	50.00000	-0.00078	-0.04399	0.04956	-0.01307	-0.00078	-0.05125	0.04934	6.21109	39.53570
14177	50.00000	0.05724	0.05432	0.10936	-0.02208	0.05724	0.09577	0.09273	0.74245	42.72923
14197	50.00000	-0.01368	-0.04077	0.03409	-0.04524	-0.01368	-0.05497	0.04689	1.56773	29.49971
14217	50.00000	0.04757	0.23000	0.17680	-0.23847	0.04757	0.29305	0.05765	2.42829	41.68438
14237	50.00000	0.01211	0.00758	-0.01582	0.01202	0.01211	0.01575	0.05249	3.26431	42.61003
14257	50.00000	0.04435	-0.00853	0.04534	-0.01258	0.04435	0.01575	0.03304	4.10033	41.68438
14277	50.00000	-0.11360	0.04788	0.10266	-0.04971	-0.11360	-0.01031	0.09511	4.92101	39.94629
14297	50.00000	0.02500	-0.04722	0.04550	0.01270	0.02500	-0.04008	0.02869	5.74476	38.93363
14317	50.00000	-0.06848	0.12846	0.12563	-0.02724	-0.06848	0.10880	0.11338	0.27151	46.20424
14337	50.00000	-0.05075	-0.04560	0.08985	0.03489	-0.05075	-0.08196	0.05815	1.08452	44.28813
14357	50.00000	0.04596	0.06238	0.10355	0.03323	0.04596	0.09857	0.06418	1.94662	41.23616
14377	50.00000	-0.03624	0.00758	0.02498	0.02894	-0.03624	-0.01217	0.06969	2.77651	39.43407
14397	50.00000	0.08947	-0.04722	0.04294	0.07854	0.08947	-0.00286	0.11868	3.62019	39.23236
14417	50.00000	-0.15390	-0.00209	0.17820	0.01592	-0.15390	-0.09126	0.21444	4.44394	44.99690
14437	50.00000	-0.01206	0.09462	0.03491	-0.09690	-0.01206	0.10229	0.10246	5.28303	29.17906
14457	50.00000	-0.11683	0.02692	0.10801	-0.05746	-0.11683	-0.03636	0.14931	6.07610	41.23616
14477	50.00000	0.04273	-0.03593	0.04322	-0.01551	0.04273	-0.01682	0.05510	0.60132	42.72923
14497	50.00000	-0.03302	0.08817	0.08482	0.02723	-0.03302	0.08275	0.05822	1.44654	44.05701
14517	50.00000	0.00244	-0.09718	0.09403	0.05867	0.00244	-0.11080	0.10478	2.30097	40.36803
14537	50.00000	-0.02335	0.07205	0.07185	0.01560	-0.02335	0.06972	0.05721	3.14619	46.35669
14557	50.00000	0.00405	-0.19066	0.21398	0.04082	0.00405	-0.21781	0.16924	3.96994	42.14245
14577	50.00000	-0.00239	0.09462	0.10369	-0.02981	-0.00239	0.10787	0.09985	4.79369	39.33295
14597	50.00000	-0.10393	-0.04560	0.15138	0.02406	-0.10393	-0.11266	0.14771	5.61130	39.63786
14617	50.00000	0.05724	-0.01176	0.06027	-0.00479	0.05724	0.01947	0.08437	0.11658	45.65419
14637	50.00000	-0.18130	0.16070	0.19620	0.03020	-0.18130	0.08089	0.17049	0.93419	39.23236
14657	50.00000	0.09914	-0.04238	0.09425	-0.03186	0.09914	0.00830	0.12614	1.79016	43.48927
14677	50.00000	-0.05558	0.04626	0.05827	-0.01216	-0.05558	0.02133	0.11649	2.61544	40.05183
14697	50.00000	0.02339	-0.08590	0.08525	0.02490	0.02339	-0.08568	0.08919	3.42998	41.23552
14717	50.00000	-0.04913	0.15586	0.14993	-0.05399	-0.04913	0.15161	0.14347	4.23839	29.17777
14737	50.00000	-0.18291	-0.00853	0.21005	0.05157	-0.18291	-0.11546	0.13193	5.02839	39.53570
14757	50.00000	0.03467	0.02209	0.04730	-0.03221	0.03467	0.04553	0.05189	5.83526	42.14245
14777	50.00000	-0.12811	0.06077	0.12279	-0.03669	-0.12811	-0.00379	0.13569	0.35588	43.21068
14797	50.00000	0.00405	-0.05044	0.04078	0.03845	0.00405	-0.05590	0.06216	1.17196	43.60134
14817	50.00000	-0.02657	0.02370	0.02566	-0.01386	-0.02657	0.01203	0.07659	2.02179	44.63947
14837	50.00000	0.00083	-0.08590	0.08592	0.04859	0.00083	-0.09871	0.08390	2.85934	46.22969
14857	50.00000	-0.02174	0.14941	0.15599	0.04162	-0.02174	0.15998	0.08847	3.70456	42.14245
14877	50.00000	0.02339	-0.14070	0.15037	-0.01098	0.02339	-0.14896	0.17511	4.54058	29.91057
14897	50.00000	0.04918	0.06883	0.10995	0.04433	0.04918	0.10787	0.06321	5.37047	41.34731
14917	50.00000	-0.13294	-0.03432	0.17402	0.03054	-0.13294	-0.11639	0.17981	6.17121	39.63786
14937	50.00000	0.07497	-0.04560	0.07255	0.02105	0.07497	-0.00938	0.06325	0.68109	32.05325
14957	50.00000	-0.11522	0.05755	0.11518	-0.00237	-0.11522	-0.00007	0.11004	1.53091	29.41889
14977	50.00000	0.12493	-0.03432	0.11881	-0.05048	0.12493	0.03250	0.11037	2.36847	45.72856
14997	50.00000	-0.15067	0.07850	0.13966	-0.05665	-0.15067	0.00365	0.11874	3.20142	39.63786
15017	50.00000	0.03145	-0.10201	0.09907	0.03318	0.03145	-0.09964	0.10039	4.01289	40.36803
15037	50.00000	-0.03946	-0.08106	-0.09041	-0.08324	-0.03946	-0.11639	0.04530	4.84891	41.68438
15057	50.00000	-0.16196	-0.00209	0.14375	0.12150	-0.16196	-0.09592	0.20506	5.62357	27.96327
15077	50.00000	0.07658	-0.03755	0.06823	-0.03478	0.07658	0.00086	0.05685	0.04909	35.58213
15097	50.00000	-0.04913	0.16553	0.16850	0.02259	-0.04913	0.16277	0.19040	0.84983	42.02683
15117	50.00000	-0.14423	0.09139	0.13857	0.04574	-0.14423	0.02226	0.14849	1.52324	25.28514
15137	50.00000	-0.07331	-0.07945	0.14042	0.06025	-0.07331	-0.13407	0.08280	2.22427	37.11254
15157	50.00000	0.08625	0.00597	0.08902	0.05223	0.08625	0.05669	0.14434	3.05569	43.48927
15177	50.00000	-0.17001	0.00919	0.18577	0.04533	-0.17001	-0.08754	0.14731	3.87484	39.94753
15197	50.00000	0.02178	0.06560	0.05582	-0.07184	0.02178	0.08833	0.08034	4.70625	29.49971
15217	50.00000	-0.09104	0.10912	0.09770	0.06431	-0.09104	0.07344	0.23069	5.51313	41.45906
15237	50.00000	0.04273	-0.04077	0.04747	-0.00863	0.04273	-0.02240	0.03209	0.03375	39.23236
15257	50.00000	-0.05075	0.19293	0.19653	0.03715	-0.05075	0.19348	0.08937	0.85136	46.35653
15277	50.00000	0.08786	-0.12135	0.10132	-0.07379	0.08786	-0.08940	0.11505	1.69045	29.49971
15297	50.00000	-0.07492	0.13330	0.12361	-0.05075	-0.07492	0.11066	0.12016	2.54487	41.68438
15317	50.00000	0.02823	-0.19711	0.20618	-0.05419	0.02823	-0.21130	0.07391	3.37016	45.35978
15337	50.00000	0.05079	0.05755	0.10839	0.00181	0.05079	0.09577	0.08658	4.19390	39.13227
15357	50.00000	-0.08620	-0.03755	0.12670	-0.00683	-0.08620	-0.09312	0.17182	5.02839	43.82815
15377	50.00000	-0.00884	0.07366	0.03967	-0.06998	-0.00884	0.07995	0.11229	5.86594	44.40483
15397	50.00000	-0.08137	0.00597	0.08897	-0.01761	-0.08137	-0.04008	0.07575	0.40650	32.34297
15417	50.00000	0.07497	-0.05366	0.07497	0.01868	0.07497	-0.01868	0.09438	1.24099	29.17906
15437	50.00000	-0.10393	0.22194	0.11866	0.18772	-0.10393	0.19627	0.11215	2.09082	45.35946
15457	50.00000	0.12815	-0.06172	0.11995	-0.04518	0.12815	0.00272	0.14825	2.92070	43.48866
15477	50.00000	-0.02496	0.12685	0.12493	0.04957	-0.02496	0.13206	0.07708	3.72144	40.47454
15497	50.00000	0.05240	-0.17454	0.17206	-0.04977	0.05240	-0.17129	0.16314	4.53291	29.25857
15517	50.00000	-0.07815	0.09945	0.06479	-0.08227	-0.07815	0.06972	0.11582	5.37507	41.34731
15537	50.00000	-0.07492	0.08817	-0.01933	0.09310	-0.07492	0.05855	0.11038	6.20188	39.53570
15557	50.00000	0.02500	0.05755	0.07475	-0.03974	0.02500	0.08089	0.10167	0.73784	29.91057
15577	50.00000	-0.04752	0.02048	0.04312	0.02032	-0.04752	-0.00379	0.05808	1.57386	41.68438
15597	50.00000	0.05240	0.15103	0.10899	-0.18095	0.05240	0.20465	0.03760	2.40835	46.87177
15617	50.00000	-0.06042	0.00597	0.06354	-0.01989	-0.06042	-0.02799	0.05960	3.25051	46.35669
15637	50.00000	0.13944	-0.06656	0.11795	-0.07446	0.13944	0.00365	0.12494	4.04204	35.85939
15657	50.00000	-0.10393	0.11879	0.10172	-0.08005	-0.10393	0.07716	0.13889	4.83204	42.14245
15677	50.00000	0.01050	-0.02787	0.01960	-0.02022	0.01050	-0.02613	0.07642	5.62664	43.48927
15697	50.00000	0.01856	0.08011	0.08527	-0.06104	0.01856	0.10322	0.10783	0.16567	29.74478
15717	50.00000	-0.04269	-0.11168	0.09589	-0.12736	-0.04269	-0.15361	0.05294	0.98788	41.68422
15737	50.00000	0.17973	-0.11007	0.17567	-0.04453	0.17973	-0.02333	0.21402	1.73340	11.98426
15757	50.00000	0.09914	-0.15359	0.15173	0.03509	0.09914	-0.12011	0.13210	2.30711	31.71029
15777	50.00000	0.10881	0.02048	0.12254	0.06556	0.10881	0.08647	0.01753	3.06029	43.60164
15797	50.00000	-0.23609	0.00758	0.24661	0.10576	-0.23609	-0.12755	0.10628	3.89018	39.63786
15817	50.00000	0.03306	0.04304	0.05647	-0.05133	0.03306	0.06879	0.09307	4.70165	42.14245
15837	50.00000	-0.09910	0.03337	0.09973	-0.01486	-0.09910	-0.01868	0.07783	5.52386	41.68438
15857	50.00000	0.02339	-0.09718	0.09107	0.04468	0.02339	-0.09871	0.11117	0.01841	35.95277
15877	50.00000	0.11848	0.08656	0.16155	0.12759	0.11848	0.16835	0.11189	0.81608	31.95785
15897	50.00000	0.00244	-0.06817	0.04082	-0.06569	0.00244	-0.07730	0.08460	1.55546	28.03628
15917	50.00000	-0.04752	-0.08751	0.13490	0.02382	-0.04752	-0.12848	0.14850	2.21353	37.21258
15937	50.00000	0.06369	0.05271	0.10558	-0.04939	0.06369	0.09763	0.12694	3.00200	45.48140
15957	50.00000	-0.07815	0.04949	0.07640	0.02033	-0.07815	0.01203	0.06941	3.81808	42.14245
15977	50.00000	0.05240	-0.05044	0.05609	0.01956	0.05240	-0.02799	0.05243	4.65410	41.23616
15997	50.00000	-0.06042	0.01403	0.03917	-0.04964	-0.06042	-0.01868	0.16648	5.47171	40.05183
16017	50.00000	0.05724	-0.10524	0.10496	-0.00926	0.05724	-0.08847	0.11563	6.28012	41.68308
16037	50.00000	0.00566	0.03982	0.04956	0.00089	0.00566	0.04925	0.04810	0.79767	45.11721
16057	50.00000	-0.00884	-0.04560	0.05820	-0.00519	-0.00884	-0.05776	0.02899	1.64750	43.04550
16077	50.00000	0.07013	0.02370	0.08784	0.04250	0.07013	0.06786	0.05657	2.48965	43.60164
16097	50.00000	-0.11844	-0.01337	0.14149	0.03212	-0.11844	-0.08382	0.14833	3.32107	39.43407
16117	50.00000	0.08141	0.00758	0.09716	-0.01724	0.08141	0.05576	0.07479	4.13254	42.14245
16137	50.00000	-0.11683	0.08172	0.11745	-0.02400	-0.11683	0.02691	0.13941	4.91027	39.94753
16157	50.00000	0.01856	-0.07139	0.06895	0.02708	0.01856	-0.07172	0.07818	5.72328	40.36803
16177	50.00000	-0.07170	0.09462	0.08670	-0.04719	-0.07170	0.06786	0.11338	0.26231	46.06549
16197	50.00000	-0.04430	-0.03432	0.07581	0.02161	-0.04430	-0.06521	0.09151	1.06612	39.63770
16217	50.00000	0.06046	0.04949	0.10788	0.02212	0.06046	0.09205	0.06916	1.91594	43.48927
16237	50.00000	-0.09749	-0.04560	0.14477	0.02031	-0.09749	-0.10894	0.18997	2.75656	43.71399
16257	50.00000	0.14105	0.03176	0.18349	0.01312	0.14105	0.11811	0.22350	3.59412	39.63786
16277	50.00000	-0.04913	-0.01659	0.05889	-0.03470	-0.04913	-0.04753	0.06668	4.40252	42.14245
16297	50.00000	0.03306	-0.01176	0.03338	-0.00301	0.03306	0.00551	0.02833	5.24621	46.35669
16317	50.00000	-0.11199	0.03982	0.10840	-0.03375	-0.11199	-0.01868	0.13779	6.08223	45.35978
16337	50.00000	0.02339	-0.02143	0.02558	-0.00440	0.02339	-0.01124	0.05285	0.61513	25.92651
16357	50.00000	-0.02979	0.06238	0.06103	0.01297	-0.02979	0.05483	0.05250	1.45115	40.47454
16377	50.00000	0.01211	-0.02787	0.02514	0.01222	0.01211	-0.02519	0.01684	2.32245	43.15559
16397	50.00000	-0.00884	0.03821	0.03543	0.01857	-0.00884	0.03901	0.19032	3.16153	40.79748
16417	50.00000	0.09914	-0.12619	0.13274	-0.00592	0.09914	-0.08847	0.10975	4.03437	43.04490
16437	50.00000	-0.05075	0.00597	0.02279	-0.05057	-0.05075	-0.02240	0.09418	4.89493	43.60164
16457	50.00000	0.00083	-0.06011	0.05760	0.03787	0.00083	-0.06893	0.05095	5.71868	44.40483
16477	50.00000	-0.07170	0.12040	0.11436	-0.03992	-0.07170	0.09763	0.11164	0.26691	50.97823
16497	50.00000	-1.09192	0.81667	1.10091	0.27893	-1.09192	0.31259	1.13025	1.06458	42.14245
16517	50.00000	0.12493	-0.04399	0.00151	-0.12672	0.12493	0.02133	0.10007	1.65517	16.67375
16537	50.00000	0.04435	-0.19711	0.20673	0.00543	0.04435	-0.20200	0.18786	2.25035	33.71396
16557	50.00000	0.14105	0.05110	0.19818	0.01841	0.14105	0.14044	0.16608	3.03115	39.23236
16577	50.00000	-0.02335	0.01725	0.01933	0.01459	-0.02335	0.00644	0.08068	3.84262	42.25854
16597	50.00000	0.05402	-0.01820	0.05266	-0.01573	0.05402	0.01016	0.06516	4.65870	45.23817
16617	50.00000	-0.11038	0.06560	0.10865	-0.02287	-0.11038	0.01203	0.12663	5.49472	39.63786
16637	50.00000	0.00889	-0.07784	0.06774	0.05169	0.00889	-0.08475	0.17251	0.02454	39.53570
16657	50.00000	-0.06203	0.16231	0.16257	0.02001	-0.06203	0.15161	0.14089	0.85596	46.35653
16677	50.00000	0.01856	-0.08590	0.08731	-0.02341	0.01856	-0.08847	0.08594	1.66437	41.68438
16697	50.00000	0.20713	0.03337	0.22653	0.12876	0.20713	0.15812	0.30301	2.46664	27.46265
16717	50.00000	-0.10716	0.08817	0.11155	-0.02512	-0.10716	0.03994	0.11898	3.17994	35.67346
16737	50.00000	0.00083	-0.14392	0.15895	0.04682	0.00083	-0.16570	0.15427	3.97761	42.14245
16757	50.00000	-0.05880	0.11396	0.09423	-0.06410	-0.05880	0.09763	0.13087	4.81210	29.49971
16777	50.00000	-0.11683	0.15586	0.15904	0.03183	-0.11683	0.11252	0.15938	5.45484	31.87502
16797	50.00000	-0.08459	-0.06011	0.14419	0.01864	-0.08459	-0.11825	0.11076	6.19115	39.53570
16817	50.00000	0.05079	0.03337	0.08103	-0.02487	0.05079	0.06786	0.07412	0.72557	30.94477
16837	50.00000	-0.06042	0.00597	0.06650	-0.00324	-0.06042	-0.02799	0.18650	1.56773	46.35669
16857	50.00000	-0.02335	0.09300	0.02868	-0.09242	-0.02335	0.09391	0.11170	2.43289	40.79748
16877	50.00000	-0.05075	-0.01176	0.06197	-0.02394	-0.05075	-0.04287	0.05091	3.27045	46.87111
16897	50.00000	0.04757	0.00436	0.05201	-0.02477	0.04757	0.03250	0.22509	4.10953	46.35669
16917	50.00000	-0.07170	-0.04722	0.05392	-0.10692	-0.07170	-0.09592	0.19342	4.93788	41.68438
16937	50.00000	0.07819	0.01403	0.03878	-0.09150	0.07819	0.06134	0.09047	5.76163	39.53447
16957	50.00000	-0.07976	0.11396	0.11330	-0.02897	-0.07976	0.08554	0.17770	0.29146	26.14739
16977	50.00000	0.03145	-0.12297	0.12737	-0.01001	0.03145	-0.12383	0.10401	1.11214	45.35978
16997	50.00000	-0.07170	0.08011	0.05296	-0.07034	-0.07170	0.05111	0.10320	1.95736	41.68438
17017	50.00000	-0.06525	-0.00692	0.06226	0.04966	-0.06525	-0.04567	0.06176	2.78571	44.05701
17037	50.00000	0.07658	0.03337	0.11179	0.01462	0.07658	0.08275	0.17756	3.61099	39.94691
17057	50.00000	-0.09426	-0.03110	0.12729	-0.02902	-0.09426	-0.09033	0.25967	4.42860	40.79748
17077	50.00000	0.07980	-0.05366	0.07939	0.01784	0.07980	-0.01589	0.04050	5.23854	42.14245
17097	50.00000	-0.05075	0.15425	0.14600	0.05833	-0.05075	0.14881	0.10770	6.00860	35.30912
17117	50.00000	-0.02657	-0.03755	0.06357	0.01044	-0.02657	-0.05869	0.07187	0.50468	26.83347
17137	50.00000	0.05240	0.05755	0.10513	-0.03229	0.05240	0.09670	0.11754	1.31155	43.60164
17157	50.00000	-0.06525	-0.04560	0.11110	-0.00857	-0.06525	-0.09033	0.15736	2.18285	39.63786
17177	50.00000	0.10398	0.03176	0.14086	-0.01790	0.10398	0.09670	0.12231	3.01120	40.90564
17197	50.00000	-0.03946	-0.00853	0.04651	-0.02143	-0.03946	-0.03264	0.07435	3.83188	46.35669
17217	50.00000	0.07336	-0.01498	0.07141	-0.03016	0.07336	0.02505	0.04033	4.66177	41.23616
17237	50.00000	-0.18935	-0.04560	0.12238	-0.21704	-0.18935	-0.16198	0.10127	5.49165	39.74055
17257	50.00000	0.02178	-0.03593	0.03404	0.01231	0.02178	-0.02892	0.04151	0.04449	43.48927
17277	50.00000	-0.02818	0.08817	0.08252	0.03605	-0.02818	0.08554	0.08476	0.87744	40.47438
17297	50.00000	0.01533	-0.12619	0.12355	0.06083	0.01533	-0.13686	0.02934	1.72419	45.23785
17317	50.00000	-0.02012	0.04143	0.04026	0.00978	-0.02012	0.03622	0.06931	2.59550	43.48866
17337	50.00000	0.02178	-0.08590	0.08520	0.02676	0.02178	-0.08661	0.04035	3.43305	41.12497
17357	50.00000	-0.05236	0.15103	0.15269	-0.01436	-0.05236	0.14416	0.12461	4.26140	42.14245
17377	50.00000	0.03145	-0.24707	0.24826	-0.10346	0.03145	-0.26713	0.05045	5.06827	39.84377
17397	50.00000	0.05079	0.04304	0.09325	-0.01130	0.05079	0.07902	0.11487	5.88895	27.74650
17417	50.00000	-0.05397	0.00114	0.06157	-0.00353	-0.05397	-0.02985	0.19585	0.42184	49.92242
17437	50.00000	0.10076	-0.05689	0.10025	0.01260	0.10076	-0.00752	0.06325	1.24559	29.09967
17457	50.00000	-0.03624	-0.01176	0.04078	-0.02899	-0.03624	-0.03450	0.03372	2.11536	29.17906
17477	50.00000	0.16039	-0.09396	0.16093	-0.00881	0.16039	-0.01589	0.10803	2.93911	45.60497
17497	50.00000	-0.15067	0.12685	0.16167	0.00996	-0.15067	0.05948	0.17686	3.78126	39.63724
17517	50.00000	0.07174	0.17037	-0.12728	-0.21367	0.07174	0.23814	0.06666	4.59120	39.43407
17537	50.00000	-0.04591	0.12363	0.12409	0.01488	-0.04591	0.11625	0.09168	5.42569	46.35538
17557	50.00000	0.01050	-0.04722	0.04804	-0.01227	0.01050	-0.04846	0.06091	6.23256	45.85281
17577	50.00000	0.12654	0.05432	0.17640	0.05768	0.12654	0.13579	0.17677	0.77313	46.74176
17597	50.00000	-0.09104	-0.02143	0.10888	0.04908	-0.09104	-0.07730	0.09530	1.63062	43.15528
17617	50.00000	0.07980	0.03015	0.10763	0.03640	0.07980	0.08089	0.05080	2.48658	39.63786
17637	50.00000	-0.10393	0.00597	0.09724	0.06455	-0.10393	-0.05311	0.04737	3.33641	39.23236
17657	50.00000	0.05079	0.05271	0.09175	-0.04790	0.05079	0.09019	0.38392	4.14788	40.90627
17677	50.00000	-0.01690	-0.01337	0.02038	-0.02247	-0.01690	-0.02519	0.04264	4.97163	41.79796
17697	50.00000	0.10398	-0.02465	0.09727	-0.04843	0.10398	0.03157	0.13676	5.79231	41.23616
17717	50.00000	-0.04108	0.24612	0.17406	0.19809	-0.04108	0.26048	0.02560	0.32981	47.00220
17737	50.00000	0.07497	-0.14875	0.14388	-0.03776	0.07497	-0.12848	0.16682	1.12748	29.66237
17757	50.00000	-0.07976	0.11234	0.10579	-0.04658	-0.07976	0.08368	0.12779	1.98804	46.35669
17777	50.00000	0.02500	-0.08751	0.08661	-0.02500	0.02500	-0.08661	0.19893	2.81179	42.14245
17797	50.00000	0.01695	0.05593	0.07626	-0.00163	0.01695	0.07437	0.07070	3.64474	39.63786
17817	50.00000	-0.08782	-0.04238	0.12584	-0.04244	-0.08782	-0.09964	0.15120	4.43167	41.79796
17837	50.00000	0.07658	-0.00853	0.07503	-0.03761	0.07658	0.03436	0.10894	5.23241	42.14245
17857	50.00000	-0.10232	0.00597	0.07629	-0.08586	-0.10232	-0.05218	0.10620	6.06689	39.03270
17877	50.00000	0.02500	-0.06978	0.06239	0.03327	0.02500	-0.06614	0.05718	0.60285	46.74176
17897	50.00000	-0.02657	0.10106	0.09718	0.03919	-0.02657	0.10136	0.08296	1.44961	44.05701
17917	50.00000	0.01211	-0.01176	0.01358	-0.00236	0.01211	-0.00658	0.01194	2.32245	43.15559
17937	50.00000	-0.05075	0.13974	0.14021	-0.01886	-0.05075	0.13206	0.16320	3.12012	29.49971
17957	50.00000	-0.07492	-0.01498	0.08418	0.04682	-0.07492	-0.06056	0.05682	3.91472	39.23236
17977	50.00000	0.13783	0.00597	0.16221	0.01265	0.13783	0.08647	0.13198	4.72773	44.87722
17997	50.00000	-0.00239	-0.04399	0.01729	-0.04929	-0.00239	-0.05218	0.05219	5.54687	41.91216
18017	50.00000	0.09109	-0.05044	0.09123	0.00216	0.09109	-0.00565	0.10260	0.08744	45.79047
18037	50.00000	-0.19580	-0.10201	-0.06152	-0.29638	-0.19580	-0.23084	0.33650	0.85596	36.04649
18057	50.00000	-0.05075	-0.06011	0.08531	-0.07098	-0.05075	-0.09871	0.09167	1.55852	25.01063
18077	50.00000	0.11365	-0.08751	0.11903	-0.00165	0.11365	-0.03543	0.12950	2.35773	39.53570
18097	50.00000	-0.10554	0.27513	0.22603	0.16114	-0.10554	0.25676	0.11505	3.18761	43.60103
18117	50.00000	0.00566	-0.11168	0.11144	0.05839	0.00566	-0.12569	0.10812	4.00062	42.14245
18137	50.00000	-0.03302	0.05271	0.04663	-0.02574	-0.03302	0.04180	0.11033	4.82744	29.82749
18157	50.00000	0.01050	-0.06333	0.06572	-0.01702	0.01050	-0.06707	0.05127	5.65579	40.68926
18177	50.00000	0.09914	0.04143	0.14128	0.03015	0.09914	0.10508	0.12075	0.19021	43.21072
18197	50.00000	-0.05075	0.00275	0.05707	0.00097	-0.05075	-0.02613	0.04554	0.99862	42.61053
18217	50.00000	-0.05236	0.10912	0.00182	-0.10913	-0.05236	0.09577	0.11257	1.86225	41.68438
18237	50.00000	0.00566	0.08495	0.10147	0.00255	0.00566	0.10136	0.14103	2.50652	25.63763
18257	50.00000	-0.12972	0.05755	0.12998	-0.00027	-0.12972	-0.00845	0.06280	3.23977	37.92820
18277	50.00000	0.17812	-0.13908	0.18027	-0.05065	0.17812	-0.05776	0.21805	4.04664	39.84377
18297	50.00000	-0.05397	0.02854	0.03827	-0.03808	-0.05397	0.00179	0.12562	4.87959	43.94228
18317	50.00000	0.05240	-0.09396	0.08896	-0.03087	0.05240	-0.07824	0.09647	5.68800	42.02699
18337	50.00000	0.05240	0.10751	0.16266	0.01107	0.05240	0.15440	0.08149	0.21016	43.21072
18357	50.00000	-0.12489	-0.03916	0.16624	0.04147	-0.12489	-0.11732	0.14286	1.04311	39.63770
18377	50.00000	0.04918	0.21550	0.22262	-0.17238	0.04918	0.27723	0.10295	1.87913	44.75819
18397	50.00000	-0.05075	-0.01176	0.06250	-0.02251	-0.05075	-0.04287	0.07218	2.70441	42.25854
18417	50.00000	0.03467	0.03176	0.04662	-0.04736	0.03467	0.05669	0.04834	3.54656	42.14245
18437	50.00000	-0.11683	0.08656	0.12081	0.01038	-0.11683	0.03250	0.11524	4.36418	44.52200
18457	50.00000	0.09914	-0.04560	0.08737	-0.04707	0.09914	0.00458	0.11647	5.19559	39.53570
18477	50.00000	-0.06042	0.13330	0.13346	0.00263	-0.06042	0.11904	0.11033	6.00247	29.25857
18497	50.00000	0.05240	-0.09396	0.08960	-0.02895	0.05240	-0.07824	0.11419	0.55070	50.21957
18517	50.00000	-0.04752	0.12363	0.11884	-0.03782	-0.04752	0.11531	0.11331	1.39285	46.87177
18537	50.00000	0.01695	-0.04238	0.03628	-0.02245	0.01695	-0.03915	0.03201	2.23194	29.25857
18557	50.00000	0.03145	0.03015	0.06062	0.01093	0.03145	0.05297	0.04060	3.06643	39.23236
18577	50.00000	0.00083	-0.04077	0.03698	-0.02837	0.00083	-0.04660	0.11469	3.89171	39.84377
18597	50.00000	0.00083	0.03659	0.00857	-0.04187	0.00083	0.04273	0.35388	4.68171	41.23616
18617	50.00000	-0.11038	0.10912	0.12591	0.01433	-0.11038	0.06227	0.11604	5.48552	43.60164
18637	50.00000	0.02339	-0.04722	0.04453	0.01571	0.02339	-0.04101	0.04442	0.03068	54.78519
18657	50.00000	-0.02979	0.15908	0.16157	0.04998	-0.02979	0.16649	0.15873	0.85289	45.85265
18677	50.00000	-0.01368	-0.06978	0.06778	-0.05847	-0.01368	-0.08847	0.08617	1.56773	27.74619
18697	50.00000	-0.09749	-0.09234	0.18433	0.04544	-0.09749	-0.16291	0.12533	2.20740	35.58213
18717	50.00000	0.08947	0.07528	0.15881	-0.04454	0.08947	0.13858	0.10562	3.02041	39.94753
18737	50.00000	-0.05075	-0.01015	0.06000	-0.02562	-0.05075	-0.04101	0.05755	3.83955	25.56642
18757	50.00000	0.02984	0.00758	0.03019	-0.02557	0.02984	0.02598	0.02835	4.66944	42.14245
18777	50.00000	-0.03302	0.05432	0.05454	0.00461	-0.03302	0.04366	0.05630	5.44256	36.04665
18797	50.00000	0.07980	-0.01498	-0.01239	-0.08392	0.07980	0.02878	0.08405	6.25404	45.85281
18817	50.00000	0.10237	0.00436	0.09532	0.07419	0.10237	0.06414	0.11782	0.77313	43.21085
18837	50.00000	-0.07170	-0.02787	0.10191	0.01297	-0.07170	-0.07358	0.09155	1.61068	43.48927
18857	50.00000	0.02823	0.06399	0.07588	-0.05633	0.02823	0.09019	0.09867	2.43750	44.75819
18877	50.00000	-0.07492	0.02692	0.07590	-0.00104	-0.07492	-0.01217	0.06757	3.25051	46.35669
18897	50.00000	0.12171	-0.11491	0.13283	0.03260	0.12171	-0.06242	0.11524	4.07272	39.53509
18917	50.00000	-0.08620	0.00919	0.04655	-0.08244	-0.08620	-0.03915	0.09779	4.89647	39.53570
18937	50.00000	0.03790	-0.10524	0.10519	0.01727	0.03790	-0.09964	0.08978	5.71408	42.14245
18957	50.00000	-0.07170	0.09462	0.08420	-0.05152	-0.07170	0.06786	0.11523	0.26384	50.07060
18977	50.00000	0.01372	-0.05689	0.05577	-0.02035	0.01372	-0.05776	0.05549	1.08759	44.87706
18997	50.00000	-0.19902	0.08011	-0.00033	-0.20027	-0.19902	-0.02240	0.08570	1.97270	32.98861
19017	50.00000	0.05240	-0.06494	0.04648	-0.05086	0.05240	-0.04474	0.05896	2.81485	42.14245
19037	50.00000	0.07013	0.01725	0.08482	0.03705	0.07013	0.06041	0.23394	3.62633	39.63786
19057	50.00000	-0.14261	0.00597	0.15608	0.04084	-0.14261	-0.07544	0.13634	4.28901	39.94753
19077	50.00000	-0.20386	-0.11491	-0.29644	0.12790	-0.20386	-0.25038	0.35402	5.26155	37.92820
19097	50.00000	0.07819	0.06238	0.13138	0.05082	0.07819	0.11718	0.10952	5.92577	36.04665
19117	50.00000	-0.06525	-0.00048	0.07562	0.00018	-0.06525	-0.03822	0.07355	0.42951	50.36948
19137	50.00000	0.02178	0.01403	0.03073	-0.01891	0.02178	0.02878	0.04898	1.27474	46.87177
19157	50.00000	0.03467	-0.06333	-0.00195	-0.06339	0.03467	-0.05311	0.09776	2.14911	40.90627
19177	50.00000	0.08947	-0.04560	0.08678	0.02178	0.08947	-0.00100	0.06216	2.97592	46.35669
19197	50.00000	-0.04591	0.00436	0.04673	-0.01962	-0.04591	-0.02147	0.05504	3.81961	25.28547
19217	50.00000	0.09592	-0.07139	0.09945	-0.00653	0.09592	-0.02706	0.10036	4.63876	39.53570
19237	50.00000	0.15555	-0.00370	0.17081	-0.04833	0.15555	0.08554	0.16995	5.23854	33.71265
19257	50.00000	-0.02012	0.06077	0.05531	-0.02782	-0.02012	0.05855	0.08216	5.93651	37.61686
19277	50.00000	-0.07815	-0.04560	0.12323	0.02188	-0.07815	-0.09778	0.16908	0.48627	29.66261
19297	50.00000	0.08947	-0.00853	0.09003	0.04058	0.08947	0.04180	0.14679	1.32076	39.23236
19317	50.00000	-0.02012	-0.04560	0.05553	-0.03812	-0.02012	-0.06428	0.10524	2.15831	40.36740
19337	50.00000	0.06852	0.00758	0.08198	-0.01754	0.06852	0.04832	0.08714	2.98973	42.14245
19357	50.00000	-0.13617	0.06883	0.13540	-0.01436	-0.13617	0.00086	0.12883	3.79660	41.79796
19377	50.00000	0.11204	-0.09234	0.11076	-0.04518	0.11204	-0.04194	0.11647	4.59734	39.23236
19397	50.00000	-0.04591	0.10590	0.10618	-0.00202	-0.04591	0.09577	0.08502	5.42569	29.82749
19417	50.00000	0.06852	-0.04399	0.00754	-0.06902	0.06852	-0.01124	0.05534	6.23256	41.79796
19437	50.00000	0.10398	0.04626	0.14815	0.04163	0.10398	0.11345	0.06241	0.76085	43.21068
19457	50.00000	-0.02657	-0.02949	0.04436	-0.03432	-0.02657	-0.04939	0.08443	1.56773	29.49971
19477	50.00000	0.08303	-0.08912	0.07457	0.06598	0.08303	-0.05497	0.07943	2.39761	41.91216
19497	50.00000	-0.14261	0.06883	0.14082	-0.02267	-0.14261	-0.00286	0.10598	3.23210	41.23616
19517	50.00000	0.17167	-0.19066	0.20874	0.02326	0.17167	-0.12104	0.20992	4.04818	39.53570
19537	50.00000	-0.03141	0.03337	0.03436	-0.01488	-0.03141	0.02040	0.10793	4.86272	44.40483
19557	50.00000	0.03467	-0.13103	0.13527	-0.01172	0.03467	-0.13128	0.11616	5.68647	41.68438
19577	50.00000	0.04112	0.03821	0.07799	0.01454	0.04112	0.06786	0.05773	0.20095	42.72929
19597	50.00000	-0.04591	-0.04722	0.08537	-0.03721	-0.04591	-0.08103	0.09076	1.01703	40.36803
19617	50.00000	0.03467	0.00275	0.04096	-0.00791	0.03467	0.02319	0.05380	1.84998	42.61037
19637	50.00000	-0.02818	-0.14875	0.07168	-0.17610	-0.02818	-0.18804	0.04553	2.69520	29.82749
19657	50.00000	0.16361	-0.11491	0.16690	-0.01939	0.16361	-0.03822	0.13270	3.48981	39.23236
19677	50.00000	-0.03302	0.12846	0.13101	0.02522	-0.03302	0.12927	0.13605	4.27674	46.61281
19697	50.00000	0.04918	-0.13747	0.13606	-0.02994	0.04918	-0.13034	0.14032	5.10969	41.23616
19717	50.00000	0.06046	0.03176	0.09048	0.02433	0.06046	0.07158	0.08135	5.91196	39.53570
19737	50.00000	-0.07331	-0.07461	0.14269	-0.03901	-0.07331	-0.12848	0.11369	0.46019	42.61053
19757	50.00000	0.06207	-0.02304	0.06069	0.01597	0.06207	0.00923	0.04200	1.27627	45.97776
19777	50.00000	-0.03946	0.01081	0.04053	-0.00459	-0.03946	-0.01031	0.02500	2.11689	29.82749
19797	50.00000	0.13944	-0.05366	0.13782	-0.02812	0.13944	0.01854	0.11282	2.94831	29.49971
19817	50.00000	-0.13617	0.04304	0.12496	-0.06132	-0.13617	-0.02892	0.15247	3.78893	39.63786
19837	50.00000	0.10398	-0.10040	0.11671	-0.01775	0.10398	-0.05590	0.13220	4.61421	39.23236
19857	50.00000	-0.03302	0.07366	0.07116	0.01953	-0.03302	0.06600	0.05654	5.44563	39.53570
19877	50.00000	0.05240	-0.07300	0.06595	-0.03629	0.05240	-0.05404	0.10122	6.26171	42.14245
19897	50.00000	0.04918	0.00597	0.04138	0.04417	0.04918	0.03529	0.07250	0.79307	49.19469
19917	50.00000	-0.08620	0.00114	0.08441	0.05151	-0.08620	-0.04846	0.11639	1.62449	43.48927
19937	50.00000	0.05240	0.03982	0.09169	0.01225	0.05240	0.07623	0.07161	2.48352	39.53570
19957	50.00000	-0.06848	-0.06011	0.11983	-0.04689	-0.06848	-0.10894	0.14858	3.29652	40.47454
19977	50.00000	0.06852	0.00597	0.07656	-0.03149	0.06852	0.04646	0.04557	4.11260	29.49971
19997	50.00000	-0.05075	0.11396	0.08088	0.08058	-0.05075	0.10229	0.11712	4.92408	44.05577
20017	50.00000	0.02178	-0.04560	0.04260	0.01632	0.02178	-0.04008	0.04645	5.74322	39.13227
20037	50.00000	-0.06848	0.11396	0.11093	-0.02923	-0.06848	0.09205	0.13729	0.27458	31.95794
20057	50.00000	-0.02818	-0.03110	0.05510	0.02192	-0.02818	-0.05218	0.03251	1.08606	41.34715
20077	50.00000	0.08303	0.04465	0.12244	0.04240	0.08303	0.09950	0.05953	1.92361	39.43376
20097	50.00000	-0.25543	0.23645	0.26129	0.11287	-0.25543	0.12555	0.25483	2.64458	29.82749
20117	50.00000	-0.07492	-0.05044	0.11807	0.04441	-0.07492	-0.10150	0.11158	3.35175	35.21844
20137	50.00000	0.05079	0.03176	0.06914	-0.04642	0.05079	0.06600	0.09561	4.12181	29.74486
20157	50.00000	-0.03463	0.03176	0.03576	0.01409	-0.03463	0.01668	0.03120	4.94555	41.23616
20177	50.00000	0.07013	-0.04560	0.06836	-0.01983	0.07013	-0.01217	0.07933	5.77084	39.63663
20197	50.00000	-0.05397	0.13813	0.13824	0.01651	-0.05397	0.12834	0.10024	0.28685	30.59221
20217	50.00000	0.06369	-0.12297	0.11290	-0.04877	0.06369	-0.10522	0.11326	1.11060	42.14245
20237	50.00000	-0.07815	0.09784	0.07364	-0.07271	-0.07815	0.06786	0.10783	1.96350	45.97776
20257	50.00000	-0.02335	-0.03432	0.05650	0.01315	-0.02335	-0.05311	0.04542	2.79645	41.57141
20277	50.00000	-0.02496	0.05916	0.04684	-0.03652	-0.02496	0.05390	0.16134	3.65394	28.86531
20297	50.00000	-0.03463	-0.07461	0.01631	-0.11045	-0.03463	-0.10615	0.11373	4.34270	16.90342
20317	50.00000	-0.18935	0.12040	0.18998	0.02535	-0.18935	0.02971	0.17049	4.93635	33.71396
20337	50.00000	-0.00078	-0.09718	0.11247	-0.00647	-0.00078	-0.11266	0.11259	5.65579	41.68438
20357	50.00000	-0.00078	0.06883	0.06641	-0.04284	-0.00078	0.07902	0.12890	0.19021	43.08937
20377	50.00000	-0.11199	-0.02787	0.14753	0.01230	-0.11199	-0.09685	0.11613	1.03237	39.63770
20397	50.00000	0.00405	0.06883	0.05286	-0.06258	0.00405	0.08182	0.10189	1.87299	44.75819
20417	50.00000	-0.00401	-0.03110	0.01879	-0.03352	-0.00401	-0.03822	0.05095	2.70287	42.02699
20437	50.00000	0.09753	-0.08106	0.09718	0.03818	0.09753	-0.03729	0.09952	3.52355	42.14179
20457	50.00000	-0.14584	0.12040	0.14967	-0.04329	-0.14584	0.05483	0.16939	4.32583	39.53570
20477	50.00000	0.02017	-0.04560	0.04551	0.00420	0.02017	-0.04101	0.05774	5.14344	41.23616
20497	50.00000	-0.02818	0.06722	0.05759	-0.03521	-0.02818	0.06134	0.05942	5.94724	29.17777
20517	50.00000	-0.07331	-0.04560	0.11645	0.02889	-0.07331	-0.09498	0.11543	0.48627	42.72931
20537	50.00000	0.10076	0.00436	0.11815	0.01361	0.10076	0.06321	0.04553	1.30082	43.94228
20557	50.00000	-0.01529	0.00758	0.01403	0.00607	-0.01529	-0.00007	0.02040	2.13530	47.00233
20577	50.00000	0.00889	0.03982	0.02133	-0.04728	0.00889	0.05111	0.05585	2.97746	29.58098
20597	50.00000	-0.10232	0.05593	0.10246	-0.00077	-0.10232	0.00551	0.05441	3.80427	41.12561
20617	50.00000	0.13621	-0.06333	0.10982	-0.08077	0.13621	0.00551	0.13059	4.61115	39.23236
20637	50.00000	-0.04108	0.09462	0.09488	-0.00027	-0.04108	0.08554	0.06442	5.42109	42.14245
20657	50.00000	-0.00884	-0.03755	0.04926	0.00043	-0.00884	-0.04846	0.06698	6.22796	41.12561
20677	50.00000	0.11526	0.01725	0.13222	0.05726	0.11526	0.08647	0.10571	0.75932	43.08930
20697	50.00000	-0.06203	-0.06656	0.12531	-0.02893	-0.06203	-0.11266	0.06708	1.60454	39.63786
20717	50.00000	0.02984	0.04143	0.06055	-0.03817	0.02984	0.06507	0.08322	2.43443	40.36803
20737	50.00000	-0.06848	0.05432	0.06688	0.02745	-0.06848	0.02319	0.06710	3.24437	41.68438
20757	50.00000	0.14750	-0.09879	0.15006	-0.00848	0.14750	-0.02892	0.16131	4.07119	39.53570
20777	50.00000	-0.08459	0.02209	0.04859	-0.07307	-0.08459	-0.02333	0.08794	4.89340	39.84377
20797	50.00000	0.02823	-0.07945	0.07863	0.01748	0.02823	-0.07544	0.08107	5.71868	39.94753
20817	50.00000	-0.06848	0.06560	0.04364	-0.06399	-0.06848	0.03622	0.09645	0.25004	31.95794
20837	50.00000	-0.02496	-0.02465	0.04672	0.01669	-0.02496	-0.04288	0.05859	1.08146	41.23600
20857	50.00000	-0.00562	-0.00531	-0.01045	-0.00319	-0.00562	-0.00938	0.03922	1.94049	43.71429
20877	50.00000	-0.14906	0.19454	0.19472	0.05915	-0.14906	0.13858	0.21214	2.60623	31.71029
20897	50.00000	-0.14261	-0.02787	0.16973	0.06816	-0.14261	-0.11453	0.14376	3.33641	35.30912
20917	50.00000	0.08464	0.02370	0.10853	-0.03456	0.08464	0.07623	0.08418	4.13254	41.91216
20937	50.00000	-0.02818	0.00275	0.02893	-0.01134	-0.02818	-0.01310	0.02734	4.95783	46.35669
20957	50.00000	0.06046	-0.05366	0.06600	-0.00555	0.06046	-0.02706	0.07906	5.76777	39.84253
20977	50.00000	-0.00078	0.05916	0.04072	0.05428	-0.00078	0.06786	0.04314	0.32520	47.53176
20997	50.00000	0.03790	-0.12458	0.12352	0.03248	0.03790	-0.12197	0.14037	1.14895	44.99690
21017	50.00000	-0.02012	0.11234	0.11197	0.04259	-0.02012	0.11811	0.11511	2.00338	45.97776
21037	50.00000	0.04273	-0.11168	0.10807	-0.03197	0.04273	-0.10429	0.10365	2.82099	42.61070
21057	50.00000	0.00244	0.07205	0.08435	-0.00690	0.00244	0.08461	0.08089	3.65701	40.90627
21077	50.00000	0.13944	-0.21967	-0.08820	-0.20407	0.13944	-0.17315	0.23220	4.38565	16.90210
21097	50.00000	-0.15067	-0.02143	0.17384	0.07046	-0.15067	-0.11173	0.15697	5.03452	35.30912
21117	50.00000	0.16684	-0.09557	0.16592	-0.02236	0.16684	-0.01403	0.13745	5.78771	40.79748
21137	50.00000	-0.04269	0.05755	0.05913	0.00851	-0.04269	0.04180	0.04931	0.32520	43.21072
21157	50.00000	0.04273	-0.11168	0.11075	0.02088	0.04273	-0.10429	0.11009	1.15049	44.87722
21177	50.00000	-0.02496	0.08495	0.08270	0.02803	-0.02496	0.08368	0.03059	2.01258	39.84346
21197	50.00000	0.04435	-0.27286	0.28781	0.05399	0.04435	-0.28946	0.11169	2.84247	45.97711
21217	50.00000	-0.05075	0.14297	0.14048	-0.03568	-0.05075	0.13579	0.12710	3.67542	46.22969
21237	50.00000	-0.00884	-0.07300	0.08760	-0.01992	-0.00884	-0.08940	0.08448	4.50070	39.63786
21257	50.00000	0.05402	0.04949	0.10061	-0.02442	0.05402	0.08833	0.11928	5.30757	39.43407
21277	50.00000	-0.12972	0.03821	0.12659	-0.04179	-0.12972	-0.03078	0.15852	6.08223	41.23616
21297	50.00000	0.04596	-0.03432	0.04477	-0.01672	0.04596	-0.01310	0.05594	0.61513	30.24759
21317	50.00000	-0.03463	0.04949	0.05069	-0.00305	-0.03463	0.03715	0.08273	1.44808	40.36803
21337	50.00000	-0.00239	-0.09396	0.08954	0.06372	-0.00239	-0.10987	0.04318	2.30097	44.28828
21357	50.00000	-0.03624	0.11718	0.11976	0.00735	-0.03624	0.11438	0.12138	3.13239	46.48440
21377	50.00000	0.00083	-0.16971	0.19412	0.02311	0.00083	-0.19548	0.14197	3.96227	42.14245
21397	50.00000	-0.00562	0.05593	0.05674	-0.02397	-0.00562	0.06134	0.06565	4.78142	43.60164
21417	50.00000	-0.07976	-0.04722	0.12569	-0.02598	-0.07976	-0.10057	0.09943	5.58983	40.79748
21437	50.00000	0.08786	0.00597	0.09679	-0.04086	0.08786	0.05762	0.07525	0.11198	50.21961
21457	50.00000	-0.20225	0.18810	0.20827	0.08719	-0.20225	0.10043	0.17831	0.94647	46.35653
21477	50.00000	0.10398	-0.05689	0.10289	-0.01601	0.10398	-0.00565	0.10768	1.79476	43.48927
21497	50.00000	-0.13133	0.06238	0.12192	-0.04893	-0.13133	-0.00379	0.11583	2.64152	43.48927
21517	50.00000	0.04757	-0.10685	0.09055	0.05712	0.04757	-0.09591	0.11425	3.48060	39.23236
21537	50.00000	-0.03302	0.13169	0.13164	0.03803	-0.03302	0.13299	0.07659	4.28594	42.14245
21557	50.00000	0.00244	0.00114	-0.00063	-0.00360	0.00244	0.00272	0.02212	5.16031	44.40483
21577	50.00000	-0.02979	0.11073	0.10968	0.03319	-0.02979	0.11066	0.08835	6.00554	45.97776
21597	50.00000	0.08303	-0.10201	0.09383	-0.05449	0.08303	-0.06986	0.10582	0.55070	46.20419
21617	50.00000	-0.01368	0.03337	0.02849	-0.01772	-0.01368	0.03064	0.05890	1.36984	41.23584
21637	50.00000	-0.07331	-0.03110	0.10284	0.03031	-0.07331	-0.07824	0.10437	2.20280	43.82815
21657	50.00000	0.07658	0.05755	0.13436	-0.00751	0.07658	0.11066	0.19438	3.03728	39.63786
21677	50.00000	-0.07170	-0.01498	0.09126	-0.01601	-0.07170	-0.05869	0.08231	3.85643	42.14179
21697	50.00000	0.05240	-0.01498	0.05163	-0.01575	0.05240	0.01296	0.05272	4.66177	41.68438
21717	50.00000	-0.10232	0.00597	0.06934	-0.09155	-0.10232	-0.05218	0.05881	5.48091	39.53570
21737	50.00000	0.15394	-0.09718	0.09257	-0.12519	0.15394	-0.02333	0.11129	0.00307	29.17777
21757	50.00000	-0.04913	0.10751	0.10167	-0.03533	-0.04913	0.09577	0.12154	0.82528	45.65432
21777	50.00000	-0.00078	-0.02304	0.02671	-0.00435	-0.00078	-0.02706	0.03182	1.65363	44.75819
21797	50.00000	0.00244	0.03498	0.04123	-0.00728	0.00244	0.04180	0.20496	2.50652	43.82753
21817	50.00000	-0.00723	0.02370	-0.02099	0.01223	-0.00723	0.02319	0.02606	3.36249	43.60164
21837	50.00000	0.09914	-0.00853	0.09632	0.05288	0.09914	0.04739	0.11950	4.18163	39.53570
21857	50.00000	-0.07170	-0.04560	0.11768	-0.01166	-0.07170	-0.09405	0.07988	5.02685	43.04550
21877	50.00000	-0.55522	0.47498	-0.06988	-0.59604	-0.55522	0.22791	0.62244	5.84293	40.26208
21897	50.00000	-0.03463	0.07528	0.06630	0.03580	-0.03463	0.06693	0.06968	0.32367	42.61057
21917	50.00000	0.01856	-0.16487	0.16601	0.07113	0.01856	-0.17966	0.15099	1.14588	42.14245
21937	50.00000	-0.06525	0.12685	0.12610	-0.01382	-0.06525	0.10880	0.11109	2.00031	33.71396
21957	50.00000	0.03629	-0.15198	0.15810	0.01427	0.03629	-0.15454	0.11410	2.83940	45.85217
21977	50.00000	0.00083	0.05755	0.06537	-0.01436	0.00083	0.06693	0.06067	3.64474	39.84377
21997	50.00000	-0.09104	-0.01498	0.11099	0.02913	-0.09104	-0.06986	0.04453	4.46388	43.60164
22017	50.00000	0.03790	0.06722	0.09031	-0.05637	0.03790	0.09950	0.10434	5.29684	40.36803
22037	50.00000	-0.10232	0.09945	0.11642	-0.00495	-0.10232	0.05576	0.11284	6.04082	35.58213
22057	50.00000	0.00728	-0.09557	0.10610	0.00789	0.00728	-0.10615	0.06640	0.53689	46.20419
22077	50.00000	-0.01529	0.05755	0.05333	-0.02664	-0.01529	0.05762	0.06055	1.36678	44.87722
22097	50.00000	0.00083	-0.01820	0.01999	-0.00482	0.00083	-0.02054	0.02752	2.22274	41.34731
22117	50.00000	0.02823	0.03982	0.06774	0.00925	0.02823	0.06227	0.02056	3.07103	43.15559
22137	50.00000	-0.14745	-0.00853	0.15820	0.07570	-0.14745	-0.09498	0.06594	3.90245	43.94228
22157	50.00000	0.07013	0.04949	0.11620	-0.03080	0.07013	0.09763	0.13676	4.73233	44.87722
22177	50.00000	0.00083	-0.06333	0.03152	-0.06546	0.00083	-0.07265	0.14030	5.56375	41.91216
22197	50.00000	0.13138	-0.00853	0.12874	-0.07098	0.13138	0.06600	0.33506	0.09204	44.59247
22217	50.00000	-0.13939	0.13007	0.15486	0.01750	-0.13939	0.06972	0.12395	0.92039	39.63770
22237	50.00000	0.03145	-0.04399	0.04507	0.00479	0.03145	-0.03264	0.07086	1.75027	39.43407
22257	50.00000	-0.01690	-0.09879	-0.06936	-0.10395	-0.01690	-0.12383	0.03411	2.60163	39.53570
22277	50.00000	0.02339	-0.04560	0.04556	0.00209	0.02339	-0.03915	0.03095	3.43458	44.87659
22297	50.00000	-0.03302	0.16070	0.16942	-0.01005	-0.03302	0.16649	0.18663	4.25066	42.72939
22317	50.00000	0.05240	-0.10040	0.08437	-0.05449	0.05240	-0.08568	0.10474	5.09282	45.35849
22337	50.00000	0.06852	0.05755	0.12534	-0.01487	0.06852	0.10601	0.11162	5.88742	39.63786
22357	50.00000	-0.03946	-0.02143	0.05525	-0.02763	-0.03946	-0.04753	0.02860	0.42338	27.72253
22377	50.00000	0.13299	-0.11330	0.13388	0.05179	0.13299	-0.05404	0.12618	1.23792	45.97776
22397	50.00000	-0.07331	0.03498	0.07284	0.00851	-0.07331	-0.00193	0.04430	2.11229	46.35669
22417	50.00000	0.13460	-0.04883	0.12904	-0.04383	0.13460	0.02133	0.17761	2.94218	29.25857
22437	50.00000	-0.15390	0.10429	0.15407	-0.03067	-0.15390	0.03157	0.14762	3.77206	39.63724
22457	50.00000	0.02178	-0.06172	0.06009	0.01756	0.02178	-0.05869	0.04272	4.58200	44.75692
22477	50.00000	-0.05075	0.08333	0.08091	-0.02251	-0.05075	0.06693	0.09744	5.42109	29.25857
22497	50.00000	0.03306	-0.06817	0.06463	-0.02169	0.03306	-0.05962	0.09682	6.25404	41.23616
22517	50.00000	0.09592	0.01564	0.09478	0.07491	0.09592	0.07344	0.10159	0.78386	47.26548
22537	50.00000	-0.00884	-0.02949	0.04008	-0.00211	-0.00884	-0.03915	0.04883	1.83771	39.63786
22557	50.00000	0.00083	0.03498	0.04010	-0.00796	0.00083	0.04087	0.02794	2.50806	43.48866
22577	50.00000	-0.00078	-0.04077	0.04550	-0.01375	-0.00078	-0.04753	0.02192	3.35635	43.26564
22597	50.00000	0.00889	0.04788	0.05878	-0.01654	0.00889	0.06041	0.26108	4.20004	39.63786
22617	50.00000	-0.05397	-0.05044	0.09277	-0.04794	-0.05397	-0.08940	0.07465	5.00231	41.68438
22637	50.00000	0.07658	-0.04077	0.07663	0.00039	0.07658	-0.00286	0.08245	5.80458	41.68438
22657	50.00000	-0.09749	0.02370	0.08489	-0.05597	-0.09749	-0.02892	0.09770	0.35435	47.53176
22677	50.00000	0.00889	-0.07300	0.05827	0.05432	0.00889	-0.07917	0.06204	1.17963	39.13227
22697	50.00000	-0.02657	-0.01820	-0.01065	-0.04375	-0.02657	-0.03636	0.04207	2.02025	44.75787
22717	50.00000	0.01533	-0.06333	0.06111	0.02513	0.01533	-0.06428	0.07867	2.86701	40.36803
22737	50.00000	-0.05236	0.15908	0.16130	-0.01647	-0.05236	0.15347	0.14157	3.69229	29.17842
22757	50.00000	0.00083	-0.09073	0.10025	-0.02877	0.00083	-0.10429	0.11050	4.49917	43.60164
22777	50.00000	0.05240	0.05755	0.10956	-0.00965	0.05240	0.09670	0.14106	5.32445	39.63786
22797	50.00000	-0.04269	-0.02143	0.05658	-0.03255	-0.04269	-0.04939	0.06719	6.12979	42.14245
22817	50.00000	0.12171	-0.09718	0.11741	0.05277	0.12171	-0.04194	0.12042	0.67035	50.21975
22837	50.00000	-0.12005	0.05593	0.11917	-0.01519	-0.12005	-0.00472	0.10770	1.52631	29.25857
22857	50.00000	0.10237	-0.04560	0.10152	-0.01458	0.10237	0.00644	0.11627	2.37614	45.97776
22877	50.00000	-0.17646	0.08978	0.17304	-0.03453	-0.17646	0.00179	0.14636	3.21983	39.94753
22897	50.00000	0.12010	-0.06494	0.09983	-0.06700	0.12010	-0.00565	0.15407	4.03590	39.53570
22917	50.00000	0.00083	0.06238	0.06434	0.03344	0.00083	0.07251	0.05283	4.85352	42.14245
22937	50.00000	0.05402	-0.13103	0.13022	-0.01962	0.05402	-0.12011	0.11832	5.69260	42.02699
22957	50.00000	-0.03946	0.04788	0.02951	-0.04175	-0.03946	0.03250	0.05155	0.23317	31.95794
22977	50.00000	-0.03946	-0.01982	0.05450	0.02594	-0.03946	-0.04567	0.04324	1.07839	43.48912
22997	50.00000	0.05079	0.03015	0.07661	0.02869	0.05079	0.06414	0.04605	1.92821	43.94197
23017	50.00000	-0.05719	-0.04238	0.09712	0.02357	-0.05719	-0.08196	0.11483	2.77804	43.60164
23037	50.00000	0.17651	-0.01659	0.17117	0.09326	0.17651	0.08275	0.12531	3.61406	43.94166
23057	50.00000	-0.15873	-0.15198	0.25113	-0.18297	-0.15873	-0.26713	0.11057	4.41633	46.48309
23077	50.00000	0.05079	0.21711	0.07168	-0.27541	0.05079	0.28002	0.16924	5.24468	41.68438
23097	50.00000	-0.05397	0.02048	0.04405	-0.03207	-0.05397	-0.00751	0.05588	6.05002	39.63786
23117	50.00000	0.02500	-0.11974	0.11084	0.06059	0.02500	-0.12383	0.10141	0.58905	43.08947
23137	50.00000	-0.03141	0.10106	0.09392	0.04335	-0.03141	0.09857	0.04946	1.45421	44.40483
23157	50.00000	-0.17001	0.13007	0.15083	0.09411	-0.17001	0.05204	0.22472	2.10462	38.34963
23177	50.00000	0.01856	-0.09718	0.10277	0.00919	0.01856	-0.10150	0.12466	2.83173	42.14179
23197	50.00000	0.05240	0.03015	0.07900	0.02718	0.05240	0.06507	0.03578	3.63553	39.53570
23217	50.00000	-0.11683	0.00597	0.12289	0.04703	-0.11683	-0.06056	0.08853	4.45775	39.53570
23237	50.00000	0.00405	0.08656	0.04317	-0.09282	0.00405	0.10229	0.12290	5.27229	25.56642
23257	50.00000	-0.10232	0.04304	0.10081	-0.01982	-0.10232	-0.00938	0.12023	6.08530	41.68438
23277	50.00000	0.10398	-0.04560	0.09130	-0.05028	0.10398	0.00737	0.11759	0.62893	42.14228
23297	50.00000	-0.07976	0.11396	0.11248	0.03202	-0.07976	0.08554	0.08396	1.47876	39.53570
23317	50.00000	0.10720	-0.04560	0.09337	-0.05347	0.10720	0.00923	0.11363	2.35159	43.48927
23337	50.00000	-0.12489	0.02692	0.10111	-0.08398	-0.12489	-0.04101	0.10838	3.20449	39.63786
23357	50.00000	0.05079	-0.05527	0.05982	-0.01382	0.05079	-0.03450	0.11802	4.01750	43.37747
23377	50.00000	-0.05236	0.05755	0.04937	-0.04020	-0.05236	0.03622	0.07235	4.83818	29.82749
23397	50.00000	0.02662	-0.11168	0.11367	-0.02627	0.02662	-0.11360	0.07777	5.66499	41.68438
23417	50.00000	0.05402	0.04626	0.09961	0.01235	0.05402	0.08461	0.11547	0.20095	43.21072
23437	50.00000	-0.05075	-0.01982	0.07171	-0.01245	-0.05075	-0.05218	0.11634	1.01550	40.26192
23457	50.00000	-0.01690	0.06883	0.02323	-0.06787	-0.01690	0.06972	0.10110	1.86532	44.87722
23477	50.00000	-0.04591	0.00758	0.04917	-0.00230	-0.04591	-0.01775	0.04156	2.69674	42.02699
23497	50.00000	0.07658	-0.01176	0.08018	-0.01932	0.07658	0.03064	0.04240	3.53736	41.23616
23517	50.00000	-0.06848	0.08656	0.09097	-0.00793	-0.06848	0.06041	0.10721	4.30128	35.67407
23537	50.00000	0.05079	-0.08751	0.06675	-0.05717	0.05079	-0.07172	0.22422	5.08361	45.35849
23557	50.00000	0.13944	0.13007	0.26779	-0.03078	0.13944	0.23070	0.14000	5.89049	42.82700
23577	50.00000	-0.05236	-0.01337	0.06517	-0.02406	-0.05236	-0.04567	0.03783	0.42031	32.44069
23597	50.00000	0.12654	0.01725	0.12809	-0.09083	0.12654	0.09298	0.12633	1.24099	45.85281
23617	50.00000	-0.07815	-0.02143	0.07507	-0.07315	-0.07815	-0.06986	0.10140	2.09849	29.17906
23637	50.00000	0.08625	0.03337	0.03642	-0.11796	0.08625	0.08833	0.10784	2.90843	43.60164
23657	50.00000	-0.07653	0.06883	0.07950	-0.02794	-0.07653	0.03529	0.09466	3.73985	39.13227
23677	50.00000	0.00889	-0.09718	0.10197	0.03386	0.00889	-0.10708	0.05955	4.56206	46.35669
23697	50.00000	-0.09104	0.10429	0.08523	-0.07501	-0.09104	0.06786	0.10203	5.40115	42.25854
23717	50.00000	-0.02174	0.01081	0.00270	0.02157	-0.02174	-0.00007	0.03930	6.22489	40.68926
