0	0.00000	0.07528	-0.02098	-0.07635	-0.01444	0.07528	0.01924	0.02631	4.89186	0.01838
8377	0.00000	-0.01175	-0.01453	0.01823	-0.01900	-0.01175	-0.02356	0.02636	4.87806	0.00000
8397	0.00000	-0.01820	-0.01614	0.01765	-0.02948	-0.01820	-0.02915	0.01710	4.84585	-3.88351
8417	0.00000	-0.00369	0.00481	0.00484	0.00136	-0.00369	0.00342	0.01061	4.80443	-3.96379
8437	0.00000	-0.01014	0.01125	0.01158	-0.00444	-0.01014	0.00714	0.13564	4.75994	-3.96379
8457	0.00000	0.05111	0.00964	0.01076	0.06440	0.05111	0.04064	0.03940	4.75687	3.96379
8477	0.00000	-0.00208	-0.00970	-0.00884	-0.00893	-0.00208	-0.01240	0.01047	4.76454	0.00000
8497	0.00000	-0.00530	-0.01292	-0.01270	-0.01379	-0.00530	-0.01798	0.01002	4.75841	0.00000
8517	0.00000	-0.02948	-0.00164	-0.00048	-0.03502	-0.02948	-0.01891	0.03716	4.75841	0.00000
8537	0.00000	0.00276	0.00158	0.00159	0.00410	0.00276	0.00342	0.02722	4.75841	0.00000
8557	0.00000	0.00759	-0.00647	-0.00672	0.00470	0.00759	-0.00309	0.02984	4.76148	0.00000
8577	0.00000	0.00437	-0.01776	-0.01784	-0.00490	0.00437	-0.01798	0.01636	4.75687	0.00000
8597	0.00000	-0.00530	0.01125	0.01125	0.00056	-0.00530	0.00994	0.04106	4.75841	-3.96379
8617	0.00000	-0.00047	-0.00164	-0.00159	-0.00154	-0.00047	-0.00216	0.02381	4.75994	0.00000
8637	0.00000	0.00115	-0.01614	-0.01628	-0.00772	0.00115	-0.01798	0.01409	4.75534	0.00000
8657	0.00000	0.05111	-0.01292	-0.01376	0.05134	0.05111	0.01459	0.13896	4.75841	0.00000
8677	0.00000	-0.00208	-0.00486	-0.00478	-0.00529	-0.00208	-0.00681	0.00281	4.75841	0.00000
8697	0.00000	-0.01014	0.00803	0.00826	-0.00680	-0.01014	0.00342	0.12061	4.75994	0.00000
8717	0.00000	-0.01497	-0.02259	-0.02261	-0.03031	-0.01497	-0.03473	0.06755	4.75534	0.00000
8737	0.00000	-0.01014	-0.00486	-0.00438	-0.01466	-0.01014	-0.01147	0.02270	4.75994	0.00000
8757	0.00000	-0.00530	-0.00486	-0.00456	-0.00908	-0.00530	-0.00868	0.11654	4.76148	-3.97405
8777	0.00000	-0.01175	0.01125	0.01148	-0.00669	-0.01175	0.00621	0.03450	4.75994	0.00000
8797	0.00000	0.00920	-0.01453	-0.01453	0.00225	0.00920	-0.01147	0.18669	4.75687	0.00000
8817	0.00000	-0.01014	0.02415	0.02394	0.00385	-0.01014	0.02203	0.01507	4.76301	3.96379
8837	0.00000	-0.00047	-0.01292	-0.01279	-0.00821	-0.00047	-0.01519	0.00940	4.75994	0.00000
8857	0.00000	-0.02303	-0.02743	-0.02673	-0.04287	-0.02303	-0.04497	0.09196	4.75687	0.00000
8877	0.00000	-0.00530	0.00964	0.00966	-0.00023	-0.00530	0.00807	0.01762	4.76148	0.00000
8897	0.00000	0.01726	-0.00486	-0.00427	0.01728	0.01726	0.00435	0.09012	4.75381	0.00000
8917	0.00000	0.01726	0.01609	0.01460	0.02999	0.01726	0.02855	0.02460	4.76301	0.00000
8937	0.00000	0.00598	-0.00647	-0.00642	0.00328	0.00598	-0.00402	0.04997	4.75534	0.00000
8957	0.00000	0.01082	0.01609	0.01573	0.02204	0.01082	0.02482	0.01514	4.75841	0.00000
8977	0.00000	-0.00852	-0.00325	-0.00326	-0.01172	-0.00852	-0.00868	0.01354	4.75687	0.00000
8997	0.00000	-0.05849	0.00964	0.04690	0.04164	-0.05849	-0.02263	0.09376	4.76148	0.00000
9017	0.00000	-0.00047	0.01125	0.01116	0.00614	-0.00047	0.01273	0.04488	4.75994	0.00000
9037	0.00000	0.00437	-0.01453	-0.01453	-0.00334	0.00437	-0.01426	0.01739	4.75687	0.00000
9057	0.00000	-0.01820	-0.01292	-0.01148	-0.02908	-0.01820	-0.02542	0.05833	4.75994	0.00000
9077	0.00000	-0.01497	-0.01453	-0.01455	-0.02567	-0.01497	-0.02542	0.01454	4.75687	0.00000
9097	0.00000	-0.00208	-0.00486	-0.00460	-0.00544	-0.00208	-0.00681	0.01796	4.76148	0.00000
9117	0.00000	0.00437	0.00642	0.00642	0.00875	0.00437	0.00994	0.01468	4.75534	0.00000
9137	0.00000	-0.00047	0.00158	0.00156	0.00046	-0.00047	0.00156	0.01874	4.76301	0.00000
9157	0.00000	0.01404	-0.00486	-0.00485	0.01341	0.01404	0.00249	0.03153	4.75687	0.00000
9177	0.00000	-0.02787	0.03060	0.03128	-0.01296	-0.02787	0.01924	0.01926	4.76148	0.00000
9197	0.00000	0.05594	-0.01614	-0.01797	0.05470	0.05594	0.01366	0.10625	4.75841	0.00000
9217	0.00000	-0.00208	-0.09190	-0.08999	-0.05847	-0.00208	-0.10731	0.05589	4.76148	0.00000
9237	0.00000	-0.01497	-0.01776	-0.01823	-0.02722	-0.01497	-0.02915	0.02225	4.75534	0.00000
9257	0.00000	-0.03109	0.00481	0.00646	-0.03284	-0.03109	-0.01240	0.01108	4.75994	0.00000
9277	0.00000	0.00759	-0.01453	-0.01453	0.00039	0.00759	-0.01240	0.01938	4.75841	0.00000
9297	0.00000	-0.00047	-0.00325	-0.00325	-0.00241	-0.00047	-0.00402	0.02201	4.75841	0.00000
9317	0.00000	-0.00852	0.00320	0.00333	-0.00794	-0.00852	-0.00123	0.02195	4.75841	-3.96379
9337	0.00000	-0.00208	0.01287	0.01278	0.00524	-0.00208	0.01366	0.01174	4.75994	0.00000
9357	0.00000	0.00920	0.00803	0.00752	0.01552	0.00920	0.01459	0.01316	4.75994	0.00000
9377	0.00000	-0.00047	-0.00970	-0.00970	-0.00613	-0.00047	-0.01147	0.08871	4.75687	0.00000
9397	0.00000	-0.02464	0.00803	0.00882	-0.02354	-0.02464	-0.00495	0.03931	4.75994	0.00000
9417	0.00000	-0.00208	0.00320	0.00321	-0.00045	-0.00208	0.00249	0.02744	4.75994	0.00000
9437	0.00000	-0.00047	-0.00809	-0.00791	-0.00547	-0.00047	-0.00961	0.01969	4.75994	0.00000
9457	0.00000	-0.00208	0.00158	0.00163	-0.00143	-0.00208	0.00063	0.02810	4.76148	0.00000
9477	0.00000	-0.00047	0.00320	0.00315	0.00141	-0.00047	0.00342	0.01585	4.75994	0.00000
9497	0.00000	0.00115	-0.02098	-0.02041	-0.01183	0.00115	-0.02356	0.00940	4.76148	3.96379
9517	0.00000	-0.00208	-0.01131	-0.01116	-0.00911	-0.00208	-0.01426	0.02822	4.75687	0.00000
9537	0.00000	-0.02625	0.00481	0.00709	-0.02704	-0.02625	-0.00961	0.16693	4.76608	0.00000
9557	0.00000	-0.00047	-0.00647	-0.00625	-0.00459	-0.00047	-0.00775	0.12101	4.76301	-3.97405
9577	0.00000	0.00115	0.02415	0.02279	0.01723	0.00115	0.02855	0.01406	4.76454	0.00000
9597	0.00000	-0.00852	-0.01292	-0.01234	-0.01772	-0.00852	-0.01984	0.11774	4.76148	0.00000
9617	0.00000	0.00759	0.00158	0.00093	0.00977	0.00759	0.00621	0.11229	4.76301	0.00000
9637	0.00000	-0.00852	-0.01614	-0.01550	-0.01969	-0.00852	-0.02356	0.00281	4.75994	0.00000
9657	0.00000	-0.02787	-0.00486	-0.00251	-0.03523	-0.02787	-0.02170	0.01318	4.76301	0.00000
9677	0.00000	0.01726	-0.00164	-0.00163	0.01899	0.01726	0.00807	0.08723	4.75534	0.00000
9697	0.00000	0.01726	0.02415	0.02183	0.03541	0.01726	0.03785	0.05168	4.76301	0.00000
9717	0.00000	0.01082	-0.00164	-0.00183	0.01151	0.01082	0.00435	0.02252	4.75841	0.00000
9737	0.00000	-0.00047	0.01287	0.01224	0.00794	-0.00047	0.01459	0.02223	4.76454	0.00000
9757	0.00000	-0.00852	0.00158	0.00143	-0.00895	-0.00852	-0.00309	0.02309	4.75534	0.00000
9777	0.00000	-0.00047	-0.01937	-0.01937	-0.01171	-0.00047	-0.02263	0.01225	4.75687	0.00000
9797	0.00000	-0.00047	0.00642	0.00637	0.00327	-0.00047	0.00714	0.01599	4.75841	0.00000
9817	0.00000	0.01565	-0.00325	-0.00406	0.01601	0.01565	0.00528	0.08018	4.76148	0.00000
9837	0.00000	0.01082	-0.00809	-0.00808	0.00783	0.01082	-0.00309	0.02190	4.75687	0.00000
9857	0.00000	-0.00047	0.01287	0.01250	0.00753	-0.00047	0.01459	0.02152	4.76148	0.00000
9877	0.00000	0.00276	0.00320	0.00311	0.00508	0.00276	0.00528	0.06275	4.75841	0.00000
9897	0.00000	-0.00852	0.00320	0.00346	-0.00789	-0.00852	-0.00123	0.03433	4.75994	0.00000
9917	0.00000	0.00437	-0.18860	-0.18314	-0.11315	0.00437	-0.21525	0.01168	4.76148	0.00000
9937	0.00000	-0.02464	0.00964	0.01040	-0.02255	-0.02464	-0.00309	0.04122	4.75994	3.96379
9957	0.00000	-0.00208	-0.00809	-0.00785	-0.00733	-0.00208	-0.01054	0.01770	4.75994	0.00000
9977	0.00000	0.00115	0.00158	0.00151	0.00229	0.00115	0.00249	0.00885	4.75994	0.00000
9997	0.00000	0.00276	-0.01776	-0.01787	-0.00676	0.00276	-0.01891	0.01904	4.75687	0.00000
10017	0.00000	-0.01820	0.02093	0.02183	-0.00641	-0.01820	0.01366	0.02808	4.76608	0.00000
10037	0.00000	0.01082	-0.02098	-0.02098	0.00039	0.01082	-0.01798	0.02023	4.75841	0.00000
10057	0.00000	0.00115	0.00803	0.00772	0.00635	0.00115	0.00994	0.00991	4.75994	0.00000
10077	0.00000	-0.01497	-0.01131	-0.01092	-0.02400	-0.01497	-0.02170	0.00671	4.75841	0.00000
10097	0.00000	-0.00208	-0.01292	-0.01276	-0.01007	-0.00208	-0.01612	0.02715	4.75687	0.00000
10117	0.00000	-0.02464	0.01448	0.01611	-0.01881	-0.02464	0.00249	0.08643	4.76608	0.00000
10137	0.00000	0.01565	-0.00809	-0.00830	0.01327	0.01565	-0.00030	0.02895	4.75687	0.00000
10157	0.00000	0.00276	0.00481	0.00481	0.00596	0.00276	0.00714	0.05770	4.75841	-3.96379
10177	0.00000	-0.00047	-0.01614	-0.01581	-0.01039	-0.00047	-0.01891	0.11382	4.75994	0.00000
10197	0.00000	-0.06010	0.01448	0.01752	-0.06023	-0.06010	-0.01798	0.28645	4.76148	0.00000
10217	0.00000	-0.00852	-0.00164	-0.00146	-0.01082	-0.00852	-0.00681	0.01087	4.75841	0.00000
10237	0.00000	0.00115	-0.01453	-0.01442	-0.00730	0.00115	-0.01612	0.00940	4.75841	0.00000
10257	0.00000	0.03499	0.02737	0.02452	0.05750	0.03499	0.05181	0.09414	4.76301	0.00000
10277	0.00000	0.01565	-0.00486	-0.00511	0.01518	0.01565	0.00342	0.05768	4.75841	0.00000
10297	0.00000	-0.00047	0.01609	0.01563	0.00954	-0.00047	0.01831	0.02135	4.76301	0.00000
10317	0.00000	-0.01658	0.00481	0.00480	-0.01637	-0.01658	-0.00402	0.02900	4.75687	0.00000
10337	0.00000	0.00437	-0.00970	-0.00969	-0.00071	0.00437	-0.00868	0.01904	4.75841	0.00000
10357	0.00000	-0.00530	0.00803	0.00809	-0.00108	-0.00530	0.00621	0.02205	4.75994	0.00000
10377	0.00000	0.01082	-0.00486	-0.00518	0.00951	0.01082	0.00063	0.02792	4.75994	0.00000
10397	0.00000	0.00276	-0.01292	-0.01285	-0.00449	0.00276	-0.01333	0.02669	4.75841	0.00000
10417	0.00000	-0.00047	-0.01292	-0.01279	-0.00821	-0.00047	-0.01519	0.01449	4.75841	0.00000
10437	0.00000	-0.00852	0.00964	0.00984	-0.00379	-0.00852	0.00621	0.00497	4.76148	0.00000
10457	0.00000	-0.00047	-0.01453	-0.01454	-0.00892	-0.00047	-0.01705	0.02953	4.75687	0.00000
10477	0.00000	-0.01981	-0.00164	-0.00085	-0.02386	-0.01981	-0.01333	0.00721	4.75994	0.00000
10497	0.00000	-0.08589	-0.01131	-0.00779	-0.10601	-0.08589	-0.06265	0.00653	4.75994	0.00000
10517	0.00000	-0.00047	0.01125	0.01116	0.00614	-0.00047	0.01273	0.01468	4.75841	0.00000
10537	0.00000	-0.00047	0.00481	0.00473	0.00240	-0.00047	0.00528	0.02117	4.75994	0.00000
10557	0.00000	0.00115	-0.01453	-0.01429	-0.00755	0.00115	-0.01612	0.01316	4.75994	0.00000
10577	0.00000	-0.00208	-0.00809	-0.00785	-0.00733	-0.00208	-0.01054	0.01710	4.75994	0.00000
10597	0.00000	-0.00852	0.00642	0.00672	-0.00581	-0.00852	0.00249	0.07472	4.76148	0.00000
10617	0.00000	0.00276	-0.01131	-0.01131	-0.00334	0.00276	-0.01147	0.03118	4.75687	0.00000
10637	0.00000	0.00437	-0.00647	-0.00637	0.00174	0.00437	-0.00495	0.01987	4.75227	0.00000
10657	0.00000	0.03016	-0.01614	-0.01570	0.02578	0.03016	-0.00123	0.01398	4.75534	0.00000
10677	0.00000	0.02693	0.02415	0.02417	0.04502	0.02693	0.04343	0.18720	4.75841	0.00000
10697	0.00000	0.00115	0.00158	0.00162	0.00221	0.00115	0.00249	0.03323	4.75534	0.00000
10717	0.00000	-0.00852	-0.01131	-0.01159	-0.01617	-0.00852	-0.01798	0.01510	4.75687	0.00000
10737	0.00000	-0.01175	0.17887	0.18039	0.08658	-0.01175	0.19976	0.01391	4.75534	0.00000
10757	0.00000	-0.00047	-0.00809	-0.00817	-0.00507	-0.00047	-0.00961	0.01580	4.75687	0.00000
10777	0.00000	-0.00208	0.03221	0.03221	0.01617	-0.00208	0.03599	0.00168	4.75687	0.00000
10797	0.00000	-0.00047	0.00158	0.00158	0.00038	-0.00047	0.00156	0.02346	4.75687	0.00000
10817	0.00000	-0.00047	-0.01131	-0.01119	-0.00725	-0.00047	-0.01333	0.01421	4.75841	0.00000
10837	0.00000	0.00920	-0.00970	-0.00952	0.00536	0.00920	-0.00588	0.02113	4.75534	0.00000
10857	0.00000	-0.00208	-0.01131	-0.01131	-0.00892	-0.00208	-0.01426	0.04193	4.75534	0.00000
10877	0.00000	-0.02464	-0.00647	-0.00595	-0.03229	-0.02464	-0.02170	0.11328	4.75841	0.00000
10897	0.00000	0.01082	-0.00486	-0.00502	0.00960	0.01082	0.00063	0.02864	4.75841	0.00000
10917	0.00000	0.00276	-0.01292	-0.01285	-0.00449	0.00276	-0.01333	0.02100	4.75841	0.00000
10937	0.00000	0.00276	0.02898	0.02899	0.01990	0.00276	0.03506	0.01530	4.75687	0.00000
10957	0.00000	0.01082	-0.00164	-0.00144	0.01157	0.01082	0.00435	0.04282	4.75687	0.00000
10977	0.00000	-0.03109	0.00320	0.00375	-0.03400	-0.03109	-0.01426	0.22614	4.75841	-3.96379
10997	0.00000	-0.00047	0.01125	0.01136	0.00576	-0.00047	0.01273	0.00363	4.75687	0.00000
11017	0.00000	-0.09072	-0.00809	-0.00815	-0.10941	-0.09072	-0.06172	0.03534	4.75687	0.00000
11037	0.00000	0.00276	0.00642	0.00631	0.00699	0.00276	0.00900	0.01181	4.75687	0.00000
11057	0.00000	-0.00047	0.19338	0.19343	0.11098	-0.00047	0.22303	0.01453	4.75687	0.00000
11077	0.00000	-0.00208	-0.00325	-0.00325	-0.00427	-0.00208	-0.00495	0.02353	4.75687	0.00000
11097	0.00000	0.00115	0.00320	0.00325	0.00311	0.00115	0.00435	0.01710	4.75534	0.00000
11117	0.00000	-0.00047	-0.01292	-0.01265	-0.00842	-0.00047	-0.01519	0.02569	4.75994	0.00000
11137	0.00000	0.00437	-0.01292	-0.01296	-0.00219	0.00437	-0.01240	0.02444	4.75534	0.00000
11157	0.00000	0.01404	-0.01453	-0.01453	0.00783	0.01404	-0.00868	0.22350	4.75687	0.00000
11177	0.00000	-0.00047	0.00320	0.00315	0.00141	-0.00047	0.00342	0.01836	4.75994	0.00000
11197	0.00000	0.01082	-0.00809	-0.00781	0.00809	0.01082	-0.00309	0.00653	4.75534	0.00000
11217	0.00000	0.01565	0.00803	0.00727	0.02296	0.01565	0.01831	0.04265	4.75994	0.00000
11237	0.00000	0.00759	0.00964	0.00941	0.01449	0.00759	0.01552	0.28167	4.75841	0.00000
11257	0.00000	-0.00530	0.19499	0.19680	0.10304	-0.00530	0.22210	0.01321	4.75534	0.00000
11277	0.00000	0.00759	-0.00809	-0.00815	0.00397	0.00759	-0.00495	0.02770	4.75687	0.00000
11297	0.00000	-0.00047	0.00803	0.00796	0.00423	-0.00047	0.00900	0.01710	4.75841	0.00000
11317	0.00000	-0.00208	-0.00809	-0.00797	-0.00720	-0.00208	-0.01054	0.01739	4.75841	0.00000
11337	0.00000	0.00437	-0.01614	-0.01628	-0.00372	0.00437	-0.01612	0.02001	4.75227	0.00000
11357	0.00000	0.08012	-0.01776	-0.01632	0.08255	0.08012	0.02575	0.20034	4.75687	0.00000
11377	0.00000	0.02210	-0.00647	-0.00646	0.02178	0.02210	0.00528	0.00927	4.75687	0.00000
11397	0.00000	0.01726	-0.00164	-0.00066	0.01904	0.01726	0.00807	0.08481	4.75227	0.00000
11417	0.00000	-0.00530	0.02737	0.02721	0.01013	-0.00530	0.02855	0.27538	4.75994	0.00000
11437	0.00000	-0.01497	-0.01292	-0.01294	-0.02474	-0.01497	-0.02356	0.03022	4.75687	0.00000
11457	0.00000	-0.02142	0.00320	0.00357	-0.02283	-0.02142	-0.00868	0.18542	4.75687	0.00000
11477	0.00000	-0.00047	-0.01131	-0.01131	-0.00706	-0.00047	-0.01333	0.01343	4.75687	0.00000
11497	0.00000	-0.00852	-0.01292	-0.01322	-0.01708	-0.00852	-0.01984	0.01433	4.75534	0.00000
11517	0.00000	-0.03754	0.00481	0.00547	-0.04048	-0.03754	-0.01612	0.08137	4.75841	0.00000
11537	0.00000	0.01082	-0.01292	-0.01283	0.00525	0.01082	-0.00868	0.02769	4.75687	0.00000
11557	0.00000	-0.00047	0.00481	0.00485	0.00215	-0.00047	0.00528	0.01468	4.75534	0.00000
11577	0.00000	-0.01820	-0.01292	-0.01197	-0.02888	-0.01820	-0.02542	0.06012	4.75994	0.00000
11597	0.00000	-0.00530	-0.00809	-0.00845	-0.01051	-0.00530	-0.01240	0.00787	4.75534	0.00000
11617	0.00000	0.00759	0.00803	0.00781	0.01353	0.00759	0.01366	0.01904	4.75841	0.00000
11637	0.00000	-0.00208	-0.00164	-0.00158	-0.00337	-0.00208	-0.00309	0.01963	4.75994	3.96379
11657	0.00000	0.00276	-0.00486	-0.00486	0.00038	0.00276	-0.00402	0.01864	4.75534	0.00000
11677	0.00000	-0.00208	0.02093	0.02109	0.00932	-0.00208	0.02296	0.00991	4.75687	0.00000
11697	0.00000	0.01082	0.01770	0.01771	0.02270	0.01082	0.02668	0.01809	4.75841	0.00000
11717	0.00000	-0.01658	-0.00164	-0.00165	-0.02009	-0.01658	-0.01147	0.01174	4.75841	-3.96379
11737	0.00000	-0.00530	-0.00486	-0.00502	-0.00884	-0.00530	-0.00868	0.14800	4.75687	0.00000
11757	0.00000	-0.00047	-0.01614	-0.01631	-0.00958	-0.00047	-0.01891	0.02087	4.75381	0.00000
11777	0.00000	0.00759	-0.01292	-0.01294	0.00110	0.00759	-0.01054	0.01952	4.75994	0.00000
11797	0.00000	-0.00047	0.00803	0.00803	0.00409	-0.00047	0.00900	0.01287	4.75687	0.00000
11817	0.00000	-0.00852	-0.01937	-0.01866	-0.02166	-0.00852	-0.02729	0.00547	4.75994	0.00000
11837	0.00000	0.01082	-0.01292	-0.01283	0.00525	0.01082	-0.00868	0.01514	4.75687	0.00000
11857	0.00000	-0.00208	-0.01614	-0.01615	-0.01171	-0.00208	-0.01984	0.01468	4.75687	0.00000
11877	0.00000	-0.01175	0.00320	0.00339	-0.01167	-0.01175	-0.00309	0.04396	4.75841	0.00000
11897	0.00000	-0.00047	0.00803	0.00796	0.00423	-0.00047	0.00900	0.01847	4.75841	0.00000
11917	0.00000	-0.00047	-0.00970	-0.00970	-0.00613	-0.00047	-0.01147	0.03118	4.75841	0.00000
11937	0.00000	-0.00047	-0.01453	-0.01483	-0.00843	-0.00047	-0.01705	0.02165	4.75381	-3.89336
11957	0.00000	-0.10523	-0.00486	0.00137	-0.12439	-0.10523	-0.06637	0.01627	4.76301	0.00000
11977	0.00000	0.00115	-0.01292	-0.01292	-0.00613	0.00115	-0.01426	0.02190	4.75841	0.00000
11997	0.00000	0.04144	0.00803	0.00361	0.05297	0.04144	0.03320	0.02889	4.76454	0.00000
12017	0.00000	-0.01175	-0.00325	-0.00326	-0.01544	-0.01175	-0.01054	0.23431	4.75687	0.00000
12037	0.00000	0.00115	-0.01292	-0.01282	-0.00635	0.00115	-0.01426	0.05466	4.75841	0.00000
12057	0.00000	-0.01497	0.00481	0.00529	-0.01434	-0.01497	-0.00309	0.11884	4.76148	0.00000
12077	0.00000	-0.00208	-0.00809	-0.00809	-0.00706	-0.00208	-0.01054	0.05956	4.75687	0.00000
12097	0.00000	-0.00208	-0.01453	-0.01454	-0.01078	-0.00208	-0.01798	0.02165	4.75534	0.00000
12117	0.00000	-0.00208	0.01125	0.01103	0.00466	-0.00208	0.01180	0.02945	4.76301	3.95357
12137	0.00000	0.01565	0.00964	0.00926	0.02379	0.01565	0.02017	0.02920	4.75841	-3.91323
12157	0.00000	-0.01336	-0.00325	-0.00267	-0.01740	-0.01336	-0.01147	0.01456	4.75994	0.00000
12177	0.00000	-0.00047	0.00481	0.00473	0.00240	-0.00047	0.00528	0.11091	4.75994	0.00000
12197	0.00000	0.00276	0.00803	0.00944	0.00604	0.00276	0.01087	0.05743	4.73847	0.00000
12217	0.00000	-0.01820	0.00803	0.00884	-0.01595	-0.01820	-0.00123	0.03417	4.76301	0.00000
12237	0.00000	0.01887	-0.01776	-0.01755	0.01185	0.01887	-0.00961	0.02544	4.75534	0.00000
12257	0.00000	0.00437	0.00481	0.00494	0.00774	0.00437	0.00807	0.04420	4.75687	0.00000
12277	0.00000	-0.01820	0.00803	0.00802	-0.01638	-0.01820	-0.00123	0.01213	4.75687	0.00000
12297	0.00000	0.03499	-0.00970	-0.01027	0.03464	0.03499	0.00900	0.02874	4.75841	0.00000
12317	0.00000	0.01082	0.00803	0.00804	0.01712	0.01082	0.01552	0.01996	4.75687	0.00000
12337	0.00000	-0.00047	-0.00164	-0.00164	-0.00148	-0.00047	-0.00216	0.06933	4.75687	0.00000
12357	0.00000	0.00920	-0.00809	-0.00818	0.00583	0.00920	-0.00402	0.02874	4.75841	0.00000
12377	0.00000	-0.00047	-0.00809	-0.00885	-0.00377	-0.00047	-0.00961	0.02899	4.74153	0.00000
12397	0.00000	-0.01175	-0.00325	-0.00352	-0.01538	-0.01175	-0.01054	0.00607	4.75687	0.00000
12417	0.00000	0.01082	-0.00809	-0.00821	0.00769	0.01082	-0.00309	0.02333	4.75841	0.00000
12437	0.00000	-0.00047	0.00481	0.00481	0.00223	-0.00047	0.00528	0.01946	4.75687	0.00000
12457	0.00000	0.00276	0.02898	0.02865	0.02039	0.00276	0.03506	0.01898	4.75841	0.00000
12477	0.00000	0.00276	-0.01292	-0.01306	-0.00383	0.00276	-0.01333	0.01430	4.75381	0.00000
12497	0.00000	-0.04721	0.03060	0.03057	-0.03686	-0.04721	0.00807	0.02851	4.75841	0.00000
12517	0.00000	0.02210	-0.01292	-0.01321	0.01784	0.02210	-0.00216	0.02577	4.75841	0.00000
12537	0.00000	-0.01981	-0.01292	-0.01345	-0.03010	-0.01981	-0.02636	0.01926	4.75534	0.00000
12557	0.00000	0.01082	-0.00647	-0.00662	0.00864	0.01082	-0.00123	0.10498	4.75687	0.00000
12577	0.00000	0.00115	-0.10157	-0.10159	-0.05725	0.00115	-0.11662	0.02639	4.75687	3.96379
12597	0.00000	-0.00852	-0.00809	-0.00834	-0.01437	-0.00852	-0.01426	0.02885	4.75534	0.00000
12617	0.00000	0.00437	0.02093	0.02064	0.01747	0.00437	0.02668	0.02463	4.75994	0.00000
12637	0.00000	-0.00852	0.00803	0.00794	-0.00535	-0.00852	0.00435	0.04193	4.75534	0.00000
12657	0.00000	-0.00047	0.00481	0.00485	0.00215	-0.00047	0.00528	0.01433	4.75534	0.00000
12677	0.00000	-0.00369	0.00320	0.00324	-0.00236	-0.00369	0.00156	0.01382	4.75841	0.00000
12697	0.00000	-0.00852	0.00803	0.00775	-0.00561	-0.00852	0.00435	0.04396	4.75227	0.00000
12717	0.00000	-0.00852	0.01125	0.01136	-0.00297	-0.00852	0.00807	0.02906	4.75994	0.00000
12737	0.00000	-0.01658	-0.02743	-0.02861	-0.03402	-0.01658	-0.04124	0.05313	4.75381	0.00000
12757	0.00000	-0.01175	-0.00164	-0.00165	-0.01451	-0.01175	-0.00868	0.02492	4.75687	0.00000
12777	0.00000	-0.01497	-0.00164	-0.00134	-0.01826	-0.01497	-0.01054	0.12523	4.75841	3.97405
12797	0.00000	0.00437	-0.02098	-0.02141	-0.00563	0.00437	-0.02170	0.02277	4.75074	-3.89336
12817	0.00000	-0.01014	-0.00164	-0.00165	-0.01265	-0.01014	-0.00774	0.01986	4.75687	0.00000
12837	0.00000	0.00437	0.00481	0.00494	0.00774	0.00437	0.00807	0.03957	4.75687	0.00000
12857	0.00000	0.00115	-0.00809	-0.00809	-0.00334	0.00115	-0.00868	0.02487	4.75687	0.00000
12877	0.00000	0.00437	-0.01776	-0.01784	-0.00490	0.00437	-0.01798	0.00544	4.75534	0.00000
12897	0.00000	-0.00047	-0.01292	-0.01293	-0.00799	-0.00047	-0.01519	0.01126	4.75687	0.00000
12917	0.00000	0.00115	-0.00647	-0.00659	-0.00208	0.00115	-0.00681	0.03270	4.75227	0.00000
12937	0.00000	-0.01175	0.01931	0.01935	-0.00210	-0.01175	0.01552	0.01174	4.75841	0.00000
12957	0.00000	-0.04721	0.00481	0.00215	-0.05191	-0.04721	-0.02170	0.01963	4.75227	0.00000
12977	0.00000	-0.07783	0.01770	0.01900	-0.07935	-0.07783	-0.02449	0.13817	4.75841	0.00000
12997	0.00000	-0.06816	0.01448	0.01206	-0.07080	-0.06816	-0.02263	0.14676	4.75534	0.00000
13017	0.00000	-0.01014	0.00481	0.00480	-0.00893	-0.01014	-0.00030	0.01087	4.75687	0.00000
13037	0.00000	-0.09233	-0.02743	-0.02750	-0.12243	-0.09233	-0.08498	0.01321	4.75687	0.00000
13057	0.00000	-0.01820	0.01287	0.01263	-0.01380	-0.01820	0.00435	0.10208	4.75534	0.00000
13077	0.00000	0.00115	-0.01131	-0.01113	-0.00558	0.00115	-0.01240	0.02829	4.75841	0.00000
13097	0.00000	-0.02303	-0.01614	-0.01855	-0.03473	-0.02303	-0.03194	0.10466	4.75074	0.00000
13117	0.00000	-0.02787	-0.00325	-0.00327	-0.03405	-0.02787	-0.01984	0.11561	4.75534	0.00000
13137	0.00000	0.06723	-0.01937	-0.01821	0.06676	0.06723	0.01645	0.01468	4.75687	0.00000
13157	0.00000	0.00920	0.01770	0.01806	0.02054	0.00920	0.02575	0.02270	4.75534	0.00000
13177	0.00000	-0.01014	-0.00164	-0.00186	-0.01262	-0.01014	-0.00774	0.05567	4.75381	0.00000
13197	0.00000	0.00759	0.00481	0.00481	0.01154	0.00759	0.00994	0.02914	4.75687	0.00000
13217	0.00000	0.01565	0.00642	0.00680	0.02166	0.01565	0.01645	0.02984	4.75687	0.00000
13237	0.00000	0.03016	0.00158	0.00221	0.03570	0.03016	0.01924	0.23901	4.75534	0.00000
13257	0.00000	-0.06010	0.03221	0.03217	-0.05082	-0.06010	0.00249	0.01939	4.75687	0.00000
13277	0.00000	-0.00047	-0.00164	-0.00171	-0.00140	-0.00047	-0.00216	0.01836	4.75227	0.00000
13297	0.00000	-0.00208	-0.01131	-0.01116	-0.00911	-0.00208	-0.01426	0.02852	4.75841	0.00000
13317	0.00000	0.08012	0.00803	0.01299	0.09660	0.08012	0.05553	0.03319	4.75381	0.00000
13337	0.00000	0.00115	-0.01292	-0.01312	-0.00569	0.00115	-0.01426	0.00919	4.75381	0.00000
13357	0.00000	0.00759	0.01448	0.01477	0.01687	0.00759	0.02110	0.01996	4.75534	0.00000
13377	1.00000	0.36217	-0.00486	0.31816	0.26706	0.36217	0.20348	0.33726	5.33672	47.56543
13397	1.00000	-0.05526	0.16437	-0.02518	-0.16536	-0.05526	0.15789	0.21149	0.11658	58.54905
13417	1.00000	0.22356	-0.32237	0.23055	0.23654	0.22356	-0.24317	0.21719	1.23639	55.49269
13437	1.00000	0.04144	0.10473	-0.06617	-0.13536	0.04144	0.14486	0.16663	2.32245	59.45679
13457	1.00000	-0.07783	-0.24662	0.31216	0.13159	-0.07783	-0.32971	0.35224	3.39777	55.49300
13477	1.00000	-0.36633	0.06928	0.38383	0.06437	-0.36633	-0.13151	0.42702	4.42553	51.52922
13497	1.00000	-0.10362	-0.06933	-0.01957	-0.17296	-0.10362	-0.13988	0.17553	5.46251	54.92408
13517	1.00000	-0.06010	0.13536	0.13272	-0.02794	-0.06010	0.12160	0.13248	0.27458	37.51582
13537	1.00000	0.22679	-0.06611	0.15128	0.17755	0.22679	0.05460	0.17668	1.33917	60.07775
13557	1.00000	-0.10523	0.16598	-0.04638	-0.16142	-0.10523	0.13090	0.16557	2.42676	54.92530
13577	1.00000	0.26547	-0.29497	0.31685	0.07197	0.26547	-0.18734	0.33486	3.48827	54.92530
13597	1.00000	-0.01497	-0.29497	0.34929	-0.01344	-0.01497	-0.34925	0.38043	4.51451	51.00206
13617	1.00000	0.00437	-0.11768	0.05175	-0.12299	0.00437	-0.13337	0.13646	5.56528	55.49300
13637	1.00000	-0.19548	0.10151	0.19224	-0.03564	-0.19548	0.00435	0.21319	0.36662	58.67686
13657	1.00000	-0.00047	0.09023	0.08231	0.06343	-0.00047	0.10392	0.02790	1.44194	55.49269
13677	1.00000	0.01404	0.18693	0.21967	0.04571	0.01404	0.22396	0.22917	2.53874	54.92469
13697	1.00000	0.40085	-0.10801	0.35434	0.21563	0.40085	0.10671	0.41015	3.59719	54.78519
13717	1.00000	0.55235	-0.75754	0.68648	0.37780	0.55235	-0.55583	0.69973	4.64336	56.07256
13737	1.00000	0.03338	-0.22889	0.24719	-0.00654	0.03338	-0.24503	0.24593	5.68647	54.23180
13757	1.00000	-0.00047	-0.07900	0.08078	-0.04297	-0.00047	-0.09149	0.08520	0.49087	37.61808
13777	1.00000	-0.07783	-0.06288	0.13018	-0.05410	-0.07783	-0.11755	0.15579	1.58614	55.63646
13797	1.00000	-0.12457	0.04349	0.09890	-0.07877	-0.12457	-0.02170	0.13838	2.62924	55.34937
13817	1.00000	0.08495	0.28525	0.36187	0.13951	0.08495	0.37842	0.37133	3.68002	54.64578
13837	1.00000	0.48144	-0.11607	0.48223	0.14113	0.48144	0.14393	0.49624	4.71699	52.20368
13857	1.00000	0.10430	-0.04516	0.08360	-0.06288	0.10430	0.00807	0.11624	5.76623	55.49300
13877	1.00000	-0.03754	-0.22244	0.23166	0.15911	-0.03754	-0.27853	0.21399	0.56911	58.51698
13897	1.00000	-0.16486	0.00803	0.14780	0.11276	-0.16486	-0.08591	0.07618	1.63676	54.92499
13917	1.00000	-0.24706	0.02415	0.26417	0.06641	-0.24706	-0.11476	0.23889	2.73662	55.49300
13937	1.00000	-0.46464	0.53990	0.53628	0.23326	-0.46464	0.35516	0.48301	3.78433	55.06613
13957	1.00000	-0.00852	0.29492	0.33426	-0.03118	-0.00852	0.33562	0.35679	4.80750	55.49300
13977	1.00000	0.26063	-0.26596	0.29843	0.05830	0.26063	-0.15663	0.33760	5.76930	50.87196
13997	1.00000	0.05594	-0.14669	0.14438	-0.03279	0.05594	-0.13709	0.17139	0.54917	37.21250
14017	1.00000	-0.06816	-0.07900	0.13060	-0.06812	-0.06816	-0.13057	0.16954	1.58614	54.36879
14037	1.00000	-0.14069	0.08217	0.13263	-0.04883	-0.14069	0.01366	0.16241	2.62618	54.50708
14057	1.00000	0.09463	0.29653	0.37348	0.16453	0.09463	0.39703	0.35331	3.68309	54.36909
14077	1.00000	0.54107	-0.12413	0.53116	0.19797	0.54107	0.16906	0.60934	4.72619	51.52922
14097	1.00000	0.18649	-0.24662	0.24062	0.09077	0.18649	-0.17710	0.23174	5.77544	55.49300
14117	1.00000	0.14781	-0.03710	0.04633	-0.14666	0.14781	0.04250	0.19268	0.57831	58.51698
14137	1.00000	0.13008	-0.11607	0.05001	-0.13376	0.13008	-0.05892	0.14081	1.67051	54.78488
14157	1.00000	-0.44852	0.09829	0.41321	0.22707	-0.44852	-0.14546	0.37033	2.74276	55.34998
14177	1.00000	-0.39211	0.45125	0.43357	0.22925	-0.39211	0.29468	0.43171	3.79967	55.34937
14197	1.00000	0.11880	0.47865	0.59615	0.21134	0.11880	0.62129	0.58287	4.82130	55.49300
14217	1.00000	0.15426	-0.00325	0.17176	0.03959	0.15426	0.08531	0.23621	5.87975	55.06613
14237	1.00000	-0.10362	0.17726	-0.04797	-0.17152	-0.10362	0.14486	0.19933	0.70103	58.51698
14257	1.00000	-0.08105	-0.16926	0.25032	-0.05079	-0.08105	-0.24224	0.22963	1.61682	47.56512
14277	1.00000	-0.33570	0.34972	0.34469	0.19485	-0.33570	0.21000	0.27491	2.66759	55.06613
14297	1.00000	-0.08105	-0.09995	-0.06265	-0.17015	-0.08105	-0.16221	0.18057	3.73524	55.49300
14317	1.00000	0.09301	0.04027	0.12441	0.05668	0.09301	0.10020	0.20890	4.77988	54.92408
14337	1.00000	-0.04076	0.13697	0.02582	-0.13826	-0.04076	0.13463	0.13943	5.85674	55.49300
14357	1.00000	0.28158	-0.33849	0.31088	0.18640	0.28158	-0.22828	0.33435	0.65654	57.26862
14377	1.00000	-0.02948	-0.18215	0.17985	0.14215	-0.02948	-0.22735	0.15859	1.72573	55.20769
14397	1.00000	0.10268	-0.12252	0.07916	-0.10503	0.10268	-0.08219	0.13405	2.80872	55.20769
14417	1.00000	-0.33570	0.06767	0.34061	0.10029	-0.33570	-0.11569	0.35679	3.86410	53.82404
14437	1.00000	-0.11329	0.00320	0.02900	-0.12569	-0.11329	-0.06172	0.12842	4.87959	55.63677
14457	1.00000	-0.13424	0.11763	0.05438	-0.13587	-0.13424	0.05832	0.14521	5.96105	54.92530
14477	1.00000	0.19133	-0.00486	0.20340	0.07889	0.19133	0.10485	0.22841	0.74705	58.04252
14497	1.00000	0.26063	-0.30464	0.26756	0.19196	0.26063	-0.20129	0.23052	1.81623	58.40045
14517	1.00000	0.08173	0.04994	0.00093	-0.13293	0.08173	0.10485	0.13530	2.89155	54.92530
14537	1.00000	-0.13102	-0.35461	0.46454	0.19151	-0.13102	-0.48511	0.48074	3.96687	55.63615
14557	1.00000	-0.25028	0.34488	0.23756	0.26569	-0.25028	0.25373	0.23277	4.96243	50.48438
14577	1.00000	-0.12940	-0.08706	0.00690	-0.21771	-0.12940	-0.17524	0.21310	6.04082	54.50708
14597	1.00000	0.07367	0.23528	0.26438	0.18506	0.07367	0.31422	0.31926	0.84522	55.49285
14617	1.00000	0.18166	-0.01131	0.17248	0.10807	0.18166	0.09182	0.19589	1.90674	55.34998
14637	1.00000	-0.10362	0.16598	-0.05363	-0.15887	-0.10362	0.13183	0.16224	2.99126	55.63677
14657	1.00000	0.15265	-0.01776	0.05748	-0.15674	0.15265	0.06763	0.17016	4.01443	47.56543
14677	1.00000	-0.10684	-0.01292	0.11801	0.05793	-0.10684	-0.07660	0.06393	5.05140	55.63677
14697	1.00000	-0.00691	-0.14186	0.09728	-0.13688	-0.00691	-0.16780	0.15387	6.15740	59.45555
14717	1.00000	-0.30831	0.28525	0.30966	0.14852	-0.30831	0.15138	0.28969	0.95260	55.92638
14737	1.00000	-0.13424	-0.17087	-0.08823	-0.29281	-0.13424	-0.27481	0.30754	2.03099	54.92530
14757	1.00000	0.08173	0.24495	0.30149	0.15712	0.08173	0.33004	0.31074	3.11705	54.36849
14777	1.00000	0.55235	-0.16603	0.50453	0.25824	0.55235	0.12718	0.50307	4.15402	51.39641
14797	1.00000	0.16393	-0.48677	0.48124	-0.11732	0.16393	-0.46743	0.48246	5.08821	35.58213
14817	1.00000	-0.15519	0.16437	0.13578	0.12525	-0.15519	0.10020	0.15829	6.11138	55.49300
14837	1.00000	-0.25834	0.20788	0.26329	0.07528	-0.25834	0.09089	0.23276	0.94800	55.63661
14857	1.00000	-0.11168	-0.16765	-0.08892	-0.26673	-0.11168	-0.25806	0.27611	2.03252	59.61082
14877	1.00000	-0.07944	0.10473	0.07652	-0.07804	-0.07944	0.07507	0.11692	3.09711	59.15110
14897	1.00000	0.23646	-0.04032	0.25073	0.03366	0.23646	0.08996	0.28594	4.13715	50.74251
14917	1.00000	-0.00047	-0.20472	0.18242	0.15076	-0.00047	-0.23665	0.17248	5.16491	54.78519
14937	1.00000	0.09463	-0.14669	0.13154	-0.06941	0.09463	-0.11476	0.14559	6.26018	54.78519
14957	1.00000	-0.28735	0.07572	0.19168	0.22798	-0.28735	-0.07847	0.22714	1.06305	55.34983
14977	1.00000	0.03338	-0.11446	0.02501	-0.11503	0.03338	-0.11289	0.11058	2.14297	55.20769
14997	1.00000	-0.26318	0.29814	0.30682	0.10997	-0.26318	0.19232	0.32091	3.21216	55.34937
15017	1.00000	0.10430	0.38034	0.49264	0.13244	0.10430	0.49939	0.52147	4.23839	55.49300
15037	1.00000	-0.09233	0.16437	-0.05853	-0.15403	-0.09233	0.13649	0.16135	5.26462	54.36909
15057	1.00000	0.18327	-0.18376	0.20502	0.05362	0.18327	-0.10638	0.18603	0.07670	55.34998
15077	1.00000	-0.04721	-0.18215	0.14193	0.19628	-0.04721	-0.23759	0.33576	1.17043	56.07256
15097	1.00000	0.01726	-0.23050	0.25337	0.04163	0.01726	-0.25620	0.23235	2.26262	54.36909
15117	1.00000	-0.42757	0.06605	0.39683	0.23331	-0.42757	-0.17059	0.40796	3.32720	55.34998
15137	1.00000	-0.41307	0.49799	0.45797	0.27230	-0.41307	0.33655	0.46464	4.36418	53.95927
15157	1.00000	-0.03592	0.13213	0.13474	0.02265	-0.03592	0.13183	0.09069	5.42262	55.49300
15177	1.00000	-0.17937	0.07895	-0.00662	-0.17966	-0.17937	-0.01240	0.17134	0.25311	62.86806
15197	1.00000	0.32510	-0.06450	0.29701	0.17402	0.32510	0.11322	0.26740	1.31769	54.36879
15217	1.00000	0.12686	-0.11768	0.12733	0.06166	0.12686	-0.06265	0.10837	2.38227	55.20769
15237	1.00000	0.03660	0.02415	-0.00121	-0.06116	0.03660	0.04902	0.05353	3.46373	53.95868
15257	1.00000	-0.03431	-0.31915	0.38981	0.00266	-0.03431	-0.38833	0.43509	4.52064	51.66271
15277	1.00000	-0.02303	0.01770	0.02176	0.01038	-0.02303	0.00714	0.13181	5.53920	55.06613
15297	1.00000	-0.17776	0.08056	0.17697	-0.01913	-0.17776	-0.00961	0.11473	0.38043	58.67686
15317	1.00000	-0.08589	-0.09834	-0.02848	-0.18215	-0.08589	-0.16314	0.17876	1.47416	59.92129
15337	1.00000	0.04305	0.24012	0.27873	0.12420	0.04305	0.30212	0.28166	2.55101	54.92530
15357	1.00000	0.26869	-0.06772	0.22027	0.17201	0.26869	0.07693	0.22861	3.60946	55.49300
15377	1.00000	0.38474	-0.44003	0.43747	0.19602	0.38474	-0.28597	0.44573	4.64183	55.49300
15397	1.00000	-0.01175	-0.19505	0.20603	0.10729	-0.01175	-0.23200	0.15630	5.71561	54.92530
15417	1.00000	0.07851	-0.11768	0.10110	-0.06437	0.07851	-0.09056	0.12871	0.54150	58.04252
15437	1.00000	-0.24222	0.03543	0.24951	0.07872	-0.24222	-0.09894	0.32646	1.59534	54.64578
15457	1.00000	-0.28896	0.31909	0.31776	0.15217	-0.28896	0.20162	0.31748	2.65379	55.49300
15477	1.00000	0.01082	0.04349	0.04173	0.03953	0.01082	0.05646	0.00704	3.71684	55.20708
15497	1.00000	0.32671	-0.10157	0.22080	0.25112	0.32671	0.07135	0.46839	4.76148	54.78519
15517	1.00000	-0.00852	0.05477	0.03094	-0.05016	-0.00852	0.05832	0.14936	5.87515	60.07775
15537	1.00000	0.14942	-0.11607	0.14314	0.06415	0.14942	-0.04776	0.09974	0.67955	58.67686
15557	1.00000	0.11074	-0.05644	0.09825	-0.05112	0.11074	-0.00123	0.11823	1.76868	55.34998
15577	1.00000	-0.12940	-0.31754	0.38126	0.25724	-0.12940	-0.44137	0.40510	2.83940	55.49300
15597	1.00000	-0.36472	0.06605	0.32739	0.20941	-0.36472	-0.13430	0.30167	3.89018	54.92469
15617	1.00000	-0.54362	0.69462	0.65463	0.32454	-0.54362	0.48823	0.61442	4.92715	51.52922
15637	1.00000	-0.04882	0.08217	0.08204	-0.00998	-0.04882	0.06670	0.07631	6.00400	59.45679
15657	1.00000	-0.05526	0.09506	0.08571	-0.04206	-0.05526	0.07786	0.11464	0.82682	58.04252
15677	1.00000	-1.21248	0.09990	0.80857	-1.07604	-1.21248	-0.58467	1.42035	1.89140	55.20739
15697	1.00000	0.10268	-0.11607	0.12571	0.01809	0.10268	-0.07474	0.14832	2.90536	55.34998
15717	1.00000	-0.00047	-0.20472	0.23659	-0.00534	-0.00047	-0.23665	0.25884	3.94847	55.34998
15737	1.00000	0.05111	-0.14992	-0.01888	-0.15125	0.05111	-0.14360	0.15411	4.97163	54.36909
15757	1.00000	-0.11973	0.01448	0.07962	-0.10364	-0.11973	-0.05241	0.13617	6.05922	58.99943
15777	1.00000	0.07528	0.29331	0.30785	0.23858	0.07528	0.38215	0.30814	0.85443	55.49285
15797	1.00000	0.02532	-0.01131	0.01071	0.02300	0.02532	0.00156	0.22692	1.92821	54.92499
15817	1.00000	0.17843	-0.00486	0.19942	0.03943	0.17843	0.09740	0.17054	3.01734	59.30355
15837	1.00000	0.36378	-0.51578	0.49487	0.18990	0.36378	-0.38554	0.51869	4.05738	54.64518
15857	1.00000	0.13008	-0.13058	0.04268	-0.14431	0.13008	-0.07567	0.15917	5.07287	55.49300
15877	1.00000	-0.05204	-0.12735	0.15335	-0.10272	-0.05204	-0.17710	0.18982	6.16200	73.23045
15897	1.00000	-0.06171	0.06767	0.05239	0.05357	-0.06171	0.04250	0.09238	0.97101	55.06598
15917	1.00000	-0.17937	0.28847	0.24855	0.15189	-0.17937	0.22954	0.19761	2.07241	58.84853
15937	1.00000	0.10107	0.26913	0.30307	0.23366	0.10107	0.36912	0.32493	3.13239	54.92469
15957	1.00000	0.55719	-0.16926	0.45057	0.35125	0.55719	0.12625	0.44788	4.17243	51.52922
15977	1.00000	0.35411	-0.44003	0.41271	0.21741	0.35411	-0.30365	0.35036	5.21707	54.78519
15997	1.00000	0.09463	0.06928	-0.03499	-0.16078	0.09463	0.13463	0.06823	0.02608	54.92408
16017	1.00000	-0.13585	-0.34816	0.38612	0.31653	-0.13585	-0.48045	0.43956	1.14128	55.49300
16037	1.00000	-0.25995	0.01448	0.25873	0.13573	-0.25995	-0.13337	0.24369	2.18439	55.20708
16057	1.00000	0.00115	0.00158	-0.00177	0.00210	0.00115	0.00249	0.10774	3.26278	54.36909
16077	1.00000	-0.33248	0.38195	0.41475	0.02362	-0.33248	0.24908	0.45470	4.33196	51.52922
16097	1.00000	0.18327	-0.03710	0.14029	0.13366	0.18327	0.06298	0.27785	5.33825	54.36909
16117	1.00000	0.02854	0.08217	0.10697	-0.04210	0.02854	0.11136	0.11516	0.18715	57.88607
16137	1.00000	-0.08105	0.10151	-0.04955	-0.09525	-0.08105	0.07042	0.11855	1.27320	58.99912
16157	1.00000	0.21712	-0.21600	0.24467	0.05156	0.21712	-0.12406	0.28508	2.36233	55.49239
16177	1.00000	-0.04076	-0.21761	0.23169	0.15327	-0.04076	-0.27481	0.16940	3.42231	55.20769
16197	1.00000	-0.17614	-0.06611	0.22918	-0.10094	-0.17614	-0.17803	0.26392	4.40713	47.56543
16217	1.00000	-0.10523	-0.13219	-0.07994	-0.22407	-0.10523	-0.21339	0.22806	5.45330	55.49177
16237	1.00000	-0.03109	0.16920	0.17723	0.03213	-0.03109	0.17743	0.14707	0.27458	62.02080
16257	1.00000	0.31382	-0.10962	0.16846	0.27032	0.31382	0.05460	0.29387	1.35451	54.78519
16277	1.00000	0.14942	0.02254	0.18583	0.01997	0.14942	0.11229	0.22284	2.45130	55.49239
16297	1.00000	0.33961	-0.38845	0.37112	0.20328	0.33961	-0.25247	0.38911	3.51128	54.09520
16317	1.00000	-0.09878	-0.24017	0.26002	0.23225	-0.09878	-0.33436	0.24110	4.56666	56.07256
16337	1.00000	-0.26801	0.21917	0.24389	0.14836	-0.26801	0.09834	0.21739	5.53460	51.13284
16357	1.00000	-0.10200	-0.16442	-0.05903	-0.26228	-0.10200	-0.24875	0.25404	0.33594	62.69674
16377	1.00000	0.07528	0.26752	0.31613	0.17287	0.07528	0.35237	0.34494	1.40973	55.49269
16397	1.00000	0.08495	-0.02904	0.05758	0.06435	0.08495	0.01552	0.07802	2.48352	54.92530
16417	1.00000	-0.05204	0.13213	-0.00447	-0.13305	-0.05204	0.12253	0.11635	3.55730	55.06552
16437	1.00000	0.07206	-0.06772	0.07623	-0.02684	0.07206	-0.03659	0.10952	4.59120	51.00206
16457	1.00000	0.18166	-0.11607	-0.00967	-0.18372	0.18166	-0.02915	0.17871	5.65579	59.45679
16477	1.00000	-0.04076	-0.09834	0.13636	-0.04310	-0.04076	-0.13709	0.23244	0.47400	58.51698
16497	1.00000	-0.21483	0.24334	0.18511	0.19109	-0.21483	0.15696	0.15637	1.54165	56.21904
16517	1.00000	-0.20677	0.20788	0.23621	0.03890	-0.20677	0.12067	0.23081	2.64305	54.92530
16537	1.00000	0.15426	0.35939	0.44591	0.28104	0.15426	0.50405	0.48041	3.69076	51.39641
16557	1.00000	0.79089	-0.22083	0.71182	0.39933	0.79089	0.20162	0.67837	4.73386	51.52922
16577	1.00000	0.19455	-0.16603	0.20484	0.04683	0.19455	-0.07940	0.20855	5.79845	55.49177
16597	1.00000	0.04144	0.09023	-0.03112	-0.13100	0.04144	0.12811	0.13410	0.61973	58.04260
16617	1.00000	-0.00208	-0.27080	0.30196	0.08572	-0.00208	-0.31389	0.29129	1.69351	55.49269
16637	1.00000	-0.10523	-0.57058	0.57357	0.44706	-0.10523	-0.71960	0.74051	2.25955	39.63786
16657	1.00000	-0.15519	0.02737	0.09886	-0.13293	-0.15519	-0.05799	0.17424	3.18761	51.00206
16677	1.00000	0.02371	0.17726	0.21964	-0.00085	0.02371	0.21837	0.23276	4.22458	55.49300
16697	1.00000	-0.04237	0.08862	-0.03189	-0.08271	-0.04237	0.07786	0.10942	5.25542	55.49300
16717	1.00000	0.15426	-0.18538	0.18457	0.07313	0.15426	-0.12499	0.16119	0.07210	59.30355
16737	1.00000	-0.13102	-0.34494	0.36593	0.32843	-0.13102	-0.47394	0.45233	1.14588	54.78519
16757	1.00000	0.09624	-0.07900	0.00115	-0.10263	0.09624	-0.03566	0.14193	2.20893	55.34998
16777	1.00000	-0.25028	0.02415	0.26933	0.06081	-0.25028	-0.11662	0.28151	3.29959	54.78458
16797	1.00000	-0.45497	0.57858	0.58023	0.18626	-0.45497	0.40541	0.60344	4.34577	51.66271
16817	1.00000	-0.07944	0.11924	0.08425	-0.08742	-0.07944	0.09182	0.12099	5.37353	54.92530
16837	1.00000	0.10752	0.03060	0.14448	0.01314	0.10752	0.09740	0.07830	0.17641	57.88607
16857	1.00000	0.27997	-0.43358	0.28973	0.33070	0.27997	-0.33901	0.31433	1.24406	55.34967
16877	1.00000	0.03338	-0.03226	0.03683	-0.00898	0.03338	-0.01798	0.07454	2.31631	55.34998
16897	1.00000	-0.04076	-0.26435	0.31401	0.10557	-0.04076	-0.32878	0.30161	3.40084	55.20769
16917	1.00000	-0.42274	0.09023	0.43404	0.09931	-0.42274	-0.13988	0.46621	4.42860	51.52798
16937	1.00000	-0.09717	-0.08706	-0.03875	-0.18019	-0.09717	-0.15663	0.17946	5.46251	55.06491
16957	1.00000	-0.00047	0.18532	0.20618	0.05624	-0.00047	0.21372	0.16661	0.26691	61.52331
16977	1.00000	0.24935	-0.06933	0.15978	0.20181	0.24935	0.06391	0.16290	1.34377	58.69841
16997	1.00000	-0.03109	0.09990	0.02096	-0.10007	-0.03109	0.09740	0.10554	2.42983	55.06613
17017	1.00000	0.30898	-0.44325	0.39523	0.22453	0.30898	-0.33343	0.40445	3.49594	55.20769
17037	1.00000	-0.16970	-0.52384	0.66821	0.27613	-0.16970	-0.70285	0.67081	4.54058	55.63677
17057	1.00000	-0.22450	0.00158	0.25657	0.02992	-0.22450	-0.12778	0.23136	5.58369	55.49300
17077	1.00000	-0.14391	0.03865	0.14083	-0.04850	-0.14391	-0.03845	0.17838	0.37889	62.02080
17097	1.00000	-0.07783	-0.08384	-0.03292	-0.15831	-0.07783	-0.14174	0.16992	1.46802	59.45679
17117	1.00000	0.05917	0.29492	0.34933	0.14787	0.05917	0.37470	0.30866	2.54794	54.92530
17137	1.00000	0.23001	-0.08867	0.17086	0.15693	0.23001	0.03041	0.23227	3.60332	51.00206
17157	1.00000	0.53624	-0.80911	0.68279	0.46001	0.53624	-0.62468	0.72945	4.64029	55.49300
17177	1.00000	-0.11168	-0.34010	0.41293	0.22574	-0.11168	-0.45719	0.42229	5.70027	55.49300
17197	1.00000	0.11235	-0.06450	-0.01935	-0.11109	0.11235	-0.00961	0.15159	0.51082	62.69678
17217	1.00000	-0.15519	-0.01292	0.18708	0.00304	-0.15519	-0.10452	0.21483	1.58920	54.78488
17237	1.00000	-0.25834	0.31103	0.30638	0.13020	-0.25834	0.21000	0.31047	2.64918	54.92530
17257	1.00000	0.09301	0.25140	0.29128	0.20524	0.09301	0.34399	0.30983	3.69843	54.92530
17277	1.00000	0.37023	-0.10479	0.29578	0.24121	0.37023	0.09275	0.24956	4.74920	56.07256
17297	1.00000	-0.00369	0.05316	0.00267	-0.05930	-0.00369	0.05925	0.11291	5.82913	58.25260
17317	1.00000	0.20261	-0.27080	0.24600	0.13722	0.20261	-0.19571	0.24998	0.65348	37.31299
17337	1.00000	-0.02303	-0.20794	0.21284	0.13944	-0.02303	-0.25340	0.20724	1.71499	55.49269
17357	1.00000	0.19778	-0.09512	-0.03660	-0.19440	0.19778	0.00435	0.19173	2.79645	55.34937
17377	1.00000	-0.21644	0.01609	0.24072	0.01449	-0.21644	-0.10638	0.26784	3.86103	54.92530
17397	1.00000	-0.09878	-0.01776	0.00754	-0.12534	-0.09878	-0.07753	0.12993	4.87499	54.92530
17417	1.00000	-0.08105	0.13213	0.11255	-0.07134	-0.08105	0.10578	0.13636	5.96412	59.60958
17437	1.00000	0.36862	-0.10640	0.29033	0.24426	0.36862	0.08996	0.27654	0.75472	57.88607
17457	1.00000	-0.12618	0.17726	-0.08123	-0.16340	-0.12618	0.13183	0.18644	1.84845	55.63646
17477	1.00000	0.24774	-0.36589	0.31938	0.19355	0.24774	-0.27946	0.32474	2.92684	55.49300
17497	1.00000	-0.15036	-0.37395	0.48381	0.23973	-0.15036	-0.51860	0.54635	3.97148	55.63615
17517	1.00000	-0.12457	-0.03871	0.16033	-0.05836	-0.12457	-0.11662	0.18515	4.98851	51.66271
17537	1.00000	-0.17937	0.17243	0.20077	0.03138	-0.17937	0.09554	0.17693	6.06996	54.92530
17557	1.00000	0.07851	0.31587	0.34378	0.23688	0.07851	0.41006	0.31970	0.84983	54.92514
17577	1.00000	-0.13102	0.21433	-0.05656	-0.20855	-0.13102	0.17185	0.21850	1.84538	55.34998
17597	1.00000	0.24774	-0.36266	0.32748	0.17365	0.24774	-0.27574	0.33517	2.92990	55.34998
17617	1.00000	-0.11490	-0.37233	0.46464	0.20880	-0.11490	-0.49627	0.46530	3.96841	54.78458
17637	1.00000	-0.16486	-0.04032	0.21121	-0.05150	-0.16486	-0.14174	0.23080	4.99464	55.49300
17657	1.00000	-0.20677	0.15953	0.21663	0.00435	-0.20677	0.06484	0.19540	6.07303	59.45679
17677	1.00000	-0.00208	0.02093	0.01843	0.01385	-0.00208	0.02296	0.03234	0.88511	55.49285
17697	1.00000	0.03983	0.24012	0.28291	0.10812	0.03983	0.30026	0.26901	1.97730	54.36909
17717	1.00000	0.25419	-0.03871	0.22864	0.15080	0.25419	0.10206	0.16564	3.04035	55.34937
17737	1.00000	0.19939	-0.28208	0.21162	0.19829	0.19939	-0.21060	0.12060	4.09266	55.63677
17757	1.00000	-0.09556	-0.30787	0.30891	0.28694	-0.09556	-0.41066	0.26169	5.14344	54.92530
17777	1.00000	0.02371	-0.15636	0.16801	0.01343	0.02371	-0.16687	0.15402	6.26171	59.45679
17797	1.00000	-0.26318	0.01125	0.25351	0.15586	-0.26318	-0.13895	0.23301	1.05538	51.00191
17817	1.00000	0.12847	-0.19988	-0.06053	-0.19331	0.12847	-0.15663	0.20314	2.13377	55.06613
17837	1.00000	-0.30992	0.39646	0.37614	0.17973	-0.30992	0.27886	0.35228	3.21369	54.92469
17857	1.00000	0.15426	0.44964	0.58446	0.22843	0.15426	0.60826	0.58910	4.24606	51.66271
17877	1.00000	0.01404	0.09023	0.05669	-0.09794	0.01404	0.11229	0.11542	5.27383	54.92530
17897	1.00000	0.18811	-0.18376	0.20509	0.06364	0.18811	-0.10359	0.17605	0.08283	59.45679
17917	1.00000	0.00115	-0.08867	0.06410	0.07900	0.00115	-0.10173	0.19439	1.17810	58.99943
17937	1.00000	-0.06332	-0.27241	0.31712	0.16346	-0.06332	-0.35111	0.29909	2.26722	55.49239
17957	1.00000	-0.15519	0.00964	0.14722	0.09255	-0.15519	-0.07847	0.08418	3.33794	54.92530
17977	1.00000	-0.17937	0.26913	0.16023	0.22231	-0.17937	0.20721	0.32297	4.38565	51.52922
17997	1.00000	-0.04398	0.00320	0.01186	-0.04759	-0.04398	-0.02170	0.07462	5.44563	73.04691
18017	1.00000	-0.05204	0.14180	0.14138	-0.02431	-0.05204	0.13370	0.14552	0.26845	58.67686
18037	1.00000	0.30576	-0.06127	0.24372	0.21277	0.30576	0.10578	0.23620	1.33456	55.34998
18057	1.00000	-0.17131	0.24334	-0.10693	-0.22596	-0.17131	0.18208	0.23163	2.41909	55.49300
18077	1.00000	0.25580	-0.31431	0.31679	0.10679	0.25580	-0.21525	0.31900	3.48981	55.06613
18097	1.00000	0.03338	-0.24662	0.25990	-0.06366	0.03338	-0.26550	0.31009	4.50990	55.49300
18117	1.00000	0.07206	-0.15314	-0.02692	-0.15083	0.07206	-0.13523	0.15791	5.56068	59.45679
18137	1.00000	-0.16970	0.07411	0.16911	-0.01863	-0.16970	-0.01240	0.16792	0.38810	62.18843
18157	1.00000	-0.08428	-0.09351	-0.02291	-0.17637	-0.08428	-0.15663	0.17582	1.46802	55.06613
18177	1.00000	-0.11329	0.11440	0.07131	-0.11043	-0.11329	0.06670	0.13373	2.52953	55.78066
18197	1.00000	0.33800	-0.07255	0.33782	0.11190	0.33800	0.11136	0.34455	3.58185	54.78519
18217	1.00000	0.41375	-0.55607	0.53883	0.20835	0.41375	-0.40322	0.60048	4.62649	55.49300
18237	1.00000	0.04627	-0.21277	0.22182	-0.02972	0.04627	-0.21897	0.22975	5.67726	55.49300
18257	1.00000	-0.20193	-0.00164	0.22628	0.06005	-0.20193	-0.11848	0.26379	0.41264	57.88607
18277	1.00000	-0.23255	0.29653	0.23911	0.20052	-0.23255	0.20814	0.22359	1.52324	56.21935
18297	1.00000	-0.08911	-0.14992	-0.07709	-0.22894	-0.08911	-0.22456	0.22971	2.60317	58.84853
18317	1.00000	0.04305	0.21756	0.26940	0.07404	0.04305	0.27607	0.29318	3.66928	55.49300
18337	1.00000	0.12041	0.02093	0.14550	-0.04586	0.12041	0.09368	0.18074	4.69705	51.00206
18357	1.00000	0.05594	0.00964	0.02042	-0.06782	0.05594	0.04343	0.07252	5.75550	59.45679
18377	1.00000	-0.09878	-0.27563	0.31106	0.23202	-0.09878	-0.37530	0.29922	0.57064	58.51698
18397	1.00000	0.10591	-0.05644	-0.02262	-0.10353	0.10591	-0.00402	0.11952	1.65363	55.49300
18417	1.00000	-0.32120	0.05477	0.32268	0.11825	-0.32120	-0.12220	0.31011	2.73969	55.06613
18437	1.00000	-0.25834	0.28202	0.31058	0.03769	-0.25834	0.17650	0.35002	3.76439	55.20769
18457	1.00000	-0.07622	0.09184	0.03946	-0.09001	-0.07622	0.06204	0.11069	4.78602	54.78397
18477	1.00000	0.16232	0.01931	0.19914	0.01207	0.16232	0.11602	0.18147	5.87515	56.07256
18497	1.00000	0.18005	-0.29820	0.16496	0.25095	0.18005	-0.24038	0.16300	0.67342	58.51698
18517	1.00000	0.05111	0.03865	-0.00353	-0.08998	0.05111	0.07414	0.08898	1.76101	55.49269
18537	1.00000	-0.04076	-0.26113	0.30594	0.11712	-0.04076	-0.32506	0.30348	2.83940	54.92530
18557	1.00000	-0.55651	0.13536	0.50009	0.29460	-0.55651	-0.16500	0.44210	3.88251	55.63615
18577	1.00000	-0.32603	0.36422	0.39912	0.03105	-0.32603	0.23233	0.44245	4.90874	51.00206
18597	1.00000	-0.06977	0.13375	0.11888	-0.06137	-0.06977	0.11415	0.13350	5.96258	58.84853
18617	1.00000	0.24129	-0.02259	0.23600	0.12382	0.24129	0.11322	0.27073	0.75318	58.51698
18637	1.00000	0.14620	-0.19021	0.13696	0.14456	0.14620	-0.13523	0.08268	1.81930	53.82404
18657	1.00000	0.27997	-0.42552	0.36505	0.23199	0.27997	-0.32971	0.36619	2.93297	56.07256
18677	1.00000	-0.19871	-0.43036	0.52707	0.36851	-0.19871	-0.61166	0.52452	3.97608	55.49239
18697	1.00000	-0.18581	-0.02904	0.23012	-0.03731	-0.18581	-0.14081	0.23926	4.99618	54.78519
18717	1.00000	-0.15519	0.09023	0.15254	-0.03204	-0.15519	0.01459	0.16541	6.07303	54.92530
18737	1.00000	-0.05043	-0.02098	-0.00082	-0.07339	-0.05043	-0.05334	0.11416	0.88357	55.34983
18757	1.00000	0.02854	0.24173	0.27760	0.10549	0.02854	0.29561	0.22714	1.98037	58.40045
18777	1.00000	0.14298	-0.01292	0.12987	0.09025	0.14298	0.06763	0.09011	3.04955	54.92469
18797	1.00000	0.01565	-0.01292	0.01466	0.00805	0.01565	-0.00588	0.01996	4.10340	54.78458
18817	1.00000	-0.00530	-0.18376	0.16283	0.14089	-0.00530	-0.21525	0.13257	5.15878	54.64578
18837	1.00000	0.12686	-0.11929	0.07310	-0.12210	0.12686	-0.06451	0.14072	6.24484	58.84853
18857	1.00000	-0.34054	0.08539	0.30740	0.17623	-0.34054	-0.09801	0.42791	1.03237	55.63661
18877	1.00000	-0.32603	0.34810	0.35532	0.16030	-0.32603	0.21372	0.34617	2.09082	54.50678
18897	1.00000	-0.02142	-0.01292	-0.00844	-0.03364	-0.02142	-0.02729	0.07956	3.16460	55.49300
18917	1.00000	-0.01820	0.11279	0.11456	-0.03928	-0.01820	0.11974	0.14994	4.21845	54.92530
18937	1.00000	-0.01820	0.05961	-0.01046	-0.06019	-0.01820	0.05832	0.09193	5.25542	55.63677
18957	1.00000	0.05594	0.06605	-0.01194	-0.12154	0.05594	0.10857	0.11027	0.05676	55.06613
18977	1.00000	-0.07783	-0.31915	0.34384	0.24239	-0.07783	-0.41345	0.39687	1.14128	55.49300
18997	1.00000	0.07528	-0.06450	0.00109	-0.08141	0.07528	-0.03101	0.13414	2.20586	54.92530
19017	1.00000	-0.23578	0.01609	0.25842	0.05120	-0.23578	-0.11755	0.25075	3.29806	55.49239
19037	1.00000	-0.27124	0.28525	0.32080	-0.02233	-0.27124	0.17278	0.35536	4.31969	51.26429
19057	1.00000	-0.13907	0.06605	-0.03729	-0.13404	-0.13907	-0.00402	0.14665	5.36740	55.63677
19077	1.00000	0.18488	-0.01776	0.18731	0.08079	0.18488	0.08624	0.12982	0.17794	57.88606
19097	1.00000	0.20745	-0.24501	0.20103	0.17097	0.20745	-0.16314	0.19507	1.24252	54.36879
19117	1.00000	0.03338	0.03865	-0.00478	-0.07194	0.03338	0.06391	0.07585	2.33318	58.40045
19137	1.00000	-0.07944	-0.22244	0.24396	0.19605	-0.07944	-0.30272	0.23170	3.42691	55.49300
19157	1.00000	-0.17937	-0.05805	0.22785	-0.09669	-0.17937	-0.17059	0.26351	4.40559	47.56543
19177	1.00000	-0.01497	0.16598	0.17347	0.06021	-0.01497	0.18301	0.12152	5.41955	55.49300
19197	1.00000	-0.04076	0.14342	0.14751	-0.00909	-0.04076	0.14207	0.14253	0.26998	41.91204
19217	1.00000	0.21389	-0.05644	0.15422	0.15925	0.21389	0.05832	0.17746	1.33763	56.07256
19237	1.00000	-0.12940	0.19016	-0.06636	-0.18254	-0.12940	0.14486	0.18131	2.42522	54.92530
19257	1.00000	0.25741	-0.37395	0.34313	0.16942	0.25741	-0.28318	0.36435	3.48827	58.84853
19277	1.00000	-0.03431	-0.31915	0.38952	0.01582	-0.03431	-0.38833	0.42614	4.51757	54.92530
19297	1.00000	0.06884	-0.16120	-0.02042	-0.16046	0.06884	-0.14639	0.17290	5.56068	59.45679
19317	1.00000	-0.18098	0.14019	0.18984	0.00006	-0.18098	0.05739	0.17735	0.35742	57.57569
19337	1.00000	0.08012	0.31909	0.34064	0.24974	0.08012	0.41471	0.34907	1.42200	54.92530
19357	1.00000	-0.08589	0.02254	-0.04373	-0.07759	-0.08589	-0.02356	0.11239	2.50346	54.64578
19377	1.00000	0.37184	-0.35138	0.33941	0.24406	0.37184	-0.19106	0.40418	3.57724	74.16213
19397	1.00000	0.15587	-0.21922	0.22407	0.02652	0.15587	-0.16314	0.24013	4.60194	55.49177
19417	1.00000	0.15748	-0.12896	0.04301	-0.16221	0.15748	-0.05799	0.16784	5.66192	54.92530
19437	1.00000	-0.11006	-0.09512	0.19985	-0.04722	-0.11006	-0.17338	0.15839	0.45406	63.56276
19457	1.00000	-0.25189	0.25624	0.24369	0.16337	-0.25189	0.15044	0.21166	1.53091	55.34967
19477	1.00000	-0.10200	-0.05483	0.01229	-0.15869	-0.10200	-0.12220	0.15034	2.62004	55.34937
19497	1.00000	0.06239	0.24173	0.30765	0.09247	0.06239	0.31515	0.34436	3.67388	55.06613
19517	1.00000	0.12686	0.02254	0.15505	-0.04364	0.12686	0.09927	0.18852	4.70012	54.78519
19537	1.00000	-0.00047	-0.35622	0.40512	0.07266	-0.00047	-0.41159	0.44419	5.68493	51.00206
19557	1.00000	-0.00047	-0.09995	0.07084	-0.09146	-0.00047	-0.11569	0.11643	0.44485	59.16180
19577	1.00000	-0.18098	0.15147	0.19416	-0.00301	-0.18098	0.07042	0.21584	1.49103	55.63646
19597	1.00000	0.09946	0.31265	0.36782	0.22283	0.09946	0.41844	0.34093	2.55408	54.92530
19617	1.00000	0.38474	-0.10801	0.29185	0.26890	0.38474	0.09740	0.21739	3.61252	54.92530
19637	1.00000	0.40891	-0.63666	0.50028	0.40737	0.40891	-0.49906	0.46511	4.65103	55.34998
19657	1.00000	-0.33570	0.30620	0.32245	0.18501	-0.33570	0.15975	0.29209	5.52540	51.39641
19677	1.00000	-0.07299	-0.11607	-0.02535	-0.18898	-0.07299	-0.17617	0.17804	0.34668	61.85408
19697	1.00000	0.11880	0.37228	0.43929	0.26372	0.11880	0.49846	0.42380	1.41126	56.07225
19717	1.00000	0.01404	-0.26918	0.19802	0.22941	0.01404	-0.30272	0.27045	2.30711	47.68866
19737	1.00000	-0.41307	0.08701	0.34505	0.26573	-0.41307	-0.13802	0.34654	3.33334	54.78519
19757	1.00000	-0.30992	0.37067	0.33964	0.20665	-0.30992	0.24908	0.33846	4.36571	51.13284
19777	1.00000	-0.00691	0.14342	0.14512	0.07142	-0.00691	0.16161	0.07028	5.42722	59.30355
19797	1.00000	-0.06010	0.10151	0.09212	-0.04398	-0.06010	0.08252	0.11441	0.26078	58.67686
19817	1.00000	0.50723	-0.13058	0.41627	0.32278	0.50723	0.14207	0.43377	1.33150	55.92623
19837	1.00000	-0.01820	0.03865	-0.01187	-0.03681	-0.01820	0.03413	0.08287	2.40682	55.34998
19857	1.00000	0.22679	-0.31109	0.29875	0.11951	0.22679	-0.22828	0.32521	3.48674	54.64578
19877	1.00000	0.01565	-0.20955	0.22414	-0.06527	0.01565	-0.23293	0.24142	4.50684	54.92530
19897	1.00000	0.07367	-0.16765	-0.02359	-0.16638	0.07367	-0.15105	0.17345	5.56221	55.06613
19917	1.00000	-0.42757	0.59470	0.56296	0.24359	-0.42757	0.43984	0.66418	0.38196	62.86804
19937	1.00000	-0.00047	0.24012	0.27215	0.05149	-0.00047	0.27700	0.30065	1.39899	51.39610
19957	1.00000	0.42986	-0.11607	0.35571	0.26696	0.42986	0.11415	0.30434	2.46357	58.84853
19977	1.00000	0.08495	-0.08061	0.08356	0.04662	0.08495	-0.04404	0.02897	3.52662	54.92530
19997	1.00000	-0.07299	-0.32237	0.31234	0.28193	-0.07299	-0.41439	0.43352	4.57740	55.20769
20017	1.00000	0.20422	-0.11768	-0.02878	-0.20298	0.20422	-0.01798	0.19542	5.65579	54.92530
20037	1.00000	-0.05043	-0.09512	0.14446	-0.03129	-0.05043	-0.13895	0.13625	0.47553	62.18843
20057	1.00000	-0.12457	0.19338	0.08837	0.17499	-0.12457	0.15138	0.17183	1.54625	54.92530
20077	1.00000	-0.20838	0.22400	0.23723	0.07921	-0.20838	0.13835	0.22440	2.64458	55.49300
20097	1.00000	0.09946	0.29169	0.33627	0.22851	0.09946	0.39424	0.31117	3.69689	54.92530
20117	1.00000	0.53301	-0.12091	0.52743	0.18484	0.53301	0.16812	0.45946	4.72159	55.78128
20137	1.00000	0.18327	-0.15798	0.19159	0.05240	0.18327	-0.07660	0.13465	5.79998	58.39924
20157	1.00000	0.05111	0.05316	0.00175	-0.10426	0.05111	0.09089	0.08971	0.62433	62.02080
20177	1.00000	-0.02787	-0.27886	0.32031	0.11164	-0.02787	-0.33808	0.32097	1.70118	55.34998
20197	1.00000	-0.25028	0.00481	0.25417	0.13169	-0.25028	-0.13895	0.34809	2.75810	55.34998
20217	1.00000	-0.22772	0.16759	0.22216	0.07964	-0.22772	0.06204	0.21697	3.81348	54.92530
20237	1.00000	-0.05526	0.01448	0.02088	-0.05337	-0.05526	-0.01519	0.08591	4.86732	56.07256
20257	1.00000	-0.14713	0.11440	0.04285	-0.14844	-0.14713	0.04716	0.15419	5.96105	58.99943
20277	1.00000	0.08657	0.03221	0.12282	-0.00231	0.08657	0.08717	0.11358	0.73784	58.67686
20297	1.00000	0.06884	-0.05483	0.06713	0.02805	0.06884	-0.02356	0.03095	1.81777	54.92530
20317	1.00000	0.10752	-0.13702	0.13804	0.04179	0.10752	-0.09615	0.15511	2.91456	55.49300
20337	1.00000	-0.07944	-0.32076	0.40698	0.11799	-0.07944	-0.41625	0.44957	3.96534	55.06613
20357	1.00000	-0.01981	-0.08223	0.05056	-0.09566	-0.01981	-0.10638	0.12289	4.97930	55.49300
20377	1.00000	-0.15519	0.09023	0.15137	-0.03715	-0.15519	0.01459	0.14093	6.06843	58.99943
20397	1.00000	0.03338	0.19660	0.20033	0.14707	0.03338	0.24629	0.19727	0.85750	55.63661
20417	1.00000	0.04144	-0.00486	0.02761	0.03591	0.04144	0.01831	0.06275	1.93435	55.49300
20437	1.00000	0.20745	-0.01131	0.22926	0.04315	0.20745	0.10671	0.26877	3.01427	55.92654
20457	1.00000	0.33638	-0.47549	0.45076	0.18941	0.33638	-0.35483	0.46242	4.05431	54.09459
20477	1.00000	-0.41307	0.05638	0.43825	0.09273	-0.41307	-0.17338	0.47317	5.01152	53.82404
20497	1.00000	-0.16486	0.19177	0.16009	0.13222	-0.16486	0.12625	0.13374	6.10218	54.92530
20517	1.00000	-0.15680	0.07572	0.14822	-0.05121	-0.15680	-0.00309	0.28725	0.92499	74.54132
20537	1.00000	0.00437	0.21111	0.22821	0.09271	0.00437	0.24629	0.22526	1.98804	59.15110
20557	1.00000	0.15426	-0.06450	0.06699	0.13970	0.15426	0.01459	0.34028	3.07103	59.61082
20577	1.00000	-0.02625	0.31909	0.04799	-0.35099	-0.02625	0.35330	0.35639	4.09573	39.53509
20597	1.00000	-0.13746	-0.41746	0.49553	0.29750	-0.13746	-0.56141	0.48473	5.12963	54.64457
20617	1.00000	0.13975	-0.10801	-0.00943	-0.14622	0.13975	-0.04404	0.18763	6.21569	54.50708
20637	1.00000	-0.46464	0.12408	0.39094	0.28048	-0.46464	-0.12499	0.46312	1.03390	55.92638
20657	1.00000	-0.13424	0.18532	0.11792	0.15079	-0.13424	0.13649	0.23041	2.10922	54.78488
20677	1.00000	-0.19387	0.16598	0.20936	-0.01018	-0.19387	0.07972	0.23081	3.20602	55.49300
20697	1.00000	0.05433	0.29653	0.37511	0.04399	0.05433	0.37377	0.40977	4.23225	54.23180
20717	1.00000	-0.12457	0.20950	-0.08221	-0.19403	-0.12457	0.16999	0.21261	5.26002	54.23180
20737	1.00000	0.16876	-0.21761	0.20704	0.09631	0.16876	-0.15384	0.32630	0.08130	59.30355
20757	1.00000	-0.05043	-0.24501	0.24387	0.20103	-0.05043	-0.31203	0.25427	1.14435	54.64548
20777	1.00000	0.23001	-0.11446	-0.04445	-0.22566	0.23001	0.00063	0.22111	2.23041	54.78519
20797	1.00000	-0.30186	0.02254	0.29698	0.15778	-0.30186	-0.14825	0.24828	3.32567	56.07256
20817	1.00000	-0.48398	0.48027	0.55476	0.04605	-0.48398	0.27514	0.65336	4.34270	55.20769
20837	1.00000	-0.11329	0.09023	0.01847	-0.11830	-0.11329	0.03878	0.11612	5.37353	54.50708
20857	1.00000	-0.03754	0.05961	0.02201	-0.05610	-0.03754	0.04716	0.11245	0.20402	57.88607
20877	1.00000	-0.07299	0.11602	-0.02463	-0.11468	-0.07299	0.09182	0.11309	1.28701	55.49269
20897	1.00000	0.25257	-0.37556	0.31461	0.21831	0.25257	-0.28783	0.35517	2.36080	55.34937
20917	1.00000	-0.06332	-0.17087	0.18239	0.15946	-0.06332	-0.23386	0.17123	3.42845	55.49300
20937	1.00000	-0.40178	0.10151	0.32274	0.26536	-0.40178	-0.11476	0.33055	4.47309	51.39641
20957	1.00000	-0.15036	0.20466	0.13572	0.16290	-0.15036	0.14951	0.14490	5.53460	54.50708
20977	1.00000	-0.16003	0.11440	0.16453	-0.01047	-0.16003	0.03971	0.16066	0.35742	58.67686
20997	1.00000	0.06239	0.25624	0.26649	0.20739	0.06239	0.33190	0.24845	1.42660	55.49300
21017	1.00000	-0.17776	0.05477	-0.06452	-0.17024	-0.17776	-0.03938	0.18866	2.51266	53.95927
21037	1.00000	0.21712	-0.02743	0.22716	0.06566	0.21712	0.09368	0.22655	3.58491	55.49300
21057	1.00000	0.21712	-0.29175	0.30047	0.04008	0.21712	-0.21153	0.33762	4.60501	55.49177
21077	1.00000	0.15426	-0.13702	0.05443	-0.16004	0.15426	-0.06916	0.16207	5.66192	54.92530
21097	1.00000	-0.07783	-0.08061	0.15837	-0.00493	-0.07783	-0.13802	0.21043	0.47860	58.67686
21117	1.00000	-0.00047	-0.07900	0.04623	-0.07895	-0.00047	-0.09149	0.09310	1.58000	55.49269
21137	1.00000	-0.30347	0.30781	0.33831	0.10057	-0.30347	0.18022	0.33580	2.64458	54.92530
21157	1.00000	0.07528	0.23206	0.25420	0.19503	0.07528	0.31143	0.23451	3.69689	55.49300
21177	1.00000	0.33961	-0.11607	0.26063	0.22635	0.33961	0.06204	0.32996	4.74767	51.52922
21197	1.00000	-0.02464	0.09345	-0.01608	-0.09552	-0.02464	0.09368	0.15004	5.82759	58.40045
21217	1.00000	0.21550	-0.27563	0.25573	0.13646	0.21550	-0.19385	0.24338	0.65501	57.88607
21237	1.00000	-0.07944	-0.27080	0.29085	0.22422	-0.07944	-0.35855	0.30473	1.71806	54.78488
21257	1.00000	0.17843	-0.08706	-0.04632	-0.17233	0.17843	0.00249	0.18763	2.79645	55.49239
21277	1.00000	-0.22933	0.01770	0.25438	0.02028	-0.22933	-0.11196	0.28609	3.85643	51.13284
21297	1.00000	-0.10845	-0.03549	-0.00300	-0.14993	-0.10845	-0.10359	0.14863	4.87652	56.07256
21317	1.00000	0.12364	-0.00809	0.09055	0.10457	0.12364	0.06204	0.34956	5.92884	51.39641
21337	1.00000	0.08495	0.04188	0.12777	-0.01944	0.08495	0.09740	0.10696	0.73784	42.25838
21357	1.00000	0.22356	-0.34010	0.28608	0.19401	0.22356	-0.26364	0.31537	1.78862	54.92499
21377	1.00000	-0.10523	-0.27080	0.29646	0.25027	-0.10523	-0.37344	0.33910	2.85781	55.49300
21397	1.00000	-0.05526	0.00803	0.04494	0.03933	-0.05526	-0.02263	0.00555	3.90858	51.66271
21417	1.00000	1.77726	-1.06699	1.06166	-1.44005	1.77726	-0.20595	1.80629	4.94555	55.49300
21437	1.00000	0.19455	-0.18215	0.21780	0.00375	0.19455	-0.09801	0.23047	5.76623	51.00206
21457	1.00000	0.06884	-0.11124	0.09784	-0.05508	0.06884	-0.08870	0.11468	0.54150	62.69678
21477	1.00000	-0.20193	0.01609	0.21881	0.05000	-0.20193	-0.09801	0.22966	1.59534	56.07256
21497	1.00000	-0.35182	0.44642	0.39343	0.25794	-0.35182	0.31236	0.40489	2.65379	59.61082
21517	1.00000	0.03016	0.07572	0.07743	0.07685	0.03016	0.10485	0.01658	3.71070	54.92469
21537	1.00000	0.08012	0.08539	0.12373	-0.10997	0.08012	0.14486	0.17812	4.69245	51.00206
21557	1.00000	0.21389	-0.29820	0.27641	0.13460	0.21389	-0.22084	0.25484	5.78004	59.45679
21577	1.00000	0.04950	-0.03387	0.03790	-0.03354	0.04950	-0.01054	0.05974	0.59212	41.91200
21597	1.00000	0.10591	-0.12091	0.07485	-0.10849	0.10591	-0.07847	0.13774	1.67204	54.92499
21617	1.00000	-0.38889	0.08862	0.36198	0.18746	-0.38889	-0.12220	0.45001	2.73969	55.92654
21637	1.00000	-0.26801	0.36583	0.30678	0.22214	-0.26801	0.26769	0.26395	3.79353	50.10444
21657	1.00000	0.11397	0.45125	0.57233	0.17262	0.11397	0.58686	0.57349	4.81670	55.49300
21677	1.00000	0.20100	0.02898	0.24900	0.02725	0.20100	0.14951	0.24100	5.88128	55.49300
21697	1.00000	0.19133	-0.19505	0.17730	0.13541	0.19133	-0.11476	0.14519	0.67802	61.19606
21717	1.00000	0.07367	-0.03549	0.06165	-0.04035	0.07367	0.00156	0.08473	1.76868	57.95914
21737	1.00000	-0.09717	-0.27080	0.33495	0.18233	-0.09717	-0.36879	0.36626	2.83940	57.52444
21757	1.00000	-0.49688	0.09184	0.49906	0.17468	-0.49688	-0.18082	0.46179	3.87023	51.39641
21777	1.00000	-0.22288	0.19177	0.23669	-0.04743	-0.22288	0.09275	0.25830	4.89800	54.64578
21797	1.00000	-0.05365	0.14180	0.13551	-0.04624	-0.05365	0.13276	0.14569	5.96872	53.82404
21817	1.00000	0.15104	-0.00809	0.14205	0.09325	0.15104	0.07786	0.14868	0.76546	37.21258
21837	1.00000	-1.76369	0.78488	1.01011	-1.44994	-1.76369	-0.11196	1.82212	1.83004	59.76566
21857	1.00000	-0.47270	0.46737	0.46642	0.27756	-0.47270	0.26676	0.51063	2.66606	47.07883
21877	1.00000	0.14942	0.39484	0.48877	0.27818	0.14942	0.54220	0.46567	3.68769	54.36909
21897	1.00000	0.25741	-0.03549	0.27847	0.01700	0.25741	0.10764	0.31195	4.70625	55.49300
21917	1.00000	0.09785	-0.06450	0.09395	-0.03273	0.09785	-0.01798	0.11493	5.76623	54.92530
21937	1.00000	0.04144	-0.12574	0.12544	0.02622	0.04144	-0.12127	0.09551	0.57524	62.18835
21957	1.00000	0.08657	-0.16281	0.14086	-0.08186	0.08657	-0.13802	0.16967	1.67204	55.49269
21977	1.00000	-0.39050	0.08217	0.36903	0.18266	-0.39050	-0.13057	0.45751	2.73969	56.07256
21997	1.00000	-0.29863	0.35616	0.36746	0.10582	-0.29863	0.23885	0.38730	3.77206	50.48558
22017	1.00000	-0.07622	0.13052	0.08755	-0.09762	-0.07622	0.10671	0.14392	4.78755	70.61702
22037	1.00000	-0.04721	0.14019	0.01770	-0.14155	-0.04721	0.13463	0.13157	5.85521	54.50708
22057	1.00000	0.11719	-0.05966	0.11654	0.01235	0.11719	-0.00123	0.08942	0.67649	57.26862
22077	1.00000	0.05917	-0.01292	0.03918	-0.04833	0.05917	0.01924	0.07252	1.76101	55.20769
22097	1.00000	-0.06171	-0.27080	0.31852	0.15384	-0.06171	-0.34832	0.35674	2.83633	55.49300
22117	1.00000	-0.63871	0.16114	0.59084	0.30358	-0.63871	-0.18268	0.62507	3.88251	55.49300
22137	1.00000	-0.25834	0.23690	0.28441	-0.03617	-0.25834	0.12439	0.31981	4.89800	55.34998
22157	1.00000	-0.09395	0.13536	0.10998	-0.08451	-0.09395	0.10206	0.14277	5.96412	74.54025
22177	1.00000	0.21389	-0.01292	0.21210	0.11203	0.21389	0.10857	0.15053	0.75472	58.51698
22197	1.00000	0.04305	-0.03226	0.04132	0.01732	0.04305	-0.01240	0.04012	1.83004	53.68918
22217	1.00000	0.19133	-0.28691	0.25798	0.13718	0.19133	-0.22084	0.27131	2.92070	53.68948
22237	1.00000	-0.16970	-0.39490	0.50592	0.28230	-0.16970	-0.55396	0.51540	3.96841	54.23120
22257	1.00000	-0.13746	-0.04354	0.17941	-0.05926	-0.13746	-0.12964	0.20602	4.99157	55.34998
22277	1.00000	-0.16486	0.13697	0.17638	0.00538	-0.16486	0.06298	0.16010	6.06843	58.84853
22297	1.00000	-0.01497	0.05961	0.05564	0.02737	-0.01497	0.06018	0.04284	0.87437	56.21920
22317	1.00000	-0.02625	0.19338	0.20920	0.01550	-0.02625	0.20814	0.18557	1.97423	55.49300
22337	1.00000	0.49272	-0.07900	0.44438	0.28742	0.49272	0.19325	0.28448	3.03882	55.49239
22357	1.00000	0.36862	-0.39006	0.41029	0.15482	0.36862	-0.23759	0.40050	4.06965	51.26429
22377	1.00000	-0.00208	-0.29820	0.34504	0.01850	-0.00208	-0.34553	0.37422	5.09895	54.36909
22397	1.00000	-0.15358	-0.03710	0.20208	-0.00608	-0.15358	-0.13151	0.17533	6.16814	56.07256
22417	1.00000	-0.25028	0.24495	0.23917	0.15676	-0.25028	0.13835	0.21584	0.96027	54.92514
22437	1.00000	-0.08750	-0.10157	-0.02479	-0.18759	-0.08750	-0.16780	0.19833	2.04173	55.63646
22457	1.00000	0.08818	0.26913	0.33072	0.17083	0.08818	0.36167	0.32305	3.11858	54.92469
22477	1.00000	0.67968	-0.15153	0.66887	0.24871	0.67968	0.21744	0.59721	4.15249	51.66271
22497	1.00000	0.09463	-0.05966	0.08337	-0.04698	0.09463	-0.01426	0.10800	5.17872	55.49300
22517	1.00000	0.02693	-0.17570	0.18869	0.01477	0.02693	-0.18734	0.17103	6.26938	54.36909
22537	1.00000	-0.06977	-0.01453	0.07744	0.04611	-0.06977	-0.05706	0.04066	1.06458	55.49285
22557	1.00000	-0.11973	-0.03871	0.16395	-0.02035	-0.11973	-0.11383	0.20854	2.16138	57.81351
22577	1.00000	-0.18259	0.14019	0.19005	-0.02004	-0.18259	0.05646	0.19418	3.20142	56.21873
22597	1.00000	0.02532	0.24657	0.30030	0.00691	0.02532	0.29933	0.36000	4.22919	54.64578
22617	1.00000	-0.07783	0.14342	-0.05483	-0.13270	-0.07783	0.12067	0.15479	5.26002	54.64578
22637	1.00000	0.15426	-0.18538	0.18457	0.07313	0.15426	-0.12499	0.14893	0.07363	54.64578
22657	1.00000	-0.05204	-0.18215	0.14742	0.19686	-0.05204	-0.24038	0.42490	1.16736	56.07225
22677	1.00000	0.01082	-0.24017	0.26640	0.05130	0.01082	-0.27108	0.23300	2.26109	54.36909
22697	1.00000	-0.45336	0.05316	0.44382	0.22062	-0.45336	-0.20036	0.35924	3.32567	51.00206
22717	1.00000	-0.42757	0.60598	0.53134	0.32483	-0.42757	0.45287	0.50397	4.35344	51.00206
22737	1.00000	0.07851	0.36261	0.43386	0.18226	0.07851	0.46403	0.37902	5.40268	54.92530
22757	1.00000	-0.03431	0.03221	0.00369	-0.03828	-0.03431	0.01738	0.11076	0.21629	62.86806
22777	1.00000	0.25257	-0.03387	0.22358	0.15869	0.25257	0.10671	0.23249	1.33150	56.21935
22797	1.00000	0.13008	0.19338	0.18538	-0.26757	0.13008	0.29840	0.35760	2.37920	42.71857
22817	1.00000	-0.09233	-0.34171	0.38426	0.24793	-0.09233	-0.44788	0.36785	3.42078	51.52922
22837	1.00000	-0.62904	0.16437	0.61065	0.22977	-0.62904	-0.17338	0.62804	4.43474	52.06614
22857	1.00000	-0.11490	-0.00809	0.04361	-0.13048	-0.11490	-0.07567	0.13357	5.47171	55.63553
22877	1.00000	-0.07944	0.13213	0.12475	-0.04619	-0.07944	0.10671	0.11935	0.27612	37.61808
22897	1.00000	0.18972	-0.04354	0.13377	0.14698	0.18972	0.05925	0.09803	1.34223	58.84853
22917	1.00000	0.03016	0.08539	0.09168	-0.07722	0.03016	0.11602	0.11524	2.43903	53.95868
22937	1.00000	0.34928	-0.44647	0.42774	0.19373	0.34928	-0.31389	0.44768	3.49441	55.20769
22957	1.00000	-0.30992	0.04027	0.28201	0.18455	-0.30992	-0.13244	0.21768	4.46849	51.52922
22977	1.00000	-0.07299	0.24334	0.24076	-0.06637	-0.07299	0.23884	0.27431	5.37507	50.48558
22997	1.00000	-0.00047	0.09023	0.06036	-0.08458	-0.00047	0.10392	0.10719	0.16414	41.79785
23017	1.00000	0.32994	-0.47226	0.35715	0.32738	0.32994	-0.35483	0.38469	1.23179	54.92499
23037	1.00000	-0.00047	-0.08706	0.07879	0.06286	-0.00047	-0.10080	0.28149	2.30864	60.07775
23057	1.00000	-0.05204	-0.24501	0.30757	0.07773	-0.05204	-0.31296	0.32580	3.39623	54.50648
23077	1.00000	-0.34376	0.35133	0.35915	0.17914	-0.34376	0.20721	0.29204	4.36571	51.00206
23097	1.00000	-0.05204	0.13375	0.13463	0.00717	-0.05204	0.12439	0.09465	5.42262	55.49300
23117	1.00000	-0.15519	0.08056	0.01103	-0.15484	-0.15519	0.00342	0.15165	0.25464	41.45894
23137	1.00000	0.30737	-0.06450	0.28049	0.16245	0.30737	0.10299	0.27895	1.31769	54.64548
23157	1.00000	0.12686	-0.11446	0.12827	0.05578	0.12686	-0.05892	0.09818	2.38074	54.92530
23177	1.00000	0.04466	0.04349	-0.01437	-0.08697	0.04466	0.07600	0.09170	3.46066	51.52860
23197	1.00000	0.26063	-0.38523	0.13841	-0.36799	0.26063	-0.29435	0.43792	4.44241	39.33295
23217	1.00000	-0.15680	0.07895	0.13137	-0.08559	-0.15680	0.00063	0.17759	5.47785	54.23059
23237	1.00000	-0.06655	0.05316	0.05384	-0.04536	-0.06655	0.02296	0.11429	0.29913	58.04252
23257	1.00000	-0.05688	0.10151	0.08730	-0.05226	-0.05688	0.08438	0.11938	1.38825	54.92530
23277	1.00000	0.24613	-0.04032	0.23591	0.11854	0.24613	0.09554	0.20822	2.45897	55.63677
23297	1.00000	0.20745	-0.22889	0.21712	0.12954	0.20745	-0.14453	0.15392	3.52355	54.36909
23317	1.00000	-0.10200	-0.21439	0.22573	0.23097	-0.10200	-0.30644	0.23058	4.56359	55.49300
23337	1.00000	0.23968	-0.13380	-0.03862	-0.23709	0.23968	-0.01612	0.23122	5.64812	55.49300
23357	1.00000	-0.08589	-0.06450	0.14705	-0.03379	-0.08589	-0.12406	0.14641	0.45866	62.18843
23377	1.00000	-0.28252	0.28847	0.28224	0.17042	-0.28252	0.16999	0.23795	1.52631	54.78488
23397	1.00000	-0.07138	-0.09190	-0.02722	-0.16141	-0.07138	-0.14732	0.16995	2.61237	55.49239
23417	1.00000	0.08012	0.26752	0.34170	0.12561	0.08012	0.35516	0.33621	3.67849	51.52922
23437	1.00000	0.10591	0.02415	0.12864	-0.05093	0.10591	0.08903	0.16248	4.69245	55.49300
23457	1.00000	0.09301	-0.00809	0.05604	-0.08647	0.09301	0.04436	0.09591	5.76163	59.61082
23477	1.00000	-0.04076	-0.21439	0.22357	0.15863	-0.04076	-0.27108	0.23051	0.56911	62.18843
23497	1.00000	0.04789	-0.04193	0.00462	-0.05199	0.04789	-0.02077	0.09603	1.63983	55.34998
23517	1.00000	-0.30831	0.04832	0.30902	0.12030	-0.30831	-0.12220	0.27083	2.73509	55.20769
23537	1.00000	-0.44852	0.50283	0.51594	0.19592	-0.44852	0.32166	0.48485	3.79047	55.34998
23557	1.00000	0.05111	0.35294	0.43504	0.06581	0.05111	0.43705	0.44340	4.81210	54.09520
23577	1.00000	0.22679	-0.00970	0.24394	0.07906	0.22679	0.11974	0.23966	5.88435	56.07256
23597	1.00000	-0.00691	0.07250	0.01011	-0.07938	-0.00691	0.07972	0.14019	0.68876	57.42175
23617	1.00000	0.18811	-0.27241	0.25019	0.12329	0.18811	-0.20595	0.25234	1.78555	54.64578
23637	1.00000	-0.06816	-0.29175	0.32829	0.19598	-0.06816	-0.37623	0.30059	2.85167	55.49300
23657	1.00000	-0.35182	0.09023	0.27587	0.23967	-0.35182	-0.09894	0.23284	3.89785	54.36849
23677	1.00000	-0.14069	0.05477	0.13995	-0.02294	-0.14069	-0.01798	0.08232	4.94862	55.06491
23697	1.00000	-0.09556	-0.09351	-0.02045	-0.18796	-0.09556	-0.16314	0.19672	6.04849	59.45679
23717	1.00000	0.02371	0.19177	0.21797	0.09127	0.02371	0.23512	0.23007	0.83909	55.63661
23737	1.00000	0.23807	-0.02743	0.21357	0.14915	0.23807	0.10578	0.17453	1.90520	54.50708
23757	1.00000	0.10107	0.04027	0.14189	-0.03277	0.10107	0.10485	0.15402	3.00660	55.49300
23777	1.00000	0.18811	-0.24823	0.25642	0.03646	0.18811	-0.17803	0.28634	4.04204	51.52922
23797	1.00000	0.11397	-0.10157	0.01046	-0.12461	0.11397	-0.05148	0.14231	5.06367	55.49300
23817	1.00000	-0.04237	-0.11768	0.12481	-0.10922	-0.04237	-0.16035	0.15796	6.15893	59.60958
23837	1.00000	-0.22772	0.23528	0.25627	0.07636	-0.22772	0.14021	0.25830	0.92959	55.20754
23857	1.00000	-0.27285	0.50122	0.35065	-0.35905	-0.27285	0.42123	0.49763	1.89753	27.11590
23877	1.00000	0.17521	-0.24017	0.23318	0.08577	0.17521	-0.17617	0.27195	2.91610	51.26429
23897	1.00000	-0.16486	-0.38201	0.48498	0.28204	-0.16486	-0.53628	0.51880	3.96994	55.63615
23917	1.00000	-0.04076	-0.07094	0.07177	-0.08734	-0.04076	-0.10545	0.11740	4.98851	55.34998
23937	1.00000	-0.15519	0.07572	0.14301	-0.06029	-0.15519	-0.00216	0.16208	6.06536	55.49300
23957	1.00000	0.05111	0.18854	0.17213	0.18466	0.05111	0.24722	0.18872	0.86823	54.92514
23977	1.00000	-0.15036	0.06283	-0.03233	-0.14753	-0.15036	-0.01426	0.14904	1.95276	54.78519
23997	1.00000	0.28158	-0.03387	0.29386	0.09044	0.28158	0.12346	0.34374	3.01887	55.63677
24017	1.00000	0.41213	-0.49966	0.50575	0.17024	0.41213	-0.33901	0.57913	4.05891	54.92469
24037	1.00000	0.07206	-0.20310	0.17948	-0.10096	0.07206	-0.19292	0.22828	5.08821	49.48339
24057	1.00000	-0.13424	-0.04516	0.18611	-0.01364	-0.13424	-0.12964	0.16360	6.16967	60.07775
24077	1.00000	-0.12618	0.08862	0.12070	0.04712	-0.12618	0.02948	0.08315	0.96641	55.63661
24097	1.00000	-0.12135	0.01609	0.08753	-0.09855	-0.12135	-0.05148	0.12936	2.05860	54.92530
24117	1.00000	-0.05204	0.10312	0.08730	-0.05488	-0.05204	0.08903	0.11228	3.10018	54.36909
24137	1.00000	0.16554	-0.01131	0.18473	-0.00922	0.16554	0.08252	0.21887	4.12948	50.87196
24157	1.00000	0.06884	0.03865	-0.01233	-0.10819	0.06884	0.08438	0.11450	5.16645	55.34998
24177	1.00000	0.00115	-0.16926	0.19158	0.03512	0.00115	-0.19478	0.18664	6.26478	57.52444
24197	1.00000	-0.23094	0.03060	0.18291	0.17170	-0.23094	-0.09801	0.16966	1.05845	54.92514
24217	1.00000	-0.44691	0.14342	0.39001	-0.23697	-0.44691	-0.09242	0.45797	2.04326	39.63786
24237	1.00000	0.44598	-0.06127	0.41606	0.24629	0.44598	0.18674	0.44729	3.04035	51.39580
24257	1.00000	0.33316	-0.50611	0.39731	0.32684	0.33316	-0.39205	0.56160	4.07579	55.49300
24277	1.00000	-0.06332	-0.39973	0.47834	0.15264	-0.06332	-0.49813	0.46319	5.11736	55.49177
24297	1.00000	-0.13263	-0.05966	0.19509	0.02616	-0.13263	-0.14546	0.15068	6.19421	55.63677
24317	1.00000	-0.03754	-0.05805	0.08268	-0.04939	-0.03754	-0.08870	0.11491	1.01089	56.07241
24337	1.00000	-0.13907	0.14342	0.09182	-0.13486	-0.13907	0.08531	0.16922	1.95583	51.00176
24357	1.00000	0.15426	0.00964	0.18383	0.00634	0.15426	0.10020	0.18722	3.00967	54.23180
24377	1.00000	0.18166	-0.25629	0.25869	0.05082	0.18166	-0.19106	0.28508	4.04357	51.52922
24397	1.00000	0.12686	-0.10479	0.00265	-0.13552	0.12686	-0.04776	0.14659	5.06520	55.06613
24417	1.00000	-0.04882	-0.11768	0.14254	-0.09478	-0.04882	-0.16407	0.15663	6.16200	55.92654
24437	1.00000	-0.13102	0.06283	0.12983	0.01776	-0.13102	-0.00309	0.08703	0.96794	55.06598
24457	1.00000	-0.12457	0.02737	0.08895	-0.09606	-0.12457	-0.04031	0.12533	2.05860	54.92499
24477	1.00000	-0.04237	0.10151	0.09208	-0.04379	-0.04237	0.09275	0.11400	3.10171	55.06613
24497	1.00000	0.14459	-0.01131	0.16056	-0.00925	0.14459	0.07042	0.20062	4.13408	50.74251
24517	1.00000	0.07367	0.04994	-0.02440	-0.12195	0.07367	0.10020	0.11578	5.16338	54.92530
24537	1.00000	-0.44852	0.02093	0.44843	0.23492	-0.44852	-0.23479	0.34761	6.18961	50.10504
24557	1.00000	-0.13424	0.20305	0.08922	0.18625	-0.13424	0.15696	0.27990	0.97561	55.49285
24577	1.00000	-0.17292	0.13858	0.18292	-0.00748	-0.17292	0.06018	0.20278	2.07087	58.84853
24597	1.00000	0.09140	0.31103	0.35808	0.22313	0.09140	0.41192	0.30634	3.12779	55.49239
24617	1.00000	0.56847	-0.18538	0.47767	0.32858	0.56847	0.11415	0.63189	4.16476	51.52922
24637	1.00000	0.23323	-0.26757	0.25282	0.14445	0.23323	-0.17431	0.15975	5.22781	54.92530
24657	1.00000	0.04144	0.06928	-0.02346	-0.10939	0.04144	0.10392	0.09625	0.05522	55.49300
24677	1.00000	-0.01820	-0.22889	0.26745	0.06573	-0.01820	-0.27481	0.30859	1.11981	55.49285
24697	1.00000	-0.40501	0.09023	0.37407	0.20221	-0.40501	-0.12964	0.28949	2.17672	59.45679
24717	1.00000	-0.21805	0.20466	0.21805	0.11043	-0.21805	0.11043	0.13518	3.24590	54.78519
24737	1.00000	-0.05204	0.01770	0.02530	-0.04648	-0.05204	-0.00961	0.07003	4.29668	55.34998
24757	1.00000	-0.18420	0.06928	-0.06980	-0.17249	-0.18420	-0.02636	0.17902	5.35973	58.84853
24777	1.00000	0.04627	0.08862	0.12440	-0.05757	0.04627	0.12904	0.14350	0.17181	63.21350
24797	1.00000	0.17843	-0.19505	0.16917	0.13473	0.17843	-0.12220	0.14436	1.24713	54.78488
24817	1.00000	0.05111	-0.01131	0.03438	-0.04124	0.05111	0.01645	0.05293	2.33932	55.49300
24837	1.00000	-0.09878	-0.31431	0.39178	0.18062	-0.09878	-0.41997	0.38359	3.40084	54.36909
24857	1.00000	-0.00047	-0.11124	0.02692	-0.12586	-0.00047	-0.12871	0.13874	4.39486	50.10504
24877	1.00000	-0.10200	-0.10157	-0.04883	-0.19761	-0.10200	-0.17617	0.21042	5.46404	56.07132
24897	1.00000	0.02049	0.19821	0.22213	0.09496	0.02049	0.24071	0.20260	0.27305	58.35797
24917	1.00000	-0.09556	0.00481	-0.06614	-0.08495	-0.09556	-0.04962	0.11172	1.37291	56.07225
24937	1.00000	-0.02142	0.09990	0.03381	-0.09960	-0.02142	0.10299	0.10469	2.43136	54.92530
24957	1.00000	0.31704	-0.34816	0.37023	0.10673	0.31704	-0.21897	0.42508	3.49441	54.92530
24977	1.00000	-0.02948	-0.32237	0.39027	-0.00882	-0.02948	-0.38926	0.42190	4.51911	50.61372
24997	1.00000	0.05917	-0.15153	-0.01037	-0.15237	0.05917	-0.14081	0.15070	5.56221	55.06613
25017	1.00000	-0.22288	0.14180	0.22400	0.02683	-0.22288	0.03506	0.20200	0.38196	62.02080
25037	1.00000	-0.09878	-0.07578	0.00184	-0.17506	-0.09878	-0.14453	0.17130	1.47262	55.49300
25057	1.00000	0.07367	0.29975	0.34738	0.18916	0.07367	0.38866	0.28285	2.55254	58.84853
25077	1.00000	0.23323	-0.10479	0.12260	0.19887	0.23323	0.01366	0.39387	3.62326	55.63677
25097	1.00000	0.11397	-0.14508	0.11030	0.10568	0.11397	-0.10173	0.08820	4.66637	50.23125
25117	1.00000	0.05594	0.04188	-0.00116	-0.09815	0.05594	0.08066	0.08705	5.75550	58.84853
25137	1.00000	-0.02948	-0.20310	0.21353	0.13616	-0.02948	-0.25154	0.21273	0.56757	62.02080
25157	1.00000	-0.11812	0.00320	0.10440	0.08492	-0.11812	-0.06451	0.04951	1.63522	54.92530
25177	1.00000	-0.27124	0.01125	0.29897	0.06934	-0.27124	-0.14360	0.27679	2.73355	55.63677
25197	1.00000	-0.43885	0.58019	0.53092	0.29013	-0.43885	0.41658	0.46603	3.78433	54.92530
25217	1.00000	0.03660	0.34005	0.41378	0.03660	0.03660	0.41378	0.44369	4.80750	55.06613
25237	1.00000	0.01726	0.09184	0.07346	-0.09143	0.01726	0.11602	0.12802	5.85981	58.99943
25257	1.00000	0.17199	-0.16765	0.16037	0.11290	0.17199	-0.09428	0.11165	0.68109	58.04252
25277	1.00000	0.06884	-0.03710	0.06058	-0.03283	0.06884	-0.00309	0.08275	1.76408	54.92530
25297	1.00000	-0.10845	-0.28208	0.34785	0.20383	-0.10845	-0.38833	0.38236	2.83480	54.36909
25317	1.00000	-0.57263	0.15792	0.50409	0.30940	-0.57263	-0.14825	0.46500	3.88097	56.07194
25337	1.00000	-0.30669	0.33038	0.36838	0.01088	-0.30669	0.20442	0.40020	4.90720	51.52922
25357	1.00000	-0.06655	0.13697	0.12422	-0.05775	-0.06655	0.11974	0.13974	5.96258	54.36909
25377	1.00000	0.29448	-0.07900	0.25279	0.17034	0.29448	0.07879	0.23176	0.74551	41.79796
25397	1.00000	0.25096	-0.34977	0.27620	0.23186	0.25096	-0.25899	0.23751	1.81010	53.82404
25417	1.00000	0.04466	-0.01292	0.03171	-0.03327	0.04466	0.01087	0.05688	2.90229	55.49300
25437	1.00000	-0.05849	-0.26918	0.34047	0.07899	-0.05849	-0.34460	0.38973	3.95614	54.50708
25457	1.00000	-0.04398	0.04188	0.03955	0.02996	-0.04398	0.02296	0.23824	4.96703	54.92530
25477	1.00000	-0.12779	0.01125	0.09203	-0.10749	-0.12779	-0.06079	0.12430	6.06076	58.84853
25497	1.00000	0.08012	0.26752	0.30000	0.20625	0.08012	0.35516	0.33187	0.84522	54.92514
25517	1.00000	0.25902	-0.01453	0.23372	0.17343	0.25902	0.13276	0.08800	1.91441	55.63646
25537	1.00000	0.05111	0.06283	0.09438	-0.06418	0.05111	0.10206	0.12231	3.00660	55.34998
25557	1.00000	0.24290	-0.32560	0.32891	0.07983	0.24290	-0.23572	0.37432	4.04357	50.87196
25577	1.00000	0.08173	-0.16765	0.12846	-0.10773	0.08173	-0.14639	0.18716	5.08515	56.21935
25597	1.00000	-0.11329	-0.04677	0.16346	-0.01919	-0.11329	-0.11941	0.21961	6.16200	56.07256
25617	1.00000	-0.26318	0.29492	0.27962	0.16317	-0.26318	0.18860	0.24713	0.94493	55.06598
25637	1.00000	-0.08266	-0.01292	-0.00108	-0.10372	-0.08266	-0.06265	0.16220	2.02025	56.21935
25657	1.00000	0.03338	0.19821	0.24012	0.07090	0.03338	0.24815	0.25976	3.11091	55.49300
25677	1.00000	0.43631	-0.11929	0.42729	0.14420	0.43631	0.11415	0.45541	4.14482	55.49300
25697	1.00000	0.06078	0.03865	-0.01295	-0.09941	0.06078	0.07972	0.10489	5.16798	55.92654
25717	1.00000	0.00598	-0.16926	0.18921	0.03304	0.00598	-0.19199	0.17904	6.26018	54.09520
25737	1.00000	-0.35021	0.04188	0.35173	0.15026	-0.35021	-0.15384	0.43665	1.03084	56.66420
25757	1.00000	-0.15519	0.14180	0.15791	0.06813	-0.15519	0.07414	0.11086	2.09542	54.50678
25777	1.00000	-0.08266	-0.06450	-0.00685	-0.14737	-0.08266	-0.12220	0.14516	3.18148	55.63677
25797	1.00000	0.03016	0.19338	0.24247	0.00716	0.03016	0.24071	0.27738	4.22765	50.87196
25817	1.00000	-0.11168	0.17726	-0.07650	-0.16209	-0.11168	0.14021	0.17574	5.26616	54.36909
25837	1.00000	0.20745	-0.27402	0.24769	0.14262	0.20745	-0.19664	0.21564	0.07977	54.92530
25857	1.00000	-0.06655	-0.21922	0.16412	0.24998	-0.06655	-0.29156	0.28516	1.17350	56.66436
25877	1.00000	-0.05043	-0.24984	0.29973	0.11650	-0.05043	-0.31761	0.30370	2.26722	54.50708
25897	1.00000	-0.35021	0.05638	0.32295	0.19271	-0.35021	-0.13709	0.34429	3.32107	54.92530
25917	1.00000	-0.27607	0.42547	0.32178	0.28779	-0.27607	0.33190	0.44946	4.36418	53.95927
25937	1.00000	0.03983	0.28202	0.31144	0.16167	0.03983	0.34865	0.22240	5.41495	54.92530
25957	1.00000	-0.26962	0.08378	-0.09069	-0.26066	-0.26962	-0.05892	0.27349	0.23163	60.71165
25977	1.00000	0.25902	-0.04677	0.25313	0.11017	0.25902	0.09554	0.33697	1.31616	55.49300
25997	1.00000	0.18166	-0.17893	0.18880	0.08777	0.18166	-0.10173	0.16057	2.37614	54.23180
26017	1.00000	0.03177	0.08056	-0.05221	-0.10336	0.03177	0.11136	0.12104	3.45759	55.92592
26037	1.00000	0.06884	-0.12574	0.07869	-0.09832	0.06884	-0.10545	0.13318	4.49150	55.49300
26057	1.00000	0.05272	-0.15959	0.00817	-0.16240	0.05272	-0.15384	0.15283	5.56068	55.49300
26077	1.00000	-0.15197	0.03865	0.15321	-0.03842	-0.15197	-0.04311	0.13579	0.38810	62.18843
26097	1.00000	-0.09233	-0.09834	-0.03821	-0.18683	-0.09233	-0.16687	0.19845	1.46802	55.49300
26117	1.00000	0.07528	0.29653	0.34740	0.18405	0.07528	0.38587	0.31492	2.55254	55.49300
26137	1.00000	0.38796	-0.09834	0.30894	0.25932	0.38796	0.11043	0.24142	3.61099	55.49300
26157	1.00000	0.40246	-0.60603	0.49401	0.36935	0.40246	-0.46743	0.46492	4.64950	51.52922
26177	1.00000	-0.02303	-0.19505	0.20521	0.12372	-0.02303	-0.23852	0.14397	5.71101	54.92530
26197	1.00000	0.06078	-0.12091	0.11443	-0.03904	0.06078	-0.10452	0.12877	0.54610	57.88607
26217	1.00000	-0.38083	0.05961	0.32947	0.24346	-0.38083	-0.15105	0.30742	1.62602	55.63646
26237	1.00000	0.08173	-0.16442	-0.02342	-0.16274	0.08173	-0.14267	0.17108	2.70287	55.49239
26257	1.00000	-0.29219	0.30136	0.33947	0.04759	-0.29219	0.17929	0.36607	3.77052	55.06613
26277	1.00000	0.14942	0.04510	0.17839	0.09819	0.14942	0.13835	0.22931	4.77835	55.49177
26297	1.00000	-0.02625	0.12730	0.04173	-0.12778	-0.02625	0.13183	0.11630	5.85981	55.49300
26317	1.00000	0.22356	-0.27563	0.24529	0.16004	0.22356	-0.18920	0.22804	0.65808	57.26862
26337	1.00000	-0.05204	-0.22728	0.20688	0.21319	-0.05204	-0.29249	0.32048	1.73340	54.92530
26357	1.00000	-0.05526	-0.25307	0.30781	0.11555	-0.05526	-0.32412	0.31880	2.82866	55.20769
26377	1.00000	-0.55812	0.15309	0.50660	0.27561	-0.55812	-0.14546	0.58330	3.87484	55.34998
26397	1.00000	-0.23417	0.19338	0.24137	-0.06577	-0.23417	0.08810	0.26494	4.90107	55.49300
26417	1.00000	-0.05204	0.14180	0.13843	-0.03764	-0.05204	0.13370	0.14802	5.96565	57.95794
26437	1.00000	0.36056	-0.07417	0.31548	0.21322	0.36056	0.12253	0.36032	0.75318	57.11631
26457	1.00000	-0.06332	0.09023	-0.04586	-0.08049	-0.06332	0.06763	0.11638	1.84078	55.49269
26477	1.00000	0.21228	-0.27241	0.26715	0.10272	0.21228	-0.19199	0.30319	2.92684	58.84853
26497	1.00000	-0.11490	-0.37878	0.47543	0.20219	-0.11490	-0.50372	0.46533	3.96687	51.52860
26517	1.00000	0.03177	-0.13058	-0.00011	-0.13618	0.03177	-0.13244	0.13313	4.97470	54.92530
26537	1.00000	-0.14874	0.07572	0.14100	-0.04734	-0.14874	0.00156	0.13491	6.06843	58.84853
26557	1.00000	-0.02787	0.03060	0.03296	-0.00778	-0.02787	0.01924	0.06528	0.87744	55.49285
26577	1.00000	0.04305	0.24657	0.28927	0.11830	0.04305	0.30957	0.25278	1.97884	54.36909
26597	1.00000	0.23323	-0.03387	0.20904	0.14082	0.23323	0.09554	0.22088	3.04342	55.49239
26617	1.00000	0.11074	-0.16120	0.11186	0.12117	0.11074	-0.12220	0.09035	4.09726	54.92530
26637	1.00000	0.29448	-0.60442	0.55006	-0.25060	0.29448	-0.52791	0.61938	5.07901	31.38589
26657	1.00000	-0.13263	0.11763	0.12449	0.07484	-0.13263	0.05925	0.26511	6.10678	54.92530
26677	1.00000	-0.36149	0.38195	0.39403	0.17134	-0.36149	0.23233	0.44116	0.94647	56.07241
26697	1.00000	-0.00369	0.11763	0.11333	0.07102	-0.00369	0.13370	0.04216	2.00798	58.84823
26717	1.00000	0.01404	0.17565	0.20704	0.04261	0.01404	0.21093	0.22029	3.11091	54.92530
26737	1.00000	0.41375	-0.11929	0.40367	0.13587	0.41375	0.10113	0.45769	4.14328	51.00206
26757	1.00000	0.08334	0.06283	-0.03301	-0.14289	0.08334	0.12067	0.14453	5.16338	55.49300
26777	1.00000	0.00598	-0.16281	0.18243	0.02846	0.00598	-0.18455	0.17512	6.25864	54.92530
26797	1.00000	-0.23094	0.03543	0.17781	0.17395	-0.23094	-0.09242	0.22668	1.05998	54.92514
26817	1.00000	0.06723	-0.16926	0.02209	-0.16900	0.06723	-0.15663	0.16851	2.14604	58.84853
26837	1.00000	-0.32603	0.41096	0.39671	0.17563	-0.32603	0.28630	0.38336	3.21062	55.49239
26857	1.00000	0.14942	0.43191	0.55416	0.23958	0.14942	0.58500	0.53922	4.24913	55.49300
26877	1.00000	0.15104	0.01770	0.18480	-0.01555	0.15104	0.10764	0.21798	5.28610	54.92408
26897	1.00000	0.06723	0.09345	-0.02317	-0.15971	0.06723	0.14672	0.16473	0.04602	54.92530
26917	1.00000	0.02049	-0.17248	0.18780	0.01558	0.02049	-0.18734	0.22128	1.11367	55.49285
26937	1.00000	-0.32603	0.03221	0.33020	0.14165	-0.32603	-0.15105	0.26891	2.17365	56.07256
26957	1.00000	-0.20838	0.30136	0.18842	0.24441	-0.20838	0.22768	0.25562	3.24590	54.36909
26977	1.00000	-0.05204	0.04349	0.04747	-0.02935	-0.05204	0.02017	0.05956	4.29975	52.20368
26997	1.00000	-0.63065	-0.02420	0.59544	0.44364	-0.63065	-0.39205	0.69829	5.04373	39.74055
27017	1.00000	-0.00852	0.14986	0.14399	0.08719	-0.00852	0.16812	0.10283	6.00707	55.49300
27037	1.00000	0.06239	0.24657	0.28044	0.16765	0.06239	0.32073	0.24290	0.84369	58.84838
27057	1.00000	0.10591	-0.00003	0.09933	0.07129	0.10591	0.06111	0.25906	1.91441	55.63646
27077	1.00000	0.21712	-0.03387	0.22432	0.06524	0.21712	0.08624	0.22451	3.01427	60.07775
27097	1.00000	0.32349	-0.45614	0.43592	0.17367	0.32349	-0.33994	0.45678	4.05431	54.92469
27117	1.00000	0.12041	-0.14186	0.06306	-0.13932	0.12041	-0.09428	0.16142	5.07901	55.49300
27137	1.00000	-0.15036	-0.07417	0.22649	-0.03239	-0.15036	-0.17245	0.17466	6.16354	55.49300
27157	1.00000	-0.13746	0.09184	0.13226	0.04596	-0.13746	0.02668	0.10693	0.96641	55.63661
27177	1.00000	-0.11812	-0.00970	0.06207	-0.12806	-0.11812	-0.07940	0.13399	2.05860	54.78488
27197	1.00000	0.10107	0.29492	0.36707	0.18597	0.10107	0.39890	0.34783	3.11705	54.78458
27217	1.00000	0.60071	-0.16281	0.55260	0.28402	0.60071	0.15882	0.57191	4.15862	55.92654
27237	1.00000	0.21712	-0.27886	0.28439	0.07020	0.21712	-0.19664	0.32249	5.19406	55.49300
27257	1.00000	0.02371	-0.20149	0.21839	0.02853	0.02371	-0.21897	0.18936	6.27091	54.36909
27277	1.00000	-0.13746	0.02254	0.09704	0.11101	-0.13746	-0.05334	0.05398	1.06458	54.50694
27297	1.00000	-0.16164	-0.01292	0.19286	0.02540	-0.16164	-0.10824	0.16446	2.16445	55.63677
27317	1.00000	-0.23417	0.19177	0.23944	0.07022	-0.23417	0.08624	0.16563	3.23363	55.06613
27337	1.00000	0.04627	0.11440	0.11574	0.11818	0.04627	0.15882	0.08220	4.28134	51.00206
27357	1.00000	0.20261	-0.03549	0.15581	0.15016	0.20261	0.07600	0.22506	5.34132	55.49300
27377	1.00000	0.04305	0.08701	0.11309	-0.06904	0.04305	0.12532	0.11404	0.16414	59.16180
27397	1.00000	0.20422	-0.16765	0.19824	0.09019	0.20422	-0.07567	0.17993	1.25326	54.92499
27417	1.00000	-0.20193	-0.06611	0.25932	0.10363	-0.20193	-0.19292	0.14494	2.19359	51.52860
27437	1.00000	0.05111	-0.04193	-0.04474	-0.03110	0.05111	-0.01891	0.17003	3.26124	55.06613
27457	1.00000	-0.01820	0.03221	0.03229	0.00049	-0.01820	0.02668	0.02713	4.28901	54.36909
27477	1.00000	0.20261	-0.03387	0.15236	0.15459	0.20261	0.07786	0.15500	5.35206	54.92530
27497	1.00000	0.09140	0.03865	0.13300	-0.01222	0.09140	0.09740	0.11451	0.16720	59.32522
27517	1.00000	0.32671	-0.38845	0.35030	0.22714	0.32671	-0.25992	0.25696	1.23025	54.36879
27537	1.00000	-0.04398	-0.19827	0.17227	0.19220	-0.04398	-0.25433	0.17750	2.30864	56.07256
27557	1.00000	-0.01014	-0.21439	0.24979	0.04374	-0.01014	-0.25340	0.27153	3.39317	55.34998
27577	1.00000	-0.20354	0.02898	0.21994	-0.01090	-0.20354	-0.08405	0.23071	4.41326	55.49300
27597	1.00000	-0.10200	-0.11607	-0.07096	-0.20634	-0.10200	-0.19292	0.21921	5.45637	56.07256
27617	1.00000	-0.01014	0.17243	0.18967	0.03828	-0.01014	0.19325	0.15938	0.27305	60.39292
27637	1.00000	0.13008	-0.05483	0.03945	0.12451	0.13008	0.01180	0.16866	1.36371	55.49269
27657	1.00000	0.22195	0.00481	0.25343	0.05385	0.22195	0.13370	0.23263	2.45130	55.49239
27677	1.00000	0.31060	-0.43358	0.36096	0.26351	0.31060	-0.32133	0.34533	3.50668	55.34998
27697	1.00000	-0.15519	-0.41263	0.50322	0.30209	-0.15519	-0.56606	0.51067	4.54672	51.52922
27717	1.00000	-0.26801	-0.01292	0.30249	0.09538	-0.26801	-0.16966	0.17529	5.60517	55.49300
27737	1.00000	-0.02787	-0.01131	0.03457	-0.02076	-0.02787	-0.02915	0.16818	0.40804	61.35925
27757	1.00000	-0.26157	0.29008	0.30274	0.10288	-0.26157	0.18394	0.30471	1.50637	56.21904
27777	1.00000	0.01887	0.16759	0.17068	0.11405	0.01887	0.20442	0.11672	2.56942	55.06613
27797	1.00000	-0.12779	0.03865	-0.06076	-0.11613	-0.12779	-0.02915	0.12561	3.64934	54.78458
27817	1.00000	0.10591	-0.11607	0.09353	0.08820	0.10591	-0.07288	0.08237	4.67711	70.43810
27837	1.00000	0.05111	0.05316	-0.01800	-0.10271	0.05111	0.09089	0.09593	5.74936	54.92530
27857	1.00000	0.05917	-0.15798	0.15874	0.01673	0.05917	-0.14825	0.10678	0.57064	62.69678
27877	1.00000	-0.03109	-0.02420	0.05383	0.01323	-0.03109	-0.04590	0.04361	1.64443	54.09520
27897	1.00000	-0.27929	-0.01776	0.33007	0.04581	-0.27929	-0.18175	0.28684	2.73355	55.06613
27917	1.00000	-0.41790	0.44964	0.47237	0.16950	-0.41790	0.27793	0.45420	3.78586	55.06613
27937	1.00000	0.01565	0.26268	0.31253	-0.01076	0.01565	0.31236	0.35422	4.79829	54.64578
27957	1.00000	0.19455	0.01125	0.22547	0.05206	0.19455	0.12532	0.21624	5.88588	56.07256
27977	1.00000	0.03177	0.00481	0.03552	-0.01784	0.03177	0.02389	0.06661	0.68569	57.42175
27997	1.00000	0.16715	-0.03871	0.13494	-0.11142	0.16715	0.05181	0.22851	1.78402	55.63677
28017	1.00000	-0.15519	-0.33043	0.38658	0.31080	-0.15519	-0.47115	0.44359	2.84400	55.49300
28037	1.00000	-0.23417	0.04994	0.19338	0.15311	-0.23417	-0.07753	0.16535	3.89631	54.92469
28057	1.00000	-0.37116	0.42386	0.39743	0.23556	-0.37116	0.27514	0.34189	4.94095	70.43688
28077	1.00000	0.09624	0.01448	0.10088	0.06564	0.09624	0.07228	0.06942	5.91656	55.49300
28097	1.00000	-0.09878	0.16276	-0.01843	-0.16295	-0.09878	0.13090	0.15053	0.72557	57.73046
28117	1.00000	0.15909	-0.17087	0.15926	0.10520	0.15909	-0.10545	0.11786	1.81317	54.92530
28137	1.00000	0.03016	0.02898	-0.00708	-0.05872	0.03016	0.05088	0.05534	2.89462	55.49300
28157	1.00000	-0.05688	-0.27080	0.34276	0.07166	-0.05688	-0.34553	0.37861	3.95460	50.48558
28177	1.00000	-0.20677	0.24495	0.18318	0.18950	-0.20677	0.16347	0.20278	4.97010	51.52922
28197	1.00000	-0.11329	-0.00486	0.07462	-0.11095	-0.11329	-0.07102	0.14323	6.06076	58.99943
28217	1.00000	0.07851	0.26268	0.30440	0.18717	0.07851	0.34865	0.32445	0.84062	55.34983
28237	1.00000	0.10268	-0.05644	0.09987	0.02457	0.10268	-0.00588	0.05820	1.82390	55.63646
28257	1.00000	0.13008	-0.14347	0.15733	0.01927	0.13008	-0.09056	0.19206	2.91610	55.49300
28277	1.00000	-0.06010	-0.26596	0.34223	0.05748	-0.06010	-0.34180	0.38312	3.95767	50.61372
28297	1.00000	-0.07622	0.07895	0.06630	0.06030	-0.07622	0.04716	0.16566	4.97010	51.66271
28317	1.00000	-0.12135	0.01609	0.08148	-0.10360	-0.12135	-0.05148	0.13674	6.06076	58.99943
28337	1.00000	0.01887	0.18854	0.21717	0.07386	0.01887	0.22861	0.22497	0.83449	54.23165
28357	1.00000	0.28158	-0.03387	0.26523	0.15547	0.28158	0.12346	0.13428	1.89907	55.63677
28377	1.00000	-0.11490	0.16437	-0.07986	-0.14853	-0.11490	0.12346	0.17901	2.97746	54.78519
28397	1.00000	0.20745	-0.27080	0.27762	0.05627	0.20745	-0.19292	0.32050	4.04357	51.39641
28417	1.00000	0.10268	-0.09351	0.00969	-0.11322	0.10268	-0.04869	0.12086	5.06214	54.78519
28437	1.00000	-0.09878	-0.06450	0.16007	-0.03777	-0.09878	-0.13151	0.10800	6.16200	58.69841
28457	1.00000	-0.13102	0.07250	0.12806	0.02878	-0.13102	0.00807	0.08265	0.96948	55.63661
28477	1.00000	-0.13907	0.03865	0.11186	-0.08999	-0.13907	-0.03566	0.15037	2.06014	54.78519
28497	1.00000	0.10430	0.28686	0.34562	0.21126	0.10430	0.39145	0.37708	3.12318	55.06552
28517	1.00000	0.56525	-0.18860	0.48230	0.31406	0.56525	0.10857	0.60602	4.16322	52.06738
28537	1.00000	0.22679	-0.27724	0.28937	0.05906	0.22679	-0.18920	0.33015	5.19252	55.20769
28557	1.00000	0.02049	-0.19182	0.20454	0.05041	0.02049	-0.20967	0.18247	6.27245	54.36909
28577	1.00000	-0.03754	0.00158	0.02894	0.03106	-0.03754	-0.01984	0.02382	1.07992	55.49285
28597	1.00000	-0.23578	0.02576	0.24462	0.08403	-0.23578	-0.10638	0.08825	2.16598	59.92129
28617	1.00000	-0.35827	0.41096	0.39100	0.21703	-0.35827	0.26769	0.34145	3.23363	53.82404
28637	1.00000	0.10591	0.23690	0.26448	0.23079	0.10591	0.33469	0.23540	4.27214	51.66148
28657	1.00000	0.32027	-0.04516	0.29905	0.17536	0.32027	0.13276	0.36806	5.32291	55.20769
28677	1.00000	-0.00047	0.09506	0.06949	-0.08462	-0.00047	0.10950	0.18239	0.17027	63.56275
28697	1.00000	0.36862	-0.52384	0.42770	0.32654	0.36862	-0.39205	0.48665	1.22412	55.34998
28717	1.00000	-0.04076	-0.21761	0.19371	0.19912	-0.04076	-0.27481	0.18663	2.29944	56.07256
28737	1.00000	-0.00047	-0.20149	0.23264	0.01188	-0.00047	-0.23293	0.25461	3.39317	54.36849
28757	1.00000	-0.13102	-0.00486	0.15010	-0.03513	-0.13102	-0.08126	0.18346	4.41326	54.92530
28777	1.00000	-0.09395	-0.10962	-0.05786	-0.19537	-0.09395	-0.18082	0.19647	5.46251	56.07132
28797	1.00000	0.16554	0.02415	0.19240	0.07498	0.16554	0.12346	0.17267	0.18715	41.79784
28817	1.00000	0.23001	-0.27241	0.21632	0.19785	0.23001	-0.18175	0.22793	1.24559	54.92499
28837	1.00000	0.02854	0.05316	-0.02431	-0.07928	0.02854	0.07786	0.07738	2.33165	55.49300
28857	1.00000	-0.04237	-0.25307	0.30522	0.09446	-0.04237	-0.31668	0.33364	3.39777	55.34998
28877	1.00000	-0.34054	0.06283	0.35864	0.05222	-0.34054	-0.12406	0.40792	4.42400	54.92530
28897	1.00000	-0.09878	-0.09512	-0.05103	-0.18706	-0.09878	-0.16687	0.19289	5.45944	56.21810
28917	1.00000	-0.08750	0.07411	0.07198	-0.06086	-0.08750	0.03506	0.11652	0.28839	58.67686
28937	1.00000	-0.08750	0.06928	0.02974	-0.08740	-0.08750	0.02948	0.09541	1.38212	54.92530
28957	1.00000	0.30576	-0.06288	0.27938	0.16192	0.30576	0.10392	0.32718	2.46051	56.21935
28977	1.00000	0.16071	-0.19827	0.16338	0.13292	0.16071	-0.13616	0.10268	3.52202	54.92530
28997	1.00000	-0.11168	-0.23373	0.25451	0.24391	-0.11168	-0.33436	0.27845	4.56666	55.49300
29017	1.00000	0.05917	-0.07417	0.02077	-0.07562	0.05917	-0.05148	0.11539	5.63431	54.92408
29037	1.00000	-0.00852	-0.11607	0.09316	-0.10343	-0.00852	-0.13895	0.13800	0.44639	59.16180
29057	1.00000	-0.15842	-0.03871	0.05946	-0.20023	-0.15842	-0.13616	0.21630	1.46955	51.00206
29077	1.00000	0.04305	0.19177	0.22685	0.10507	0.04305	0.24629	0.22979	2.54181	74.54086
29097	1.00000	0.39441	-0.09834	0.32854	0.24622	0.39441	0.11415	0.32948	3.60792	55.49300
29117	1.00000	0.53785	-0.78655	0.69134	0.41053	0.53785	-0.59770	0.68579	4.63569	55.49300
29137	1.00000	-0.02787	-0.23695	0.26523	0.11977	-0.02787	-0.28969	0.23769	5.69874	54.78519
29157	1.00000	0.25741	-0.11124	-0.03866	-0.25529	0.25741	0.02017	0.24130	0.52155	57.26862
29177	1.00000	-0.36310	0.05638	0.33303	0.20451	-0.36310	-0.14453	0.37588	1.61068	55.49269
29197	1.00000	-0.03592	0.07572	0.02498	0.07151	-0.03592	0.06670	0.22281	2.68907	55.49300
29217	1.00000	-0.21321	0.17243	0.22308	-0.03828	-0.21321	0.07600	0.24255	3.76132	55.49300
29237	1.00000	0.07528	0.00481	0.07555	0.04860	0.07528	0.04902	0.34113	4.76915	51.52798
29257	1.00000	-0.04721	0.14342	0.02666	-0.14373	-0.04721	0.13835	0.14419	5.85981	59.45679
29277	1.00000	0.27997	-0.40296	0.32853	0.25031	0.27997	-0.30365	0.35099	0.66115	57.57569
29297	1.00000	-0.02142	-0.16926	0.16508	0.12800	-0.02142	-0.20781	0.14857	1.72113	55.49300
29317	1.00000	0.10430	-0.11607	0.06894	-0.10758	0.10430	-0.07381	0.12052	2.80872	54.23180
29337	1.00000	-0.24061	0.01931	0.26501	0.03550	-0.24061	-0.11662	0.31853	3.85950	54.92530
29357	1.00000	-0.11329	-0.00809	0.01697	-0.13465	-0.11329	-0.07474	0.13830	4.87959	51.66271
29377	1.00000	-0.12779	0.12085	0.06201	-0.12965	-0.12779	0.06577	0.14511	5.96105	53.82404
29397	1.00000	0.14620	0.00803	0.16665	0.04874	0.14620	0.09368	0.13771	0.74551	58.04252
29417	1.00000	0.21067	-0.23534	0.21582	0.14258	0.21067	-0.15012	0.20867	1.81010	53.55559
29437	1.00000	0.02371	0.06928	-0.03827	-0.08873	0.02371	0.09368	0.09555	2.89462	54.50708
29457	1.00000	-0.02625	-0.24501	0.29889	0.01390	-0.02625	-0.29807	0.33991	3.95307	50.23125
29477	1.00000	-0.20677	0.24173	0.18367	0.18581	-0.20677	0.15975	0.19970	4.96396	55.34998
29497	1.00000	-0.25189	0.19338	0.26364	-0.00025	-0.25189	0.07786	0.23257	6.07917	55.49300
29517	1.00000	0.05111	0.26107	0.26278	0.20760	0.05111	0.33097	0.22448	0.85903	55.92638
29537	1.00000	-0.07944	0.03704	-0.01924	-0.07713	-0.07944	-0.00309	0.07949	1.93742	59.45679
29557	1.00000	0.18488	-0.00809	0.20507	0.04010	0.18488	0.09740	0.25982	3.01427	56.21935
29577	1.00000	0.38312	-0.47226	0.47869	0.15063	0.38312	-0.32412	0.53482	4.05738	51.52860
29597	1.00000	0.10268	-0.16765	0.11050	-0.12793	0.10268	-0.13430	0.17838	5.08208	54.78519
29617	1.00000	-0.12135	-0.05321	0.17740	-0.02333	-0.12135	-0.13151	0.19453	6.16200	60.07775
29637	1.00000	-0.12135	0.07089	0.11890	0.02693	-0.12135	0.01180	0.09959	0.96487	55.63661
29657	1.00000	-0.10362	-0.02259	0.04412	-0.12715	-0.10362	-0.08591	0.13756	2.05707	55.49269
29677	1.00000	0.52012	-0.08223	0.48014	0.28658	0.52012	0.20535	0.62051	3.02961	51.52860
29697	1.00000	0.22679	-0.29981	0.30686	0.06005	0.22679	-0.21525	0.34349	4.04051	55.34998
29717	1.00000	0.15265	-0.12091	0.00569	-0.16099	0.15265	-0.05148	0.16318	5.06827	55.34998
29737	1.00000	-0.10362	-0.09512	0.19026	-0.05757	-0.10362	-0.16966	0.21199	6.16660	55.49300
29757	1.00000	-0.12618	0.06283	0.12388	0.02395	-0.12618	-0.00030	0.06914	0.97101	55.63661
29777	1.00000	-0.14552	0.08862	0.14077	-0.04115	-0.14552	0.01831	0.33111	2.06167	55.49300
29797	1.00000	0.09785	0.31909	0.37209	0.22735	0.09785	0.42495	0.34295	3.12625	55.49239
29817	1.00000	0.39441	-0.08223	0.40425	0.09880	0.39441	0.13276	0.44276	4.14175	50.48558
29837	1.00000	0.24935	-0.56252	0.51686	-0.22503	0.24935	-0.50558	0.57128	5.08054	31.30582
29857	1.00000	-0.20838	0.17887	0.19256	0.11736	-0.20838	0.08624	0.16013	6.10985	59.61082
29877	1.00000	-0.29058	0.28686	0.29981	0.14580	-0.29058	0.16347	0.28641	0.94953	55.63661
29897	1.00000	-0.05526	-0.06288	-0.03810	-0.11191	-0.05526	-0.10452	0.15666	2.03099	59.45679
29917	1.00000	0.05433	0.22723	0.28198	0.09857	0.05433	0.29375	0.27421	3.10938	55.49300
29937	1.00000	0.35089	-0.09028	0.34533	0.11632	0.35089	0.09834	0.39016	4.14482	55.49300
29957	1.00000	0.07045	0.00158	0.02012	-0.07978	0.07045	0.04250	0.08014	5.16645	56.07256
29977	1.00000	-0.01658	-0.19666	0.22353	0.07945	-0.01658	-0.23665	0.20290	6.26785	55.49300
29997	1.00000	-0.43724	0.06928	0.38953	0.26298	-0.43724	-0.17245	0.38580	1.04771	54.92514
30017	1.00000	-0.13907	0.14180	0.12178	0.10710	-0.13907	0.08345	0.10422	2.11383	55.34967
30037	1.00000	-0.37600	0.42224	0.42269	0.18929	-0.37600	0.27048	0.38834	3.22136	55.49239
30057	1.00000	0.12041	0.29492	0.34556	0.25149	0.12041	0.41006	0.36503	4.26600	55.49177
30077	1.00000	0.34928	-0.06450	0.32500	0.18036	0.34928	0.12718	0.27162	5.31678	54.92530
30097	1.00000	-0.20677	0.33360	-0.12310	-0.31345	-0.20677	0.26583	0.34260	0.13346	62.69676
30117	1.00000	0.20906	-0.29175	0.26589	0.14050	0.20906	-0.21618	0.29787	1.21184	55.92654
30137	1.00000	-0.02142	-0.21600	0.22648	0.13301	-0.02142	-0.26178	0.21929	2.28256	55.34937
30157	1.00000	0.08818	-0.04677	-0.02782	-0.08373	0.08818	-0.00309	0.11036	3.35635	54.92530
