0	0.00000	0.00728	-0.00138	-0.00489	0.00599	0.00728	0.00261	0.01529	0.83449	0.00956
8377	0.00000	0.01211	0.00507	-0.00021	0.01765	0.01211	0.01285	0.03002	0.81454	0.00000
8397	0.00000	-0.00078	0.01474	0.01256	0.01084	-0.00078	0.01657	0.00305	0.80994	3.62644
8417	0.00000	0.01050	0.01313	0.00891	0.02193	0.01050	0.02122	0.05938	0.80687	0.00000
8437	0.00000	-0.01045	-0.00460	-0.00103	-0.01539	-0.01045	-0.01135	0.00710	0.80994	0.00000
8457	0.00000	-0.06042	0.00829	0.01905	-0.06266	-0.06042	-0.02531	0.05999	0.80534	-3.63504
8477	0.00000	0.00405	-0.00460	-0.00489	0.00114	0.00405	-0.00297	0.02005	0.80534	0.00000
8497	0.00000	0.00728	-0.02072	-0.01971	-0.00731	0.00728	-0.01972	0.01113	0.80534	0.00000
8517	0.00000	-0.01529	-0.02072	-0.01601	-0.03240	-0.01529	-0.03275	0.02026	0.80227	0.00000
8537	0.00000	-0.02174	0.00507	0.00941	-0.02070	-0.02174	-0.00669	0.02353	0.80687	0.00000
8557	0.00000	-0.00078	-0.01588	-0.01418	-0.01235	-0.00078	-0.01879	0.00932	0.80074	0.00000
8577	0.00000	-0.00239	0.00991	0.00919	0.00473	-0.00239	0.01005	0.00720	0.80534	0.00000
8597	0.00000	0.00728	0.00507	0.00351	0.01190	0.00728	0.01005	0.01086	0.80074	0.00000
8617	0.00000	-0.01529	-0.01266	-0.00830	-0.02673	-0.01529	-0.02344	0.05722	0.80381	0.00000
8637	0.00000	-0.04269	0.00829	0.01563	-0.04248	-0.04269	-0.01507	0.09188	0.80381	0.00000
8657	0.00000	0.00566	0.00507	0.00375	0.01006	0.00566	0.00912	0.01433	0.80074	0.00000
8677	0.00000	0.00728	0.00829	0.00645	0.01418	0.00728	0.01378	0.01118	0.80074	-3.63504
8697	0.00000	0.00728	-0.00621	-0.00680	0.00394	0.00728	-0.00297	0.01415	0.80074	0.00000
8717	0.00000	-0.04269	0.01635	0.02091	-0.03766	-0.04269	-0.00576	0.02292	0.79920	0.00000
8737	0.00000	-0.01045	-0.00460	-0.00233	-0.01525	-0.01045	-0.01135	0.00762	0.80227	0.00000
8757	0.00000	0.00728	0.00991	0.00766	0.01545	0.00728	0.01564	0.00723	0.80227	259.59671
8777	0.00000	0.00728	0.00185	0.00040	0.00964	0.00728	0.00633	0.07079	0.80074	0.00000
8797	0.00000	-0.00884	-0.17061	-0.15225	-0.13318	-0.00884	-0.20211	0.01436	0.80227	0.00000
8817	0.00000	0.00728	0.00507	0.00390	0.01178	0.00728	0.01005	0.00726	0.79920	0.00000
8837	0.00000	-0.00401	-0.01266	-0.01071	-0.01371	-0.00401	-0.01693	0.00726	0.80227	0.00000
8857	0.00000	-0.01045	0.00507	0.00611	-0.00849	-0.01045	-0.00018	0.01395	0.80074	0.00000
8877	0.00000	0.01211	0.00023	-0.00142	0.01405	0.01211	0.00726	0.08976	0.79920	0.00000
8897	0.00000	0.00566	-0.01105	-0.01097	-0.00132	0.00566	-0.00949	0.01283	0.80074	0.00000
8917	0.00000	0.00244	-0.02878	-0.02667	-0.01753	0.00244	-0.03182	0.01424	0.80074	0.00000
8937	0.00000	0.00728	-0.01266	-0.01270	0.00003	0.00728	-0.01042	0.01727	0.79460	0.00000
8957	0.00000	0.00566	-0.00299	-0.00361	0.00437	0.00566	-0.00018	0.01415	0.79920	0.00000
8977	0.00000	0.00889	0.00346	0.00200	0.01258	0.00889	0.00912	0.03038	0.79920	0.00000
8997	0.00000	0.00889	0.00507	0.00372	0.01363	0.00889	0.01099	0.00555	0.79767	0.00000
9017	0.00000	-0.00078	0.01313	0.01225	0.00817	-0.00078	0.01471	0.01445	0.79920	0.00000
9037	0.00000	0.00566	0.00668	0.00560	0.01102	0.00566	0.01099	0.01505	0.79767	0.00000
9057	0.00000	-0.02012	0.00829	0.01011	-0.01752	-0.02012	-0.00204	0.23290	0.79767	0.00000
9077	0.00000	-0.00562	0.01474	0.01440	0.00374	-0.00562	0.01378	0.01161	0.79920	0.00000
9097	0.00000	-0.02012	0.01152	0.01286	-0.01556	-0.02012	0.00168	0.01668	0.79767	0.00000
9117	0.00000	0.00566	-0.00944	-0.00949	0.00030	0.00566	-0.00763	0.08999	0.79460	0.00000
9137	0.00000	0.00728	0.01313	0.01174	0.01702	0.00728	0.01936	0.01409	0.79767	0.00000
9157	0.00000	-0.00239	0.00185	0.00201	-0.00150	-0.00239	0.00075	0.02065	0.79767	0.00000
9177	0.00000	-0.01207	0.00507	0.00667	-0.01011	-0.01207	-0.00111	0.02199	0.79920	0.00000
9197	0.00000	-0.02496	-0.00299	-0.00145	-0.03065	-0.02496	-0.01786	0.05745	0.79307	0.00000
9217	0.00000	0.07980	0.00829	0.00507	0.09715	0.07980	0.05565	0.00723	0.79153	0.00000
9237	0.00000	-0.01690	0.02441	0.02500	-0.00041	-0.01690	0.01843	0.02032	0.80687	3.63504
9257	0.00000	-0.00401	-0.00138	-0.00101	-0.00550	-0.00401	-0.00390	0.02883	0.79307	0.00000
9277	0.00000	-0.01690	0.00829	0.00996	-0.01365	-0.01690	-0.00018	0.03210	0.69950	0.00000
9297	0.00000	0.05885	-0.01427	-0.01625	0.05920	0.05885	0.01750	0.01719	0.79153	3.63504
9317	0.00000	0.00566	-0.03200	-0.03113	-0.01405	0.00566	-0.03368	0.02322	0.79307	0.00000
9337	0.00000	-0.01045	0.00346	0.00396	-0.00989	-0.01045	-0.00204	0.17583	0.79460	0.00000
9357	0.00000	0.00728	0.00991	0.00894	0.01475	0.00728	0.01564	0.01481	0.79460	0.00000
9377	0.00000	0.00728	0.00346	0.00258	0.01065	0.00728	0.00819	0.11609	0.79614	0.00000
9397	0.00000	0.03467	0.00507	0.00218	0.04321	0.03467	0.02587	0.01057	0.79460	0.00000
9417	0.00000	0.00566	-0.00944	-0.00949	0.00046	0.00566	-0.00763	0.01773	0.79460	0.00000
9437	0.00000	-0.00884	-0.02072	-0.01879	-0.02383	-0.00884	-0.02903	0.00555	0.79614	0.00000
9457	0.00000	0.01856	-0.00299	-0.00430	0.01946	0.01856	0.00726	0.02610	0.79614	0.00000
9477	0.00000	0.01533	0.00991	0.00791	0.02417	0.01533	0.02029	0.23214	0.79460	0.00000
9497	0.00000	-0.01045	0.00185	0.00258	-0.01086	-0.01045	-0.00390	0.01424	0.79460	0.00000
9517	0.00000	0.00728	0.02280	0.02051	0.02375	0.00728	0.03053	0.01450	0.79767	0.00000
9537	0.00000	0.01211	-0.02878	-0.02867	-0.00358	0.01211	-0.02624	0.01203	0.79000	0.00000
9557	0.00000	0.00083	0.00668	0.00625	0.00536	0.00083	0.00819	0.12957	0.79767	0.00000
9577	0.00000	0.01695	0.01474	0.01380	0.02855	0.01695	0.02680	0.03248	0.79153	0.00000
9597	0.00000	-0.00239	0.00185	0.00196	-0.00157	-0.00239	0.00075	0.01329	0.79460	0.00000
9617	0.00000	-0.00239	0.08566	0.08320	0.05091	-0.00239	0.09752	0.02230	0.79307	0.00000
9637	0.00000	0.00244	0.00346	0.00304	0.00509	0.00244	0.00540	0.01549	0.79614	0.00000
9657	0.00000	0.00244	0.00507	0.00467	0.00607	0.00244	0.00726	0.01091	0.79307	0.00000
9677	0.00000	0.07497	0.00668	0.00061	0.09066	0.07497	0.05100	0.01663	0.79460	0.00000
9697	0.00000	0.00728	-0.02716	-0.02676	-0.00863	0.00728	-0.02717	0.02282	0.79307	0.00000
9717	0.00000	-0.00078	-0.01588	-0.01498	-0.01137	-0.00078	-0.01879	0.12133	0.79460	0.00000
9737	0.00000	-0.01045	0.00346	0.00412	-0.00982	-0.01045	-0.00204	0.01278	0.79614	0.00000
9757	0.00000	0.00566	-0.00944	-0.00949	0.00030	0.00566	-0.00763	0.01305	0.79460	0.00000
9777	0.00000	-0.09426	-0.01588	-0.00795	-0.11881	-0.09426	-0.07276	0.00725	0.79460	0.00000
9797	0.00000	-0.01690	0.00668	0.00771	-0.01517	-0.01690	-0.00204	0.03237	0.79460	0.00000
9817	0.00000	0.00405	0.11789	0.11275	0.08047	0.00405	0.13847	0.01190	0.79460	0.00000
9837	0.00000	-0.00401	0.00185	0.00214	-0.00339	-0.00401	-0.00018	0.09680	0.79614	0.00000
9857	0.00000	0.00728	0.01313	0.01231	0.01662	0.00728	0.01936	0.02044	0.79307	0.00000
9877	0.00000	0.00566	0.00023	-0.00033	0.00667	0.00566	0.00354	0.02058	0.79614	0.00000
9897	0.00000	-0.00723	-0.00621	-0.00540	-0.01232	-0.00723	-0.01135	0.03145	0.79460	0.00000
9917	0.00000	0.01372	0.00346	0.00437	0.01764	0.01372	0.01192	0.00083	0.78386	0.00000
9937	0.00000	-0.00239	0.00507	0.00504	0.00059	-0.00239	0.00447	0.04266	0.79767	0.00000
9957	0.00000	0.01211	-0.01911	-0.01812	0.00674	0.01211	-0.01507	0.02851	0.76852	0.00000
9977	0.00000	-0.00723	-0.04167	-0.04377	-0.02950	-0.00723	-0.05229	0.03019	0.78233	3.63504
9997	0.00000	0.02823	-0.14966	-0.15809	-0.01720	0.02823	-0.15651	0.01499	0.76852	0.00000
10017	0.00000	-0.01368	-0.00299	-0.00359	-0.01741	-0.01368	-0.01135	0.02909	0.78693	0.00000
10037	0.00000	0.00728	-0.01266	-0.01244	0.00258	0.00728	-0.01042	0.01789	0.77773	0.00000
10057	0.00000	-0.04108	0.01635	0.01569	-0.03827	-0.04108	-0.00483	0.17706	0.78693	3.63504
10077	0.00000	-0.00723	-0.01266	-0.01394	-0.01453	-0.00723	-0.01879	0.01815	0.78080	0.00000
10097	0.00000	-0.00239	0.00507	0.00507	0.00024	-0.00239	0.00447	0.01424	0.79000	0.00000
10117	0.00000	0.00405	-0.02072	-0.02095	-0.00657	0.00405	-0.02158	0.00935	0.78386	0.00000
10137	0.00000	0.00889	-0.01427	-0.01419	0.00251	0.00889	-0.01135	0.01439	0.78386	0.00000
10157	0.00000	0.01050	0.00023	0.00065	0.01224	0.01050	0.00633	0.01900	0.78693	0.00000
10177	0.00000	0.00405	0.01313	0.01313	0.01225	0.00405	0.01750	0.01057	0.78847	0.00000
10197	0.00000	-0.00239	0.00346	0.00347	-0.00071	-0.00239	0.00261	0.12985	0.79000	0.00000
10217	0.00000	-0.00078	0.00991	0.00956	0.00547	-0.00078	0.01099	0.01406	0.79307	-3.63489
10237	0.00000	-0.00723	-0.00621	-0.00602	-0.01204	-0.00723	-0.01135	0.00578	0.79153	0.00000
10257	0.00000	-0.00723	-0.00782	-0.00717	-0.01324	-0.00723	-0.01321	0.01505	0.79307	0.00000
10277	0.00000	-0.00078	-0.01911	-0.01870	-0.01256	-0.00078	-0.02251	0.02198	0.79153	0.00000
10297	0.00000	-0.00723	-0.00299	-0.00282	-0.01012	-0.00723	-0.00763	0.01378	0.79153	0.00000
10317	0.00000	-0.00884	0.01313	0.01324	-0.00197	-0.00884	0.01005	0.01957	0.79307	0.00000
10337	0.00000	0.00889	0.03730	0.03622	0.03302	0.00889	0.04821	0.02429	0.79153	0.00000
10357	0.00000	-0.01368	0.00507	0.00549	-0.01269	-0.01368	-0.00204	0.01406	0.79153	-3.63504
10377	0.00000	0.00405	-0.01588	-0.01588	-0.00448	0.00405	-0.01600	0.01283	0.78847	0.00000
10397	0.00000	0.00728	-0.00621	-0.00644	0.00450	0.00728	-0.00297	0.02869	0.79153	0.00000
10417	0.00000	0.00728	-0.02072	-0.02059	-0.00425	0.00728	-0.01972	0.01283	0.79153	0.00000
10437	0.00000	0.01050	0.00507	0.00583	0.01477	0.01050	0.01192	0.02911	0.78386	0.00000
10457	0.00000	0.01050	0.01635	0.01563	0.02209	0.01050	0.02494	0.01283	0.79153	0.00000
10477	0.00000	0.00728	0.00991	0.00967	0.01428	0.00728	0.01564	0.01029	0.79000	0.00000
10497	0.00000	-0.00078	0.00185	0.00185	0.00016	-0.00078	0.00168	0.01971	0.78847	-3.63504
10517	0.00000	-0.00723	-0.02072	-0.02384	-0.01653	-0.00723	-0.02810	0.02874	0.77313	0.00000
10537	0.00000	0.01533	-0.00460	-0.00434	0.01513	0.01533	0.00354	0.01250	0.78693	3.63504
10557	0.00000	-0.06525	0.00507	0.00381	-0.07249	-0.06525	-0.03182	0.11945	0.78693	0.00000
10577	0.00000	0.01856	0.02763	0.02828	0.03689	0.01856	0.04262	0.01736	0.78693	0.00000
10597	0.00000	0.00889	-0.01266	-0.01260	0.00317	0.00889	-0.00949	0.01113	0.78540	0.00000
10617	0.00000	-0.00239	-0.01749	-0.01871	-0.01102	-0.00239	-0.02158	0.08343	0.78080	0.00000
10637	0.00000	-0.04430	0.01474	0.01615	-0.04212	-0.04430	-0.00856	0.03644	0.79153	0.00000
10657	0.00000	0.00566	-0.02394	-0.02406	-0.00686	0.00566	-0.02437	0.00578	0.78540	0.00000
10677	0.00000	-0.00884	0.02119	0.02115	0.00237	-0.00884	0.01936	0.00995	0.79153	0.00000
10697	0.00000	0.03629	-0.01105	0.02657	0.02603	0.03629	0.00819	0.03965	0.78847	0.00000
10717	0.00000	0.00889	0.00668	0.00669	0.01411	0.00889	0.01285	0.00972	0.78847	0.00000
10737	0.00000	0.06369	0.00185	0.00440	0.07450	0.06369	0.03890	0.02864	0.78540	0.00000
10757	0.00000	0.00889	-0.00460	-0.00447	0.00768	0.00889	-0.00018	0.00723	0.78693	0.00000
10777	0.00000	0.00728	-0.01105	-0.01101	0.00221	0.00728	-0.00856	0.00740	0.78693	0.00000
10797	0.00000	0.00244	0.02280	0.02281	0.01597	0.00244	0.02773	0.02201	0.78847	0.00000
10817	0.00000	0.05885	0.00829	0.00833	0.07273	0.05885	0.04355	0.00902	0.78847	0.00000
10837	0.00000	0.01050	0.00668	0.00696	0.01586	0.01050	0.01378	0.01263	0.78693	-3.63504
10857	0.00000	-0.00723	-0.01266	-0.01293	-0.01543	-0.00723	-0.01879	0.02536	0.78693	0.00000
10877	0.00000	-0.04269	0.01313	0.01860	-0.03957	-0.04269	-0.00949	0.19391	0.80074	0.00000
10897	0.00000	0.00728	0.00346	0.00364	0.01033	0.00728	0.00819	0.01406	0.78693	-3.63504
10917	0.00000	0.00728	0.01958	0.01925	0.02002	0.00728	0.02680	0.07311	0.79000	0.00000
10937	0.00000	-0.00723	0.00668	0.00675	-0.00438	-0.00723	0.00354	0.02058	0.79153	0.00000
10957	0.00000	0.00244	0.00185	0.00172	0.00394	0.00244	0.00354	0.00762	0.79153	0.00000
10977	0.00000	-0.00723	0.00023	0.00023	-0.00821	-0.00723	-0.00390	0.00621	0.78693	0.00000
10997	0.00000	0.07819	0.01152	0.00829	0.09726	0.07819	0.05844	0.02561	0.79153	0.00000
11017	0.00000	0.03790	0.00991	0.00993	0.04947	0.03790	0.03332	0.02309	0.78847	0.00000
11037	0.00000	-0.00884	-0.00460	-0.00373	-0.01314	-0.00884	-0.01042	0.00725	0.79460	-3.63489
11057	0.00000	0.00728	-0.00299	-0.00310	0.00663	0.00728	0.00075	0.01278	0.79000	0.00000
11077	0.00000	0.00566	-0.03039	-0.03020	-0.01150	0.00566	-0.03182	0.02587	0.78847	0.00000
11097	0.00000	-0.00884	0.00668	0.00689	-0.00613	-0.00884	0.00261	0.11624	0.79307	0.00000
11117	0.00000	0.00566	-0.01911	-0.01886	-0.00544	0.00566	-0.01879	0.01377	0.79153	0.00000
11137	0.00000	-0.01207	0.00023	0.00069	-0.01378	-0.01207	-0.00669	0.00943	0.79153	0.00000
11157	0.00000	0.00244	0.02280	0.02168	0.01747	0.00244	0.02773	0.00555	0.79307	0.00000
11177	0.00000	-0.00723	-0.01588	-0.01529	-0.01803	-0.00723	-0.02251	0.01663	0.79000	0.00000
11197	0.00000	-0.01851	0.00346	0.00475	-0.01910	-0.01851	-0.00669	0.02528	0.79307	0.00000
11217	0.00000	0.00566	-0.01588	-0.01607	-0.00100	0.00566	-0.01507	0.01552	0.77926	0.00000
11237	0.00000	0.00728	0.00991	0.01712	-0.00209	0.00728	0.01564	0.02337	0.78847	3.89321
11257	0.00000	0.00728	0.00991	0.01015	0.01394	0.00728	0.01564	0.00823	0.78693	0.00000
11277	0.00000	-0.01045	-0.03683	-0.03628	-0.03394	-0.01045	-0.04857	0.01229	0.79000	0.00000
11297	0.00000	-0.00884	0.00185	0.00200	-0.00911	-0.00884	-0.00297	0.03557	0.79000	0.00000
11317	0.00000	0.06691	-0.00460	-0.00456	0.07460	0.06691	0.03332	0.01364	0.78847	0.00000
11337	0.00000	0.00728	0.00507	0.00527	0.01124	0.00728	0.01005	0.00693	0.78693	0.00000
11357	0.00000	0.00244	0.01313	0.01296	0.01061	0.00244	0.01657	0.01872	0.79000	0.00000
11377	0.00000	-0.00723	-0.00944	-0.00921	-0.01395	-0.00723	-0.01507	0.01250	0.79000	0.00000
11397	0.00000	0.05724	0.00507	0.00627	0.06892	0.05724	0.03890	0.01869	0.78693	0.00000
11417	0.00000	0.00728	-0.07390	-0.07448	-0.03298	0.00728	-0.08114	0.01283	0.78693	0.00000
11437	0.00000	-0.01851	-0.00299	-0.00261	-0.02315	-0.01851	-0.01414	0.00597	0.79000	0.00000
11457	0.00000	-0.00078	-0.00460	-0.00460	-0.00356	-0.00078	-0.00576	0.01267	0.78847	0.00000
11477	0.00000	-0.00562	0.01313	0.01311	0.00131	-0.00562	0.01192	0.00388	0.79000	0.00000
11497	0.00000	0.01211	0.00507	0.00536	0.01682	0.01211	0.01285	0.01436	0.78693	0.00000
11517	0.00000	0.00405	0.00346	0.00323	0.00679	0.00405	0.00633	0.01465	0.79153	0.00000
11537	0.00000	0.01856	-0.03039	-0.02995	0.00645	0.01856	-0.02437	0.01993	0.78080	-3.63504
11557	0.00000	-0.01045	0.01635	0.01635	-0.00264	-0.01045	0.01285	0.00866	0.78847	3.63504
11577	0.00000	0.00728	0.00346	0.00364	0.01033	0.00728	0.00819	0.01087	0.78540	0.00000
11597	0.00000	-0.01368	0.00991	0.01087	-0.00903	-0.01368	0.00354	0.01424	0.79614	0.00000
11617	0.00000	0.00083	0.00829	0.00810	0.00602	0.00083	0.01005	0.01313	0.79153	0.00000
11637	0.00000	-0.02818	0.00346	-0.02502	-0.01786	-0.02818	-0.01228	0.01406	0.79000	0.00000
11657	0.00000	-0.00401	0.02925	0.02811	0.01466	-0.00401	0.03146	0.00920	0.79614	0.00000
11677	0.00000	-0.03463	0.00507	0.00692	-0.03676	-0.03463	-0.01414	0.00555	0.79153	0.00000
11697	0.00000	0.00405	0.02280	0.02155	0.01933	0.00405	0.02867	0.00856	0.79614	0.00000
11717	0.00000	0.01211	-0.01266	-0.01265	0.00668	0.01211	-0.00763	0.00432	0.78693	0.00000
11737	0.00000	0.00405	0.00991	0.00973	0.01056	0.00405	0.01378	0.02088	0.79000	0.00000
11757	0.00000	0.00889	0.00346	0.00305	0.01237	0.00889	0.00912	0.01070	0.79153	0.00000
11777	0.00000	0.00244	-0.00460	-0.00460	0.00009	0.00244	-0.00390	0.02580	0.79000	0.00000
11797	0.00000	0.00566	0.00829	0.00791	0.01160	0.00566	0.01285	0.02130	0.79153	0.00000
11817	0.00000	-0.01529	0.00507	0.00604	-0.01435	-0.01529	-0.00297	0.00728	0.79614	0.00000
11837	0.00000	0.00889	0.01313	0.01283	0.01805	0.00889	0.02029	0.05542	0.79000	0.00000
11857	0.00000	-0.01045	0.00507	0.00582	-0.00869	-0.01045	-0.00018	0.01229	0.79614	0.00000
11877	0.00000	0.00244	-0.03039	-0.03014	-0.01522	0.00244	-0.03368	0.02152	0.79000	0.00000
11897	0.00000	0.00405	-0.00460	-0.00466	0.00187	0.00405	-0.00297	0.01529	0.79153	0.00000
11917	0.00000	0.00728	0.00507	0.00469	0.01149	0.00728	0.01005	0.00789	0.79153	0.00000
11937	0.00000	-0.00078	-0.01266	-0.01238	-0.00863	-0.00078	-0.01507	0.01377	0.79000	0.00000
11957	0.00000	0.00244	-0.02072	-0.02165	-0.00663	0.00244	-0.02251	0.02034	0.77619	0.00000
11977	0.00000	-0.01045	0.01313	0.01305	-0.00472	-0.01045	0.00912	0.01772	0.78693	3.61789
11997	0.00000	0.01695	0.00991	0.01077	0.02493	0.01695	0.02122	0.06928	0.78540	0.00000
12017	0.00000	0.02339	0.00507	0.00508	0.02993	0.02339	0.01936	0.02362	0.78847	0.00000
12037	0.00000	0.00889	-0.04489	-0.04540	-0.01411	0.00889	-0.04671	0.00995	0.78386	0.00000
12057	0.00000	-0.01690	0.00991	0.01146	-0.01254	-0.01690	0.00168	0.01283	0.79920	0.00000
12077	0.00000	-0.09265	-0.01266	-0.00692	-0.11477	-0.09265	-0.06811	0.01267	0.79153	0.00000
12097	0.00000	-0.01045	0.00668	0.00682	-0.00810	-0.01045	0.00168	0.03679	0.79000	0.00000
12117	0.00000	-0.01851	-0.00621	-0.00580	-0.02506	-0.01851	-0.01786	0.03371	0.79000	0.00000
12137	0.00000	0.00728	0.00668	0.00606	0.01258	0.00728	0.01192	0.01406	0.79307	0.00000
12157	0.00000	0.00728	0.00023	-0.00005	0.00854	0.00728	0.00447	0.03104	0.79307	0.00000
12177	0.00000	0.00728	0.00185	0.00169	0.00950	0.00728	0.00633	0.01784	0.78847	0.00000
12197	0.00000	0.00728	0.01958	0.01821	0.02097	0.00728	0.02680	0.05521	0.79460	0.00000
12217	0.00000	-0.00723	0.00023	0.00037	-0.00821	-0.00723	-0.00390	0.02519	0.78847	0.00000
12237	0.00000	0.00405	-0.02072	-0.02060	-0.00762	0.00405	-0.02158	0.00523	0.79000	0.00000
12257	0.00000	0.00405	-0.00299	-0.00308	0.00285	0.00405	-0.00111	0.00388	0.79153	0.00000
12277	0.00000	0.00889	-0.04006	-0.04006	-0.01284	0.00889	-0.04112	0.01789	0.78847	0.00000
12297	0.00000	0.00566	-0.01266	-0.01268	-0.00033	0.00566	-0.01135	0.01824	0.78540	0.00000
12317	0.00000	0.00244	-0.00944	-0.00934	-0.00294	0.00244	-0.00949	0.00815	0.79000	0.00000
12337	0.00000	-0.00078	0.00346	0.00344	0.00115	-0.00078	0.00354	0.01070	0.79000	0.00000
12357	0.00000	-0.00239	-0.00621	-0.00600	-0.00655	-0.00239	-0.00856	0.01495	0.79153	0.00000
12377	0.00000	-0.01368	-0.02072	-0.01978	-0.02842	-0.01368	-0.03182	0.05811	0.79153	0.00000
12397	0.00000	0.00728	0.00346	0.00364	0.01033	0.00728	0.00819	0.01075	0.78693	0.00000
12417	0.00000	0.03629	0.00507	0.00130	0.04509	0.03629	0.02680	0.01406	0.79460	3.63489
12437	0.00000	-0.00401	-0.01911	-0.02012	-0.01432	-0.00401	-0.02437	0.02326	0.78080	0.00000
12457	0.00000	-0.01045	0.01313	0.01327	-0.00405	-0.01045	0.00912	0.01075	0.79153	0.00000
12477	0.00000	0.00889	-0.00299	-0.00298	0.00854	0.00889	0.00168	0.01814	0.78847	0.00000
12497	0.00000	0.00728	-0.00944	-0.00943	0.00296	0.00728	-0.00669	0.00972	0.78847	0.00000
12517	0.00000	0.00728	-0.02555	-0.02555	-0.00634	0.00728	-0.02531	0.01113	0.78847	0.00000
12537	0.00000	-0.00884	0.01474	0.01479	-0.00121	-0.00884	0.01192	0.00906	0.79153	0.00000
12557	0.00000	0.00083	0.00346	0.00341	0.00301	0.00083	0.00447	0.01143	0.79000	0.00000
12577	0.00000	0.00566	0.00829	0.00731	0.01198	0.00566	0.01285	0.00360	0.79460	0.00000
12597	0.00000	-0.07815	0.02602	0.02725	-0.07478	-0.07815	-0.01507	0.20245	0.79000	3.63504
12617	0.00000	0.00728	0.00668	0.00606	0.01258	0.00728	0.01192	0.05771	0.79307	0.00000
12637	0.00000	0.00405	-0.00944	-0.00940	-0.00108	0.00405	-0.00856	0.01903	0.79307	0.00000
12657	0.00000	0.00889	0.00991	0.01018	0.01580	0.00889	0.01657	0.02490	0.78847	0.00000
12677	0.00000	0.00889	-0.02072	-0.02060	-0.00273	0.00889	-0.01879	0.01174	0.79153	0.00000
12697	0.00000	0.04757	0.01313	0.01210	0.06271	0.04757	0.04262	0.20957	0.79153	0.00000
12717	0.00000	0.00728	0.00829	0.00716	0.01384	0.00728	0.01378	0.00978	0.79460	0.00000
12737	0.00000	-0.00078	0.00507	0.00496	0.00227	-0.00078	0.00540	0.01251	0.79153	0.00000
12757	0.00000	0.01533	0.00829	0.00754	0.02275	0.01533	0.01843	0.00710	0.79153	0.00000
12777	0.00000	0.00728	0.00829	0.00762	0.01359	0.00728	0.01378	0.11373	0.79307	0.00000
12797	0.00000	-0.00078	0.00023	0.00027	-0.00076	-0.00078	-0.00018	0.01070	0.79307	0.00000
12817	0.00000	0.00244	-0.01105	-0.01085	-0.00411	0.00244	-0.01135	0.00883	0.79307	0.00000
12837	0.00000	0.00244	0.00507	0.00498	0.00583	0.00244	0.00726	0.01452	0.79153	0.00000
12857	0.00000	-0.00401	-0.00299	-0.00267	-0.00649	-0.00401	-0.00576	0.00995	0.79307	0.00000
12877	0.00000	-0.00884	0.01474	0.01479	-0.00121	-0.00884	0.01192	0.00392	0.79153	0.00000
12897	0.00000	-0.00078	0.00668	0.00647	0.00339	-0.00078	0.00726	0.01507	0.79307	0.00000
12917	0.00000	-0.01045	-0.00299	-0.00229	-0.01393	-0.01045	-0.00949	0.01086	0.79307	0.00000
12937	0.00000	0.00083	-0.01588	-0.01560	-0.00874	0.00083	-0.01786	0.01184	0.79153	0.00000
12957	0.00000	-0.02657	0.00185	0.00333	-0.02948	-0.02657	-0.01321	0.00523	0.79307	0.00000
12977	0.00000	0.00405	0.00668	0.00639	0.00875	0.00405	0.01005	0.01406	0.79153	0.00000
12997	0.00000	0.00566	-0.03039	-0.03000	-0.01201	0.00566	-0.03182	0.02450	0.79000	0.00000
13017	0.00000	0.00244	0.00507	0.00478	0.00599	0.00244	0.00726	0.16125	0.79460	0.00000
13037	0.00000	0.00566	0.00507	0.00491	0.00955	0.00566	0.00912	0.01021	0.79000	0.00000
13057	0.00000	-0.09587	-0.00782	-0.00204	-0.11546	-0.09587	-0.06439	0.00523	0.79307	0.00000
13077	0.00000	-0.02012	0.00991	0.00990	-0.01752	-0.02012	-0.00018	0.03462	0.79000	0.00000
13097	0.00000	0.00244	-0.00944	-0.00929	-0.00310	0.00244	-0.00949	0.01305	0.79307	0.00000
13117	0.00000	0.04112	0.00507	0.00424	0.05049	0.04112	0.02960	0.29627	0.79000	0.00000
13137	0.00000	-0.01851	0.01635	0.01674	-0.01138	-0.01851	0.00819	0.03417	0.79153	0.00000
13157	0.00000	0.00405	0.01474	0.01452	0.01343	0.00405	0.01936	0.00506	0.79000	0.00000
13177	0.00000	-0.02012	0.00185	0.00553	-0.02155	-0.02012	-0.00949	0.01251	0.80227	0.00000
13197	0.00000	0.00566	0.00507	0.00507	0.00946	0.00566	0.00912	0.05868	0.78693	0.00000
13217	0.00000	-0.01851	0.03086	0.03106	0.00008	-0.01851	0.02494	0.01479	0.79920	0.00000
13237	0.00000	-0.04430	0.00668	0.00904	-0.04690	-0.04430	-0.01786	0.01301	0.79307	-3.63504
13257	0.00000	0.00083	0.00507	0.00473	0.00429	0.00083	0.00633	0.01816	0.79614	0.00000
13277	0.00000	0.00728	-0.00460	-0.00488	0.00551	0.00728	-0.00111	0.04838	0.79307	0.00000
13297	0.00000	-0.01045	-0.01911	-0.01792	-0.02403	-0.01045	-0.02810	0.00720	0.79153	0.00000
13317	0.00000	-0.00239	-0.02072	-0.01995	-0.01574	-0.00239	-0.02531	0.00740	0.79307	0.00000
13337	0.00000	0.04918	-0.02072	-0.02293	0.04373	0.04918	0.00447	0.05874	0.79307	-3.63504
13357	0.00000	0.02500	0.00668	0.00615	0.03284	0.02500	0.02215	0.00726	0.79153	0.00000
13377	1.00000	0.68259	-0.06423	0.72025	0.22245	0.68259	0.31992	0.79671	1.32229	39.98539
13397	1.00000	-0.15712	-0.45588	0.57248	0.27883	-0.15712	-0.61712	0.55399	2.29023	45.01537
13417	1.00000	-0.32313	0.41445	0.35757	0.24860	-0.32313	0.29200	0.35307	3.25511	46.48440
13437	1.00000	0.84859	-0.16094	0.88136	0.18895	0.84859	0.30410	0.91447	4.16322	38.17610
13457	1.00000	-0.62613	0.13240	0.56999	0.33260	-0.62613	-0.20862	0.61820	5.05447	43.21085
13477	1.00000	0.05885	0.20009	0.21287	0.16844	0.05885	0.26502	0.20880	6.02701	46.37630
13497	1.00000	0.45211	-0.13354	0.30086	0.35393	0.45211	0.10683	0.42827	0.79460	70.08039
13517	1.00000	0.33929	-0.40753	0.36784	0.23503	0.33929	-0.27469	0.34732	1.83311	46.37602
13537	1.00000	-0.02818	-0.33339	0.40168	-0.02114	-0.02818	-0.40124	0.44554	2.83019	46.70213
13557	1.00000	-0.45690	0.55467	0.59005	0.04942	-0.45690	0.37668	0.62639	3.77206	61.64952
13577	1.00000	0.52786	-0.53808	0.54050	0.29442	0.52786	-0.31656	0.47603	4.68324	57.07852
13597	1.00000	-0.01368	-0.12387	0.14402	-0.04712	-0.01368	-0.15093	0.15977	5.65732	46.81175
13617	1.00000	-0.30218	0.39188	0.34726	0.21909	-0.30218	0.27805	0.41188	0.39423	53.42222
13637	1.00000	0.03790	0.36771	0.44803	-0.00262	0.03790	0.44647	0.46385	1.40513	45.73782
13657	1.00000	0.21519	-0.25281	0.20643	0.17835	0.21519	-0.16768	0.17759	2.40988	64.21333
13677	1.00000	-0.18935	-0.50423	0.63730	0.32847	-0.18935	-0.69156	0.63153	3.42691	45.52924
13697	1.00000	-0.45207	0.56434	0.59664	-0.03063	-0.45207	0.39064	0.64223	4.33196	43.21085
13717	1.00000	0.60200	-0.74760	0.72227	0.32647	0.60200	-0.51569	0.70723	5.23701	43.31252
13737	1.00000	0.04273	-0.07552	0.04743	-0.05904	0.04273	-0.06253	0.09844	6.23717	64.81627
13757	1.00000	-0.22965	0.35804	0.21061	0.29535	-0.22965	0.28084	0.26746	0.99249	46.70198
13777	1.00000	0.08464	0.26295	0.28589	0.22284	0.08464	0.35249	0.25479	2.02485	45.94886
13797	1.00000	0.36830	-0.02555	0.41112	-0.01188	0.36830	0.18313	0.44612	3.01581	60.08698
13817	1.00000	-0.15229	-0.55903	0.73588	0.13983	-0.15229	-0.73344	0.78999	3.97301	46.37574
13837	1.00000	0.22486	0.69166	0.88090	0.36947	0.22486	0.92849	0.88030	4.84738	42.21977
13857	1.00000	0.57460	-0.76856	0.73800	0.30707	0.57460	-0.55571	0.72652	5.80458	46.81063
13877	1.00000	-0.02979	0.01474	0.01319	0.02671	-0.02979	-0.00018	0.02572	0.51849	54.23165
13897	1.00000	-0.31023	0.43862	0.25995	0.36853	-0.31023	0.32736	0.35278	1.56313	63.04021
13917	1.00000	0.16361	0.46119	0.58641	0.27558	0.16361	0.62699	0.63162	2.56482	63.62151
13937	1.00000	0.26515	-0.26892	0.26172	0.16307	0.26515	-0.15744	0.23139	3.55270	56.55190
13957	1.00000	-0.85822	0.22104	0.78263	0.42618	-0.85822	-0.24026	0.76056	4.47002	43.10965
13977	1.00000	0.08303	0.51921	0.65077	0.05115	0.08303	0.64747	0.68304	5.40421	46.26870
13997	1.00000	0.45695	-0.60094	0.57591	0.24917	0.45695	-0.43008	0.52653	0.09357	65.43064
14017	1.00000	-0.03946	-0.30438	0.37610	0.01298	-0.03946	-0.37425	0.40846	1.12287	47.70767
14037	1.00000	-0.19741	0.23071	0.20198	0.14629	-0.19741	0.15243	0.17107	2.12610	46.37630
14057	1.00000	0.13138	0.47408	0.61427	0.16834	0.13138	0.62327	0.65511	3.12318	60.50466
14077	1.00000	0.59717	-0.79596	0.79345	0.23840	0.59717	-0.57432	0.84275	4.06812	58.02308
14097	1.00000	-0.61646	0.80287	0.76288	0.35237	-0.61646	0.57116	0.80980	4.94862	43.82701
14117	1.00000	-0.36826	0.23393	0.02452	-0.37188	-0.36826	0.05751	0.37724	5.92270	45.52815
14137	1.00000	0.28933	-0.34951	0.30059	0.22206	0.28933	-0.23654	0.22634	0.69029	67.84195
14157	1.00000	-0.14745	-0.31244	0.34936	0.31386	-0.14745	-0.44590	0.36521	1.73647	64.21306
14177	1.00000	-0.35375	0.06793	0.37379	0.03523	-0.35375	-0.12580	0.42321	2.73816	60.64593
14197	1.00000	0.24742	0.61269	0.80189	0.37564	0.24742	0.85032	0.81209	3.70763	42.41379
14217	1.00000	-0.01851	-0.60900	0.61150	0.36886	-0.01851	-0.71390	0.81529	4.59120	56.55135
14237	1.00000	-0.27639	0.33870	0.26012	0.24963	-0.27639	0.23152	0.44339	5.55761	45.94886
14257	1.00000	0.14105	0.41767	0.49895	0.29783	0.14105	0.56372	0.45415	0.30066	52.89589
14277	1.00000	0.55043	-0.12709	0.55829	0.14312	0.55043	0.17104	0.62859	1.32076	45.42526
14297	1.00000	-0.22965	-0.04650	0.28332	-0.08465	-0.22965	-0.18629	0.32678	2.15524	38.52474
14317	1.00000	0.11687	0.45635	0.57476	0.19133	0.11687	0.59443	0.55848	3.12932	82.62627
14337	1.00000	0.61812	-0.77661	0.78533	0.23827	0.61812	-0.53989	0.86168	4.07272	57.61446
14357	1.00000	-0.53587	0.69972	0.64148	0.35245	-0.53587	0.49858	0.66440	4.95322	43.51731
14377	1.00000	0.56010	-0.13998	0.42173	0.40243	0.56010	0.16173	0.62208	5.92884	65.27596
14397	1.00000	0.33284	-0.38013	0.36605	0.19413	0.33284	-0.24677	0.21943	0.68722	52.50790
14417	1.00000	-0.19258	-0.55742	0.71462	0.31002	-0.19258	-0.75484	0.69728	1.71346	49.94343
14437	1.00000	-0.38760	0.49987	0.42747	0.30397	-0.38760	0.35342	0.30040	2.68753	46.81175
14457	1.00000	0.09270	0.36932	0.48796	0.02875	0.09270	0.47997	0.50710	3.67388	46.37630
14477	1.00000	-0.23932	-0.65896	0.78092	0.50568	-0.23932	-0.89907	0.82056	4.57280	56.42244
14497	1.00000	-0.59712	0.68683	0.71906	0.20110	-0.59712	0.44833	0.82165	5.51773	47.25547
14517	1.00000	0.30061	0.00829	0.28197	0.21066	0.30061	0.18313	0.15014	0.23317	51.00193
14537	1.00000	0.21358	-0.25442	0.22265	0.15841	0.21358	-0.17047	0.19258	1.26553	50.29459
14557	1.00000	-0.21998	-0.44299	0.52185	0.42860	-0.21998	-0.63852	0.57264	2.30251	63.62151
14577	1.00000	-0.15873	-0.01105	0.17700	-0.06900	-0.15873	-0.10440	0.22133	3.28732	45.32175
14597	1.00000	0.57944	0.00507	0.56786	0.35928	0.57944	0.34039	0.70129	4.21078	58.71713
14617	1.00000	-0.73250	0.05503	0.81366	0.05961	-0.73250	-0.35936	0.85738	5.01458	38.70146
14637	1.00000	0.02178	0.27100	0.32612	-0.00726	0.02178	0.32550	0.34780	5.97025	59.53715
14657	1.00000	0.05240	-0.01588	0.05295	-0.00917	0.05240	0.01192	0.05426	0.70103	49.48324
14677	1.00000	-0.10716	-0.22702	0.23373	0.24865	-0.10716	-0.32400	0.22852	1.74567	64.21306
14697	1.00000	-0.69382	0.17108	0.67824	0.25023	-0.69382	-0.20304	0.79941	2.75503	46.70213
14717	1.00000	0.17328	0.45313	0.52958	0.37149	0.17328	0.62327	0.51020	3.72297	45.94831
14737	1.00000	0.47951	-0.60416	0.63777	0.01318	0.47951	-0.42078	0.67885	4.61882	57.61446
14757	1.00000	-0.12489	-0.03522	0.14354	-0.08778	-0.12489	-0.11277	0.20007	5.56988	41.64666
14777	1.00000	0.06207	0.28390	0.31517	0.19169	0.06207	0.36366	0.26822	0.30219	49.11764
14797	1.00000	0.13460	0.22265	0.22727	-0.28027	0.13460	0.33481	0.37776	1.28394	35.67408
14817	1.00000	-0.04430	-0.35273	0.43454	0.02300	-0.04430	-0.43288	0.46249	2.26569	46.26870
14837	1.00000	-0.36503	0.56756	0.42514	0.38749	-0.36503	0.44461	0.43477	3.24744	61.64952
14857	1.00000	0.84376	-0.23024	0.75772	0.43200	0.84376	0.22128	0.81380	4.18010	57.34524
14877	1.00000	-0.04269	-0.40592	0.49212	-0.05514	-0.04269	-0.49336	0.49480	5.10202	42.80889
14897	1.00000	-0.27155	0.28712	0.32289	-0.00259	-0.27155	0.17476	0.36221	6.06843	65.27596
14917	1.00000	-0.09104	0.07760	0.00977	-0.09779	-0.09104	0.03704	0.10371	0.81915	51.13269
14937	1.00000	0.43116	-0.49940	0.49820	0.21238	0.43116	-0.32773	0.46543	1.81930	50.41265
14957	1.00000	0.31511	-0.02394	-0.00747	-0.35076	0.31511	0.15429	0.41584	2.82559	49.48285
14977	1.00000	-0.38437	0.57240	0.45823	0.36118	-0.38437	0.43903	0.70242	3.81808	41.93126
14997	1.00000	0.78251	-0.13837	0.82478	0.13162	0.78251	0.29200	0.88040	4.72926	56.55245
15017	1.00000	-0.17163	-0.04328	0.21238	0.08108	-0.17163	-0.14907	0.16802	5.65119	43.21085
15037	1.00000	-0.15067	0.23877	0.14002	0.19673	-0.15067	0.18872	0.27314	0.42338	49.11760
15057	1.00000	0.09108	0.25650	0.24511	0.26429	0.09108	0.34877	0.24558	1.45882	63.04021
15077	1.00000	0.66325	-0.13515	0.67072	0.20353	0.66325	0.22687	0.69037	2.46971	45.94886
15097	1.00000	-0.18774	-0.35918	0.38471	0.40113	-0.18774	-0.52314	0.43678	3.44532	60.08698
15117	1.00000	-0.62935	0.84155	0.79695	0.36203	-0.62935	0.60838	0.99492	4.36878	43.41467
15137	1.00000	0.28933	0.00991	0.32825	-0.08835	0.28933	0.17848	0.38232	5.28456	56.03490
15157	1.00000	-0.04752	-0.36401	0.43978	0.09655	-0.04752	-0.44776	0.44532	6.28012	64.06435
15177	1.00000	-0.01207	-0.07229	0.03133	-0.08570	-0.01207	-0.09044	0.09531	1.00476	45.94873
15197	1.00000	0.08786	0.21782	0.21687	0.22807	0.08786	0.30224	0.22390	2.02639	63.62151
15217	1.00000	0.58427	-0.11259	0.60845	0.11874	0.58427	0.20733	0.67054	3.03115	46.05443
15237	1.00000	-0.16518	-0.56387	0.74913	0.15251	-0.16518	-0.74646	0.81544	3.97454	42.70901
15257	1.00000	0.21519	0.71100	0.89278	0.37762	0.21519	0.94524	0.87001	4.84738	42.61070
15277	1.00000	0.58588	-0.79918	0.72858	0.39258	0.58588	-0.58455	0.68939	5.80612	61.07089
15297	1.00000	0.00728	-0.21251	0.24120	-0.00653	0.00728	-0.24119	0.26841	0.55223	72.32166
15317	1.00000	-0.20225	0.30969	0.21592	0.22862	-0.20225	0.24083	0.17721	1.55085	46.37630
15337	1.00000	0.26837	0.60624	0.73631	0.51062	0.26837	0.85497	0.70208	2.57709	58.86625
15357	1.00000	0.24742	-0.25603	0.24410	0.15804	0.24742	-0.15279	0.22141	3.55270	60.50466
15377	1.00000	-0.53587	0.00507	0.55673	0.26335	-0.53587	-0.30353	0.43626	4.48843	39.98539
15397	1.00000	0.18618	0.62236	0.79303	0.29684	0.18618	0.82613	0.78168	5.41955	45.94886
15417	1.00000	0.01211	0.07921	0.02274	-0.09655	0.01211	0.09845	0.11595	0.13346	52.89589
15437	1.00000	-0.02174	-0.47522	0.55645	0.07665	-0.02174	-0.56129	0.57677	1.12901	42.41434
15457	1.00000	-0.39404	0.57723	0.47906	0.34422	-0.39404	0.43903	0.46058	2.10616	50.76991
15477	1.00000	0.05563	0.26295	0.34022	0.00732	0.05563	0.33574	0.36983	3.10478	61.64952
15497	1.00000	0.23130	-0.50262	0.49337	0.09861	0.23130	-0.44683	0.54284	4.03590	43.10965
15517	1.00000	-0.47624	0.63364	0.56210	0.34550	-0.47624	0.45671	0.55976	4.95476	42.80889
15537	1.00000	0.69387	-0.14321	0.65546	0.32728	0.69387	0.23524	0.78217	5.91196	50.89050
15557	1.00000	0.44083	-0.59610	0.55466	0.27363	0.44083	-0.43381	0.50676	0.66421	54.36894
15577	1.00000	0.01211	-0.24958	0.27560	-0.05704	0.01211	-0.28120	0.30923	1.68431	45.94886
15597	1.00000	-0.48108	0.67232	0.60913	0.32999	-0.48108	0.49858	0.49500	2.66913	47.59381
15617	1.00000	0.28127	-0.02394	0.26251	0.16835	0.28127	0.13475	0.22801	3.64320	43.62043
15637	1.00000	-0.19902	-0.69925	0.88907	0.31590	-0.19902	-0.92233	0.89604	4.55592	56.42244
15657	1.00000	-0.34408	0.37738	0.41755	-0.01584	-0.34408	0.23710	0.44739	5.48552	61.79561
15677	1.00000	0.52786	-0.05618	0.54970	0.18433	0.52786	0.23990	0.52431	0.19175	69.37601
15697	1.00000	0.46984	-0.61867	0.61103	0.20907	0.46984	-0.44311	0.63535	1.23025	50.41238
15717	1.00000	-0.56327	0.14207	0.45323	0.37121	-0.56327	-0.16116	0.42774	2.20740	65.89912
15737	1.00000	-0.53587	0.67393	0.68915	0.17880	-0.53587	0.46880	0.72265	3.21983	53.88707
15757	1.00000	0.74061	-0.14321	0.78197	0.07591	0.74061	0.26223	0.83248	4.15709	38.87981
15777	1.00000	-0.92430	0.22910	0.86743	0.41734	-0.92430	-0.26910	0.82509	5.04219	46.59301
15797	1.00000	0.13944	0.35804	0.38378	0.34071	0.13944	0.49393	0.35941	6.01781	63.62151
15817	1.00000	0.64391	-0.14966	0.59834	0.31002	0.64391	0.19895	0.61132	0.76546	49.23888
15837	1.00000	0.27160	-0.33984	0.35567	0.05265	0.27160	-0.23560	0.41035	1.78402	64.51311
15857	1.00000	-0.19902	0.02602	0.17353	0.12920	-0.19902	-0.08486	0.12043	2.79185	46.81119
15877	1.00000	-0.30218	0.34837	0.37525	-0.04856	-0.30218	0.22780	0.42506	3.76439	43.21085
15897	1.00000	0.47306	-0.60255	0.52833	0.35107	0.47306	-0.42264	0.47785	4.67557	42.70956
15917	1.00000	-0.88401	0.21137	0.83802	0.38727	-0.88401	-0.26631	0.80349	5.61897	46.81063
15937	1.00000	-0.09587	-0.04006	-0.01154	-0.13921	-0.09587	-0.10161	0.14020	0.34054	53.95909
15957	1.00000	0.32801	-0.05779	0.25991	0.23465	0.32801	0.12265	0.46531	1.36831	50.41238
15977	1.00000	0.32801	-0.37852	0.36170	0.19522	0.32801	-0.24770	0.35776	2.39761	49.03149
15997	1.00000	0.01856	-0.15127	0.14777	-0.07340	0.01856	-0.16395	0.18636	3.37783	46.81119
16017	1.00000	-0.30218	0.41767	0.42816	-0.05217	-0.30218	0.30782	0.45519	4.31662	42.80889
16037	1.00000	0.64713	-0.87171	0.82538	0.37160	0.64713	-0.63294	0.81369	5.23087	43.62043
16057	1.00000	-0.15229	0.00507	0.13626	0.10658	-0.15229	-0.08207	0.10885	6.22643	65.27596
16077	1.00000	-0.25221	0.40155	0.25269	0.31767	-0.25221	0.31806	0.45644	0.98482	46.48426
16097	1.00000	0.16039	0.51276	0.65993	0.24291	0.16039	0.68469	0.70603	1.99571	49.25613
16117	1.00000	0.15394	-0.08035	0.15316	0.01592	0.15394	-0.00390	0.11955	2.98973	45.84324
16137	1.00000	-0.11199	-0.53808	0.69195	0.06540	-0.11199	-0.68598	0.70917	3.96841	57.07796
16157	1.00000	0.02823	-1.08607	0.72382	-1.00440	0.02823	-1.23778	1.31270	4.84124	43.21085
16177	1.00000	0.40376	-0.46072	0.49823	0.06405	0.40376	-0.29888	0.53087	5.78464	66.05563
16197	1.00000	0.00566	-0.00944	0.00438	-0.00843	0.00566	-0.00763	0.05402	0.52002	50.35795
16217	1.00000	-0.25221	0.36448	0.23036	0.29377	-0.25221	0.27526	0.42817	1.56159	49.48339
16237	1.00000	0.17489	0.51599	0.67168	0.25474	0.17489	0.69678	0.68596	2.56482	49.36964
16257	1.00000	0.37958	-0.43009	0.41242	0.22575	0.37958	-0.27748	0.39494	3.53889	46.26814
16277	1.00000	-0.87434	0.21459	0.87916	0.23985	-0.87434	-0.25701	0.92061	4.45161	38.79043
16297	1.00000	0.41182	0.05987	0.43952	0.26566	0.41182	0.30689	0.46009	5.36586	61.21537
16317	1.00000	0.38925	-0.39464	0.44830	0.06230	0.38925	-0.23095	0.44997	0.08744	64.96878
16337	1.00000	0.01533	-0.18511	0.20082	-0.04338	0.01533	-0.20490	0.23064	1.10907	67.18154
16357	1.00000	-0.27316	0.39994	0.27224	0.30490	-0.27316	0.30410	0.40097	2.12763	46.37630
16377	1.00000	0.12171	0.46925	0.60630	0.14780	0.12171	0.61211	0.64992	3.12165	64.81571
16397	1.00000	0.59233	-0.75727	0.77934	0.16406	0.59233	-0.53244	0.83603	4.06198	43.51731
16417	1.00000	-0.58584	0.76419	0.73095	0.32392	-0.58584	0.54418	0.72746	4.93942	58.15944
16437	1.00000	0.56010	-0.09808	0.53012	0.27712	0.56010	0.21012	0.53056	5.91810	46.81175
16457	1.00000	0.31511	-0.38174	0.39671	0.09442	0.31511	-0.25887	0.41206	0.65348	54.92514
16477	1.00000	-0.00239	-0.07874	0.08604	-0.03350	-0.00239	-0.09230	0.10535	1.66284	47.14347
16497	1.00000	-0.55522	0.75613	0.72393	0.29912	-0.55522	0.55255	0.73433	2.66146	47.25547
16517	1.00000	0.37636	-0.06907	0.32704	0.23148	0.37636	0.13754	0.28260	3.63247	47.25490
16537	1.00000	-0.18130	-0.66379	0.86910	0.19063	-0.18130	-0.87116	0.90198	4.54519	42.12316
16557	1.00000	-0.19741	0.17430	0.19641	-0.08947	-0.19741	0.08729	0.23096	5.47478	46.37630
16577	1.00000	0.35057	-0.04489	0.33548	0.18168	0.35057	0.15056	0.31837	0.20555	54.92514
16597	1.00000	0.52303	-0.72504	0.68805	0.29434	0.52303	-0.53523	0.70459	1.23485	46.59273
16617	1.00000	-0.53749	0.64976	0.63915	0.27179	-0.53749	0.43996	0.64611	2.09082	61.21509
16637	1.00000	0.53753	-0.12226	0.43656	0.35627	0.53753	0.16918	0.41008	3.06489	61.79561
16657	1.00000	0.31189	-0.38335	0.40585	-0.03863	0.31189	-0.26259	0.44269	4.04357	57.61390
16677	1.00000	-0.65514	0.80932	0.83530	0.20231	-0.65514	0.55627	0.86165	4.93328	43.41467
16697	1.00000	0.48918	-0.03200	0.54425	0.05765	0.48918	0.24548	0.57226	5.88282	63.62151
16717	1.00000	0.00083	-0.14643	0.13862	0.09598	0.00083	-0.16861	0.29271	0.61359	51.87375
16737	1.00000	-0.38598	0.09049	0.31977	0.24645	-0.38598	-0.11836	0.31812	1.64289	47.70767
16757	1.00000	-0.37631	0.47892	0.49398	0.10133	-0.37631	0.33574	0.53913	2.64305	47.70767
16777	1.00000	0.85343	-0.21090	0.79542	0.39701	0.85343	0.24920	0.82104	3.61866	43.10965
16797	1.00000	-0.09426	-0.57193	0.72101	0.00497	-0.09426	-0.71483	0.75680	4.53138	57.07852
16817	1.00000	0.06852	0.33225	0.36160	0.23025	0.06852	0.42321	0.34948	5.44563	42.41434
16837	1.00000	0.42955	-0.04812	0.46330	0.08288	0.42955	0.19244	0.46326	0.18561	53.42221
16857	1.00000	-0.14745	-0.43171	0.52405	0.29616	-0.14745	-0.58362	0.46616	1.15202	46.37602
16877	1.00000	-0.23448	0.02119	0.25939	-0.00001	-0.23448	-0.11091	0.29686	2.16598	63.62151
16897	1.00000	0.18618	0.48053	0.61378	0.31080	0.18618	0.66235	0.65926	3.13546	63.62151
16917	1.00000	0.67936	-0.95552	0.84526	0.50276	0.67936	-0.71110	0.83728	4.08499	57.61390
16937	1.00000	-0.53587	0.49987	0.50407	0.32363	-0.53587	0.26781	0.46597	4.97930	55.90834
16957	1.00000	0.03306	0.37415	0.45125	0.03094	0.03306	0.45113	0.46564	5.97639	64.06324
16977	1.00000	-0.01529	0.11628	0.02102	-0.12460	-0.01529	0.12544	0.12032	0.72097	49.60633
16997	1.00000	-0.22320	-0.47522	0.59710	0.39036	-0.22320	-0.67761	0.66917	1.72266	49.94370
17017	1.00000	-0.27155	0.04214	0.29226	0.00179	-0.27155	-0.10812	0.32554	2.73202	60.08698
17037	1.00000	0.11365	0.46925	0.61215	0.08463	0.11365	0.60745	0.67331	3.68155	46.70213
17057	1.00000	0.06046	-0.59127	0.58846	0.27752	0.06046	-0.64783	0.59827	4.59274	42.41324
17077	1.00000	-0.53587	0.62558	0.58656	0.33703	-0.53587	0.41297	0.54148	5.53307	62.23806
17097	1.00000	0.02823	0.28712	0.34708	0.03621	0.02823	0.34784	0.39930	0.26998	50.10493
17117	1.00000	0.17328	0.03086	0.20809	-0.07161	0.17328	0.13568	0.22923	1.30082	46.37630
17137	1.00000	-0.16196	-0.41237	0.50535	0.30881	-0.16196	-0.56966	0.54526	2.29484	46.37630
17157	1.00000	-0.19580	-0.00621	0.22226	-0.05822	-0.19580	-0.12022	0.23994	3.29346	58.99889
17177	1.00000	0.44728	0.02763	0.47136	0.24904	0.44728	0.29014	0.67993	4.20618	43.51731
17197	1.00000	-0.14906	-0.46555	0.54330	0.34049	-0.14906	-0.62363	0.61174	5.14957	45.94886
17217	1.00000	-0.29412	0.40961	0.30099	0.29632	-0.29412	0.30317	0.45173	6.12519	46.37630
17237	1.00000	0.05885	0.13401	0.12909	0.14968	0.05885	0.18872	0.11525	0.89431	49.94357
17257	1.00000	0.41826	-0.09325	0.35625	0.25678	0.41826	0.13381	0.34980	1.92821	46.81175
17277	1.00000	0.25709	-0.32372	0.34137	0.01897	0.25709	-0.22537	0.38300	2.92223	46.70213
17297	1.00000	-0.81793	0.21621	0.81160	0.24450	-0.81793	-0.22258	0.92676	3.88404	42.41379
17317	1.00000	0.77929	-0.19317	0.70472	0.40253	0.77929	0.22687	0.67553	4.75534	57.47954
17337	1.00000	-0.24738	-0.56226	0.70551	0.43675	-0.24738	-0.79206	0.73143	5.71868	45.84324
17357	1.00000	0.01533	-0.11581	0.01489	-0.12492	0.01533	-0.12487	0.12223	0.43872	48.63841
17377	1.00000	-0.00078	0.17591	0.15949	0.12505	-0.00078	0.20267	0.15975	1.47416	63.62151
17397	1.00000	0.62618	-0.11420	0.62081	0.24367	0.62618	0.22966	0.64825	2.47124	64.81627
17417	1.00000	-0.06042	-0.37530	0.35335	0.31309	-0.06042	-0.46824	0.58676	3.46373	59.53769
17437	1.00000	-0.53587	0.66426	0.61847	0.33765	-0.53587	0.45764	0.58496	4.38105	42.80889
17457	1.00000	0.68903	-0.11581	0.72636	0.12985	0.68903	0.26409	0.79576	5.31371	45.52924
17477	1.00000	-0.07492	-0.40270	0.49219	0.14718	-0.07492	-0.50825	0.46379	0.00153	63.04049
17497	1.00000	0.00728	-0.07390	0.01043	-0.08079	0.00728	-0.08114	0.09234	1.00476	48.58763
17517	1.00000	0.08625	0.22104	0.22009	0.22809	0.08625	0.30503	0.22700	2.02639	63.62151
17537	1.00000	0.70837	-0.19801	0.64007	0.35290	0.70837	0.18034	0.64411	3.05109	46.70213
17557	1.00000	-0.19902	-0.58482	0.76605	0.27780	-0.19902	-0.79020	0.80626	3.98375	42.41434
17577	1.00000	-0.11038	0.35804	0.35110	0.10573	-0.11038	0.34970	0.33036	4.88113	56.42244
17597	1.00000	0.11043	-0.00299	0.11580	-0.04919	0.11043	0.06030	0.12569	5.84907	45.84324
17617	1.00000	-0.07170	-0.23346	0.23289	0.21817	-0.07170	-0.31098	0.39170	0.60746	49.60633
17637	1.00000	-0.39404	0.36287	0.39223	0.19512	-0.39404	0.19151	0.32129	1.55085	42.80889
17657	1.00000	0.12654	0.45958	0.59932	0.14585	0.12654	0.60373	0.65460	2.55868	45.42553
17677	1.00000	0.52464	-0.66541	0.62300	0.32210	0.52464	-0.46545	0.59452	3.52816	46.81175
17697	1.00000	-0.88884	0.21459	0.88728	0.27044	-0.88884	-0.26538	0.92751	4.45468	41.64666
17717	1.00000	0.40537	-0.02878	0.39591	0.21883	0.40537	0.20081	0.35541	5.34592	43.93275
17737	1.00000	0.41182	-0.53808	0.52476	0.20320	0.41182	-0.38356	0.47948	0.08744	65.43064
17757	1.00000	0.02984	-0.04650	0.02304	-0.04111	0.02984	-0.03647	0.06204	1.09526	47.70753
17777	1.00000	-0.22642	0.44829	0.26325	0.36285	-0.22642	0.38692	0.22343	2.11843	46.26842
17797	1.00000	0.05885	0.26456	0.34436	0.00998	0.05885	0.33946	0.40328	3.10478	46.37630
17817	1.00000	0.51013	-0.66541	0.69098	0.08511	0.51013	-0.47382	0.72290	4.05431	43.51731
17837	1.00000	-0.69382	0.49987	0.71582	-0.01050	-0.69382	0.17662	0.66802	4.91794	32.10667
17857	1.00000	0.31028	-0.34629	0.31463	0.21444	0.31028	-0.22072	0.24891	5.83833	64.06435
17877	1.00000	-0.09426	-0.22541	0.24785	0.21561	-0.09426	-0.31470	0.22908	0.59825	52.50790
17897	1.00000	-0.76152	0.19364	0.72123	0.32605	-0.76152	-0.21606	0.70263	1.61988	50.17681
17917	1.00000	-0.14745	0.11306	0.13432	-0.07589	-0.14745	0.04541	0.17346	2.62311	46.37574
17937	1.00000	0.54720	-0.07874	0.59018	0.04142	0.54720	0.22501	0.64782	3.59258	42.41434
17957	1.00000	-0.19902	-0.17061	0.36792	0.03921	-0.19902	-0.31191	0.35784	4.50223	43.21085
17977	1.00000	0.00889	0.20815	0.21018	0.12709	0.00889	0.24548	0.18752	5.45484	45.94777
17997	1.00000	0.36830	-0.03200	0.40425	0.05543	0.36830	0.17569	0.43173	0.18408	49.48325
18017	1.00000	-0.02012	-0.44782	0.48605	0.20906	-0.02012	-0.52872	0.45441	1.15049	56.42217
18037	1.00000	-0.17001	0.19042	0.14415	0.15144	-0.17001	0.12172	0.21679	2.14451	45.42553
18057	1.00000	0.20874	0.46763	0.57736	0.38264	0.20874	0.66049	0.63407	3.15080	45.73809
18077	1.00000	0.47145	-0.57837	0.53168	0.31004	0.47145	-0.39566	0.49134	4.10033	41.93071
18097	1.00000	-0.60679	0.75452	0.78959	0.12637	-0.60679	0.52091	0.84112	4.92561	43.51731
18117	1.00000	0.54398	-0.06907	0.58264	0.10648	0.54398	0.23431	0.60130	5.88742	60.08698
18137	1.00000	-0.00239	-0.18189	0.15852	0.13990	-0.00239	-0.21141	0.23251	0.61513	68.00905
18157	1.00000	-0.35375	0.10016	0.26866	0.24657	-0.35375	-0.08858	0.30975	1.63983	62.23806
18177	1.00000	0.17328	0.39672	0.41181	0.41464	0.17328	0.55814	0.48177	2.59550	45.94886
18197	1.00000	0.25065	0.00668	0.28119	-0.08354	0.25065	0.15243	0.34055	3.57418	45.52924
18217	1.00000	-0.68254	0.13240	0.63549	0.34660	-0.68254	-0.24119	0.65938	4.47769	40.27169
18237	1.00000	0.14105	0.54500	0.67654	0.25943	0.14105	0.71074	0.70642	5.41649	59.53824
18257	1.00000	0.20713	-0.17544	0.20922	0.07757	0.20713	-0.08300	0.11634	0.12732	51.87375
18277	1.00000	-0.04591	-0.33339	0.29348	0.29203	-0.04591	-0.41147	0.37038	1.18884	61.90945
18297	1.00000	-0.74540	0.18881	0.70311	0.32608	-0.74540	-0.21234	0.67742	2.19206	46.81119
18317	1.00000	-0.09587	0.10338	0.10962	-0.03569	-0.09587	0.06403	0.11749	3.18454	43.21085
18337	1.00000	0.48273	-0.07713	0.51656	-0.04611	0.48273	0.18965	0.55026	4.14328	38.87981
18357	1.00000	-0.91624	0.21943	0.87907	0.37757	-0.91624	-0.27562	0.90041	5.04066	43.21085
18377	1.00000	0.10076	0.31452	0.34876	0.25696	0.10076	0.42135	0.33065	6.02087	45.52924
18397	1.00000	0.57944	-0.10775	0.58664	0.18903	0.57944	0.21012	0.57763	0.76085	49.97932
18417	1.00000	0.13621	-0.11903	0.13781	-0.05495	0.13621	-0.05880	0.17743	1.77021	46.26870
18437	1.00000	-0.42950	0.09371	0.36569	0.26506	-0.42950	-0.13976	0.28214	2.78264	47.14319
18457	1.00000	0.23130	0.90280	1.18838	0.15493	0.23130	1.17601	1.24348	3.74752	42.41434
18477	1.00000	-0.04430	-0.59127	0.60031	0.37848	-0.04430	-0.70831	0.82357	4.58814	56.55245
18497	1.00000	0.89533	-1.04255	0.14598	-1.11892	0.89533	-0.68691	1.19674	5.53153	43.93275
18517	1.00000	-0.01690	0.19042	0.20915	-0.02623	-0.01690	0.21012	0.23288	0.26384	64.70886
18537	1.00000	0.11526	-0.12226	0.10894	0.08357	0.11526	-0.07462	0.07468	1.27014	60.08670
18557	1.00000	-0.10393	-0.27537	0.30189	0.25004	-0.10393	-0.37798	0.27462	2.30864	60.08698
18577	1.00000	-0.25544	0.02763	0.27947	-0.02232	-0.25544	-0.11557	0.32611	3.29652	59.94830
18597	1.00000	0.06852	0.39511	0.49589	-0.06773	0.06852	0.49579	0.52648	4.23379	43.21085
18617	1.00000	-0.13133	-0.57031	0.69626	0.26775	-0.13133	-0.73437	0.67391	5.13577	59.94884
18637	1.00000	-0.18130	0.15980	0.18552	0.06943	-0.18130	0.07984	0.26047	6.12212	46.37630
18657	1.00000	0.05563	0.16302	0.16834	0.15267	0.05563	0.22035	0.14835	0.88204	46.37616
18677	1.00000	0.71966	-0.16738	0.70365	0.26864	0.71966	0.22222	0.69852	1.90214	50.06012
18697	1.00000	0.00566	-0.32211	0.29985	0.21458	0.00566	-0.36867	0.31358	2.89769	46.37630
18717	1.00000	-0.40533	0.04214	0.44387	-0.04000	-0.40533	-0.18536	0.45845	3.86103	56.03599
18737	1.00000	0.81475	-0.15449	0.82518	0.26093	0.81475	0.29200	0.83375	4.74767	43.21085
18757	1.00000	-0.04430	-0.43332	0.52663	0.03461	-0.04430	-0.52593	0.55841	5.69260	63.62151
18777	1.00000	-0.20708	0.25489	0.22297	0.15396	-0.20708	0.17476	0.15882	0.40650	53.82389
18797	1.00000	0.16039	0.38382	0.43740	0.34847	0.16039	0.53580	0.44531	1.44194	59.53796
18817	1.00000	0.27482	0.01313	0.32262	-0.04067	0.27482	0.17383	0.36929	2.44517	60.64537
18837	1.00000	-0.15551	-0.36724	0.44192	0.30478	-0.15551	-0.51383	0.48911	3.43765	42.41434
18857	1.00000	-0.64225	0.78998	0.83187	0.11625	-0.64225	0.54139	0.87695	4.34884	44.03785
18877	1.00000	0.27321	-0.21090	0.27570	0.07737	0.27321	-0.08579	0.22241	5.26002	42.80889
18897	1.00000	0.06046	-0.21090	0.19790	-0.08950	0.06046	-0.20862	0.23136	6.25864	49.25640
18917	1.00000	-0.19741	0.19203	0.17434	0.14207	-0.19741	0.10776	0.17803	1.00169	49.36950
18937	1.00000	0.36669	-0.04489	0.35307	0.18800	0.36669	0.15987	0.36029	1.92054	43.62015
18957	1.00000	0.12815	-0.11259	0.12950	-0.05280	0.12815	-0.05601	0.16190	2.90843	46.81175
18977	1.00000	-0.76635	0.18075	0.78031	0.18146	-0.76635	-0.23374	0.84945	3.88097	41.93071
18997	1.00000	0.96625	-0.21735	0.92268	0.42008	0.96625	0.30689	0.88948	4.75534	43.21085
19017	1.00000	-0.13294	-0.53808	0.67415	0.22464	-0.13294	-0.69808	0.67464	5.70794	42.41434
19037	1.00000	-0.21675	0.31774	0.18553	0.26647	-0.21675	0.24176	0.29607	0.42031	68.00905
19057	1.00000	-0.03785	0.09694	0.09534	0.02136	-0.03785	0.09008	0.07685	1.46802	49.03149
19077	1.00000	0.62456	-0.11903	0.62329	0.22658	0.62456	0.22315	0.57771	2.46818	47.14375
19097	1.00000	-0.04430	-0.32856	0.32307	0.24814	-0.04430	-0.40496	0.50885	3.45759	45.52870
19117	1.00000	-0.64225	0.76741	0.70764	0.42095	-0.64225	0.51533	0.69021	4.38105	56.94608
19137	1.00000	0.75350	-0.14804	0.74305	0.29219	0.75350	0.26409	0.83363	5.32905	42.80889
19157	1.00000	-0.05397	-0.24797	0.26278	0.18614	-0.05397	-0.31749	0.22538	0.02915	46.26759
19177	1.00000	-0.35859	0.10338	0.27323	0.24820	-0.35859	-0.08765	0.25234	1.07379	52.25239
19197	1.00000	-0.48913	0.57723	0.56464	0.26064	-0.48913	0.38413	0.57722	2.10616	47.25518
19217	1.00000	0.21358	0.02925	0.22954	0.13265	0.21358	0.15708	0.42978	3.08177	47.25547
19237	1.00000	0.47145	-0.58966	0.62377	0.01300	0.47145	-0.40868	0.67431	4.05431	43.51675
19257	1.00000	-0.61163	0.80126	0.77556	0.31594	-0.61163	0.57209	0.79028	4.94095	43.51618
19277	1.00000	0.54720	-0.13515	0.49400	0.28449	0.54720	0.15987	0.52349	5.90736	60.50521
19297	1.00000	0.23130	-0.22702	0.26408	-0.01713	0.23130	-0.12859	0.29226	0.64887	54.36894
19317	1.00000	-0.10555	-0.00299	0.10701	0.06191	-0.10555	-0.06439	0.07514	1.65363	46.81147
19337	1.00000	-0.53587	0.55306	0.62090	0.10004	-0.53587	0.32923	0.69653	2.65992	47.25547
19357	1.00000	0.56654	-0.12870	0.49231	0.33228	0.56654	0.17848	0.42320	3.63247	43.51675
19377	1.00000	-0.17646	-0.61222	0.75883	0.33087	-0.17646	-0.80881	0.75430	4.56206	56.55245
19397	1.00000	-0.19902	0.21298	0.23213	-0.05380	-0.19902	0.13102	0.24368	5.47785	61.79561
19417	1.00000	0.31350	-0.04650	0.29425	0.16702	0.31350	0.12730	0.27611	0.20555	51.13271
19437	1.00000	0.51497	-0.69442	0.67328	0.25765	0.51497	-0.50453	0.68981	1.23332	46.70185
19457	1.00000	0.00566	-0.09808	0.10331	-0.03814	0.00566	-0.10998	0.11371	2.23501	64.81627
19477	1.00000	-0.49719	0.62397	0.64832	0.12114	-0.49719	0.43344	0.70921	3.21829	43.51731
19497	1.00000	0.65035	-0.10292	0.69914	-0.00433	0.65035	0.25664	0.73971	4.14942	42.41434
19517	1.00000	-0.90818	0.21298	0.88079	0.35552	-0.90818	-0.27841	0.91349	5.03759	42.80889
19537	1.00000	0.13944	0.39349	0.45995	0.30648	0.13944	0.53487	0.46743	6.01321	49.25640
19557	1.00000	0.58266	-0.11903	0.55012	0.27636	0.58266	0.19895	0.56485	0.76699	50.61357
19577	1.00000	0.12171	-0.08841	0.10625	-0.06735	0.12171	-0.03182	0.14719	1.76715	46.48440
19597	1.00000	-0.48752	0.11467	0.41748	0.29261	-0.48752	-0.14907	0.33751	2.77957	47.25490
19617	1.00000	-0.35375	0.39349	0.43140	-0.03967	-0.35375	0.25013	0.45648	3.76286	56.42244
19637	1.00000	0.67775	-0.97324	0.89322	0.44497	0.67775	-0.73251	0.88334	4.65410	43.93275
19657	1.00000	-0.60679	0.10016	0.64442	0.08897	-0.60679	-0.23467	0.69296	5.59750	45.94886
19677	1.00000	0.06046	0.27423	0.29809	0.19590	0.06046	0.35156	0.23285	0.31140	49.60633
19697	1.00000	0.71966	-0.15127	0.65998	0.37449	0.71966	0.24083	0.55487	1.34530	46.81175
19717	1.00000	0.11204	-0.08196	0.10093	-0.05711	0.11204	-0.02996	0.12657	2.34239	60.64593
19737	1.00000	-0.92108	0.27100	0.78957	0.52222	-0.92108	-0.21886	0.73165	3.33948	60.50521
19757	1.00000	0.24420	0.70939	0.88533	0.44445	0.24420	0.96012	0.89756	4.27214	52.89604
19777	1.00000	0.08947	-0.40753	0.38533	0.18716	0.08947	-0.41892	0.52185	5.17412	58.99943
19797	1.00000	-0.64064	0.13723	0.62969	0.24203	-0.64064	-0.21141	0.61755	6.18961	49.82782
19817	1.00000	-0.12327	0.05665	0.06738	-0.10338	-0.12327	-0.00576	0.13874	0.89584	43.62029
19837	1.00000	0.70837	-0.12548	0.71658	0.24084	0.70837	0.26409	0.69037	1.90367	50.41265
19857	1.00000	0.00889	-0.30760	0.27982	0.21051	0.00889	-0.35006	0.28519	2.89462	46.81175
19877	1.00000	-0.75990	0.18558	0.76684	0.19934	-0.75990	-0.22444	0.84845	3.88097	45.52870
19897	1.00000	0.75189	-0.17061	0.70532	0.35212	0.75189	0.23710	0.74377	4.75841	43.21085
19917	1.00000	-0.15229	-0.53808	0.65435	0.31303	-0.15229	-0.70924	0.60668	5.71715	45.11721
19937	1.00000	0.01211	-0.12064	0.02201	-0.13102	0.01211	-0.13232	0.11900	0.44025	52.12556
19957	1.00000	-0.04430	0.15980	0.14991	0.06889	-0.04430	0.15894	0.13800	1.46955	63.62151
19977	1.00000	0.62779	-0.13193	0.62519	0.21770	0.62779	0.21012	0.67459	2.47124	47.25547
19997	1.00000	-0.07009	-0.23024	0.24302	0.19921	-0.07009	-0.30632	0.23165	3.44992	45.94886
20017	1.00000	-0.61163	0.83833	0.76931	0.40026	-0.61163	0.61490	0.79901	4.37185	43.62043
20037	1.00000	0.43761	-0.01749	0.49389	-0.03978	0.43761	0.23245	0.51664	5.29377	60.08588
20057	1.00000	-0.07170	-0.37530	0.46179	0.13140	-0.07170	-0.47475	0.46413	0.00000	63.47525
20077	1.00000	-0.09426	-0.02233	0.11386	-0.04851	-0.09426	-0.08021	0.13224	1.01243	49.94357
20097	1.00000	0.63101	-0.14160	0.56736	0.34140	0.63101	0.20081	0.48739	1.90981	60.50494
20117	1.00000	0.03790	-0.20607	0.19628	0.09795	0.03790	-0.21606	0.40293	2.89769	46.70213
20137	1.00000	-0.68576	0.15496	0.70916	0.11989	-0.68576	-0.21699	0.76876	3.87637	42.41379
20157	1.00000	0.53431	-0.01105	0.55466	0.25548	0.53431	0.29573	0.51877	4.77375	39.98426
20177	1.00000	-0.12005	-0.37046	0.42970	0.27720	-0.12005	-0.49708	0.42505	5.72635	45.84324
20197	1.00000	-0.44884	0.08888	0.45261	0.14513	-0.44884	-0.15651	0.44427	0.47400	53.42222
20217	1.00000	-0.04913	0.12917	0.12582	0.03423	-0.04913	0.12079	0.11093	1.47262	49.36964
20237	1.00000	0.41988	-0.08035	0.37143	0.24639	0.41988	0.14963	0.38256	2.49579	47.25547
20257	1.00000	0.14105	-0.14966	0.16146	-0.04664	0.14105	-0.09137	0.20036	3.47447	42.90868
20277	1.00000	-0.47946	0.39672	0.46345	0.21890	-0.47946	0.18127	0.62645	4.40866	38.52474
20297	1.00000	0.88889	-0.20123	0.83684	0.41070	0.88889	0.28084	0.78479	5.33212	46.37630
20317	1.00000	0.09270	0.00346	0.02308	-0.10661	0.09270	0.05751	0.11437	0.05062	46.26870
20337	1.00000	-0.06686	0.00023	0.06324	0.04406	-0.06686	-0.03833	0.03511	1.08913	47.25547
20357	1.00000	-0.25705	0.20009	0.26068	0.07030	-0.25705	0.08264	0.22574	2.11536	64.21306
20377	1.00000	0.07658	0.41445	0.52450	0.06373	0.07658	0.52278	0.55603	3.11551	60.64537
20397	1.00000	0.56977	-0.68475	0.72923	0.07736	0.56977	-0.46172	0.77799	4.05738	57.61446
20417	1.00000	0.20229	0.69972	0.88655	0.33168	0.20229	0.92476	0.91057	4.84431	42.80889
20437	1.00000	0.55848	-0.63640	0.67357	0.16825	0.55848	-0.41240	0.69910	5.80305	46.70101
20457	1.00000	0.11043	-0.11420	0.03867	-0.12384	0.11043	-0.06811	0.13207	0.53689	50.61357
20477	1.00000	-0.41500	0.54661	0.41134	0.39535	-0.41500	0.39157	0.42464	1.54932	60.50521
20497	1.00000	-0.37631	-0.32694	0.14443	-0.68879	-0.37631	-0.59479	0.67741	2.58476	47.25547
20517	1.00000	0.34413	-0.01588	0.38552	-0.04796	0.34413	0.18034	0.42647	3.57724	60.50521
20537	1.00000	-0.25544	-0.15449	0.40686	0.07665	-0.25544	-0.32587	0.39437	4.50070	43.62043
20557	1.00000	0.13138	0.45152	0.53007	0.30476	0.13138	0.59722	0.53539	5.42876	42.70956
20577	1.00000	0.17812	0.06793	0.23741	-0.09063	0.17812	0.18127	0.28485	0.17027	49.60635
20597	1.00000	-0.09910	-0.33662	0.32713	0.31877	-0.09910	-0.44590	0.33759	1.17810	49.71248
20617	1.00000	-0.45690	0.11628	0.38146	0.28285	-0.45690	-0.12952	0.36727	2.21047	46.70213
20637	1.00000	-0.25544	0.26778	0.29948	-0.04119	-0.25544	0.16173	0.33417	3.19682	61.21481
20657	1.00000	0.58266	-0.10292	0.62191	-0.00291	0.58266	0.21756	0.67248	4.14788	42.02699
20677	1.00000	-0.92269	0.22749	0.87378	0.40089	-0.92269	-0.27003	0.88912	5.04219	43.21085
20697	1.00000	0.06369	0.20976	0.21715	0.18633	0.06369	0.27898	0.18325	6.02087	63.04049
20717	1.00000	0.48112	-0.09647	0.43945	0.25696	0.48112	0.16638	0.52890	0.77313	49.48324
20737	1.00000	0.46017	-0.50262	0.54806	0.10206	0.46017	-0.31470	0.60793	1.79629	64.66420
20757	1.00000	0.28933	-0.17383	0.09457	-0.27549	0.28933	-0.03368	0.29562	2.80565	60.08643
20777	1.00000	-0.58423	0.72712	0.74850	0.18248	-0.58423	0.50230	0.79336	3.78280	62.38638
20797	1.00000	0.35057	-0.19962	0.34972	0.03719	0.35057	-0.02810	0.32718	4.68938	42.80889
20817	1.00000	-0.30218	0.03086	0.27782	0.18272	-0.30218	-0.13883	0.21494	5.64352	47.25547
20837	1.00000	-0.16840	0.16947	0.17424	0.08767	-0.16840	0.09845	0.10757	0.40957	53.42222
20857	1.00000	0.19746	0.54177	0.68099	0.34947	0.19746	0.73959	0.70273	1.43120	48.91980
20877	1.00000	0.16361	0.05665	0.20564	-0.10018	0.16361	0.15987	0.24373	2.44056	45.52870
20897	1.00000	-0.13617	-0.50101	0.65382	0.15125	-0.13617	-0.65713	0.73520	3.41004	42.80889
20917	1.00000	-0.43111	0.52082	0.55430	-0.05304	-0.43111	0.35249	0.59123	4.33043	43.21085
20937	1.00000	0.66163	-0.91361	0.79917	0.50183	0.66163	-0.67295	0.74518	5.23548	58.16057
20957	1.00000	0.10559	-0.13837	0.07039	-0.12633	0.10559	-0.09882	0.15904	6.24944	47.25547
20977	1.00000	-0.20708	0.31452	0.19055	0.25672	-0.20708	0.24362	0.35199	0.99095	45.94873
20997	1.00000	0.16200	0.57078	0.69781	0.32508	0.16200	0.75262	0.65449	1.99878	63.62123
21017	1.00000	0.15394	0.06470	0.19513	-0.11126	0.15394	0.16359	0.23495	3.00200	58.86625
21037	1.00000	-0.04430	-0.34145	0.41943	-0.04812	-0.04430	-0.41985	0.45260	3.95614	58.71713
21057	1.00000	0.07013	0.42734	0.47872	0.24664	0.07013	0.53394	0.49263	4.86272	42.41434
21077	1.00000	0.43599	-0.55903	0.51213	0.28791	0.43599	-0.39379	0.49056	5.81839	43.62043
21097	1.00000	-0.05558	-0.30438	0.37722	0.08887	-0.05558	-0.38356	0.39303	0.56144	68.51524
21117	1.00000	-0.31023	0.34192	0.28870	0.24373	-0.31023	0.21570	0.24961	1.56466	45.73809
21137	1.00000	0.67775	-0.13031	0.62449	0.35684	0.67775	0.24083	0.68778	2.48658	43.51731
21157	1.00000	0.09270	-0.29632	0.28614	0.10012	0.09270	-0.28864	0.44071	3.46680	46.81119
21177	1.00000	-0.45690	0.61430	0.52688	0.36006	-0.45690	0.44554	0.52612	4.38412	42.02699
21197	1.00000	0.53270	-0.03845	0.59404	0.00990	0.53270	0.26316	0.64016	5.29990	56.55245
21217	1.00000	-0.08620	-0.32856	0.35819	0.25158	-0.08620	-0.42915	0.26824	0.02608	63.47415
21237	1.00000	-0.43595	0.12917	0.34861	0.28114	-0.43595	-0.10254	0.37703	1.06151	62.98944
21257	1.00000	-0.26833	0.28067	0.31583	-0.02929	-0.26833	0.16918	0.35247	2.06781	50.89050
21277	1.00000	0.37636	-0.06746	0.33102	0.22693	0.37636	0.13940	0.31908	3.06796	47.14375
21297	1.00000	-0.02657	-0.30438	0.31453	0.19055	-0.02657	-0.36681	0.29661	4.01750	42.61070
21317	1.00000	-0.63419	0.73196	0.75548	0.24660	-0.63419	0.47904	0.81620	4.94402	43.61930
21337	1.00000	0.55043	-0.07713	0.57583	0.15389	0.55043	0.22873	0.53642	5.89355	58.33948
21357	1.00000	0.25548	-0.27859	0.30783	0.02894	0.25548	-0.17419	0.34588	0.64887	54.50694
21377	1.00000	-0.24576	0.03247	0.20919	0.16592	-0.24576	-0.10440	0.17516	1.65210	50.41238
21397	1.00000	-0.48752	0.65298	0.63890	0.22951	-0.48752	0.47253	0.68292	2.65839	47.14375
21417	1.00000	0.58266	-0.14966	0.48469	0.36235	0.58266	0.16359	0.49546	3.62786	58.16001
21437	1.00000	-0.12166	-0.62511	0.79886	0.06305	-0.12166	-0.79206	0.85020	4.53598	42.80889
21457	1.00000	-0.12972	0.15496	0.16233	-0.03602	-0.12972	0.10404	0.18042	5.46864	46.81175
21477	1.00000	0.43116	-0.04650	0.46320	0.09718	0.43116	0.19523	0.46063	0.18715	48.99693
21497	1.00000	0.26032	-0.30438	0.32834	0.02064	0.26032	-0.20118	0.35912	1.20878	66.05678
21517	1.00000	-0.43111	-0.07068	0.54270	-0.02370	-0.43111	-0.33052	0.68891	2.16751	49.03094
21537	1.00000	0.24097	0.60302	0.75904	0.42397	0.24097	0.83543	0.72464	3.14466	45.01537
21557	1.00000	0.62456	-0.81530	0.81675	0.24552	0.62456	-0.58083	0.84786	4.06812	58.71713
21577	1.00000	-0.28445	0.22749	0.28705	0.09054	-0.28445	0.09845	0.23823	4.97163	42.31683
21597	1.00000	-0.09104	0.15013	0.08536	-0.12485	-0.09104	0.12079	0.16034	5.95491	47.25547
21617	1.00000	-0.02174	0.10661	0.00681	-0.11246	-0.02174	0.11055	0.11714	0.71637	68.68575
21637	1.00000	-0.22159	-0.59933	0.74219	0.41307	-0.22159	-0.81998	0.69543	1.72113	46.16159
21657	1.00000	-0.19902	0.00507	0.22158	-0.04896	-0.19902	-0.10905	0.23544	2.72282	45.94886
21677	1.00000	0.10237	0.42895	0.56302	0.02855	0.10237	0.55441	0.60809	3.68155	42.51229
21697	1.00000	0.04918	-0.62995	0.62141	0.32381	0.04918	-0.69901	0.66532	4.58814	52.77362
21717	1.00000	-0.30701	0.36771	0.27570	0.28179	-0.30701	0.24734	0.47009	5.55454	59.53824
21737	1.00000	0.08141	0.36610	0.41872	0.22785	0.08141	0.46974	0.33801	0.29759	49.48324
21757	1.00000	0.58911	-0.12870	0.59077	0.18625	0.58911	0.19151	0.62147	1.32536	48.15173
21777	1.00000	-0.05236	-0.20123	0.21523	0.15928	-0.05236	-0.26259	0.18430	2.31018	46.37630
21797	1.00000	-0.70672	0.15980	0.71970	0.17715	-0.70672	-0.22351	0.77636	3.31647	42.02699
21817	1.00000	0.28933	0.18558	0.46068	0.12986	0.28933	0.38134	0.71163	4.21845	58.16057
21837	1.00000	-0.14100	-0.44460	0.50732	0.34095	-0.14100	-0.59479	0.51869	5.15264	56.55245
21857	1.00000	-0.17485	0.21137	0.16047	0.15905	-0.17485	0.14312	0.30011	6.13592	46.26759
21877	1.00000	-0.00723	0.05503	0.05287	0.02795	-0.00723	0.05937	0.02934	0.89891	48.91953
21897	1.00000	0.19746	0.05826	0.20741	-0.16978	0.19746	0.18127	0.27206	1.82544	49.48339
21917	1.00000	-0.02657	-0.29955	0.36093	-0.03003	-0.02657	-0.36123	0.39246	2.83326	45.73809
21937	1.00000	-0.57778	0.73840	0.73927	0.23803	-0.57778	0.51905	0.76083	3.78893	43.61987
21957	1.00000	0.53431	-0.67346	0.58895	0.39843	0.53431	-0.46917	0.65452	4.66944	56.81426
21977	1.00000	-0.25382	0.02119	0.23800	0.15059	-0.25382	-0.12208	0.20272	5.64352	47.25547
21997	1.00000	-0.48752	0.59980	0.57364	0.27856	-0.48752	0.41111	0.53017	0.39423	51.00191
22017	1.00000	0.10076	0.44185	0.56721	0.10683	0.10076	0.56837	0.62406	1.41433	45.84296
22037	1.00000	0.11043	-0.08196	0.11043	0.03089	0.11043	-0.03089	0.06826	2.41142	45.94886
22057	1.00000	-0.07492	-0.39947	0.50814	0.04384	-0.07492	-0.50453	0.53192	3.40390	46.26870
22077	1.00000	-0.12166	0.43862	0.43706	0.11857	-0.12166	0.43624	0.42167	4.30742	42.02699
22097	1.00000	0.41988	-0.45911	0.46156	0.21452	0.41988	-0.28771	0.45499	5.24775	45.42553
22117	1.00000	0.02339	-0.23991	0.26102	-0.04312	0.02339	-0.26352	0.29319	6.26478	46.37630
22137	1.00000	-0.24093	0.33870	0.20997	0.27830	-0.24093	0.25199	0.25087	0.99555	51.01124
22157	1.00000	0.19262	0.57240	0.72177	0.33512	0.19262	0.77216	0.69636	2.00184	45.73782
22177	1.00000	0.08303	0.08566	0.11008	-0.12782	0.08303	0.14684	0.19715	2.99893	45.01537
22197	1.00000	-0.02979	-0.28182	0.33702	-0.06835	-0.02979	-0.34262	0.37670	3.94847	47.25547
22217	1.00000	-0.20870	0.61591	0.43442	-0.45137	-0.20870	0.59070	0.65035	4.76148	25.14730
22237	1.00000	-0.13617	-0.50585	0.63867	0.22313	-0.13617	-0.66272	0.63320	5.70794	49.03149
22257	1.00000	-0.02979	-0.07390	0.06246	-0.08660	-0.02979	-0.10254	0.10753	0.44792	49.60633
22277	1.00000	0.11204	0.26778	0.28806	0.26330	0.11204	0.37389	0.30340	1.44654	63.32939
22297	1.00000	0.62295	-0.13998	0.57816	0.30487	0.62295	0.19802	0.56414	2.47738	64.81627
22317	1.00000	-0.09104	-0.25925	0.27848	0.23362	-0.09104	-0.35192	0.26296	3.44839	45.73809
22337	1.00000	-0.39727	0.45474	0.42625	0.25209	-0.39727	0.29573	0.41150	4.39025	42.80889
22357	1.00000	0.64391	-0.08841	0.69061	0.10176	0.64391	0.26967	0.74995	5.30757	55.90834
22377	1.00000	-0.02818	-0.24797	0.26568	0.14755	-0.02818	-0.30260	0.18752	0.02454	49.36854
22397	1.00000	-0.40533	0.10983	0.33770	0.24843	-0.40533	-0.10719	0.35175	1.06612	50.41251
22417	1.00000	-0.24738	0.26295	0.29472	-0.01323	-0.24738	0.16080	0.33940	2.07087	64.66448
22437	1.00000	0.36830	-0.06746	0.32628	0.21754	0.36830	0.13475	0.30709	3.06029	47.25547
22457	1.00000	-0.12489	-0.43332	0.45909	0.36401	-0.12489	-0.57246	0.46576	4.01596	56.68305
22477	1.00000	-0.64708	0.88507	0.82948	0.38860	-0.64708	0.64840	0.82631	4.94402	43.51618
22497	1.00000	0.63101	-0.12548	0.59498	0.30380	0.63101	0.21942	0.63674	5.91350	46.81175
22517	1.00000	0.24420	-0.23991	0.27921	-0.01315	0.24420	-0.13604	0.31908	0.65041	50.48544
22537	1.00000	-0.12972	-0.01105	0.13650	0.07667	-0.12972	-0.08765	0.09782	1.65670	50.89022
22557	1.00000	-0.48108	0.63525	0.62612	0.21690	-0.48108	0.45578	0.66772	2.65839	47.25547
22577	1.00000	0.62779	-0.15449	0.53481	0.37673	0.62779	0.18406	0.54671	3.62480	57.61390
22597	1.00000	-0.09587	-0.61222	0.76811	0.01364	-0.09587	-0.76228	0.80339	4.53291	43.10965
22617	1.00000	-0.16196	0.15174	0.16633	-0.07235	-0.16196	0.08171	0.19764	5.47171	46.26870
22637	1.00000	0.35702	-0.02233	0.39738	0.04535	0.35702	0.18034	0.54232	0.18254	52.76593
22657	1.00000	0.18456	-0.18511	0.21092	-0.03261	0.18456	-0.10719	0.23035	1.20111	60.64565
22677	1.00000	-0.81793	0.20654	0.73196	0.43339	-0.81793	-0.23374	0.65506	2.19359	64.81571
22697	1.00000	-0.26672	0.31291	0.33751	-0.01363	-0.26672	0.20733	0.36938	3.20295	43.21029
22717	1.00000	0.28933	-0.04812	0.30275	-0.06690	0.28933	0.11148	0.33848	4.12794	42.70956
22737	1.00000	-0.66642	0.15335	0.60195	0.35338	-0.66642	-0.20769	0.63102	5.05293	43.21085
22757	1.00000	0.26515	0.05503	0.30161	0.16207	0.26515	0.21663	0.29013	5.94571	47.25547
22777	1.00000	0.00728	0.08082	0.02048	-0.09562	0.00728	0.09752	0.11435	0.71330	49.60633
22797	1.00000	-0.04752	-0.22218	0.22698	0.17716	-0.04752	-0.28399	0.18700	1.74414	45.52897
22817	1.00000	-0.70511	0.15496	0.70980	0.21294	-0.70511	-0.22816	0.72882	2.75043	45.01537
22837	1.00000	0.19424	0.59012	0.75925	0.30150	0.19424	0.79356	0.77152	3.69689	59.81080
22857	1.00000	0.39248	-0.45588	0.48843	-0.07307	0.39248	-0.29981	0.49651	4.60808	53.88707
22877	1.00000	-0.60518	0.66104	0.71113	0.17821	-0.60518	0.41390	0.77582	5.50699	58.02308
22897	1.00000	0.55204	-0.07713	0.54089	0.25479	0.55204	0.22966	0.47157	0.19942	53.82389
22917	1.00000	0.57621	-0.78306	0.69588	0.41757	0.57621	-0.57153	0.66196	1.24099	65.89884
22937	1.00000	0.06369	-0.12870	0.09095	-0.09107	0.06369	-0.11184	0.14794	2.23808	65.89912
22957	1.00000	-0.49075	0.66104	0.58673	0.35622	-0.49075	0.47997	0.57010	3.23823	61.79561
22977	1.00000	0.81636	-0.18995	0.81881	0.24393	0.81636	0.25199	0.90208	4.16322	56.81426
22997	1.00000	-0.65998	0.78353	0.79439	0.28044	-0.65998	0.52371	0.89006	4.93942	36.34923
23017	1.00000	0.39248	-0.00944	0.44682	-0.02998	0.39248	0.21570	0.46270	5.87975	45.84324
23037	1.00000	0.10237	-0.05618	0.08361	-0.05933	0.10237	-0.00576	0.11962	0.63200	53.95913
23057	1.00000	-0.78892	0.21621	0.67392	0.45878	-0.78892	-0.20583	0.70028	1.62602	65.12173
23077	1.00000	-0.38437	0.47408	0.49581	0.08843	-0.38437	0.32550	0.52526	2.64305	61.21537
23097	1.00000	0.70032	-0.18995	0.63367	0.35083	0.70032	0.18499	0.71221	3.61252	46.70213
23117	1.00000	-0.02335	-0.37691	0.42805	-0.13645	-0.02335	-0.44870	0.46538	4.50990	43.82815
23137	1.00000	-0.08782	0.18397	0.18251	0.02355	-0.08782	0.16173	0.17300	5.46404	45.94777
23157	1.00000	0.42310	-0.04650	0.45225	0.10382	0.42310	0.19058	0.44953	0.18868	52.89589
23177	1.00000	0.28933	-0.35918	0.37678	0.05563	0.28933	-0.24770	0.42740	1.21184	62.23806
23197	1.00000	-0.68576	0.18558	0.59028	0.39339	-0.68576	-0.18163	0.50614	2.19666	61.64896
23217	1.00000	-0.31185	0.37415	0.40073	0.01168	-0.31185	0.25199	0.43754	3.20142	46.81119
23237	1.00000	0.34090	-0.09163	0.35177	-0.02708	0.34090	0.09101	0.37266	4.12641	56.03599
23257	1.00000	-0.59390	0.10983	0.54379	0.32202	-0.59390	-0.21606	0.45233	5.05600	46.70213
23277	1.00000	0.07013	0.23232	0.22607	0.22163	0.07013	0.30875	0.22525	6.02701	63.47525
23297	1.00000	0.16039	-0.03683	0.11345	0.12392	0.16039	0.05007	0.39079	0.79767	54.50694
23317	1.00000	0.26515	-0.32533	0.28174	0.20116	0.26515	-0.22258	0.26006	1.83464	49.71220
23337	1.00000	-0.25060	-0.54614	0.68989	0.43354	-0.25060	-0.77531	0.70291	2.86394	60.08643
23357	1.00000	-0.47785	0.63525	0.57668	0.32426	-0.47785	0.45764	0.56442	3.81041	43.51731
23377	1.00000	0.61167	-0.07713	0.66557	-0.02933	0.61167	0.26409	0.70785	4.72006	42.41434
23397	1.00000	-0.09587	-0.07229	0.16645	0.02755	-0.09587	-0.13883	0.13258	5.65425	47.59381
23417	1.00000	-0.42628	0.47408	0.48067	0.20353	-0.42628	0.30131	0.44777	0.39577	53.82389
23437	1.00000	0.15394	0.52404	0.67620	0.21913	0.15394	0.69399	0.69483	1.42200	45.84324
23457	1.00000	0.05402	0.00829	0.05786	-0.03509	0.05402	0.04076	0.07537	2.42062	46.37630
23477	1.00000	-0.09587	-0.43815	0.56225	0.08985	-0.09587	-0.56129	0.62409	3.40697	46.81175
23497	1.00000	-0.16518	0.38382	0.38192	0.04888	-0.16518	0.34784	0.38642	4.30895	42.02699
23517	1.00000	0.62940	-0.82980	0.80128	0.32841	0.62940	-0.59479	0.80251	5.22934	43.62043
23537	1.00000	-0.10555	-0.00944	0.11537	0.05465	-0.10555	-0.07183	0.06001	6.22336	47.14375
23557	1.00000	-0.27800	0.41767	0.26746	0.33054	-0.27800	0.32178	0.33857	0.98788	49.94357
23577	1.00000	0.17973	0.54500	0.69606	0.29173	0.17973	0.73308	0.69483	1.99878	45.73782
23597	1.00000	0.12815	-0.03200	0.13270	-0.01357	0.12815	0.03704	0.12212	2.99280	59.53824
23617	1.00000	-0.02335	-0.30438	0.35371	-0.09288	-0.02335	-0.36495	0.40608	3.95307	43.62043
23637	1.00000	0.06852	0.42251	0.46897	0.25080	0.06852	0.52743	0.48279	4.86425	42.41434
23657	1.00000	0.37636	-0.38658	0.40999	0.16138	0.37636	-0.22909	0.37193	5.82299	45.32229
23677	1.00000	-0.07976	-0.34790	0.42484	0.16232	-0.07976	-0.44777	0.42406	0.57678	48.75733
23697	1.00000	-0.06848	-0.04650	0.08908	-0.07380	-0.06848	-0.09323	0.13675	1.57693	45.94859
23717	1.00000	0.08625	0.20654	0.21062	0.21487	0.08625	0.28828	0.20390	2.59243	63.62151
23737	1.00000	0.39248	-0.03522	0.43275	-0.03621	0.39248	0.18592	0.45263	3.58338	46.16159
23757	1.00000	-0.24254	-0.15933	0.39683	0.07951	-0.24254	-0.32400	0.39239	4.49763	54.01356
23777	1.00000	0.19262	0.54500	0.66807	0.37291	0.19262	0.74052	0.70885	5.43029	42.41434
23797	1.00000	0.03145	0.12595	0.08494	-0.14331	0.03145	0.16359	0.16696	0.15493	67.84190
23817	1.00000	-0.11360	-0.37046	0.35986	0.35607	-0.11360	-0.49336	0.44315	1.17810	59.40261
23837	1.00000	-0.36664	0.08082	0.31753	0.21817	-0.36664	-0.11836	0.30594	2.20893	46.81175
23857	1.00000	-0.21353	0.22749	0.25038	-0.04820	-0.21353	0.13940	0.28906	3.19682	43.62043
23877	1.00000	1.02427	-1.31332	1.34422	-0.31297	1.02427	-0.92513	1.41485	4.13868	42.31683
23897	1.00000	-0.60196	0.73196	0.77330	0.10908	-0.60196	0.49765	0.83131	4.92561	46.81175
23917	1.00000	0.47145	-0.04650	0.51475	0.07078	0.47145	0.21849	0.52884	5.88435	62.75394
23937	1.00000	-0.04591	-0.22541	0.20865	0.20203	-0.04591	-0.28678	0.18718	0.61513	48.52007
23957	1.00000	-0.37470	0.10338	0.29995	0.24459	-0.37470	-0.09696	0.32291	1.64289	47.70767
23977	1.00000	-0.48752	0.67555	0.63108	0.29648	-0.48752	0.49858	0.64816	2.66452	47.25547
23997	1.00000	0.75995	-0.20607	0.67441	0.40364	0.75995	0.20081	0.66091	3.62326	46.70156
24017	1.00000	-0.12650	-0.62672	0.80386	0.06753	-0.12650	-0.79671	0.85111	4.53752	42.41434
24037	1.00000	0.11365	0.36932	0.38594	0.32566	0.11365	0.49207	0.38988	5.44563	60.64482
24057	1.00000	0.57782	-0.08841	0.56843	0.25360	0.57782	0.23152	0.54563	0.19635	54.50692
24077	1.00000	0.26032	-0.33178	0.34683	0.04099	0.26032	-0.23281	0.38368	1.21491	47.59381
24097	1.00000	-0.12650	0.00507	0.12254	0.07415	-0.12650	-0.06718	0.07800	2.22120	47.25547
24117	1.00000	-0.53587	0.63525	0.62287	0.28122	-0.53587	0.42414	0.63582	3.23823	61.79561
24137	1.00000	0.44083	0.11789	0.54493	-0.22348	0.44083	0.39064	0.61643	4.12794	46.26870
24157	1.00000	-0.93075	0.23232	0.85752	0.45083	-0.93075	-0.26910	0.79999	5.04526	61.21537
24177	1.00000	0.14427	0.41767	0.49792	0.30450	0.14427	0.56558	0.49721	6.01014	49.48339
24197	1.00000	0.47145	-0.08680	0.46332	0.19274	0.47145	0.17197	0.46413	0.76085	53.95913
24217	1.00000	0.02984	-0.22379	0.21019	0.12196	0.02984	-0.24119	0.35844	1.75794	49.48339
24237	1.00000	-0.45368	0.10983	0.39464	0.26135	-0.45368	-0.13511	0.43029	2.77651	47.25490
24257	1.00000	0.03629	0.22910	0.23718	0.16295	0.03629	0.28549	0.22684	3.73524	42.41434
24277	1.00000	0.57782	-0.66541	0.66084	0.29350	0.57782	-0.43474	0.68470	4.66637	43.51731
24297	1.00000	-0.64708	0.10983	0.68189	0.12100	-0.64708	-0.24677	0.73032	5.60056	45.42553
24317	1.00000	-0.05236	-0.00944	-0.00123	-0.06656	-0.05236	-0.04112	0.08548	0.33441	50.61357
24337	1.00000	0.38925	-0.09647	0.26981	0.30257	0.38925	0.11334	0.58631	1.36524	65.43036
24357	1.00000	0.49724	-0.57837	0.60701	0.15405	0.49724	-0.38077	0.65638	2.37460	47.14375
24377	1.00000	-0.27639	0.05665	0.21178	0.20099	-0.27639	-0.09416	0.21466	3.36555	61.21537
24397	1.00000	0.08303	0.42895	0.45743	0.30450	0.08303	0.54325	0.45758	4.29208	56.55245
24417	1.00000	0.66325	-0.78951	0.76741	0.36113	0.66325	-0.52872	0.75481	5.23394	61.79561
24437	1.00000	-0.11844	0.00346	0.10920	0.07904	-0.11844	-0.06439	0.05008	6.22183	65.27596
24457	1.00000	-0.47785	0.53855	0.55313	0.20514	-0.47785	0.34598	0.46543	0.94647	57.88609
24477	1.00000	-0.04430	0.17752	0.16718	-0.07872	-0.04430	0.17941	0.20335	1.95889	65.12173
24497	1.00000	0.57621	-0.63801	0.67540	0.19763	0.57621	-0.40403	0.70838	2.95138	46.70156
24517	1.00000	-0.67609	0.17108	0.57978	0.39758	-0.67609	-0.19280	0.47596	3.91165	47.14375
24537	1.00000	0.05079	0.42573	0.51470	-0.09478	0.05079	0.52091	0.53721	4.80750	43.31252
24557	1.00000	0.24742	-0.28020	0.30575	-0.01962	0.24742	-0.18070	0.34208	5.77544	46.59301
24577	1.00000	-0.12650	0.02602	0.09712	0.09174	-0.12650	-0.04299	0.04771	0.51542	54.50694
24597	1.00000	0.03145	0.06470	0.