0	0.00000	0.00143	0.00042	-0.00183	0.00064	0.00143	0.00131	0.02233	1.48643	0.01525
8377	0.00000	-0.01630	-0.00925	0.02201	-0.01359	-0.01630	-0.02009	0.05047	1.48029	0.00000
8397	0.00000	-0.00340	0.01331	0.00089	0.01380	-0.00340	0.01341	0.01653	1.46495	-3.87370
8417	0.00000	-0.00502	0.00687	0.00655	0.00275	-0.00502	0.00503	0.26213	1.40666	-3.88351
8437	0.00000	0.00788	0.00042	0.00074	0.00932	0.00788	0.00503	0.00809	1.34990	-3.66982
8457	0.00000	0.01755	-0.03343	-0.03241	0.00823	0.01755	-0.02847	0.01914	1.33610	0.00000
8477	0.00000	-0.00502	-0.00764	-0.00694	-0.01069	-0.00502	-0.01172	0.04195	1.36217	3.66106
8497	0.00000	0.07557	0.01976	0.00974	0.10015	0.07557	0.06645	0.18358	1.36371	0.00000
8517	0.00000	-0.00179	0.00042	0.00057	-0.00179	-0.00179	-0.00055	0.00912	1.36217	0.00000
8537	0.00000	0.00304	-0.02053	-0.02009	-0.00936	0.00304	-0.02195	0.00960	1.35757	0.00000
8557	0.00000	-0.00663	0.00042	0.00054	-0.00740	-0.00663	-0.00334	0.02786	1.35604	0.00000
8577	0.00000	-0.00018	-0.20749	-0.20120	-0.13023	-0.00018	-0.23970	0.02092	1.35757	0.00000
8597	0.00000	0.04978	0.03266	0.02747	0.07835	0.04978	0.06645	0.01182	1.36064	0.00000
8617	0.00000	0.01432	0.00687	0.00583	0.02082	0.01432	0.01620	0.00714	1.35911	-3.74143
8637	0.00000	0.00465	-0.01086	-0.01078	-0.00162	0.00465	-0.00985	0.01189	1.36064	0.00000
8657	0.00000	-0.00824	-0.01086	-0.01060	-0.01596	-0.00824	-0.01730	0.04465	1.35604	0.00000
8677	0.00000	-0.01630	-0.00603	-0.00452	-0.02265	-0.01630	-0.01637	0.15927	1.36064	0.00000
8697	0.00000	0.00304	0.01654	0.01563	0.01414	0.00304	0.02085	0.00895	1.36217	0.00000
8717	0.00000	-0.02436	-0.04148	-0.03882	-0.05408	-0.02436	-0.06196	0.08912	1.35757	0.00000
8737	0.00000	-0.00179	0.00203	0.00203	-0.00090	-0.00179	0.00131	0.02345	1.35451	0.00000
8757	0.00000	-0.00018	0.01170	0.01148	0.00693	-0.00018	0.01341	0.01627	1.35757	-3.74143
8777	0.00000	-0.00179	-0.01570	-0.01551	-0.01139	-0.00179	-0.01916	0.04992	1.35604	0.00000
8797	0.00000	-0.00018	0.10357	0.10258	0.06127	-0.00018	0.11949	0.08359	1.35604	0.00000
8817	0.00000	-0.00018	-0.01086	-0.01052	-0.00702	-0.00018	-0.01265	0.02146	1.35911	0.00000
8837	0.00000	-0.00018	-0.00925	-0.00906	-0.00585	-0.00018	-0.01079	0.13281	1.35757	0.00000
8857	0.00000	0.00304	0.01976	0.01872	0.01621	0.00304	0.02457	0.01416	1.36064	0.00000
8877	0.00000	-0.01469	-0.03987	-0.03852	-0.04128	-0.01469	-0.05452	0.08280	1.35757	0.00000
8897	0.00000	-0.00663	0.00042	0.00067	-0.00739	-0.00663	-0.00334	0.01902	1.35757	3.66982
8917	0.00000	-0.00018	0.09551	0.09460	0.05649	-0.00018	0.11018	0.02237	1.35757	0.00000
8937	0.00000	-0.01146	-0.00603	-0.00518	-0.01700	-0.01146	-0.01358	0.10987	1.35911	-3.66982
8957	0.00000	-0.00018	0.01976	0.01917	0.01217	-0.00018	0.02271	0.01853	1.36064	0.00000
8977	0.00000	0.00788	0.00526	0.00464	0.01238	0.00788	0.01062	0.01720	1.35911	0.00000
8997	0.00000	0.00949	-0.00280	-0.00296	0.00929	0.00949	0.00224	0.01546	1.35451	0.00000
9017	0.00000	0.00465	0.00526	0.00497	0.00858	0.00465	0.00876	0.00406	1.35757	0.00000
9037	0.00000	-0.02758	-0.01892	-0.02037	-0.04210	-0.02758	-0.03777	0.13268	1.35297	0.00000
9057	0.00000	0.00788	0.01009	0.01010	0.01492	0.00788	0.01620	0.00565	1.35604	3.63504
9077	0.00000	-0.01630	-0.02537	-0.02424	-0.03429	-0.01630	-0.03870	0.05975	1.35604	0.00000
9097	0.00000	-0.00824	-0.00603	-0.00581	-0.01309	-0.00824	-0.01172	0.02792	1.35604	0.00000
9117	0.00000	0.00788	0.01654	0.01591	0.01918	0.00788	0.02364	0.03886	1.35757	0.00000
9137	0.00000	-0.01146	0.10357	0.10279	0.04825	-0.01146	0.11297	0.01835	1.35451	0.00000
9157	0.00000	-0.01469	-0.05277	-0.05116	-0.04915	-0.01469	-0.06941	0.08662	1.35604	-3.66982
9177	0.00000	0.02077	-0.02214	-0.02175	0.01195	0.02077	-0.01358	0.01627	1.35297	0.00000
9197	0.00000	0.00465	0.00526	0.00554	0.00822	0.00465	0.00876	0.01308	1.35144	-3.66982
9217	0.00000	-0.00179	-0.00603	-0.00584	-0.00575	-0.00179	-0.00799	0.02021	1.35757	3.62644
9237	0.00000	0.01110	0.00042	-0.00001	0.01307	0.01110	0.00689	0.01894	1.35757	0.00000
9257	0.00000	-0.00179	-0.01892	-0.01871	-0.01330	-0.00179	-0.02288	0.03021	1.35604	0.00000
9277	0.00000	0.00143	0.05200	0.05091	0.03338	0.00143	0.06087	0.05011	1.35757	0.00000
9297	0.00000	-0.00179	0.15192	0.15337	0.08298	-0.00179	0.17439	0.01947	1.35297	0.00000
9317	0.00000	-0.01469	-0.02053	-0.01805	-0.03043	-0.01469	-0.03219	0.05443	1.36217	0.00000
9337	0.00000	-0.00179	-0.01247	-0.01248	-0.00926	-0.00179	-0.01544	0.01311	1.35451	0.00000
9357	0.00000	0.00465	0.00687	0.00639	0.00967	0.00465	0.01062	0.02649	1.35757	0.00000
9377	0.00000	-0.00824	-0.00764	-0.00741	-0.01405	-0.00824	-0.01358	0.03427	1.35604	0.00000
9397	0.00000	0.00143	-0.00603	-0.00589	-0.00223	0.00143	-0.00613	0.03435	1.36064	0.00000
9417	0.00000	0.01110	-0.00764	-0.00749	0.00854	0.01110	-0.00241	0.01220	1.35144	0.00000
9437	0.00000	0.00143	-0.00925	-0.00943	-0.00321	0.00143	-0.00985	0.01546	1.34990	0.00000
9457	0.00000	0.00949	0.00042	0.00080	0.01118	0.00949	0.00596	0.02491	1.35144	0.00000
9477	0.00000	-0.00824	-0.02859	-0.02946	-0.02503	-0.00824	-0.03777	0.06628	1.35144	0.00000
9497	0.00000	-0.01469	-0.00119	-0.00150	-0.01762	-0.01469	-0.00985	0.02134	1.35297	0.00000
9517	0.00000	0.00143	-0.02214	-0.02233	-0.01075	0.00143	-0.02474	0.01175	1.35451	0.00000
9537	0.00000	-0.01469	-0.04310	-0.04450	-0.04034	-0.01469	-0.05824	0.07971	1.18117	0.00000
9557	0.00000	0.04172	-0.05921	0.02832	0.05385	0.04172	-0.04428	0.03992	1.35911	0.00000
9577	0.00000	-0.00018	-0.00603	-0.00590	-0.00389	-0.00018	-0.00706	0.05699	1.35604	0.00000
9597	0.00000	-0.01146	-0.00603	-0.00547	-0.01691	-0.01146	-0.01358	0.01128	1.35757	3.74143
9617	0.00000	0.00465	-0.00603	-0.00609	0.00169	0.00465	-0.00427	0.00611	1.35604	0.00000
9637	0.00000	-0.00179	-0.01086	-0.01114	-0.00796	-0.00179	-0.01358	0.05468	1.35144	0.00000
9657	0.00000	0.00304	0.01170	0.01099	0.01103	0.00304	0.01527	0.02914	1.36217	0.00000
9677	0.00000	0.01110	-0.00925	-0.00925	0.00748	0.01110	-0.00427	0.00344	1.35297	0.00000
9697	0.00000	0.00949	-0.00280	-0.00264	0.00939	0.00949	0.00224	0.01440	1.35297	0.00000
9717	0.00000	0.00143	0.00042	0.00036	0.00191	0.00143	0.00131	0.01175	1.35757	0.00000
9737	0.00000	0.00304	0.01976	0.01951	0.01524	0.00304	0.02457	0.04399	1.35604	0.00000
9757	0.00000	-0.00340	0.20511	0.20705	0.11090	-0.00340	0.23487	0.05682	1.35297	0.00000
9777	0.00000	-0.00824	-0.03504	-0.03350	-0.03146	-0.00824	-0.04522	0.06464	1.35757	0.00000
9797	0.00000	-0.00824	-0.00925	-0.00901	-0.01500	-0.00824	-0.01544	0.00285	1.35757	0.00000
9817	0.00000	-0.00018	0.01009	0.00969	0.00628	-0.00018	0.01155	0.02367	1.35911	0.00000
9837	0.00000	-0.00018	-0.01086	-0.01052	-0.00702	-0.00018	-0.01265	0.01183	1.35757	3.66982
9857	0.00000	0.00949	-0.01086	-0.01101	0.00432	0.00949	-0.00706	0.01682	1.35757	0.00000
9877	0.00000	-0.03080	-0.01247	-0.01104	-0.04316	-0.03080	-0.03219	0.16651	1.35757	0.00000
9897	0.00000	0.00143	0.01654	0.01595	0.01201	0.00143	0.01992	0.02202	1.35911	0.00000
9917	0.00000	-0.01146	-0.02214	-0.02171	-0.02638	-0.01146	-0.03219	0.05478	1.35451	0.00000
9937	0.00000	-0.00179	0.00687	0.00684	0.00201	-0.00179	0.00689	0.02610	1.35604	0.00000
9957	0.00000	0.05139	0.03588	0.03044	0.08228	0.05139	0.07110	0.15889	1.36064	0.00000
9977	0.00000	-0.00018	-0.01086	-0.01052	-0.00702	-0.00018	-0.01265	0.01217	1.35911	0.00000
9997	0.00000	-0.00985	-0.05115	-0.04904	-0.04342	-0.00985	-0.06476	0.08557	1.35757	0.00000
10017	0.00000	-0.00824	-0.00925	-0.00901	-0.01500	-0.00824	-0.01544	0.01220	1.35757	0.00000
10037	0.00000	-0.00018	0.01815	0.01761	0.01116	-0.00018	0.02085	0.01676	1.35757	0.00000
10057	0.00000	0.00465	0.00042	0.00042	0.00562	0.00465	0.00317	0.01434	1.35451	0.00000
10077	0.00000	0.00465	-0.02859	-0.02970	-0.00767	0.00465	-0.03033	0.00622	1.34530	0.00000
10097	0.00000	-0.00018	0.06489	0.06225	0.04151	-0.00018	0.07482	0.05580	1.36064	0.00000
10117	0.00000	-0.00018	-0.01247	-0.01209	-0.00803	-0.00018	-0.01451	0.01401	1.35911	0.00000
10137	0.00000	-0.00985	-0.04793	-0.04660	-0.04062	-0.00985	-0.06103	0.07971	1.35604	0.00000
10157	0.00000	-0.00663	-0.00441	-0.00407	-0.01034	-0.00663	-0.00892	0.00780	1.35757	0.00000
10177	0.00000	0.00304	0.00042	0.00023	0.00377	0.00304	0.00224	0.10148	1.35757	0.00000
10197	0.00000	0.00788	0.00042	0.00027	0.00934	0.00788	0.00503	0.01397	1.35604	-3.66106
10217	0.00000	-0.00018	-0.00764	-0.00756	-0.00474	-0.00018	-0.00892	0.06661	1.35604	0.00000
10237	0.00000	-0.00018	-0.02053	-0.02033	-0.01240	-0.00018	-0.02381	0.02888	1.35604	0.00000
10257	0.00000	0.00788	-0.02214	-0.02201	-0.00442	0.00788	-0.02102	0.04503	1.35911	0.00000
10277	0.00000	-0.01469	-0.00603	-0.00534	-0.02062	-0.01469	-0.01544	0.03417	1.35604	0.00000
10297	0.00000	-0.00985	0.01170	0.01185	-0.00423	-0.00985	0.00783	0.02996	1.35604	0.00000
10317	0.00000	0.00465	-0.00119	-0.00127	0.00467	0.00465	0.00131	0.01341	1.35604	0.00000
10337	0.00000	-0.00179	-0.02053	-0.02030	-0.01426	-0.00179	-0.02474	0.17885	1.35604	-3.70528
10357	0.00000	0.00788	-0.00280	-0.00317	0.00733	0.00788	0.00131	0.05161	1.35757	3.66106
10377	0.00000	-0.00985	-0.00280	-0.00259	-0.01304	-0.00985	-0.00892	0.00712	1.35757	0.00000
10397	0.00000	0.00788	0.01331	0.01246	0.01743	0.00788	0.01992	0.04210	1.35911	-3.70528
10417	0.00000	-0.00663	0.01493	0.01486	0.00171	-0.00663	0.01341	0.01968	1.36064	0.00000
10437	0.00000	-0.00340	-0.01892	-0.01841	-0.01547	-0.00340	-0.02381	0.01750	1.35757	0.00000
10457	0.00000	0.02077	-0.00280	-0.00317	0.02232	0.02077	0.00876	0.01048	1.35451	0.00000
10477	0.00000	-0.03886	-0.01570	-0.01297	-0.05465	-0.03886	-0.04056	0.02588	1.35911	0.00000
10497	0.00000	0.00465	-0.00925	-0.00924	-0.00027	0.00465	-0.00799	0.01851	1.35757	0.00000
10517	0.00000	-0.00018	0.00364	0.00358	0.00201	-0.00018	0.00410	0.02301	1.35757	0.00000
10537	0.00000	0.00788	0.00526	0.00464	0.01238	0.00788	0.01062	0.06154	1.35911	0.00000
10557	0.00000	0.00465	0.00526	0.00497	0.00858	0.00465	0.00876	0.00830	1.35757	0.00000
10577	0.00000	-0.01791	-0.00280	-0.00244	-0.02234	-0.01791	-0.01358	0.02792	1.35604	0.00000
10597	0.00000	-0.02436	-0.00603	-0.00444	-0.03186	-0.02436	-0.02102	0.17936	1.35911	0.00000
10617	0.00000	0.00465	0.01331	0.01264	0.01371	0.00465	0.01806	0.01058	1.35911	0.00000
10637	0.00000	-0.02597	-0.04148	-0.03967	-0.05528	-0.02597	-0.06290	0.09556	1.35604	0.00000
10657	0.00000	-0.00340	0.01654	0.01644	0.00589	-0.00340	0.01713	0.02229	1.35604	0.00000
10677	0.00000	0.00143	0.03266	0.03121	0.02264	0.00143	0.03853	0.10478	1.36064	0.00000
10697	0.00000	-0.00824	-0.01086	-0.01006	-0.01631	-0.00824	-0.01730	0.01308	1.35911	0.00000
10717	0.00000	-0.00824	-0.03343	-0.03392	-0.02823	-0.00824	-0.04335	0.07536	1.35297	0.00000
10737	0.00000	-0.00340	-0.01086	-0.01069	-0.01038	-0.00340	-0.01451	0.01102	1.35604	0.00000
10757	0.00000	0.00465	-0.00764	-0.00764	0.00097	0.00465	-0.00613	0.08222	1.35451	0.00000
10777	0.00000	-0.00018	-0.01570	-0.01554	-0.00953	-0.00018	-0.01823	0.01520	1.35604	0.00000
10797	0.00000	0.00465	-0.01247	-0.01240	-0.00224	0.00465	-0.01172	0.02175	1.35757	-3.73232
10817	0.00000	-0.01469	-0.01086	-0.00968	-0.02374	-0.01469	-0.02102	0.01308	1.35911	0.00000
10837	0.00000	-0.00824	-0.03181	-0.03229	-0.02732	-0.00824	-0.04149	0.07122	1.35144	0.00000
10857	0.00000	-0.00179	-0.01086	-0.01100	-0.00815	-0.00179	-0.01358	0.03773	1.35297	0.00000
10877	0.00000	0.00304	0.00364	0.00355	0.00568	0.00304	0.00596	0.28001	1.35604	0.00000
10897	0.00000	-0.00985	-0.00603	-0.00603	-0.01485	-0.00985	-0.01265	0.04606	1.35451	0.00000
10917	0.00000	0.00143	0.01976	0.01884	0.01435	0.00143	0.02364	0.03007	1.36217	0.00000
10937	0.00000	0.03689	0.01009	0.00848	0.04872	0.03689	0.03295	0.01596	1.35911	0.00000
10957	0.00000	-0.03080	-0.01892	-0.01657	-0.04738	-0.03080	-0.03963	0.05783	1.35757	0.00000
10977	0.00000	0.01110	-0.00764	-0.00791	0.00815	0.01110	-0.00241	0.02438	1.35911	0.00000
10997	0.00000	-0.00179	-0.00764	-0.00753	-0.00660	-0.00179	-0.00985	0.08589	1.35604	0.00000
11017	0.00000	-0.01469	-0.01086	-0.00968	-0.02374	-0.01469	-0.02102	0.01308	1.35911	0.00000
11037	0.00000	0.00465	0.00848	0.00795	0.01068	0.00465	0.01248	0.25109	1.35911	0.00000
11057	0.00000	-0.00663	0.00042	0.00054	-0.00740	-0.00663	-0.00334	0.01442	1.35604	0.00000
11077	0.00000	-0.00985	0.01331	0.01348	-0.00302	-0.00985	0.00969	0.03198	1.36064	0.00000
11097	0.00000	-0.01469	-0.00280	-0.00187	-0.01869	-0.01469	-0.01172	0.02936	1.35757	0.00000
11117	0.00000	0.00788	-0.00603	-0.00630	0.00531	0.00788	-0.00241	0.04796	1.35911	0.00000
11137	0.00000	0.00788	-0.01086	-0.01099	0.00228	0.00788	-0.00799	0.02062	1.35911	0.00000
11157	0.00000	-0.00018	-0.00119	-0.00114	-0.00096	-0.00018	-0.00148	0.01341	1.35911	0.00000
11177	0.00000	-0.00018	0.02460	0.02386	0.01520	-0.00018	0.02830	0.17141	1.35911	0.00000
11197	0.00000	0.00949	0.00364	0.00321	0.01317	0.00949	0.00969	0.01556	1.35757	0.00000
11217	0.00000	-0.00179	0.00042	0.00045	-0.00182	-0.00179	-0.00055	0.02827	1.35604	0.00000
11237	0.00000	0.00465	-0.00603	-0.00609	0.00169	0.00465	-0.00427	0.02985	1.35757	0.00000
11257	0.00000	-0.01146	0.00042	0.00107	-0.01296	-0.01146	-0.00613	0.03569	1.35911	0.00000
11277	0.00000	-0.00179	-0.01086	-0.01058	-0.00870	-0.00179	-0.01358	0.01142	1.35757	0.00000
11297	0.00000	0.01110	-0.03665	-0.03651	-0.00894	0.01110	-0.03591	0.00815	1.35604	0.00000
11317	0.00000	-0.00018	0.01976	0.01917	0.01217	-0.00018	0.02271	0.02744	1.35911	3.63504
11337	0.00000	0.00143	-0.00603	-0.00593	-0.00213	0.00143	-0.00613	0.04238	1.35911	0.00000
11357	0.00000	0.00788	-0.01086	-0.01076	0.00320	0.00788	-0.00799	0.01397	1.35144	-3.66982
11377	0.00000	-0.00824	0.01654	0.01653	-0.00025	-0.00824	0.01434	0.02183	1.35451	0.00000
11397	0.00000	0.00465	-0.01086	-0.01085	-0.00107	0.00465	-0.00985	0.01183	1.18730	0.00000
11417	0.00000	0.00788	-0.00603	-0.00602	0.00562	0.00788	-0.00241	0.00799	1.35297	0.00000
11437	0.00000	0.00788	0.00042	0.00058	0.00933	0.00788	0.00503	0.00643	1.35297	0.00000
11457	0.00000	0.01755	0.01009	0.00966	0.02625	0.01755	0.02178	0.02765	1.35604	0.00000
11477	0.00000	-0.00018	-0.00925	-0.00934	-0.00539	-0.00018	-0.01079	0.02671	1.35144	0.00000
11497	0.00000	-0.07916	-0.01409	-0.02247	-0.09797	-0.07916	-0.06196	0.00728	1.34837	0.00000
11517	0.00000	-0.00018	-0.00280	-0.00267	-0.00201	-0.00018	-0.00334	0.04835	1.35911	0.00000
11537	0.00000	0.01432	-0.02053	-0.02074	0.00365	0.01432	-0.01544	0.20482	1.35911	0.00000
11557	0.00000	-0.01469	-0.02214	-0.02165	-0.03010	-0.01469	-0.03405	0.00948	1.35604	0.00000
11577	0.00000	0.01110	-0.00925	-0.00937	0.00733	0.01110	-0.00427	0.01750	1.35604	0.00000
11597	0.00000	-0.00018	-0.02698	-0.02644	-0.01667	-0.00018	-0.03126	0.05350	1.35757	0.00000
11617	0.00000	0.01110	-0.00603	-0.00633	0.00913	0.01110	-0.00055	0.02438	1.35757	0.00000
11637	0.00000	-0.00179	-0.01892	-0.01871	-0.01330	-0.00179	-0.02288	0.10681	1.35604	0.00000
11657	0.00000	-0.00985	-0.00603	-0.00553	-0.01505	-0.00985	-0.01265	0.00653	1.35757	0.00000
11677	0.00000	0.00465	0.00687	0.00655	0.00956	0.00465	0.01062	0.06987	1.35757	0.00000
11697	0.00000	-0.00502	-0.00441	-0.00442	-0.00834	-0.00502	-0.00799	0.03045	1.35451	0.00000
11717	0.00000	0.00143	0.00042	0.00029	0.00192	0.00143	0.00131	0.03388	1.36064	0.00000
11737	0.00000	0.00788	0.00042	0.00027	0.00934	0.00788	0.00503	0.01042	1.35604	0.00000
11757	0.00000	-0.00824	-0.00603	-0.00537	-0.01328	-0.00824	-0.01172	0.01308	1.35911	0.00000
11777	0.00000	0.00465	0.00687	0.00655	0.00956	0.00465	0.01062	0.22767	1.35757	0.00000
11797	0.00000	-0.00018	-0.01086	-0.01064	-0.00684	-0.00018	-0.01265	0.02879	1.35604	0.00000
11817	0.00000	0.00143	0.01815	0.01730	0.01332	0.00143	0.02178	0.03007	1.36064	0.00000
11837	0.00000	-0.00179	-0.00764	-0.00764	-0.00648	-0.00179	-0.00985	0.02792	1.35451	0.00000
11857	0.00000	0.00949	0.02621	0.02487	0.02737	0.00949	0.03574	0.03638	1.35911	0.00000
11877	0.00000	-0.00179	-0.00925	-0.00887	-0.00786	-0.00179	-0.01172	0.00744	1.35911	3.70528
11897	0.00000	-0.01469	-0.04148	-0.04081	-0.04158	-0.01469	-0.05638	0.07725	1.35451	0.00000
11917	0.00000	-0.02113	-0.00764	-0.00717	-0.02893	-0.02113	-0.02102	0.00043	1.35757	0.00000
11937	0.00000	-0.00018	0.00687	0.00667	0.00409	-0.00018	0.00783	0.16844	1.35911	-3.70528
11957	0.00000	-0.00018	-0.01409	-0.01380	-0.00880	-0.00018	-0.01637	0.01777	1.35757	0.00000
11977	0.00000	-0.00018	-0.01086	-0.01040	-0.00719	-0.00018	-0.01265	0.00406	1.35911	-3.74143
11997	0.00000	0.00627	-0.00119	-0.00130	0.00653	0.00627	0.00224	0.04876	1.35604	0.00000
12017	0.00000	0.01110	-0.03020	-0.03012	-0.00511	0.01110	-0.02847	0.00990	1.35604	0.00000
12037	0.00000	-0.02113	-0.01086	-0.01036	-0.03085	-0.02113	-0.02474	0.03711	1.35451	0.00000
12057	0.00000	-0.00502	-0.00603	-0.00539	-0.00965	-0.00502	-0.00985	0.12755	1.35911	0.00000
12077	0.00000	-0.00018	0.01654	0.01588	0.01042	-0.00018	0.01899	0.01478	1.36064	0.00000
12097	0.00000	0.00304	-0.03343	-0.03259	-0.01744	0.00304	-0.03684	0.00406	1.35911	0.00000
12117	0.00000	-0.00985	-0.03826	-0.03653	-0.03534	-0.00985	-0.04987	0.07446	1.35911	0.00000
12137	0.00000	0.00788	0.03588	0.03539	0.03039	0.00788	0.04598	0.02146	1.35757	0.00000
12157	0.00000	-0.13395	0.00687	-0.14591	0.03837	-0.13395	-0.06941	0.05024	1.35297	0.00000
12177	0.00000	-0.00824	-0.00925	-0.00901	-0.01500	-0.00824	-0.01544	0.01031	1.35604	0.00000
12197	0.00000	0.00143	-0.00764	-0.00744	-0.00326	0.00143	-0.00799	0.01600	1.36064	-3.74143
12217	0.00000	-0.01469	0.00042	0.00154	-0.01665	-0.01469	-0.00799	0.00461	1.36064	0.00000
12237	0.00000	-0.02436	0.19544	0.02973	-0.21091	-0.02436	0.21161	0.01102	1.35604	0.00000
12257	0.00000	-0.01146	0.00687	0.00747	-0.00879	-0.01146	0.00131	0.01175	1.36064	0.00000
12277	0.00000	0.02077	-0.00764	-0.00763	0.01958	0.02077	0.00317	0.00536	1.35451	-3.66982
12297	0.00000	0.00465	-0.00925	-0.00925	0.00019	0.00465	-0.00799	0.01596	1.35297	0.00000
12317	0.00000	0.00949	-0.03826	-0.03862	-0.00982	0.00949	-0.03870	0.01435	1.35144	0.00000
12337	0.00000	-0.00018	0.00687	0.00681	0.00387	-0.00018	0.00783	0.02744	1.35604	0.00000
12357	0.00000	0.00143	0.00526	0.00510	0.00486	0.00143	0.00689	0.01600	1.35757	0.00000
12377	0.00000	0.01916	-0.00925	-0.00896	0.01694	0.01916	0.00038	0.00344	1.35297	-3.67862
12397	0.00000	0.00949	-0.01086	-0.01052	0.00541	0.00949	-0.00706	0.01974	1.34990	0.00000
12417	0.00000	-0.00018	-0.00119	-0.00124	-0.00083	-0.00018	-0.00148	0.00908	1.34990	0.00000
12437	0.00000	0.00143	0.01654	0.01615	0.01174	0.00143	0.01992	0.00996	1.35911	0.00000
12457	0.00000	-0.02597	-0.03181	-0.03019	-0.04938	-0.02597	-0.05173	0.07295	1.35604	0.00000
12477	0.00000	-0.00179	0.01009	0.01009	0.00375	-0.00179	0.01062	0.01442	1.35451	3.66982
12497	0.00000	0.00143	0.23251	0.22289	0.15114	0.00143	0.26930	0.08547	1.36064	-3.74143
12517	0.00000	0.01110	-0.00925	-0.00899	0.00779	0.01110	-0.00427	0.01397	1.34990	0.00000
12537	0.00000	0.00304	0.00042	0.00055	0.00374	0.00304	0.00224	0.01059	1.35144	0.00000
12557	0.00000	-0.00018	-0.00280	-0.00283	-0.00178	-0.00018	-0.00334	0.00757	1.35451	0.00000
12577	0.00000	0.00143	0.00687	0.00687	0.00561	0.00143	0.00876	0.00818	1.35451	0.00000
12597	0.00000	-0.00663	-0.00603	-0.00640	-0.01092	-0.00663	-0.01079	0.02902	1.35144	0.00000
12617	0.00000	-0.00824	-0.00603	-0.00559	-0.01319	-0.00824	-0.01172	0.01031	1.35757	0.00000
12637	0.00000	0.00143	0.01170	0.01142	0.00879	0.00143	0.01434	0.02190	1.35757	0.00000
12657	0.00000	-0.02436	-0.03181	-0.03105	-0.04701	-0.02436	-0.05080	0.07741	1.35451	0.00000
12677	0.00000	-0.01469	0.02298	0.02309	-0.00292	-0.01469	0.01806	0.01434	1.35911	0.00000
12697	0.00000	0.00465	0.00042	0.00033	0.00562	0.00465	0.00317	0.01131	1.35451	0.00000
12717	0.00000	0.00143	-0.00280	-0.00280	-0.00006	0.00143	-0.00241	0.27138	1.35604	0.00000
12737	0.00000	-0.01469	-0.01892	-0.01846	-0.02819	-0.01469	-0.03033	0.05694	1.35604	0.00000
12757	0.00000	-0.00340	-0.00925	-0.00910	-0.00942	-0.00340	-0.01265	0.00481	1.35604	0.00000
12777	0.00000	0.00465	0.00687	0.00655	0.00956	0.00465	0.01062	0.02911	1.35757	0.00000
12797	0.00000	-0.00179	-0.00925	-0.00925	-0.00741	-0.00179	-0.01172	0.02879	1.35451	0.00000
12817	0.00000	-0.00018	0.00526	0.00516	0.00300	-0.00018	0.00596	0.02221	1.35911	0.00000
12837	0.00000	-0.01146	-0.01086	-0.01021	-0.01986	-0.01146	-0.01916	0.01109	1.35757	0.00000
12857	0.00000	0.00304	0.02460	0.02399	0.01852	0.00304	0.03016	0.00726	1.35757	0.00000
12877	0.00000	-0.00985	0.12452	0.12454	0.06045	-0.00985	0.13810	0.05733	1.35451	0.00000
12897	0.00000	-0.01469	-0.03987	-0.03852	-0.04128	-0.01469	-0.05452	0.08280	1.35604	-3.67862
12917	0.00000	-0.03725	-0.02053	-0.02148	-0.05450	-0.03725	-0.04521	0.03285	1.35451	0.00000
12937	0.00000	0.00465	-0.01086	-0.01085	-0.00107	0.00465	-0.00985	0.01756	1.35604	0.00000
12957	0.00000	-0.00824	-0.04632	-0.04753	-0.03465	-0.00824	-0.05824	0.08446	1.35144	-3.66982
12977	0.00000	0.00143	0.00526	0.00526	0.00468	0.00143	0.00689	0.01251	1.35451	0.00000
12997	0.00000	-0.00018	-0.01086	-0.01086	-0.00647	-0.00018	-0.01265	0.10546	1.35451	0.00000
13017	0.00000	0.00465	0.01170	0.01086	0.01289	0.00465	0.01620	0.01379	1.35911	0.00000
13037	0.00000	-0.01791	-0.03020	-0.02892	-0.03910	-0.01791	-0.04521	0.07838	1.35604	0.00000
13057	0.00000	-0.00663	0.01331	0.01331	0.00025	-0.00663	0.01155	0.02652	1.35604	0.00000
13077	0.00000	0.06268	0.01815	0.01398	0.08365	0.06268	0.05714	0.18103	1.35911	0.00000
13097	0.00000	-0.01469	-0.01086	-0.00968	-0.02374	-0.01469	-0.02102	0.01104	1.35911	0.00000
13117	0.00000	-0.01469	-0.04471	-0.04400	-0.04350	-0.01469	-0.06010	0.07758	1.35451	0.00000
13137	0.00000	-0.01630	-0.01086	-0.01045	-0.02526	-0.01630	-0.02195	0.00651	1.35604	0.00000
13157	0.00000	0.00304	0.00042	0.00030	0.00377	0.00304	0.00224	0.01455	1.35604	0.00000
13177	0.00000	0.05139	0.00042	-0.00055	0.05959	0.05139	0.03016	0.02610	1.35451	0.00000
13197	0.00000	-0.00985	-0.00603	-0.00553	-0.01505	-0.00985	-0.01265	0.15827	1.35757	0.00000
13217	0.00000	-0.00985	-0.01570	-0.01536	-0.02069	-0.00985	-0.02381	0.02133	1.35604	0.00000
13237	0.00000	0.00304	-0.01086	-0.01076	-0.00312	0.00304	-0.01079	0.01794	1.35757	0.00000
13257	0.00000	-0.01630	0.01009	0.01052	-0.01265	-0.01630	0.00224	0.03045	1.35757	0.00000
13277	0.00000	0.00465	-0.01086	-0.01085	-0.00107	0.00465	-0.00985	0.00826	1.35604	0.00000
13297	0.00000	-0.01791	0.01493	0.01471	-0.01232	-0.01791	0.00689	0.02065	1.35297	0.00000
13317	0.00000	0.00465	-0.01086	-0.01089	0.00039	0.00465	-0.00985	0.02491	1.34377	0.00000
13337	0.00000	0.00304	0.00042	0.00074	0.00371	0.00304	0.00224	0.01350	1.34684	0.00000
13357	0.00000	-0.03564	0.00526	0.00200	-0.03842	-0.03564	-0.01451	0.02206	1.34837	0.00000
13377	1.00000	0.64934	-0.06566	0.66553	0.26097	0.64934	0.29908	0.72544	1.89140	56.53479
13397	1.00000	-0.22260	-0.50888	0.60884	0.43783	-0.22260	-0.71613	0.57400	2.86548	54.36849
13417	1.00000	-0.23227	0.04071	0.24755	-0.01591	-0.23227	-0.08709	0.27511	3.85029	65.35776
13437	1.00000	0.33183	0.04555	0.37495	0.17066	0.33183	0.24418	0.61853	4.78449	44.03671
13457	1.00000	0.30927	-0.35577	0.38615	0.02189	0.30927	-0.23225	0.42225	5.78157	51.37749
13477	1.00000	-0.01469	-0.01570	0.03021	0.00330	-0.01469	-0.02660	0.02794	0.52002	55.06598
13497	1.00000	-0.00340	0.01493	0.00029	0.01564	-0.00340	0.01527	0.21690	1.56466	56.21904
13517	1.00000	0.05139	0.15837	0.16027	0.14873	0.05139	0.21254	0.12223	2.59089	50.48558
13537	1.00000	0.71220	-0.21394	0.64383	0.34581	0.71220	0.16415	0.65823	3.61406	48.52021
13557	1.00000	-0.15652	-0.62493	0.81197	0.15652	-0.15652	-0.81197	0.86436	4.53752	46.01955
13577	1.00000	-0.25644	0.23896	0.27588	-0.07748	-0.25644	0.12786	0.31190	5.48091	47.93703
13597	1.00000	-0.15974	0.06811	-0.05638	-0.15007	-0.15974	-0.01358	0.17037	0.23777	55.63663
13617	1.00000	-0.00018	0.09068	0.02788	-0.10081	-0.00018	0.10460	0.10892	1.28548	53.42207
13637	1.00000	-0.04209	-0.17042	0.15071	0.16712	-0.04209	-0.22108	0.40968	2.31785	69.37621
13657	1.00000	-0.73835	0.17287	0.73226	0.24544	-0.73835	-0.22667	0.82058	3.32107	49.48339
13677	1.00000	0.20612	0.60320	0.78961	0.28980	0.20612	0.81552	0.80875	4.25986	46.60087
13697	1.00000	0.44949	-0.56046	0.58558	0.09692	0.44949	-0.38765	0.63720	5.20480	62.38696
13717	1.00000	-0.59168	0.11808	0.59364	0.19946	-0.59168	-0.20527	0.59380	6.18348	53.82404
13737	1.00000	-0.29190	0.30504	0.34455	0.01490	-0.29190	0.18369	0.38343	0.93419	47.70753
13757	1.00000	0.30121	-0.37189	0.32273	0.22769	0.30121	-0.25551	0.27425	1.82084	45.22777
13777	1.00000	-0.17102	-0.05277	0.21452	-0.09338	-0.17102	-0.15967	0.24922	2.71821	49.60648
13797	1.00000	0.22868	0.57742	0.73937	0.37897	0.22868	0.79877	0.71223	3.70150	49.11716
13817	1.00000	0.57037	-0.75870	0.77600	0.14847	0.57037	-0.54677	0.83849	4.63262	43.10965
13837	1.00000	-0.23549	-0.02537	0.27980	-0.06684	-0.23549	-0.16525	0.31918	5.57755	49.97947
13857	1.00000	-0.10333	-0.09628	-0.05689	-0.19137	-0.10333	-0.17084	0.19950	0.33748	57.26862
13877	1.00000	0.01755	0.03910	0.05788	-0.00370	0.01755	0.05528	0.22641	1.37751	47.59381
13897	1.00000	0.09975	-0.10273	0.09612	0.06659	0.09975	-0.06103	0.05784	2.41449	52.63675
13917	1.00000	-0.13073	-0.29614	0.34282	0.27167	-0.13073	-0.41743	0.41763	3.43305	49.97947
13937	1.00000	-0.31769	0.30987	0.32311	0.16405	-0.31769	0.17439	0.29689	4.39025	48.52021
13957	1.00000	0.21740	0.01976	0.23004	0.12784	0.21740	0.14833	0.45487	5.36280	47.25547
13977	1.00000	0.21740	-0.20104	0.22587	0.08723	0.21740	-0.10663	0.14926	0.11198	52.63675
13997	1.00000	-0.11139	-0.44603	0.51861	0.28114	-0.11139	-0.57934	0.51072	1.14895	50.74221
14017	1.00000	-0.00824	0.32760	0.28231	0.24471	-0.00824	0.37352	0.30459	2.03713	45.33917
14037	1.00000	0.32055	-0.01086	0.36374	-0.01390	0.32055	0.17253	0.39409	3.01274	51.00206
14057	1.00000	-0.25322	-0.51050	0.66721	0.40008	-0.25322	-0.73567	0.78267	3.99142	50.10504
14077	1.00000	-0.44824	0.51617	0.56089	-0.00046	-0.44824	0.33723	0.58980	4.90720	44.35620
14097	1.00000	0.49784	-0.06727	0.51926	0.14890	0.49784	0.20975	0.54828	5.89202	69.20233
14117	1.00000	0.20934	-0.24295	0.26085	0.03574	0.20934	-0.15967	0.28921	0.64427	56.21920
14137	1.00000	-0.06949	-0.01570	0.08298	0.03652	-0.06949	-0.05824	0.06739	1.65670	47.59353
14157	1.00000	-0.26128	0.40174	0.23854	0.33067	-0.26128	0.31304	0.48197	2.69367	68.68531
14177	1.00000	0.21095	0.57097	0.72546	0.35816	0.21095	0.78109	0.75973	3.70150	49.72960
14197	1.00000	0.54619	-0.69745	0.72483	0.11399	0.54619	-0.49001	0.77010	4.62649	62.83795
14217	1.00000	-0.30802	-0.01247	0.36075	-0.04097	-0.30802	-0.19224	0.40371	5.58216	51.00206
14237	1.00000	-0.11300	-0.09628	-0.05451	-0.20228	-0.11300	-0.17642	0.21041	0.33901	56.07241
14257	1.00000	0.03044	0.35500	0.34860	-0.24927	0.03044	0.42749	0.44684	1.31462	33.10759
14277	1.00000	-0.00018	-0.16398	0.15274	0.11206	-0.00018	-0.18945	0.35812	2.32245	52.37998
14297	1.00000	-0.47403	0.13581	0.38380	0.30180	-0.47403	-0.11687	0.43762	3.34715	48.05255
14317	1.00000	-0.06949	0.28731	0.28399	0.09601	-0.06949	0.29164	0.24356	4.30128	47.07883
14337	1.00000	0.09813	-0.01086	0.10294	-0.03130	0.09813	0.04412	0.11331	5.26616	46.48440
14357	1.00000	-0.05176	-0.25262	0.27543	0.17384	-0.05176	-0.32158	0.27613	0.01381	54.50587
14377	1.00000	-0.06304	0.00042	0.05915	0.04200	-0.06304	-0.03591	0.02938	1.07839	50.89036
14397	1.00000	-0.13234	0.19383	0.12328	0.15505	-0.13234	0.14740	0.32405	2.12303	49.11775
14417	1.00000	0.10136	0.31632	0.35429	0.25359	0.10136	0.42377	0.30371	3.14926	50.10504
14437	1.00000	0.23513	-0.05115	0.24419	-0.03913	0.23513	0.07668	0.26370	4.12794	46.13489
14457	1.00000	-0.37571	0.01331	0.35984	0.22867	-0.37571	-0.20154	0.34377	5.06367	61.79561
14477	1.00000	-0.45630	0.52907	0.55123	0.15826	-0.45630	0.34747	0.68748	6.09144	50.77020
14497	1.00000	0.03689	0.25830	0.31597	0.06030	0.03689	0.31955	0.34154	0.83909	58.67686
14517	1.00000	-0.03403	0.11646	-0.00676	-0.11957	-0.03403	0.11484	0.12120	1.86072	54.50708
14537	1.00000	-0.10172	-0.32031	0.31485	0.30807	-0.10172	-0.42859	0.40810	2.87928	54.50708
14557	1.00000	-0.87535	0.23251	0.84057	0.34012	-0.87535	-0.23690	0.81113	3.89018	48.63797
14577	1.00000	0.31733	0.08423	0.39196	0.16033	0.31733	0.28047	0.60691	4.78755	47.93703
14597	1.00000	0.32700	-0.38800	0.41586	0.03452	0.32700	-0.25924	0.44967	5.78311	47.14375
14617	1.00000	0.11103	-0.12529	0.06803	-0.11912	0.11103	-0.08057	0.14200	0.53843	57.42175
14637	1.00000	-0.05176	-0.04148	0.07256	-0.05885	-0.05176	-0.07778	0.10147	1.57386	56.07225
14657	1.00000	-0.10655	0.18093	0.12128	-0.13553	-0.10655	0.14740	0.20043	2.51726	44.46276
14677	1.00000	0.58487	-0.83445	0.74070	0.43026	0.58487	-0.62586	0.71011	3.51435	62.98973
14697	1.00000	-0.93820	0.21961	0.91790	0.34728	-0.93820	-0.28808	0.89624	4.45928	48.99707
14717	1.00000	-0.03080	0.22445	0.22667	-0.08853	-0.03080	0.24139	0.26551	5.38274	47.48049
14737	1.00000	-0.09850	0.19544	-0.06621	-0.18387	-0.09850	0.16881	0.20190	0.14266	41.45894
14757	1.00000	0.04334	-0.11079	0.10733	0.03079	0.04334	-0.10291	0.29708	1.18577	48.99678
14777	1.00000	-0.12590	-0.01409	0.13594	0.07267	-0.12590	-0.08895	0.08563	2.22427	51.37749
14797	1.00000	-0.36121	0.50328	0.40900	0.31931	-0.36121	0.37259	0.39787	3.24590	62.83795
14817	1.00000	1.76465	-1.43562	1.86757	0.18520	1.76465	-0.63889	1.84312	4.19697	43.93275
14837	1.00000	-0.24839	-0.02537	0.28322	-0.10629	-0.24839	-0.17270	0.32959	4.99464	46.60208
14857	1.00000	0.15454	0.50328	0.62023	0.29760	0.15454	0.67036	0.57683	5.99480	50.48558
14877	1.00000	0.23513	-0.01409	0.26158	0.03368	0.23513	0.11949	0.29011	0.74398	59.32523
14897	1.00000	0.08202	-0.01086	0.02955	-0.08406	0.08202	0.03481	0.09200	1.75641	52.25254
14917	1.00000	-0.21615	0.01331	0.19559	0.14296	-0.21615	-0.10942	0.17857	2.79491	51.37692
14937	1.00000	-0.62714	0.83852	0.80163	0.34351	-0.62714	0.60615	0.78588	3.79660	48.05198
14957	1.00000	0.46238	-0.05438	0.50442	-0.03183	0.46238	0.20417	0.52217	4.71086	50.23125
14977	1.00000	0.65257	0.34694	0.09521	-1.01045	0.65257	0.77737	0.98419	5.68493	62.83795
14997	1.00000	-0.20970	0.02298	0.19415	0.12333	-0.20970	-0.09453	0.15243	0.49701	56.07241
15017	1.00000	-0.18875	0.28731	0.17363	0.23472	-0.18875	0.22278	0.34894	1.55392	49.97947
15037	1.00000	0.10297	0.22284	0.21330	0.25579	0.10297	0.31676	0.23123	2.59550	69.37621
15057	1.00000	0.68641	-0.22683	0.59261	0.37141	0.68641	0.13438	0.70450	3.61099	48.05255
15077	1.00000	-0.17264	-0.62493	0.80772	0.22765	-0.17264	-0.82128	0.87391	4.54212	45.67698
15097	1.00000	-0.28223	0.27119	0.31545	-0.05187	-0.28223	0.15020	0.35661	5.48091	65.27596
15117	1.00000	0.28187	-0.08339	0.19933	0.21005	0.28187	0.06645	0.45011	0.21629	54.50694
15137	1.00000	-0.05176	0.11969	-0.02676	-0.11703	-0.05176	0.10832	0.11575	1.28854	53.42207
15157	1.00000	-0.10011	-0.31387	0.27990	0.32900	-0.10011	-0.42022	0.39916	2.31631	69.20233
15177	1.00000	-0.68355	0.17449	0.56563	0.42962	-0.68355	-0.19317	0.45447	3.34101	61.21537
15197	1.00000	-0.01630	0.37595	0.37873	0.19282	-0.01630	0.42470	0.35475	4.30282	45.67698
15217	1.00000	0.17872	-0.14141	0.17597	0.06772	0.17872	-0.06010	0.14137	5.26462	48.52021
15237	1.00000	-0.06626	-0.34126	0.37158	0.23066	-0.06626	-0.43231	0.32089	0.01381	53.82284
15257	1.00000	-0.56590	0.14548	0.47645	0.34408	-0.56590	-0.15874	0.40472	1.05691	66.53416
15277	1.00000	-0.44340	0.58064	0.54902	0.25865	-0.44340	0.41447	0.57137	2.09695	47.25518
15297	1.00000	0.00143	0.14225	0.16245	-0.02931	0.00143	0.16508	0.19262	3.09864	65.43064
15317	1.00000	0.57843	-0.81028	0.79213	0.26281	0.57843	-0.60167	0.86528	4.06965	46.70213
15337	1.00000	-0.18875	0.06972	0.19088	-0.00046	-0.18875	-0.02847	0.35551	4.98084	45.67698
15357	1.00000	0.02238	0.30342	0.36324	0.02294	0.02238	0.36329	0.39112	5.97179	49.11658
15377	1.00000	-0.00018	0.10357	0.04402	-0.11107	-0.00018	0.11949	0.11300	0.72404	60.49502
15397	1.00000	0.05623	-0.14947	0.14229	0.05048	0.05623	-0.14013	0.23465	1.75487	52.76608
15417	1.00000	-0.30318	0.06167	0.24807	0.20285	-0.30318	-0.10384	0.22333	2.78724	51.87332
15437	1.00000	-0.59329	0.66445	0.69881	0.20958	-0.59329	0.42470	0.76266	3.79507	62.98915
15457	1.00000	0.57037	-0.08661	0.61428	0.02339	0.57037	0.22929	0.65378	4.71699	51.00206
15477	1.00000	-0.07754	-0.39929	0.50076	0.10535	-0.07754	-0.50583	0.53992	5.69107	68.68590
15497	1.00000	0.05784	-0.15914	-0.01662	-0.16024	0.05784	-0.15036	0.15561	0.42951	58.51698
15517	1.00000	-0.08560	-0.00119	0.01383	-0.09857	-0.08560	-0.05080	0.10675	1.47262	49.11775
15537	1.00000	0.22062	-0.06082	0.15336	0.16857	0.22062	0.05714	0.42269	2.50806	51.87389
15557	1.00000	0.46399	-0.67006	0.57184	0.37967	0.46399	-0.50583	0.54603	3.51742	47.70767
15577	1.00000	-0.97688	0.25024	0.92710	0.41272	-0.97688	-0.27506	1.00136	4.46082	45.22807
15597	1.00000	0.08685	0.48877	0.60624	0.13276	0.08685	0.61453	0.63303	5.40421	50.61372
15617	1.00000	-0.08399	0.18577	-0.05546	-0.17758	-0.08399	0.16601	0.19867	0.13652	54.33719
15637	1.00000	-0.02597	-0.27035	0.24229	0.22138	-0.02597	-0.32716	0.28304	1.18423	53.42237
15657	1.00000	-0.13234	0.01170	0.11995	0.08415	-0.13234	-0.06289	0.09468	2.22120	47.82208
15677	1.00000	-0.42084	0.50005	0.44840	0.29639	-0.42084	0.33444	0.41349	3.24897	63.60426
15697	1.00000	0.46399	0.06489	0.55956	0.14032	0.46399	0.34282	0.51834	4.17243	43.62043
15717	1.00000	-0.34509	0.21156	0.33474	0.09519	-0.34509	0.04505	0.50235	4.98084	42.82700
15737	1.00000	0.05945	0.34211	0.42421	0.08888	0.05945	0.42935	0.43938	5.98253	69.37502
15757	1.00000	0.15777	0.01009	0.18766	-0.01508	0.15777	0.10274	0.22197	0.73478	41.79780
15777	1.00000	0.08846	-0.00603	0.02540	-0.09553	0.08846	0.04412	0.09955	1.75641	48.05255
15797	1.00000	-0.21454	0.18093	0.19049	0.13029	-0.21454	0.08506	0.34211	2.70134	48.99707
15817	1.00000	0.21418	0.55808	0.70589	0.37067	0.21418	0.76807	0.70166	3.70150	64.70846
15837	1.00000	0.57682	-0.75064	0.76940	0.16000	0.57682	-0.53374	0.82700	4.62955	58.02308
15857	1.00000	-0.24194	-0.01086	0.28006	-0.05709	-0.24194	-0.15223	0.32075	5.58216	49.60648
15877	1.00000	-0.10817	-0.11240	-0.06237	-0.21156	-0.10817	-0.19224	0.20978	0.33441	57.42175
15897	1.00000	0.52685	-0.13980	0.44063	0.32210	0.52685	0.14275	0.40303	1.34070	48.16861
15917	1.00000	0.49462	-0.70874	0.62913	0.36429	0.49462	-0.53281	0.60388	2.37460	50.77020
15937	1.00000	0.01755	-0.18654	0.19726	-0.05937	0.01755	-0.20527	0.23227	3.38089	61.79504
15957	1.00000	-0.50626	0.58709	0.63587	-0.02502	-0.50626	0.38562	0.68709	4.33503	43.62043
15977	1.00000	0.12070	0.01815	0.13366	-0.07011	0.12070	0.09064	0.15907	5.26922	49.48339
15997	1.00000	-0.09205	-0.26390	0.27301	0.24901	-0.09205	-0.35787	0.22904	0.02148	72.32069
16017	1.00000	-0.48047	0.05522	0.46210	0.25090	-0.48047	-0.21364	0.44156	1.05998	48.05240
16037	1.00000	-0.05498	0.29859	0.30217	-0.09846	-0.05498	0.31304	0.45856	1.94509	41.97472
16057	1.00000	0.53330	-0.70713	0.68146	0.28050	0.53330	-0.50862	0.71511	2.94678	48.05255
16077	1.00000	-0.46436	0.11646	0.37285	0.30730	-0.46436	-0.13362	0.38886	3.91779	47.70767
16097	1.00000	0.07718	0.39368	0.43361	0.25894	0.07718	0.49914	0.44687	4.85812	50.61372
16117	1.00000	0.02722	0.11002	0.06250	-0.13119	0.02722	0.14275	0.15745	5.85214	51.00206
16137	1.00000	0.05301	0.05844	-0.03546	-0.10570	0.05301	0.09809	0.10680	0.61666	57.26870
16157	1.00000	-0.00018	-0.05921	0.06292	-0.02700	-0.00018	-0.06848	0.08021	1.65977	47.70739
16177	1.00000	-0.22905	0.31954	0.20747	0.25582	-0.22905	0.23673	0.26914	2.69520	53.15731
16197	1.00000	0.23191	0.58064	0.74422	0.38321	0.23191	0.80436	0.72322	3.70150	46.13429
16217	1.00000	0.53330	-0.38317	0.39605	-0.38160	0.53330	-0.13455	0.55162	4.56052	26.38304
16237	1.00000	-0.54333	0.65961	0.67112	0.21308	-0.54333	0.44796	0.66757	5.51466	47.59381
16257	1.00000	-0.05337	0.12130	0.10299	-0.06461	-0.05337	0.10925	0.13294	0.26078	57.26862
16277	1.00000	0.03044	0.07134	0.05907	-0.08617	0.03044	0.09995	0.11652	1.28701	49.97947
16297	1.00000	-0.05498	-0.23328	0.22498	0.20754	-0.05498	-0.30111	0.41027	2.31938	49.97947
16317	1.00000	-0.59007	0.14225	0.51381	0.33948	-0.59007	-0.17642	0.43071	3.34408	47.25547
16337	1.00000	0.00465	0.32438	0.33323	0.17679	0.00465	0.37724	0.30644	4.29361	45.67698
16357	1.00000	0.15616	-0.12368	0.15272	0.06190	0.15616	-0.05266	0.12382	5.26002	48.99707
16377	1.00000	-0.10333	-0.33482	0.38306	0.25116	-0.10333	-0.44627	0.42745	0.01687	53.82404
16397	1.00000	-0.73996	0.19544	0.67372	0.36633	-0.73996	-0.20154	0.47465	1.04464	48.16847
16417	1.00000	-0.32414	0.38562	0.40915	0.06546	-0.32414	0.25814	0.45253	2.07854	46.81147
16437	1.00000	0.32539	-0.08017	0.24146	0.23799	0.32539	0.09529	0.47507	3.06950	47.25547
16457	1.00000	0.50751	-0.65555	0.68109	0.09435	0.50751	-0.46395	0.71989	4.06045	43.41411
16477	1.00000	-0.37732	0.36789	0.35558	0.24240	-0.37732	0.20696	0.41499	4.97623	49.48339
16497	1.00000	0.13198	0.45170	0.57775	0.20233	0.13198	0.59778	0.56716	5.98559	49.85452
16517	1.00000	0.32700	-0.05438	0.33320	0.10850	0.32700	0.12600	0.30807	0.75165	57.42175
16537	1.00000	0.12714	-0.13819	0.15252	-0.01804	0.12714	-0.08616	0.18061	1.77482	51.25488
16557	1.00000	-0.08721	-0.01892	0.10391	0.04495	-0.08721	-0.07220	0.08614	2.79645	47.70710
16577	1.00000	-0.55300	0.72731	0.70190	0.28986	-0.55300	0.52055	0.72437	3.79967	44.03728
16597	1.00000	0.44143	-0.05921	0.47604	-0.05470	0.44143	0.18649	0.48564	4.71086	47.07883
16617	1.00000	-0.01791	-0.34610	0.41037	-0.00100	-0.01791	-0.40998	0.44278	5.68187	49.97947
16637	1.00000	-0.09527	0.10357	0.08084	0.08193	-0.09527	0.06459	0.11429	0.42338	59.32523
16657	1.00000	-0.08883	-0.00119	0.01439	-0.10225	-0.08883	-0.05266	0.10392	1.47262	48.99707
16677	1.00000	0.30121	-0.05760	0.22793	0.22426	0.30121	0.10739	0.31337	2.51113	47.59381
16697	1.00000	0.60099	-0.89892	0.73104	0.55149	0.60099	-0.69100	0.75721	3.52202	66.53429
16717	1.00000	-0.82377	0.20350	0.74878	0.41916	-0.82377	-0.24063	0.84976	4.47155	44.78789
16737	1.00000	0.21095	0.61287	0.75396	0.40501	0.21095	0.82948	0.71862	5.42109	50.87196
16757	1.00000	0.06268	0.08262	0.11234	-0.09284	0.06268	0.13159	0.16983	0.16107	55.24031
16777	1.00000	0.30766	-0.38317	0.39993	0.06959	0.30766	-0.26482	0.44340	1.21645	50.89050
16797	1.00000	-0.36121	0.05683	0.32551	0.21202	-0.36121	-0.14292	0.29355	2.21047	48.63855
16817	1.00000	-0.61102	0.82885	0.76492	0.39151	-0.61102	0.60429	0.71636	3.23517	47.70767
16837	1.00000	0.63645	0.01815	0.74451	-0.04025	0.63645	0.38841	0.78736	4.14482	34.86330
16857	1.00000	-0.46113	0.09712	0.40558	0.26812	-0.46113	-0.15409	0.45794	5.04986	48.16861
16877	1.00000	-0.25806	0.24218	0.28762	-0.03032	-0.25806	0.13065	0.31233	6.07150	51.62450
16897	1.00000	-0.05014	0.11002	0.09288	-0.05923	-0.05014	0.09809	0.11730	0.82528	58.04252
16917	1.00000	-0.02597	0.08101	-0.01416	-0.08150	-0.02597	0.07855	0.08882	1.85305	49.97947
16937	1.00000	-0.07754	-0.26551	0.25690	0.25191	-0.07754	-0.35136	0.44455	2.88235	49.97947
16957	1.00000	-0.87535	0.22606	0.84507	0.33419	-0.87535	-0.24435	0.91833	3.88864	47.70710
16977	1.00000	0.46077	0.06811	0.51303	0.26051	0.46077	0.34468	0.55077	4.78755	49.11775
16997	1.00000	0.33022	-0.38317	0.41390	0.03352	0.33022	-0.25179	0.44691	5.78311	51.50070
17017	1.00000	0.12392	-0.13496	0.06124	-0.13679	0.12392	-0.08430	0.15349	0.53996	37.61808
17037	1.00000	-0.50949	0.61287	0.59251	0.28189	-0.50949	0.41354	0.63099	1.53091	47.70739
17057	1.00000	0.05301	0.32276	0.40205	0.06164	0.05301	0.40330	0.43741	2.54641	52.76608
17077	1.00000	0.39630	-0.47181	0.44107	0.24969	0.39630	-0.31600	0.44091	3.52662	44.78789
17097	1.00000	-0.67872	0.14064	0.61595	0.36588	-0.67872	-0.22946	0.57897	4.47769	43.51731
17117	1.00000	0.13682	0.42430	0.48908	0.32122	0.13682	0.56893	0.53224	5.43029	49.97947
17137	1.00000	0.25769	-0.02053	0.28310	0.04351	0.25769	0.12507	0.39582	0.17641	52.47829
17157	1.00000	0.36084	-0.46376	0.47209	0.11988	0.36084	-0.32716	0.50445	1.22258	52.89604
17177	1.00000	0.07718	-0.10273	0.04178	-0.09847	0.07718	-0.07406	0.11653	2.23348	51.37749
17197	1.00000	-0.31608	0.33888	0.33900	0.16908	-0.31608	0.20882	0.30272	3.24590	49.48339
17217	1.00000	0.36084	0.08907	0.43436	0.19580	0.36084	0.31118	0.56060	4.21231	44.46334
17237	1.00000	-0.05176	-0.28485	0.29724	0.20753	-0.05176	-0.35880	0.30904	5.16031	47.07883
17257	1.00000	-0.61425	0.12452	0.60354	0.23971	-0.61425	-0.21085	0.71001	6.18808	52.25254
17277	1.00000	-0.36604	0.45331	0.45619	0.15247	-0.36604	0.31211	0.44995	0.94033	48.16847
17297	1.00000	-0.06626	0.11324	0.07817	-0.08267	-0.06626	0.09250	0.12714	1.95736	64.81599
17317	1.00000	0.44304	-0.56691	0.52881	0.27509	0.44304	-0.39882	0.51413	2.95598	48.99648
17337	1.00000	-0.17102	-0.07855	0.24367	0.07585	-0.17102	-0.18945	0.23267	3.93313	47.59381
17357	1.00000	-0.00018	0.32599	0.33276	0.17570	-0.00018	0.37631	0.28102	4.86732	46.60208
17377	1.00000	0.36084	-0.03665	0.39538	0.03765	0.36084	0.16601	0.44025	5.87821	50.61372
17397	1.00000	0.07557	-0.04632	0.06479	-0.04012	0.07557	-0.00985	0.09229	0.63507	55.49285
17417	1.00000	-0.05014	-0.04148	0.09043	0.01553	-0.05014	-0.07685	0.07758	1.65977	51.13255
17437	1.00000	-0.13395	0.20511	0.12237	0.16854	-0.13395	0.15950	0.35211	2.69367	49.60589
17457	1.00000	0.22707	0.55163	0.70318	0.38327	0.22707	0.76807	0.71400	3.70150	50.10444
17477	1.00000	0.58487	-0.78126	0.79507	0.16876	0.58487	-0.56445	0.85416	4.63416	44.03785
17497	1.00000	-0.23066	-0.01570	0.27016	-0.05565	-0.23066	-0.15130	0.31045	5.57755	50.48558
17517	1.00000	-0.10333	-0.09951	-0.05636	-0.19484	-0.10333	-0.17456	0.19769	0.33901	56.07241
17537	1.00000	0.25769	-0.06405	0.16320	0.21298	0.25769	0.07482	0.44886	1.36984	66.37407
17557	1.00000	0.13037	-0.16881	0.12963	0.12045	0.13037	-0.11966	0.11118	2.40988	53.82404
17577	1.00000	-0.09366	-0.35577	0.35204	0.31770	-0.09366	-0.46488	0.43426	3.45452	51.13223
17597	1.00000	-0.49014	0.56130	0.48956	0.36590	-0.49014	0.36515	0.53921	4.39332	46.72036
17617	1.00000	0.25447	0.03910	0.27823	0.15565	0.25447	0.19207	0.44976	5.36893	48.16861
17637	1.00000	0.15454	-0.11401	0.15715	0.03142	0.15454	-0.04242	0.09000	0.11505	49.97947
17657	1.00000	0.08040	-0.04148	0.05563	-0.05807	0.08040	-0.00148	0.09109	1.19344	48.63826
17677	1.00000	-0.09850	-0.00603	0.10219	0.05772	-0.09850	-0.06383	0.07154	2.22274	50.77020
17697	1.00000	-0.30802	0.37273	0.33981	0.20774	-0.30802	0.25255	0.33883	3.24437	49.11775
17717	1.00000	0.34312	0.04877	0.38210	0.19090	0.34312	0.25442	0.60923	4.21385	43.62043
17737	1.00000	-0.02436	-0.42507	0.41265	0.29192	-0.02436	-0.50490	0.41457	5.16185	49.85452
17757	1.00000	-0.54333	0.06972	0.53106	0.25988	-0.54333	-0.23318	0.44592	6.19575	50.89050
17777	1.00000	-0.25806	0.36789	0.29170	0.23990	-0.25806	0.27582	0.23320	0.97101	50.61357
17797	1.00000	0.11909	0.43720	0.51343	0.28201	0.11909	0.57359	0.44543	2.00184	54.50678
17817	1.00000	0.36084	-0.04632	0.39129	0.03293	0.36084	0.15485	0.43917	3.01734	51.13284
17837	1.00000	-0.23227	-0.55401	0.71534	0.37548	-0.23227	-0.77382	0.78229	3.98988	46.13489
17857	1.00000	-0.40956	0.45170	0.49772	-0.03559	-0.40956	0.28512	0.50023	4.90414	62.98973
17877	1.00000	0.51557	-0.08822	0.53687	0.12610	0.51557	0.19579	0.56042	5.89049	49.48339
17897	1.00000	0.07879	0.09390	-0.07214	-0.15714	0.07879	0.15392	0.17526	0.61666	36.42701
17917	1.00000	0.05784	-0.14625	0.11790	-0.08830	0.05784	-0.13548	0.16427	1.67511	48.16861
17937	1.00000	-0.25806	0.40013	0.23533	0.33045	-0.25806	0.31304	0.50375	2.69520	68.51487
17957	1.00000	0.21418	0.55646	0.71617	0.34638	0.21418	0.76621	0.72336	3.69996	51.00206
17977	1.00000	0.48172	-0.64588	0.66436	0.09677	0.48172	-0.46767	0.70418	4.62035	58.57700
17997	1.00000	-0.23227	-0.00925	0.26643	-0.06256	-0.23227	-0.14478	0.29653	5.57909	51.00206
18017	1.00000	-0.11945	-0.10595	-0.05384	-0.21899	-0.11945	-0.19131	0.21205	0.33287	52.06722
18037	1.00000	0.26414	-0.06082	0.18321	0.20729	0.26414	0.08227	0.34788	1.37138	52.25225
18057	1.00000	0.14649	-0.17042	0.14387	0.11555	0.14649	-0.11221	0.11595	2.41142	50.10504
18077	1.00000	-0.19036	-0.42346	0.50378	0.37559	-0.19036	-0.59888	0.53942	3.42998	50.48558
18097	1.00000	-0.39666	0.41947	0.42009	0.21459	-0.39666	0.25535	0.43617	4.38258	46.25081
18117	1.00000	0.30605	-0.05115	0.26668	0.19071	0.30605	0.11763	0.24200	5.34592	48.16861
18137	1.00000	0.38019	-0.43636	0.41568	0.22931	0.38019	-0.28436	0.35339	0.10738	69.72659
18157	1.00000	-0.00340	-0.16559	0.15632	0.11353	-0.00340	-0.19317	0.32873	1.18117	48.99707
18177	1.00000	-0.45630	0.54196	0.55501	0.17726	-0.45630	0.36236	0.60456	2.08775	47.25518
18197	1.00000	0.37051	-0.10273	0.24903	0.29039	0.37051	0.09529	0.55638	3.07410	61.21537
18217	1.00000	0.51557	-0.67973	0.70092	0.10894	0.51557	-0.48722	0.74224	4.06045	43.21029
18237	1.00000	-0.37571	0.40174	0.36396	0.26396	-0.37571	0.24697	0.49189	4.97163	49.60648
18257	1.00000	0.49462	-0.06082	0.51778	0.15129	0.49462	0.21533	0.64553	5.88895	62.23806
18277	1.00000	0.10780	-0.06405	0.09473	-0.05279	0.10780	-0.01172	0.12384	0.63507	55.06598
18297	1.00000	-0.02436	-0.05115	0.07679	-0.00666	-0.02436	-0.07313	0.07019	1.65823	50.29432
18317	1.00000	-0.27901	0.40174	0.26237	0.31730	-0.27901	0.30280	0.32657	2.69214	52.89545
18337	1.00000	0.21095	0.50489	0.65629	0.33234	0.21095	0.70479	0.70999	3.69843	49.60648
18357	1.00000	0.53652	-0.68134	0.71421	0.07221	0.53652	-0.47698	0.74430	4.62188	43.51731
18377	1.00000	-0.36121	0.01170	0.41025	-0.01368	-0.36121	-0.19503	0.44492	5.58369	53.82404
18397	1.00000	-0.09850	-0.09145	-0.05086	-0.18303	-0.09850	-0.16246	0.19985	0.33901	58.04252
18417	1.00000	0.12392	0.01170	0.12276	0.08670	0.12392	0.08506	0.30128	1.37138	51.25488
18437	1.00000	0.05139	-0.05115	0.04964	0.03226	0.05139	-0.02940	0.01866	2.40682	52.63675
18457	1.00000	-0.14362	-0.32031	0.37614	0.29007	-0.14362	-0.45279	0.43240	3.42998	49.48339
18477	1.00000	-0.42890	0.45654	0.45848	0.22775	-0.42890	0.27954	0.46151	4.38258	45.22807
18497	1.00000	0.53169	-0.11885	0.45158	0.32796	0.53169	0.16974	0.39199	5.34746	46.59301
18517	1.00000	0.22062	-0.25907	0.27562	0.04703	0.22062	-0.17177	0.30253	0.07363	65.27596
18537	1.00000	0.03044	-0.21394	0.22537	-0.05279	0.03044	-0.22946	0.24083	1.11520	55.06598
18557	1.00000	-0.10333	0.13581	0.08829	0.11099	-0.10333	0.09716	0.23796	2.13070	53.95927
18577	1.00000	0.14004	0.31309	0.35186	0.30244	0.14004	0.44238	0.39237	3.15080	51.13284
18597	1.00000	0.30443	-0.04632	0.32553	-0.04065	0.30443	0.12228	0.35270	4.13101	50.48558
18617	1.00000	-0.24033	-0.06244	0.29155	0.13114	-0.24033	-0.21085	0.26667	5.07287	62.38696
18637	1.00000	-0.43857	0.54841	0.53963	0.21338	-0.43857	0.38004	0.48958	6.09297	51.74890
18657	1.00000	-0.03725	0.11324	0.10521	-0.04746	-0.03725	0.10925	0.12619	0.82528	58.51698
18677	1.00000	-1.79564	0.74020	1.02130	-1.48789	-1.79564	-0.18200	1.82632	1.84691	48.63826
18697	1.00000	-0.43857	0.50005	0.53249	0.11786	-0.43857	0.32420	0.58181	2.64152	47.25547
18717	1.00000	0.69286	-0.21716	0.61361	0.35471	0.69286	0.14927	0.76952	3.61406	48.16861
18737	1.00000	-0.15491	-0.62493	0.79871	0.20927	-0.15491	-0.81104	0.85279	4.54058	49.48339
18757	1.00000	-0.32253	0.35016	0.38922	-0.00920	-0.32253	0.21812	0.42580	5.48552	61.79561
18777	1.00000	0.33345	-0.08339	0.25102	0.23961	0.33345	0.09623	0.43822	0.21629	54.78503
18797	1.00000	-0.05659	0.12936	-0.03178	-0.12574	-0.05659	0.11670	0.12336	1.27934	54.23150
18817	1.00000	-0.05176	-0.17687	0.15525	0.18270	-0.05176	-0.23411	0.42641	2.31938	69.02934
18837	1.00000	-0.54333	0.16804	0.41636	0.36897	-0.54333	-0.11966	0.45668	3.34254	65.43064
18857	1.00000	-0.08721	0.31954	0.31462	0.10061	-0.08721	0.31862	0.31004	4.30128	50.10504
18877	1.00000	0.10297	-0.01570	0.10637	-0.03152	0.10297	0.04132	0.11143	5.26462	45.67698
18897	1.00000	-0.12912	-0.37511	0.42673	0.30384	-0.12912	-0.50769	0.39756	0.01994	53.95927
18917	1.00000	-0.24839	0.05844	0.18930	0.17783	-0.24839	-0.07592	0.16581	1.07839	52.37983
18937	1.00000	-0.32091	0.48233	0.32372	0.36916	-0.32091	0.37166	0.60189	2.11689	69.37592
18957	1.00000	0.12070	0.30826	0.34872	0.27221	0.12070	0.42563	0.35920	3.15080	50.61372
18977	1.00000	0.20612	-0.04148	0.21466	-0.03814	0.20612	0.07110	0.23021	4.12181	46.72036
18997	1.00000	-0.26773	-0.01247	0.28343	0.14103	-0.26773	-0.16898	0.25758	5.06827	48.05255
19017	1.00000	-0.45952	0.52907	0.54800	0.17395	-0.45952	0.34561	0.58130	6.09297	51.74890
19037	1.00000	0.10297	0.35178	0.44650	0.16742	0.10297	0.46564	0.43186	0.84676	58.67686
19057	1.00000	0.04817	0.07617	0.08334	-0.09368	0.04817	0.11577	0.12445	1.86225	49.97916
19077	1.00000	-0.13395	-0.37350	0.37312	0.37063	-0.13395	-0.50862	0.41153	2.88388	53.15790
19097	1.00000	-0.78992	0.19544	0.78666	0.24126	-0.78992	-0.23039	0.83423	3.88404	45.22748
19117	1.00000	0.17872	0.21639	0.39324	0.04385	0.17872	0.35305	0.46318	4.79062	43.21085
19137	1.00000	0.32216	-0.39123	0.41545	0.04262	0.32216	-0.26575	0.44846	5.78311	47.14375
19157	1.00000	0.07557	-0.12368	0.08592	-0.09036	0.07557	-0.09919	0.12810	0.54150	54.92514
19177	1.00000	-0.11461	0.19060	0.10692	0.15936	-0.11461	0.15392	0.36237	1.55085	49.85452
19197	1.00000	0.02238	0.09390	0.09080	0.08355	0.02238	0.12135	0.05504	2.59550	53.02665
19217	1.00000	0.78473	-0.22200	0.71355	0.38124	0.78473	0.19672	0.78690	3.61559	47.82208
19237	1.00000	-0.16297	-0.63621	0.82582	0.17692	-0.16297	-0.82872	0.88209	4.54365	45.22807
19257	1.00000	-0.22743	0.17771	0.21468	-0.10528	-0.22743	0.07389	0.25892	5.47785	47.70767
19277	1.00000	-0.16458	0.06650	-0.06217	-0.15346	-0.16458	-0.01823	0.16537	0.24697	56.81413
19297	1.00000	-0.02275	0.09712	0.00293	-0.10155	-0.02275	0.09902	0.10402	1.28394	51.52891
19317	1.00000	-0.09205	-0.29936	0.28273	0.29594	-0.09205	-0.39882	0.36707	2.31938	54.92530
19337	1.00000	-0.57718	0.15515	0.48841	0.34391	-0.57718	-0.15409	0.45743	3.34254	48.05255
19357	1.00000	0.04011	0.40174	0.41462	0.25857	0.04011	0.48705	0.41889	4.29361	46.72036
19377	1.00000	0.20773	-0.19782	0.20288	0.11731	0.20773	-0.10849	0.17404	5.25849	50.10504
19397	1.00000	-0.10494	-0.29614	0.33742	0.24330	-0.10494	-0.40254	0.38341	0.01841	54.92530
19417	1.00000	-0.61425	0.16643	0.54520	0.32615	-0.61425	-0.16246	0.51398	1.05538	49.23888
19437	1.00000	-0.41117	0.52262	0.52888	0.15269	-0.41117	0.36608	0.54796	2.08468	47.48021
19457	1.00000	0.22224	-0.03826	0.16800	0.16804	0.22224	0.08413	0.34960	3.07563	48.16861
19477	1.00000	0.55909	-0.75387	0.75354	0.21131	0.55909	-0.54770	0.82390	4.06198	44.35620
19497	1.00000	-0.45307	0.50972	0.42557	0.36201	-0.45307	0.32700	0.50393	4.97470	61.20639
19517	1.00000	0.07879	0.37434	0.46712	0.12733	0.07879	0.47774	0.45929	5.98406	50.48558
19537	1.00000	0.33022	-0.06566	0.33596	0.09676	0.33022	0.11484	0.35307	0.74705	52.20353
19557	1.00000	0.08040	-0.03504	0.04977	-0.06343	0.08040	0.00596	0.09841	1.75641	48.05255
19577	1.00000	-0.23549	0.01976	0.21031	0.15500	-0.23549	-0.11314	0.17909	2.79185	50.88993
19597	1.00000	-0.54333	0.70958	0.68757	0.27939	-0.54333	0.50566	0.68709	3.79814	46.81119
19617	1.00000	0.43821	-0.05921	0.47242	-0.05382	0.43821	0.18463	0.48304	4.71086	46.13489
19637	1.00000	-0.02436	-0.33965	0.40695	0.00561	-0.02436	-0.40626	0.44189	5.68340	64.23090
19657	1.00000	0.08524	-0.19299	-0.04656	-0.18772	0.08524	-0.17363	0.20149	0.42491	59.32523
19677	1.00000	1.57447	0.10196	1.82623	-0.44474	1.57447	1.02675	1.85332	1.45115	50.23125
19697	1.00000	-0.03564	-0.37189	0.44713	0.06181	-0.03564	-0.44999	0.46480	2.26262	49.60589
19717	1.00000	-0.42245	0.48233	0.46147	0.25190	-0.42245	0.31304	0.43980	3.25051	48.99707
19737	1.00000	0.44627	-0.01247	0.42825	0.27365	0.44627	0.24325	0.68083	4.21078	43.51731
19757	1.00000	-0.02758	-0.37833	0.37574	0.25413	-0.02758	-0.45279	0.48279	5.16645	46.13489
19777	1.00000	-0.51110	0.05844	0.50975	0.23049	-0.51110	-0.22760	0.32372	6.19575	47.59381
19797	1.00000	-0.29351	0.29859	0.31146	0.14094	-0.29351	0.17532	0.24800	0.96487	51.13269
19817	1.00000	0.09491	0.32760	0.37063	0.24326	0.09491	0.43308	0.39752	2.00951	51.00206
19837	1.00000	0.58810	-0.13335	0.58559	0.19320	0.58810	0.18556	0.64163	3.03575	48.63797
19857	1.00000	-0.23227	-0.50727	0.62926	0.41964	-0.23227	-0.71985	0.70660	3.99142	47.07883
19877	1.00000	-0.58524	0.68379	0.72940	0.12022	-0.58524	0.45169	0.77015	4.92101	62.38696
19897	1.00000	0.64934	-0.14786	0.63375	0.24827	0.64934	0.20417	0.62509	5.89202	52.25254
19917	1.00000	0.22868	-0.27680	0.29053	0.05541	0.22868	-0.18759	0.34259	0.64581	51.66256
19937	1.00000	0.04656	-0.08017	0.04412	-0.06735	0.04656	-0.06569	0.09954	1.65517	48.16833
19957	1.00000	-0.30480	0.43236	0.29826	0.32927	-0.30480	0.32327	0.30737	2.68907	49.97887
19977	1.00000	0.21095	0.55324	0.71124	0.34222	0.21095	0.76062	0.69353	3.69996	50.87196
19997	1.00000	0.48817	-0.65233	0.67331	0.08466	0.48817	-0.47140	0.71070	4.62035	43.21085
20017	1.00000	-0.29996	-0.01086	0.34996	-0.04447	-0.29996	-0.18572	0.38536	5.58216	51.13284
20037	1.00000	-0.10172	-0.07211	-0.03085	-0.17190	-0.10172	-0.14199	0.17880	0.34054	56.66420
20057	1.00000	0.09813	-0.01086	0.07797	0.07414	0.09813	0.04412	0.28801	1.36831	48.28496
20077	1.00000	0.04011	-0.03181	0.03928	0.01583	0.04011	-0.01358	0.02177	2.40835	50.10504
20097	1.00000	-0.08399	-0.30419	0.30558	0.27104	-0.08399	-0.39975	0.53980	3.45299	51.13284
20117	1.00000	-0.42729	0.50328	0.43232	0.32782	-0.42729	0.33444	0.65575	4.39179	46.48440
20137	1.00000	0.26253	0.01009	0.24902	0.18314	0.26253	0.16322	0.47934	5.36433	62.83795
20157	1.00000	-0.04047	0.13581	-0.02025	-0.13797	-0.04047	0.13345	0.16686	0.13346	57.42174
20177	1.00000	0.06751	0.01009	0.00718	-0.08408	0.06751	0.05063	0.08844	1.18577	48.51992
20197	1.00000	-0.15491	0.00042	0.15219	0.09351	-0.15491	-0.08895	0.11290	2.22274	47.25547
20217	1.00000	-0.43212	0.50489	0.47839	0.26276	-0.43212	0.33351	0.46269	3.24897	48.16861
20237	1.00000	0.04817	0.19544	0.23594	-0.10441	0.04817	0.25348	0.26339	4.17243	32.63798
20257	1.00000	-0.05014	-0.42830	0.52587	0.00258	-0.05014	-0.52351	0.55713	5.10355	62.38581
20277	1.00000	-0.34348	0.44364	0.38257	0.26487	-0.34348	0.31397	0.34856	6.10524	65.43064
20297	1.00000	-0.01469	0.06972	0.06875	0.02602	-0.01469	0.07203	0.02849	0.88357	56.21920
20317	1.00000	0.44465	-0.11401	0.33242	0.32065	0.44465	0.12507	0.38614	1.93435	48.05255
20337	1.00000	0.25608	-0.37189	0.28322	0.25423	0.25608	-0.28157	0.23564	2.96212	53.42237
20357	1.00000	-0.05498	-0.36222	0.45256	-0.02623	-0.05498	-0.44999	0.46468	3.95767	45.22807
20377	1.00000	-0.09688	0.29698	0.29256	0.07843	-0.09688	0.28698	0.25520	4.87652	50.10504
20397	1.00000	0.44304	-0.06566	0.46618	0.10647	0.44304	0.17997	0.51649	5.88588	53.82404
20417	1.00000	0.07396	0.07456	-0.04359	-0.14197	0.07396	0.12879	0.15064	0.61666	52.06730
20437	1.00000	0.06751	-0.17042	0.13731	-0.10299	0.06751	-0.15781	0.19433	1.67511	48.16861
20457	1.00000	-0.12106	0.16482	0.11226	0.12865	-0.12106	0.12042	0.26152	2.69367	50.10444
20477	1.00000	0.21095	0.52907	0.67799	0.34879	0.21095	0.73271	0.70458	3.69996	49.97887
20497	1.00000	0.57520	-0.75870	0.77330	0.16960	0.57520	-0.54398	0.82794	4.62955	44.35620
20517	1.00000	-0.30480	-0.01086	0.35624	-0.03900	-0.30480	-0.18852	0.39085	5.58216	51.13284
20537	1.00000	-0.10978	-0.10595	-0.06008	-0.20719	-0.10978	-0.18572	0.20480	0.34054	56.51508
20557	1.00000	0.26736	-0.07372	0.17980	0.20961	0.26736	0.06924	0.39496	1.36984	48.40216
20577	1.00000	0.15454	-0.20910	0.15100	0.15574	0.15454	-0.15223	0.14840	2.41142	53.42237
20597	1.00000	-0.19198	-0.47181	0.55690	0.39566	-0.19198	-0.65564	0.51527	3.42998	50.35810
20617	1.00000	-0.42890	0.47427	0.46496	0.24026	-0.42890	0.30001	0.46807	4.38105	46.13489
20637	1.00000	0.59777	-0.14302	0.51729	0.34942	0.59777	0.17997	0.53768	5.34286	47.59381
20657	1.00000	0.34634	-0.45409	0.44659	0.16030	0.34634	-0.32437	0.44940	0.09050	51.74890
20677	1.00000	-0.10333	-0.37189	0.47563	0.15369	-0.10333	-0.48908	0.47234	1.12748	49.11775
20697	1.00000	-0.04370	-0.05921	0.07165	-0.07440	-0.04370	-0.09360	0.10919	2.14757	53.95927
20717	1.00000	0.12070	0.28408	0.29964	0.28799	0.12070	0.39772	0.31234	3.15693	53.82404
20737	1.00000	0.53330	-0.09306	0.56943	0.01884	0.53330	0.20044	0.61210	4.14328	49.60648
20757	1.00000	-0.12590	-0.13335	0.25709	0.03352	-0.12590	-0.22667	0.23354	5.07594	61.79561
20777	1.00000	-0.54333	0.60804	0.63458	0.20805	-0.54333	0.38841	0.62560	6.09604	50.89050
20797	1.00000	-0.01146	0.18577	0.20773	-0.01369	-0.01146	0.20789	0.22761	0.83295	53.32018
20817	1.00000	0.07557	0.05522	0.10904	-0.07317	0.07557	0.10739	0.15667	1.86685	51.66240
20837	1.00000	-0.07754	-0.21716	0.19408	0.23595	-0.07754	-0.29553	0.47077	2.88849	66.18717
20857	1.00000	-0.55945	0.10035	0.59302	0.06471	-0.55945	-0.20713	0.63563	3.86563	50.48558
20877	1.00000	0.19161	0.14225	0.33042	0.05565	0.19161	0.27489	0.46235	4.78295	43.51731
20897	1.00000	0.28187	-0.38639	0.38717	0.09938	0.28187	-0.28343	0.44300	5.78004	64.66448
20917	1.00000	0.10297	-0.12046	0.06420	-0.11324	0.10297	-0.07964	0.14332	0.53689	56.21920
20937	1.00000	-0.01952	-0.08017	0.04313	-0.09645	-0.01952	-0.10384	0.11275	1.57540	51.66240
20957	1.00000	-0.00824	0.04071	0.03932	0.01753	-0.00824	0.04225	0.02519	2.60010	53.95868
20977	1.00000	0.90077	-0.28002	0.74908	0.53755	0.90077	0.19672	0.69887	3.61713	64.07250
20997	1.00000	-0.14524	-0.62493	0.80986	0.11799	-0.14524	-0.80546	0.85039	4.54058	46.01955
21017	1.00000	-0.43696	0.51456	0.54575	0.09967	-0.43696	0.34188	0.59416	5.49625	67.84209
21037	1.00000	0.22707	-0.06244	0.15960	0.17195	0.22707	0.05900	0.39066	0.21936	55.63661
21057	1.00000	-0.05176	0.11485	-0.02987	-0.11109	-0.05176	0.10274	0.11293	1.28701	50.48528
21077	1.00000	-0.03403	-0.19299	0.17554	0.17070	-0.03403	-0.24249	0.34059	2.31785	52.89604
21097	1.00000	-0.49820	0.12130	0.41239	0.31605	-0.49820	-0.14757	0.42178	3.35021	47.59381
21117	1.00000	-0.20970	0.29698	0.30331	-0.03442	-0.20970	0.22185	0.32187	4.31355	44.89713
21137	1.00000	0.10297	-0.01892	0.10648	-0.02602	0.10297	0.03760	0.10770	5.26462	51.00206
21157	1.00000	-0.11300	-0.34288	0.38917	0.27200	-0.11300	-0.46116	0.40769	0.01994	55.06613
21177	1.00000	-0.67066	0.17449	0.63357	0.28773	-0.67066	-0.18572	0.66064	1.04464	48.52007
21197	1.00000	-0.18875	0.14386	0.18249	-0.07473	-0.18875	0.05714	0.22037	2.06167	51.62450
21217	1.00000	0.35601	-0.11079	0.24548	0.26923	0.35601	0.07761	0.49674	3.07410	48.16861
21237	1.00000	0.48495	-0.62976	0.65582	0.07126	0.48495	-0.44720	0.70111	4.05738	48.16804
21257	1.00000	-0.33058	0.32921	0.31800	0.20967	-0.33058	0.18928	0.48089	4.97930	47.07883
21277	1.00000	0.12070	0.41947	0.52559	0.21278	0.12070	0.55405	0.47810	5.99020	54.92530
21297	1.00000	0.50429	-0.09628	0.49512	0.20378	0.50429	0.17997	0.45575	0.75779	52.75595
21317	1.00000	0.26898	-0.42185	0.25860	-0.33994	0.26898	-0.33182	0.43914	1.65517	36.26442
21337	1.00000	-0.46113	0.60965	0.59173	0.23248	-0.46113	0.43773	0.76796	2.65992	47.14375
21357	1.00000	0.30121	-0.05438	0.22258	0.23135	0.30121	0.11111	0.50939	3.64781	61.21537
21377	1.00000	0.14649	-0.47020	0.45998	0.14130	0.14649	-0.45837	0.61193	4.59734	43.61930
21397	1.00000	-0.15491	-0.04148	0.18797	-0.08674	-0.15491	-0.13734	0.22848	5.57602	49.97947
21417	1.00000	-0.11461	-0.11401	-0.06927	-0.21787	-0.11461	-0.19782	0.22752	0.33901	53.75134
21437	1.00000	0.30766	0.19060	0.49823	-0.06751	0.30766	0.39772	0.48848	1.31155	33.02839
21457	1.00000	-0.12590	-0.28808	0.31125	0.28854	-0.12590	-0.40533	0.32280	2.30711	53.82404
21477	1.00000	-0.82538	0.20994	0.77394	0.37015	-0.82538	-0.23411	0.79932	3.32260	48.16861
21497	1.00000	0.20290	0.55485	0.68167	0.38820	0.20290	0.75783	0.67182	4.27214	45.79060
21517	1.00000	0.52685	-0.70390	0.70558	0.19587	0.52685	-0.50862	0.71097	5.21553	46.48440
21537	1.00000	-0.30963	0.02298	0.30198	0.16686	-0.30963	-0.15223	0.25675	6.21262	47.25547
21557	1.00000	-0.23227	0.21156	0.24029	0.09132	-0.23227	0.11018	0.17857	0.96948	49.11760
21577	1.00000	0.48817	-0.11562	0.42262	0.28579	0.48817	0.14833	0.42703	1.91594	48.63826
21597	1.00000	0.24964	-0.31225	0.32850	0.03522	0.24964	-0.21643	0.36928	2.91763	51.74890
21617	1.00000	-0.89952	0.25185	0.82844	0.41832	-0.89952	-0.22853	0.91242	3.89018	45.33946
21637	1.00000	0.28187	0.15515	0.41639	0.15145	0.28187	0.34188	0.59807	4.79216	62.38696
21657	1.00000	0.33506	-0.41863	0.43744	0.07040	0.33506	-0.28994	0.46407	5.78618	47.14375
21677	1.00000	0.10136	-0.11562	0.05982	-0.11098	0.10136	-0.07499	0.12427	0.53536	55.49285
21697	1.00000	-0.07916	-0.04471	0.10681	-0.06578	-0.07916	-0.09732	0.15744	1.57693	51.66240
21717	1.00000	0.04656	0.12291	0.10680	0.13876	0.04656	0.16881	0.11213	2.60317	70.07993
21737	1.00000	0.73960	-0.21716	0.65360	0.38832	0.73960	0.17625	0.76361	3.61099	48.99707
21757	1.00000	-0.18069	-0.60881	0.77561	0.28769	-0.18069	-0.80732	0.85374	4.54825	47.07883
21777	1.00000	-0.44824	0.53229	0.56689	0.07820	-0.44824	0.35584	0.61091	5.50086	48.05255
21797	1.00000	0.06106	-0.01086	0.04671	0.04542	0.06106	0.02271	0.23476	0.22396	56.07241
21817	1.00000	-0.04853	0.09551	-0.02779	-0.09138	-0.04853	0.08227	0.09686	1.28241	54.50678
21837	1.00000	0.05945	-0.56046	0.61446	0.03860	0.05945	-0.61284	0.66082	2.25802	38.54174
21857	1.00000	-0.49337	0.62899	0.62797	0.20942	-0.49337	0.44145	0.68802	3.22596	51.87389
21877	1.00000	0.89755	-0.23167	0.85567	0.36901	0.89755	0.25069	0.85182	4.16936	45.33946
21897	1.00000	-0.02919	-0.39606	0.47416	-0.02978	-0.02919	-0.47419	0.49242	5.10662	62.38696
21917	1.00000	-0.46436	0.51617	0.51684	0.23658	-0.46436	0.32793	0.46617	6.10064	66.05678
21937	1.00000	0.09169	0.24540	0.27162	0.21843	0.09169	0.33630	0.24146	0.87130	54.50694
21957	1.00000	0.74121	-0.21716	0.63428	0.42235	0.74121	0.17718	0.59606	1.91287	51.87360
21977	1.00000	0.08685	-0.21716	0.17491	-0.13111	0.08685	-0.20061	0.22339	2.80872	47.25547
21997	1.00000	-0.55784	0.72247	0.71250	0.25641	-0.55784	0.51217	0.82885	3.79507	46.81119
22017	1.00000	0.42692	-0.05115	0.46334	-0.05187	0.42692	0.18742	0.48058	4.70779	45.67698
22037	1.00000	-0.01952	-0.36705	0.43544	-0.00786	-0.01952	-0.43511	0.45580	5.68647	52.76608
22057	1.00000	0.07718	-0.17365	-0.04242	-0.16874	0.07718	-0.15595	0.17836	0.43258	55.08770
22077	1.00000	-0.00824	0.29698	0.33767	-0.01965	-0.00824	0.33816	0.35602	1.39746	50.10474
22097	1.00000	0.02399	-0.00925	0.02420	-0.00018	0.02399	0.00317	0.03635	2.41295	52.25254
22117	1.00000	-0.17102	-0.39929	0.48453	0.32838	-0.17102	-0.55980	0.50861	3.43305	49.36091
22137	1.00000	-0.54333	0.61287	0.61560	0.26725	-0.54333	0.39399	0.64086	4.37338	43.21085
22157	1.00000	0.81374	-0.18332	0.78832	0.32749	0.81374	0.25814	0.74465	5.31831	48.05255
22177	1.00000	0.07235	-0.01570	0.03823	-0.06581	0.07235	0.02364	0.08569	0.06136	51.01138
22197	1.00000	0.01432	-0.21072	0.23111	-0.04511	0.01432	-0.23504	0.25599	1.11367	50.61357
22217	1.00000	-0.18392	0.24218	0.16366	0.19266	-0.18392	0.17346	0.22419	2.12610	54.36909
22237	1.00000	0.06912	0.16965	0.17590	0.17157	0.06912	0.23580	0.15638	3.16000	54.36909
22257	1.00000	0.51235	-0.09628	0.54460	-0.00213	0.51235	0.18463	0.57393	4.14482	47.07883
22277	1.00000	-0.15491	-0.09306	0.24609	0.04682	-0.15491	-0.19689	0.21861	5.07441	43.93275
22297	1.00000	-0.50626	0.66284	0.62454	0.29994	-0.50626	0.47309	0.58021	6.08990	48.16861
22317	1.00000	-0.02758	0.16965	0.17793	-0.03857	-0.02758	0.17997	0.20452	0.83449	37.21258
22337	1.00000	0.08524	0.04071	0.11199	-0.06310	0.08524	0.09623	0.14593	1.86839	54.36879
22357	1.00000	-0.07432	-0.28485	0.27597	0.26002	-0.07432	-0.37183	0.35808	2.88082	49.48339
22377	1.00000	-0.54333	0.09390	0.57941	0.03965	-0.54333	-0.20527	0.61676	3.87023	47.68866
22397	1.00000	0.36890	0.11969	0.47203	0.19126	0.36890	0.35119	0.46488	4.78449	44.46334
22417	1.00000	0.31249	-0.38800	0.40540	0.07012	0.31249	-0.26761	0.45159	5.78004	51.25488
22437	1.00000	0.09491	-0.12852	0.08096	-0.10590	0.09491	-0.09360	0.14236	0.53843	58.67686
22457	1.00000	-0.01469	-0.08500	0.03908	-0.10029	-0.01469	-0.10663	0.11333	1.57386	50.48528
22477	1.00000	0.00949	0.09390	0.09019	0.07020	0.00949	0.11391	0.06466	2.59856	49.97947
22497	1.00000	0.86854	-0.26551	0.75120	0.47749	0.86854	0.19486	0.61437	3.61252	62.23806
22517	1.00000	-0.18875	-0.62654	0.81351	0.25823	-0.18875	-0.83244	0.87883	4.54212	46.25081
22537	1.00000	-0.35960	0.37595	0.42383	-0.03098	-0.35960	0.22650	0.45156	5.49012	47.25547
22557	1.00000	0.30443	-0.06566	0.22857	0.22453	0.30443	0.09995	0.23310	0.22089	54.92514
22577	1.00000	-0.05337	0.11485	-0.02789	-0.11151	-0.05337	0.10181	0.11590	1.28241	53.95898
22597	1.00000	-0.06787	-0.23973	0.22288	0.23404	-0.06787	-0.31600	0.42265	2.32091	53.95927
22617	1.00000	-0.54333	0.14064	0.44194	0.35036	-0.54333	-0.15130	0.39986	3.34254	65.43064
22637	1.00000	-0.13234	0.31471	0.31189	0.05083	-0.13234	0.28698	0.30685	4.30435	44.78789
22657	1.00000	0.12553	-0.06244	0.12480	0.01345	0.12553	0.00038	0.11261	5.26462	48.63855
22677	1.00000	0.07879	-0.10756	0.05633	-0.09607	0.07879	-0.07871	0.11936	6.23563	64.66448
22697	1.00000	-0.00340	-0.08661	0.03256	-0.09669	-0.00340	-0.10198	0.10297	1.00783	50.87181
22717	1.00000	0.02399	0.11969	-0.10563	0.11196	0.02399	0.15206	0.08857	2.03252	428.72827
22737	1.00000	0.44949	-0.13980	0.28639	0.36001	0.44949	0.09809	0.45747	3.07563	51.50070
22757	1.00000	0.54942	-0.73775	0.73880	0.20454	0.54942	-0.53467	0.81390	4.06198	59.28445
22777	1.00000	-0.42245	0.46460	0.40855	0.31165	-0.42245	0.29257	0.45696	4.97010	50.35810
22797	1.00000	0.12714	0.43881	0.54627	0.23283	0.12714	0.58010	0.57641	5.99173	54.92530
22817	1.00000	0.35923	-0.06244	0.35977	0.13383	0.35923	0.13531	0.37575	0.75472	56.21920
22837	1.00000	0.20612	-0.26874	0.27921	0.03345	0.20612	-0.19131	0.31578	1.78095	50.89022
22857	1.00000	-0.15329	-0.00925	0.15794	0.09159	-0.15329	-0.09919	0.11644	2.79491	46.81119
22877	1.00000	-0.61908	0.83690	0.79509	0.34898	-0.61908	0.60895	0.79953	3.79814	43.21029
22897	1.00000	0.66546	-0.47343	0.68498	0.00115	0.66546	-0.16246	0.62586	4.63262	26.38304
22917	1.00000	-0.17908	-0.02859	0.21084	-0.07887	-0.17908	-0.13641	0.24560	5.57602	49.97947
22937	1.00000	-0.11784	-0.11562	-0.06230	-0.22498	-0.11784	-0.20154	0.23261	0.33287	57.26862
22957	1.00000	0.20128	-0.03181	0.15234	0.15368	0.20128	0.07948	0.34876	1.37291	51.37720
22977	1.00000	0.10780	-0.13819	0.09675	0.10831	0.10780	-0.09732	0.08851	2.41142	67.84209
22997	1.00000	-0.18231	-0.40896	0.48619	0.36098	-0.18231	-0.57748	0.50712	3.42845	49.48339
23017	1.00000	-0.50787	0.56130	0.55053	0.28417	-0.50787	0.35491	0.50983	4.38105	45.22807
23037	1.00000	0.65418	-0.13335	0.58683	0.36548	0.65418	0.22371	0.46579	5.34286	43.21085
23057	1.00000	0.34634	-0.46698	0.44956	0.18154	0.34634	-0.33926	0.49391	0.08437	50.89050
23077	1.00000	0.00949	-0.20266	0.22743	-0.02418	0.00949	-0.22853	0.24279	1.11214	53.42222
23097	1.00000	-0.13718	0.18738	0.12121	0.15144	-0.13718	0.13717	0.27347	2.12610	53.28981
23117	1.00000	0.10780	0.24701	0.26071	0.25370	0.10780	0.34747	0.27403	3.15693	53.95927
23137	1.00000	0.44304	-0.08984	0.46827	-0.01044	0.44304	0.15206	0.49194	4.14175	45.67698
23157	1.00000	-0.22099	-0.08500	0.30365	0.08709	-0.22099	-0.22574	0.26110	5.07287	43.51731
23177	1.00000	-0.48853	0.52584	0.56860	0.14503	-0.48853	0.32514	0.62920	6.09297	50.89050
23197	1.00000	0.07557	0.30665	0.39108	0.10463	0.07557	0.39772	0.43243	0.84676	38.45629
23217	1.00000	-0.05014	0.14225	-0.01774	-0.14320	-0.05014	0.13531	0.14719	1.85305	54.36909
23237	1.00000	-0.12267	-0.31387	0.31895	0.31780	-0.12267	-0.43325	0.48512	2.88388	50.48558
23257	1.00000	-0.76736	0.18577	0.76678	0.23043	-0.76736	-0.22853	0.80855	3.88251	50.87135
23277	1.00000	0.06590	0.20994	0.28512	-0.04124	0.06590	0.28047	0.46520	4.78909	44.03785
23297	1.00000	0.31572	-0.38962	0.41112	0.04774	0.31572	-0.26761	0.44843	5.78311	51.37749
23317	1.00000	0.17872	-0.10273	-0.04594	-0.17341	0.17872	-0.01544	0.19059	0.51695	51.13276
23337	1.00000	-0.12912	0.13903	0.10936	0.11002	-0.12912	0.08599	0.21420	1.56466	56.07225
23357	1.00000	0.06268	0.15192	0.15125	0.16069	0.06268	0.21161	0.14066	2.60010	50.61372
23377	1.00000	0.83308	-0.26390	0.71299	0.46552	0.83308	0.17625	0.71494	3.61252	49.11775
23397	1.00000	-0.21454	-0.67328	0.86418	0.33388	-0.21454	-0.90130	0.86706	4.54825	47.07883
23417	1.00000	-0.45952	0.54841	0.58276	0.08288	-0.45952	0.36794	0.63002	5.50086	48.16861
23437	1.00000	-0.12751	0.06811	-0.02341	-0.12543	-0.12751	0.00503	0.11712	0.25157	51.13271
23457	1.00000	0.01110	0.08745	0.04118	-0.09979	0.01110	0.10739	0.10833	1.28548	53.42237
23477	1.00000	-0.07432	-0.27357	0.26337	0.25475	-0.07432	-0.35880	0.33446	2.31785	49.97947
23497	1.00000	-0.56751	0.13903	0.48660	0.33641	-0.56751	-0.16711	0.51781	3.34408	47.25547
23517	1.00000	-0.02919	0.36145	0.36098	0.17584	-0.02919	0.40051	0.35359	4.29668	46.13489
23537	1.00000	0.78473	-0.83929	0.85010	0.39923	0.78473	-0.51606	0.86707	5.22014	33.59092
23557	1.00000	-0.72223	0.16159	0.68243	0.33012	-0.72223	-0.23039	0.70664	6.19421	48.16861
23577	1.00000	-0.25806	0.24701	0.29033	-0.02920	-0.25806	0.13624	0.32102	0.92959	47.25533
23597	1.00000	0.17550	-0.01086	0.15151	0.12539	0.17550	0.08878	0.35066	1.94509	50.41265
23617	1.00000	-0.19520	0.42592	-0.05867	-0.42234	-0.19520	0.37911	0.43318	2.96672	49.60648
23637	1.00000	-0.20487	-0.59108	0.77898	0.27633	-0.20487	-0.80080	0.81026	3.97454	45.22807
23657	1.00000	-0.24194	0.25185	0.26885	-0.09528	-0.24194	0.15113	0.31507	4.89033	44.46334
23677	1.00000	0.47528	-0.08017	0.49751	0.10676	0.47528	0.18183	0.54695	5.88282	49.97947
23697	1.00000	0.10297	-0.06727	0.09132	-0.05095	0.10297	-0.01823	0.12026	0.63507	54.23165
23717	1.00000	-0.07916	-0.03987	0.11621	0.03430	-0.07916	-0.09174	0.08655	1.65823	50.41238
23737	1.00000	-0.11461	0.19222	0.10334	0.16347	-0.11461	0.15578	0.38907	2.69367	52.25196
23757	1.00000	0.21095	0.56775	0.72180	0.35743	0.21095	0.77737	0.77717	3.69996	48.99648
23777	1.00000	0.64934	-0.86024	0.82992	0.33941	0.64934	-0.61842	0.86876	4.64950	44.78789
23797	1.00000	-0.34992	0.00042	0.40258	-0.03133	-0.34992	-0.20154	0.42690	5.58369	50.74251
23817	1.00000	-0.10333	-0.09145	-0.04958	-0.18847	-0.10333	-0.16525	0.19213	0.33901	57.42175
23837	1.00000	0.20773	-0.00119	0.18326	0.15368	0.20773	0.11856	0.22294	1.37751	50.89050
23857	1.00000	0.07718	-0.07050	0.07565	0.03988	0.07718	-0.03684	0.03780	2.40682	48.99707
23877	1.00000	-0.12590	-0.38639	0.39438	0.35985	-0.12590	-0.51885	0.46612	3.45146	52.06738
23897	1.00000	-0.39989	0.37434	0.40613	0.18838	-0.39989	0.20137	0.36194	4.39639	45.56392
23917	1.00000	0.46561	-0.60398	0.52180	0.35802	0.46561	-0.42859	0.68582	5.24008	64.23090
23937	1.00000	0.05623	-0.16720	0.15517	-0.06981	0.05623	-0.16060	0.19140	6.25404	68.00919
23957	1.00000	-0.05659	-0.06082	0.08913	-0.07646	-0.05659	-0.10291	0.13532	1.01550	52.20353
23977	1.00000	-0.08077	-0.01247	0.00390	-0.10116	-0.08077	-0.06103	0.11464	2.04480	52.37969
23997	1.00000	0.35923	-0.09467	0.27350	0.25268	0.35923	0.09809	0.23310	3.07256	47.70767
24017	1.00000	0.46238	-0.63782	0.64709	0.12453	0.46238	-0.46954	0.69499	4.05278	44.35563
24037	1.00000	-0.37249	0.40657	0.35572	0.27730	-0.37249	0.25442	0.44953	4.97163	46.13489
24057	1.00000	0.12714	0.42269	0.52798	0.22937	0.12714	0.56149	0.47518	5.99173	74.54147
24077	1.00000	0.15938	0.01331	0.19095	-0.02163	0.15938	0.10739	0.21335	0.74091	38.45629
24097	1.00000	0.06106	-0.14302	0.13781	0.04008	0.06106	-0.12989	0.23226	1.75487	51.99950
24117	1.00000	0.03044	-0.11562	0.10371	-0.06010	0.03044	-0.11594	0.13302	2.80718	65.89912
24137	1.00000	-0.54333	0.65156	0.69072	0.10223	-0.54333	0.43866	0.73203	3.78280	44.89713
24157	1.00000	0.27220	-0.06244	0.28108	-0.04809	0.27220	0.08506	0.29587	4.69705	46.95873
24177	1.00000	-0.00824	-0.29130	0.34033	-0.02475	-0.00824	-0.34112	0.37834	5.67880	66.53429
24197	1.00000	-0.12912	0.16159	0.10927	0.13146	-0.12912	0.11204	0.13268	0.42031	58.51698
24217	1.00000	-0.20970	0.17449	0.21385	-0.06858	-0.20970	0.08041	0.23866	1.49103	50.89022
24237	1.00000	0.08202	0.01009	0.08630	0.05253	0.08202	0.05900	0.25640	2.51419	50.89050
24257	1.00000	0.51396	-0.65394	0.59771	0.34194	0.51396	-0.45837	0.61956	3.52202	61.64952
24277	1.00000	-0.96399	0.24218	0.88911	0.46416	-0.96399	-0.27692	0.91283	4.46695	44.35620
24297	1.00000	0.15454	0.55808	0.69971	0.26910	0.15454	0.73364	0.78507	5.41188	49.97947
24317	1.00000	-0.07916	0.19222	-0.02664	-0.19135	-0.07916	0.17625	0.18376	0.14573	53.75135
24337	1.00000	0.04817	-0.13496	0.12493	0.05570	0.04817	-0.12803	0.31408	1.18884	66.53401
24357	1.00000	-0.20970	0.02298	0.17093	0.15393	-0.20970	-0.09453	0.14821	2.22274	64.51340
24377	1.00000	-0.24839	0.24701	0.25775	0.12395	-0.24839	0.14182	0.22488	3.25204	52.63675
24397	1.00000	0.04978	0.27119	0.34033	-0.05946	0.04978	0.34188	0.38886	4.22152	43.21085
24417	1.00000	-0.01952	-0.37672	0.37424	0.24388	-0.01952	-0.44627	0.51526	5.16645	45.90479
24437	1.00000	-0.51432	0.07778	0.50068	0.23815	-0.51432	-0.20713	0.44796	6.19421	51.74890
24457	1.00000	-0.25967	0.24701	0.27330	0.10502	-0.25967	0.13531	0.23573	0.96641	51.13269
24477	1.00000	0.06106	0.30987	0.34534	0.19736	0.06106	0.39306	0.33843	2.00951	51.00206
24497	1.00000	0.63967	-0.15592	0.62961	0.22033	0.63967	0.18928	0.64871	3.03575	48.63797
24517	1.00000	-0.22421	-0.48310	0.60679	0.39289	-0.22421	-0.68728	0.69624	3.98988	51.00206
24537	1.00000	-0.58201	0.69185	0.73395	0.11922	-0.58201	0.46285	0.78077	4.92101	59.28445
24557	1.00000	0.54458	-0.11079	0.55032	0.16869	0.54458	0.18649	0.56187	5.88742	48.52021
24577	1.00000	0.15454	-0.10434	0.14622	-0.05897	0.15454	-0.03126	0.16870	0.63814	56.21920
24597	1.00000	-0.05981	-0.02537	0.08327	0.02678	-0.05981	-0.06383	0.07272	1.65670	47.70739
24617	1.00000	-0.15491	0.22929	0.14215	0.18580	-0.15491	0.17532	0.38320	2.69367	53.42178
24637	1.00000	0.21579	0.50650	0.66002	0.33792	0.21579	0.70944	0.69605	3.69996	51.13284
24657	1.00000	0.49139	-0.65394	0.67828	0.05988	0.49139	-0.47140	0.71375	4.62342	44.35620
24677	1.00000	-0.59007	0.09390	0.62083	0.12901	-0.59007	-0.23225	0.66044	5.60210	50.61372
24697	1.00000	-0.05659	-0.02859	-0.01775	-0.08486	-0.05659	-0.06569	0.12199	0.32367	56.21920
24717	1.00000	0.19000	-0.03987	0.13833	0.14496	0.19000	0.06366	0.44399	1.37138	48.05226
24737	1.00000	0.16583	-0.22200	0.16209	0.16437	0.16583	-0.16060	0.15756	2.41142	53.28981
24757	1.00000	-0.21454	-0.43958	0.52666	0.40908	-0.21454	-0.63145	0.57985	3.42845	54.36909
24777	1.00000	-0.44985	0.59515	0.49649	0.37225	-0.44985	0.42749	0.47482	4.38105	46.13489
24797	1.00000	0.45916	-0.09628	0.38621	0.29210	0.45916	0.15392	0.39792	5.35052	48.16861
24817	1.00000	0.35279	-0.37511	0.39218	0.15260	0.35279	-0.22946	0.35571	0.10891	51.62450
24837	1.00000	-0.04209	-0.11401	0.11752	0.11081	-0.04209	-0.15595	0.08557	1.16429	49.97947
24857	1.00000	-0.11139	-0.00925	0.12015	0.05996	-0.11139	-0.07499	0.06183	2.22120	46.81175
24877	1.00000	-0.36121	0.40013	0.39598	0.19466	-0.36121	0.25348	0.41302	3.24437	48.16861
24897	1.00000	0.35279	0.01331	0.36199	0.20343	0.35279	0.21905	0.58100	4.21231	43.51731
24917	1.00000	-0.02113	-0.40735	0.40017	0.27048	-0.02113	-0.48256	0.42377	5.16185	46.25081
24937	1.00000	-0.78831	0.18738	0.70237	0.43014	-0.78831	-0.23876	0.60928	6.19421	66.69501
24957	1.00000	-0.43857	0.50005	0.52797	0.13655	-0.43857	0.32420	0.57440	0.94647	50.89036
24977	1.00000	-0.05014	0.14225	0.12066	-0.07913	-0.05014	0.13531	0.15358	1.96196	46.81147
24997	1.00000	0.12714	-0.14302	0.12867	0.08958	0.12714	-0.09174	0.09530	2.97132	48.87698
25017	1.00000	-0.19681	-0.57819	0.76025	0.26654	-0.19681	-0.78126	0.79368	3.97454	48.52021
25037	1.00000	-0.23388	0.24701	0.26311	-0.08955	-0.23388	0.15020	0.30945	4.89186	44.35620
25057	1.00000	0.46399	-0.07211	0.48958	0.09826	0.46399	0.18463	0.51842	5.88282	53.82404
25077	1.00000	0.09975	-0.05760	0.08197	-0.05751	0.09975	-0.00892	0.11392	0.63353	54.50694
25097	1.00000	-0.03403	-0.05277	0.08746	-0.00074	-0.03403	-0.08057	0.08213	1.66130	47.14347
25117	1.00000	-0.18875	0.26313	0.17803	0.20468	-0.18875	0.19486	0.36724	2.69214	48.51963
25137	1.00000	0.22062	0.55646	0.71869	0.35339	0.22062	0.76993	0.79652	3.69996	45.22807
25157	1.00000	0.52685	-0.66361	0.69766	0.06581	0.52685	-0.46209	0.72806	4.62188	43.21085
25177	1.00000	-0.29674	0.00042	0.34027	-0.03801	-0.29674	-0.17084	0.38322	5.58062	49.48339
25197	1.00000	-0.10333	-0.10273	-0.06240	-0.19638	-0.10333	-0.17828	0.20825	0.33748	57.42175
25217	1.00000	0.06751	0.01654	0.07860	0.04184	0.06751	0.05807	0.32694	1.37751	50.65017
25237	1.00000	0.08846	-0.09467	0.08607	0.06172	0.08846	-0.05824	0.05259	2.40528	52.76608
25257	1.00000	-0.23066	-0.52017	0.62582	0.44723	-0.23066	-0.73381	0.61287	3.43612	50.10504
25277	1.00000	-0.65454	0.76760	0.74891	0.35497	-0.65454	0.50845	0.74636	4.37798	47.25547
25297	1.00000	0.82824	-0.21716	0.77341	0.37342	0.82824	0.22743	0.73733	5.32138	48.05255
25317	1.00000	0.08846	-0.04954	0.07187	-0.05194	0.08846	-0.00613	0.09988	0.05829	50.77020
25337	1.00000	0.07396	-0.07372	0.02142	-0.08253	0.07396	-0.04242	0.09786	1.09373	65.43050
25357	1.00000	-0.16941	0.25830	0.13884	0.22270	-0.16941	0.20044	0.38277	2.13070	67.51035
25377	1.00000	0.09330	0.22445	0.25126	0.20868	0.09330	0.31304	0.28092	3.15080	49.97947
25397	1.00000	0.30605	-0.03826	0.32969	-0.05014	0.30605	0.13252	0.35807	4.13101	45.56392
25417	1.00000	-0.15329	-0.09467	0.24539	0.04912	-0.15329	-0.19782	0.23228	5.07594	46.70213
25437	1.00000	-0.49176	0.54196	0.57145	0.17909	-0.49176	0.34188	0.46475	6.09604	50.53127
25457	1.00000	0.14326	0.42430	0.53053	0.25874	0.14326	0.57266	0.47380	0.85289	59.98808
25477	1.00000	0.21740	-0.00925	0.24552	-0.01275	0.21740	0.11484	0.28038	1.87913	50.87165
25497	1.00000	-0.07916	-0.28485	0.27578	0.26560	-0.07916	-0.37462	0.42563	2.88849	51.00206
25517	1.00000	-0.86084	0.22445	0.83505	0.31657	-0.86084	-0.23783	0.82851	3.88711	48.63797
25537	1.00000	0.06912	0.34533	0.44310	-0.02940	0.06912	0.43866	0.45663	4.80443	62.98973
25557	1.00000	0.20290	-0.23489	0.25470	-0.00570	0.20290	-0.15409	0.27207	5.77084	48.05255
25577	1.00000	-0.11139	0.00203	0.10521	0.07196	-0.11139	-0.06196	0.06146	0.50775	55.49285
25597	1.00000	-0.14362	0.16965	0.12282	0.13529	-0.14362	0.11297	0.22923	1.56926	51.52891
25617	1.00000	0.02077	0.09229	0.08929	0.08070	0.02077	0.11856	0.05489	2.59703	50.48558
25637	1.00000	0.72671	-0.21233	0.62984	0.40217	0.72671	0.17439	0.72504	3.61406	63.44951
25657	1.00000	-0.21454	-0.62976	0.81982	0.31334	-0.21454	-0.85105	0.88553	4.55286	47.19954
25677	1.00000	-0.38216	0.40496	0.45453	-0.02026	-0.38216	0.24697	0.46534	5.49165	48.16861
25697	1.00000	0.18517	-0.04632	0.13248	0.13995	0.18517	0.05342	0.36729	0.22089	56.21920
25717	1.00000	-0.05176	0.10357	-0.02917	-0.09937	-0.05176	0.08971	0.10767	1.28241	53.95898
25737	1.00000	-0.44985	0.03266	0.49538	0.07903	-0.44985	-0.22202	0.52685	2.17518	48.63855
25757	1.00000	-0.04370	0.05844	0.05918	-0.01386	-0.04370	0.04225	0.06342	3.15847	50.61372
25777	1.00000	0.57520	-0.11562	0.60744	0.03659	0.57520	0.19858	0.65280	4.14942	47.07883
25797	1.00000	-0.13073	-0.09789	0.22701	0.03306	-0.13073	-0.18852	0.21035	5.07594	47.59381
25817	1.00000	-0.54333	0.63222	0.64293	0.23469	-0.54333	0.41633	0.60461	6.09604	51.87389
25837	1.00000	0.14004	0.41302	0.51663	0.25250	0.14004	0.55777	0.53418	0.85289	58.51698
25857	1.00000	0.16421	0.03266	0.20471	-0.05116	0.16421	0.13252	0.22789	1.87146	49.97916
25877	1.00000	-0.09527	-0.32031	0.28301	0.33089	-0.09527	-0.42487	0.44184	2.89002	68.51546
25897	1.00000	-0.78348	0.19383	0.78025	0.23928	-0.78348	-0.22853	0.83316	3.88251	49.85392
25917	1.00000	0.15293	0.24218	0.39691	0.03462	0.15293	0.36794	0.56209	4.79522	61.79561
25937	1.00000	0.33667	-0.42024	0.43930	0.07034	0.33667	-0.29087	0.46354	5.78618	46.70213
25957	1.00000	0.15938	-0.08984	-0.04029	-0.15464	0.15938	-0.01172	0.17979	0.51849	56.21920
25977	1.00000	-0.00018	-0.00441	0.00122	-0.00506	-0.00018	-0.00520	0.20165	1.57080	55.06583
25997	1.00000	0.05784	0.13903	0.12549	0.15876	0.05784	0.19393	0.12353	2.60010	68.68531
26017	1.00000	0.77828	-0.23489	0.68954	0.40234	0.77828	0.17811	0.76863	3.60946	48.05255
26037	1.00000	-0.17908	-0.64588	0.84263	0.20764	-0.17908	-0.84919	0.89305	4.54519	44.89713
