--- Terminal on /dev/ttyUSB0 | 115200 8-N-1
--- Available filters and text transformations: colorize, debug, default, direct, esp32_exception_decoder, hexlify, log2file, nocontrol, printable, send_on_enter, time
--- More details at https://bit.ly/pio-monitor-filters
--- Quit: Ctrl+C | Menu: Ctrl+T | Help: Ctrl+T followed by Ctrl+H
CS: Inv B
MOT: Success: 3
MOT: Ready.
0	0.00000	-0.01202	0.00712	0.00995	-0.00687	-0.01202	0.00128	0.01355	4.21385	0.00055
8377	0.00000	0.02505	-0.00416	-0.01065	0.02464	0.02505	0.00966	0.14538	4.20618	0.00000
8397	0.00000	-0.02008	0.03291	0.03308	0.00250	-0.02008	0.02641	0.00728	4.20157	0.00000
8417	0.00000	-0.01363	0.02163	0.02184	0.00115	-0.01363	0.01710	0.02137	4.20157	0.00000
8437	0.00000	-0.00074	-0.00255	-0.00208	-0.00275	-0.00074	-0.00337	0.02399	4.20004	0.00000
8457	0.00000	-0.00880	0.00390	0.00541	-0.00697	-0.00880	-0.00058	0.02207	4.20157	0.00000
8477	0.00000	-0.01202	0.00551	0.00770	-0.00925	-0.01202	-0.00058	0.02880	4.20311	0.00000
8497	0.00000	0.00409	-0.00255	-0.00315	0.00268	0.00409	-0.00058	0.03770	4.20157	0.00000
8517	0.00000	0.00409	0.02807	0.02330	0.02614	0.00409	0.03478	0.05937	4.20157	0.00000
8537	0.00000	-0.01525	-0.01867	-0.01365	-0.03110	-0.01525	-0.03035	0.00580	4.19851	-3.59247
8557	0.00000	-0.01686	0.00390	0.00700	-0.01620	-0.01686	-0.00523	0.00676	4.19851	0.00000
8577	0.00000	-0.01363	0.02163	0.02187	0.00041	-0.01363	0.01710	0.01966	4.19851	0.00000
8597	0.00000	-0.01041	0.00712	0.00834	-0.00661	-0.01041	0.00221	0.12899	4.19851	0.00000
8617	0.00000	-0.00396	0.00551	0.00567	-0.00045	-0.00396	0.00407	0.02889	4.19851	0.00000
8637	0.00000	-0.00880	0.03291	0.03072	0.01474	-0.00880	0.03292	0.02429	4.20004	0.00000
8657	0.00000	-0.01202	0.00551	0.00722	-0.00963	-0.01202	-0.00058	0.02763	4.19851	0.00000
8677	0.00000	-0.00074	0.00068	0.00075	-0.00033	-0.00074	0.00035	0.02573	4.20004	3.58408
8697	0.00000	-0.00880	0.01518	0.01520	0.00116	-0.00880	0.01245	0.04365	4.19851	0.00000
8717	0.00000	-0.00235	0.00712	0.00674	0.00268	-0.00235	0.00687	0.01776	4.20004	0.00000
8737	0.00000	-0.01525	0.00551	0.00762	-0.01343	-0.01525	-0.00244	0.02443	4.19697	0.00000
8757	0.00000	-0.02814	0.01357	0.01787	-0.02174	-0.02814	-0.00058	0.02004	4.20004	3.59247
8777	0.00000	-0.01847	0.01357	0.01563	-0.01103	-0.01847	0.00501	0.01182	4.19851	3.55913
8797	0.00000	0.02505	0.00390	-0.00137	0.03138	0.02505	0.01896	0.02173	4.19851	0.00000
8817	0.00000	-0.01525	0.00551	0.00785	-0.01330	-0.01525	-0.00244	0.02913	4.19851	-3.55913
8837	0.00000	-0.00235	0.00551	0.00533	0.00147	-0.00235	0.00501	0.02906	4.19851	0.00000
8857	0.00000	-0.01041	0.00551	0.00691	-0.00779	-0.01041	0.00035	0.02644	4.19851	0.00000
8877	0.00000	-0.01041	0.00390	0.00548	-0.00898	-0.01041	-0.00151	0.02727	4.19851	0.00000
8897	0.00000	0.01538	0.00390	0.00221	0.02026	0.01538	0.01338	0.05065	4.19237	0.00000
8917	0.00000	-0.01363	0.02002	0.02037	-0.00181	-0.01363	0.01524	0.06686	4.19390	3.59247
8937	0.00000	-0.00880	0.00712	0.00778	-0.00517	-0.00880	0.00314	0.02855	4.19390	0.00000
8957	0.00000	-0.01041	0.01679	0.01695	-0.00034	-0.01041	0.01338	0.03520	4.19390	0.00000
8977	0.00000	-0.01525	0.02969	0.02958	0.00252	-0.01525	0.02548	0.01405	4.19390	0.00000
8997	0.00000	-0.01363	0.01196	0.01291	-0.00738	-0.01363	0.00594	0.02913	4.19390	0.00000
9017	0.00000	-0.01202	0.01035	0.01131	-0.00645	-0.01202	0.00501	0.04338	4.19544	0.00000
9037	0.00000	-0.01525	0.01679	0.01750	-0.00618	-0.01525	0.01059	0.03298	4.19237	0.00000
9057	0.00000	-0.05070	0.03613	0.04030	-0.03319	-0.05070	0.01245	0.01474	4.19390	0.00000
9077	0.00000	-0.01202	0.03130	0.03059	0.00783	-0.01202	0.02920	0.01248	4.19390	0.00000
9097	0.00000	-0.00396	0.02969	0.02827	0.01548	-0.00396	0.03199	0.02911	4.19237	0.00000
9117	0.00000	-0.01202	0.00551	0.00673	-0.00998	-0.01202	-0.00058	0.04138	4.19390	0.00000
9137	0.00000	-0.02008	0.01518	0.01655	-0.01282	-0.02008	0.00594	0.01467	4.19237	0.00000
9157	0.00000	-0.03459	0.12478	0.11935	0.04853	-0.03459	0.12411	0.01895	4.19390	0.00000
9177	0.00000	-0.00396	0.01035	0.01011	0.00260	-0.00396	0.00966	0.03520	4.19390	0.00000
9197	0.00000	-0.01525	0.01357	0.01462	-0.00811	-0.01525	0.00687	0.03875	4.19390	0.00000
9217	0.00000	-0.00074	0.01035	0.00967	0.00630	-0.00074	0.01152	0.03872	4.19390	0.00000
9237	0.00000	-0.01525	0.00873	0.01015	-0.01145	-0.01525	0.00128	0.02946	4.19390	0.00000
9257	0.00000	-0.00880	0.00551	0.00629	-0.00628	-0.00880	0.00128	0.02993	4.19390	0.00000
9277	0.00000	-0.02330	0.00390	0.00636	-0.02414	-0.02330	-0.00895	0.03644	4.19237	-3.55913
9297	0.00000	-0.01202	0.02002	0.02015	0.00004	-0.01202	0.01617	0.01953	4.19390	0.00000
9317	0.00000	-0.03297	0.02646	0.02895	-0.01954	-0.03297	0.01152	0.02770	4.19390	0.00000
9337	0.00000	-0.01202	0.03291	0.03208	0.00894	-0.01202	0.03106	0.03659	4.19544	0.00000
9357	0.00000	-0.02653	0.02969	0.03106	-0.00992	-0.02653	0.01896	0.03121	4.06352	0.00000
9377	0.00000	-0.02008	0.02485	0.02322	-0.01251	-0.02008	0.01710	0.02067	4.16629	0.00000
9397	0.00000	-0.01363	0.00551	0.00550	-0.01256	-0.01363	-0.00151	0.01473	4.18317	0.00000
9417	0.00000	-0.00719	0.00551	0.00551	-0.00512	-0.00719	0.00221	0.03541	4.18317	0.00000
9437	0.00000	-0.00396	0.01518	0.01518	0.00418	-0.00396	0.01524	0.01778	4.18317	0.00000
9457	0.00000	0.00409	0.00390	0.00378	0.00704	0.00409	0.00687	0.03296	4.18470	0.00000
9477	0.00000	-0.01041	0.00551	0.00565	-0.00875	-0.01041	0.00035	0.03541	4.18470	0.00000
9497	0.00000	0.00248	-0.00416	-0.00417	0.00040	0.00248	-0.00337	0.02894	4.18470	0.00000
9517	0.00000	-0.00396	0.00068	0.00074	-0.00418	-0.00396	-0.00151	0.01682	4.18470	0.00000
9537	0.00000	-0.00719	0.00390	0.00400	-0.00598	-0.00719	0.00035	0.02389	4.18470	0.00000
9557	0.00000	-0.00396	0.02646	0.02629	0.01113	-0.00396	0.02827	0.02855	4.18470	0.00000
9577	0.00000	-0.00719	0.00068	0.00080	-0.00790	-0.00719	-0.00337	0.01134	4.18470	0.00000
9597	0.00000	-0.01525	0.01035	0.01072	-0.01128	-0.01525	0.00314	0.00818	4.18623	0.00000
9617	0.00000	0.03955	-0.00899	-0.00965	0.04033	0.03955	0.01245	0.01141	4.18470	0.00000
9637	0.00000	-0.02169	0.00712	0.00781	-0.02069	-0.02169	-0.00430	0.01343	4.18623	0.00000
9657	0.00000	-0.01202	0.07159	0.07160	0.02740	-0.01202	0.07573	0.00617	4.18470	0.00000
9677	0.00000	-0.01202	0.02324	0.02324	-0.00009	-0.01202	0.01989	0.01242	4.18470	0.00000
9697	0.00000	0.01377	0.00390	0.00360	0.01821	0.01377	0.01245	0.02210	4.18470	0.00000
9717	0.00000	-0.02169	-0.01544	-0.01489	-0.03421	-0.02169	-0.03035	0.01242	4.18623	0.00000
9737	0.00000	-0.01202	0.01518	0.01518	-0.00513	-0.01202	0.01059	0.00773	4.18470	0.00000
9757	0.00000	-0.01041	0.00551	0.00580	-0.00865	-0.01041	0.00035	0.00818	4.18623	0.00000
9777	0.00000	0.00571	0.04903	0.04845	0.03569	0.00571	0.05991	0.07839	4.18623	0.00000
9797	0.00000	-0.00396	0.01357	0.01345	0.00370	-0.00396	0.01338	0.00942	4.18623	0.00000
9817	0.00000	-0.02169	0.01679	0.01598	-0.01619	-0.02169	0.00687	0.01485	4.17856	0.00000
9837	0.00000	0.63589	0.06031	0.76818	0.07040	0.63589	0.43677	0.72577	4.18623	0.00000
9857	0.00000	-0.00880	0.02969	0.02485	0.01768	-0.00880	0.02920	0.03077	4.21691	-3.55913
9877	0.00000	-0.01202	0.03613	0.03324	0.01578	-0.01202	0.03478	0.02905	4.20618	0.00000
9897	0.00000	-0.03942	0.00551	0.01524	-0.03988	-0.03942	-0.01640	0.04408	4.20464	0.00000
9917	0.00000	-0.00719	0.03130	0.02815	0.01681	-0.00719	0.03199	0.03291	4.20464	0.00000
9937	0.00000	0.01215	-0.04606	-0.04106	-0.02437	0.01215	-0.04617	0.01971	4.20311	0.00000
9957	0.00000	-0.01202	0.03130	0.03031	0.00886	-0.01202	0.02920	0.02863	4.19851	0.00000
9977	0.00000	-0.01202	0.00551	0.00706	-0.00975	-0.01202	-0.00058	0.01740	4.19697	0.00000
9997	0.00000	-0.01363	0.03613	0.03495	0.01050	-0.01363	0.03385	0.04420	4.19851	0.00000
10017	0.00000	-0.02975	0.03291	0.03501	-0.00963	-0.02975	0.02082	0.02852	4.19851	0.00000
10037	0.00000	-0.01202	0.02324	0.02299	0.00343	-0.01202	0.01989	0.03609	4.19851	0.00000
10057	0.00000	-0.03297	0.02646	0.02990	-0.01805	-0.03297	0.01152	0.02746	4.19851	0.00000
10077	0.00000	-0.01041	0.04097	0.03844	0.01832	-0.01041	0.04130	0.06350	4.20004	0.00000
10097	0.00000	-0.02653	0.03775	0.03872	-0.00175	-0.02653	0.02827	0.02214	4.20004	0.00000
10117	0.00000	-0.02653	0.03291	0.03449	-0.00538	-0.02653	0.02269	0.03817	4.20157	0.00000
10137	0.00000	0.00571	0.02163	0.01775	0.02273	0.00571	0.02827	0.03545	4.20004	0.00000
10157	0.00000	-0.02169	-0.00577	-0.00045	-0.02896	-0.02169	-0.01919	0.01744	4.20004	0.00000
10177	0.00000	0.03955	0.00873	-0.00074	0.05145	0.03955	0.03292	0.04817	4.20004	0.00000
10197	0.00000	-0.01202	0.04742	0.04412	0.02198	-0.01202	0.04781	0.02909	4.20157	0.00000
10217	0.00000	-0.01525	0.00873	0.01071	-0.01092	-0.01525	0.00128	0.02763	4.19851	0.00000
10237	0.00000	-0.01041	0.04258	0.03954	0.02018	-0.01041	0.04316	0.04433	4.19851	0.00000
10257	0.00000	-0.03297	0.05225	0.05177	-0.01057	-0.03297	0.04130	0.03709	4.17856	0.00000
10277	0.00000	-0.02814	0.02807	0.02979	-0.01288	-0.02814	0.01617	0.02581	4.19390	0.00000
10297	0.00000	-0.01686	0.03775	0.03732	0.00611	-0.01686	0.03385	0.04364	4.19390	0.00000
10317	0.00000	-0.00396	-0.13310	-0.12423	-0.09437	-0.00396	-0.15598	0.17284	4.19390	0.00000
10337	0.00000	-0.00719	0.00873	0.00893	-0.00267	-0.00719	0.00594	0.02412	4.19084	3.55913
10357	0.00000	-0.01202	0.00551	0.00656	-0.01009	-0.01202	-0.00058	0.02793	4.19084	0.00000
10377	0.00000	-0.01202	0.01679	0.01717	-0.00219	-0.01202	0.01245	0.03768	4.19390	0.00000
10397	0.00000	-0.01363	0.03291	0.03230	0.00709	-0.01363	0.03013	0.04862	4.19390	0.00000
10417	0.00000	-0.01041	0.00873	0.00949	-0.00591	-0.01041	0.00407	0.03066	4.19390	0.00000
10437	0.00000	-0.01202	0.03613	0.03507	0.01117	-0.01202	0.03478	0.05008	4.19390	0.00000
10457	0.00000	-0.01041	0.00551	0.00651	-0.00813	-0.01041	0.00035	0.04393	4.19390	0.00000
10477	0.00000	-0.03297	0.00712	0.00994	-0.03325	-0.03297	-0.01081	0.05709	4.18777	-3.59247
10497	0.00000	0.03955	-0.20240	-0.19421	-0.09115	0.03955	-0.21088	0.22119	4.19237	0.00000
10517	0.00000	-0.01041	-0.01544	-0.01781	-0.01896	-0.01041	-0.02384	0.02294	4.17550	3.66106
10537	0.00000	-0.00396	0.05225	0.05090	0.02817	-0.00396	0.05805	0.09977	4.18777	0.00000
10557	0.00000	0.00571	0.00068	0.00033	0.00700	0.00571	0.00407	0.02225	4.18777	-3.59247
10577	0.00000	-0.02814	0.00712	0.00900	-0.02784	-0.02814	-0.00802	0.02793	4.18930	0.00000
10597	0.00000	-0.00719	0.00873	0.00873	-0.00326	-0.00719	0.00594	0.00298	4.18317	0.00000
10617	0.00000	-0.00880	0.01035	0.01048	-0.00384	-0.00880	0.00687	0.03545	4.18623	0.00000
10637	0.00000	-0.01202	0.00551	0.00586	-0.01051	-0.01202	-0.00058	0.03321	4.18623	0.00000
10657	0.00000	-0.00396	0.00551	0.00559	-0.00102	-0.00396	0.00407	0.03326	4.18930	0.00000
10677	0.00000	-0.00396	0.03291	0.03241	0.01550	-0.00396	0.03571	0.03525	4.18777	0.00000
10697	0.00000	-0.00880	0.01357	0.01369	-0.00141	-0.00880	0.01059	0.04234	4.18930	0.00000
10717	0.00000	-0.00074	0.02969	0.02913	0.01726	-0.00074	0.03385	0.03291	4.18777	0.00000
10737	0.00000	0.00409	0.00551	0.00497	0.00826	0.00409	0.00873	0.03367	4.18930	0.00000
10757	0.00000	-0.02008	0.03452	0.03464	-0.00153	-0.02008	0.02827	0.11836	4.18777	0.00000
10777	0.00000	0.00248	0.03936	0.03848	0.02688	0.00248	0.04688	0.10847	4.18777	0.00000
10797	0.00000	-0.01686	0.02646	0.02668	-0.00241	-0.01686	0.02082	0.01675	4.18930	3.59247
10817	0.00000	-0.00719	0.02163	0.02130	0.00562	-0.00719	0.02082	0.04538	4.19084	0.00000
10837	0.00000	-0.01202	0.02324	0.02320	0.00148	-0.01202	0.01989	0.02665	4.19084	0.00000
10857	0.00000	-0.02814	0.02646	0.02755	-0.01541	-0.02814	0.01431	0.03121	4.18930	0.00000
10877	0.00000	-0.02492	0.01357	0.01494	-0.01998	-0.02492	0.00128	0.02451	4.19084	0.00000
10897	0.00000	0.03955	0.00551	0.00306	0.04906	0.03955	0.02920	0.03385	4.18930	0.00000
10917	0.00000	-0.01202	0.04742	0.04641	0.01663	-0.01202	0.04781	0.01212	4.18930	0.00000
10937	0.00000	-0.01202	0.02324	0.02320	0.00148	-0.01202	0.01989	0.01575	4.18930	0.00000
10957	0.00000	-0.01041	0.02002	0.01986	-0.00250	-0.01041	0.01710	0.04474	4.17396	-3.58408
10977	0.00000	0.20234	0.00390	-0.00790	0.23577	0.20234	0.12132	0.02946	4.18777	0.00000
10997	0.00000	0.00409	0.00390	0.00354	0.00717	0.00409	0.00687	0.02812	4.18777	0.00000
11017	0.00000	-0.01363	-0.00577	-0.00514	-0.01925	-0.01363	-0.01454	0.03689	4.18777	0.00000
11037	0.00000	-0.04265	0.00551	0.00703	-0.04585	-0.04265	-0.01826	0.03774	4.18623	0.00000
11057	0.00000	-0.03459	0.02969	0.03042	-0.02180	-0.03459	0.01431	0.01570	4.18777	0.00000
11077	0.00000	-0.01202	0.02807	0.02792	0.00373	-0.01202	0.02548	0.02913	4.18777	0.00000
11097	0.00000	-0.02330	0.02646	0.02701	-0.01029	-0.02330	0.01710	0.02834	4.18777	0.00000
11117	0.00000	-0.00074	-0.17661	-0.17124	-0.11152	-0.00074	-0.20436	0.20295	4.18930	0.00000
11137	0.00000	-0.01041	0.00551	0.00474	-0.00928	-0.01041	0.00035	0.16123	4.17856	3.59247
11157	0.00000	-0.01363	0.00390	0.00501	-0.01312	-0.01363	-0.00337	0.01106	4.19084	-3.59247
11177	0.00000	-0.01525	0.03130	0.03120	0.00256	-0.01525	0.02734	0.01952	4.18930	0.00000
11197	0.00000	0.04116	-0.01061	-0.01335	0.04061	0.04116	0.01152	0.13679	4.18930	0.00000
11217	0.00000	-0.01202	0.08126	0.07887	0.03839	-0.01202	0.08689	0.00580	4.18930	0.00000
11237	0.00000	-0.01041	0.00229	0.00300	-0.01052	-0.01041	-0.00337	0.02093	4.18777	0.00000
11257	0.00000	-0.01202	0.01035	0.01085	-0.00720	-0.01202	0.00501	0.06202	4.18930	0.00000
11277	0.00000	-0.00558	0.02969	0.02890	0.01266	-0.00558	0.03106	0.02863	4.18930	3.60090
11297	0.00000	-0.01041	0.00551	0.00623	-0.00835	-0.01041	0.00035	0.04912	4.18930	0.00000
11317	0.00000	-0.01202	0.02646	0.02631	0.00316	-0.01202	0.02362	0.02969	4.18930	0.00000
11337	0.00000	-0.00719	0.00551	0.00592	-0.00464	-0.00719	0.00221	0.04446	4.18930	0.00000
11357	0.00000	-0.01202	0.03936	0.03886	0.01080	-0.01202	0.03850	0.04885	4.18930	0.00000
11377	0.00000	-0.00558	0.00551	0.00576	-0.00278	-0.00558	0.00314	0.04312	4.19084	0.00000
11397	0.00000	-0.00719	0.03613	0.03521	0.01495	-0.00719	0.03757	0.03039	4.18930	0.00000
11417	0.00000	-0.00074	0.00712	0.00689	0.00373	-0.00074	0.00780	0.04347	4.18930	0.00000
11437	0.00000	0.00893	0.00229	0.00151	0.01176	0.00893	0.00780	0.05679	4.18777	0.00000
11457	0.00000	-0.02330	0.01357	0.01419	-0.01861	-0.02330	0.00221	0.01302	4.18777	0.00000
11477	0.00000	0.05406	-0.01061	-0.01341	0.05569	0.05406	0.01896	0.14182	4.18777	0.00000
11497	0.00000	-0.03297	-0.01222	-0.00917	-0.04584	-0.03297	-0.03315	0.01492	4.18930	0.00000
11517	0.00000	-0.03620	0.02807	0.02806	-0.02560	-0.03620	0.01152	0.02955	4.18163	0.00000
11537	0.00000	0.07018	0.00390	0.08256	0.01161	0.07018	0.04502	0.22211	4.18777	0.00000
11557	0.00000	0.03794	0.02969	-0.00012	0.06779	0.03794	0.05618	0.03002	4.22152	-3.57572
11577	0.00000	-0.00719	0.04258	0.03625	0.02764	-0.00719	0.04502	0.09818	4.20924	0.00000
11597	0.00000	-0.01525	0.03936	0.03603	0.01663	-0.01525	0.03664	0.01394	4.21078	0.00000
11617	0.00000	0.01054	-0.06057	-0.05167	-0.03897	0.01054	-0.06385	0.04791	4.20618	0.00000
11637	0.00000	0.01538	-0.01544	-0.01690	0.00556	0.01538	-0.00895	0.02093	4.20004	0.00000
11657	0.00000	-0.02492	0.04097	0.04116	0.00320	-0.02492	0.03292	0.02907	4.20157	0.00000
11677	0.00000	-0.01686	0.01357	0.01562	-0.00867	-0.01686	0.00594	0.03066	4.20157	0.00000
11697	0.00000	-0.01202	0.02324	0.02278	0.00459	-0.01202	0.01989	0.04092	4.20311	0.00000
11717	0.00000	-0.03942	0.02807	0.03175	-0.02528	-0.03942	0.00966	0.03384	4.19390	0.00000
11737	0.00000	-0.01202	0.01357	0.01450	-0.00320	-0.01202	0.00873	0.04078	4.20157	0.00000
11757	0.00000	-0.00719	0.03936	0.03639	0.02080	-0.00719	0.04130	0.04144	4.19851	0.00000
11777	0.00000	-0.01202	0.01518	0.01593	-0.00170	-0.01202	0.01059	0.04886	4.20311	0.00000
11797	0.00000	-0.01041	0.03613	0.03362	0.01590	-0.01041	0.03571	0.03843	4.20157	0.00000
11817	0.00000	-0.01202	0.02646	0.02553	0.00711	-0.01202	0.02362	0.06072	4.20311	0.00000
11837	0.00000	-0.03942	0.02807	0.03338	-0.02308	-0.03942	0.00966	0.03575	4.20157	0.00000
11857	0.00000	-0.01202	0.01518	0.01593	-0.00170	-0.01202	0.01059	0.05569	4.20311	0.00000
11877	0.00000	-0.01202	0.03291	0.03159	0.01055	-0.01202	0.03106	0.04345	4.19851	-3.59247
11897	0.00000	-0.06360	0.03291	0.04315	-0.04673	-0.06360	0.00128	0.02844	4.20157	0.00000
11917	0.00000	-0.01363	0.04097	0.03881	0.01531	-0.01363	0.03943	0.02429	4.20004	0.00000
11937	0.00000	-0.01202	0.04258	0.04019	0.01767	-0.01202	0.04223	0.03708	4.19851	0.00000
11957	0.00000	-0.02653	0.01679	0.02065	-0.01714	-0.02653	0.00408	0.04164	4.20157	0.00000
11977	0.00000	0.07823	0.01518	-0.00331	0.10020	0.07823	0.06270	0.03703	4.20004	0.00000
11997	0.00000	-0.01202	0.01357	0.01450	-0.00320	-0.01202	0.00873	0.03495	4.20157	0.00000
12017	0.00000	-0.03459	0.03452	0.03783	-0.01268	-0.03459	0.01989	0.02201	4.20157	0.00000
12037	0.00000	-0.03297	0.03936	0.04151	-0.00785	-0.03297	0.02641	0.02880	4.20157	0.00000
12057	0.00000	-0.05715	0.02646	0.03534	-0.04498	-0.05715	-0.00244	0.04371	4.20004	0.00000
12077	0.00000	-0.01686	0.03936	0.03790	0.01108	-0.01686	0.03571	0.02754	4.20157	0.00000
12097	0.00000	-0.02975	0.02002	0.02387	-0.01872	-0.02975	0.00594	0.03484	4.20004	0.00000
12117	0.00000	-0.01363	0.01679	0.01762	-0.00286	-0.01363	0.01152	0.03882	4.20157	0.00000
12137	0.00000	-0.00074	0.00551	0.00487	0.00347	-0.00074	0.00594	0.03817	4.20157	0.00000
12157	0.00000	-0.02169	0.01518	0.01835	-0.01260	-0.02169	0.00501	0.01236	4.20311	0.00000
12177	0.00000	-0.00396	0.05225	0.04545	0.03632	-0.00396	0.05805	0.04173	4.20311	0.00000
12197	0.00000	-0.01363	0.01679	0.01766	-0.00256	-0.01363	0.01152	0.04127	4.20157	0.00000
12217	0.00000	-0.01363	0.05225	0.04744	0.02622	-0.01363	0.05246	0.05068	4.20464	0.00000
12237	0.00000	0.14915	0.00551	-0.03268	0.17241	0.14915	0.09247	0.02913	4.20311	0.00000
12257	0.00000	-0.01202	0.01518	0.01596	-0.00143	-0.01202	0.01059	0.03066	4.20464	0.00000
12277	0.00000	-0.01525	0.00712	0.00595	-0.01405	-0.01525	-0.00058	0.02682	4.17856	0.00000
12297	0.00000	-0.00719	0.03291	0.03190	0.01342	-0.00719	0.03385	0.03086	4.19084	3.52640
12317	0.00000	-0.00558	0.01518	0.01499	0.00334	-0.00558	0.01431	0.03768	4.18930	0.00000
12337	0.00000	-0.02653	0.00712	0.00888	-0.02598	-0.02653	-0.00709	0.02085	4.19084	0.00000
12357	0.00000	-0.02814	0.03130	0.03219	-0.01230	-0.02814	0.01989	0.03556	4.18930	0.00000
12377	0.00000	-0.01202	0.02969	0.02969	0.00324	-0.01202	0.02734	0.03416	4.18470	0.00000
12397	0.00000	-0.02653	0.03291	0.03405	-0.00769	-0.02653	0.02269	0.03049	4.19390	0.00000
12417	0.00000	-0.03297	0.01518	0.01851	-0.02733	-0.03297	-0.00151	0.02476	4.19544	0.00000
12437	0.00000	-0.02653	-0.02350	-0.02049	-0.04567	-0.02653	-0.04245	0.01492	4.19084	0.00000
12457	0.00000	-0.01525	0.02807	0.02811	0.00001	-0.01525	0.02362	0.01728	4.18930	0.00000
12477	0.00000	-0.01202	0.03452	0.03374	0.00949	-0.01202	0.03292	0.02729	4.19237	0.00000
12497	0.00000	0.01377	0.00551	0.00390	0.01947	0.01377	0.01431	0.02063	4.19084	0.00000
12517	0.00000	-0.02975	0.02807	0.02949	-0.01573	-0.02975	0.01524	0.03166	4.19237	0.00000
12537	0.00000	0.00571	0.00068	-0.00003	0.00701	0.00571	0.00407	0.12562	4.19237	-3.59247
12557	0.00000	-0.03297	0.10866	0.10502	0.03723	-0.03297	0.10643	0.02201	4.19390	0.00000
12577	0.00000	-0.01686	0.02646	0.02677	-0.00106	-0.01686	0.02082	0.01728	4.19390	0.00000
12597	0.00000	0.00571	0.01035	0.00880	0.01369	0.00571	0.01524	0.03545	4.19390	0.00000
12617	0.00000	-0.03459	0.00229	0.00680	-0.03808	-0.03459	-0.01733	0.02255	4.19390	0.00000
12637	0.00000	-0.02814	0.03613	0.03725	-0.00732	-0.02814	0.02548	0.02398	4.19390	0.00000
12657	0.00000	-0.03136	0.02324	0.02575	-0.01992	-0.03136	0.00873	0.03258	4.19544	0.00000
12677	0.00000	0.04600	0.01035	0.00335	0.05989	0.04600	0.03850	0.04292	4.19390	0.00000
12697	0.00000	-0.01847	0.03130	0.03146	0.00043	-0.01847	0.02548	0.02093	4.19390	0.00000
12717	0.00000	0.03794	-0.15727	-0.15068	-0.06510	0.03794	-0.15970	0.19031	4.19390	0.00000
12737	0.00000	0.00571	0.02324	0.02111	0.02224	0.00571	0.03013	0.02080	4.19390	3.52640
12757	0.00000	-0.01202	0.01518	0.01568	-0.00330	-0.01202	0.01059	0.02906	4.19390	0.00000
12777	0.00000	-0.02008	0.00873	0.01051	-0.01717	-0.02008	-0.00151	0.01236	4.19237	0.00000
12797	0.00000	-0.02653	0.03291	0.03405	-0.00769	-0.02653	0.02269	0.02800	4.19390	0.00000
12817	0.00000	-0.00558	0.03452	0.03270	0.01745	-0.00558	0.03664	0.03715	4.19390	0.00000
12837	0.00000	-0.01686	0.01679	0.01782	-0.00773	-0.01686	0.00966	0.03730	4.19390	0.00000
12857	0.00000	-0.01202	0.03291	0.03193	0.00948	-0.01202	0.03106	0.03890	4.19544	0.00000
12877	0.00000	-0.01202	0.01035	0.01131	-0.00645	-0.01202	0.00501	0.03545	4.19544	0.00000
12897	0.00000	-0.00719	0.02969	0.02823	0.01274	-0.00719	0.03013	0.04265	4.19544	0.00000
12917	0.00000	-0.04748	0.02324	0.02858	-0.03792	-0.04748	-0.00058	0.03976	4.19544	0.00000
12937	0.00000	-0.01202	0.03613	0.03467	0.01234	-0.01202	0.03478	0.04092	4.19697	3.59247
12957	0.00000	-0.02169	0.03291	0.03342	-0.00158	-0.02169	0.02548	0.02212	4.19544	0.00000
12977	0.00000	-0.01202	0.02646	0.02595	0.00537	-0.01202	0.02362	0.03659	4.19851	0.00000
12997	0.00000	-0.02008	0.02807	0.02880	-0.00267	-0.02008	0.02082	0.02241	4.19697	0.00000
13017	0.00000	-0.02330	0.02163	0.02336	-0.01139	-0.02330	0.01152	0.02080	4.19697	0.00000
13037	0.00000	-0.01202	0.04742	0.04551	0.01896	-0.01202	0.04781	0.06956	4.19390	0.00000
13057	0.00000	-0.01686	0.03936	0.03841	0.00915	-0.01686	0.03571	0.03652	4.19697	0.00000
13077	0.00000	-0.02975	0.03936	0.04056	-0.00625	-0.02975	0.02827	0.02746	4.19697	0.00000
13097	0.00000	-0.01041	0.02807	0.02712	0.00837	-0.01041	0.02641	0.03689	4.19851	0.00000
13117	0.00000	-0.01686	0.02324	0.02388	-0.00248	-0.01686	0.01710	0.01789	4.19697	0.00000
13137	0.00000	-0.02814	0.03452	0.03602	-0.00722	-0.02814	0.02362	0.03688	4.19851	0.00000
13157	0.00000	-0.00235	0.00712	0.00698	0.00199	-0.00235	0.00687	0.04433	4.19084	3.55913
13177	0.00000	-0.01363	0.04580	0.04366	0.01748	-0.01363	0.04502	0.05449	4.19697	3.59247
13197	0.00000	-0.00074	0.03452	0.03125	0.02406	-0.00074	0.03943	0.03475	4.19697	0.00000
13217	0.00000	-0.01041	0.03452	0.03271	0.01357	-0.01041	0.03385	0.04072	4.19851	0.00000
13237	0.00000	-0.02814	0.02163	0.02467	-0.01610	-0.02814	0.00873	0.03734	4.19851	0.00000
13257	0.00000	0.32805	0.16829	0.08627	0.49738	0.32805	0.38373	0.42780	4.19851	312.54388
13277	0.00000	-0.02330	0.04580	0.04573	0.00260	-0.02330	0.03943	0.02793	4.18777	0.00000
13297	0.00000	-0.02653	-0.00094	0.00167	-0.03114	-0.02653	-0.01640	0.00894	4.19084	0.00000
13317	0.00000	-0.01363	0.03452	0.03379	0.00821	-0.01363	0.03199	0.04997	4.19390	0.00000
13337	0.00000	-0.01041	0.02646	0.02590	0.00634	-0.01041	0.02455	0.02912	4.19390	0.00000
13357	0.00000	-0.01041	0.01035	0.01106	-0.00461	-0.01041	0.00594	0.03268	4.19390	0.00000
13377	50.00000	0.04439	0.50192	0.57266	0.20061	0.04439	0.60520	0.64405	4.81823	62.83795
13397	50.00000	-0.12001	0.23599	-0.03026	-0.23403	-0.12001	0.20321	0.22884	5.85060	49.85452
13417	50.00000	0.08952	-0.02995	0.07976	-0.04408	0.08952	0.01710	0.09527	0.63814	53.82389
13437	50.00000	0.65040	-0.70848	0.35852	-0.70025	0.65040	-0.44258	0.79874	1.61988	26.64461
13457	50.00000	-0.19415	0.20698	0.16466	0.16333	-0.19415	0.12690	0.14249	2.68753	53.28981
13477	50.00000	-0.10389	-0.07991	-0.04388	-0.17901	-0.10389	-0.15225	0.18271	3.74138	50.53127
13497	50.00000	0.13303	0.00551	0.13087	0.08651	0.13303	0.08317	0.28509	4.76454	46.70213
13517	50.00000	-0.76953	0.62119	0.00146	-0.81647	-0.76953	0.27300	0.90159	5.85521	68.25695
13537	50.00000	0.18944	-0.20562	0.18666	0.13208	0.18944	-0.12806	0.14961	0.67342	56.07241
13557	50.00000	-0.05554	-0.17500	0.14607	0.19124	-0.05554	-0.23414	0.12047	1.73493	50.77020
13577	50.00000	0.17010	-0.08152	-0.02720	-0.16795	0.17010	0.00407	0.16878	2.80258	48.05255
13597	50.00000	-0.21671	-0.00899	0.25528	-0.01228	-0.21671	-0.13550	0.23119	3.86410	53.68948
13617	50.00000	-0.21026	0.15540	0.21070	-0.05637	-0.21026	0.05805	0.18240	4.91027	68.90240
13637	50.00000	-0.13774	-0.04445	-0.12149	-0.14604	-0.13774	-0.13085	0.24741	5.96105	48.05255
13657	50.00000	0.04439	-0.07185	0.06600	0.03004	0.04439	-0.05734	0.07119	0.60439	42.71842
13677	50.00000	-0.04265	-0.67302	0.23847	-0.76664	-0.04265	-0.80176	0.83946	1.49103	30.07814
13697	50.00000	0.11530	-0.05412	0.11165	0.02905	0.11530	0.00407	0.08275	2.40375	46.01955
13717	50.00000	-0.06521	-0.29588	0.34081	0.17878	-0.06521	-0.37930	0.34220	3.41157	66.53429
13737	50.00000	-0.48426	0.12639	0.48426	0.13359	-0.48426	-0.13364	0.50224	4.43014	49.97947
13757	50.00000	-0.14580	0.05709	0.11438	-0.09220	-0.14580	-0.01826	0.16437	5.47785	68.90128
13777	50.00000	-0.21832	0.08287	-0.03573	-0.21750	-0.21832	-0.03035	0.21799	0.24237	55.06600
13797	50.00000	0.17655	-0.00899	0.18702	0.06759	0.17655	0.09154	0.23145	1.31769	51.74861
13817	50.00000	0.13626	-0.14921	0.15211	0.06476	0.13626	-0.09363	0.12718	2.36080	67.31058
13837	50.00000	0.09274	0.03613	-0.06010	-0.11858	0.09274	0.09527	0.34639	3.40084	49.73019
13857	50.00000	-0.16352	0.10705	0.16106	-0.04057	-0.16352	0.02920	0.17344	4.32583	57.47954
13877	50.00000	-0.01363	0.05870	0.00940	-0.06071	-0.01363	0.05991	0.07173	5.26155	45.11721
13897	50.00000	0.09113	-0.03478	0.02254	-0.08916	0.09113	0.01245	0.11646	6.26785	49.36091
13917	50.00000	-0.16675	0.06192	0.16728	0.02085	-0.16675	-0.02477	0.12573	0.97254	48.87683
13937	50.00000	-0.16191	0.05709	0.06075	-0.15258	-0.16191	-0.02756	0.15658	2.00491	49.97916
13957	50.00000	-0.12001	0.07159	-0.08267	-0.08801	-0.12001	0.01338	0.17583	3.01581	64.06435
13977	50.00000	0.00893	0.02807	-0.02101	-0.03241	0.00893	0.03757	0.04505	4.01443	47.48049
13997	50.00000	-0.17642	0.17797	0.20318	-0.02404	-0.17642	0.10364	0.21974	4.85505	29.01154
14017	50.00000	0.31193	-0.37486	0.35638	0.18484	0.31193	-0.25275	0.34013	5.78311	64.06435
14037	50.00000	0.00571	-0.14599	0.15989	0.04226	0.00571	-0.16528	0.16675	0.54917	57.11631
14057	50.00000	-0.61642	0.17635	0.47233	0.42429	-0.61642	-0.15225	0.50236	1.61682	68.25668
14077	50.00000	-0.21671	0.15218	0.21828	0.04324	-0.21671	0.05060	0.14418	2.65992	70.23064
14097	50.00000	-0.11517	-0.09442	-0.04677	-0.20464	-0.11517	-0.17552	0.21059	3.73985	51.25488
14117	50.00000	-0.16997	0.10383	-0.03961	-0.16670	-0.16997	0.02175	0.19564	4.78449	49.36854
14137	50.00000	-0.21832	0.16024	-0.17978	-0.13719	-0.21832	0.05898	0.25018	5.83833	49.85452
14157	50.00000	-0.06843	-0.05090	0.11878	-0.01531	-0.06843	-0.09828	0.11129	0.38656	42.07924
14177	50.00000	0.07662	0.10866	0.15298	0.10613	0.07662	0.16971	0.23564	1.39439	48.99678
14197	50.00000	-0.02169	0.08771	0.02133	-0.08883	-0.02169	0.08875	0.11578	2.42369	64.70905
14217	50.00000	-0.01525	-0.08797	0.08619	0.07062	-0.01525	-0.11038	0.09798	3.42998	48.40244
14237	50.00000	-0.18125	0.13284	0.12831	0.13697	-0.18125	0.04874	0.17259	4.43014	49.48339
14257	50.00000	-0.02330	-0.08152	-0.06758	-0.08689	-0.02330	-0.10759	0.09015	5.43796	47.14375
14277	50.00000	0.16043	-0.01867	0.17505	-0.01209	0.16043	0.07107	0.17146	0.11658	48.06206
14297	50.00000	0.07018	-0.15083	0.14271	-0.04916	0.07018	-0.13364	0.17121	1.10907	49.97932
14317	50.00000	-0.22316	0.13123	0.19733	0.10665	-0.22316	0.02269	0.11461	2.13377	52.76608
14337	50.00000	-0.04103	0.04419	0.04916	-0.00377	-0.04103	0.02734	0.02969	3.17687	65.58606
14357	50.00000	0.10724	0.02324	0.13790	0.01900	0.10724	0.08875	0.12209	4.16322	43.00893
14377	50.00000	-0.03459	0.08126	-0.07469	-0.03276	-0.03459	0.07386	0.05772	5.16798	62.23806
14397	50.00000	0.02344	-0.08958	0.02734	-0.08879	0.02344	-0.08991	0.12149	6.13132	45.00573
14417	50.00000	-0.07327	0.06837	0.04972	-0.06509	-0.07327	0.03664	0.11584	0.81454	48.56929
14437	50.00000	0.06212	-0.00255	0.06696	-0.02141	0.06212	0.03292	0.03043	1.82851	49.48309
14457	50.00000	0.03794	-0.03478	0.03762	-0.01891	0.03794	-0.01826	0.04436	2.87008	51.74832
14477	50.00000	-0.15547	0.10866	0.09201	0.13030	-0.15547	0.03571	0.20912	3.86563	61.07201
14497	50.00000	0.00248	-0.16372	-0.11030	-0.15178	0.00248	-0.18761	0.17950	4.89340	50.89050
14517	50.00000	-0.02653	0.10866	0.04810	-0.10258	-0.02653	0.11015	0.11175	5.85827	40.27169
14537	50.00000	0.09113	-0.07024	0.05880	-0.07522	0.09113	-0.02849	0.10120	0.54456	48.56929
14557	50.00000	-0.11356	0.01357	0.12068	-0.02864	-0.11356	-0.04990	0.11296	1.54165	49.36061
14577	50.00000	-0.06521	0.05547	0.06198	-0.03328	-0.06521	0.02641	0.08232	2.58783	51.74890
14597	50.00000	-0.07004	0.05870	-0.02440	-0.07111	-0.07004	0.02734	0.09518	3.59412	61.64952
14617	50.00000	0.00571	0.05547	-0.04335	-0.05185	0.00571	0.06735	0.02227	4.59120	47.48049
14637	50.00000	-0.13935	0.74368	0.76281	0.20787	-0.13935	0.77827	0.82434	5.36740	25.99975
14657	50.00000	0.00571	-0.14116	0.09447	0.12888	0.00571	-0.15970	0.09967	0.04602	50.17709
14677	50.00000	0.05567	-0.12182	0.11358	-0.04443	0.05567	-0.10852	0.12427	1.10753	52.76578
14697	50.00000	-0.25217	0.03936	0.25121	0.10249	-0.25217	-0.10014	0.21485	2.17058	51.25488
14717	50.00000	-0.21026	0.17152	0.22337	-0.01378	-0.21026	0.07666	0.23272	3.20449	63.91605
14737	50.00000	-0.01202	0.18441	0.20371	-0.03280	-0.01202	0.20600	0.23242	4.22919	48.40244
14757	50.00000	-0.03459	0.12639	0.01645	-0.12960	-0.03459	0.12597	0.11643	5.27996	57.09622
14777	50.00000	0.05083	0.05225	0.00902	-0.10269	0.05083	0.08968	0.13562	0.05676	67.46694
14797	50.00000	0.00893	0.01518	-0.02237	-0.00969	0.00893	0.02269	0.06084	1.08606	58.99929
14817	50.00000	-0.02814	-0.02511	0.00658	-0.05287	-0.02814	-0.04524	0.08644	2.04480	39.60994
14837	50.00000	0.09757	-0.01867	0.10295	0.01137	0.09757	0.03478	0.04705	2.98052	64.07309
14857	50.00000	0.01860	-0.14599	0.15437	0.03778	0.01860	-0.15784	0.17077	3.98068	49.36032
14877	50.00000	0.10080	-0.15727	-0.00013	-0.15934	0.10080	-0.12341	0.15492	5.01919	47.59381
14897	50.00000	0.02505	-0.06218	-0.04918	-0.03868	0.02505	-0.05734	0.05996	6.04388	59.81135
14917	50.00000	-0.01686	0.07643	0.03501	-0.07227	-0.01686	0.07852	0.08806	0.71637	47.07883
14937	50.00000	0.07018	-0.13632	0.13611	-0.00784	0.07018	-0.11689	0.11079	1.71039	68.51517
14957	50.00000	-0.04103	0.19892	-0.05034	0.20392	-0.04103	0.20600	0.05163	2.70441	48.99648
14977	50.00000	-0.03942	0.07481	0.07472	0.00440	-0.03942	0.06363	0.08422	3.71990	47.93646
14997	50.00000	0.29904	-1.68196	1.78845	0.14794	0.29904	-1.76951	1.79114	4.69091	63.60426
15017	50.00000	-0.05876	0.10705	0.10338	0.02840	-0.05876	0.08968	0.09008	5.45023	62.83680
15037	50.00000	-0.17642	0.06676	-0.02018	-0.17700	-0.17642	-0.02477	0.17206	0.24850	56.07243
15057	50.00000	0.24746	-0.02834	0.24880	0.10705	0.24746	0.11015	0.27769	1.31769	50.76991
15077	50.00000	0.13303	-0.11214	0.14295	0.00609	0.13303	-0.05269	0.16154	2.34852	63.47525
15097	50.00000	-0.03620	-0.25236	0.29023	0.12083	-0.03620	-0.31230	0.23202	3.41004	53.28981
15117	50.00000	-0.41334	0.10544	0.41283	0.11859	-0.41334	-0.11689	0.22421	4.42707	52.50805
15137	50.00000	0.03955	-0.20240	-0.05656	-0.20695	0.03955	-0.21088	0.26032	5.52233	55.98486
15157	50.00000	-0.13774	-0.06218	-0.07031	-0.19215	-0.13774	-0.15132	0.18152	0.26998	44.87711
15177	50.00000	0.05567	-0.15566	0.13845	0.07560	0.05567	-0.14760	0.15338	1.15509	57.47954
15197	50.00000	-0.17642	0.13606	0.11971	0.14087	-0.17642	0.05525	0.15102	2.14757	48.99707
15217	50.00000	-0.07971	-0.02995	0.02064	-0.11146	-0.07971	-0.08060	0.08574	3.18454	47.14375
15237	50.00000	0.05567	0.01679	0.07349	0.01878	0.05567	0.05153	0.05218	4.17703	45.84324
15257	50.00000	-0.05715	0.18441	-0.08554	-0.16830	-0.05715	0.17994	0.17844	5.22014	47.93703
15277	50.00000	-0.03781	-0.04929	0.08734	-0.00110	-0.03781	-0.07874	0.08388	6.18961	43.10965
15297	50.00000	-0.03620	0.21181	0.19302	0.11867	-0.03620	0.22368	0.18335	0.86363	61.64938
15317	50.00000	-0.35532	-0.06379	0.40112	0.20752	-0.35532	-0.27881	0.39393	1.61221	39.05981
15337	50.00000	-0.14418	0.07320	0.13106	-0.06009	-0.14418	0.00128	0.15785	2.62924	64.51284
15357	50.00000	-0.05715	0.16507	0.15975	-0.05083	-0.05715	0.15761	0.18933	3.67235	70.91415
15377	50.00000	0.19750	-0.24431	0.21166	0.14983	0.19750	-0.16807	0.20964	4.66023	48.05255
15397	50.00000	-0.02975	-0.12343	0.09736	0.13003	-0.02975	-0.15970	0.07601	5.74016	69.39457
15417	50.00000	0.06856	-0.10731	0.09405	-0.05445	0.06856	-0.08433	0.11436	0.54456	57.26862
15437	50.00000	-0.11034	-0.06540	0.17067	-0.04926	-0.11034	-0.13923	0.14760	1.58614	51.25459
15457	50.00000	-0.21832	0.14412	0.22199	0.00311	-0.21832	0.04037	0.20845	2.65532	50.77020
15477	50.00000	-0.12968	0.07965	0.04357	-0.12332	-0.12968	0.01710	0.11640	3.68769	48.40244
15497	50.00000	-0.09261	0.10060	-0.02081	-0.10988	-0.09261	0.06270	0.11576	4.74307	69.22973
15517	50.00000	0.12497	-0.07185	0.06665	-0.10626	0.12497	-0.01081	0.10111	5.68800	42.29032
15537	50.00000	-0.10550	0.12800	0.13639	-0.00858	-0.10550	0.08689	0.14589	0.30219	46.60193
15557	50.00000	0.03472	0.03936	0.06136	-0.04159	0.03472	0.06549	0.06707	1.28394	48.99678
15577	50.00000	0.01215	-0.31200	0.18610	0.30049	0.01215	-0.35325	0.18268	2.33779	46.70213
15597	50.00000	-0.01686	-0.01544	0.03140	0.00760	-0.01686	-0.02756	0.03847	3.35328	59.26761
15617	50.00000	-0.18448	0.06192	0.16970	-0.08034	-0.18448	-0.03501	0.08707	4.35190	43.00893
15637	50.00000	-0.03459	0.03130	0.00905	-0.03709	-0.03459	0.01617	0.11165	5.35513	47.14375
15657	50.00000	0.03149	-0.05090	0.04912	0.01505	0.03149	-0.04059	0.02915	0.02454	59.67339
15677	50.00000	0.06373	-0.08152	-0.01523	-0.08436	0.06373	-0.05734	0.08628	0.88664	47.59367
15697	50.00000	-0.06360	0.02807	0.05066	-0.03868	-0.06360	-0.00430	0.06919	2.04326	65.27568
15717	50.00000	0.07662	0.04903	0.12351	0.02803	0.07662	0.10085	0.11462	3.04802	63.47470
15737	50.00000	0.08146	-0.14438	0.11780	0.08415	0.08146	-0.11969	0.14516	4.05124	61.07145
15757	50.00000	0.07340	-0.00577	-0.06133	-0.05386	0.07340	0.03571	0.13824	5.05600	45.73809
15777	50.00000	-0.03781	0.08126	0.07028	0.04092	-0.03781	0.07200	0.04947	6.03315	61.64952
15797	50.00000	-0.02008	0.09416	0.04689	-0.08739	-0.02008	0.09713	0.10441	0.71790	47.56528
15817	50.00000	0.04439	-0.05090	0.05437	-0.01063	0.04439	-0.03315	0.06608	1.73647	51.13284
15837	50.00000	0.02182	-0.05573	0.04280	-0.03637	0.02182	-0.05176	0.12730	2.78111	50.88993
15857	50.00000	-0.10711	0.02002	0.09207	-0.06703	-0.10711	-0.03873	0.04959	3.77819	60.22574
15877	50.00000	-0.03781	0.01035	-0.02312	-0.03150	-0.03781	-0.00988	0.09673	4.77375	46.70101
15897	50.00000	-0.00719	0.03291	-0.02399	-0.02494	-0.00719	0.03385	0.05281	5.74936	56.03599
15917	50.00000	0.03955	-0.09925	0.03677	-0.09291	0.03955	-0.09177	0.09709	0.44639	45.79045
15937	50.00000	-0.09422	0.07320	0.08489	-0.05076	-0.09422	0.03013	0.10054	1.44808	46.70185
15957	50.00000	0.37318	-0.04606	0.38858	0.12083	0.37318	0.16226	0.41597	2.40682	46.48384
15977	50.00000	-0.02653	-0.03639	0.06053	0.01810	-0.02653	-0.05734	0.05645	3.36709	65.27596
15997	50.00000	-0.12484	0.07804	0.12610	0.00299	-0.12484	0.01803	0.10265	4.37031	51.13284
16017	50.00000	-0.10711	-0.10086	-0.06475	-0.19766	-0.10711	-0.17831	0.21762	5.45944	51.25488
16037	50.00000	-0.00235	-0.00255	-0.00411	-0.00267	-0.00235	-0.00430	0.06564	0.25004	56.07241
16057	50.00000	0.09113	0.00551	0.08343	-0.06944	0.09113	0.05898	0.16433	1.21184	43.82786
16077	50.00000	0.03472	-0.06218	0.01391	-0.06075	0.03472	-0.05176	0.10274	2.16138	43.00893
16097	50.00000	-0.03942	0.05225	0.05444	-0.00114	-0.03942	0.03757	0.05643	3.16614	62.23806
16117	50.00000	0.24585	0.02324	0.29167	0.06209	0.24585	0.16878	0.11923	4.16169	47.14375
16137	50.00000	-0.01041	0.12961	-0.03589	-0.13948	-0.01041	0.14365	0.13922	5.22320	64.66448
16157	50.00000	-0.07166	-0.03478	0.10214	0.03672	-0.07166	-0.08153	0.08856	6.19115	56.42244
16177	50.00000	-0.04748	0.17152	0.16023	0.07549	-0.04748	0.17064	0.18708	0.86670	47.14361
16197	50.00000	0.37479	-0.30394	0.39677	-0.03376	0.37479	-0.13457	0.39046	1.74107	42.41434
16217	50.00000	-0.17481	-0.02350	0.21605	0.01653	-0.17481	-0.12806	0.22818	2.73049	48.05255
16237	50.00000	-0.10067	-0.03156	0.01086	-0.13768	-0.10067	-0.09456	0.13888	3.74291	65.27596
16257	50.00000	-0.16997	0.09738	-0.04934	-0.16327	-0.16997	0.01431	0.17322	4.77988	50.29348
16277	50.00000	-0.17158	0.26500	-0.08915	-0.25358	-0.17158	0.20693	0.26440	5.84140	52.76608
16297	50.00000	0.07018	0.02163	0.05592	-0.07801	0.07018	0.06549	0.16793	0.65194	54.36894
16317	50.00000	0.10080	-0.02350	-0.00193	-0.10545	0.10080	0.03106	0.10427	1.69351	53.82404
16337	50.00000	-0.09422	-0.00577	0.09210	-0.06421	-0.09422	-0.06106	0.12025	2.65072	40.27169
16357	50.00000	0.04116	0.04903	0.08935	-0.01305	0.04116	0.08038	0.09890	3.60332	43.10965
16377	50.00000	0.02344	-0.16533	0.14150	0.10949	0.02344	-0.17738	0.12660	4.59581	48.05255
16397	50.00000	-0.01041	-0.04284	0.05511	-0.01221	-0.01041	-0.05548	0.04954	5.62357	63.47415
16417	50.00000	-0.04909	0.11511	0.10653	0.04467	-0.04909	0.10457	0.07644	0.30833	46.01944
16437	50.00000	-0.06360	0.08610	-0.00010	-0.08930	-0.06360	0.06270	0.11509	1.31002	47.59381
16457	50.00000	0.02505	0.05547	-0.02268	-0.07923	0.02505	0.07852	0.03152	2.32245	63.62151
16477	50.00000	0.02021	-0.00416	-0.01062	-0.01852	0.02021	0.00687	0.12175	3.36095	47.14375
16497	50.00000	-0.11356	0.10705	0.12722	-0.00880	-0.11356	0.05805	0.11483	4.32429	59.94884
16517	50.00000	-0.07166	0.07481	0.00928	-0.08411	-0.07166	0.04502	0.08666	5.33365	43.51731
16537	50.00000	0.05083	-0.09925	0.09655	0.02300	0.05083	-0.08526	0.09729	0.01074	57.47842
16557	50.00000	-0.11195	-0.03478	0.14242	-0.05684	-0.11195	-0.10480	0.09968	0.97561	41.35730
16577	50.00000	-0.10711	0.16185	0.14462	-0.07868	-0.10711	0.12504	0.16559	1.97423	52.25254
16597	50.00000	0.09919	0.06676	0.16262	-0.03794	0.09919	0.13435	0.16126	3.01887	51.25488
16617	50.00000	0.15237	-0.08958	0.14085	-0.06013	0.15237	-0.01547	0.17203	4.04971	46.70213
16637	50.00000	-0.12484	0.02163	0.12674	-0.04171	-0.12484	-0.04710	0.11855	4.95629	47.47936
16657	50.00000	-0.11517	-0.02511	0.00222	-0.14959	-0.11517	-0.09549	0.15097	6.02087	51.25488
16677	50.00000	0.03149	0.00712	0.03455	0.02226	0.03149	0.02641	0.05282	0.77466	49.97932
16697	50.00000	0.00571	0.06514	-0.01734	-0.07679	0.00571	0.07852	0.14403	1.78095	47.14347
16717	50.00000	-0.11517	-0.02995	0.14994	0.03160	-0.11517	-0.10107	0.11293	2.74276	56.42244
16737	50.00000	-0.05393	0.10383	0.10172	0.02089	-0.05393	0.08875	0.10493	3.73064	48.05255
16757	50.00000	0.10886	0.08126	0.18067	-0.06130	0.10886	0.15668	0.13118	4.72619	50.29459
16777	50.00000	-0.07971	0.15379	-0.11193	-0.10552	-0.07971	0.13156	0.20282	5.78464	50.41265
16797	50.00000	-0.01363	-0.09764	0.11644	-0.03428	-0.01363	-0.12062	0.15313	0.47707	57.09607
16817	50.00000	-0.08133	0.08610	0.09558	-0.01517	-0.08133	0.05246	0.08069	1.45575	43.51731
16837	50.00000	-0.06843	0.10221	0.01868	-0.10246	-0.06843	0.07852	0.14184	2.46051	60.50466
16857	50.00000	0.02505	0.02163	0.00235	-0.04666	0.02505	0.03943	0.06955	3.46680	61.07145
16877	50.00000	-0.12323	-0.00899	0.14509	0.02792	-0.12323	-0.08153	0.19230	4.45008	43.51731
16897	50.00000	-0.00235	-0.09119	-0.02587	-0.10349	-0.00235	-0.10666	0.16628	5.49625	64.66448
16917	50.00000	-0.03942	0.13928	0.11219	-0.08961	-0.03942	0.13807	0.13082	0.18715	46.60195
16937	50.00000	0.01054	-0.02511	0.02496	-0.00363	0.01054	-0.02291	0.05662	1.10600	63.44936
16957	50.00000	-0.01202	-0.06379	0.04322	-0.06908	-0.01202	-0.08060	0.09326	2.13530	49.85452
16977	50.00000	-0.03297	0.10221	0.09864	0.03399	-0.03297	0.09899	0.05769	3.15540	46.26870
16997	50.00000	0.09435	0.00390	0.09822	0.05226	0.09435	0.05898	0.02080	4.18470	61.07201
17017	50.00000	-0.22316	0.21342	-0.19665	-0.15796	-0.22316	0.11760	0.27561	5.25695	53.15790
17037	50.00000	-0.01202	-0.04284	0.05764	0.00211	-0.01202	-0.05641	0.05926	6.20495	43.10965
17057	50.00000	-0.04587	0.11027	0.09789	0.05187	-0.04587	0.10085	0.08422	0.88664	43.10951
17077	50.00000	-0.13290	0.06676	-0.09374	-0.09421	-0.13290	0.00035	0.25984	1.88219	64.81599
17097	50.00000	-0.03620	-0.17017	0.07440	0.20744	-0.03620	-0.21739	0.10840	2.90383	65.27596
17117	50.00000	-0.18609	0.01035	0.17534	0.11402	-0.18609	-0.09549	0.11918	3.90245	59.81080
17137	50.00000	-0.05876	-0.07991	0.02192	-0.13746	-0.05876	-0.12620	0.09576	4.92715	64.66448
17157	50.00000	0.00248	0.10060	0.10104	-0.06021	0.00248	0.11760	0.13984	5.89202	42.61070
17177	50.00000	0.03955	-0.10247	0.09351	0.04404	0.03955	-0.09549	0.10476	0.58751	46.60193
17197	50.00000	0.02505	-0.13793	0.07250	-0.12783	0.02505	-0.14481	0.16489	1.58767	47.59381
17217	50.00000	-0.09100	0.01035	0.06384	-0.07649	-0.09100	-0.04059	0.11682	2.62464	47.14319
17237	50.00000	0.19428	0.01679	0.20859	0.10740	0.19428	0.13156	0.05816	3.61099	60.50521
17257	50.00000	0.05728	-0.16694	0.13174	0.10691	0.05728	-0.15970	0.16862	4.61575	49.82672
17277	50.00000	-0.13935	0.41811	0.41128	0.11014	-0.13935	0.40234	0.40588	5.41802	40.27169
17297	50.00000	-0.14902	0.26177	-0.04030	-0.25949	-0.14902	0.21624	0.25962	0.13499	56.51508
17317	50.00000	0.15398	-0.13954	0.16857	0.02259	0.15398	-0.07223	0.18880	1.20724	67.62320
17337	50.00000	0.07340	-0.14277	0.12744	-0.06439	0.07340	-0.12248	0.15424	2.25035	51.13284
17357	50.00000	-0.12484	-0.04123	0.17150	-0.02230	-0.12484	-0.11969	0.18810	3.29959	47.14319
17377	50.00000	-0.13129	-0.04606	-0.01869	-0.18309	-0.13129	-0.12899	0.18333	4.30128	51.25488
17397	50.00000	-0.21188	0.10705	-0.05089	-0.20567	-0.21188	0.00128	0.22310	5.36586	49.59767
17417	50.00000	-0.19576	0.13606	-0.15066	-0.13253	-0.19576	0.04409	0.22659	0.13806	52.89589
17437	50.00000	0.17333	-0.27976	0.11964	-0.25581	0.17333	-0.22297	0.27089	1.02317	42.80875
17457	50.00000	0.16366	0.09254	0.18237	0.18453	0.16366	0.20135	0.24441	1.95889	49.48309
17477	50.00000	0.06212	0.02163	0.06589	-0.05671	0.06212	0.06084	0.07934	2.95752	51.87332
17497	50.00000	-0.01363	-0.09764	0.09985	0.06903	-0.01363	-0.12062	0.04428	3.99755	68.17712
17517	50.00000	0.21845	-0.09603	-0.08518	-0.20173	0.21845	0.01524	0.20427	5.07134	53.88707
17537	50.00000	0.06050	-0.10570	-0.04039	-0.09807	0.06050	-0.08712	0.11364	6.10678	47.82208
17557	50.00000	0.02182	0.10060	0.11926	-0.05322	0.02182	0.12877	0.13515	0.74398	46.01941
17577	50.00000	0.04761	-0.10570	0.10250	0.02649	0.04761	-0.09456	0.08824	1.73186	47.48049
17597	50.00000	-0.23766	0.13928	0.11659	0.20843	-0.23766	0.02362	0.20771	2.75350	65.27596
17617	50.00000	-0.03620	0.01840	0.02702	-0.02409	-0.03620	0.00035	0.04669	3.73831	46.26870
17637	50.00000	0.00571	0.06353	0.06596	-0.03947	0.00571	0.07666	0.06659	4.75381	50.77020
17657	50.00000	-0.07971	0.18602	-0.14183	-0.12134	-0.07971	0.16878	0.21995	5.76470	41.83596
17677	50.00000	0.04439	-0.09764	0.03627	-0.09079	0.04439	-0.08712	0.17684	0.44179	45.56377
17697	50.00000	-0.10711	0.15057	0.15042	-0.03731	-0.10711	0.11202	0.17347	1.42814	48.87698
17717	50.00000	-0.00719	0.11672	0.07810	-0.10494	-0.00719	0.13063	0.15447	2.44517	49.82727
17737	50.00000	0.08629	0.00551	0.05638	-0.08617	0.08629	0.05618	0.14307	3.48520	64.66448
17757	50.00000	0.03955	-0.01383	-0.01728	-0.03623	0.03955	0.00687	0.07376	4.49763	46.70213
17777	50.00000	-0.03297	-0.04929	0.01177	-0.08195	-0.03297	-0.07595	0.15525	5.48858	42.70956
17797	50.00000	-0.02330	0.10060	0.05777	-0.08806	-0.02330	0.10271	0.11638	0.15953	46.60196
17817	50.00000	0.06050	-0.10247	0.10282	0.00660	0.06050	-0.08339	0.08949	1.15662	48.05226
17837	50.00000	-0.01525	-0.07669	0.08228	-0.05422	-0.01525	-0.09735	0.12334	2.17212	50.77020
17857	50.00000	-0.11678	-0.01544	0.08323	-0.11823	-0.11678	-0.08526	0.15209	3.20755	50.88993
17877	50.00000	0.03794	0.00068	0.03707	0.02408	0.03794	0.02269	0.00668	4.18470	45.84324
17897	50.00000	-0.01525	0.10866	-0.04516	-0.10865	-0.01525	0.11667	0.12368	5.20940	61.50412
17917	50.00000	-0.01525	-0.10570	0.11888	-0.05677	-0.01525	-0.13085	0.11398	6.18194	43.51731
17937	50.00000	-0.07971	0.16024	0.15958	0.01436	-0.07971	0.13900	0.17160	0.86056	48.99693
17957	50.00000	0.05889	0.11027	0.15691	-0.06981	0.05889	0.16133	0.11610	1.88526	51.74861
17977	50.00000	0.02505	0.10866	-0.05752	-0.12999	0.02505	0.13993	0.05758	2.89922	49.48339
17997	50.00000	0.02182	-0.00255	-0.01569	-0.01798	0.02182	0.00966	0.02160	3.92086	47.03256
18017	50.00000	-0.08455	-0.01061	0.07377	-0.07371	-0.08455	-0.06106	0.11318	4.93635	48.05255
18037	50.00000	0.10886	-0.09764	0.00934	0.11937	0.10886	-0.04990	0.17646	5.89662	56.42244
18057	50.00000	0.03955	-0.10892	0.09852	0.04955	0.03955	-0.10294	0.09620	0.59365	46.60193
18077	50.00000	0.03955	-0.12504	0.05639	-0.11470	0.03955	-0.12155	0.21226	1.59534	50.77020
18097	50.00000	-0.07810	-0.03156	0.01946	-0.11121	-0.07810	-0.08153	0.15788	2.61390	46.05443
18117	50.00000	-0.02330	0.01679	0.00168	-0.02399	-0.02330	0.00594	0.05593	3.64627	46.70213
18137	50.00000	0.02344	0.01518	0.01103	-0.03731	0.02344	0.03106	0.10222	4.63262	45.63342
18157	50.00000	0.03472	-0.02995	0.00855	-0.03665	0.03472	-0.01454	0.06217	5.64045	47.93703
18177	50.00000	-0.07971	0.12155	0.12209	0.01860	-0.07971	0.09434	0.09482	0.30833	46.48429
18197	50.00000	0.04439	0.06031	0.10009	-0.03202	0.04439	0.09527	0.18081	1.31309	47.14347
18217	50.00000	0.02182	0.04097	-0.01609	-0.06169	0.02182	0.05991	0.14049	2.32552	49.59767
18237	50.00000	-0.00880	0.02807	-0.02361	0.01636	-0.00880	0.02734	0.01778	3.35021	47.14375
18257	50.00000	0.00571	0.00873	0.00225	0.01437	0.00571	0.01338	0.03897	4.32122	63.62151
18277	50.00000	-0.06199	0.01196	-0.03838	-0.05340	-0.06199	-0.02198	0.06002	5.34899	43.41467
18297	50.00000	-0.02169	0.06837	-0.04731	-0.05142	-0.02169	0.06642	0.11610	0.04755	47.14375
18317	50.00000	-0.23605	0.19408	0.08297	0.23779	-0.23605	0.08782	0.21880	1.02010	62.23792
18337	50.00000	-0.02975	0.04742	0.04751	0.00626	-0.02975	0.03757	0.07118	2.02485	49.71248
18357	50.00000	-0.00074	0.05547	0.05716	-0.02797	-0.00074	0.06363	0.06634	3.05416	50.29459
18377	50.00000	0.10080	-0.09119	0.10998	0.01682	0.10080	-0.04710	0.11531	4.06352	47.14319
18397	50.00000	0.02182	0.02163	-0.04262	-0.00848	0.02182	0.03757	0.05673	5.06060	45.63342
18417	50.00000	0.09435	0.23599	0.20650	-0.27048	0.09435	0.32697	0.11565	5.82913	49.36091
18437	50.00000	-0.03942	-0.16050	0.09840	0.18753	-0.03942	-0.20809	0.13217	0.61052	50.10489
18457	50.00000	0.06695	-0.14438	0.13090	-0.06120	0.06695	-0.12806	0.15816	1.67817	52.25225
18477	50.00000	0.03472	-0.12826	0.02735	-0.12982	0.03472	-0.12806	0.12962	2.71515	48.87639
18497	50.00000	-0.24895	0.18764	0.25507	-0.04720	-0.24895	0.07293	0.25534	3.76899	50.29459
18517	50.00000	-0.12001	0.12961	0.05376	-0.13405	-0.12001	0.08038	0.13329	4.79829	64.06324
18537	50.00000	-0.26990	0.19408	-0.17908	-0.21313	-0.26990	0.06828	0.32484	5.86901	52.25254
18557	50.00000	-0.08777	-0.07669	0.14300	0.08148	-0.08777	-0.13923	0.10342	0.50315	43.71452
18577	50.00000	-0.06360	0.05547	0.06884	-0.00725	-0.06360	0.02734	0.07936	1.47569	61.07201
18597	50.00000	0.06534	0.05386	0.11918	0.00686	0.06534	0.09992	0.09823	2.46664	59.94884
18617	50.00000	0.07662	-0.01544	0.05466	-0.05983	0.07662	0.02641	0.10866	3.47447	46.48440
18637	50.00000	0.04439	-0.03962	0.00331	-0.04862	0.04439	-0.02012	0.02923	4.48996	47.14375
18657	50.00000	-0.02814	-0.09442	-0.00374	-0.12833	-0.02814	-0.12527	0.06909	5.49932	42.51229
18677	50.00000	-0.06360	0.13606	0.05328	-0.12529	-0.06360	0.12039	0.16626	0.16260	46.13477
18697	50.00000	0.00571	-0.09764	0.07961	0.07533	0.00571	-0.10945	0.06615	1.16736	51.74890
18717	50.00000	0.01699	-0.10409	0.08257	-0.07520	0.01699	-0.11038	0.11994	2.18746	46.26814
18737	50.00000	-0.15547	0.04742	0.14992	-0.05401	-0.15547	-0.03501	0.12426	3.22596	52.76608
18757	50.00000	-0.07004	0.11672	0.08264	-0.08351	-0.07004	0.09434	0.14565	4.22305	47.14375
18777	50.00000	-0.11840	0.10705	-0.09740	-0.08708	-0.11840	0.05525	0.15354	5.25695	49.97947
18797	50.00000	-0.06360	-0.09764	0.16196	-0.01215	-0.06360	-0.14946	0.15126	6.18194	42.12316
18817	50.00000	-0.05232	0.16507	0.14544	0.08549	-0.05232	0.16040	0.11168	0.87590	65.27583
18837	50.00000	0.03472	0.09254	0.12572	-0.03877	0.03472	0.12690	0.09821	1.90367	50.77020
18857	50.00000	0.06373	0.01196	0.03961	-0.07108	0.06373	0.05060	0.11910	2.91763	49.71248
18877	50.00000	0.07662	-0.00255	-0.05452	-0.06784	0.07662	0.04130	0.08935	3.93159	47.14375
18897	50.00000	-0.05876	-0.02028	0.03836	-0.07258	-0.05876	-0.05734	0.13554	4.91948	59.94884
18917	50.00000	0.02344	0.09416	0.11452	-0.04878	0.02344	0.12225	0.13395	5.88895	46.70213
18937	50.00000	0.03149	-0.06379	0.06126	0.01780	0.03149	-0.05548	0.05891	0.59212	50.35795
18957	50.00000	-0.06843	-0.07346	0.13574	-0.04142	-0.06843	-0.12434	0.14318	1.60301	47.48049
18977	50.00000	-0.14096	0.05386	0.13073	-0.05610	-0.14096	-0.01919	0.16646	2.64305	64.66448
18997	50.00000	0.19105	-0.00094	0.10153	0.19523	0.19105	0.10922	0.13803	3.66161	63.44951
19017	50.00000	0.07662	0.00390	0.06602	-0.06235	0.07662	0.04874	0.04848	4.64643	46.16159
19037	50.00000	0.01860	-0.00577	-0.00651	-0.01789	0.01860	0.00407	0.04245	5.64505	44.78789
19057	50.00000	-0.04265	0.02324	0.03753	-0.02037	-0.04265	0.00221	0.11565	0.32520	45.90468
19077	50.00000	0.09113	0.05547	0.14796	-0.00472	0.09113	0.11667	0.10455	1.31002	65.27568
19097	50.00000	-0.00235	-0.16211	0.05361	0.18077	-0.00235	-0.18854	0.14306	2.35313	64.36246
19117	50.00000	-0.05232	-0.00899	0.05529	0.03643	-0.05232	-0.04059	0.23478	3.33948	59.40261
19137	50.00000	-0.00235	-0.00416	-0.00061	-0.00657	-0.00235	-0.00616	0.08225	4.33503	61.64952
19157	50.00000	-0.06199	0.05547	0.00416	-0.06800	-0.06199	0.02827	0.11024	5.34746	45.32229
19177	50.00000	-0.00074	0.13928	-0.02331	-0.15869	-0.00074	0.16040	0.14125	0.07363	48.40244
19197	50.00000	-0.11517	-0.07669	0.19248	0.01582	-0.11517	-0.15505	0.11682	1.03697	42.61070
19217	50.00000	-0.10711	-0.00255	0.06654	-0.10603	-0.10711	-0.06478	0.15422	2.05400	50.29432
19237	50.00000	0.04761	0.02324	0.06669	0.02775	0.04761	0.05432	0.07407	3.05876	60.50521
19257	50.00000	0.07340	-0.05896	0.07665	0.01312	0.07340	-0.02570	0.10360	4.07732	48.05255
19277	50.00000	0.15076	0.00873	-0.05786	-0.16975	0.15076	0.09713	0.32777	5.11122	49.48221
19297	50.00000	-0.06360	-0.00899	0.04958	-0.06168	-0.06360	-0.04710	0.10413	6.05922	55.90834
19317	50.00000	0.02344	0.06837	0.08334	-0.04642	0.02344	0.09247	0.11597	0.73478	46.01941
19337	50.00000	-0.14257	-0.06379	0.18564	0.10095	-0.14257	-0.15598	0.19214	1.63522	43.62043
19357	50.00000	-0.17481	0.11027	0.17105	-0.04461	-0.17481	0.02641	0.19084	2.63078	49.36964
19377	50.00000	-0.05715	0.12639	0.11132	-0.06025	-0.05715	0.11295	0.14846	3.66621	48.05255
19397	50.00000	-0.06360	0.15057	-0.03043	-0.14807	-0.06360	0.13714	0.14637	4.68938	53.28981
19417	50.00000	0.05083	0.11994	-0.06793	-0.16167	0.05083	0.16785	0.16811	5.74629	68.73990
19437	50.00000	0.10402	-0.07669	0.04450	-0.09824	0.10402	-0.02849	0.13400	0.54303	57.11631
19457	50.00000	0.15721	-0.07830	-0.13118	-0.08663	0.15721	0.00035	0.16078	1.57080	48.99678
19477	50.00000	0.05728	0.07159	0.12635	0.02665	0.05728	0.11574	0.11838	2.48352	53.14036
19497	50.00000	0.03149	-0.00416	0.01988	-0.02785	0.03149	0.01338	0.17680	3.46986	61.07145
19517	50.00000	-0.04103	-0.02511	0.06583	0.01125	-0.04103	-0.05269	0.05734	4.47922	61.07201
19537	50.00000	-0.02169	-0.11376	0.00257	-0.14547	-0.02169	-0.14388	0.13949	5.51006	63.76843
19557	50.00000	-0.04909	0.12961	0.10043	-0.08391	-0.04909	0.12132	0.11605	0.19482	46.48427
19577	50.00000	0.01538	-0.07508	0.06156	0.05001	0.01538	-0.07781	0.07715	1.17043	46.26870
19597	50.00000	-0.58580	0.26339	0.58278	0.06831	-0.58580	-0.03408	0.63213	2.06934	33.59063
19617	50.00000	0.25069	0.00712	0.28387	0.07518	0.25069	0.15296	0.38795	3.01887	48.05255
19637	50.00000	0.25391	-0.32167	0.32829	0.08512	0.25391	-0.22484	0.30126	4.05124	50.29404
19657	50.00000	0.16849	-0.12343	0.00295	-0.17443	0.16849	-0.04524	0.17598	5.07748	64.66448
19677	50.00000	0.08952	-0.18951	-0.00744	-0.18944	0.08952	-0.16714	0.18718	6.14359	52.63558
19697	50.00000	-0.16675	0.09254	0.15842	-0.05307	-0.16675	0.01059	0.18452	0.92192	50.29446
19717	50.00000	-0.02653	0.22793	0.24747	0.02992	-0.02653	0.24787	0.20318	1.98037	52.76608
19737	50.00000	-0.07327	0.12961	0.04163	-0.12313	-0.07327	0.10736	0.17291	3.04035	47.59324
19757	50.00000	-0.03620	-0.00899	-0.01656	0.04488	-0.03620	-0.03129	0.15906	4.04051	59.81135
19777	50.00000	0.04439	-0.07508	-0.02344	-0.07175	0.04439	-0.06106	0.05778	4.96550	41.87056
19797	50.00000	-0.00235	0.09416	0.08453	-0.06623	-0.00235	0.10736	0.11128	5.88588	42.21977
19817	50.00000	0.00732	-0.03801	0.02803	0.02899	0.00732	-0.03966	0.02960	0.60285	50.48544
19837	50.00000	-0.25217	-0.17823	0.32123	-0.28958	-0.25217	-0.35139	0.42329	1.52017	34.25773
19857	50.00000	0.20556	0.00390	0.18915	0.14714	0.20556	0.12318	0.13787	2.48965	49.14369
19877	50.00000	0.04600	-0.01867	0.04621	-0.00232	0.04600	0.00501	0.03592	3.52969	52.12571
19897	50.00000	0.04761	0.07320	-0.06337	-0.10391	0.04761	0.11202	0.11554	4.58507	52.76608
19917	50.00000	0.21684	-0.09764	-0.04838	-0.21174	0.21684	0.01245	0.20058	5.65886	49.36964
19937	50.00000	0.15398	-0.11214	-0.09816	-0.12538	0.15398	-0.04059	0.18138	0.44179	50.48544
19957	50.00000	0.07501	0.11833	0.14536	0.12989	0.07501	0.17994	0.14824	1.40052	41.35715
19977	50.00000	0.09919	0.00551	0.09487	-0.06989	0.09919	0.06363	0.09385	2.36080	59.71661
19997	50.00000	-0.16836	0.01518	0.14455	0.11745	-0.16836	-0.07967	0.17882	3.33641	59.94884
20017	50.00000	-0.22960	0.17635	0.23737	-0.03758	-0.22960	0.07107	0.23382	4.33810	50.77020
20037	50.00000	-0.19092	0.02807	-0.08967	-0.18563	-0.19092	-0.07781	0.18734	5.37814	65.89912
20057	50.00000	0.07018	0.04097	0.07110	-0.08707	0.07018	0.08782	0.14174	0.08437	44.57100
20077	50.00000	-0.24895	0.10866	0.12229	0.21760	-0.24895	-0.01826	0.23619	1.04771	59.94871
20097	50.00000	0.01538	-0.05412	-0.03121	-0.04623	0.01538	-0.05362	0.10612	2.06781	64.81627
20117	50.00000	0.05083	0.02163	0.06488	0.03640	0.05083	0.05432	0.04325	3.06489	63.91605
20137	50.00000	0.14431	-0.06540	0.14242	-0.02455	0.14431	0.00780	0.10998	4.07425	61.64952
20157	50.00000	0.17655	0.01518	-0.08989	-0.19327	0.17655	0.11946	0.16697	5.10816	49.48339
20177	50.00000	-0.09583	0.00712	0.08843	-0.05984	-0.09583	-0.04710	0.17351	6.07150	56.42244
20197	50.00000	0.00571	0.08126	0.08637	-0.04478	0.00571	0.09713	0.11844	0.75472	46.25066
20217	50.00000	0.06373	-0.01383	0.04441	-0.05022	0.06373	0.02082	0.09232	1.76408	47.03256
20237	50.00000	0.00409	0.04258	-0.05165	0.00209	0.00409	0.05153	0.11229	2.79031	61.64896
20257	50.00000	-0.18286	0.07159	0.17270	-0.06429	-0.18286	-0.02291	0.19488	3.78433	46.05498
20277	50.00000	-0.11517	0.08610	0.01437	-0.11891	-0.11517	0.03292	0.17016	4.79522	50.29459
20297	50.00000	0.08307	0.04258	0.09094	-0.08979	0.08307	0.09713	0.08558	5.80765	45.22807
20317	50.00000	-0.04748	-0.09603	0.14620	0.00236	-0.04748	-0.13830	0.20273	0.48627	49.97932
20337	50.00000	-0.09100	0.04097	0.07241	-0.05535	-0.09100	-0.00523	0.12366	1.47109	46.59301
20357	50.00000	0.22490	0.02807	0.17314	0.21665	0.22490	0.16226	0.19536	2.52186	52.25254
20377	50.00000	-0.11678	0.36654	-0.01482	-0.37417	-0.11678	0.35581	0.22190	3.54503	49.48280
20397	50.00000	0.40541	-0.17017	-0.36980	0.17028	0.40541	0.03757	0.22849	4.46542	-339.24557
20417	50.00000	0.21523	0.00390	0.22983	0.10039	0.21523	0.12877	0.17250	5.32445	46.70213
20437	50.00000	0.09113	-0.02189	0.07260	-0.06148	0.09113	0.02734	0.09549	0.06136	50.29459
20457	50.00000	0.03955	-0.12665	0.12796	-0.02044	0.03955	-0.12341	0.15648	1.11214	52.76578
20477	50.00000	0.05567	-0.13149	0.00792	-0.13175	0.05567	-0.11969	0.12705	2.14604	52.50805
20497	50.00000	-0.21832	0.19408	0.23923	0.00665	-0.21832	0.09806	0.23002	3.20602	46.70156
20517	50.00000	-0.08777	0.11350	0.05759	-0.10415	-0.08777	0.08038	0.12960	4.21845	45.84324
20537	50.00000	-0.06199	0.18764	0.02826	-0.18909	-0.06199	0.18088	0.19246	5.28763	53.02665
20557	50.00000	-0.11034	0.26500	-0.15451	-0.21680	-0.11034	0.24229	0.24055	0.07517	47.14375
20577	50.00000	-0.16191	0.04903	0.16378	0.02738	-0.16191	-0.03687	0.17151	0.97254	41.87041
20597	50.00000	-0.04265	0.06837	0.05009	-0.04754	-0.04265	0.05432	0.09444	1.94509	47.59381
20617	50.00000	0.04278	0.00551	0.04879	-0.02034	0.04278	0.03106	0.05814	2.96518	64.54888
20637	50.00000	0.04761	-0.10086	0.09887	-0.02019	0.04761	-0.08898	0.09983	3.97454	46.01896
20657	50.00000	0.12820	-0.14760	-0.10094	-0.12467	0.12820	-0.09642	0.16301	4.97623	51.74890
20677	50.00000	-0.11517	0.09416	0.08403	-0.08935	-0.11517	0.04223	0.15872	5.97946	46.13489
20697	50.00000	0.11530	-0.04606	0.11347	-0.02446	0.11530	0.01338	0.10709	0.65041	51.52906
20717	50.00000	0.01215	-0.04768	0.04519	-0.02033	0.01215	-0.04803	0.08118	1.65056	46.70213
20737	50.00000	-0.12001	0.02969	0.12391	-0.01646	-0.12001	-0.03501	0.11243	2.67986	48.99707
20757	50.00000	-0.09100	0.13123	0.11450	-0.07047	-0.09100	0.09899	0.14979	3.67388	52.12571
20777	50.00000	-0.15224	0.11027	-0.12800	-0.09137	-0.15224	0.03943	0.20176	4.69858	49.97947
20797	50.00000	0.13303	-0.05735	0.02987	-0.13006	0.13303	0.01059	0.11150	5.68340	46.13489
20817	50.00000	-0.10389	-0.01544	0.09467	-0.08879	-0.10389	-0.07781	0.19111	0.35895	48.31441
20837	50.00000	0.03955	0.04258	0.08030	0.01731	0.03955	0.07200	0.09002	1.35604	45.73782
20857	50.00000	-0.05232	0.02002	-0.04748	0.02308	-0.05232	-0.007