0	0.00000	0.00360	-0.03488	0.01230	-0.03634	0.00360	-0.03820	0.22396	4.89033	0.01654
8377	0.00000	-0.00123	-0.02682	0.01060	-0.02988	-0.00123	-0.03168	0.02506	4.87806	0.00000
8397	0.00000	-0.00929	-0.00587	0.00927	-0.01216	-0.00929	-0.01214	0.02910	4.84738	0.00000
8417	0.00000	-0.00768	-0.01070	-0.00331	-0.01817	-0.00768	-0.01679	0.02724	4.79216	-3.95357
8437	0.00000	0.00038	0.18915	0.19777	0.09318	0.00038	0.21863	0.02924	4.74767	0.00000
8457	0.00000	-0.07376	0.00541	0.00120	-0.08221	-0.07376	-0.03634	0.10098	4.75381	0.00000
8477	0.00000	0.00038	0.01186	0.01254	0.00604	0.00038	0.01391	0.02194	4.74920	-3.95357
8497	0.00000	-0.00768	-0.00909	-0.00957	-0.01380	-0.00768	-0.01493	0.14012	4.75381	0.00000
8517	0.00000	-0.00607	-0.01232	-0.01302	-0.01347	-0.00607	-0.01772	0.01353	4.75227	-3.94341
8537	0.00000	-0.00768	0.24395	0.25036	0.11930	-0.00768	0.27725	0.03900	4.75074	3.93330
8557	0.00000	-0.00285	0.13596	0.13962	0.06815	-0.00285	0.15535	0.02082	4.75227	0.00000
8577	0.00000	-0.00446	-0.01070	-0.01127	-0.01076	-0.00446	-0.01493	0.15119	4.75227	0.00000
8597	0.00000	-0.00123	0.10212	0.10578	0.05045	-0.00123	0.11720	0.01455	4.75227	0.00000
8617	0.00000	-0.00768	0.01670	0.01671	-0.00037	-0.00768	0.01484	0.01680	4.75074	0.00000
8637	0.00000	0.00521	-0.02521	-0.02573	-0.00680	0.00521	-0.02610	0.10430	4.75074	0.00000
8657	0.00000	-0.01896	-0.01554	-0.01710	-0.03003	-0.01896	-0.02889	0.03267	4.75227	0.00000
8677	0.00000	-0.01413	-0.00909	-0.00983	-0.02124	-0.01413	-0.01866	0.02575	4.75381	0.00000
8697	0.00000	0.01488	-0.02521	-0.02504	0.00392	0.01488	-0.02052	0.02879	4.75074	0.00000
8717	0.00000	0.00038	-0.01554	-0.01509	-0.00930	0.00038	-0.01772	0.00462	4.76148	0.00000
8737	0.00000	0.00844	-0.01554	-0.01542	0.00209	0.00844	-0.01307	0.00279	4.74920	0.00000
8757	0.00000	-0.00446	0.16497	0.16796	0.08440	-0.00446	0.18792	0.00841	4.75381	0.00000
8777	0.00000	0.00360	0.07472	0.07629	0.04471	0.00360	0.08836	0.00829	4.75381	0.00000
8797	0.00000	-0.01413	-0.01070	-0.01147	-0.02211	-0.01413	-0.02052	0.01254	4.75381	0.00000
8817	0.00000	-0.00768	-0.00748	-0.00771	-0.01305	-0.00768	-0.01307	0.14654	4.75534	0.00000
8837	0.00000	-0.00768	0.22138	0.22716	0.10744	-0.00768	0.25120	0.02628	4.75227	0.00000
8857	0.00000	-0.00929	-0.01070	-0.01128	-0.01653	-0.00929	-0.01772	0.02575	4.75381	-495.47198
8877	0.00000	0.00038	-0.01876	-0.01911	-0.00975	0.00038	-0.02145	0.00677	4.75381	0.00000
8897	0.00000	0.00521	-0.02843	-0.02907	-0.00844	0.00521	-0.02982	0.01254	4.75227	0.00000
8917	0.00000	0.00360	-0.01876	-0.01908	-0.00570	0.00360	-0.01959	0.01109	4.75227	0.00000
8937	0.00000	0.00521	-0.01876	-0.01910	-0.00320	0.00521	-0.01866	0.02651	4.75074	0.00000
8957	0.00000	0.01166	-0.01876	-0.01854	0.00390	0.01166	-0.01493	0.01302	4.75074	0.00000
8977	0.00000	0.00521	-0.01876	-0.01898	-0.00385	0.00521	-0.01866	0.01120	4.75227	0.00000
8997	0.00000	0.00360	-0.03166	-0.03293	-0.01083	0.00360	-0.03447	0.01163	4.74920	0.00000
9017	0.00000	-0.00123	-0.02521	-0.02647	-0.01378	-0.00123	-0.02982	0.01254	4.74920	0.00000
9037	0.00000	0.00038	0.01831	0.01867	0.01037	0.00038	0.02136	0.01882	4.75534	0.00000
9057	0.00000	0.01649	0.09245	0.09715	0.06596	0.01649	0.11627	0.02984	4.75227	0.00000
9077	0.00000	-0.01574	0.00541	0.00515	-0.01514	-0.01574	-0.00284	0.02628	4.75534	0.00000
9097	0.00000	-0.01252	-0.01393	-0.01542	-0.02149	-0.01252	-0.02331	0.02905	4.75074	0.00000
9117	0.00000	-0.01413	-0.01232	-0.01350	-0.02276	-0.01413	-0.02238	0.05138	4.75074	0.00000
9137	0.00000	0.00038	0.15692	0.16136	0.08287	0.00038	0.18141	0.01432	4.75227	0.00000
9157	0.00000	-0.01896	-0.00748	-0.00881	-0.02580	-0.01896	-0.01959	0.02435	4.75227	0.00000
9177	0.00000	-0.00768	-0.01554	-0.01643	-0.01702	-0.00768	-0.02238	0.02628	4.75227	0.00000
9197	0.00000	-0.01090	0.06505	0.06659	0.02048	-0.01090	0.06881	0.02976	4.75074	0.00000
9217	0.00000	-0.01252	-0.00103	-0.00155	-0.01500	-0.01252	-0.00842	0.03884	4.75227	0.00000
9237	0.00000	-0.00929	0.04571	0.04644	0.01330	-0.00929	0.04741	0.02022	4.75227	0.00000
9257	0.00000	0.00038	-0.01070	-0.01089	-0.00537	0.00038	-0.01214	0.09001	4.75381	0.00000
9277	0.00000	-0.00768	-0.01232	-0.01337	-0.01510	-0.00768	-0.01866	0.03460	4.75074	0.00000
9297	0.00000	-0.01413	0.11018	0.11244	0.04159	-0.01413	0.11906	0.02082	4.75227	0.00000
9317	0.00000	-0.00123	-0.01070	-0.01108	-0.00705	-0.00123	-0.01307	0.04719	4.75227	0.00000
9337	0.00000	-0.00446	0.10534	0.10804	0.05020	-0.00446	0.11906	0.01580	4.75227	0.00000
9357	0.00000	-0.00446	0.01670	-0.01179	0.01265	-0.00446	0.01670	0.01700	4.75227	0.00000
9377	0.00000	-0.00123	-0.02199	-0.02268	-0.01297	-0.00123	-0.02610	0.13210	4.75227	0.00000
9397	0.00000	-0.00768	-0.00587	-0.00588	-0.01225	-0.00768	-0.01121	0.01465	4.75687	0.00000
9417	0.00000	0.00038	-0.03810	-0.03915	-0.01958	0.00038	-0.04378	0.01421	4.75227	0.00000
9437	0.00000	-0.00607	-0.01232	-0.01390	-0.01256	-0.00607	-0.01772	0.03460	4.74614	0.00000
9457	0.00000	-0.00123	0.04087	0.04088	0.02214	-0.00123	0.04648	0.02074	4.75687	0.00000
9477	0.00000	-0.01090	-0.01232	-0.01394	-0.01858	-0.01090	-0.02052	0.04065	4.74767	-3.91323
9497	0.00000	0.01166	0.01025	0.01123	0.01883	0.01166	0.01857	0.01428	4.75381	0.00000
9517	0.00000	-0.02057	-0.00587	-0.00680	-0.02693	-0.02057	-0.01866	0.03254	4.75227	0.00000
9537	0.00000	0.00038	-0.01070	-0.01089	-0.00537	0.00038	-0.01214	0.00279	4.75381	0.00000
9557	0.00000	-0.00285	-0.01876	-0.01968	-0.01281	-0.00285	-0.02331	0.01779	4.75074	0.00000
9577	0.00000	0.00360	0.00864	0.00879	0.00899	0.00360	0.01205	0.01864	4.75381	0.00000
9597	0.00000	-0.02219	-0.01876	-0.02000	-0.03579	-0.02219	-0.03447	0.03497	4.75381	-3.91323
9617	0.00000	-0.00929	-0.00909	-0.00990	-0.01549	-0.00929	-0.01586	0.01506	4.75381	0.00000
9637	0.00000	-0.00285	-0.01232	-0.01283	-0.00975	-0.00285	-0.01586	0.02897	4.75227	0.00000
9657	0.00000	-0.00285	-0.01232	-0.01283	-0.00975	-0.00285	-0.01586	0.02547	4.75227	0.00000
9677	0.00000	0.00038	-0.01070	-0.01107	-0.00500	0.00038	-0.01214	0.14786	4.75074	0.00000
9697	0.00000	-0.00768	-0.01876	-0.01974	-0.01871	-0.00768	-0.02610	0.10269	4.75074	0.00000
9717	0.00000	-0.00768	0.19882	0.20396	0.09559	-0.00768	0.22514	0.01580	4.75227	0.00000
9737	0.00000	-0.01735	-0.00587	-0.00667	-0.02321	-0.01735	-0.01679	0.02066	4.75381	0.00000
9757	0.00000	-0.00607	0.22944	0.23554	0.11354	-0.00607	0.26143	0.01544	4.75227	0.00000
9777	0.00000	-0.00929	-0.00909	-0.00963	-0.01566	-0.00929	-0.01586	0.03024	4.75381	0.00000
9797	0.00000	-0.00768	0.02314	0.02334	0.00330	-0.00768	0.02229	0.02850	4.75227	0.00000
9817	0.00000	-0.01413	-0.00426	-0.00521	-0.01853	-0.01413	-0.01307	0.03337	4.75227	-3.96379
9837	0.00000	0.00199	-0.01554	-0.01586	-0.00587	0.00199	-0.01679	0.00536	4.75227	0.00000
9857	0.00000	0.00038	-0.01070	-0.01098	-0.00519	0.00038	-0.01214	0.00829	4.75074	0.00000
9877	0.00000	0.00199	-0.01876	-0.01930	-0.00724	0.00199	-0.02052	0.00615	4.75074	0.00000
9897	0.00000	0.00521	-0.02037	-0.02064	-0.00469	0.00521	-0.02052	0.00615	4.75227	0.00000
9917	0.00000	0.00360	-0.02199	-0.02263	-0.00664	0.00360	-0.02331	0.00093	4.74920	0.00000
9937	0.00000	0.00038	-0.03810	-0.03915	-0.01958	0.00038	-0.04378	0.01799	4.75227	0.00000
9957	0.00000	0.00844	0.01186	0.01374	0.01507	0.00844	0.01857	0.01909	4.74767	3.83496
9977	0.00000	0.00199	-0.01393	-0.01393	-0.00573	0.00199	-0.01493	0.00677	4.75687	0.00000
9997	0.00000	0.01649	0.00058	0.00255	0.01922	0.01649	0.01019	0.01579	4.74920	0.00000
10017	0.00000	-0.02057	-0.02037	-0.02216	-0.03443	-0.02057	-0.03540	0.04553	4.75227	0.00000
10037	0.00000	0.06001	-0.00587	-0.00249	0.06611	0.06001	0.02787	0.00871	4.75227	0.00000
10057	0.00000	0.02455	-0.00587	-0.00416	0.02530	0.02455	0.00740	0.01465	4.75074	0.00000
10077	0.00000	0.06001	-0.01070	-0.00639	0.06369	0.06001	0.02229	0.01337	4.75227	0.00000
10097	0.00000	0.00199	-0.01876	-0.01930	-0.00724	0.00199	-0.02052	0.02836	4.75227	0.00000
10117	0.00000	-0.00123	-0.02521	-0.02599	-0.01467	-0.00123	-0.02982	0.03462	4.75227	0.00000
10137	0.00000	-0.01413	-0.00265	-0.00325	-0.01774	-0.01413	-0.01121	0.02633	4.75227	0.00000
10157	0.00000	0.01166	-0.00909	-0.00851	0.00881	0.01166	-0.00377	0.01297	4.75074	3.96379
10177	0.00000	-0.00446	-0.01070	-0.01145	-0.01057	-0.00446	-0.01493	0.01892	4.75074	0.00000
10197	0.00000	-0.00123	-0.01070	-0.01119	-0.00686	-0.00123	-0.01307	0.02893	4.75227	0.00000
10217	0.00000	-0.01896	-0.02521	-0.02644	-0.03557	-0.01896	-0.04006	0.04691	4.75227	0.00000
10237	0.00000	0.00038	-0.01070	-0.01115	-0.00481	0.00038	-0.01214	0.11398	4.74920	0.00000
10257	0.00000	-0.01090	-0.02521	-0.02699	-0.02537	-0.01090	-0.03540	0.04115	4.74920	0.00000
10277	0.00000	-0.00929	0.06021	0.06170	0.01988	-0.00929	0.06416	0.02725	4.75074	0.00000
10297	0.00000	0.00199	0.04571	0.04755	0.02551	0.00199	0.05393	0.01922	4.75074	0.00000
10317	0.00000	-0.01574	-0.01070	-0.01153	-0.02397	-0.01574	-0.02145	0.01047	4.75381	0.00000
10337	0.00000	0.01811	-0.01876	-0.01822	0.01102	0.01811	-0.01121	0.01453	4.75227	0.00000
10357	0.00000	0.01166	-0.01070	-0.01045	0.00765	0.01166	-0.00563	0.02871	4.75381	0.00000
10377	0.00000	-0.02702	-0.00426	-0.00541	-0.03349	-0.02702	-0.02052	0.02404	4.75227	0.00000
10397	0.00000	0.00038	-0.01554	-0.01595	-0.00773	0.00038	-0.01772	0.10543	4.75227	0.00000
10417	0.00000	-0.01574	-0.02199	-0.02354	-0.02970	-0.01574	-0.03447	0.04381	4.75227	0.00000
10437	0.00000	-0.00929	0.19882	0.20387	0.09373	-0.00929	0.22421	0.01432	4.75227	0.00000
10457	0.00000	-0.01413	-0.03327	-0.03446	-0.03436	-0.01413	-0.04657	0.02226	4.75227	0.00000
10477	0.00000	0.00038	0.19398	0.20116	0.09898	0.00038	0.22421	0.02211	4.75227	0.00000
10497	0.00000	0.00682	-0.12352	-0.12660	-0.05702	0.00682	-0.13869	0.02754	4.75227	0.00000
10517	0.00000	0.00521	-0.01070	-0.01070	0.00021	0.00521	-0.00935	0.01787	4.75381	0.00000
10537	0.00000	-0.00285	-0.00909	-0.00952	-0.00806	-0.00285	-0.01214	0.02119	4.75074	0.00000
10557	0.00000	0.00038	-0.00587	-0.00601	-0.00265	0.00038	-0.00656	0.13992	4.75227	3.97405
10577	0.00000	-0.00929	-0.01070	-0.01155	-0.01634	-0.00929	-0.01772	0.11245	4.75227	0.00000
10597	0.00000	-0.00768	0.09728	0.10026	0.04057	-0.00768	0.10790	0.02725	4.75074	0.00000
10617	0.00000	-0.00123	-0.00909	-0.00932	-0.00636	-0.00123	-0.01121	0.09374	4.75381	0.00000
10637	0.00000	-0.01413	0.01670	0.01620	-0.00779	-0.01413	0.01112	0.02158	4.75074	0.00000
10657	0.00000	-0.00123	0.01025	0.01032	0.00431	-0.00123	0.01112	0.02012	4.75534	0.00000
10677	0.00000	0.00038	-0.02199	-0.02258	-0.01111	0.00038	-0.02517	0.09385	4.75227	0.00000
10697	0.00000	-0.00768	-0.03649	-0.03797	-0.02803	-0.00768	-0.04657	0.02865	4.75227	0.00000
10717	0.00000	-0.00607	0.03604	0.03669	0.01193	-0.00607	0.03811	0.02628	4.75227	0.00000
10737	0.00000	-0.00929	-0.02843	-0.02978	-0.02565	-0.00929	-0.03820	0.02547	4.75227	0.00000
10757	0.00000	-0.00768	0.12790	0.13105	0.05834	-0.00768	0.14326	0.01405	4.75227	0.00000
10777	0.00000	-0.01252	-0.02682	-0.02832	-0.02852	-0.01252	-0.03820	0.02594	4.75074	0.00000
10797	0.00000	-0.00123	0.14402	0.14923	0.07174	-0.00123	0.16559	0.01417	4.75227	0.00000
10817	0.00000	-0.01735	-0.01232	-0.01413	-0.02624	-0.01735	-0.02424	0.03961	4.75074	0.00000
10837	0.00000	-0.00929	0.07633	0.07841	0.02807	-0.00929	0.08277	0.01700	4.75227	0.00000
10857	0.00000	0.00038	-0.01070	-0.01098	-0.00519	0.00038	-0.01214	0.06766	4.75227	0.00000
10877	0.00000	-0.01735	-0.03166	-0.03418	-0.03607	-0.01735	-0.04657	0.04256	4.75074	0.00000
10897	0.00000	-0.01574	0.00058	-0.00034	-0.01784	-0.01574	-0.00842	0.01892	4.75227	0.00000
10917	0.00000	0.00038	-0.03166	-0.03279	-0.01565	0.00038	-0.03634	0.00841	4.75074	0.00000
10937	0.00000	0.00038	-0.01554	-0.01608	-0.00746	0.00038	-0.01772	0.00194	4.75074	0.00000
10957	0.00000	0.00038	-0.02682	-0.02778	-0.01319	0.00038	-0.03075	0.01254	4.75074	-3.96379
10977	0.00000	-0.01574	-0.01070	-0.01194	-0.02377	-0.01574	-0.02145	0.02206	4.75381	0.00000
10997	0.00000	0.00199	-0.12836	-0.13293	-0.06292	0.00199	-0.14707	0.00093	4.75074	0.00000
11017	0.00000	-0.01090	0.00703	0.00643	-0.00899	-0.01090	0.00182	0.03163	4.75074	0.00000
11037	0.00000	-0.01090	-0.02037	-0.02198	-0.02291	-0.01090	-0.02982	0.03254	4.75074	0.00000
11057	0.00000	0.00038	-0.09613	-0.09795	-0.05174	0.00038	-0.11078	0.02165	4.75381	0.00000
11077	0.00000	0.00844	0.00541	0.00627	0.01247	0.00844	0.01112	0.00552	4.75074	0.00000
11097	0.00000	0.01005	-0.03166	-0.03195	-0.00504	0.01005	-0.03075	0.00669	4.75227	0.00000
11117	0.00000	0.00038	0.06505	0.06569	0.03685	0.00038	0.07533	0.01244	4.75534	0.00000
11137	0.00000	0.00038	-0.00909	-0.00933	-0.00434	0.00038	-0.01028	0.03724	4.75227	0.00000
11157	0.00000	-0.01413	-0.01715	-0.01847	-0.02530	-0.01413	-0.02796	0.03144	4.75227	0.00000
11177	0.00000	-0.01090	-0.00103	-0.00193	-0.01309	-0.01090	-0.00749	0.03267	4.75074	0.00000
11197	0.00000	-0.00768	0.05215	0.05347	0.01765	-0.00768	0.05579	0.01544	4.75227	0.00000
11217	0.00000	-0.02057	0.01347	0.01263	-0.01665	-0.02057	0.00368	0.03718	4.75074	0.00000
11237	0.00000	0.00038	-0.01070	-0.01107	-0.00500	0.00038	-0.01214	0.06255	4.75074	0.00000
11257	0.00000	-0.00285	-0.01232	-0.01266	-0.00997	-0.00285	-0.01586	0.08494	4.75381	0.00000
11277	0.00000	-0.00768	0.21816	0.22892	0.09429	-0.00768	0.24748	0.02506	4.74767	0.00000
11297	0.00000	-0.00929	-0.01070	-0.01100	-0.01672	-0.00929	-0.01772	0.02905	4.75534	0.00000
11317	0.00000	-0.00123	0.15047	0.15463	0.07762	-0.00123	0.17303	0.01417	4.75227	0.00000
11337	0.00000	-0.00446	-0.01070	-0.01109	-0.01095	-0.00446	-0.01493	0.02066	4.75381	0.00000
11357	0.00000	-0.00123	0.11823	0.12149	0.06069	-0.00123	0.13581	0.01455	4.75381	0.00000
11377	0.00000	-0.01090	-0.02843	-0.02988	-0.02751	-0.01090	-0.03913	0.02547	4.75227	0.00000
11397	0.00000	-0.00446	0.16981	0.17433	0.08407	-0.00446	0.19351	0.01920	4.75227	0.00000
11417	0.00000	-0.01413	0.02153	0.02130	-0.00498	-0.01413	0.01670	0.01506	4.75227	0.00000
11437	0.00000	0.01649	-0.00265	-0.00204	0.01760	0.01649	0.00647	0.00279	4.75381	0.00000
11457	0.00000	-0.00768	-0.00103	-0.00167	-0.00937	-0.00768	-0.00563	0.03478	4.75074	0.00000
11477	0.00000	-0.01574	-0.01232	-0.01359	-0.02462	-0.01574	-0.02331	0.01892	4.75227	0.00000
11497	0.00000	-0.00285	0.24878	0.25772	0.12310	-0.00285	0.28563	0.01455	4.75074	0.00000
11517	0.00000	-0.02057	-0.01876	-0.01994	-0.03393	-0.02057	-0.03354	0.03144	4.75227	0.00000
11537	0.00000	-0.01735	0.19560	0.20008	0.08275	-0.01735	0.21584	0.01353	4.75227	0.00000
11557	0.00000	0.00844	-0.12997	-0.13410	-0.05631	0.00844	-0.14521	0.01232	4.75074	0.00000
11577	0.00000	0.00360	-0.16221	-0.16517	-0.08388	0.00360	-0.18522	0.01678	4.75381	0.00000
11597	0.00000	0.00199	0.00058	0.00071	0.00260	0.00199	0.00182	0.01408	4.75227	0.00000
11617	0.00000	-0.00768	0.00058	0.00029	-0.00855	-0.00768	-0.00377	0.01455	4.75227	0.00000
11637	0.00000	-0.01574	0.00541	0.00464	-0.01530	-0.01574	-0.00284	0.03032	4.75227	0.00000
11657	0.00000	0.00038	0.00380	0.00389	0.00250	0.00038	0.00461	0.00727	4.75227	0.00000
11677	0.00000	0.01811	0.00541	0.00664	0.02372	0.01811	0.01670	0.00393	4.75227	0.00000
11697	0.00000	0.00038	0.01025	0.01066	0.00564	0.00038	0.01205	0.01454	4.75074	0.00000
11717	0.00000	0.01005	-0.00748	-0.00723	0.00754	0.01005	-0.00284	0.02861	4.75381	0.00000
11737	0.00000	-0.00768	0.11340	0.11527	0.05268	-0.00768	0.12651	0.02879	4.75227	0.00000
11757	0.00000	0.00038	0.01347	0.01387	0.00751	0.00038	0.01577	0.04933	4.75227	0.00000
11777	0.00000	-0.00446	-0.00909	-0.00944	-0.01008	-0.00446	-0.01307	0.10971	4.75381	0.00000
11797	0.00000	-0.00929	-0.01070	-0.01155	-0.01634	-0.00929	-0.01772	0.11172	4.75227	0.00000
11817	0.00000	0.00199	-0.10902	-0.11197	-0.05498	0.00199	-0.12474	0.00659	4.75227	0.00000
11837	0.00000	0.00038	0.00541	0.00559	0.00328	0.00038	0.00647	0.01263	4.75227	0.00000
11857	0.00000	0.00844	0.01831	0.01932	0.01935	0.00844	0.02601	0.00474	4.75227	3.96379
11877	0.00000	-0.00285	-0.01554	-0.01595	-0.01172	-0.00285	-0.01959	0.02673	4.75381	0.00000
11897	0.00000	-0.00929	-0.01393	-0.01487	-0.01803	-0.00929	-0.02145	0.15686	4.75227	0.00000
11917	0.00000	-0.01090	0.19076	0.19549	0.08764	-0.01090	0.21398	0.02782	4.75227	0.00000
11937	0.00000	-0.02057	0.01347	0.01292	-0.01643	-0.02057	0.00368	0.01892	4.75227	0.00000
11957	0.00000	-0.00768	-0.01876	-0.01974	-0.01871	-0.00768	-0.02610	0.13820	4.75227	0.00000
11977	0.00000	-0.02057	0.01831	0.01761	-0.01411	-0.02057	0.00926	0.02594	4.75227	0.00000
11997	0.00000	0.00038	-0.16543	-0.16859	-0.08935	0.00038	-0.19080	0.00829	4.75381	0.00000
12017	0.00000	0.00038	0.02314	0.02360	0.01300	0.00038	0.02694	0.00924	4.75381	0.00000
12037	0.00000	-0.01574	-0.01070	-0.01153	-0.02397	-0.01574	-0.02145	0.02043	4.75381	0.00000
12057	0.00000	-0.00123	-0.01070	-0.01096	-0.00723	-0.00123	-0.01307	0.13995	4.75381	0.00000
12077	0.00000	0.00038	0.17303	0.18233	0.08222	0.00038	0.20002	0.02194	4.74767	0.00000
12097	0.00000	-0.03025	0.00058	-0.00061	-0.03459	-0.03025	-0.01679	0.02886	4.75534	0.00000
12117	0.00000	0.01166	-0.02682	-0.02689	-0.00019	0.01166	-0.02424	0.01798	4.75074	0.00000
12137	0.00000	-0.01574	-0.01232	-0.01359	-0.02462	-0.01574	-0.02331	0.19152	4.75227	0.00000
12157	0.00000	-0.00285	0.14724	0.15244	0.07152	-0.00285	0.16838	0.02400	4.75227	0.00000
12177	0.00000	-0.01413	0.00703	0.00660	-0.01249	-0.01413	-0.00004	0.03480	4.75227	0.00000
12197	0.00000	0.00038	-0.01070	-0.01098	-0.00519	0.00038	-0.01214	0.14415	4.75227	0.00000
12217	0.00000	-0.00285	-0.01070	-0.01117	-0.00890	-0.00285	-0.01400	0.11855	4.75227	0.00000
12237	0.00000	-0.00285	0.04893	0.05014	0.02242	-0.00285	0.05486	0.02547	4.75227	0.00000
12257	0.00000	-0.01574	0.01186	0.01126	-0.01192	-0.01574	0.00461	0.03695	4.75227	0.00000
12277	0.00000	-0.00285	-0.01232	-0.01299	-0.00953	-0.00285	-0.01586	0.10072	4.75227	0.00000
12297	0.00000	-0.00768	0.02959	0.02997	0.00669	-0.00768	0.02973	0.02673	4.75227	0.00000
12317	0.00000	0.00038	-0.00748	-0.00761	-0.00362	0.00038	-0.00842	0.15660	4.75381	0.00000
12337	0.00000	-0.00929	0.00864	0.00833	-0.00618	-0.00929	0.00461	0.04381	4.75074	0.00000
12357	0.00000	-0.00123	-0.01070	-0.01108	-0.00705	-0.00123	-0.01307	0.11381	4.75227	0.00000
12377	0.00000	-0.00446	0.06021	0.06164	0.02649	-0.00446	0.06695	0.01417	4.75227	0.00000
12397	0.00000	-0.01413	-0.03488	-0.03670	-0.03461	-0.01413	-0.04843	0.02211	4.75227	0.00000
12417	0.00000	-0.00929	0.04087	0.04165	0.01006	-0.00929	0.04183	0.01353	4.75227	0.00000
12437	0.00000	-0.01413	-0.03166	-0.03393	-0.03236	-0.01413	-0.04471	0.04191	4.75074	0.00000
12457	0.00000	-0.00768	0.17464	0.17911	0.08289	-0.00768	0.19723	0.01353	4.75227	0.00000
12477	0.00000	-0.00607	-0.01876	-0.01965	-0.01685	-0.00607	-0.02517	0.03267	4.75227	0.00000
12497	0.00000	-0.00607	-0.00103	-0.00129	-0.00756	-0.00607	-0.00470	0.01353	4.75381	0.00000
12517	0.00000	-0.00929	-0.02037	-0.02185	-0.02105	-0.00929	-0.02889	0.07502	4.75074	0.00000
12537	0.00000	0.00521	-0.11385	-0.11675	-0.05380	0.00521	-0.12846	0.01773	4.75074	0.00000
12557	0.00000	-0.00446	-0.00265	-0.00309	-0.00648	-0.00446	-0.00563	0.02892	4.75227	0.00000
12577	0.00000	-0.00768	0.23267	0.23682	0.11741	-0.00768	0.26423	0.02619	4.75381	0.00000
12597	0.00000	-0.01413	-0.01715	-0.01847	-0.02530	-0.01413	-0.02796	0.02211	4.75227	3.95357
12617	0.00000	0.00521	-0.11385	-0.11675	-0.05380	0.00521	-0.12846	0.00462	4.75227	0.00000
12637	0.00000	0.00038	0.01347	0.01387	0.00751	0.00038	0.01577	0.02104	4.75381	0.00000
12657	0.00000	0.01488	-0.01232	-0.01178	0.01069	0.01488	-0.00563	0.01232	4.75227	0.00000
12677	0.00000	0.00682	0.01992	0.02119	0.01798	0.00682	0.02694	0.00615	4.75227	0.00000
12697	0.00000	-0.00446	-0.01554	-0.01601	-0.01358	-0.00446	-0.02052	0.03947	4.75227	0.00000
12717	0.00000	-0.01413	-0.01070	-0.01147	-0.02211	-0.01413	-0.02052	0.03299	4.75381	0.00000
12737	0.00000	0.00038	0.25362	0.26516	0.12480	0.00038	0.29307	0.01544	4.74920	0.00000
12757	0.00000	0.00844	-0.07840	-0.07957	-0.03281	0.00844	-0.08565	0.00293	4.75381	0.00000
12777	0.00000	-0.02541	0.02475	0.00171	0.02892	-0.02541	0.01391	0.02459	4.75227	0.00000
12797	0.00000	-0.01896	-0.00587	-0.00716	-0.02495	-0.01896	-0.01772	0.02908	4.75227	0.00000
12817	0.00000	-0.01413	-0.01070	-0.01184	-0.02191	-0.01413	-0.02052	0.04398	4.75227	3.96379
12837	0.00000	-0.00768	0.19560	0.20220	0.09052	-0.00768	0.22142	0.01417	4.75227	0.00000
12857	0.00000	-0.00929	-0.01232	-0.01321	-0.01718	-0.00929	-0.01959	0.02574	4.75227	0.00000
12877	0.00000	-0.00768	0.22300	0.22882	0.10829	-0.00768	0.25306	0.02082	4.75227	0.00000
12897	0.00000	-0.00929	0.00703	0.00667	-0.00702	-0.00929	0.00275	0.02211	4.75227	0.00000
12917	0.00000	-0.00285	-0.02037	-0.02112	-0.01398	-0.00285	-0.02517	0.09909	4.75227	0.00000
12937	0.00000	-0.01090	0.04893	0.04966	0.01313	-0.01090	0.05020	0.01580	4.75227	0.00000
12957	0.00000	-0.00929	-0.01554	-0.01620	-0.01916	-0.00929	-0.02331	0.02211	4.75227	0.00000
12977	0.00000	-0.00607	0.17464	0.17775	0.08778	-0.00607	0.19816	0.01353	4.75381	0.00000
12997	0.00000	-0.00285	-0.01070	-0.01102	-0.00909	-0.00285	-0.01400	0.09732	4.75381	0.00000
13017	0.00000	-0.01090	0.17464	0.18022	0.07616	-0.01090	0.19537	0.03144	4.75074	0.00000
13037	0.00000	-0.02057	0.00058	-0.00022	-0.02343	-0.02057	-0.01121	0.02594	4.75227	0.00000
13057	0.00000	0.00038	0.00058	0.00060	0.00075	0.00038	0.00089	0.01532	4.75381	0.00000
13077	0.00000	-0.00929	-0.00587	-0.00658	-0.01380	-0.00929	-0.01214	0.03628	4.75227	0.00000
13097	0.00000	-0.01413	-0.01070	-0.01184	-0.02191	-0.01413	-0.02052	0.04115	4.75074	0.00000
13117	0.00000	-0.00285	0.14402	0.14910	0.06988	-0.00285	0.16466	0.01544	4.75227	0.00000
13137	0.00000	-0.00285	-0.01070	-0.01117	-0.00890	-0.00285	-0.01400	0.08089	4.75227	0.00000
13157	0.00000	-0.00123	0.09245	0.09498	0.04714	-0.00123	0.10604	0.01417	4.75227	0.00000
13177	0.00000	-0.01735	-0.00587	-0.00706	-0.02309	-0.01735	-0.01679	0.04518	4.75227	0.00000
13197	0.00000	-0.00285	0.08922	0.09157	0.04359	-0.00285	0.10138	0.02208	4.75227	0.00000
13217	0.00000	-0.01413	-0.02682	-0.02841	-0.03038	-0.01413	-0.03913	0.04227	4.75074	0.00000
13237	0.00000	-0.00929	-0.00103	-0.00161	-0.01126	-0.00929	-0.00656	0.01120	4.75227	0.00000
13257	0.00000	-0.00768	-0.01393	-0.01450	-0.01642	-0.00768	-0.02052	0.01254	4.75381	0.00000
13277	0.00000	0.00521	-0.02199	-0.02239	-0.00516	0.00521	-0.02238	0.00726	4.75074	0.00000
13297	0.00000	0.00844	0.00703	0.00772	0.01342	0.00844	0.01298	0.01428	4.75227	0.00000
13317	0.00000	-0.02380	0.00058	-0.00035	-0.02715	-0.02380	-0.01307	0.08588	4.75381	0.00000
13337	0.00000	-0.00446	0.21171	0.21916	0.10242	-0.00446	0.24189	0.01680	4.75227	0.00000
13357	0.00000	-0.01413	-0.00587	-0.00654	-0.01949	-0.01413	-0.01493	0.02575	4.75227	0.00000
13377	1.00000	-0.03025	0.38739	0.42832	0.04697	-0.03025	0.42986	0.45605	5.38887	46.60208
13397	1.00000	-0.09955	0.21333	0.00450	-0.21342	-0.09955	0.18885	0.20080	0.15186	37.31305
13417	1.00000	0.25825	-0.37334	0.31968	0.20981	0.25825	-0.28199	0.35476	1.22258	55.49300
13437	1.00000	0.03745	-0.15898	0.15847	0.05017	0.03745	-0.16196	0.11350	2.28717	55.63677
13457	1.00000	0.10675	-0.09613	0.03247	-0.11303	0.10675	-0.04936	0.11645	3.37476	50.48558
13477	1.00000	-0.08021	-0.03166	0.09867	-0.05968	-0.08021	-0.08286	0.12975	4.40713	51.52922
13497	1.00000	-0.11083	-0.10096	-0.05248	-0.20524	-0.11083	-0.18057	0.20738	5.45790	55.49177
13517	1.00000	-0.02541	0.16981	0.18233	0.01747	-0.02541	0.18141	0.17246	0.27151	57.42175
13537	1.00000	0.26148	-0.06711	0.19368	0.19040	0.26148	0.07347	0.16297	1.33610	55.92654
13557	1.00000	-0.15112	0.20043	-0.09628	-0.18534	-0.15112	0.14419	0.20916	2.41909	55.49300
13577	1.00000	0.25986	-0.36689	0.34456	0.15387	0.25986	-0.27362	0.36209	3.49441	54.92530
13597	1.00000	-0.00607	-0.28631	0.33309	-0.02671	-0.00607	-0.33410	0.38639	4.51757	54.92530
13617	1.00000	-0.04636	0.16981	0.17079	0.04050	-0.04636	0.16931	0.11640	5.42416	51.39641
13637	1.00000	-0.17852	0.04248	-0.05729	-0.17749	-0.17852	-0.05402	0.18614	0.24850	61.85406
13657	1.00000	0.40975	-0.06711	0.38324	0.21523	0.40975	0.15908	0.36114	1.31769	55.63646
13677	1.00000	0.02455	0.00864	0.02595	-0.02264	0.02455	0.02415	0.09616	2.38841	54.36909
13697	1.00000	0.15671	-0.18316	0.19409	0.03910	0.15671	-0.12101	0.22250	3.48214	54.92530
13717	1.00000	0.02778	-0.18155	0.18069	-0.07483	0.02778	-0.19359	0.22566	4.50530	51.26429
13737	1.00000	0.05679	-0.16059	-0.00429	-0.16280	0.05679	-0.15265	0.15998	5.56221	55.20769
13757	1.00000	-0.22849	0.13919	0.22937	0.02037	-0.22849	0.02880	0.19628	0.38810	62.86808
13777	1.00000	-0.10277	-0.07195	0.00337	-0.17558	-0.10277	-0.14242	0.17132	1.47876	56.07256
13797	1.00000	0.40814	-0.04777	0.39782	0.20217	0.40814	0.18048	0.45640	2.45437	51.52922
13817	1.00000	-0.07698	-0.21700	0.16571	0.25593	-0.07698	-0.29502	0.20700	3.45299	55.49300
13837	1.00000	-0.03992	-0.03488	0.07408	0.01071	-0.03992	-0.06332	0.06813	4.48996	51.00206
13857	1.00000	-0.17852	0.23750	0.17401	0.17575	-0.17852	0.17117	0.19204	5.53460	55.49300
13877	1.00000	-0.15435	0.02637	0.14612	-0.07689	-0.15435	-0.05867	0.15541	0.38196	37.11238
13897	1.00000	-0.04636	-0.05100	-0.02678	-0.09363	-0.04636	-0.08565	0.11500	1.46188	56.21904
13917	1.00000	-0.11244	0.12307	0.07613	-0.11315	-0.11244	0.07719	0.13225	2.53107	55.34937
13937	1.00000	0.26954	-0.03810	0.28175	0.07563	0.26954	0.11162	0.28095	3.58338	51.52922
13957	1.00000	0.12126	-0.13319	0.14482	-0.02738	0.12126	-0.08379	0.16943	4.59734	54.92530
13977	1.00000	0.17606	-0.13158	0.01832	-0.18217	0.17606	-0.05029	0.17583	5.66039	54.92530
13997	1.00000	-0.04314	-0.09613	0.13602	-0.04277	-0.04314	-0.13590	0.12262	0.47860	41.34715
14017	1.00000	0.02455	-0.01070	-0.02365	-0.00685	0.02455	0.00182	0.13414	1.55852	55.49300
14037	1.00000	0.30660	-0.01554	0.25769	0.22998	0.30660	0.15908	0.25499	2.48198	47.19954
14057	1.00000	0.36301	-0.42330	0.40541	0.21304	0.36301	-0.27920	0.38456	3.51128	55.63677
14077	1.00000	-0.15435	-0.46037	0.58519	0.25819	-0.15435	-0.62071	0.58579	4.54212	54.92530
14097	1.00000	1.37840	-0.94389	0.25807	-1.38560	1.37840	-0.29409	1.43647	5.56375	54.92530
14117	1.00000	-0.13017	0.15047	0.10597	0.12423	-0.13017	0.09859	0.15860	0.40497	58.04252
14137	1.00000	-0.25750	0.25845	0.28376	0.09058	-0.25750	0.14977	0.23807	1.50484	56.07256
14157	1.00000	-0.02702	0.02637	0.02700	-0.01489	-0.02702	0.01484	0.08722	2.58322	54.92530
14177	1.00000	-0.00123	0.18754	0.21582	0.00139	-0.00123	0.21584	0.22936	3.67388	55.49300
14197	1.00000	-0.00446	0.09245	0.01674	-0.10291	-0.00446	0.10417	0.10087	4.68171	55.49300
14217	1.00000	0.09869	-0.02037	0.06659	-0.08015	0.09869	0.03345	0.10868	5.76317	54.92530
14237	1.00000	0.04228	-0.15415	0.15868	-0.01394	0.04228	-0.15358	0.16929	0.55070	37.11238
14257	1.00000	-0.29779	0.06182	0.24607	0.19552	-0.29779	-0.10054	0.17331	1.62295	55.49269
14277	1.00000	0.11159	-0.20250	-0.05132	-0.19624	0.11159	-0.16940	0.20772	2.70441	55.49239
14297	1.00000	-0.27200	0.30358	0.32775	0.06316	-0.27200	0.19351	0.35487	3.76899	55.06613
14317	1.00000	0.25825	0.02637	0.25799	0.17986	0.25825	0.17955	0.22261	4.78142	55.63553
14337	1.00000	-0.04797	0.15208	0.02812	-0.15293	-0.04797	0.14791	0.13705	5.85827	55.49300
14357	1.00000	0.20829	-0.22667	0.22021	0.12207	0.20829	-0.14149	0.22831	0.65961	57.88607
14377	1.00000	-0.03025	-0.20733	0.17851	0.18716	-0.03025	-0.25687	0.15210	1.74107	55.34998
14397	1.00000	-0.05120	-0.26374	0.32027	0.10806	-0.05120	-0.33410	0.32229	2.83326	55.49300
14417	1.00000	-0.56695	0.09245	0.57847	0.18828	-0.56695	-0.22058	0.53165	3.87637	51.00206
14437	1.00000	-0.21237	0.13596	0.19224	-0.09653	-0.21237	0.03438	0.23185	4.89340	55.49300
14457	1.00000	-0.09471	0.13274	0.10060	-0.09257	-0.09471	0.09859	0.14714	5.96565	55.49300
14477	1.00000	0.25019	-0.05261	0.22741	0.13372	0.25019	0.08370	0.22811	0.74551	57.73046
14497	1.00000	0.20668	-0.17349	0.21063	0.07009	0.20668	-0.08100	0.19195	1.81317	58.84853
14517	1.00000	0.02778	0.04571	-0.01990	-0.07149	0.02778	0.06881	0.07760	2.89462	55.49300
14537	1.00000	-0.04153	-0.25085	0.31322	0.04441	-0.04153	-0.31363	0.34844	3.95767	54.92530
14557	1.00000	0.02455	-0.12352	0.00598	-0.13064	0.02455	-0.12846	0.12847	4.97317	51.00206
14577	1.00000	-0.14145	0.03281	0.11622	-0.09175	-0.14145	-0.04378	0.17820	6.06536	59.30355
14597	1.00000	0.02294	0.24072	0.25253	0.14678	0.02294	0.29121	0.21998	0.85289	55.49285
14617	1.00000	0.13093	-0.03166	0.07865	0.11171	0.13093	0.03904	0.15725	1.92515	58.84823
14637	1.00000	0.17606	-0.01070	0.19163	0.04739	0.17606	0.08929	0.21230	3.01887	53.95927
14657	1.00000	0.38236	-0.46037	0.44285	0.21607	0.38236	-0.31084	0.44277	4.07732	52.06738
14677	1.00000	-0.04314	-0.37012	0.43897	0.11710	-0.04314	-0.45228	0.41998	5.11736	55.63553
14697	1.00000	-0.20753	-0.01876	0.24845	0.03681	-0.20753	-0.14148	0.21650	6.17274	59.30355
14717	1.00000	-0.09633	0.03281	0.09794	-0.00054	-0.09633	-0.01772	0.08217	0.97715	55.34983
14737	1.00000	-0.20270	0.22461	0.23504	0.07808	-0.20270	0.14233	0.22413	2.07087	58.84853
14757	1.00000	-0.03508	0.09245	0.09296	0.00826	-0.03508	0.08649	0.05879	3.13852	55.63677
14777	1.00000	0.30016	-0.08645	0.19657	0.23841	0.30016	0.07347	0.27494	4.20157	51.00206
14797	1.00000	-0.12534	0.19560	-0.09271	-0.17514	-0.12534	0.15349	0.20911	5.25695	54.92530
14817	1.00000	0.14704	-0.16543	0.17389	0.05144	0.14704	-0.10612	0.15342	0.07670	59.30355
14837	1.00000	-0.07698	-0.27825	0.29314	0.23186	-0.07698	-0.36574	0.33591	1.14588	55.49300
14857	1.00000	0.14704	-0.08001	-0.03289	-0.14351	0.14704	-0.00749	0.16234	2.22274	55.20769
14877	1.00000	-0.28006	0.03765	0.29251	0.08267	-0.28006	-0.11822	0.22856	3.29959	55.49239
14897	1.00000	-0.27523	0.26812	0.31012	-0.04767	-0.27523	0.15070	0.35742	4.32429	51.13284
14917	1.00000	-0.18336	0.07794	-0.07104	-0.16977	-0.18336	-0.01586	0.18346	5.35973	55.06613
14937	1.00000	0.03261	0.08922	0.10969	-0.06226	0.03261	0.12185	0.15949	0.17181	58.51698
14957	1.00000	0.25019	-0.26374	0.25729	0.14841	0.25019	-0.16010	0.23658	1.24099	54.92499
14977	1.00000	0.05034	0.11179	-0.06844	-0.15119	0.05034	0.15815	0.16391	2.32245	55.20769
14997	1.00000	-0.02219	-0.25085	0.29456	0.07219	-0.02219	-0.30247	0.28229	3.40390	55.20769
15017	1.00000	-0.33808	0.05699	0.35900	0.04636	-0.33808	-0.12939	0.41128	4.42247	55.06613
15037	1.00000	0.33239	-0.01070	0.27672	0.25716	0.33239	0.17955	0.24987	5.34132	47.56543
15057	1.00000	0.20990	-0.19283	0.21320	0.09433	0.20990	-0.10147	0.15813	0.10124	55.49300
15077	1.00000	0.08258	-0.06389	0.08569	-0.01250	0.08258	-0.02610	0.11276	1.19804	55.49269
15097	1.00000	-0.07537	-0.29437	0.33805	0.19597	-0.07537	-0.38342	0.31652	2.26876	74.54086
15117	1.00000	-0.05120	-0.01070	0.06152	0.02436	-0.05120	-0.04192	0.02980	3.34254	55.63677
15137	1.00000	-0.26072	0.31648	0.28023	0.18875	-0.26072	0.21491	0.22770	4.37491	51.13284
15157	1.00000	-0.06570	0.01992	0.02165	-0.06380	-0.06570	-0.01493	0.11542	5.43950	54.09520
15177	1.00000	-0.07860	0.07472	0.07380	-0.04902	-0.07860	0.04090	0.11634	0.28839	62.86808
15197	1.00000	-0.12050	0.05860	-0.01371	-0.11973	-0.12050	-0.00191	0.11466	1.38058	55.49269
15217	1.00000	0.36946	-0.07195	0.35613	0.16313	0.36946	0.13023	0.32806	2.45897	55.49239
15237	1.00000	0.24375	-0.25569	0.25850	0.12828	0.24375	-0.15451	0.20187	3.51435	54.92530
15257	1.00000	-0.10277	-0.42330	0.53170	0.16823	-0.10277	-0.54813	0.53155	4.53138	54.92530
15277	1.00000	-0.09310	0.25201	0.24113	-0.08246	-0.09310	0.23724	0.27883	5.37507	50.48558
15297	1.00000	-0.09955	0.19882	0.00309	-0.19880	-0.09955	0.17210	0.20080	0.14880	58.51698
15317	1.00000	0.26309	-0.40235	0.32784	0.24393	0.26309	-0.31270	0.36312	1.21798	55.49300
15337	1.00000	0.06323	-0.07356	0.07483	-0.02729	0.06323	-0.04843	0.10786	2.29023	54.92530
15357	1.00000	0.05195	-0.15415	0.14508	-0.05961	0.05195	-0.14800	0.17952	3.38396	54.92469
15377	1.00000	-0.06087	-0.03649	0.07754	-0.06052	-0.06087	-0.07728	0.11588	4.40713	50.48558
15397	1.00000	-0.11083	-0.11224	-0.06901	-0.21213	-0.11083	-0.19359	0.22300	5.45484	55.49300
15417	1.00000	-0.03508	0.14563	0.15192	-0.00485	-0.03508	0.14791	0.14983	0.26998	37.72083
15437	1.00000	0.32595	-0.09613	0.24872	0.22432	0.32595	0.07719	0.24101	1.32689	56.07225
15457	1.00000	-0.04797	-0.25730	0.19976	0.26054	-0.04797	-0.32480	0.24293	2.30097	47.56543
15477	1.00000	-0.37999	0.05860	0.38939	0.12558	-0.37999	-0.15172	0.42654	3.30573	51.00145
15497	1.00000	-0.22849	0.22622	0.25934	-0.04065	-0.22849	0.12930	0.30797	4.32276	55.49300
15517	1.00000	-0.18981	0.08439	-0.06644	-0.17821	-0.18981	-0.01214	0.19923	5.36280	54.92530
15537	1.00000	0.05840	0.07149	0.12567	-0.03366	0.05840	0.11627	0.11650	0.17641	59.16179
15557	1.00000	0.17283	-0.18155	0.16848	0.11638	0.17283	-0.10985	0.12038	1.24866	55.06583
15577	1.00000	-0.25911	-0.01070	0.25489	0.16850	-0.25911	-0.16196	0.19406	2.20280	54.92469
15597	1.00000	0.07613	-0.16704	-0.02810	-0.16487	0.07613	-0.14893	0.17175	3.27351	55.49300
15617	1.00000	-0.16402	0.11018	0.14174	-0.08868	-0.16402	0.03252	0.19635	4.31662	51.00206
15637	1.00000	-0.18497	0.08439	-0.05944	-0.17540	-0.18497	-0.00935	0.19154	5.36280	54.92530
15657	1.00000	0.03745	0.08600	0.11433	-0.05434	0.03745	0.12092	0.12370	0.17487	59.16180
15677	1.00000	0.20184	-0.32015	0.19636	0.25742	0.20184	-0.25315	0.18119	1.24713	54.92499
15697	1.00000	0.02778	0.05054	-0.01895	-0.07712	0.02778	0.07440	0.07348	2.32858	55.49300
15717	1.00000	-0.11889	-0.27986	0.35339	0.20673	-0.11889	-0.39180	0.36377	3.40237	58.69841
15737	1.00000	-0.34614	0.04732	0.37292	0.04255	-0.34614	-0.14521	0.41579	4.42400	51.52922
15757	1.00000	-0.09310	-0.09290	-0.05079	-0.17892	-0.09310	-0.16103	0.19685	5.45944	56.07132
15777	1.00000	-0.05120	0.14563	0.14670	-0.01756	-0.05120	0.13860	0.14972	0.27305	37.72087
15797	1.00000	0.39203	-0.10257	0.28842	0.28657	0.39203	0.10790	0.28150	1.33456	55.20769
15817	1.00000	-0.13178	0.19076	-0.06262	-0.18502	-0.13178	0.14419	0.18254	2.42062	55.06613
15837	1.00000	0.27759	-0.15092	0.26633	-0.07951	0.27759	-0.01400	0.36844	3.49287	55.34998
15857	1.00000	-0.05603	-0.34594	0.43252	0.05003	-0.05603	-0.43181	0.46089	4.52064	50.48558
15877	1.00000	0.04389	-0.13964	0.00008	-0.14280	0.04389	-0.13590	0.14641	5.56068	55.49300
15897	1.00000	-0.19625	0.07794	0.18003	-0.08148	-0.19625	-0.02331	0.19573	0.36509	37.61804
15917	1.00000	-0.00768	0.17948	0.17922	0.09520	-0.00768	0.20281	0.14354	1.42967	54.50708
15937	1.00000	-0.16241	0.07794	-0.01347	-0.16188	-0.16241	-0.00377	0.15168	2.52033	54.23180
15957	1.00000	0.31305	-0.03810	0.32523	0.10442	0.31305	0.13674	0.32411	3.58952	55.34998
15977	1.00000	0.27276	-0.32015	0.34505	0.01905	0.27276	-0.21221	0.38925	4.61268	55.49177
15997	1.00000	0.12609	-0.16382	0.11083	-0.13098	0.12609	-0.11636	0.17654	5.66346	58.25260
16017	1.00000	-0.20592	-0.01070	0.22245	0.10069	-0.20592	-0.13125	0.20672	0.48014	62.86808
16037	1.00000	-0.18819	0.25201	0.16161	0.20624	-0.18819	0.18234	0.20638	1.54472	56.21904
16057	1.00000	-0.24783	0.23911	0.27680	0.04984	-0.24783	0.13302	0.23385	2.64458	58.84853
16077	1.00000	0.10192	0.35032	0.43741	0.18364	0.10192	0.46336	0.44283	3.68002	51.52922
16097	1.00000	0.07774	0.05054	0.10257	-0.07862	0.07774	0.10324	0.15884	4.69398	51.52922
16117	1.00000	0.09386	0.00864	0.04288	-0.10530	0.09386	0.06416	0.10786	5.75856	55.06613
16137	1.00000	-0.02702	-0.20572	0.21375	0.13828	-0.02702	-0.25315	0.19019	0.57678	57.73046
16157	1.00000	0.14704	-0.12191	0.04328	-0.15122	0.14704	-0.05588	0.15390	1.66744	54.92499
16177	1.00000	-0.38321	0.06182	0.38013	0.15745	-0.38321	-0.14986	0.41536	2.74429	52.06738
16197	1.00000	-0.34453	0.35032	0.36735	0.16129	-0.34453	0.20560	0.28841	3.79507	54.50648
16217	1.00000	0.12770	0.45508	0.54345	0.28290	0.12770	0.59922	0.51070	4.83051	71.34814
16237	1.00000	0.00038	0.07794	0.07619	-0.04830	0.00038	0.09022	0.10970	5.90429	55.49300
16257	1.00000	0.00521	0.09406	0.07041	-0.08676	0.00521	0.11162	0.10318	0.73324	41.68438
16277	1.00000	0.33562	-0.37495	0.37425	0.17252	0.33562	-0.23919	0.35512	1.79476	54.92499
16297	1.00000	-0.09310	-0.22023	0.18560	0.26291	-0.09310	-0.30805	0.17487	2.87008	60.07712
16317	1.00000	0.04389	-0.16543	0.16191	-0.05621	0.04389	-0.16568	0.20480	3.94233	68.51546
16337	1.00000	-0.20592	0.24717	0.19143	0.18296	-0.20592	0.16652	0.23918	4.96550	51.00084
16357	1.00000	-0.12856	0.02798	0.09569	-0.09553	-0.12856	-0.04192	0.13469	6.06383	54.50708
16377	1.00000	0.02939	0.21977	0.25038	0.10709	0.02939	0.27074	0.25181	0.83755	54.92514
16397	1.00000	0.08096	-0.00909	0.06228	0.06316	0.08096	0.03625	0.16729	1.92975	55.49269
16417	1.00000	0.25825	-0.04133	0.26327	0.08748	0.25825	0.10138	0.24956	3.01734	55.49300
16437	1.00000	0.35657	-0.47488	0.47227	0.14627	0.35657	-0.34248	0.47932	4.05431	55.49239
16457	1.00000	0.15188	-0.15415	0.04600	-0.17060	0.15188	-0.09031	0.17682	5.07594	55.63677
16477	1.00000	-0.12695	-0.11063	0.22496	-0.07693	-0.12695	-0.20104	0.21305	6.16660	55.63677
16497	1.00000	-0.28006	0.14402	0.27166	-0.06816	-0.28006	0.00461	0.26761	0.92039	51.52906
16517	1.00000	-0.05926	0.16336	0.16309	-0.02749	-0.05926	0.15442	0.15518	1.97270	73.60000
16537	1.00000	0.37269	-0.06067	0.33891	0.21234	0.37269	0.14512	0.44661	3.04495	55.49239
16557	1.00000	0.07935	-0.09290	0.07564	0.06597	0.07935	-0.06146	0.02873	4.09573	54.23120
16577	1.00000	0.01811	-0.16221	0.15284	0.09079	0.01811	-0.17685	0.19785	5.15264	55.49300
16597	1.00000	0.03584	-0.17188	0.18131	0.00399	0.03584	-0.17778	0.16241	6.26018	74.54147
16617	1.00000	-0.18175	0.01347	0.15293	0.13277	-0.18175	-0.08938	0.10274	1.06612	51.00191
16637	1.00000	-0.05603	-0.07840	0.11810	-0.06549	-0.05603	-0.12287	0.11657	2.16138	56.07256
16657	1.00000	-0.38805	0.39384	0.42392	0.15514	-0.38805	0.23073	0.37848	3.21983	55.06613
16677	1.00000	-0.06893	0.50988	0.55200	0.03695	-0.06893	0.54897	0.50973	4.22458	39.23236
16697	1.00000	0.31144	-0.39268	0.35026	0.22173	0.31144	-0.27362	0.27702	5.22934	53.82404
16717	1.00000	0.06001	0.11662	-0.05028	-0.17244	0.06001	0.16931	0.18935	0.04295	59.45679
16737	1.00000	0.00199	-0.23312	0.26068	0.06240	0.00199	-0.26804	0.27583	1.11827	55.49285
16757	1.00000	-0.18819	-0.03004	0.22301	0.07890	-0.18819	-0.14335	0.22532	2.18592	55.49239
16777	1.00000	0.09547	-0.20895	-0.03193	-0.20675	0.09547	-0.18615	0.21014	3.26585	54.78519
16797	1.00000	-0.14629	0.07633	0.10399	-0.10294	-0.14629	0.00368	0.16027	4.30895	51.93179
16817	1.00000	0.44038	-0.45715	0.43695	0.27898	0.44038	-0.27362	0.46567	5.23394	46.48440
16837	1.00000	0.05195	-0.14448	0.14517	0.01868	0.05195	-0.13683	0.10737	0.00307	55.49300
16857	1.00000	0.07452	-0.03327	-0.02148	-0.07150	0.07452	0.00461	0.10752	1.08299	55.49285
16877	1.00000	-0.27845	0.02637	0.28871	0.10563	-0.27845	-0.13032	0.19124	2.16751	60.07775
16897	1.00000	-0.30101	0.27135	0.31167	0.11366	-0.30101	0.13953	0.22726	3.23517	54.36909
16917	1.00000	0.05195	0.17142	0.17583	0.15405	0.05195	0.22793	0.11744	4.27827	51.00206
16937	1.00000	0.16638	0.00058	0.15517	0.11384	0.16638	0.09673	0.08772	5.34286	54.50708
16957	1.00000	0.01166	0.10212	0.09563	-0.08077	0.01166	0.12465	0.27418	0.17027	58.19983
16977	1.00000	0.09225	-0.09774	0.08059	0.07461	0.09225	-0.05960	0.02406	1.26093	56.07256
16997	1.00000	0.20023	-0.18155	0.21891	0.03184	0.20023	-0.09403	0.22159	2.36233	59.45617
17017	1.00000	-0.03186	-0.16865	0.17547	0.12509	-0.03186	-0.21314	0.13360	3.42385	55.49300
17037	1.00000	-0.17691	0.02314	0.15529	0.11345	-0.17691	-0.07542	0.11145	4.47155	51.52922
17057	1.00000	0.11803	-0.26697	-0.05615	-0.26160	0.11803	-0.24012	0.25950	5.54687	54.36909
17077	1.00000	-0.15112	0.05538	0.13924	-0.06319	-0.15112	-0.02331	0.17162	0.36049	58.19986
17097	1.00000	0.02939	0.22300	0.22529	0.15946	0.02939	0.27446	0.18028	1.42814	54.92530
17117	1.00000	-0.14629	0.08116	0.00049	-0.14657	-0.14629	0.00926	0.14608	2.52033	54.23180
17137	1.00000	0.26631	-0.03488	0.28259	0.06272	0.26631	0.11348	0.29995	3.58645	51.66271
17157	1.00000	0.16638	-0.18960	0.20631	-0.01471	0.16638	-0.12287	0.22898	4.59887	51.52798
17177	1.00000	0.12770	-0.16543	0.11169	-0.13263	0.12770	-0.11729	0.18451	5.66346	54.36909
17197	1.00000	-0.15435	-0.06067	0.21832	0.03858	-0.15435	-0.15916	0.16279	0.47860	57.88607
17217	1.00000	-0.17852	0.24556	0.15228	0.20308	-0.17852	0.18048	0.23066	1.54472	56.07225
17237	1.00000	-0.20592	0.20043	0.23132	0.03942	-0.20592	0.11255	0.22741	2.64305	58.54905
17257	1.00000	0.08419	0.32937	0.37785	0.21970	0.08419	0.42893	0.32320	3.69536	54.92530
17277	1.00000	0.52741	-0.11385	0.52589	0.17755	0.52741	0.17303	0.52142	4.72159	51.52922
17297	1.00000	-0.60079	0.10212	0.55712	0.32088	-0.60079	-0.22895	0.46586	5.60056	51.00206
17317	1.00000	-0.05281	0.00541	0.05678	-0.01234	-0.05281	-0.02424	0.12482	0.40344	58.04252
17337	1.00000	-0.14468	0.04571	0.11011	-0.09873	-0.14468	-0.03075	0.15733	1.48489	54.09520
17357	1.00000	0.08419	0.31003	0.36792	0.19240	0.08419	0.40660	0.35781	2.55715	54.64578
17377	1.00000	0.19701	-0.02521	0.17653	0.12169	0.19701	0.08463	0.05717	3.61406	54.64578
17397	1.00000	0.32111	-0.38623	0.35293	0.21550	0.32111	-0.26059	0.33777	4.65563	53.28981
17417	1.00000	0.01811	-0.13803	0.13086	0.07336	0.01811	-0.14893	0.14508	5.72635	57.52444
17437	1.00000	0.04067	-0.11385	0.11246	0.02583	0.04067	-0.10799	0.06798	0.58751	62.86808
17457	1.00000	0.15188	-0.11385	0.03343	-0.15448	0.15188	-0.04378	0.15967	1.66897	59.61051
17477	1.00000	-0.34614	0.01025	0.37407	0.12335	-0.34614	-0.18801	0.40079	2.74122	56.07256
17497	1.00000	-0.16563	0.15369	0.17233	0.06653	-0.16563	0.08184	0.11681	3.79967	51.00145
17517	1.00000	0.07613	0.35032	0.39417	0.22698	0.07613	0.44847	0.33507	4.83971	51.26429
17537	1.00000	0.17283	0.00541	0.17075	0.10932	0.17283	0.10604	0.08752	5.91350	55.49300
17557	1.00000	-0.01574	0.14886	0.12019	-0.11091	-0.01574	0.16280	0.21235	0.75012	54.48565
17577	1.00000	0.08902	-0.03649	0.07241	-0.05260	0.08902	0.00926	0.09971	1.76408	55.49300
17597	1.00000	0.05034	-0.25085	0.26524	-0.00912	0.05034	-0.26059	0.28624	2.81946	51.52922
17617	1.00000	-0.10277	-0.05906	0.14289	-0.08002	-0.10277	-0.12753	0.17453	3.84722	51.13284
17637	1.00000	0.04389	0.23267	0.24468	0.16876	0.04389	0.29400	0.18157	4.84891	56.07256
17657	1.00000	-0.18175	0.08439	-0.03106	-0.17921	-0.18175	-0.00749	0.17924	5.95031	57.52444
17677	1.00000	0.09386	0.01670	0.10850	0.04930	0.09386	0.07347	0.05790	0.76699	58.51698
17697	1.00000	-0.13178	0.19882	-0.06419	-0.19184	-0.13178	0.15349	0.20518	1.85305	58.69841
17717	1.00000	0.28243	-0.30243	0.32152	0.10506	0.28243	-0.18615	0.35794	2.92990	55.34998
17737	1.00000	-0.15435	-0.37979	0.46958	0.28584	-0.15435	-0.52765	0.47469	3.97915	51.52860
17757	1.00000	-0.32358	0.01831	0.36274	0.02366	-0.32358	-0.16568	0.40230	5.00538	55.49300
17777	1.00000	-0.18819	0.11018	0.18226	-0.05041	-0.18819	0.01857	0.22651	6.07150	54.92530
17797	1.00000	0.02778	0.26490	0.28351	0.15497	0.02778	0.32192	0.24265	0.84829	54.92514
17817	1.00000	0.09386	0.21494	0.15698	-0.27494	0.09386	0.30238	0.34740	1.81317	58.84823
17837	1.00000	-0.06087	-0.18638	0.14594	0.21231	-0.06087	-0.25036	0.19744	2.88388	55.34937
17857	1.00000	0.00844	-0.20089	0.22621	-0.02165	0.00844	-0.22709	0.24475	3.95307	50.48558
17877	1.00000	0.01811	-0.13158	0.02006	-0.14122	0.01811	-0.14149	0.12756	4.97470	55.49300
17897	1.00000	-0.14629	0.04248	0.11767	-0.09382	-0.14629	-0.03540	0.16513	6.06536	55.63677
17917	1.00000	-0.01413	0.16497	0.16427	0.08036	-0.01413	0.18234	0.13457	0.86670	56.21920
17937	1.00000	-0.19464	0.07472	-0.04944	-0.19005	-0.19464	-0.02610	0.18594	1.95122	54.92530
17957	1.00000	-0.32358	0.28746	-0.02947	-0.35338	-0.32358	0.14512	0.43957	3.02808	54.92469
17977	1.00000	-0.05120	0.09567	-0.03620	-0.08864	-0.05120	0.08091	0.10554	4.11567	51.52860
17997	1.00000	0.00521	-0.14448	0.14726	0.07195	0.00521	-0.16382	0.08567	5.13884	55.20769
18017	1.00000	0.14060	-0.12997	0.06912	-0.14049	0.14060	-0.06890	0.15637	6.24790	54.09520
18037	1.00000	-0.12856	-0.06389	0.19364	-0.03047	-0.12856	-0.14800	0.19655	1.02010	55.92638
18057	1.00000	-0.25750	0.27135	0.28397	0.11297	-0.25750	0.16466	0.23556	2.08621	54.92499
18077	1.00000	-0.02702	0.03604	0.03679	-0.00729	-0.02702	0.02601	0.06678	3.15080	54.09520
18097	1.00000	-0.03347	0.11501	0.10567	-0.05319	-0.03347	0.11348	0.13872	4.21845	50.74251
18117	1.00000	-0.05120	0.11662	-0.03522	-0.11148	-0.05120	0.10510	0.14050	5.25695	54.92530
18137	1.00000	0.15994	-0.10741	0.16177	-0.02035	0.15994	-0.03168	0.15823	0.07823	54.92530
18157	1.00000	-0.10277	-0.32499	0.33841	0.29136	-0.10277	-0.43460	0.38400	1.14742	55.49300
18177	1.00000	0.20668	-0.11385	-0.03781	-0.20355	0.20668	-0.01214	0.21698	2.22427	55.34998
18197	1.00000	-0.35904	0.05860	0.36344	0.12768	-0.35904	-0.13962	0.35346	3.30266	55.49239
18217	1.00000	-0.39611	0.47765	0.49718	0.11788	-0.39611	0.32285	0.51673	4.33503	55.06613
18237	1.00000	-0.13823	0.11340	0.03359	-0.14350	-0.13823	0.05113	0.14847	5.36893	54.36909
18257	1.00000	0.15671	0.02475	0.19245	0.04119	0.15671	0.11906	0.12413	0.17641	58.35797
18277	1.00000	0.09547	-0.08323	0.09144	0.04930	0.09547	-0.04099	0.04840	1.25326	54.36909
18297	1.00000	0.12932	-0.14125	0.15393	0.02916	0.12932	-0.08844	0.16586	2.35159	58.84853
18317	1.00000	-0.11083	-0.32015	0.37703	0.24125	-0.11083	-0.43367	0.40506	3.41618	55.49300
18337	1.00000	-0.78131	0.21010	0.71486	0.37785	-0.78131	-0.20848	0.69210	4.44548	52.06614
18357	1.00000	0.33400	-0.01554	0.24027	0.29051	0.33400	0.17489	0.32148	5.35513	71.16426
18377	1.00000	-0.02380	0.11340	0.05285	-0.10728	-0.02380	0.11720	0.11742	0.15953	62.86806
18397	1.00000	0.18895	-0.23312	0.17982	0.17027	0.18895	-0.16010	0.13631	1.24406	55.49269
18417	1.00000	0.03745	0.04087	-0.00781	-0.07795	0.03745	0.06881	0.07771	2.33625	55.49300
18437	1.00000	-0.10277	-0.31371	0.38941	0.19142	-0.10277	-0.42157	0.39765	3.40697	54.92530
18457	1.00000	-0.20753	0.23589	0.17810	0.18607	-0.20753	0.15256	0.21950	4.39179	54.78519
18477	1.00000	-0.11083	-0.08162	-0.02034	-0.19210	-0.11083	-0.15823	0.18291	5.46557	54.36789
18497	1.00000	-0.10600	0.06988	0.07378	-0.07855	-0.10600	0.01950	0.15389	0.29299	62.86808
18517	1.00000	-0.04636	0.16175	0.16485	-0.02390	-0.04636	0.16001	0.19532	1.39439	55.06613
18537	1.00000	0.28243	-0.03649	0.28119	0.12374	0.28243	0.12092	0.23232	2.46204	56.21873
18557	1.00000	0.05518	-0.01393	0.05539	-0.01501	0.05518	0.01577	0.08759	3.52355	54.92530
18577	1.00000	-0.07054	-0.29920	0.29853	0.25495	-0.07054	-0.38621	0.48135	4.57433	51.52922
18597	1.00000	-0.10438	-0.05100	0.15655	0.02420	-0.10438	-0.11915	0.08625	5.62357	54.23180
18617	1.00000	-0.19948	-0.01070	0.22909	0.05970	-0.19948	-0.12753	0.13192	0.46633	63.21351
18637	1.00000	-0.15918	0.22461	0.13490	0.18754	-0.15918	0.16745	0.27465	1.54318	55.63646
18657	1.00000	-0.22365	0.21655	0.25007	0.04581	-0.22365	0.12092	0.23072	2.63998	54.92530
18677	1.00000	0.07291	0.29714	0.33345	0.20612	0.07291	0.38519	0.25021	3.69843	54.92530
18697	1.00000	0.69342	-0.17671	0.65374	0.30326	0.69342	0.19630	0.63636	4.72773	56.07256
18717	1.00000	0.28243	-0.38140	0.35727	0.17037	0.28243	-0.27734	0.33323	5.78771	55.49300
18737	1.00000	0.03100	-0.11224	0.10437	0.05045	0.03100	-0.11171	0.17490	0.59212	58.51698
18757	1.00000	0.00038	-0.22667	0.25787	0.04355	0.00038	-0.26152	0.26455	1.68431	54.92530
18777	1.00000	-0.46541	0.06182	0.43959	0.24956	-0.46541	-0.19732	0.39442	2.75043	74.73261
18797	1.00000	-0.10600	0.16820	0.09528	0.14088	-0.10600	0.13302	0.30797	3.81961	55.06613
18817	1.00000	-0.02057	0.10051	0.09930	0.03759	-0.02057	0.10417	0.05431	4.86579	51.39641
18837	1.00000	-0.14307	0.11985	0.05644	-0.14280	-0.14307	0.05579	0.14360	5.95645	58.10550
18857	1.00000	0.18734	-0.00587	0.20187	0.06793	0.18734	0.10138	0.18270	0.74858	37.11254
18877	1.00000	0.23085	-0.25730	0.23910	0.15153	0.23085	-0.16382	0.19771	1.80703	54.23180
18897	1.00000	0.02778	0.06344	-0.03384	-0.08717	0.02778	0.08929	0.08948	2.89309	54.50708
18917	1.00000	-0.03347	-0.25891	0.31939	0.02027	-0.03347	-0.31829	0.36368	3.95307	50.48558
18937	1.00000	-0.12856	0.12629	0.11328	0.09391	-0.12856	0.07161	0.15953	4.96703	55.34998
18957	1.00000	-0.13017	0.01508	0.08619	-0.11334	-0.13017	-0.05774	0.14185	6.05922	59.30355
18977	1.00000	0.02455	0.21010	0.21853	0.13704	0.02455	0.25678	0.22738	0.85289	55.49285
18997	1.00000	0.08902	-0.00748	0.06392	0.07528	0.08902	0.04276	0.10446	1.92975	59.45679
19017	1.00000	0.19862	0.00380	0.23031	0.02409	0.19862	0.11906	0.22967	3.01120	56.07256
19037	1.00000	0.35657	-0.47971	0.46936	0.16723	0.35657	-0.34806	0.46615	4.05278	51.00145
19057	1.00000	0.12770	-0.15737	0.07210	-0.15089	0.12770	-0.10799	0.17644	5.07594	55.49300
19077	1.00000	-0.11405	-0.06711	0.17873	-0.04009	-0.11405	-0.14335	0.24754	6.16660	59.45679
19097	1.00000	-0.38644	0.41801	0.41970	0.20134	-0.38644	0.25957	0.46638	0.94647	54.36894
19117	1.00000	-0.05120	0.08439	0.08499	-0.00212	-0.05120	0.06788	0.07932	2.01105	53.95898
19137	1.00000	-0.00285	0.18754	0.21458	0.01198	-0.00285	0.21491	0.23198	3.10938	54.36909
19157	1.00000	0.30983	-0.06067	0.32331	0.05749	0.30983	0.10883	0.36752	4.13715	50.87196
19177	1.00000	0.08419	0.01831	0.01255	-0.10860	0.08419	0.06974	0.11300	5.16798	54.64578
19197	1.00000	0.07935	-0.11224	0.11020	-0.03423	0.07935	-0.08379	0.10561	0.00767	56.07256
19217	1.00000	0.16316	-0.07840	-0.02733	-0.16089	0.16316	0.00368	0.16831	1.09066	53.82389
19237	1.00000	-0.40416	0.05054	0.40324	0.17701	-0.40416	-0.17498	0.34074	2.17825	59.92129
19257	1.00000	-0.25911	0.25201	0.24897	0.15852	-0.25911	0.14140	0.15452	3.24437	54.36909
19277	1.00000	-0.14468	0.07794	0.10981	-0.09441	-0.14468	0.00647	0.16027	4.30895	51.52922
19297	1.00000	-0.20592	0.09728	-0.06247	-0.19632	-0.20592	-0.00656	0.21271	5.35666	54.92530
19317	1.00000	0.17283	0.04087	0.22518	0.02762	0.17283	0.14698	0.22403	0.17487	59.16180
19337	1.00000	0.20507	-0.18960	0.19920	0.11170	0.20507	-0.10054	0.15732	1.24252	54.92499
19357	1.00000	0.05195	0.04409	-0.00426	-0.09606	0.05195	0.08091	0.09564	2.33318	55.49300
19377	1.00000	-0.03508	-0.28953	0.33862	0.11085	-0.03508	-0.35458	0.32896	3.40697	54.36909
19397	1.00000	-0.44768	0.08922	0.46343	0.09892	-0.44768	-0.15544	0.50666	4.42707	51.52798
19417	1.00000	-0.13017	-0.01232	0.05221	-0.14901	-0.13017	-0.08938	0.15947	5.47324	55.49177
19437	1.00000	-0.00768	0.17626	0.18946	0.06158	-0.00768	0.19909	0.14897	0.27305	62.18843
19457	1.00000	0.13254	-0.03649	0.07013	0.11759	0.13254	0.03438	0.17748	1.35604	55.49269
19477	1.00000	0.28243	-0.04294	0.28381	0.10991	0.28243	0.11348	0.23747	2.44977	56.21873
19497	1.00000	0.22441	-0.25730	0.23566	0.15129	0.22441	-0.16754	0.14637	3.51588	54.36909
19517	1.00000	-0.17046	-0.45715	0.53339	0.36985	-0.17046	-0.62629	0.52012	4.55746	51.00206
19537	1.00000	-0.28651	-0.02037	0.32749	0.10262	-0.28651	-0.18894	0.26605	5.61284	55.63677
19557	1.00000	0.04389	-0.15737	0.05014	-0.15448	0.04389	-0.15637	0.15946	0.44332	62.86800
19577	1.00000	1.06573	0.45347	1.55800	0.07258	1.06573	1.13892	1.65611	1.48643	55.20739
19597	1.00000	0.13093	-0.14125	0.15547	0.02504	0.13093	-0.08751	0.17533	2.34392	52.06738
19617	1.00000	0.01811	-0.19605	0.21656	-0.00751	0.01811	-0.21593	0.24014	3.39163	54.50648
19637	1.00000	-0.22688	0.29714	0.20318	0.23488	-0.22688	0.21212	0.23354	4.38565	51.52922
19657	1.00000	-0.11405	-0.11224	-0.05724	-0.21892	-0.11405	-0.19546	0.22318	5.46097	56.07132
19677	1.00000	0.20668	-0.04777	0.12330	0.17782	0.20668	0.06416	0.22300	0.21322	57.57569
19697	1.00000	0.37591	-0.08968	0.33015	0.21253	0.37591	0.11348	0.28600	1.32536	54.92499
19717	1.00000	0.04712	-0.01070	0.04846	-0.00956	0.04712	0.01484	0.07785	2.39301	54.92530
19737	1.00000	0.17122	-0.18638	0.20622	0.01810	0.17122	-0.11636	0.23257	3.48367	55.49300
19757	1.00000	0.05356	-0.18960	0.17053	-0.09557	0.05356	-0.18801	0.21716	4.50530	51.52922
19777	1.00000	0.21796	-0.01554	0.17502	0.16887	0.21796	0.10790	0.17848	5.46404	51.52922
19797	1.00000	-0.17691	0.29875	-0.08167	-0.28910	-0.17691	0.24282	0.30075	0.13806	62.86806
19817	1.00000	0.18411	-0.23312	0.22722	0.09378	0.18411	-0.16289	0.26083	1.20878	55.63677
19837	1.00000	0.00038	-0.21700	0.22920	0.10074	0.00038	-0.25036	0.20842	2.27796	55.49239
19857	1.00000	0.15349	-0.07356	-0.05451	-0.14353	0.15349	0.00368	0.16002	3.35788	51.00206
19877	1.00000	-0.07860	-0.03810	0.09877	-0.06639	-0.07860	-0.08938	0.13480	4.40559	54.36909
19897	1.00000	-0.12372	-0.10257	-0.05018	-0.22098	-0.12372	-0.18987	0.22541	5.45637	55.78004
19917	1.00000	-0.03347	0.15530	0.16345	0.00190	-0.03347	0.16001	0.16620	0.26998	57.42175
19937	1.00000	0.41298	-0.11063	0.34368	0.25430	0.41298	0.11069	0.37604	1.32843	51.66240
19957	1.00000	0.02133	0.03120	0.02729	-0.04524	0.02133	0.04834	0.10068	2.39301	55.06613
19977	1.00000	0.19056	-0.21700	0.23437	0.03377	0.19056	-0.14055	0.28476	3.48520	55.34998
19997	1.00000	0.05195	-0.18638	0.16819	-0.09336	0.05195	-0.18522	0.22318	4.50530	51.52922
20017	1.00000	0.03745	-0.15092	0.02454	-0.15524	0.03745	-0.15265	0.15415	5.55915	58.84853
20037	1.00000	-0.07054	-0.11708	0.07589	-0.17365	-0.07054	-0.17591	0.22849	0.38656	61.35925
20057	1.00000	-0.18336	0.11662	0.17740	-0.05453	-0.18336	0.02880	0.20061	1.49103	55.63646
20077	1.00000	-0.08666	0.15047	0.12718	-0.08147	-0.08666	0.12372	0.16381	2.53567	54.92469
20097	1.00000	0.36140	-0.07678	0.35753	0.13103	0.36140	0.11999	0.36980	3.58338	55.06613
20117	1.00000	0.24214	-0.27019	0.29709	0.00361	0.24214	-0.17219	0.33698	4.60808	55.06491
20137	1.00000	0.15349	-0.16382	0.08299	-0.16363	0.15349	-0.10054	0.18121	5.66499	54.23180
20157	1.00000	-0.08021	-0.09935	0.17928	-0.01481	-0.08021	-0.16103	0.14508	0.47707	58.04252
20177	1.00000	0.01649	-0.10902	0.03843	-0.11105	0.01649	-0.11636	0.11606	1.57540	55.49269
20197	1.00000	-0.26878	0.25845	0.29681	0.06820	-0.26878	0.14326	0.28340	2.64305	55.63677
20217	1.00000	0.03100	0.15853	0.16733	0.11548	0.03100	0.20095	0.11258	3.70610	55.49300
20237	1.00000	0.46455	-0.10580	0.40428	0.27141	0.46455	0.14605	0.43317	4.74614	51.52922
20257	1.00000	0.01972	0.04087	0.02105	-0.05811	0.01972	0.05858	0.11518	5.81992	58.84731
20277	1.00000	0.17928	-0.21217	0.21105	0.08724	0.17928	-0.14148	0.21448	0.65194	57.88607
20297	1.00000	0.04712	-0.17671	0.17824	0.04154	0.04712	-0.17684	0.12198	1.71499	54.92499
20317	1.00000	0.15671	-0.11385	0.02025	-0.16071	0.15671	-0.04099	0.16454	2.80412	54.78519
20337	1.00000	-0.24299	0.01347	0.27232	0.02086	-0.24299	-0.12474	0.32700	3.85796	51.26429
20357	1.00000	-0.13662	0.00703	0.04767	-0.14626	-0.13662	-0.07076	0.15245	4.87959	56.07256
20377	1.00000	-0.06087	0.15369	0.14870	-0.04301	-0.06087	0.14233	0.16047	5.96565	58.69720
20397	1.00000	0.41298	-0.05906	0.37735	0.23903	0.41298	0.17024	0.25303	0.75472	57.88607
20417	1.00000	0.00038	0.05054	0.01012	-0.05770	0.00038	0.05858	0.11415	1.82697	73.23015
20437	1.00000	0.19056	-0.26697	0.25106	0.11216	0.19056	-0.19825	0.27659	2.92530	54.23180
20457	1.00000	-0.08021	-0.35400	0.43629	0.15215	-0.08021	-0.45507	0.44637	3.96534	51.00145
20477	1.00000	-0.17852	-0.04294	0.22923	-0.05119	-0.17852	-0.15265	0.24324	4.99464	55.34998
20497	1.00000	-0.20915	0.09245	0.19560	-0.07532	-0.20915	-0.01400	0.19757	6.07150	55.49300
20517	1.00000	-0.06731	-0.04455	-0.01626	-0.11145	-0.06731	-0.09031	0.16205	0.88971	56.07241
20537	1.00000	0.00038	0.23750	0.26463	0.07275	0.00038	0.27446	0.23190	1.97884	58.25260
20557	1.00000	0.22441	-0.01554	0.21316	0.13182	0.22441	0.11162	0.17581	3.04495	55.49239
20577	1.00000	0.05679	-0.06389	0.05039	0.04864	0.05679	-0.04099	0.01860	4.10186	69.20174
20597	1.00000	-0.02057	-0.22829	0.22073	0.16609	-0.02057	-0.27548	0.32424	5.15418	55.20769
20617	1.00000	-0.43801	0.01025	0.45486	0.20753	-0.43801	-0.24105	0.45439	6.18501	55.49300
20637	1.00000	-0.27523	0.25523	0.28079	0.12386	-0.27523	0.13581	0.23788	0.94800	53.55544
20657	1.00000	-0.07537	-0.03166	-0.01575	-0.10882	-0.07537	-0.08007	0.15160	2.02179	59.30355
20677	1.00000	0.02455	0.21171	0.24954	0.07224	0.02455	0.25864	0.21872	3.11245	73.78663
20697	1.00000	0.50485	-0.12836	0.48880	0.19086	0.50485	0.14326	0.46599	4.14942	52.06738
20717	1.00000	0.10353	-0.05100	0.08107	-0.06439	0.10353	0.00089	0.11327	5.17565	55.20769
20737	1.00000	0.06323	-0.19928	0.20304	-0.01586	0.06323	-0.19359	0.17660	6.26938	58.54905
20757	1.00000	-0.07537	-0.02037	0.08873	0.04797	-0.07537	-0.06704	0.05460	1.06918	54.92514
20777	1.00000	-0.13340	-0.05422	0.19204	-0.02006	-0.13340	-0.13962	0.18626	2.16138	55.49300
20797	1.00000	-0.31874	0.34065	0.35431	0.14090	-0.31874	0.20932	0.29520	3.22443	54.64518
20817	1.00000	0.17122	0.43091	0.52714	0.32725	0.17122	0.59642	0.52910	4.25833	55.49177
20837	1.00000	0.18895	-0.01232	0.20942	0.02896	0.18895	0.09487	0.21166	5.29837	54.92408
20857	1.00000	0.15349	-0.05422	0.15007	-0.04140	0.15349	0.02601	0.12308	0.09050	54.64578
20877	1.00000	0.07452	-0.03649	0.06364	-0.03878	0.07452	0.00089	0.08687	1.19651	54.92499
20897	1.00000	0.08902	-0.16704	0.14667	-0.08017	0.08902	-0.14149	0.18624	2.25188	54.36909
20917	1.00000	-0.38644	0.05215	0.39716	0.13452	-0.38644	-0.16289	0.37893	3.30419	51.26429
20937	1.00000	-0.43801	0.55179	0.55896	0.16438	-0.43801	0.38426	0.58216	4.33810	50.61372
20957	1.00000	-0.12372	0.12307	0.04806	-0.13413	-0.12372	0.07068	0.14821	5.37047	55.49300
20977	1.00000	0.05518	0.08116	0.13048	-0.04225	0.05518	0.12558	0.13374	0.17641	58.19981
20997	1.00000	-0.05281	0.08922	-0.02974	-0.08465	-0.05281	0.07254	0.10819	1.27167	55.20769
21017	1.00000	0.09547	-0.47488	0.47026	0.17670	0.09547	-0.49322	0.45950	2.27796	43.26625
21037	1.00000	-0.05926	-0.06389	0.10417	-0.06572	-0.05926	-0.10799	0.14783	3.28885	51.00145
21057	1.00000	-0.15435	0.10212	0.13357	-0.08252	-0.15435	0.02880	0.17976	4.31509	55.49300
21077	1.00000	-0.17691	0.10373	-0.02239	-0.17636	-0.17691	0.01764	0.17828	5.35973	55.49300
21097	1.00000	0.14382	0.04087	0.19288	0.02088	0.14382	0.13023	0.17203	0.17487	62.18841
21117	1.00000	0.10836	-0.27341	0.07656	0.26451	0.10836	-0.25315	0.04680	1.24866	55.49300
21137	1.00000	0.15510	-0.20250	0.19334	0.08655	0.15510	-0.14428	0.18260	2.35313	55.34937
21157	1.00000	-0.07376	-0.24763	0.27319	0.19678	-0.07376	-0.32852	0.23182	3.42385	54.78519
21177	1.00000	-0.38644	0.08439	0.33889	0.22421	-0.38644	-0.12567	0.34127	4.46542	51.52922
21197	1.00000	-0.10761	0.10373	0.10607	0.06042	-0.10761	0.05765	0.23617	5.52693	54.92530
21217	1.00000	-0.12695	-0.01070	0.09105	-0.12313	-0.12695	-0.08565	0.15810	0.35435	57.73042
21237	1.00000	0.00521	0.21333	0.21927	0.11877	0.00521	0.24934	0.20996	1.42353	55.78128
21257	1.00000	-0.16402	0.06182	-0.04395	-0.15972	-0.16402	-0.02331	0.16602	2.52033	54.78519
21277	1.00000	0.00844	0.09889	0.05789	-0.10438	0.00844	0.11906	0.12386	3.56037	51.52922
21297	1.00000	0.01166	-0.26858	0.24958	0.17289	0.01166	-0.30340	0.31332	4.58507	51.93179
21317	1.00000	0.20023	-0.13642	0.00580	-0.20448	0.20023	-0.04192	0.20395	5.65272	55.49300
21337	1.00000	-0.16079	-0.02682	0.19266	0.06374	-0.16079	-0.12380	0.13868	0.48014	58.67686
21357	1.00000	-0.18497	0.24878	0.15867	0.20396	-0.18497	0.18048	0.22621	1.54318	55.34967
21377	1.00000	-0.24622	0.24556	0.27880	0.05358	-0.24622	0.14140	0.27350	2.64458	54.78519
21397	1.00000	0.15027	0.42446	0.50696	0.31356	0.15027	0.57688	0.51912	3.69076	54.92530
21417	1.00000	0.40653	-0.07034	0.42872	0.07076	0.40653	0.15349	0.46138	4.71699	50.87196
21437	1.00000	0.12609	-0.08968	0.12481	-0.03559	0.12609	-0.03075	0.14605	5.77237	54.78519
21457	1.00000	0.00360	-0.19605	0.20343	0.09452	0.00360	-0.22430	0.19211	0.56757	58.35797
21477	1.00000	0.21474	-0.12836	-0.00490	-0.21603	0.21474	-0.02424	0.21525	1.65517	54.36879
21497	1.00000	0.99159	-0.58286	-0.68296	-0.72590	0.99159	-0.10054	0.86010	2.73662	-128.15512
21517	1.00000	-0.13823	0.03926	0.08374	-0.11524	-0.13823	-0.03447	0.15796	3.75058	50.61372
21537	1.00000	0.20668	-0.03327	0.16358	0.14998	0.20668	0.08091	0.41362	4.77068	54.50708
21557	1.00000	-0.07054	0.17303	0.00478	-0.17394	-0.07054	0.15908	0.16342	5.85214	54.92530
21577	1.00000	0.10836	-0.04294	0.10913	-0.00079	0.10836	0.01298	0.08752	0.67802	57.26862
21597	1.00000	0.08580	-0.03810	0.06983	-0.05015	0.08580	0.00554	0.10446	1.76868	55.49300
21617	1.00000	-0.05926	-0.26374	0.31483	0.13835	-0.05926	-0.33876	0.31941	2.83940	54.92530
21637	1.00000	-0.54277	0.12629	0.48773	0.29114	-0.54277	-0.16754	0.46523	3.88251	55.49239
21657	1.00000	-0.09955	-0.01554	0.00332	-0.12484	-0.09955	-0.07542	0.12276	4.87652	51.52922
21677	1.00000	0.04873	0.00380	0.05632	-0.01612	0.04873	0.03252	0.07294	5.83373	51.79690
21697	1.00000	0.23569	-0.27664	0.25397	0.15703	0.23569	-0.18336	0.22579	0.65961	57.88607
21717	1.00000	-0.01413	-0.20411	0.18428	0.16031	-0.01413	-0.24384	0.21221	1.73647	56.66436
21737	1.00000	-0.04636	-0.23312	0.28183	0.10148	-0.04636	-0.29595	0.30616	2.83633	55.49300
21757	1.00000	-0.64592	0.16981	0.58678	0.32266	-0.64592	-0.17684	0.57594	3.87637	51.52860
21777	1.00000	0.07452	0.43091	0.52802	0.13764	0.07452	0.54059	0.48491	4.81670	54.92530
21797	1.00000	0.20668	0.01347	0.24548	0.02534	0.20668	0.13488	0.20960	5.87361	55.49300
21817	1.00000	0.12448	-0.05422	0.12482	0.00050	0.12448	0.00926	0.07197	0.67649	57.42175
21837	1.00000	0.06807	-0.01070	0.04444	-0.05817	0.06807	0.02694	0.08001	1.76408	56.07256
21857	1.00000	-0.02863	-0.25891	0.29191	0.12302	-0.02863	-0.31549	0.23951	2.83786	54.92530
21877	1.00000	-0.44768	-0.01715	0.50876	0.13777	-0.44768	-0.27827	0.37706	3.87637	47.68804
21897	1.00000	0.04873	0.40512	0.48481	0.11501	0.04873	0.49593	0.46285	4.81823	51.00206
21917	1.00000	0.16477	0.02475	0.20452	0.02495	0.16477	0.12372	0.22388	5.88128	60.07775
21937	1.00000	0.05034	-0.00426	0.05331	-0.01658	0.05034	0.02415	0.08913	0.68876	57.57569
21957	1.00000	0.21312	-0.21378	0.22470	0.10128	0.21312	-0.12380	0.19140	1.97577	54.92530
21977	1.00000	0.00521	-0.08484	0.07321	0.06069	0.00521	-0.09496	0.11645	2.88542	56.07194
21997	1.00000	-1.13105	0.14402	1.22126	0.15642	-1.13105	-0.48671	1.30368	3.95000	50.48558
22017	1.00000	0.02455	0.23911	0.25236	0.14550	0.02455	0.29028	0.19866	4.84738	55.49300
22037	1.00000	-0.22688	0.09083	-0.06651	-0.21845	-0.22688	-0.02610	0.22896	5.94571	59.45679
22057	1.00000	0.16316	0.02959	0.20326	0.04219	0.16316	0.12837	0.11351	0.74858	58.04252
22077	1.00000	0.09547	-0.06067	0.09427	0.02119	0.09547	-0.01493	0.02800	1.81623	54.64578
22097	1.00000	0.11965	-0.09613	0.12592	-0.01461	0.11965	-0.04192	0.14605	2.91303	54.64578
22117	1.00000	-0.08666	-0.32499	0.41933	0.11194	-0.08666	-0.42530	0.45916	3.96074	51.13284
22137	1.00000	0.01811	-0.13158	0.01049	-0.14224	0.01811	-0.14149	0.15312	4.97623	51.00206
22157	1.00000	-0.13017	0.01992	0.09600	-0.10221	-0.13017	-0.05215	0.14956	6.06689	55.49300
22177	1.00000	-0.00446	0.16820	0.16244	0.10176	-0.00446	0.19164	0.11745	0.86210	56.21920
22197	1.00000	-0.14790	0.07794	-0.00086	-0.14796	-0.14790	0.00461	0.13838	1.95276	54.92499
22217	1.00000	0.01488	0.09728	0.06859	-0.10069	0.01488	0.12092	0.12695	3.00200	54.92530
22237	1.00000	0.45005	-0.51356	0.53368	0.16940	0.45005	-0.33317	0.51413	4.06045	52.06676
22257	1.00000	0.06968	-0.25730	0.25412	-0.07908	0.06968	-0.25687	0.29267	5.08975	50.48558
22277	1.00000	0.05195	-0.17671	0.02744	-0.17956	0.05195	-0.17405	0.17574	6.14513	54.36789
22297	1.00000	-0.35420	0.33582	0.36719	0.15558	-0.35420	0.18327	0.35076	0.95260	55.49285
22317	1.00000	-0.08021	-0.03649	-0.01331	-0.11864	-0.08021	-0.08844	0.16236	2.02792	55.49300
22337	1.00000	0.03745	0.21655	0.26139	0.08293	0.03745	0.27167	0.27197	3.11091	55.49300
22357	1.00000	0.37752	-0.10741	0.36706	0.12881	0.37752	0.09394	0.47421	4.14328	51.66271
22377	1.00000	0.08580	-0.01554	0.04554	-0.07928	0.08580	0.03159	0.09738	5.17412	55.20769
22397	1.00000	0.07291	-0.18799	0.18723	-0.02964	0.07291	-0.17498	0.17676	6.26938	58.54905
22417	1.00000	-0.04153	-0.03166	0.07074	0.01957	-0.04153	-0.06053	0.05214	1.06458	55.20754
22437	1.00000	-0.25427	0.00058	0.28838	0.05322	-0.25427	-0.14614	0.27470	2.16905	35.76649
22457	1.00000	-0.28167	0.32937	0.31423	0.16728	-0.28167	0.21770	0.24139	3.22750	55.49300
22477	1.00000	0.11159	0.35355	0.40747	0.26426	0.11159	0.47266	0.34760	4.26447	51.52798
22497	1.00000	0.50001	-0.08645	0.48643	0.22145	0.50001	0.18885	0.46187	5.31678	55.34998
22517	1.00000	-0.14951	0.30681	-0.08763	-0.29406	-0.14951	0.26795	0.33332	0.12579	54.36909
22537	1.00000	0.21474	-0.22184	0.24304	0.06713	0.21474	-0.13218	0.24090	1.21184	55.78128
22557	1.00000	-0.00123	-0.20733	0.21013	0.11620	-0.00123	-0.24012	0.17997	2.28563	55.63615
22577	1.00000	0.15349	-0.09935	0.00234	-0.15567	0.15349	-0.02610	0.14427	3.36709	53.82404
22597	1.00000	-0.08021	-0.03971	0.09867	-0.07205	-0.08021	-0.09217	0.13723	4.40252	50.35810
22617	1.00000	-0.10761	-0.09613	-0.03931	-0.19999	-0.10761	-0.17312	0.20294	5.46404	56.07132
22637	1.00000	-0.02541	0.19237	0.20423	0.04440	-0.02541	0.20746	0.15846	0.27305	57.88607
22657	1.00000	0.02133	-0.01070	0.00896	0.01936	0.02133	-0.00004	0.01800	1.34837	51.00206
22677	1.00000	0.06807	0.05699	0.11631	-0.04639	0.06807	0.10510	0.12591	2.43750	53.82344
22697	1.00000	0.40814	-0.57803	0.50422	0.31428	0.40814	-0.43181	0.46965	3.49901	54.78519
22717	1.00000	-0.06570	-0.42492	0.52263	0.10282	-0.06570	-0.52858	0.53472	4.52678	50.61372
22737	1.00000	-0.01574	-0.12836	0.07538	-0.13895	-0.01574	-0.15730	0.15927	5.56682	55.49300
22757	1.00000	-0.19625	0.11018	0.19448	-0.02972	-0.19625	0.01391	0.20906	0.37122	58.35793
22777	1.00000	0.00038	0.15369	0.14872	0.09721	0.00038	0.17769	0.08957	1.43427	54.78519
22797	1.00000	-0.11244	0.12952	0.08358	-0.11322	-0.11244	0.08463	0.15212	2.53107	54.50648
22817	1.00000	0.27921	-0.03649	0.29395	0.07562	0.27921	0.11906	0.30004	3.58798	55.49300
22837	1.00000	0.22280	-0.27180	0.28932	0.01558	0.22280	-0.18522	0.33195	4.60501	51.00084
22857	1.00000	0.18250	-0.16221	0.06450	-0.18936	0.18250	-0.08193	0.19466	5.65886	55.06613
22877	1.00000	-0.11728	-0.06228	0.18062	0.02494	-0.11728	-0.13962	0.16056	0.48320	58.04252
22897	1.00000	-0.03347	0.06988	0.01921	0.06721	-0.03347	0.06137	0.22787	1.55239	54.92530
22917	1.00000	0.00038	0.24556	0.27840	0.05485	0.00038	0.28377	0.31322	2.53567	51.00206
22937	1.00000	-0.05281	0.14402	-0.00778	-0.14551	-0.05281	0.13581	0.14532	3.55577	54.92469
22957	1.00000	-0.04636	-0.32015	0.29373	0.27025	-0.04636	-0.39645	0.27558	4.58353	53.82404
22977	1.00000	0.21151	-0.13158	-0.02606	-0.21200	0.21151	-0.02982	0.21719	5.65119	54.92530
22997	1.00000	-0.12534	-0.05583	0.18357	0.02707	-0.12534	-0.13683	0.14533	0.48014	57.88607
23017	1.00000	-0.11889	0.16981	0.09309	0.14732	-0.11889	0.12744	0.19261	1.54779	56.21904
23037	1.00000	-0.24299	0.20043	0.25871	0.02026	-0.24299	0.09115	0.26519	2.64305	55.63677
23057	1.00000	0.06807	0.25201	0.27762	0.19140	0.06807	0.33029	0.21849	3.69996	74.54147
23077	1.00000	0.55320	-0.15898	0.46315	0.33157	0.55320	0.13581	0.47399	4.74153	54.92530
23097	1.00000	0.17767	-0.15415	0.17589	0.07946	0.17767	-0.07542	0.08554	5.81379	73.59910
23117	1.00000	0.19217	-0.23957	0.22231	0.12227	0.19217	-0.16568	0.19221	0.65041	61.19606
23137	1.00000	-0.00768	-0.14125	0.11208	0.12476	-0.00768	-0.16754	0.09324	1.74874	56.66404
23157	1.00000	-0.07376	-0.27664	0.33659	0.15233	-0.07376	-0.36202	0.34862	2.83786	54.36909
23177	1.00000	-0.24299	0.01670	0.26994	0.02860	-0.24299	-0.12101	0.32866	3.85796	51.79690
23197	1.00000	-0.14629	0.03604	0.07640	-0.13191	-0.14629	-0.04285	0.16209	4.88880	56.21935
23217	1.00000	-0.05442	0.16659	0.16638	-0.03433	-0.05442	0.16094	0.16702	5.96565	58.84731
23237	1.00000	0.05840	0.01025	0.06454	0.03632	0.05840	0.04555	0.03527	0.77466	58.51698
23257	1.00000	-0.03508	0.12790	0.03307	-0.12796	-0.03508	0.12744	0.11668	1.86685	54.92530
23277	1.00000	0.33239	-0.47488	0.40573	0.26997	0.33239	-0.35644	0.40635	2.93144	54.92530
23297	1.00000	-0.16885	-0.39913	0.48480	0.32441	-0.16885	-0.55836	0.46160	3.98068	54.78458
23317	1.00000	-0.40255	0.04087	0.43871	0.06225	-0.40255	-0.18522	0.43942	5.00845	51.52922
23337	1.00000	-0.22365	0.15208	0.22737	-0.02185	-0.22365	0.04648	0.22197	6.07763	59.45679
23357	1.00000	-0.04959	0.12952	0.12901	0.02082	-0.04959	0.12092	0.09488	0.86056	54.92514
23377	1.00000	-0.19464	0.08278	-0.04982	-0.18891	-0.19464	-0.01679	0.19757	1.94662	54.92530
23397	1.00000	0.27598	-0.00909	0.30728	0.06238	0.27598	0.14884	0.33416	3.02194	55.49300
23417	1.00000	0.42104	-0.59576	0.55611	0.25662	0.42104	-0.44484	0.54347	4.05585	51.39580
23437	1.00000	0.07935	-0.19283	0.16068	-0.10842	0.07935	-0.17685	0.21607	5.08515	55.34998
23457	1.00000	-0.15435	-0.04455	0.20854	-0.00915	-0.15435	-0.14055	0.17894	6.16814	55.92654
23477	1.00000	-0.13340	0.06988	0.13188	0.02038	-0.13340	0.00368	0.08211	0.97101	55.06598
23497	1.00000	-0.12695	0.03442	0.10028	-0.08475	-0.12695	-0.03354	0.14984	2.05860	54.78519
23517	1.00000	0.08258	0.32615	0.39873	0.16677	0.08258	0.42428	0.38735	3.12165	54.92469
23537	1.00000	0.55159	-0.14770	0.51312	0.25063	0.55159	0.14791	0.55507	4.15555	51.93179
23557	1.00000	0.18573	-0.18960	0.21663	0.00663	0.18573	-0.11171	0.23673	5.18946	55.20769
23577	1.00000	-0.05120	-0.25407	0.29262	0.14585	-0.05120	-0.32294	0.25224	6.27552	59.45679
23597	1.00000	0.10030	-0.05422	-0.01996	-0.09841	0.10030	-0.00470	0.12925	1.08146	51.52906
23617	1.00000	-0.30746	0.03765	0.30966	0.12883	-0.30746	-0.13404	0.26105	2.16905	56.07256
23637	1.00000	-0.20753	0.14886	0.20990	0.04150	-0.20753	0.05206	0.13268	3.23977	54.92530
23657	1.00000	0.00038	0.09567	0.09134	0.06251	0.00038	0.11069	0.05782	4.28748	55.49300
23677	1.00000	0.10192	0.00058	0.09758	0.06637	0.10192	0.05951	0.38363	5.33979	55.49300
23697	1.00000	0.09869	0.06505	0.16147	-0.03333	0.09869	0.13209	0.13288	0.16567	58.99925
23717	1.00000	0.28243	-0.39591	0.30037	0.27571	0.28243	-0.29409	0.32964	1.23179	54.36879
23737	1.00000	0.04712	-0.02521	0.03305	-0.03363	0.04712	-0.00191	0.13913	2.31324	56.07256
23757	1.00000	-0.05120	-0.26374	0.32431	0.09516	-0.05120	-0.33410	0.33169	3.39930	54.92530
23777	1.00000	-0.29296	0.01670	0.32891	-0.00970	-0.29296	-0.14986	0.36918	4.42400	51.52922
23797	1.00000	-0.12211	-0.04777	0.01251	-0.17476	-0.12211	-0.12567	0.16700	5.46711	54.92408
23817	1.00000	0.00521	0.21333	0.23647	0.07917	0.00521	0.24934	0.19451	0.26998	58.67683
23837	1.00000	0.17928	-0.01876	0.11843	0.15752	0.17928	0.08184	0.08853	1.36217	54.92499
23857	1.00000	-0.00768	0.10373	0.05537	-0.10147	-0.00768	0.11534	0.11640	2.43289	54.23180
23877	1.00000	0.32111	-0.42330	0.39772	0.19224	0.32111	-0.30340	0.38912	3.49134	55.20769
23897	1.00000	-0.00607	-0.32015	0.37140	-0.03684	-0.00607	-0.37319	0.41998	4.51604	50.48558
23917	1.00000	0.04873	-0.16543	0.00379	-0.16997	0.04873	-0.16289	0.16354	5.55915	55.49300
23937	1.00000	-0.22849	0.12952	0.22896	0.00921	-0.22849	0.01764	0.18695	0.38810	56.96481
23957	1.00000	-0.10438	-0.08968	-0.02382	-0.19277	-0.10438	-0.16382	0.17953	1.46802	55.49300
23977	1.00000	-0.10277	0.14080	0.10739	-0.09842	-0.10277	0.10324	0.15336	2.53720	54.92469
23997	1.00000	0.31789	-0.05583	0.32626	0.09373	0.31789	0.11906	0.34295	3.58798	35.85939
24017	1.00000	0.15994	-0.18155	0.19717	-0.02141	0.15994	-0.11729	0.22646	4.60194	51.13284
24037	1.00000	0.15510	-0.14286	0.05511	-0.16342	0.15510	-0.07542	0.17521	5.66346	54.50708
24057	1.00000	-0.05281	-0.06711	0.11988	-0.00875	-0.05281	-0.10799	0.13477	0.47860	58.51698
24077	1.00000	0.00199	-0.08968	0.04804	-0.09045	0.00199	-0.10240	0.10779	1.57233	51.66240
24097	1.00000	-0.15435	0.09245	0.14666	-0.05118	-0.15435	0.01764	0.17333	2.63385	56.21935
24117	1.00000	0.06001	0.25040	0.30960	0.11209	0.06001	0.32378	0.33190	3.68002	50.87196
24137	1.00000	0.16316	0.02475	0.19666	-0.05495	0.16316	0.12278	0.22829	4.69705	54.50708
24157	1.00000	0.10514	-0.05100	0.09050	-0.05354	0.10514	0.00182	0.11500	5.76470	54.36909
24177	1.00000	0.07613	-0.14448	0.14349	-0.01738	0.07613	-0.12287	0.12462	0.57371	37.21242
24197	1.00000	0.18573	-0.11385	-0.00731	-0.18716	0.18573	-0.02424	0.18879	1.65977	56.07225
24217	1.00000	-0.35098	0.04571	0.36124	0.12301	-0.35098	-0.14986	0.34854	2.74122	55.49300
24237	1.00000	-0.36548	0.39061	0.40988	0.15223	-0.36548	0.24003	0.40506	3.79200	54.92530
24257	1.00000	0.10353	0.45831	0.56652	0.19136	0.10353	0.58898	0.53480	4.82130	51.52922
24277	1.00000	0.23569	-0.02843	0.23666	0.10095	0.23569	0.10324	0.25136	5.88588	56.07256
24297	1.00000	-0.10277	0.20688	-0.05911	-0.19825	-0.10277	0.17955	0.22981	0.69643	41.34715
24317	1.00000	0.24052	-0.34111	0.30604	0.17089	0.24052	-0.25501	0.30493	1.79169	54.92499
24337	1.00000	-0.04314	-0.19928	0.20672	0.15541	-0.04314	-0.25501	0.18782	2.86087	55.34998
24357	1.00000	0.15510	-0.08807	-0.03596	-0.15135	0.15510	-0.01214	0.15084	3.92852	51.00206
24377	1.00000	-0.02219	-0.00103	0.02437	-0.00971	-0.02219	-0.01400	0.21433	4.97317	55.63677
24397	1.00000	-0.13662	0.02959	0.10982	-0.09274	-0.13662	-0.04471	0.14728	6.06229	59.45679
24417	1.00000	0.10192	0.32453	0.36036	0.26173	0.10192	0.43358	0.36599	0.84676	54.78503
24437	1.00000	0.00199	0.04087	0.04388	-0.02037	0.00199	0.04834	0.08732	1.91748	55.06583
24457	1.00000	0.12609	0.03281	0.16677	-0.01841	0.12609	0.11069	0.18726	3.00814	53.95927
24477	1.00000	0.29532	-0.37012	0.38481	0.07145	0.29532	-0.25687	0.43836	4.04818	55.34998
24497	1.00000	-0.33486	0.05215	0.34644	-0.09911	-0.33486	-0.13311	0.34141	4.94555	39.33295
24517	1.00000	0.00038	0.23750	0.25344	0.10536	0.00038	0.27446	0.17757	5.99173	55.49300
24537	1.00000	-0.12695	0.04087	-0.02493	-0.12717	-0.12695	-0.02610	0.11707	0.81915	57.26862
24557	1.00000	0.31628	-0.02199	0.33003	0.12571	0.31628	0.15721	0.34445	1.88526	56.07256
24577	1.00000	0.04228	0.00058	0.04431	-0.02129	0.04228	0.02508	0.08732	2.96058	54.36849
24597	1.00000	0.13093	-0.13158	0.15072	-0.01597	0.13093	-0.07635	0.17728	4.03284	70.61824
24617	1.00000	0.01166	-0.06873	0.06203	-0.03952	0.01166	-0.07263	0.09001	5.06367	54.92530
24637	1.00000	-0.04959	-0.11224	0.13302	-0.09899	-0.04959	-0.15823	0.15713	6.16200	53.95927
24657	1.00000	-0.29779	0.24717	0.31496	0.04838	-0.29779	0.11348	0.32448	0.94033	55.63661
24677	1.00000	-0.04153	0.17142	0.17159	0.05038	-0.04153	0.17396	0.10871	2.00338	55.63646
24697	1.00000	-0.10600	0.06505	-0.00031	-0.10690	-0.10600	0.01391	0.10927	3.09097	53.82404
24717	1.00000	0.15833	0.00541	0.18373	-0.02909	0.15833	0.09766	0.21736	4.13408	51.52922
24737	1.00000	0.07774	0.05215	-0.02311	-0.12867	0.07774	0.10510	0.13672	5.16338	56.07256
24757	1.00000	0.01811	-0.18316	0.20089	0.01962	0.01811	-0.20104	0.18537	6.26478	55.06613
24777	1.00000	-0.16885	0.01347	0.14314	0.12139	-0.16885	-0.08193	0.11606	1.05691	55.20754
24797	1.00000	0.01811	-0.12191	0.04469	-0.12374	0.01811	-0.13032	0.12173	2.14757	55.63677
24817	1.00000	-0.30101	0.33582	0.35121	0.11411	-0.30101	0.21398	0.33527	3.21676	55.63615
24837	1.00000	0.14543	0.46798	0.59363	0.24183	0.14543	0.62434	0.60046	4.24759	55.49300
24857	1.00000	0.09386	0.07149	0.14406	-0.08216	0.09386	0.13674	0.18231	5.28456	55.63677
24877	1.00000	0.23085	-0.23473	0.25383	0.08851	0.23085	-0.13776	0.22734	0.07977	59.45679
24897	1.00000	-0.01735	-0.12030	0.11177	0.09994	-0.01735	-0.14893	0.07386	1.15969	54.50678
24917	1.00000	0.03100	-0.20572	0.22159	-0.01000	0.03100	-0.21965	0.23089	2.25649	54.09520
24937	1.00000	-0.42834	0.07149	0.42697	0.16822	-0.42834	-0.16475	0.44526	3.31186	55.92654
24957	1.00000	-0.43156	0.53406	0.54347	0.16110	-0.43156	0.36751	0.55789	4.33810	51.13284
24977	1.00000	-0.11405	0.16981	0.12354	-0.12125	-0.11405	0.13023	0.18143	5.37507	54.23180
24997	1.00000	0.20668	0.02637	0.24831	0.05905	0.20668	0.14977	0.25202	0.17641	62.86807
25017	1.00000	0.08902	-0.04294	0.08858	0.00909	0.08902	0.00182	0.05509	1.24866	54.64578
25037	1.00000	0.11159	-0.10580	0.12557	0.00391	0.11159	-0.05774	0.13842	2.34852	54.23180
25057	1.00000	-0.05120	-0.31210	0.36732	0.14047	-0.05120	-0.38994	0.35033	3.40851	54.36909
25077	1.00000	-0.54277	0.11662	0.54963	0.15629	-0.54277	-0.17871	0.59108	4.43014	49.97827
25097	1.00000	-0.16402	0.09245	0.14874	-0.07014	-0.16402	0.01205	0.19022	5.47631	58.25260
25117	1.00000	-0.15757	-0.01715	-0.01431	-0.19208	-0.15757	-0.11078	0.23247	0.29913	36.91396
25137	1.00000	-0.16885	0.05538	-0.05271	-0.16387	-0.16885	-0.03354	0.17191	1.37291	54.64548
25157	1.00000	0.25664	-0.02682	0.25708	0.11619	0.25664	0.11720	0.22417	2.45897	55.49300
25177	1.00000	0.20184	-0.20895	0.20629	0.11722	0.20184	-0.12474	0.11609	3.52509	54.92530
25197	1.00000	-0.09471	-0.33788	0.33190	0.31095	-0.09471	-0.44484	0.30767	4.57586	51.39641
25217	1.00000	-0.21076	0.14886	0.20918	-0.05637	-0.21076	0.05020	0.23241	5.48091	51.66271
25237	1.00000	-0.04636	0.14241	0.14487	-0.01063	-0.04636	0.13767	0.13632	0.26384	60.23483
25257	1.00000	0.16961	-0.05906	0.08627	0.14901	0.16961	0.02973	0.32408	1.35604	55.63677
25277	1.00000	0.15833	0.01347	0.18817	0.03312	0.15833	0.10697	0.16244	2.45130	56.07194
25297	1.00000	0.26792	-0.32821	0.29308	0.19026	0.26792	-0.22430	0.22691	3.51895	54.36909
25317	1.00000	-0.13017	-0.32821	0.37021	0.29350	-0.13017	-0.45414	0.39431	4.56206	55.49300
25337	1.00000	0.07613	-0.09613	0.02580	-0.09810	0.07613	-0.06704	0.14337	5.63278	55.49177
25357	1.00000	-0.03347	-0.10902	0.12112	-0.08678	-0.03347	-0.14521	0.13913	0.44946	58.51698
25377	1.00000	-0.12695	-0.08807	-0.02444	-0.21478	-0.12695	-0.17498	0.21827	1.46342	55.63646
25397	1.00000	0.04873	0.23911	0.28544	0.11595	0.04873	0.30424	0.27224	2.54641	54.50708
25417	1.00000	0.21635	-0.01070	0.22350	0.09755	0.21635	0.11255	0.20579	3.60486	51.52922
25437	1.00000	0.47422	-0.69085	0.59626	0.37933	0.47422	-0.52393	0.58334	4.64489	51.52922
25457	1.00000	-0.23977	-0.04455	0.25729	0.16532	-0.23977	-0.18987	0.22532	5.62818	51.52798
25477	1.00000	-0.07054	-0.03971	0.09504	-0.05863	-0.07054	-0.08658	0.08388	0.42184	57.88607
25497	1.00000	-0.35420	0.44541	0.40489	0.23974	-0.35420	0.30982	0.32534	1.50790	55.63677
25517	1.00000	-0.04475	0.04893	0.04948	-0.02224	-0.04475	0.03066	0.07614	2.58169	55.06613
25537	1.00000	-0.04959	0.14563	0.13751	-0.05491	-0.04959	0.13953	0.16948	3.66928	54.92530
25557	1.00000	0.00199	0.09406	0.02957	-0.10571	0.00199	0.10976	0.11397	4.68631	51.52922
25577	1.00000	0.07129	0.00380	0.03170	-0.07844	0.07129	0.04555	0.08560	5.75396	59.45679
25597	1.00000	-0.02380	-0.19766	0.20524	0.13037	-0.02380	-0.24198	0.19351	0.56911	58.51698
25617	1.00000	0.00521	-0.04616	0.04643	-0.02001	0.00521	-0.05029	0.07396	1.63983	55.49300
25637	1.00000	-0.25589	-0.02521	0.30781	0.04460	-0.25589	-0.17684	0.37789	2.73509	55.63677
25657	1.00000	-0.40900	0.47120	0.45632	0.23211	-0.40900	0.30796	0.42572	3.79047	55.49239
25677	1.00000	0.10353	0.45508	0.56896	0.17171	0.10353	0.58526	0.56395	4.81823	51.52922
25697	1.00000	0.05195	0.04893	0.09692	-0.02801	0.05195	0.08649	0.15137	5.87975	55.49300
25717	1.00000	0.07291	-0.01232	0.07588	-0.01827	0.07291	0.02787	0.08086	0.68722	58.51698
25737	1.00000	0.13899	-0.13642	0.15821	0.01602	0.13899	-0.07728	0.17656	1.77482	55.49300
25757	1.00000	-0.36065	0.37450	0.33008	0.26718	-0.36065	0.22421	0.35262	2.67833	51.00206
25777	1.00000	0.06807	0.22944	0.24413	0.19385	0.06807	0.30424	0.19753	3.70456	55.49300
25797	1.00000	0.31950	-0.07678	0.25385	0.21633	0.31950	0.09580	0.26124	4.75534	55.49300
25817	1.00000	-0.13340	0.24556	-0.06406	-0.23736	-0.13340	0.20653	0.23057	5.84754	54.78519
25837	1.00000	0.14704	-0.11385	0.15401	-0.00829	0.14704	-0.04657	0.17791	0.64274	57.11631
25857	1.00000	-0.05442	-0.26697	0.26707	0.21683	-0.05442	-0.33969	0.22701	1.72419	55.63677
25877	1.00000	0.15994	-0.11869	0.03182	-0.16298	0.15994	-0.04471	0.16182	2.80258	54.50708
25897	1.00000	0.00038	-0.10257	0.03429	-0.11313	0.00038	-0.11822	0.11812	3.83955	55.34998
25917	1.00000	-0.05120	0.07794	0.07884	-0.00755	-0.05120	0.06044	0.05996	4.86885	50.48558
25937	1.00000	-0.13662	0.12307	0.06385	-0.13632	-0.13662	0.06323	0.15541	5.96258	53.82404
25957	1.00000	0.20668	-0.00909	0.20051	0.11978	0.20668	0.10883	0.20873	0.76085	54.48565
25977	1.00000	-0.06087	0.11018	-0.04126	-0.10237	-0.06087	0.09208	0.14339	1.83618	55.34967
25997	1.00000	0.20990	-0.29759	0.27589	0.13199	0.20990	-0.22244	0.29664	2.92530	58.69841
26017	1.00000	-0.11889	-0.38623	0.48187	0.21627	-0.11889	-0.51463	0.45945	3.97454	50.35750
26037	1.00000	-0.25750	-0.00265	0.29883	-0.00325	-0.25750	-0.15172	0.34572	5.00538	50.61372
26057	1.00000	-0.16563	0.09245	0.16009	-0.04385	-0.16563	0.01112	0.16395	6.06689	58.84853
26077	1.00000	0.01972	0.24234	0.25147	0.14815	0.01972	0.29121	0.22131	0.85289	55.63661
26097	1.00000	-0.02380	0.01992	0.00121	-0.02551	-0.02380	0.00926	0.27705	1.93282	54.78488
26117	1.00000	0.30983	0.01670	0.36485	0.04617	0.30983	0.19816	0.25023	3.01581	60.07775
26137	1.00000	0.40331	-0.56191	0.54020	0.20941	0.40331	-0.41599	0.57808	4.05891	49.97887
26157	1.00000	0.12448	-0.15415	0.07605	-0.14482	0.12448	-0.10612	0.17549	5.08054	54.50708
26177	1.00000	-0.20270	-0.02843	0.25057	0.02737	-0.20270	-0.14986	0.20485	6.17274	55.34998
26197	1.00000	-0.16885	0.21494	0.13368	0.18260	-0.16885	0.15070	0.23146	0.97254	55.34983
26217	1.00000	-0.19786	0.16497	0.21202	0.00189	-0.19786	0.07626	0.21437	2.07241	54.92530
26237	1.00000	0.05356	0.28424	0.31495	0.18067	0.05356	0.35914	0.23305	3.12932	55.49239
26257	1.00000	0.65313	-0.16704	0.56258	0.37939	0.65313	0.18420	0.46093	4.04051	51.66271
26277	1.00000	-0.04314	-0.28308	0.28739	0.20738	-0.04314	-0.35178	0.41028	5.14651	54.92530
26297	1.00000	0.08741	-0.14931	0.13386	-0.06775	0.08741	-0.12194	0.14563	6.26324	54.78519
26317	1.00000	-0.27200	0.01186	0.25329	0.17426	-0.27200	-0.14335	0.22543	1.05078	55.49285
26337	1.00000	0.10514	-0.20895	-0.01944	-0.20803	0.10514	-0.18057	0.20603	2.13684	54.92530
26357	1.00000	-0.28167	0.27135	0.31567	0.04891	-0.28167	0.15070	0.31402	3.21369	55.49239
26377	1.00000	0.13093	0.43091	0.55251	0.20093	0.13093	0.57316	0.53774	4.24452	55.49300
26397	1.00000	0.03422	0.10373	0.08783	-0.11370	0.03422	0.13953	0.15314	5.27536	55.49300
26417	1.00000	0.17928	-0.10418	0.17929	-0.01658	0.17928	-0.01679	0.16541	0.08283	55.49300
26437	1.00000	0.00038	-0.11063	0.10323	0.07487	0.00038	-0.12753	0.04393	1.15969	55.78097
26457	1.00000	0.05034	-0.19122	0.19661	-0.02528	0.05034	-0.19173	0.21176	2.25035	55.49300
26477	1.00000	-0.45413	0.05538	0.47126	0.15298	-0.45413	-0.19825	0.44484	3.31033	55.78066
26497	1.00000	-0.40255	0.49699	0.51711	0.10582	-0.40255	0.34146	0.56468	4.33656	50.74251
26517	1.00000	-0.16885	0.09567	-0.02512	-0.16747	-0.16885	0.01298	0.16903	5.36740	55.20769
26537	1.00000	0.23569	-0.01393	0.24942	0.08796	0.23569	0.11999	0.20418	0.18101	58.51697
26557	1.00000	-0.01413	0.04087	-0.00301	-0.04140	-0.01413	0.03904	0.08594	1.26247	55.63677
26577	1.00000	0.22924	-0.22990	0.25460	0.07380	0.22924	-0.13311	0.23272	2.35926	55.49239
26597	1.00000	-0.04636	-0.16704	0.17470	0.14097	-0.04636	-0.21965	0.13451	3.42998	55.49300
26617	1.00000	-0.15435	0.02475	0.12923	0.10385	-0.15435	-0.06053	0.09374	4.47309	51.52922
26637	1.00000	-0.11083	0.14241	0.10280	0.10865	-0.11083	0.10045	0.12356	5.53153	53.95927
26657	1.00000	-0.18175	0.19398	0.18968	0.10595	-0.18175	0.11906	0.18215	0.37736	62.18843
26677	1.00000	-0.09633	-0.09129	-0.02826	-0.18549	-0.09633	-0.16103	0.18514	1.46955	55.63677
26697	1.00000	-0.49764	0.71296	0.33494	-0.65012	-0.49764	0.53594	0.81213	2.38381	52.06738
26717	1.00000	-0.11405	-0.37334	0.43155	0.27149	-0.11405	-0.49695	0.45629	3.41464	51.52922
26737	1.00000	-0.45252	0.09889	0.46323	0.10858	-0.45252	-0.14707	0.49431	4.42860	51.52798
26757	1.00000	-0.10116	-0.10257	-0.05981	-0.19473	-0.10116	-0.17685	0.20223	5.45637	56.07256
26777	1.00000	-0.03025	0.14402	0.15109	0.01542	-0.03025	0.14884	0.14706	0.26998	58.67683
26797	1.00000	0.22763	-0.06228	0.15899	0.17342	0.22763	0.05951	0.12944	1.34530	55.49300
26817	1.00000	-0.07698	0.13757	-0.01522	-0.13705	-0.07698	0.11441	0.11920	2.42676	55.49300
26837	1.00000	0.33239	-0.46843	0.41828	0.23938	0.33239	-0.34899	0.42173	3.49748	55.49300
26857	1.00000	-0.07215	-0.37173	0.47286	0.05767	-0.07215	-0.47089	0.49262	4.52371	50.48558
26877	1.00000	0.02778	-0.13642	0.02435	-0.14210	0.02778	-0.14149	0.15339	5.56528	54.92530
26897	1.00000	-0.20592	0.11018	0.20130	-0.04411	-0.20592	0.00833	0.21145	0.36816	41.45898
26917	1.00000	0.02455	0.17787	0.17064	0.14030	0.02455	0.21956	0.12294	1.43581	55.06613
26937	1.00000	-0.11889	0.07794	0.01824	-0.11941	-0.11889	0.02136	0.11317	2.52186	54.23120
26957	1.00000	0.25342	-0.03810	0.26201	0.07766	0.25342	0.10231	0.27101	3.58491	51.52922
26977	1.00000	0.17928	-0.21862	0.23291	0.00852	0.17928	-0.14893	0.25379	4.60348	55.49177
26997	1.00000	0.15510	-0.12997	0.03211	-0.16336	0.15510	-0.06053	0.16893	5.65886	55.49300
27017	1.00000	-0.12050	-0.03810	0.16558	0.00008	-0.12050	-0.11357	0.15882	0.46019	57.73046
27037	1.00000	-0.16885	0.18915	0.16660	0.12399	-0.16885	0.12092	0.16191	1.53398	55.49269
27057	1.00000	-0.09149	-0.05100	0.01466	-0.14364	-0.09149	-0.11171	0.12491	2.62311	55.34937
27077	1.00000	0.09386	0.25201	0.32768	0.14345	0.09386	0.34518	0.34535	3.67849	55.49300
27097	1.00000	0.11320	0.02959	0.14166	-0.05148	0.11320	0.09952	0.17443	4.69705	51.13284
27117	1.00000	0.07291	0.00541	0.03139	-0.08165	0.07291	0.04834	0.08494	5.75550	55.49300
27137	1.00000	0.01811	-0.15415	0.15667	0.06205	0.01811	-0.16754	0.12524	0.57064	58.51698
27157	1.00000	0.07291	-0.04777	-0.01180	-0.07312	0.07291	-0.01307	0.11230	1.64596	55.34998
27177	1.00000	-0.27523	0.03281	0.28861	0.08417	-0.27523	-0.12101	0.41487	2.73816	55.63677
27197	1.00000	-0.46380	0.57435	0.55822	0.24463	-0.46380	0.39543	0.53517	3.78893	50.61372
27217	1.00000	0.45649	-0.09935	0.44620	0.17726	0.45649	0.14884	0.45071	4.72619	55.20769
27237	1.00000	0.25019	-0.34433	0.31892	0.15798	0.25019	-0.25315	0.28066	5.78771	59.45679
27257	1.00000	0.00521	-0.15092	0.13390	0.10689	0.00521	-0.17126	0.09674	0.59058	58.51698
27277	1.00000	-0.04959	-0.26858	0.29479	0.17409	-0.04959	-0.33876	0.25861	1.70579	55.49269
27297	1.00000	-0.20592	0.00058	0.21054	0.10975	-0.20592	-0.11822	0.15584	2.76730	54.78519
27317	1.00000	0.01488	-0.09774	0.01459	-0.10430	0.01488	-0.10426	0.10919	3.83955	55.34998
27337	1.00000	-0.04959	0.02637	0.03046	-0.03917	-0.04959	0.00182	0.06159	4.87192	54.23180
27357	1.00000	-0.10277	0.11823	0.08106	-0.09973	-0.10277	0.07719	0.12853	5.96719	58.99943
27377	1.00000	0.14543	0.00703	0.15027	0.08393	0.14543	0.09208	0.13646	0.76546	41.79796
27397	1.00000	-0.55728	0.84190	-0.42887	-0.74132	-0.55728	0.65039	0.86368	1.79016	42.93567
27417	1.00000	-0.47992	0.09245	0.40730	0.30566	-0.47992	-0.17033	0.43485	2.75963	51.52922
27437	1.00000	-0.25750	0.24556	0.27223	0.10191	-0.25750	0.13488	0.19566	3.80274	54.36849
27457	1.00000	0.09547	0.32776	0.37349	0.23995	0.09547	0.43358	0.34847	4.83971	55.49300
27477	1.00000	-0.04959	0.03765	-0.00479	-0.05153	-0.04959	0.01484	0.10101	5.92884	55.06613
27497	1.00000	0.10353	0.03120	0.14081	0.00805	0.10353	0.09580	0.14040	0.74091	58.51698
27517	1.00000	0.24214	-0.29920	0.26195	0.17976	0.24214	-0.20569	0.23154	1.81010	54.23180
27537	1.00000	0.03422	0.09406	-0.06319	-0.11686	0.03422	0.12837	0.13305	2.89155	55.78128
27557	1.00000	-0.03186	-0.24118	0.29710	0.02958	-0.03186	-0.29688	0.34081	3.95767	50.74251
27577	1.00000	0.03100	-0.13481	0.00187	-0.14119	0.03100	-0.13776	0.15019	4.97317	54.50708
27597	1.00000	-0.13017	0.03926	0.10943	-0.07652	-0.13017	-0.02982	0.17236	6.06383	55.34998
27617	1.00000	0.00360	0.13435	0.12926	0.08954	0.00360	0.15721	0.10417	0.87130	56.07241
27637	1.00000	-0.14629	0.06827	-0.01103	-0.14597	-0.14629	-0.00563	0.14191	1.95276	54.92499
27657	1.00000	0.25019	-0.03488	0.25119	0.10170	0.25019	0.10417	0.23116	3.02348	56.07256
27677	1.00000	0.48067	-0.63444	0.60214	0.27479	0.48067	-0.45507	0.60967	4.06812	54.92469
27697	1.00000	0.05034	-0.25407	0.26010	-0.06885	0.05034	-0.26431	0.30401	5.09435	54.36909
27717	1.00000	-0.13017	-0.08484	0.21164	-0.04608	-0.13017	-0.17312	0.21679	6.17121	55.63677
27737	1.00000	-0.32035	0.30842	0.33724	0.13481	-0.32035	0.17117	0.32051	0.94340	54.92514
27757	1.00000	-0.05120	0.06505	0.06566	-0.01959	-0.05120	0.04555	0.08365	2.01258	59.30325
27777	1.00000	-0.02380	0.15369	0.16474	-0.01523	-0.02380	0.16373	0.19057	3.10938	54.92530
27797	1.00000	0.23730	-0.03810	0.25342	0.02708	0.23730	0.09301	0.28976	4.13408	54.92530
27817	1.00000	0.08258	0.06505	-0.03265	-0.14432	0.08258	0.12279	0.13950	5.16491	56.07256
27837	1.00000	0.00038	-0.19283	0.21789	0.04470	0.00038	-0.22244	0.19375	6.26785	54.50708
27857	1.00000	-0.10277	-0.01070	0.10483	0.06864	-0.10277	-0.07170	0.05640	1.06151	55.49285
27877	1.00000	0.17606	-0.18477	0.17894	-0.10703	0.17606	-0.11171	0.44533	2.28103	389.39499
27897	1.00000	-0.11405	-0.03810	0.02040	-0.15702	-0.11405	-0.10985	0.15793	3.17994	51.52922
27917	1.00000	-0.02541	0.08761	0.07687	-0.04709	-0.02541	0.08649	0.10691	4.21538	51.52922
27937	1.00000	-0.07215	0.12468	-0.05636	-0.11179	-0.07215	0.10231	0.14714	5.25849	54.92530
27957	1.00000	0.05679	0.06021	-0.00390	-0.11695	0.05679	0.10231	0.10299	0.05829	59.30355
27977	1.00000	-0.11083	-0.33466	0.36378	0.28776	-0.11083	-0.45042	0.41876	1.14128	55.49300
27997	1.00000	0.00038	-0.05422	0.05746	-0.02431	0.00038	-0.06239	0.08483	2.21200	55.06613
28017	1.00000	-0.23171	0.01347	0.25709	0.03950	-0.23171	-0.11822	0.25805	3.30266	54.36849
28037	1.00000	-0.29618	0.32776	0.36128	0.01512	-0.29618	0.20746	0.40354	4.32583	55.49300
28057	1.00000	-0.19464	0.09406	-0.05982	-0.18525	-0.19464	-0.00377	0.18959	5.36126	55.49300
28077	1.00000	0.05518	0.06505	0.11492	-0.03574	0.05518	0.10697	0.15831	0.17181	63.38764
28097	1.00000	0.25986	-0.34594	0.26289	0.24620	0.25986	-0.24943	0.28392	1.24406	54.78488
28117	1.00000	0.05518	0.11985	-0.06458	-0.16690	0.05518	0.17024	0.17177	2.32091	55.49300
28137	1.00000	-0.02702	-0.25891	0.30696	0.07383	-0.02702	-0.31456	0.29060	3.40084	55.63677
28157	1.00000	-0.28812	0.03604	0.31376	0.01092	-0.28812	-0.12474	0.35791	4.42553	51.39641
28177	1.00000	-0.10761	-0.06067	0.00298	-0.17041	-0.10761	-0.13218	0.16385	5.46404	55.63553
28197	1.00000	0.12770	-0.01070	0.09337	0.10656	0.12770	0.06137	0.10732	0.21629	57.57569
28217	1.00000	0.12287	0.00380	0.14257	0.02103	0.12287	0.07533	0.16603	1.30235	55.92654
28237	1.00000	0.30177	-0.37656	0.34949	0.19185	0.30177	-0.26059	0.34667	2.37000	54.78458
28257	1.00000	-0.08988	-0.23473	0.21861	0.25413	-0.08988	-0.32294	0.20953	3.43458	54.50708
28277	1.00000	0.08580	-0.13964	0.08320	-0.11365	0.08580	-0.11171	0.15331	4.49610	55.34998
28297	1.00000	0.08096	-0.18638	-0.02203	-0.18560	0.08096	-0.16847	0.18730	5.55454	73.97390
28317	1.00000	-0.10600	-0.07356	0.10054	-0.14993	-0.10600	-0.14614	0.21415	0.38196	57.88607
28337	1.00000	-0.02541	-0.00748	-0.00105	-0.03446	-0.02541	-0.02331	0.09082	1.45575	54.64548
28357	1.00000	0.01166	0.19560	0.22776	0.04846	0.01166	0.23259	0.23050	2.54794	55.06552
28377	1.00000	0.35979	-0.08645	0.32036	0.19608	0.35979	0.10790	0.23370	3.59872	54.92530
28397	1.00000	0.39847	-0.42008	0.47151	0.03845	0.39847	-0.25501	0.59474	4.62495	54.36909
28417	1.00000	0.13737	-0.15576	0.08972	-0.14467	0.13737	-0.10054	0.17530	5.66806	58.10550
28437	1.00000	-0.09955	-0.04455	0.14519	0.02628	-0.09955	-0.10892	0.11322	0.47707	57.57569
28457	1.00000	0.06968	-0.14125	-0.01068	-0.14085	0.06968	-0.12287	0.13583	1.56619	54.92499
28477	1.00000	-0.25589	0.29875	0.29410	0.13366	-0.25589	0.19723	0.27591	2.64765	55.06613
28497	1.00000	0.08902	0.24878	0.28764	0.19966	0.08902	0.33867	0.26153	3.70303	54.92530
28517	1.00000	0.75950	-0.21862	0.66481	0.41156	0.75950	0.18606	0.59226	4.73693	56.07256
28537	1.00000	0.30660	-0.32177	0.33869	0.13093	0.30660	-0.19453	0.27560	5.80152	55.49177
28557	1.00000	0.07774	0.14241	-0.05697	-0.21591	0.07774	0.20932	0.21278	0.61359	58.67686
28577	1.00000	-0.06087	-0.29598	0.34963	0.15331	-0.06087	-0.37691	0.36202	1.69965	55.34998
28597	1.00000	-0.25911	0.00380	0.26426	0.13558	-0.25911	-0.14521	0.20235	2.75656	55.63677
28617	1.00000	-0.04314	0.07149	0.03431	0.06330	-0.04314	0.05765	0.13580	3.82115	51.00206
28637	1.00000	-0.00123	0.09245	0.09066	0.05499	-0.00123	0.10604	0.04586	4.86579	55.49300
28657	1.00000	0.42426	-0.01393	0.45475	0.15989	0.42426	0.22887	0.45311	5.87975	51.00206
28677	1.00000	0.21474	-0.28631	0.25017	0.16190	0.21474	-0.20662	0.25272	0.64887	58.35797
28697	1.00000	-0.00768	-0.26858	0.28384	0.13581	-0.00768	-0.31456	0.23386	1.71346	54.50678
28717	1.00000	0.08580	-0.05100	-0.01635	-0.08474	0.08580	-0.00935	0.11123	2.79031	59.45617
28737	1.00000	-0.18819	-0.00909	0.22248	-0.01057	-0.18819	-0.11915	0.24155	3.85950	54.92530
28757	1.00000	-0.07698	0.03926	0.04778	-0.06037	-0.07698	0.00089	0.08530	4.87499	56.07256
28777	1.00000	-0.11083	0.12146	0.07862	-0.10916	-0.11083	0.07626	0.14769	5.96565	58.25260
28797	1.00000	0.14543	0.01670	0.17336	0.04188	0.14543	0.10324	0.14950	0.74551	58.35797
28817	1.00000	0.24214	-0.27019	0.24805	0.16353	0.24214	-0.17219	0.21147	1.80856	58.10550
28837	1.00000	0.02939	0.07472	-0.03959	-0.09977	0.02939	0.10324	0.10396	2.89462	55.34998
28857	1.00000	-0.02541	-0.24763	0.29923	0.03829	-0.02541	-0.30061	0.33738	3.95307	70.61824
28877	1.00000	-0.16885	0.22783	0.15152	0.18157	-0.16885	0.16559	0.28058	4.96703	55.20647
28897	1.00000	-0.13017	0.01025	0.08744	-0.11535	-0.13017	-0.06332	0.12673	6.06229	58.54905
28917	1.00000	0.06162	0.11179	0.14475	0.09979	0.06162	0.16466	0.15385	0.82221	49.97932
28937	1.00000	0.13093	0.01992	0.15496	0.05337	0.13093	0.09859	0.13908	1.90060	56.07256
28957	1.00000	-0.11728	0.18593	-0.06446	-0.17664	-0.11728	0.14698	0.18282	2.98973	55.49300
28977	1.00000	0.20184	-0.23312	0.25253	0.01634	0.20184	-0.15265	0.29179	4.03897	55.49300
28997	1.00000	-0.03025	-0.05100	0.08210	0.00162	-0.03025	-0.07635	0.06021	5.06060	74.54147
29017	1.00000	-0.02380	-0.12191	0.10222	-0.11827	-0.02380	-0.15451	0.16516	6.15740	55.06491
29037	1.00000	-0.19464	0.17464	0.21305	0.02144	-0.19464	0.08929	0.23210	0.92959	55.06598
29057	1.00000	0.06968	0.32776	0.37599	0.19692	0.06968	0.41869	0.35130	1.98344	55.34998
29077	1.00000	0.09547	-0.01876	0.07430	0.06865	0.09547	0.03345	0.01103	3.05262	55.49300
29097	1.00000	-0.02863	0.08761	-0.01036	-0.08874	-0.02863	0.08463	0.08197	4.11720	50.35750
29117	1.00000	-0.01574	-0.21217	0.20013	0.15731	-0.01574	-0.25408	0.28378	5.15571	55.49300
29137	1.00000	0.04228	-0.14931	0.15272	-0.01917	0.04228	-0.14800	0.15599	6.26324	58.84853
29157	1.00000	-0.29134	0.03926	0.25080	0.19255	-0.29134	-0.12287	0.21638	1.04924	51.52906
29177	1.00000	0.12126	-0.21217	-0.04697	-0.20763	0.12126	-0.17498	0.21628	2.13223	59.61082
29197	1.00000	-0.29940	0.31486	0.34271	0.09240	-0.29940	0.19071	0.33915	3.21062	55.63615
29217	1.00000	0.02778	0.27135	0.33051	0.00194	0.02778	0.32936	0.38002	4.22765	51.00206
29237	1.00000	-0.09794	0.17948	-0.04918	-0.17286	-0.09794	0.15070	0.17152	5.26462	55.49300
29257	1.00000	0.14704	-0.05100	0.13367	-0.06656	0.14704	0.02601	0.15743	0.08130	59.45679
29277	1.00000	-0.08021	-0.26858	0.26718	0.24915	-0.08021	-0.35644	0.28212	1.14435	54.92499
29297	1.00000	0.20829	-0.10902	-0.02372	-0.20700	0.20829	-0.00563	0.19884	2.23501	53.82404
29317	1.00000	-0.33808	0.04087	0.35298	0.10769	-0.33808	-0.14800	0.34887	3.30266	55.49239
29337	1.00000	-0.36065	0.43252	0.46071	0.05091	-0.36065	0.29121	0.47609	4.33196	51.52922
29357	1.00000	-0.17530	0.08278	-0.05322	-0.16711	-0.17530	-0.00563	0.17815	5.36280	55.49300
29377	1.00000	0.15671	0.01025	0.18140	0.04601	0.15671	0.10231	0.12546	0.17487	63.04031
29397	1.00000	0.19862	-0.24763	0.19190	0.17874	0.19862	-0.17126	0.16258	1.24252	54.64548
29417	1.00000	0.05195	-0.00748	0.03474	-0.04414	0.05195	0.02136	0.05783	2.33625	54.92530
29437	1.00000	0.05356	0.00058	-0.03435	-0.05184	0.05356	0.03159	