--- Terminal on /dev/ttyUSB0 | 115200 8-N-1
--- Available filters and text transformations: colorize, debug, default, direct, esp32_exception_decoder, hexlify, log2file, nocontrol, printable, send_on_enter, time
--- More details at https://bit.ly/pio-monitor-filters
--- Quit: Ctrl+C | Menu: Ctrl+T | Help: Ctrl+T followed by Ctrl+H
MOT: Init
MOT: Enable driver.
MOT: Align sensor.
MOT: sensor_direction==CCW
MOT: PP check: OK!
MOT: Zero elec. angle: 0.24
MOT: Align current sense.
CS: Inv B
MOT: Success: 3
MOT: Ready.
0	-0.01000		0.01588	-0.02432	0.01437	-0.04318
8379	-0.55000		0.00482	-0.00567	0.02423	1.25582
8399	-1.09000		0.00956	-0.02505	0.04299	0.62842
8419	-1.64000		0.06522	-0.03242	0.02870	-0.62855
8439	-2.18000		0.07348	-0.03812	0.07831	-1.25505
8459	-2.71000		0.08435	0.00688	0.06476	-3.23252
8479	-3.24000		0.04981	0.05634	0.02231	-5.28352
8499	-3.75000		0.05555	0.03069	0.03663	-2.05706
8519	-4.28000		0.04085	0.06210	0.06453	-2.51112
8539	-4.81002		0.18659	0.11211	0.05685	-7.27455
8559	-5.31003		0.00577	-0.01458	0.07909	-7.24172
8579	-5.82004		0.06891	-0.00646	0.08775	-4.40716
8599	-6.31005		0.05569	-0.00392	0.10623	-6.74491
8619	-6.81006		0.01626	0.00711	0.05168	-10.41943
8639	-7.30007		0.01144	-0.03193	0.08816	-10.02803
8659	-7.80008		0.02267	-0.02452	0.04469	-2.93914
8679	-8.28009		-0.13418	0.13682	0.11645	-6.37895
8699	-8.78011		0.05564	0.00939	0.03117	-10.85644
8719	-9.27012		0.04659	-0.01903	0.08724	-11.93634
8739	-9.76013		0.07660	0.01091	0.08257	-7.89087
8759	-10.25014		0.02213	0.04344	0.06700	-7.90714
8779	-10.74015		0.04819	0.05398	0.06913	-14.44034
8799	-11.23016		0.03182	0.03124	0.09149	-10.18861
8819	-11.72017		0.03999	0.06165	0.03760	-11.82550
8839	-12.21018		0.09517	0.04160	0.05497	-11.86893
8859	-12.71020		0.07115	0.02702	0.09033	-11.84299
8879	-13.20021		0.06959	0.01147	0.03080	-15.31480
8899	-13.70022		0.00646	-0.00620	0.09892	-12.80013
8919	-14.19023		0.03756	-0.06944	0.10901	-12.90645
8939	-14.68024		0.08188	-0.02614	0.11950	-12.69250
8959	-15.17025		0.10575	-0.12624	0.14148	-16.11835
8979	-15.66026		0.07825	-0.00202	0.10929	-16.09828
8999	-16.15027		0.07933	0.01013	0.09877	-18.43437
9019	-16.65029		0.05333	0.07746	0.06235	-15.67796
9039	-17.14030		0.06304	0.11556	0.23283	-14.93530
9059	-17.63031		0.09054	0.11491	0.08799	-15.84037
9079	-18.16032		0.04904	0.09387	0.11656	-18.92691
9099	-18.67033		0.11520	0.07131	0.11503	-21.80342
9119	-19.16034		0.07332	-0.01140	0.09888	-20.86428
9139	-19.65035		0.06648	0.05039	0.08229	-19.23588
9159	-20.14037		0.05352	0.11487	0.15718	-20.91375
9179	-20.63038		0.07720	0.05668	0.13732	-19.55669
9199	-21.12039		0.05643	0.13880	0.16504	-18.09450
9219	-21.62040		0.03741	0.14005	0.31356	-3.04357
9239	-22.11041		0.17488	0.08211	0.20326	-24.38274
9259	-22.60042		0.18128	-0.04756	0.12165	-28.07364
9279	-23.09043		0.04940	-0.07943	0.08879	-25.81737
9299	-23.58044		0.05732	0.01333	0.00438	-21.10561
9319	-24.07046		0.02467	0.10856	0.14560	-22.46923
9339	-24.56047		0.04633	0.17620	0.21273	-20.71614
9359	-25.06048		0.11806	0.21034	0.20945	-21.66457
9379	-25.59049		0.10220	0.19715	0.25208	-25.09763
9399	-26.08050		0.13712	0.15229	0.22811	-28.82163
9419	-26.57051		0.07498	0.16087	0.17895	-25.53565
9439	-27.06052		0.06949	0.21488	0.28558	-26.93878
9459	-27.56054		0.18820	0.29561	0.23247	-24.70225
9479	-28.05055		0.17743	0.29165	0.33383	-25.48449
9499	-28.54056		0.18314	0.22005	0.27477	-32.02783
9519	-29.04057		0.14476	0.11819	0.18503	-36.61190
9539	-29.53058		0.07460	0.19645	0.15363	-31.83675
9559	-30.02059		0.04804	0.16784	0.21131	-24.89834
9579	-30.51060		0.14786	0.23039	0.28570	-23.37729
9599	-31.03061		0.18641	0.28683	0.37393	-28.45751
9619	-31.53063		0.17061	0.25508	0.31449	-34.57806
9639	-32.02063		0.14894	0.28871	0.29372	-33.14724
9659	-32.51055		0.23824	0.30753	0.43821	-28.83883
9679	-33.00047		0.26722	0.35692	0.44969	-28.97179
9699	-33.50039		0.27271	0.34105	0.43099	-33.85800
9719	-33.99030		0.19049	0.35467	0.36397	-40.68426
9739	-34.48022		0.17507	0.30167	0.34127	-36.60392
9759	-34.98014		0.22001	0.29758	0.33135	-31.24945
9779	-35.47005		0.30472	0.31270	0.46098	-29.07727
9799	-35.98997		0.29132	0.38580	0.49965	-35.30665
9819	-36.47989		0.13247	0.38573	0.42065	-40.72247
9839	-36.96980		0.28808	0.42312	0.49718	-32.64438
9859	-37.46972		0.32348	0.48536	0.63505	-34.15623
9879	-37.95964		0.33727	0.45932	0.57938	-37.38453
9899	-38.44955		0.26542	0.51929	0.58019	-46.94614
9919	-38.93947		0.28352	0.41850	0.48822	-43.16330
9939	-39.42939		0.31865	0.51537	0.45458	-33.77459
9959	-39.93930		0.32737	0.59810	0.66422	-39.20140
9979	-40.43922		0.42026	0.45097	0.64657	-42.94531
9999	-40.92914		0.30668	0.46272	0.69857	-41.45887
10019	-41.41906		0.15971	0.61631	0.61090	-36.28905
10039	-41.91897		0.37788	0.70782	0.77957	-39.35628
10059	-42.40889		0.13168	0.41978	0.45547	-48.65918
10079	-42.89881		0.31642	0.52876	0.68229	-44.92703
10099	-43.38873		0.48209	0.59498	0.78564	-36.95971
10119	-43.90864		0.50607	0.47553	0.74443	-40.44737
10139	-44.39856		0.53074	0.49294	0.75741	-44.81916
10159	-44.88847		0.58890	0.85431	0.98613	-41.18279
10179	-45.38839		0.55560	0.66546	0.90775	-38.86984
10199	-45.87831		0.21164	0.60106	0.57761	-46.70627
10219	-46.36823		0.15474	0.53277	0.50303	-48.19426
10239	-46.85814		0.62197	0.53995	0.84949	-41.89381
10259	-47.36806		0.61496	0.81776	0.95198	-40.36792
10279	-47.86797		0.48024	0.82821	0.87938	-45.71266
10299	-48.35789		0.40151	0.87322	0.86261	-43.24507
10319	-48.84781		0.54900	0.53440	0.79004	-40.04374
10339	-49.34772		0.34861	0.64871	0.60716	-43.64492
10359	-49.83764		0.23171	0.62926	0.68779	-48.86266
10379	-50.00000		0.53788	0.70186	0.90193	-44.45877
10399	-50.00000		0.52272	0.68464	0.91079	-39.83233
10419	-50.00000		0.46960	0.87301	0.93032	-44.76541
10439	-50.00000		0.31067	0.55763	0.58581	-44.33991
10459	-50.00000		0.57901	0.92983	1.00320	-40.63929
10479	-50.00000		0.46096	0.53784	0.67853	-42.08160
10499	-50.00000		0.31189	0.72506	0.85155	-49.03834
10519	-50.00000		0.53023	0.75941	0.92433	-45.47861
10539	-50.00000		0.66938	0.70669	0.94733	-39.89147
10559	-50.00000		0.43645	0.75555	0.89351	-42.89084
10579	-50.00000		0.42255	0.53938	0.81891	-45.56382
10599	-50.00000		0.62909	0.47731	0.82846	-41.34394
10619	-50.00000		0.61845	0.97747	1.07454	-40.64944
10639	-50.00000		0.25686	0.69260	0.79249	-46.80874
10659	-50.00000		0.10081	0.68171	0.64086	-48.18627
10679	-50.00000		0.44244	0.67533	0.83499	-41.51711
10699	-50.00000		0.57805	0.65035	0.93020	-41.35334
10719	-50.00000		0.58463	0.68026	0.90828	-45.08104
10739	-50.00000		0.48759	1.00221	1.13595	-42.49930
10759	-50.00000		0.66409	0.53159	0.87786	-40.23953
10779	-50.00000		0.27671	0.42757	0.49554	-44.74361
10799	-50.00000		0.29018	0.54314	0.65608	-47.87934
10819	-50.00000		0.39670	0.80482	0.94330	-44.05372
10839	-50.00000		0.59656	0.61795	0.87222	-39.32502
10859	-50.00000		0.26070	0.46841	0.52439	-45.36217
10879	-50.00000		0.50930	0.73160	0.92771	-44.25534
10899	-50.00000		0.44085	0.73304	0.88661	-40.16621
10919	-50.00000		0.65274	0.66356	0.92464	-43.52151
10939	-50.00000		0.23355	0.24351	0.35109	-49.21700
10959	-50.00000		0.42602	0.38063	0.56264	-34.11554
10979	-50.00000		0.51971	0.92242	0.93002	-40.02760
10999	-50.00000		0.54297	0.38739	0.67896	-42.56745
11019	-50.00000		0.41330	0.90803	0.91667	-45.77675
11039	-50.00000		0.76469	0.61374	0.95215	-2.13902
11059	-50.00000		0.48346	0.80143	0.93032	-40.84922
11079	-50.00000		0.19551	0.40941	0.41205	-47.46151
11099	-50.00000		0.24204	0.40791	0.46138	-47.23715
11119	-50.00000		0.63030	0.74887	1.05569	-40.71978
11139	-50.00000		0.57105	0.93234	1.09989	-41.31008
11159	-50.00000		0.32563	0.62027	0.63391	-46.51221
11179	-50.00000		0.44394	0.54086	0.68011	-42.57657
11199	-50.00000		0.62214	0.83665	0.95720	-40.48174
11219	-50.00000		0.47888	0.57331	0.78044	-46.05907
11239	-50.00000		0.45269	0.58567	0.77134	-49.07032
11259	-50.00000		0.40702	0.68248	0.69520	-43.05161
11279	-50.00000		0.71229	0.50406	0.88959	-39.19994
11299	-50.00000		0.47125	0.38826	0.65309	-45.20695
11319	-50.00000		0.56408	0.99193	0.96632	-43.81936
11339	-50.00000		0.63762	0.54407	0.87130	-40.19165
11359	-50.00000		0.31831	0.60691	0.70214	-42.98474
11379	-50.00000		0.21963	0.67098	0.69937	-49.43403
11399	-50.00000		0.58396	0.76769	0.93048	-45.45129
11419	-50.00000		0.48345	0.58720	0.84954	-39.34860
11439	-50.00000		0.52547	0.94408	1.08945	-44.05365
11459	-50.00000		0.28071	0.56286	0.64627	-44.53892
11479	-50.00000		0.51974	0.86171	1.01710	-41.23606
11499	-50.00000		0.26348	0.69039	0.71898	-48.22308
11519	-50.00000		0.31850	0.75088	0.80363	-48.08096
11539	-50.00000		0.22789	0.61347	0.66883	-46.99284
11559	-50.00000		0.55202	0.88058	0.98792	-40.07232
11579	-50.00000		0.38421	0.60448	0.64282	-42.55193
11599	-50.00000		0.59013	0.64831	0.89784	-45.89615
11619	-50.00000		0.63039	0.70684	0.93136	-42.01420
11639	-50.00000		0.53155	0.82276	1.03330	-39.94267
11659	-50.00000		0.39821	0.85369	0.82735	-46.53034
11679	-50.00000		0.33862	0.89489	0.83968	-48.70266
11699	-50.00000		0.55856	0.46809	0.74671	-41.64791
11719	-50.00000		0.73060	0.58722	0.93020	-40.23956
11739	-50.00000		0.52535	0.63040	0.85005	-45.85941
11759	-50.00000		0.38339	0.78887	0.84231	-43.35697
11779	-50.00000		0.70575	0.52012	0.89955	-39.42763
11799	-50.00000		0.31537	0.52455	0.51967	-44.28178
11819	-50.00000		0.13597	0.45358	0.41331	-49.11911
11839	-50.00000		0.34819	0.84132	0.84545	-44.42744
11859	-50.00000		0.58520	0.63768	0.83458	-38.36524
11879	-50.00000		0.46069	0.93836	0.91250	-45.07202
11899	-50.00000		0.30850	0.70617	0.70767	-44.85684
11919	-50.00000		0.69722	0.80045	1.05343	-40.83658
11939	-50.00000		0.45064	0.83320	0.83519	-41.50841
11959	-50.00000		0.50538	0.53027	0.75620	-47.71563
11979	-50.00000		0.53112	0.56273	0.80476	-46.34566
11999	-50.00000		0.58756	0.60733	0.86644	-39.94266
12019	-50.00000		0.38508	0.61805	0.69555	-42.71443
12039	-50.00000		0.41474	0.66780	0.89071	-45.67235
12059	-50.00000		0.61661	0.50856	0.82476	-41.37674
12079	-50.00000		0.48386	0.78606	0.92455	-40.23154
12099	-50.00000		0.18593	0.38942	0.44648	-47.40511
12119	-50.00000		0.13733	0.47424	0.45699	-47.14727
12139	-50.00000		0.59069	0.73390	1.01116	-41.55804
12159	-50.00000		0.58885	0.83460	1.00282	-41.21143
12179	-50.00000		0.35091	0.72391	0.70087	-46.29715
12199	-50.00000		0.42925	0.69635	0.84735	-42.08150
12219	-50.00000		0.70478	0.50032	0.89050	-40.11005
12239	-50.00000		0.46281	0.40524	0.64473	-44.54278
12259	-50.00000		0.26063	0.53736	0.55369	-39.99546
12279	-50.00000		0.56335	0.52194	0.80211	-43.35695
12299	-50.00000		0.68179	0.82764	1.01889	-39.03008
12319	-50.00000		0.49874	0.70204	0.89193	-44.89247
12339	-50.00000		0.47226	0.47683	0.75899	-43.64364
12359	-50.00000		0.61496	0.87458	1.03368	-40.83658
12379	-50.00000		0.38685	0.60753	0.75183	-42.03933
12399	-50.00000		0.34655	0.86561	0.84370	-49.35469
12419	-50.00000		0.29821	0.55972	0.70410	-46.24139
12439	-50.00000		0.60378	0.95571	1.16056	-40.49808
12459	-50.00000		0.43751	0.42251	0.61330	-42.69073
12479	-50.00000		0.46717	0.80385	0.92758	-46.01946
12499	-50.00000		0.68525	0.63344	0.92416	-41.54979
12519	-50.00000		0.54741	0.90712	0.97481	-39.78447
12539	-50.00000		0.23748	0.60163	0.53352	-47.93689
12559	-50.00000		0.21365	0.41118	0.45392	-47.27496
12579	-50.00000		0.62410	0.77817	1.03143	-41.04805
12599	-50.00000		0.57295	0.91246	1.07835	-41.12958
12619	-50.00000		0.55634	0.53873	0.74905	-42.74784
12639	-50.00000		0.58386	0.80647	0.97507	-42.15757
12659	-50.00000		0.52892	0.73919	0.93582	-39.69806
12679	-50.00000		0.56709	0.76401	0.91603	-45.02698
12699	-50.00000		0.37773	0.77338	0.79018	-48.09108
12719	-50.00000		0.45501	0.62333	0.77869	-43.87155
12739	-50.00000		0.69819	0.80227	0.96242	-39.20911
12759	-50.00000		0.50250	0.62609	0.84281	-44.84782
12779	-50.00000		0.41803	0.74341	0.90010	-43.79280
12799	-50.00000		0.65780	0.58477	0.90347	-39.90746
12819	-50.00000		0.36609	0.50207	0.60109	-43.31742
12839	-50.00000		0.26922	0.63518	0.66288	-49.76069
12859	-50.00000		0.64728	0.72164	0.92282	-29.62298
12879	-50.00000		0.65817	0.75629	1.05791	-39.99035
12899	-50.00000		0.55683	0.88866	0.93051	-42.08314
12919	-50.00000		0.26050	0.64228	0.67372	-46.17447
12939	-50.00000		0.64065	0.57159	0.90772	-26.83066
12959	-50.00000		0.69756	0.89577	1.15914	-40.11204
12979	-50.00000		0.47222	0.71995	0.86500	-47.67126
12999	-50.00000		0.43596	0.72045	0.88022	-48.47381
13019	-50.00000		0.41883	0.78759	0.92711	-42.48323
13039	-50.00000		0.61170	0.45971	0.78946	-40.47281
13059	-50.00000		0.44827	0.40274	0.71857	-44.36491
13079	-50.00000		0.59853	0.86627	0.99151	-43.60869
13099	-50.00000		0.50836	0.59338	0.80729	-40.23865
13119	-50.00000		0.38215	0.73714	0.90569	-43.70665
13139	-50.00000		0.39499	0.77868	0.89710	-49.13652
13159	-50.00000		0.42786	0.76505	0.91677	-44.03458
13179	-50.00000		0.54149	0.77760	0.93155	-39.07634
13199	-50.00000		0.61296	0.64186	0.91208	-44.03923
13219	-50.00000		0.30185	0.57085	0.67348	-44.70557
13239	-50.00000		0.61825	1.00760	1.05595	-40.70367
13259	-50.00000		0.39474	0.47722	0.65805	-42.14066
13279	-50.00000		0.38812	0.73009	0.76786	-48.79034
13299	-50.00000		0.83947	-0.13260	0.88282	-40.97239
13319	-50.00000		0.71049	0.57576	0.91572	-40.28636
13339	-50.00000		0.59134	0.79098	0.96904	-40.85427
13359	-50.00000		0.29084	0.60200	0.72773	-46.05630
13379	-50.00000		0.42382	0.57398	0.78142	-42.47381
13399	-50.00000		0.74422	0.68611	0.98092	-40.03273
13419	-50.00000		0.47372	0.44822	0.68427	-46.67840
13439	-50.00000		0.48753	0.64507	0.84800	-49.15622
13459	-50.00000		0.43278	0.69941	0.78441	-41.96023
13479	-50.00000		0.55516	0.50731	0.72514	-40.29562
13499	-50.00000		0.31682	0.35428	0.45476	-44.46759
13519	-50.00000		0.60381	0.82680	1.03088	-42.90858
13539	-50.00000		0.51996	0.60708	0.79984	-40.21449
13559	-50.00000		0.60423	0.81260	0.92394	-43.47189
13579	-50.00000		0.42459	0.53619	0.71315	-49.56220
13599	-50.00000		0.40466	0.53725	0.67178	-44.09125
13619	-50.00000		0.54851	0.81367	0.93099	-39.30885
13639	-50.00000		0.60803	0.46794	0.80375	-44.66413
13659	-50.00000		0.39562	0.82105	0.83736	-45.17097
13679	-50.00000		0.73687	0.68665	0.98850	-40.00353
13699	-50.00000		0.42141	0.64154	0.73891	-41.62440
13719	-50.00000		0.47895	0.58378	0.78884	-48.38958
13739	-50.00000		0.55455	0.68621	0.90224	-46.60119
13759	-50.00000		0.62089	0.84299	0.98394	-40.24755
13779	-50.00000		0.50241	0.80897	0.92844	-43.13025
13799	-50.00000		0.30433	0.55144	0.59899	-45.09041
13819	-50.00000		0.46242	0.63165	0.75142	-41.80593
13839	-50.00000		0.72298	0.67616	0.95668	-40.91027
13859	-50.00000		0.26926	0.60660	0.68340	-47.28858
13879	-50.00000		0.20448	0.64118	0.69134	-47.74437
13899	-50.00000		0.47110	0.74293	0.88638	-40.78757
13919	-50.00000		0.57814	0.79613	0.94306	-40.48719
13939	-50.00000		0.55267	0.73659	0.90568	-46.01946
13959	-50.00000		0.42480	0.94239	1.03854	-43.35357
13979	-50.00000		0.56200	0.56165	0.82297	-40.15176
13999	-50.00000		0.30030	0.73768	0.74166	-44.87469
14019	-50.00000		0.06442	0.42965	0.35526	-49.57264
14039	-50.00000		0.58404	0.84211	0.95986	-42.60219
14059	-50.00000		0.52879	0.64190	0.88471	-39.77662
14079	-50.00000		0.49612	0.84728	0.95365	-43.82805
14099	-50.00000		0.42845	0.54972	0.70400	-43.57380
14119	-50.00000		0.62348	0.79291	0.99233	-39.71174
14139	-50.00000		0.36984	0.63074	0.73462	-42.13564
14159	-50.00000		0.41027	0.67450	0.79759	-49.21700
14179	-50.00000		0.59730	0.60744	0.88219	-45.70859
14199	-50.00000		0.63438	0.51226	0.84186	-39.27040
14219	-50.00000		0.44462	0.77515	0.90954	-44.30608
14239	-50.00000		0.34461	0.51849	0.62550	-44.78331
14259	-50.00000		0.59420	0.58103	0.81930	-41.16230
14279	-50.00000		0.59782	0.78196	0.95604	-41.50882
14299	-50.00000		0.29508	0.62514	0.60413	-48.75658
14319	-50.00000		0.23285	0.60954	0.50007	-47.60316
14339	-50.00000		0.49683	0.73833	0.93088	-40.68185
14359	-50.00000		0.50736	0.52849	0.75310	-40.96685
14379	-50.00000		0.57359	0.76304	0.92040	-45.59994
14399	-50.00000		0.59337	0.91566	0.98818	-42.28107
14419	-50.00000		0.49545	0.70538	0.86245	-39.48309
14439	-50.00000		0.30227	0.74561	0.86165	-45.95161
14459	-50.00000		0.16722	0.46910	0.48235	-48.89182
14479	-50.00000		0.61164	0.62679	0.89854	-43.14128
14499	-50.00000		0.56087	0.81850	0.97720	-40.78129
14519	-50.00000		0.49664	0.76437	0.90495	-44.84752
14539	-50.00000		0.37688	0.50867	0.59362	-44.57453
14559	-50.00000		0.58843	0.82508	1.04555	-41.00739
14579	-50.00000		0.44273	0.43845	0.65340	-42.75586
14599	-50.00000		0.15318	0.30423	0.33090	-48.10926
14619	-50.00000		0.30461	0.70994	0.84528	-44.88360
14639	-50.00000		0.65981	0.62726	0.94739	-39.30885
14659	-50.00000		0.38590	0.49081	0.63202	-43.40586
14679	-50.00000		0.53574	0.74576	0.91505	-45.52423
14699	-50.00000		0.65480	0.53089	0.87940	-41.22614
14719	-50.00000		0.58881	0.90886	0.93617	-41.18287
14739	-50.00000		0.37132	0.25158	0.46401	-49.31423
14759	-50.00000		0.49266	0.42515	0.68706	-46.18959
14779	-50.00000		0.58478	0.67278	0.88537	-39.88716
14799	-50.00000		0.53187	0.86849	1.02265	-42.85022
14819	-50.00000		0.24549	0.61573	0.71448	-45.01861
14839	-50.00000		0.41971	0.61102	0.80173	-41.96857
14859	-50.00000		0.67884	0.45992	0.83645	-39.41972
14879	-50.00000		0.47609	0.69348	0.86767	-47.48696
14899	-50.00000		0.40109	0.84945	0.93048	-47.56293
14919	-50.00000		0.66914	0.86801	1.05325	-40.76616
14939	-50.00000		0.47280	0.68127	0.86860	-40.31250
14959	-50.00000		0.27565	0.44290	0.50097	-45.57285
14979	-50.00000		0.57892	0.60259	0.86868	-42.11888
14999	-50.00000		0.52342	0.75849	0.87938	-39.58269
15019	-50.00000		0.56482	0.85875	0.93519	-45.41490
15039	-50.00000		0.41202	0.62821	0.72901	-49.08738
15059	-50.00000		0.57442	0.52966	0.81164	-42.86573
15079	-50.00000		0.67613	0.82404	1.01621	-38.96880
15099	-50.00000		0.43544	0.63050	0.84154	-45.71676
15119	-50.00000		0.35156	0.80018	0.87520	-44.05854
15139	-50.00000		0.65667	0.74215	0.96187	-39.82776
15159	-50.00000		0.40270	0.71556	0.71348	-42.73780
15179	-50.00000		0.29279	0.81959	0.81346	-48.70758
15199	-50.00000		0.57502	0.77910	0.92669	-45.28694
15219	-50.00000		0.59911	0.63223	0.86666	-39.01773
15239	-50.00000		0.57011	0.87000	0.93057	-43.39985
15259	-50.00000		0.26719	0.54376	0.61141	-45.53336
15279	-50.00000		0.55731	0.72109	0.89096	-40.48901
15299	-50.00000		0.57814	0.79065	0.94164	-40.48007
15319	-50.00000		0.39493	0.68418	0.71769	-48.40903
15339	-50.00000		0.32299	0.84810	0.75583	-47.04531
15359	-50.00000		0.56293	0.82582	1.02519	-40.80060
15379	-50.00000		0.30951	0.68896	0.74800	-41.65762
15399	-50.00000		0.42452	0.58060	0.84727	-44.91045
15419	-50.00000		0.61997	0.75245	0.95633	-42.46736
15439	-50.00000		0.53326	0.67255	0.92963	-39.39599
15459	-50.00000		0.46559	0.81754	0.90069	-45.05401
15479	-50.00000		0.45413	0.78755	0.92115	-48.13132
15499	-50.00000		0.50144	0.70408	0.93196	-43.06343
15519	-50.00000		0.36231	0.41176	0.48225	-47.92742
15539	-50.00000		0.35164	0.71863	0.84834	-45.27800
15559	-50.00000		0.47353	0.51617	0.69459	-43.09793
15579	-50.00000		0.55939	0.84675	0.94150	-40.15972
15599	-50.00000		0.43458	0.62608	0.87958	-43.75806
15619	-50.00000		0.16326	0.41636	0.58480	-49.62158
15639	-50.00000		0.45115	0.55398	0.74804	-39.53718
15659	-50.00000		0.56710	0.56194	0.84201	-39.64256
15679	-50.00000		0.52951	0.95159	1.11318	-44.03621
15699	-50.00000		0.32881	0.58801	0.57105	-44.06411
15719	-50.00000		0.50738	0.65533	0.83939	-40.22250
15739	-50.00000		0.62767	0.50008	0.84630	-40.95877
15759	-50.00000		0.22116	0.63037	0.78464	-48.32632
15779	-50.00000		0.30208	0.74982	0.69589	-47.00221
15799	-50.00000		0.74299	0.65929	0.95623	-40.22248
15819	-50.00000		0.47910	0.74758	0.85441	-41.40995
15839	-50.00000		0.25840	0.56039	0.61837	-45.07202
15859	-50.00000		0.57935	0.77704	0.93153	-41.58384
15879	-50.00000		0.69258	0.96425	1.22567	-39.94267
15899	-50.00000		0.22953	0.58130	0.62857	-46.84374
15919	-50.00000		0.16222	0.65352	0.60614	-48.55722
15939	-50.00000		0.54912	0.51265	0.76352	-42.15241
15959	-50.00000		0.65258	0.87256	1.03773	-40.46399
15979	-50.00000		0.46426	0.84146	0.91295	-45.72181
15999	-50.00000		0.37465	0.73542	0.82646	-42.95758
16019	-50.00000		0.51433	0.80939	0.94834	-40.04563
16039	-50.00000		0.62355	0.59859	0.89931	-43.48051
16059	-50.00000		0.30065	0.52869	0.67718	-48.67824
16079	-50.00000		0.35419	0.63578	0.69598	-44.78552
16099	-50.00000		0.52662	0.73676	0.93029	-40.16114
16119	-50.00000		0.46252	0.92608	0.93024	-45.06302
16139	-50.00000		0.34056	0.54921	0.61159	-44.68785
16159	-50.00000		0.55363	0.88835	0.97851	-39.69299
16179	-50.00000		0.45661	0.48318	0.65054	-41.70762
16199	-50.00000		0.31184	0.70821	0.69723	-49.09720
16219	-50.00000		0.38837	0.71608	0.76993	-46.60584
16239	-50.00000		0.55862	0.62970	0.86699	-40.60717
16259	-50.00000		0.58556	0.83163	1.00969	-42.44561
16279	-50.00000		0.25623	0.67301	0.69943	-45.35877
16299	-50.00000		0.70065	0.69163	0.96009	-37.70818
16319	-50.00000		0.50785	0.72524	0.83350	-24.23202
16339	-50.00000		0.21224	0.41106	0.38522	-46.27068
16359	-50.00000		0.52770	0.22901	0.59465	-43.47189
16379	-50.00000		0.57028	0.91870	1.08687	-42.21965
16399	-50.00000		0.47549	0.60502	0.84252	-40.26357
16419	-50.00000		0.23976	0.58248	0.50504	-45.37854
16439	-50.00000		0.50928	0.46487	0.70246	-43.99497
16459	-50.00000		0.54354	0.81440	0.85954	-40.17420
16479	-50.00000		0.62860	0.58275	0.88148	-43.72318
16499	-50.00000		0.33686	0.38559	0.65964	-48.17662
16519	-50.00000		0.33504	0.60328	0.66557	-43.97532
16539	-50.00000		0.69050	0.80968	1.06334	-38.68489
16559	-50.00000		0.46725	0.45576	0.66697	-43.74004
16579	-50.00000		0.49437	0.86734	0.91481	-45.33333
16599	-50.00000		0.70592	0.72971	0.98841	-40.94312
16619	-50.00000		0.43667	0.73264	0.88495	-40.93443
16639	-50.00000		0.33308	0.29555	0.45721	-48.39930
16659	-50.00000		0.45916	0.82110	0.92959	-46.94919
16679	-50.00000		0.69114	0.91931	1.12801	-40.77127
16699	-50.00000		0.37306	0.59974	0.69824	-38.21413
16719	-50.00000		0.59721	0.57553	0.85956	-44.89843
16739	-50.00000		0.63051	0.71147	0.93077	-41.57539
16759	-50.00000		0.53986	0.76067	0.90426	-39.29350
16779	-50.00000		0.25665	0.66835	0.67678	-46.80662
16799	-50.00000		0.18455	0.63104	0.70053	-48.23262
16819	-50.00000		0.52303	0.61599	0.79826	-41.61838
16839	-50.00000		0.60878	0.89753	0.97466	-41.32754
16859	-50.00000		0.35454	0.70127	0.85606	-44.73859
16879	-50.00000		0.35251	0.68959	0.70894	-43.19362
16899	-50.00000		0.66158	0.69364	0.93850	-41.00071
16919	-50.00000		0.36670	0.48727	0.60329	-43.84552
16939	-50.00000		0.19871	0.25052	0.30776	-49.33589
16959	-50.00000		0.37933	0.65098	0.72937	-42.89999
16979	-50.00000		0.66661	0.52738	0.85540	-39.06411
16999	-50.00000		0.32453	0.53208	0.62072	-44.63477
17019	-50.00000		0.58545	0.71863	0.92353	-44.75637
17039	-50.00000		0.63041	0.76408	1.05206	-40.35979
17059	-50.00000		0.46017	0.79143	0.83399	-42.31459
17079	-50.00000		0.34437	0.39978	0.58365	-48.89182
17099	-50.00000		0.45383	0.66234	0.90745	-45.74494
17119	-50.00000		0.58977	0.53405	0.78469	-39.45045
17139	-50.00000		0.64973	0.68050	0.92715	-43.48837
17159	-50.00000		0.26038	0.50477	0.56470	-44.96313
17179	-50.00000		0.52315	0.70493	0.81669	-41.69928
17199	-50.00000		0.58123	0.70789	0.96183	-40.47204
17219	-50.00000		0.47540	0.64263	0.78092	-48.49319
17239	-50.00000		0.17482	0.68424	0.61545	-45.06260
17259	-50.00000		0.60123	0.63167	0.85893	-41.23605
17279	-50.00000		0.65792	0.59783	0.90712	-40.62321
17299	-50.00000		0.59837	0.60570	0.88225	-44.69394
17319	-50.00000		0.41666	0.77865	0.84851	-42.45556
17339	-50.00000		0.68089	0.43637	0.83848	-39.87130
17359	-50.00000		0.28209	0.44253	0.48220	-44.80542
17379	-50.00000		0.14204	0.48863	0.65318	-49.07756
17399	-50.00000		0.45828	0.85225	0.97497	-43.39149
17419	-50.00000		0.56507	0.59082	0.85023	-40.50546
17439	-50.00000		0.36160	0.72920	0.74412	-42.55883
17459	-50.00000		0.44603	0.73463	0.92687	-44.76541
17479	-50.00000		0.44011	0.79928	0.91047	-39.67989
17499	-50.00000		0.61092	0.40962	0.76371	-42.92344
17519	-50.00000		0.13478	0.27098	0.24695	-49.41394
17539	-50.00000		0.31901	0.54999	0.57776	-45.72178
17559	-50.00000		0.60970	0.93283	0.93303	-40.08025
17579	-50.00000		0.40439	0.62581	0.87187	-43.67969
17599	-50.00000		0.46558	0.91643	0.90065	-45.08143
17619	-50.00000		0.68807	0.76479	1.01531	-41.99094
17639	-50.00000		0.47770	0.54121	0.74747	-41.07785
17659	-50.00000		0.47501	0.60567	0.80027	-48.32632
17679	-50.00000		0.49765	0.62173	0.84237	-46.58709
17699	-50.00000		0.73000	0.57975	0.92083	-40.13232
17719	-50.00000		0.42283	0.75963	0.89734	-41.50809
17739	-50.00000		0.29751	0.51312	0.50002	-45.04501
17759	-50.00000		0.51578	0.46971	0.81169	-41.37613
17779	-50.00000		0.59029	0.87048	0.97038	-40.99120
17799	-50.00000		0.41707	0.69716	0.85408	-45.94947
17819	-50.00000		0.45474	0.72468	0.84544	-48.83922
17839	-50.00000		0.60890	0.90099	0.99314	-42.15318
17859	-50.00000		0.52496	0.64315	0.88657	-39.29926
17879	-50.00000		0.31833	0.63531	0.68266	-45.53336
17899	-50.00000		0.50799	0.65436	0.91798	-44.40549
17919	-50.00000		0.48988	0.70054	0.82901	-39.51350
17939	-50.00000		0.67078	0.64622	0.92588	-42.34631
17959	-50.00000		0.26537	0.24418	0.39247	-49.11911
17979	-50.00000		0.41771	0.49444	0.65282	-45.46947
17999	-50.00000		0.48714	0.68818	0.90215	-40.92220
18019	-50.00000		0.34110	0.69596	0.79401	-44.25534
18039	-50.00000		0.42877	0.58605	0.86025	-45.17134
18059	-50.00000		0.54299	0.60328	0.80202	-41.13539
18079	-50.00000		0.50724	0.69894	0.95634	-40.88594
18099	-50.00000		0.19555	0.29116	0.32870	-47.66002
18119	-50.00000		0.27949	0.49570	0.53376	-46.83446
18139	-50.00000		0.49140	0.77942	0.91330	-41.01553
18159	-50.00000		0.52758	0.89531	1.02593	-43.59073
18179	-50.00000		0.25128	0.71026	0.67004	-45.98587
18199	-50.00000		0.42287	0.63917	0.76836	-42.45897
18219	-50.00000		0.69009	0.52387	0.89545	-40.35983
18239	-50.00000		0.47622	0.47338	0.70062	-47.32236
18259	-50.00000		0.32282	0.93006	0.96481	-48.44472
18279	-50.00000		0.67122	0.78907	1.01435	-40.02760
18299	-50.00000		0.51197	0.60615	0.82548	-40.28090
18319	-50.00000		0.26968	0.41542	0.49881	-43.18505
18339	-50.00000		0.56001	0.69145	0.93696	-42.98319
18359	-50.00000		0.52695	0.80840	0.86931	-40.60091
18379	-50.00000		0.64096	0.62597	0.91245	-43.73121
18399	-50.00000		0.42281	0.70126	0.79650	-47.87939
18419	-50.00000		0.46707	0.57815	0.72414	-42.80593
18439	-50.00000		0.75156	0.68219	1.00447	-39.13984
18459	-50.00000		0.48597	0.49673	0.71361	-44.55160
18479	-50.00000		0.35919	0.40076	0.53007	-43.56862
18499	-50.00000		0.47630	0.74427	0.91933	-40.51913
18519	-50.00000		0.52685	0.73002	0.87246	-42.18295
18539	-50.00000		0.14526	0.48801	0.52787	-48.50893
18559	-50.00000		0.26003	0.54386	0.60026	-45.85892
18579	-50.00000		0.54606	0.93813	0.94438	-39.45932
18599	-50.00000		0.62551	0.42610	0.79879	-44.92956
18619	-50.00000		0.32429	0.90509	0.86967	-45.00831
18639	-50.00000		0.65353	0.80277	1.01817	-41.27581
18659	-50.00000		0.51887	0.83995	0.89444	-40.33336
18679	-50.00000		0.39176	0.21389	0.45879	-47.78471
18699	-50.00000		0.46771	0.58381	0.79074	-48.05096
18719	-50.00000		0.71553	0.75673	1.01821	-40.78442
18739	-50.00000		0.50062	0.90162	1.04827	-41.34306
18759	-50.00000		0.31807	0.55328	0.68191	-45.00821
18779	-50.00000		0.44527	0.55634	0.73307	-42.28481
18799	-50.00000		0.73710	0.70348	0.99479	-39.32493
18819	-50.00000		0.48450	0.61336	0.81923	-45.86348
18839	-50.00000		0.47675	0.60767	0.79796	-48.75584
18859	-50.00000		0.44527	0.80737	0.71452	-42.16919
18879	-50.00000		0.75357	0.60133	0.93232	-40.86177
18899	-50.00000		0.52853	0.67439	0.89964	-45.23319
18919	-50.00000		0.41598	0.81875	0.91849	-43.45462
18939	-50.00000		0.67218	0.52539	0.87672	-39.92680
18959	-50.00000		0.41695	0.68470	0.72009	-43.68741
18979	-50.00000		0.30133	0.72869	0.77790	-49.02688
18999	-50.00000		0.55123	0.88652	0.96735	-44.74747
19019	-50.00000		0.56667	0.62044	0.90106	-38.74155
19039	-50.00000		0.59663	0.82834	0.98771	-43.46323
19059	-50.00000		0.32545	0.77841	0.70790	-45.29213
19079	-50.00000		0.49598	0.78856	1.01185	-41.26072
19099	-50.00000		0.44814	0.53935	0.71190	-41.20325
19119	-50.00000		0.45409	0.71002	0.79610	-48.37424
19139	-50.00000		0.47330	0.69076	0.87586	-47.36027
19159	-50.00000		0.35819	-0.08776	0.39179	-58.41676
19179	-50.00000		0.48836	0.52400	0.71072	-41.56427
19199	-50.00000		0.43216	0.85121	0.93512	-45.60312
19219	-50.00000		0.56270	0.92463	0.95588	-42.68728
19239	-50.00000		0.53470	0.72343	0.91196	-39.30132
19259	-50.00000		0.18264	0.33105	0.40089	-47.52488
19279	-50.00000		0.40048	0.47424	0.64836	-48.12729
19299	-50.00000		0.65033	0.78060	0.98660	-42.23378
19319	-50.00000		0.49072	0.79364	0.87823	-41.10766
19339	-50.00000		0.25679	0.58670	0.54081	-45.66328
19359	-50.00000		0.44238	0.89691	0.92408	-43.81942
19379	-50.00000		0.58732	0.85890	0.93015	-39.95856
19399	-50.00000		0.58317	0.40654	0.72081	-44.71796
19419	-50.00000		0.43504	0.57872	0.75585	-49.24644
19439	-50.00000		0.41114	0.51503	0.65991	-43.52153
19459	-50.00000		0.73131	0.70774	0.99155	-40.07671
19479	-50.00000		0.48563	0.51162	0.72577	-45.18886
19499	-50.00000		0.41785	0.84821	0.89763	-43.79280
19519	-50.00000		0.61501	0.82801	0.97778	-40.27960
19539	-50.00000		0.44414	0.75263	0.80859	-41.93527
19559	-50.00000		0.36481	0.49567	0.64534	-49.38491
19579	-50.00000		0.57605	0.79725	0.93341	-45.54576
19599	-50.00000		0.59261	0.62338	0.88923	-40.07008
19619	-50.00000		0.64208	0.65597	0.92028	-43.11028
19639	-50.00000		0.24686	0.48092	0.51516	-45.90546
19659	-50.00000		0.41781	0.69202	0.80126	-41.41750
19679	-50.00000		0.59766	0.79122	0.95199	-40.77634
19699	-50.00000		0.36280	0.58681	0.72679	-48.67824
19719	-50.00000		0.25459	0.70710	0.76412	-47.38633
19739	-50.00000		0.56736	0.83657	1.01850	-40.85737
19759	-50.00000		0.31687	0.67357	0.73585	-41.96393
19779	-50.00000		0.41682	0.60338	0.85965	-46.14169
19799	-50.00000		0.60152	0.70498	0.92722	-43.48056
19819	-50.00000		0.69685	0.85757	1.04995	-39.84764
19839	-50.00000		0.51196	0.72069	0.85739	-45.11712
19859	-50.00000		0.82536	-0.28370	0.92475	-19.48686
19879	-50.00000		0.32469	0.66287	0.74545	-43.78395
19899	-50.00000		0.73274	0.49765	0.90464	-39.32526
19919	-50.00000		0.41471	0.73774	0.81815	-44.60828
19939	-50.00000		0.45623	0.84630	0.90236	-44.43641
19959	-50.00000		0.60695	0.70465	0.99533	-39.86334
19979	-50.00000		0.37115	0.73303	0.74234	-43.27488
19999	-50.00000		0.26927	0.66182	0.67408	-48.15736
20019	-50.00000		0.54200	0.83031	1.01734	-45.58185
20039	-50.00000		0.60891	0.56533	0.84478	-39.37197
20059	-50.00000		0.49800	0.65526	0.87378	-42.92163
20079	-50.00000		0.29667	0.36709	0.48300	-43.29787
20099	-50.00000		0.58831	0.51278	0.80309	-41.72235
20119	-50.00000		0.56657	0.88437	0.99036	-39.31718
20139	-50.00000		0.18821	0.45220	0.45697	-47.60314
20159	-50.00000		0.25125	0.62162	0.61747	-39.98241
20179	-50.00000		0.68161	0.58231	0.91306	-41.88865
20199	-50.00000		0.55638	0.87603	1.00500	-40.20088
20219	-50.00000		0.26594	0.64275	0.71619	-45.77229
20239	-50.00000		0.42670	0.61240	0.71519	-43.17249
20259	-50.00000		0.63948	0.75724	0.93390	-40.44105
20279	-50.00000		0.32683	0.60383	0.57069	-44.44103
20299	-50.00000		0.14398	0.50142	0.54499	-49.04787
20319	-50.00000		0.35666	0.88757	0.90267	-44.37390
20339	-50.00000		0.57431	0.59601	0.85967	-38.37311
20359	-50.00000		0.47855	0.82833	0.94810	-44.87469
20379	-50.00000		0.43880	0.35545	0.58302	-44.65245
20399	-50.00000		0.48064	0.74092	0.84616	-40.72777
20419	-50.00000		0.61595	0.55325	0.86598	-41.59214
20439	-50.00000		0.09238	0.40912	0.36852	-48.97306
20459	-50.00000		0.36533	0.37085	0.49014	-34.52985
20479	-50.00000		0.50560	0.78420	0.87260	-40.82150
20499	-50.00000		0.61510	0.45823	0.79881	-41.89066
20519	-50.00000		0.49427	0.84734	0.95810	-44.83701
20539	-50.00000		0.74705	0.64409	0.95556	-38.05396
20559	-50.00000		0.48742	0.77600	0.93118	-41.35130
20579	-50.00000		0.18418	0.35020	0.42245	-47.18997
20599	-50.00000		0.21491	0.58050	0.73417	-48.29761
20619	-50.00000		0.66655	0.68533	0.93072	-41.86362
20639	-50.00000		0.49630	0.86381	0.93161	-41.47531
20659	-50.00000		0.29074	0.65174	0.68629	-45.44906
20679	-50.00000		0.41556	0.65484	0.80667	-43.13375
20699	-50.00000		0.59321	0.87919	0.98558	-40.23958
20719	-50.00000		0.55321	0.40922	0.73299	-43.81037
20739	-50.00000		0.36128	0.25287	0.45956	-49.38491
20759	-50.00000		0.28712	0.74026	0.79710	-42.89141
20779	-50.00000		0.74656	0.65722	0.97197	-39.80582
20799	-50.00000		0.51027	0.46407	0.71192	-43.67959
20819	-50.00000		0.44922	0.79517	0.90720	-43.46693
20839	-50.00000		0.63584	0.73971	0.94733	-40.40821
20859	-50.00000		0.37376	0.63879	0.75716	-42.47479
20879	-50.00000		0.41405	0.62400	0.76700	-49.17780
20899	-50.00000		0.58362	0.58274	0.85232	-44.91936
20919	-50.00000		0.63631	0.54882	0.85717	-39.35631
20939	-50.00000		0.49016	0.77744	0.92621	-43.97848
20959	-50.00000		0.32927	0.50848	0.60703	-44.87333
20979	-50.00000		0.57325	0.59947	0.81366	-41.54152
20999	-50.00000		0.60742	0.73845	0.93164	-41.11071
21019	-50.00000		0.33399	0.61853	0.75662	-48.37986
21039	-50.00000		0.28837	0.75879	0.82298	-47.08257
21059	-50.00000		0.51515	0.72126	0.86370	-40.93876
21079	-50.00000		0.50724	0.48043	0.68646	-41.40956
21099	-50.00000		0.50684	0.44266	0.69195	-46.08661
21119	-50.00000		0.60777	0.77617	0.96442	-42.51781
21139	-50.00000		0.44803	0.69290	0.84211	-40.48087
21159	-50.00000		0.23740	0.45207	0.47085	-45.85017
21179	-50.00000		0.19869	0.48008	0.43713	-49.22681
21199	-50.00000		0.58525	0.87283	1.04859	-42.30883
21219	-50.00000		0.55854	0.72126	0.87615	-39.74515
21239	-50.00000		0.39554	0.89514	0.85164	-45.52776
21259	-50.00000		0.40476	0.69463	0.69061	-43.24954
21279	-50.00000		0.52862	0.81995	0.96177	-39.85548
21299	-50.00000		0.45054	0.57158	0.86219	-43.47808
21319	-50.00000		0.15687	0.41722	0.57379	-49.60177
21339	-50.00000		0.32227	0.72426	0.75559	-44.02757
21359	-50.00000		0.68219	0.75148	0.99507	-39.52660
21379	-50.00000		0.39382	0.37783	0.46591	-45.20695
21399	-50.00000		0.55404	0.69040	0.90298	-44.27608
21419	-50.00000		0.72304	0.61577	0.93144	-40.29508
21439	-50.00000		0.45398	0.72130	0.83421	-41.40132
21459	-50.00000		0.33423	0.30149	0.45757	-47.88897
21479	-50.00000		0.67890	0.08835	0.71161	-39.52478
21499	-50.00000		0.53385	0.80089	0.94639	-40.21443
21519	-50.00000		0.53056	0.46055	0.71571	-42.55991
21539	-50.00000		0.53719	0.70096	0.90205	-45.91304
21559	-50.00000		0.55570	0.79661	0.96194	-41.70399
21579	-50.00000		0.60662	0.59148	0.83466	-40.16550
21599	-50.00000		0.22324	0.41694	0.45393	-46.70774
21619	-50.00000		0.20879	0.37875	0.42509	-49.06776
21639	-50.00000		0.61065	0.76593	0.93907	-42.73013
21659	-50.00000		0.54019	0.76092	0.93104	-39.82392
21679	-50.00000		0.27411	0.70868	0.74906	-45.39490
21699	-50.00000		0.41836	0.48247	0.60231	-42.90848
21719	-50.00000		0.50575	0.78336	0.97152	-40.29559
21739	-50.00000		0.48859	0.69190	0.92145	-42.89996
21759	-50.00000		0.18219	0.18640	0.25522	-48.17662
21779	-50.00000		0.46081	0.63055	0.73082	-33.15387
21799	-50.00000		0.65407	0.67720	0.92925	-40.06210
21819	-50.00000		0.44096	0.76273	0.89389	-43.06455
21839	-50.00000		0.28303	0.45607	0.49383	-46.38325
21859	-50.00000		0.51568	0.52422	0.73400	-41.30832
21879	-50.00000		0.56377	0.90960	0.94283	-40.78438
21899	-50.00000		0.23853	0.58123	0.51028	-47.64104
21919	-50.00000		0.15711	0.51468	0.54340	-48.57093
21939	-50.00000		0.56672	0.57968	0.86256	-41.32558
21959	-50.00000		0.65267	0.63452	0.93711	-40.30804
21979	-50.00000		0.52864	0.73293	0.91733	-44.75647
21999	-50.00000		0.43366	0.77185	0.86015	-42.49930
22019	-50.00000		0.58310	0.50846	0.77160	-39.77659
22039	-50.00000		0.30365	0.68851	0.69660	-45.09037
22059	-50.00000		-0.99655	1.21367	1.33306	-48.68322
22079	-50.00000		0.44758	0.56792	0.70372	-42.96865
22099	-50.00000		0.74689	0.68063	0.98783	-39.10147
22119	-50.00000		0.47749	0.50484	0.71762	-44.86567
22139	-50.00000		0.49191	0.78749	0.89914	-45.02641
22159	-50.00000		0.63300	0.77411	0.94441	-39.76423
22179	-50.00000		0.38663	0.68269	0.79190	-42.23078
22199	-50.00000		0.32947	0.82092	0.85286	-49.68110
22219	-50.00000		0.57098	0.71545	0.91791	-45.60896
22239	-50.00000		0.57130	0.58227	0.80113	-39.70877
22259	-50.00000		0.60798	0.75152	0.93041	-43.06674
22279	-50.00000		0.26247	0.58669	0.69568	-44.66413
22299	-50.00000		0.48831	0.82199	0.91782	-40.93098
22319	-50.00000		0.61764	0.63483	0.93591	-40.48810
22339	-50.00000		0.45875	0.61386	0.74555	-48.17662
22359	-50.00000		0.42636	0.73582	0.86870	-47.67121
22379	-50.00000		0.70856	0.82952	1.08812	-40.66339
22399	-50.00000		0.42687	0.51258	0.71620	-40.69807
22419	-50.00000		0.34093	0.46620	0.53126	-45.08094
22439	-50.00000		0.62164	0.51619	0.85446	-42.56837
22459	-50.00000		0.50370	0.74290	0.92154	-40.44919
22479	-50.00000		0.28766	0.74286	0.81753	-46.49363
22499	-50.00000		0.28940	0.78296	0.80500	-48.68816
22519	-50.00000		0.47990	0.46411	0.69046	-42.89999
22539	-50.00000		0.73475	0.71916	1.00073	-39.71367
22559	-50.00000		0.50405	0.69875	0.88763	-44.92961
22579	-50.00000		0.38635	0.69042	0.81937	-44.28168
22599	-50.00000		0.67874	0.57658	0.91882	-40.00900
22619	-50.00000		0.41335	0.58363	0.66724	-43.66114
22639	-50.00000		0.18713	0.59590	0.63668	-48.92450
22659	-50.00000		0.49099	0.97870	0.94564	-44.93604
22679	-50.00000		0.64689	0.69125	1.00398	-41.48424
22699	-50.00000		0.49719	0.34426	0.61979	-43.42329
22719	-50.00000		0.45302	0.88750	0.90961	-44.98211
22739	-50.00000		0.71399	0.76469	1.03775	-40.43586
22759	-50.00000		0.39390	0.60392	0.82037	-40.68993
22779	-50.00000		0.42715	0.36825	0.58827	-47.93689
22799	-50.00000		0.54401	0.47139	0.74843	-46.68769
22819	-50.00000		0.65663	0.75732	1.04725	-39.98240
22839	-50.00000		0.55377	0.88269	0.92712	-42.07446
22859	-50.00000		0.26901	0.66025	0.67280	-45.84465
22879	-50.00000		0.49478	0.58925	0.77690	-41.59024
22899	-50.00000		0.74592	0.60770	0.93313	-39.64809
22919	-50.00000		0.46169	0.66561	0.78550	-47.86981
22939	-50.00000		0.37133	0.84465	0.92548	-48.36740
22959	-50.00000		0.58738	0.78877	0.92205	-40.90615
22979	-50.00000		0.51615	0.61421	0.82134	-40.60537
22999	-50.00000		0.39420	0.39192	0.55999	-45.60898
23019	-50.00000		0.78643	0.29697	0.88730	-38.68220
23039	-50.00000		0.46319	0.70192	0.92422	-40.07805
23059	-50.00000		0.54248	0.56299	0.88316	-43.35692
23079	-50.00000		0.29182	0.48565	0.55373	-48.45441
23099	-50.00000		0.32384	0.57672	0.68929	-44.14767
23119	-50.00000		0.69876	0.72956	0.99204	-39.65308
23139	-50.00000		0.57428	0.42786	0.73869	-43.66877
23159	-50.00000		0.39488	0.81877	0.86984	-45.31524
23179	-50.00000		0.72623	0.67748	0.97109	-39.97145
23199	-50.00000		0.45457	0.72254	0.72939	-41.71596
23219	-50.00000		0.46945	0.56491	0.77170	-49.40406
23239	-50.00000		0.55576	0.55064	0.81686	-46.42872
23259	-50.00000		0.59627	0.61684	0.88103	-40.16772
23279	-50.00000		0.44496	0.82101	0.93045	-42.51211
23299	-50.00000		0.28196	0.76578	0.70968	-44.54274
23319	-50.00000		0.40634	0.57379	0.76316	-41.38548
23339	-50.00000		0.68867	0.52677	0.88986	-39.92809
23359	-50.00000		0.42592	0.81445	0.84179	-46.69838
23379	-50.00000		0.21300	0.40270	0.40755	-41.47533
23399	-50.00000		0.62861	0.51086	0.82226	-41.36032
23419	-50.00000		0.46802	0.75169	0.81012	-42.94662
23439	-50.00000		0.25113	0.44664	0.48192	-45.84942
23459	-50.00000		0.54596	0.71132	0.92975	-42.88943
23479	-50.00000		0.49432	0.74119	0.87825	-40.11204
23499	-50.00000		0.61142	0.61560	0.89259	-44.10116
23519	-50.00000		0.43164	0.48438	0.69037	-48.82373
23539	-50.00000		0.50232	0.48133	0.70240	-43.62754
23559	-50.00000		0.73193	0.70407	0.99606	-39.92375
23579	-50.00000		0.49233	0.50060	0.72063	-44.79437
23599	-50.00000		0.39567	0.64118	0.80146	-44.22569
23619	-50.00000		0.63122	0.76383	0.96016	-40.48901
23639	-50.00000		0.39456	0.70725	0.69311	-42.70381
23659	-50.00000		0.26415	0.81780	0.76368	-48.56120
23679	-50.00000		0.56042	0.81642	0.96109	-45.61800
23699	-50.00000		0.51338	0.67824	0.86275	-39.43475
23719	-50.00000		0.43468	0.64891	0.85163	-43.02330
23739	-50.00000		0.28692	0.51830	0.55836	-44.55677
23759	-50.00000		0.55371	0.71826	0.86611	-40.65159
23779	-50.00000		0.60655	0.72095	0.96378	-40.83591
23799	-50.00000		0.25002	0.55839	0.54598	-48.39930
23819	-50.00000		0.26270	0.75509	0.66066	-47.32076
23839	-50.00000		0.58955	0.91257	0.95675	-40.78440
23859	-50.00000		0.36294	0.64078	0.76467	-41.52496
23879	-50.00000		0.44595	0.76537	0.87131	-45.81786
23899	-50.00000		0.62078	0.71813	0.93385	-42.11405
23919	-50.00000		0.50736	0.73468	0.86998	-39.32498
23939	-50.00000		0.47357	0.80724	0.93017	-45.09907
23959	-50.00000		0.42989	0.79727	0.82558	-49.96039
23979	-50.00000		0.49974	0.44556	0.70880	-41.75768
23999	-50.00000		0.73911	0.72426	1.01634	-39.48742
24019	-50.00000		0.52677	0.49031	0.74971	-45.23319
24039	-50.00000		0.39822	0.70584	0.73033	-43.02330
24059	-50.00000		0.62915	0.89213	1.10510	-11.36740
24079	-50.00000		0.39198	0.54953	0.63448	-42.17236
24099	-50.00000		0.22288	0.51645	0.62104	-49.96077
24119	-50.00000		0.51857	0.90695	1.05256	-45.05946
24139	-50.00000		0.69176	0.56122	0.90601	-39.58266
24159	-50.00000		0.33788	0.65977	0.76975	-43.50840
24179	-50.00000		0.50112	0.51541	0.76215	-45.46704
24199	-50.00000		0.60866	0.70526	0.96716	-41.10501
24219	-50.00000		0.55935	0.81093	0.97425	-41.36713
24239	-50.00000		0.21692	0.41447	0.46615	-48.81964
24259	-50.00000		0.30816	0.56176	0.72350	-47.60100
24279	-50.00000		0.62211	0.56155	0.88207	-41.12466
24299	-50.00000		0.62189	0.71813	0.92923	-41.93849
24319	-50.00000		0.28510	0.60122	0.53777	-45.47618
24339	-50.00000		0.36959	0.58661	0.76699	-41.84697
24359	-50.00000		0.72359	0.70817	0.97885	-41.27032
24379	-50.00000		0.46585	0.42967	0.66906	-46.36409
24399	-50.00000		0.49294	0.61304	0.83353	-48.72214
24419	-50.00000		0.42262	0.64529	0.81596	-42.22245
24439	-50.00000		0.57524	0.52194	0.75157	-39.64807
24459	-50.00000		0.30417	0.64165	0.69102	-45.43303
24479	-50.00000		0.55038	0.89613	0.97126	-42.46634
24499	-50.00000		0.54264	0.56605	0.76684	-40.31130
24519	-50.00000		0.45904	0.80557	0.94551	-43.60155
24539	-50.00000		0.39960	0.57470	0.71939	-49.67117
24559	-50.00000		0.43251	0.73407	0.93057	-44.50621
24579	-50.00000		0.54141	0.73164	0.87174	-26.99454
24599	-50.00000		0.28617	0.65991	0.77110	-44.81227
24619	-50.00000		0.48499	0.88007	0.96517	-43.71451
24639	-50.00000		0.70965	0.56518	0.91344	-40.55531
24659	-50.00000		0.45349	0.77958	0.90387	-41.46785
24679	-50.00000		0.44170	0.42462	0.64370	-48.92737
24699	-50.00000		0.51770	0.52059	0.76997	-46.42872
24719	-50.00000		0.56974	0.58650	0.84138	-40.15179
24739	-50.00000		0.48669	0.85781	0.93183	-42.12659
24759	-50.00000		0.22063	0.55206	0.64877	-45.59985
24779	-50.00000		0.51936	0.84161	0.88749	-38.04352
24799	-50.00000		0.59976	0.68562	0.97502	-39.80811
24819	-50.00000		0.38980	0.32692	0.51141	-46.22622
24839	-50.00000		0.45421	0.44202	0.66737	-48.84895
24859	-50.00000		0.47819	0.82716	0.92417	-42.25592
24879	-50.00000		0.54594	0.50633	0.76820	-40.27158
24899	-50.00000		0.27307	0.39411	0.48894	-44.44982
24919	-50.00000		0.66215	0.53451	0.87679	-43.04936
24939	-50.00000		0.49547	0.52693	0.79111	-40.23059
24959	-50.00000		0.54626	0.91081	0.94123	-44.26109
24979	-50.00000		0.41577	0.59834	0.76455	-48.71738
24999	-50.00000		0.42233	0.56227	0.71183	-44.00630
25019	-50.00000		0.55406	0.77875	0.95928	-39.21219
25039	-50.00000		0.62057	0.46422	0.80992	-43.93413
25059	-50.00000		0.29025	0.53682	0.67272	-45.03656
25079	-50.00000		0.63538	0.90848	1.04870	-40.54442
25099	-50.00000		0.41589	0.55516	0.66527	-40.73059
25119	-50.00000		0.47797	0.60409	0.81769	-48.07171
25139	-50.00000		0.51043	0.81182	0.91819	-45.40584
25159	-50.00000		0.65493	0.68284	0.98946	-40.33576
25179	-50.00000		0.39575	0.70762	0.71599	-42.47219
25199	-50.00000		0.33503	0.50487	0.61110	-45.44683
25219	-50.00000		0.56649	0.49715	0.77261	-41.47545
25239	-50.00000		0.64309	0.93545	1.05325	-40.97141
25259	-50.00000		0.33806	0.71623	0.75827	-46.70774
25279	-50.00000		0.21124	0.71380	0.78348	-47.30336
25299	-50.00000		0.50709	0.68073	0.88567	-40.66791
25319	-50.00000		0.62269	0.69713	0.97316	-40.50314
25339	-50.00000		0.57778	0.46554	0.77792	-45.86353
25359	-50.00000		0.52227	0.93171	1.07014	-42.37170
25379	-50.00000		0.65095	0.53578	0.86970	-18.90792
25399	-50.00000		0.30830	0.47982	0.56709	-44.39269
25419	-50.00000		0.38542	0.48037	0.66497	-48.93080
25439	-50.00000		0.36851	0.72579	0.72439	-42.92344
25459	-50.00000		0.62585	0.51695	0.85394	-39.44956
25479	-50.00000		0.31389	0.38354	0.46850	-45.36050
25499	-50.00000		0.58579	0.85810	0.93157	-43.55154
25519	-50.00000		0.58858	0.58418	0.83262	-40.44857
25539	-50.00000		0.55082	0.78139	0.92253	-42.55915
25559	-50.00000		0.36276	0.67323	0.71875	-49.16994
25579	-50.00000		0.58669	0.51679	0.81908	-45.59735
25599	-50.00000		0.49349	0.71672	0.88894	-39.37197
25619	-50.00000		0.69392	0.83721	0.92836	-43.52570
25639	-50.00000		0.26885	0.58361	0.65709	-43.99390
25659	-50.00000		0.66301	0.96334	1.20218	-40.95508
25679	-50.00000		0.41993	0.67097	0.79012	-41.38435
25699	-50.00000		0.37820	0.29535	0.47883	-48.67355
25719	-50.00000		0.46434	0.75422	0.86558	-47.14288
25739	-50.00000		0.73152	0.60801	0.93040	-40.66789
25759	-50.00000		0.50695	0.82444	0.93153	-42.27636
25779	-50.00000		0.30645	0.49772	0.58969	-46.01025
25799	-50.00000		0.52208	0.73747	0.90585	-42.47381
25819	-50.00000		0.69329	0.86250	1.13455	-39.76090
25839	-50.00000		0.47709	0.65371	0.86196	-46.22599
25859	-50.00000		0.27327	0.73774	0.70172	-48.47037
25879	-50.00000		0.43654	0.58782	0.70137	-41.54089
25899	-50.00000		0.63498	0.47742	0.82507	-40.32772
25919	-50.00000		0.49615	0.41312	0.68247	-44.81702
25939	-50.00000		0.37926	0.74830	0.87368	-43.60155
25959	-50.00000		0.65037	0.64884	0.96235	-39.65858
25979	-50.00000		0.34280	0.46614	0.57975	-43.34834
25999	-50.00000		0.11229	0.36150	0.41305	-49.38491
26019	-50.00000		0.42635	0.84376	0.90285	-43.15862
26039	-50.00000		0.56658	0.62788	0.89029	-39.50972
26059	-50.00000		0.31513	0.69614	0.80322	-44.63160
26079	-50.00000		0.45753	0.46458	0.66764	-44.67014
26099	-50.00000		0.51235	0.77345	0.87039	-40.44788
26119	-50.00000		0.61316	0.64869	0.91471	-41.50877
26139	-50.00000		0.13068	0.39332	0.41079	-49.13106
26159	-50.00000		0.34427	0.61497	0.65484	-45.40782
26179	-50.00000		0.58008	0.89689	0.98064	-39.42762
26199	-50.00000		0.48596	0.42277	0.65770	-42.33591
26219	-50.00000		0.44519	0.51067	0.69668	-45.48524
26239	-50.00000		0.72790	0.46341	0.88733	-26.28457
26259	-50.00000		0.69682	0.91546	1.04995	-40.04830
26279	-50.00000		0.21974	0.58863	0.59904	-47.97485
26299	-50.00000		0.22196	0.68608	0.62253	-48.50893
26319	-50.00000		0.95954	-0.58459	1.13969	-68.43262
26339	-50.00000		0.47983	0.69682	0.89280	-40.25685
26359	-50.00000		0.24802	0.48712	0.56020	-45.28696
26379	-50.00000		0.52793	0.77962	0.94668	-43.18753
26399	-50.00000		0.45575	0.57933	0.81098	-40.85372
26419	-50.00000		0.52671	0.86862	0.92384	-45.05401
26439	-50.00000		0.44831	0.62690	0.78272	-48.87234
26459	-50.00000		0.42366	0.62415	0.80277	-43.08071
26479	-50.00000		0.72896	0.66883	0.95693	-39.73889
26499	-50.00000		0.46560	0.47113	0.69675	-44.93720
26519	-50.00000		0.50604	0.77952	0.89925	-45.00831
26539	-50.00000		0.56629	0.53523	0.77657	-40.64342
26559	-50.00000		0.50674	0.79164	0.95048	-41.03176
26579	-50.00000		0.22539	0.32298	0.36913	-49.09720
26599	-50.00000		0.36264	0.41582	0.55306	-46.14390
26619	-50.00000		0.55120	0.74367	0.89320	-40.17568
26639	-50.00000		0.47383	0.80659	0.85448	-42.54486
26659	-50.00000		0.25679	0.55080	0.53727	-45.53667
26679	-50.00000		0.46761	0.61478	0.80661	-41.63968
26699	-50.00000		0.70947	0.55164	0.90952	-39.81561
26719	-50.00000		0.48472	0.52515	0.74018	-46.56841
26739	-50.00000		0.30184	0.81426	0.74257	-47.22771
26759	-50.00000		0.53425	0.85612	1.02862	-40.69241
26779	-50.00000		0.49984	0.74952	0.84338	-40.41554
26799	-50.00000		0.37480	0.38042	0.52748	-45.91304
26819	-50.00000		0.55049	0.77477	0.93163	-43.26694
26839	-50.00000		0.52572	0.71095	0.87163	-40.06442
26859	-50.00000		0.58492	0.72049	0.92588	-44.07457
26879	-50.00000		0.34967	0.72551	0.75895	-49.34488
26899	-50.00000		0.48933	0.52857	0.72108	-43.90698
26919	-50.00000		0.60520	0.71895	0.93499	-39.51992
26939	-50.00000		0.45525	0.81539	0.89853	-45.46943
26959	-50.00000		0.32011	0.67348	0.76882	-43.87219
26979	-50.00000		0.61797	0.73675	0.93441	-40.76315
26999	-50.00000		0.38153	0.52620	0.61413	-41.99792
27019	-50.00000		0.21970	0.65930	0.62322	-49.96077
27039	-50.00000		0.55044	0.87200	0.92986	-45.09929
27059	-50.00000		0.61619	0.56604	0.84454	-38.84658
27079	-50.00000		0.52451	0.72614	0.87480	-42.95647
27099	-50.00000		0.34233	0.74286	0.88932	-44.62828
27119	-50.00000		0.57804	0.80669	0.93186	-41.70762
27139	-50.00000		0.46496	0.74264	0.84653	-40.25596
27159	-50.00000		0.39715	0.28183	0.48654	-48.03189
27179	-50.00000		0.47526	0.61434	0.82199	-47.72792
27199	-50.00000		0.71172	0.77361	1.03559	-40.34398
27219	-50.00000		0.48446	0.89049	0.92919	-41.52544
27239	-50.00000		0.33410	0.60850	0.64928	-45.18432
27259	-50.00000		0.47686	0.57172	0.72666	-41.59950
27279	-50.00000		0.73609	0.71085	1.00537	-39.33281
27299	-50.00000		0.40170	0.72904	0.81673	-45.20631
27319	-50.00000		0.45073	0.73899	0.89662	-48.91484
27339	-50.00000		0.39944	0.72369	0.71987	-43.18916
27359	-50.00000		0.65059	0.71487	1.03893	-39.66670
27379	-50.00000		0.38768	0.35178	0.53794	-44.79446
27399	-50.00000		0.57401	0.90814	1.08520	-43.55669
27419	-50.00000		0.66158	0.55472	0.89096	-40.29564
27439	-50.00000		0.42998	0.51599	0.65186	-43.49549
27459	-50.00000		0.42284	0.63024	0.72615	-60.73037
27479	-50.00000		0.61280	0.68788	0.92083	-45.44495
27499	-50.00000		0.49160	0.66020	0.82828	-39.66397
27519	-50.00000		0.65415	0.61633	0.90851	-43.88020
27539	-50.00000		0.27145	0.66527	0.84397	-44.68794
27559	-50.00000		0.57889	0.88460	0.93953	-40.39991
27579	-50.00000		0.59536	0.52881	0.83009	-43.12890
27599	-50.00000		0.25999	0.68534	0.74608	-48.35506
27619	-50.00000		0.29555	0.73253	0.85351	-47.03965
27639	-50.00000		0.67922	0.90754	1.09410	-41.10246
27659	-50.00000		0.36666	0.51416	0.62561	-42.87058
27679	-50.00000		0.55738	0.43148	0.71269	-46.24142
27699	-50.00000		0.63411	0.76660	0.96311	-41.50041
27719	-50.00000		0.52505	0.66843	0.92732	-39.12127
27739	-50.00000		0.20706	0.57788	0.51805	-46.79735
27759	-50.00000		0.15712	0.57247	0.47886	-48.51859
27779	-50.00000		0.54483	0.49758	0.75874	-41.54806
27799	-50.00000		0.64289	0.82845	0.96716	-41.24583
27819	-50.00000		0.42139	0.77672	0.87455	-45.71266
27839	-50.00000		0.38278	0.84098	0.81745	-43.35697
27859	-50.00000		0.66391	0.57661	0.90087	-41.03370
27879	-50.00000		0.43355	0.39864	0.60298	-44.96308
27899	-50.00000		0.24497	0.26713	0.37081	-48.73648
27919	-50.00000		0.27040	0.74036	0.77369	-44.07460
27939	-50.00000		0.71988	0.55404	0.91627	-39.94406
27959	-50.00000		0.45544	0.53944	0.83519	-44.82999
27979	-50.00000		0.44197	0.85389	0.91574	-43.76641
27999	-50.00000		0.64793	0.76371	0.96426	-40.10006
28019	-50.00000		0.40894	0.69317	0.82213	-42.41565
28039	-50.00000		0.38414	0.67544	0.75074	-48.93080
28059	-50.00000		0.57977	0.80297	0.96521	-45.61800
28079	-50.00000		0.57804	0.56796	0.83518	-39.48195
28099	-50.00000		0.35430	0.61076	0.64607	-43.64756
28119	-50.00000		0.48203	0.48650	0.70961	-45.50325
28139	-50.00000		0.65176	0.81759	0.96025	-41.64923
28159	-50.00000		0.60879	0.85325	1.05321	-40.19032
28179	-50.00000		0.19656	0.34522	0.39575	-47.75396
28199	-50.00000		0.27530	0.44044	0.47049	-46.64233
28219	-50.00000		0.60186	0.58566	0.83252	-40.26196
28239	-50.00000		0.50112	0.80747	0.95749	-42.61060
28259	-50.00000		0.25749	0.61459	0.74654	-45.45810
28279	-50.00000		0.36265	0.65703	0.81013	-42.63616
28299	-50.00000		0.72369	0.63555	0.93163	-39.95374
28319	-50.00000		0.48101	0.43139	0.67355	-46.66912
28339	-50.00000		0.47561	0.60657	0.80210	-48.93721
28359	-50.00000		0.41220	0.75642	0.88032	-41.96855
28379	-50.00000		0.56443	0.51332	0.77580	-40.47281
28399	-50.00000		0.39193	0.55268	0.82459	-45.96075
28419	-50.00000		0.59256	0.80384	0.96809	-43.56508
28439	-50.00000		0.49484	0.59534	0.81879	-40.29504
28459	-50.00000		0.41115	0.77044	0.86559	-44.33474
28479	-50.00000		0.39499	0.77868	0.88252	-49.64141
28499	-50.00000		0.48201	0.75036	0.92828	-44.63157
28519	-50.00000		0.57319	0.80846	0.88781	-39.52660
28539	-50.00000		0.60450	0.66135	0.91583	-44.56569
28559	-50.00000		0.30805	0.67134	0.68945	-44.79446
28579	-50.00000		0.67251	0.82602	1.02711	-40.58475
28599	-50.00000		0.38913	0.64927	0.77651	-41.66597
28619	-50.00000		0.43495	0.41347	0.63383	-48.91756
28639	-50.00000		0.47299	0.71793	0.89797	-46.67037
28659	-50.00000		0.57116	0.62733	0.88026	-39.77663
28679	-50.00000		0.48208	0.82353	0.92332	-42.32970
28699	-50.00000		0.37391	0.42259	0.56372	-45.26902
28719	-50.00000		0.58273	0.47162	0.76273	-41.30301
28739	-50.00000		0.63552	0.92724	1.04289	-40.64134
28759	-50.00000		0.33465	0.70841	0.79609	-47.73608
28779	-50.00000		0.26893	0.67252	0.70375	-47.33179
28799	-50.00000		0.57718	0.65200	0.85339	-41.04008
28819	-50.00000		0.53952	0.53893	0.79869	-40.14639
28839	-50.00000		0.56519	0.43912	0.73141	-45.73590
28859	-50.00000		0.55135	0.87232	0.92964	-42.05624
28879	-50.00000		0.60143	0.57885	0.83705	-39.83968
28899	-50.00000		0.26342	0.61185	0.56236	-44.99194
28919	-50.00000		0.18769	0.46664	0.52291	-49.39418
28939	-50.00000		0.61909	0.69651	0.92651	-43.49778
28959	-50.00000		0.63261	0.77338	0.92301	-39.65350
28979	-50.00000		0.40573	0.81590	0.86194	-44.38284
28999	-50.00000		0.39697	0.65387	0.71254	-43.66989
29019	-50.00000		0.56731	0.84234	1.01068	-40.51332
29039	-50.00000		0.37205	0.58445	0.63310	-42.31899
29059	-50.00000		0.20047	0.47677	0.57614	-49.92062
29079	-50.00000		0.48805	0.94902	1.00359	-45.66324
29099	-50.00000		0.62625	0.52135	0.83182	-39.34066
29119	-50.00000		0.47615	0.74700	0.81698	-43.19762
29139	-50.00000		0.34225	0.50756	0.62856	-44.14336
29159	-50.00000		0.57472	0.61247	0.83074	-41.18292
29179	-50.00000		0.58534	0.79007	0.95650	-41.07780
29199	-50.00000		0.28894	0.58101	0.61616	-47.49356
29219	-50.00000		0.19457	0.59935	0.63182	-47.95601
29239	-50.00000		0.52923	0.61362	0.80626	-41.00894
29259	-50.00000		0.58944	0.46308	0.79493	-41.09956
29279	-50.00000		0.54107	0.80980	0.95887	-45.55083
29299	-50.00000		0.44060	0.74025	0.89727	-41.20325
29319	-50.00000		0.64398	0.57836	0.86799	-39.31706
29339	-50.00000		0.18688	0.42905	0.45313	-46.52160
29359	-50.00000		1.59969	0.63351	1.78277	-17.15657
29379	-50.00000		0.59854	0.75210	0.93242	-43.48053
29399	-50.00000		0.64911	0.77360	0.92794	-39.49643
29419	-50.00000		0.46303	0.86113	0.91501	-45.31649
29439	-50.00000		0.44578	0.75726	0.82998	-43.98736
29459	-50.00000		0.66184	0.71476	0.94885	-39.48196
29479	-50.00000		0.40213	0.58406	0.66618	-42.21411
29499	-50.00000		0.24164	0.65957	0.63935	-48.19591
29519	-50.00000		0.53079	0.84699	0.89700	-45.85847
29539	-50.00000		0.25154	0.04902	0.22948	-54.87262
29559	-50.00000		0.41533	0.57321	0.67588	-43.05482
29579	-50.00000		0.53027	0.55276	0.80756	-45.37678
29599	-50.00000		0.61362	0.72529	1.01835	-40.70358
29619	-50.00000		0.40219	0.59150	0.72444	-30.23976
29639	-50.00000		0.34912	0.76391	0.81581	-48.27849
29659	-50.00000		0.42340	0.87164	0.92852	-47.32232
29679	-50.00000		0.71418	0.76681	1.05610	-41.12714
29699	-50.00000		0.33861	0.57865	0.76917	-42.91281
29719	-50.00000		0.40423	0.37942	0.55979	-46.13017
29739	-50.00000		0.59130	0.71917	0.92860	-42.27630
29759	-50.00000		0.54738	0.80626	0.83243	-40.37594
29779	-50.00000		0.25607	0.69224	0.70459	-47.13348
29799	-50.00000		0.21733	0.72371	0.66075	-47.65053
29819	-50.00000		0.51864	0.52046	0.74816	-41.48349
29839	-50.00000		0.72947	0.69848	0.97341	-40.26357
29859	-50.00000		0.52818	0.70125	0.87712	-45.56685
29879	-50.00000		0.40413	0.85955	0.93020	-43.84545
29899	-50.00000		0.61412	0.70667	0.93678	-40.65159
29919	-50.00000		0.31500	0.53082	0.47134	-44.36126
29939	-50.00000		0.17612	0.25286	0.30420	-49.25766
29959	-50.00000		0.39627	0.76209	0.86988	-43.25425
29979	-50.00000		0.64612	0.48153	0.83530	-40.19679
29999	-50.00000		0.29387	0.62778	0.59979	-44.23057
30019	-50.00000		0.58948	0.67191	0.90779	-44.99099
30039	-50.00000		0.55671	0.62936	0.84780	-40.71164
30059	-50.00000		0.55095	0.79757	0.91875	-42.11045
30079	-50.00000		0.19026	0.59758	0.58656	-48.72680
30099	-50.00000		0.38290	0.67783	0.89521	-45.87264
30119	-50.00000		0.52224	0.64106	0.86102	-39.78800
30139	-50.00000		0.63661	0.67152	0.92486	-43.13644
30159	-50.00000		0.44063	0.65384	0.86295	-41.12991
30179	-50.00000		0.66727	0.66571	0.93042	-42.07317
30199	-50.00000		0.55036	0.90844	1.01081	-39.27816
30219	-50.00000		0.17057	0.52000	0.54701	-47.66002
30239	-50.00000		0.32488	0.73914	0.75879	-41.46716
30259	-50.00000		0.51856	0.81925	0.95599	-39.04345
30279	-50.00000		0.57241	0.64888	0.76987	-40.02221
30299	-50.00000		0.24295	0.45543	0.50502	-45.65778
30319	-50.00000		0.49680	0.82939	0.92556	-43.60155
30339	-50.00000		0.64966	0.55920	0.87612	-40.16774
30359	-50.00000		0.43369	0.67604	0.70779	-42.79018
30379	-50.00000		0.25800	0.73136	0.76194	-49.34568
30399	-50.00000		0.61514	0.68680	0.92441	-44.40958
30419	-50.00000		0.48287	0.65299	0.84606	-39.27777
30439	-50.00000		0.56438	0.84577	0.96194	-43.57721
30459	-50.00000		0.23661	0.55450	0.61114	-45.68525
30479	-50.00000		0.54184	0.85387	0.99743	-41.20325
30499	-50.00000		0.46805	0.59374	0.72340	-40.29508
30519	-50.00000		0.44261	0.79310	0.91887	-48.64954
30539	-50.00000		0.48644	0.78543	0.90152	-46.26144
30559	-50.00000		0.72583	0.64812	0.94033	-40.47282
30579	-50.00000		0.39217	0.62707	0.84607	-41.42651
30599	-50.00000		0.28268	0.51527	0.59678	-45.09907
30619	-50.00000		0.50617	0.52928	0.72169	-42.47381
30639	-50.00000		0.59850	0.88885	1.10731	-40.27960
30659	-50.00000		0.43798	0.83578	0.90569	-46.97420
30679	-50.00000		0.33068	0.84361	0.90766	-48.26354
30699	-50.00000		0.45482	0.74085	0.80288	-42.06863
30719	-50.00000		0.64836	0.47183	0.80701	-40.18226
30739	-50.00000		0.48051	0.46807	0.81915	-44.37383
30759	-50.00000		0.59010	0.88959	0.96980	-43.16333
30779	-50.00000		0.53825	0.61516	0.77570	-40.28912
30799	-50.00000		0.40614	0.77812	0.77427	-43.72395
30819	-50.00000		0.27932	0.67196	0.74113	-49.68110
30839	-50.00000		0.51361	0.82149	0.92777	-44.26413
30859	-50.00000		0.54575	0.73072	0.90087	-39.18400
30879	-50.00000		0.59082	0.70900	0.92183	-44.51218
30899	-50.00000		0.30121	0.65177	0.71950	-44.79446
30919	-50.00000		0.66475	0.82538	1.07377	-40.56055
30939	-50.00000		0.38658	0.59819	0.78472	-41.52498
30959	-50.00000		0.49148	0.51330	0.71557	-48.10926
30979	-50.00000		0.49739	0.75991	0.91948	-45.70350
30999	-50.00000		0.62536	0.84270	0.98744	-40.01423
31019	-50.00000		0.43134	0.76687	0.80445	-42.13905
31039	-50.00000		0.27484	0.51203	0.58775	-45.13494
31059	-50.00000		0.53806	0.53804	0.76489	-41.55734
31079	-50.00000		0.67097	0.80709	1.04357	-40.29564
31099	-50.00000		0.37256	0.69580	0.81665	-47.55340
31119	-50.00000		0.25960	0.86633	0.88735	-48.42536
31139	-50.00000		0.55757	0.70479	0.86870	-41.09389
31159	-50.00000		0.51337	0.57838	0.76631	-41.09166
31179	-50.00000		0.54258	0.39639	0.70001	-45.47618
31199	-50.00000		0.50239	0.90177	1.01461	-43.28416
31219	-50.00000		0.59376	0.51589	0.79337	-39.88712
31239	-50.00000		0.24933	0.53241	0.64510	-44.62598
31259	-50.00000		0.09745	0.47733	0.44853	-48.35072
31279	-50.00000		0.60608	0.74576	0.93235	-43.52367
31299	-50.00000		0.55540	0.75809	0.92871	-39.63774
31319	-50.00000		0.42881	0.92099	0.88816	-44.69105
31339	-50.00000		0.38090	0.61238	0.69259	-43.34498
31359	-50.00000		0.49348	0.83256	0.92772	-39.46726
31379	-50.00000		0.45241	0.40150	0.61966	-42.47576
31399	-50.00000		0.11111	0.35112	0.39052	-49.72091
31419	-50.00000		0.27578	0.68535	0.82440	-45.78137
31439	-50.00000		0.69764	0.69464	0.95986	-39.51209
31459	-50.00000		0.31545	0.61187	0.69860	-43.32761
31479	-50.00000		0.50412	0.46733	0.71374	-45.53045
31499	-50.00000		0.71577	0.61736	0.93125	-41.50011
31519	-50.00000		0.53628	0.87654	0.95874	-40.15654
31539	-50.00000		0.37503	0.48623	0.64936	-50.77584
31559	-50.00000		0.31420	0.70583	0.81099	-47.78471
31579	-50.00000		0.53731	0.81724	1.06123	-40.94690
31599	-50.00000		0.48917	0.44305	0.67058	-41.32753
31619	-50.00000		0.44537	0.71094	0.87140	-45.79541
31639	-50.00000		0.58340	0.90461	0.96344	-41.85241
31659	-50.00000		0.48443	0.63378	0.84741	-39.72764
31679	-50.00000		0.18694	0.52714	0.49134	-47.68692
31699	-50.00000		0.16210	0.43781	0.46573	-48.80432
31719	-50.00000		0.59077	0.84733	1.03023	-43.09451
31739	-50.00000		0.56612	0.88948	0.99893	-40.09613
31759	-50.00000		0.39803	0.87676	0.86127	-44.96521
31779	-50.00000		0.35960	0.54388	0.65771	-44.07281
31799	-50.00000		0.53451	0.82674	0.98116	-40.23154
31819	-50.00000		0.43994	0.70869	0.91708	-42.99443
31839	-50.00000		0.13945	0.50009	0.53897	-49.35469
31859	-50.00000		0.30148	0.71693	0.70497	-44.38391
31879	-50.00000		0.67345	0.65024	0.92881	-39.17342
31899	-50.00000		0.52629	0.41310	0.69188	-44.61933
31919	-50.00000		1.56639	0.75210	1.78003	-14.16650
31939	-50.00000		0.53544	0.60896	0.83740	-41.83307
31959	-50.00000		0.61678	0.77708	0.96117	-41.00895
31979	-50.00000		0.32446	0.63217	0.71406	-47.53179
31999	-50.00000		0.31275	0.70926	0.80786	-47.78471
32019	-50.00000		0.56497	0.85583	1.07400	-40.94690
32039	-50.00000		0.40718	0.62399	0.76467	-41.52496
32059	-50.00000		0.24533	0.56523	0.74325	-46.01936
32079	-50.00000		0.53660	0.88153	1.02973	-39.15096
32099	-50.00000		0.49385	0.59426	0.73888	-40.15181
32119	-50.00000		0.39897	0.76716	0.77972	-44.77667
32139	-50.00000		0.31672	0.69891	0.81838	-49.43377
32159	-50.00000		0.35792	0.70697	0.82666	-36.80186
32179	-50.00000		0.58550	0.53141	0.81575	-39.40559
32199	-50.00000		0.27908	0.57150	0.67853	-44.71452
32219	-50.00000		0.58074	0.49091	0.79598	-44.63150
32239	-50.00000		0.51404	0.64615	0.86280	-39.96153
32259	-50.00000		0.50552	0.83174	0.92596	-43.27555
32279	-50.00000		0.93820	1.00393	1.41017	-31.83040
32299	-50.00000		0.56343	0.55591	0.83722	-45.45805
32319	-50.00000		0.60737	0.74652	1.03037	-40.19163
32339	-50.00000		0.42859	0.74744	0.85832	-43.22309
32359	-50.00000		0.27117	0.46924	0.53005	-45.24215
32379	-50.00000		0.50717	0.57885	0.75694	-41.44261
32399	-50.00000		0.62027	0.89399	1.06008	-42.58470
32419	-50.00000		0.19092	0.47019	0.50558	-47.86068
32439	-50.00000		0.17561	0.47737	0.45749	-47.26118
32459	-50.00000		0.62439	0.58552	0.87288	-41.51712
32479	-50.00000		0.63663	0.74506	0.95415	-41.45894
32499	-50.00000		0.38629	0.71414	0.88576	-45.05349
32519	-50.00000		0.41392	0.74971	0.87038	-42.32729
32539	-50.00000		0.63349	0.46421	0.80289	-39.89505
32559	-50.00000		0.27451	0.53337	0.49966	-44.91457
32579	-50.00000		0.21858	0.46384	0.66454	-49.41394
32599	-50.00000		0.44338	0.87154	0.80506	-42.51776
32619	-50.00000		0.63026	0.61244	0.87045	-39.11514
32639	-50.00000		0.28284	0.74809	0.85905	-44.44535
32659	-50.00000		0.55279	0.77278	0.93205	-43.77594
32679	-50.00000		0.41752	0.74752	0.82586	-40.96778
32699	-50.00000		0.64516	0.55260	0.88173	-43.38283
32719	-50.00000		0.38303	0.42264	0.60054	-49.11911
32739	-50.00000		0.46938	0.50888	0.70903	-44.69101
32759	-50.00000		0.56026	0.86878	0.87425	-39.36414
32779	-50.00000		0.50060	0.66507	0.91887	-43.56691
32799	-50.00000		0.30799	0.73127	0.88258	-46.11646
32819	-50.00000		0.56337	0.85899	0.93243	-42.27269
32839	-50.00000		0.44886	0.56166	0.72687	-41.40094
32859	-50.00000		0.44140	0.52710	0.72018	-48.33590
32879	-50.00000		0.49328	0.62262	0.83897	-47.37926
32899	-50.00000		0.71642	0.76242	1.04427	-41.00172
32919	-50.00000		0.34287	0.60738	0.68730	-43.33282
32939	-50.00000		0.51550	0.40725	0.69037	-46.23213
32959	-50.00000		0.61829	0.73276	0.93780	-41.76836
32979	-50.00000		0.51624	0.61484	0.85569	-39.35628
32999	-50.00000		0.20802	0.48286	0.46643	-46.12326
33019	-50.00000		0.12087	0.59592	0.50640	-48.45111
33039	-50.00000		0.64577	0.51631	0.85723	-41.85528
33059	-50.00000		0.60307	0.94597	1.05370	-40.12971
33079	-50.00000		0.30496	0.68039	0.78656	-46.14169
33099	-50.00000		0.33930	0.71148	0.72389	-44.36636
33119	-50.00000		0.67262	0.84964	1.03350	-39.41342
33139	-50.00000		0.43084	0.38867	0.58950	-43.75757
33159	-50.00000		0.26173	0.28789	0.40687	-49.21700
33179	-50.00000		0.33548	0.74303	0.76927	-43.54567
33199	-50.00000		0.67672	0.50002	0.86499	-39.50439
33219	-50.00000		0.39425	0.63564	0.87197	-44.65245
33239	-50.00000		0.49790	0.80240	0.92036	-44.27608
33259	-50.00000		0.65798	0.62287	0.95458	-40.20752
33279	-50.00000		0.41219	0.70782	0.83122	-42.10801
33299	-50.00000		0.36942	0.74591	0.79646	-49.44362
33319	-50.00000		0.57747	0.66292	0.89709	-45.48274
33339	-50.00000		0.51226	0.63160	0.82502	-39.49771
33359	-50.00000		0.59783	0.73421	0.93050	-42.81745
33379	-50.00000		0.26716	0.61546	0.70130	-45.03546
33399	-50.00000		0.54073	0.66608	0.82418	-41.44237
33419	-50.00000		0.59873	0.66916	0.94667	-40.76825
33439	-50.00000		0.50116	0.58127	0.80283	-48.22486
33459	-50.00000		0.42578	0.72689	0.88754	-47.40511
33479	-50.00000		0.71000	0.84649	0.93050	-40.80962
33499	-50.00000		0.43549	0.62483	0.71924	-41.21962
33519	-50.00000		0.29352	0.41957	0.46603	-45.60312
33539	-50.00000		0.58169	0.49791	0.78978	-42.39878
33559	-50.00000		0.58789	0.69702	0.86250	-40.32743
33579	-50.00000		0.44211	0.74833	0.87506	-46.50297
33599	-50.00000		0.42970	0.82484	0.88655	-48.77524
33619	-50.00000		0.52626	0.47944	0.70866	-41.95925
33639	-50.00000		0.74034	0.72412	1.02251	-39.74199
33659	-50.00000		0.53198	0.51578	0.77443	-45.05444
33679	-50.00000		0.38530	0.72595	0.87508	-44.07111
33699	-50.00000		0.68159	0.68088	0.93831	-40.40791
33719	-50.00000		0.42693	0.63186	0.71229	-42.76443
33739	-50.00000		0.26358	0.63196	0.68576	-48.18468
33759	-50.00000		0.63431	0.64951	0.91821	-44.11892
33779	-50.00000		0.51481	0.63850	0.85075	-38.72602
33799	-50.00000		0.60643	0.78640	0.96732	-44.07111
33819	-50.00000		0.23043	0.55680	0.71162	-45.02946
33839	-50.00000		0.48914	0.73909	0.80284	-40.97957
33859	-50.00000		0.55714	0.44212	0.71982	-41.27716
33879	-50.00000		0.25382	0.66899	0.82325	-48.34547
33899	-50.00000		0.30653	0.73717	0.86713	-47.00221
33919	-50.00000		0.56250	0.88949	0.99635	-40.72784
33939	-50.00000		0.36935	0.59939	0.66734	-41.45896
33959	-50.00000		0.41582	0.40509	0.58950	-45.97934
33979	-50.00000		0.62189	0.69809	0.92852	-42.18286
33999	-50.00000		0.50917	0.74959	0.89113	-40.39209
34019	-50.00000		0.27631	0.67037	0.77049	-46.42908
34039	-50.00000		0.24485	0.78448	0.76635	-48.30954
34059	-50.00000		0.57672	0.44542	0.74431	-41.80534
34079	-50.00000		0.72583	0.68776	0.96400	-40.30364
34099	-50.00000		0.50116	0.71772	0.89622	-45.91844
34119	-50.00000		0.36525	0.67871	0.71939	-43.17649
34139	-50.00000		0.67328	0.71225	0.95023	-39.67194
34159	-50.00000		0.37024	0.44472	0.54090	-43.66985
34179	-50.00000		0.19946	0.20627	0.29104	-49.30652
34199	-50.00000		0.32085	0.82667	0.89371	-43.30658
34219	-50.00000		0.64940	0.51366	0.84801	-39.13703
34239	-50.00000		0.35170	0.72466	0.76659	-44.27855
34259	-50.00000		0.56233	0.74152	0.92603	-44.97216
34279	-50.00000		0.59711	0.78975	1.02888	-40.08812
34299	-50.00000		0.45780	0.75024	0.91416	-41.70757
34319	-50.00000		0.38431	0.63515	0.69409	-49.40406
34339	-50.00000		0.45658	0.66458	0.90713	-46.10490
34359	-50.00000		0.53530	0.57757	0.81206	-39.89947
34379	-50.00000		0.45467	0.64616	0.82434	-43.48022
34399	-50.00000		0.34070	0.43718	0.55770	-45.33333
34419	-50.00000		0.55122	0.56210	0.82114	-41.16010
34439	-50.00000		0.61139	0.78987	0.97509	-41.16010
34459	-50.00000		0.11078	0.40371	0.37208	-48.71738
34479	-50.00000		0.19445	0.39950	0.45826	-47.86020
34499	-50.00000		0.54026	0.57573	0.76148	-40.73057
34519	-50.00000		0.46913	0.82620	0.94457	-43.46584
34539	-50.00000		0.30156	0.51146	0.48776	-45.69956
34559	-50.00000		0.41852	0.64020	0.71452	-41.59219
34579	-50.00000		0.72753	0.63600	0.93591	-40.35197
34599	-50.00000		0.46186	0.39309	0.63890	-46.40451
34619	-50.00000		0.37102	0.83707	0.89567	-48.78061
34639	-50.00000		0.42536	0.67301	0.80630	-42.53463
34659	-50.00000		0.56776	0.51503	0.74491	-39.98239
34679	-50.00000		0.27772	0.36828	0.44185	-45.57689
34699	-50.00000		0.54555	0.92957	0.98969	-43.32248
34719	-50.00000		0.54509	0.52504	0.77943	-40.28705
34739	-50.00000		0.44897	0.82095	0.82626	-44.05532
34759	-50.00000		0.32774	0.76413	0.82660	-48.74159
34779	-50.00000		0.52540	0.53589	0.77790	-43.29917
34799	-50.00000		0.50809	0.60244	0.88145	-39.34885
34819	-50.00000		0.60347	0.70373	0.92246	-44.61039
34839	-50.00000		0.33564	0.69528	0.77115	-44.90150
34859	-50.00000		0.58270	0.90936	0.96653	-40.68187
34879	-50.00000		0.39020	0.56473	0.63168	-42.19989
34899	-50.00000		0.44110	0.69647	0.84208	-47.98495
34919	-50.00000		0.42031	0.77154	0.91005	-45.41492
34939	-50.00000		0.63539	0.80890	0.97931	-40.05412
34959	-50.00000		0.34532	0.55914	0.70460	-44.09602
34979	-50.00000		0.41018	0.66182	0.85192	-46.69355
34999	-50.00000		0.69845	0.62955	0.92942	-40.72247
35019	-50.00000		0.48623	0.77786	0.92282	-40.20757
35039	-50.00000		0.19194	0.46382	0.43941	-47.49920
35059	-50.00000		0.13970	0.44734	0.43903	-48.37986
35079	-50.00000		0.62602	0.72990	1.02479	-40.95506
35099	-50.00000		0.56468	0.88116	0.96640	-41.56633
35119	-50.00000		0.37935	0.69234	0.85999	-45.00821
35139	-50.00000		0.36544	0.66479	0.79503	-42.23541
35159	-50.00000		0.73677	0.56101	0.92407	-39.38761
35179	-50.00000		0.36711	0.63679	0.80440	-45.22419
35199	-50.00000		0.38760	0.35845	0.60987	-49.01875
35219	-50.00000		0.34456	0.69383	0.82356	-43.25826
35239	-50.00000		0.66476	0.78707	1.00404	-39.04569
35259	-50.00000		0.37204	0.44029	0.59176	-45.39490
35279	-50.00000		0.37297	0.56992	0.64954	-44.24061
35299	-50.00000		0.48003	0.90742	0.91978	-40.08714
35319	-50.00000		0.50372	0.41462	0.67243	-42.60215
35339	-50.00000		0.11668	0.39648	0.45783	-48.36048
35359	-50.00000		0.34357	0.73234	0.81749	-44.28175
35379	-50.00000		0.70800	0.74558	1.02781	-39.42615
35399	-50.00000		0.40879	0.57868	0.64422	-43.88943
35419	-50.00000		0.53993	0.51360	0.77957	-45.17088
35439	-50.00000		0.61922	0.68506	0.96475	-41.58282
35459	-50.00000		0.38860	0.78746	0.85790	-40.49805
35479	-50.00000		0.16311	0.52367	0.64848	-48.46409
35499	-50.00000		0.56314	0.61199	0.85448	-36.98182
35519	-50.00000		0.70557	0.74352	1.00188	-40.50315
35539	-50.00000		0.47086	0.89403	0.93250	-41.32656
35559	-50.00000		0.27744	0.55780	0.64016	-45.36207
35579	-50.00000		0.44079	0.60458	0.76288	-41.89703
35599	-50.00000		0.73232	0.72172	1.01108	-39.26988
35619	-50.00000		0.50759	0.61069	0.83492	-45.72676
35639	-50.00000		0.48153	0.67526	0.86269	-48.92450
35659	-50.00000		0.35977	0.66727	0.74628	-42.72927
35679	-50.00000		0.67380	0.58622	0.88807	-39.21682
35699	-50.00000		0.36143	0.31533	0.46534	-49.52274
35719	-50.00000		0.61741	0.82519	0.95526	-43.75859
35739	-50.00000		0.53512	0.60933	0.82430	-40.70621
35759	-50.00000		0.51681	0.79591	0.89708	-43.44069
35779	-50.00000		0.39827	0.49641	0.67925	-49.41437
35799	-50.00000		0.62202	0.64111	0.90603	-44.39173
35819	-50.00000		0.46123	0.61073	0.85167	-39.60840
35839	-50.00000		0.62841	0.61657	0.90344	-43.40303
35859	-50.00000		0.26986	0.69919	0.86773	-45.25312
35879	-50.00000		0.54126	0.84610	1.06848	-41.12143
35899	-50.00000		0.44347	0.61085	0.73877	-40.26279
35919	-50.00000		1.04885	0.93448	1.41921	-33.45416
35939	-50.00000		0.14532	0.42717	0.46488	-47.59367
35959	-50.00000		0.56009	0.58564	0.83750	-40.77942
35979	-50.00000		0.63854	0.55921	0.87832	-40.89814
35999	-50.00000		0.47231	0.81448	0.90745	-45.88575
36019	-50.00000		0.53983	0.68566	0.82737	-26.59020
36039	-50.00000		0.53526	0.62118	0.80838	-40.08821
36059	-50.00000		0.27805	0.76378	0.70828	-43.04307
36079	-50.00000		0.17926	0.42359	0.45416	-49.55275
36099	-50.00000		0.60574	0.75138	0.93892	-42.61898
36119	-50.00000		0.55030	0.66152	0.91403	-39.56696
36139	-50.00000		0.40764	0.94200	0.93021	-44.45430
36159	-50.00000		0.28013	0.58405	0.65002	-44.53892
36179	-50.00000		0.61793	0.90651	1.05159	-39.89589
36199	-50.00000		0.48614	0.43564	0.65948	-42.56837
36219	-50.00000		0.12415	0.41314	0.43224	-49.70102
36239	-50.00000		0.29239	0.70648	0.72275	-45.86350
36259	-50.00000		0.12556	0.49039