--- Terminal on /dev/ttyUSB0 | 115200 8-N-1
--- Available filters and text transformations: colorize, debug, default, direct, esp32_exception_decoder, hexlify, log2file, nocontrol, printable, send_on_enter, time
--- More details at https://bit.ly/pio-monitor-filters
--- Quit: Ctrl+C | Menu: Ctrl+T | Help: Ctrl+T followed by Ctrl+H
MOT: Init
MOT: Enable driver.
MOT: Align sensor.
MOT: sensor_direction==CCW
MOT: PP check: OK!
MOT: Zero elec. angle: 1.65
MOT: Align current sense.
CS: Inv B
MOT: Success: 3
MOT: Ready.
Motor 1
MOT: Monitor enabled!
ESP32-DRV: Configuring 3PWM in group: 1 on timer: 0
ESP32-DRV: Configuring 2 operators.
ESP32-DRV: Configuring 3 comparators.
ESP32-DRV: Configuring 3 generators.
ESP32-DRV: Configuring center-aligned pwm.
ESP32-DRV: Enabling timer: 0
ESP32-DRV: MCPWM configured!
MOT: Init
MOT: Enable driver.
MOT: Align sensor.
MOT: sensor_direction==CCW
MOT: PP check: OK!
MOT: Zero elec. angle: 0.40
MOT: Align current sense.
CS: Inv B
MOT: Success: 3
MOT: Ready.
0	0.00000		0.09914	-0.01298	0.10247	-0.00010	0.17858	0.01104	0.17278	-0.04517
15733	0.00000		0.03247	-0.00263	0.03211	-0.28965	-0.01347	-0.00445	0.01453	0.86862
15753	0.00000		-0.01044	-0.00911	0.01090	0.57908	0.04905	0.01243	0.05537	0.00000
15773	0.00000		-0.03982	-0.00796	0.01940	-0.28960	0.02455	0.02781	0.03307	0.00000
15793	0.00000		-0.02384	-0.01830	0.02021	0.28689	-0.01695	0.02512	0.01706	0.28646
15813	0.00000		-0.02273	-0.00249	0.02167	0.00000	-0.05101	0.02586	0.08902	0.57853
15833	0.00000		0.00426	-0.00241	0.01087	0.28775	-0.00571	0.00469	0.00714	-0.57474
15853	0.00000		-0.01204	0.01462	0.05878	-0.86601	-0.01562	0.01669	0.02097	0.00000
15873	0.00000		-0.02416	0.00887	0.03910	0.57734	0.02416	-0.00153	0.00700	0.00000
15893	0.00000		-0.00819	-0.00433	0.01427	0.00000	-0.02444	-0.01470	0.02566	0.57974
15913	0.00000		-0.01790	-0.00795	0.01639	0.28965	0.11233	-0.10367	0.03018	-0.57908
15933	0.00000		-0.01460	-0.01164	0.02872	0.57875	0.07459	-0.08374	0.00922	0.57843
15953	0.00000		-0.03775	0.00595	0.04454	0.00000	0.00361	-0.00594	0.00808	0.86730
15973	0.00000		-0.00647	-0.01666	0.13167	0.00000	-0.03228	0.02134	0.08364	0.00000
15993	0.00000		-0.08323	-0.02027	0.02094	0.28981	-0.01190	-0.00146	0.02373	0.28981
16013	0.00000		-0.03414	-0.01533	0.01639	0.28960	-0.03262	-0.00098	0.05054	0.00000
16033	0.00000		-0.03615	-0.01243	0.01705	0.86879	-0.01165	0.00438	0.02631	0.57929
16053	0.00000		-0.04056	-0.00185	0.05113	0.28960	0.02337	-0.00031	0.02290	0.28964
16073	0.00000		-0.00119	0.01353	0.01082	-1.00920	-0.02836	0.02001	0.04396	0.33690
16093	0.00000		-0.05263	-0.00412	0.07428	0.67383	0.01872	0.00170	0.04392	0.00000
16113	0.00000		0.02884	0.00459	0.02646	-0.67310	-0.01671	-0.00004	0.00579	0.33713
16133	0.00000		-0.00275	-0.01058	0.01312	-0.33714	0.01011	-0.00668	0.00981	0.33766
16153	0.00000		-0.00479	0.00732	0.00712	0.33699	-0.01821	0.00593	0.01522	0.00000
16173	0.00000		-0.00918	-0.00536	0.01112	0.00000	-0.00589	-0.04313	0.02925	0.00000
16193	0.00000		-0.01157	0.00567	0.02674	-0.33670	-0.03580	0.02015	0.03293	0.00000
16213	0.00000		0.03141	0.00755	0.03721	-0.33670	0.01000	-0.00990	0.00579	0.00000
16233	0.00000		-0.01796	-0.00945	0.02021	0.00000	-0.04801	0.08586	0.00940	0.00000
16253	0.00000		0.01282	0.00822	0.01996	0.00000	-0.04859	0.01800	0.02922	-0.33684
16273	0.00000		-0.00770	0.01730	0.03623	0.00000	0.00988	-0.00702	0.00849	0.00000
16293	0.00000		-0.00444	0.01061	0.04361	0.00000	-0.02174	0.02103	0.01482	0.00000
16313	0.00000		-0.00764	-0.00855	0.01216	0.28916	-0.00756	0.01035	0.00961	0.28883
16333	0.00000		-0.03165	0.01035	0.01985	0.28938	-0.00352	0.00193	0.01553	-0.28905
16353	0.00000		-0.01906	0.00941	0.02954	-0.57886	-0.03874	0.02754	0.04490	0.00000
16373	0.00000		-0.02039	0.01068	0.02811	-0.28943	-0.03363	0.02883	0.03895	-0.57810
16393	0.00000		-0.02183	0.01098	0.02295	0.00000	0.00138	0.00323	0.01261	-0.28905
16413	0.00000		0.06796	0.00557	0.02064	-0.86944	-0.03631	-0.00057	0.00605	0.00000
16433	0.00000		0.01672	-0.00701	0.00753	0.00000	-0.01803	0.02077	0.02899	-0.28916
16453	0.00000		0.04422	0.00972	0.04956	0.00000	-0.02509	0.02172	0.03084	0.00000
16473	0.00000		-0.01577	0.01113	0.03531	0.57843	-0.02970	0.00009	0.00153	0.28894
16493	0.00000		-0.01630	0.01676	0.02222	0.28927	-0.02312	0.01629	0.02261	-0.28927
16513	0.00000		0.08401	-0.18786	0.01455	0.28938	0.01395	-0.00359	0.08815	0.00000
16533	0.00000		0.00462	0.00675	0.03056	0.00000	-0.04461	0.02747	0.04719	0.28905
16553	0.00000		-0.01484	-0.00482	0.01918	0.00000	0.00076	0.02270	0.03393	-0.28954
16573	0.00000		-0.02300	0.01191	0.02776	-0.28932	-0.03474	0.02194	0.05290	0.28910
16593	0.00000		-0.01779	0.00801	0.02896	0.00000	0.00831	-0.00353	0.01085	0.28910
16613	0.00000		-0.01796	0.00479	0.11171	0.28938	0.00663	0.01753	0.01693	0.28938
16633	0.00000		-0.00892	-0.01549	0.01559	-0.28987	0.00761	0.02751	0.02824	0.00000
16653	0.00000		-0.02078	0.00619	0.01305	0.33640	0.01592	-0.00044	0.02610	0.33684
16673	0.00000		-0.07099	0.00799	0.05814	0.33684	-0.01372	0.00385	0.02134	0.33683
16693	0.00000		-0.01951	0.00843	0.03153	-0.33714	-0.03637	0.02528	0.04901	-0.33736
16713	0.00000		-0.01909	0.01197	0.02616	-0.33729	-0.03863	0.01642	0.03799	0.00000
16733	0.00000		0.00091	-0.00434	0.01028	0.33736	-0.00436	0.02003	0.02782	0.33744
16753	0.00000		-0.08143	0.18723	0.02310	0.00000	-0.03168	0.03199	0.04255	0.33736
16773	0.00000		-0.00014	0.02169	0.04009	0.00000	-0.03274	0.04404	0.01086	0.00000
16793	0.00000		0.00856	0.00971	0.01084	0.00000	0.01063	0.01716	0.06423	-0.33742
16813	0.00000		-0.04621	0.10722	0.01237	0.00000	-0.04422	0.10014	0.03474	0.00000
16833	0.00000		-0.05488	-0.00809	0.05343	0.00000	-0.01762	-0.00972	0.02910	-0.28976
16853	0.00000		-0.02321	0.03983	0.01099	0.00000	0.04350	-0.11364	0.01045	0.00000
16873	0.00000		-0.04464	-0.00698	0.04606	-0.28965	0.01604	0.02829	0.04382	-0.28976
16893	0.00000		-0.01518	-0.00497	0.01263	-0.67236	0.03610	0.02609	0.02235	0.00000
16913	0.00000		-0.02026	0.00251	0.02906	-0.33174	-0.01551	0.02496	0.03500	0.33232
16933	0.00000		-0.04888	0.00877	0.07674	0.00000	-0.01384	0.00338	0.01273	-0.33699
16953	0.00000		-0.05074	0.00877	0.05773	0.33662	0.00476	0.00012	0.01602	-0.67382
16973	0.00000		-0.01079	-0.00241	0.01559	-0.33729	0.05980	0.00706	0.05282	0.00000
16993	0.00000		-0.03524	0.00535	0.02357	0.00000	0.01404	0.00081	0.01420	0.00000
17013	0.00000		0.03699	0.00735	0.07214	0.00000	-0.04749	0.02280	0.04490	-0.33698
17033	0.00000		-0.00990	-0.00404	0.00994	0.00000	0.01593	-0.00017	0.01652	-0.33727
17053	0.00000		-0.02233	0.00561	0.02357	0.00000	0.01278	0.00582	0.01501	0.33736
17073	0.00000		-0.02610	0.00902	0.07818	0.00000	-0.00734	0.01914	0.02268	0.33296
17093	0.00000		-0.01773	-0.00993	0.07815	-0.28640	-0.00826	-0.00027	0.14697	0.00000
17113	0.00000		-0.02487	0.00466	0.02674	-0.28927	-0.04432	0.02130	0.04713	-0.28927
17133	0.00000		0.01537	0.00354	0.02421	0.28949	0.00339	0.02586	0.11532	0.28942
17153	0.00000		-0.04253	-0.01732	0.11538	0.28943	-0.01414	0.00173	0.01507	0.28942
17173	0.00000		-0.02904	0.00630	0.02896	-0.57463	0.00791	0.02989	0.02501	0.00000
17193	0.00000		-0.00039	-0.00105	0.00688	-0.86503	-0.06148	0.00594	0.10713	22.48224
17213	0.00000		0.00036	0.01517	0.02906	0.57832	-0.03780	0.02350	0.03834	-1.15663
17233	0.00000		0.01435	0.00656	0.01440	0.00000	-0.03426	0.01180	0.03274	0.00000
17253	0.00000		0.06496	-0.18741	0.02241	2.02602	-0.05005	0.12792	0.02074	0.28921
17273	0.00000		-0.00243	-0.01863	0.13199	-0.28938	0.00510	0.00632	0.01347	-0.86813
17293	0.00000		-0.01982	0.00489	0.13167	0.28938	-0.00571	0.01334	0.01685	0.57875
17313	0.00000		-0.01647	-0.00147	0.01216	0.28960	-0.01195	0.00096	0.01342	-0.28960
17333	0.00000		-0.02489	0.01484	0.01990	0.00000	0.01220	-0.00051	0.11655	-0.28960
17353	0.00000		-0.03958	-0.00890	0.10111	0.67383	-0.13031	0.01465	0.01030	0.33707
17373	0.00000		-0.02572	0.00859	0.02484	-0.33633	-0.02619	0.02277	0.04374	-0.33692
17393	0.00000		-0.01539	0.00548	0.02347	-0.33647	-0.02870	0.01953	0.04241	0.00000
17413	0.00000		0.02782	0.01438	0.02748	-0.33647	-0.09986	0.01040	0.02214	0.33714
17433	0.00000		-0.00429	-0.00070	0.01094	0.00000	-0.01358	0.00431	0.00547	0.00000
17453	0.00000		0.00038	-0.01395	0.01270	-0.33766	0.06685	0.03425	0.07027	-0.33796
17473	0.00000		0.01057	0.00940	0.07972	0.00000	-0.03914	0.02132	0.05255	0.67398
17493	0.00000		0.01295	0.00800	0.02405	0.33625	0.00038	0.02271	0.04719	0.33647
17513	0.00000		-0.02159	0.00535	0.02099	0.33692	-0.00638	0.00058	0.00579	-0.33684
17533	0.00000		-0.01902	0.05061	0.02164	-0.67458	0.01965	0.00009	0.03407	0.00000
17553	0.00000		-0.02188	-0.00665	0.01805	-0.86895	0.00108	0.01871	0.03434	0.57952
17573	0.00000		-0.01780	-0.01022	0.02592	0.28921	-0.03412	0.02106	0.02909	0.00000
17593	0.00000		-0.02515	0.00619	0.02855	0.00000	-0.00267	-0.00032	0.04653	-0.28894
17613	0.00000		-0.03099	0.00266	0.04327	-0.28916	-0.05100	0.01201	0.04526	-0.28894
17633	0.00000		-0.03637	0.00189	0.03551	0.00000	0.00045	-0.00141	0.06375	-0.28894
17653	0.00000		-0.02919	0.00313	0.02811	-0.57832	-0.04349	0.00895	0.05548	-0.57788
17673	0.00000		-0.03452	0.00291	0.03249	0.00000	0.00043	-0.00142	0.07591	0.28894
17693	0.00000		-0.03297	0.00767	0.04046	-0.28976	-0.04982	0.00482	0.05537	0.28970
17713	0.00000		-0.00027	-0.00109	0.01173	-0.28932	0.00554	0.02134	0.02763	-0.28921
17733	0.00000		-0.00742	-0.00761	0.00450	0.28921	-0.00922	-0.00520	0.04026	0.00000
17753	0.00000		-0.02057	0.01453	0.02149	-0.57941	-0.02040	0.00750	0.03055	0.28942
17773	0.00000		-0.01277	-0.01133	0.03408	0.86731	-0.06096	0.06015	0.01236	0.00000
17793	0.00000		-0.01618	0.00710	0.02734	-0.28927	-0.05721	0.01225	0.05581	0.00000
17813	0.00000		0.00700	-0.00007	0.01590	-0.28938	0.01860	0.00912	0.02290	0.00000
17833	0.00000		-0.00937	-0.00786	0.00271	-0.28910	0.02588	0.00868	0.02868	0.28894
17853	0.00000		-0.03440	0.00407	0.02795	0.00000	0.10650	0.01827	0.00705	0.28916
17873	0.00000		-0.02288	0.00255	0.07637	0.00000	-0.05795	-0.01329	0.01246	-0.57723
17893	0.00000		-0.01296	0.00729	0.05816	-0.86584	-0.01495	0.02126	0.05290	-0.28861
17913	0.00000		-0.03135	0.00727	0.05698	0.00000	0.13741	0.04715	0.01086	0.28861
17933	0.00000		-0.02141	-0.01066	0.02338	-0.57930	0.03570	0.02185	0.03484	0.00000
17953	0.00000		-0.04359	0.00467	0.05416	0.28932	0.00184	0.00403	0.09024	0.00000
17973	0.00000		-0.03955	-0.02180	0.02097	0.00000	-0.01053	-0.00651	0.17238	0.28981
17993	0.00000		-0.02518	-0.01248	0.02510	0.57875	-0.05510	0.00929	0.03691	0.00000
18013	0.00000		-0.00510	-0.00757	0.00728	0.00000	0.01613	0.00822	0.02827	-0.33729
18033	0.00000		-0.00543	-0.00295	0.01440	0.33647	-0.03565	0.00649	0.04448	0.67383
18053	0.00000		-0.04599	0.00827	0.03896	0.00000	-0.01681	-0.00510	0.00682	0.00000
18073	0.00000		-0.00868	-0.00862	0.01420	0.00000	0.01346	0.00408	0.01779	0.00000
18093	0.00000		-0.01628	-0.00581	0.05248	0.33684	-0.02500	0.00961	0.01287	-0.33699
18113	0.00000		-0.03190	-0.00254	0.04046	0.00000	-0.04962	0.00326	0.05581	0.33736
18133	0.00000		-0.02879	-0.00947	0.02759	0.00000	0.02252	-0.02686	0.01688	0.33796
18153	0.00000		-0.02927	-0.00231	0.03607	0.33670	-0.05250	0.00054	0.04382	0.00000
18173	0.00000		-0.03456	0.00232	0.04345	1.01031	0.00332	0.00258	0.00605	-0.33707
18193	0.00000		-0.00361	-0.00892	0.01175	0.00000	-0.03624	0.04793	0.01290	0.00000
18213	0.00000		-0.02580	0.00232	0.01973	0.33662	-0.03894	0.01445	0.01974	0.33670
18233	0.00000		-0.00086	-0.01550	0.02175	-13.45596	0.00522	0.00669	0.05641	-0.33640
18253	0.00000		-0.02811	-0.01240	0.15483	0.67354	-0.01488	0.00002	0.02182	-0.33692
18273	0.00000		0.06693	-0.11641	0.03308	0.00000	0.00585	-0.00061	0.10132	0.00000
18293	0.00000		-0.03764	0.00659	0.03242	0.33729	0.00907	-0.00544	0.01007	0.00000
18313	0.00000		0.06786	-0.14677	0.04223	0.33633	0.02002	-0.00502	0.02519	-0.67310
18333	0.00000		-0.01242	-0.01196	0.05775	0.00000	-0.04642	0.01657	0.05246	0.00000
18353	0.00000		-0.04218	0.00381	0.03381	-0.57875	-0.05520	0.01641	0.04557	0.00000
18373	0.00000		-0.00738	-0.01859	0.01942	0.28921	-0.03748	0.02985	0.04074	-0.28878
18393	0.00000		-0.02399	0.00630	0.03127	-0.28916	-0.05372	0.02423	0.05741	0.00000
18413	0.00000		-0.03480	0.00772	0.02106	0.00000	0.00938	-0.00166	0.00658	-0.28905
18433	0.00000		-0.01200	0.02139	0.00753	0.28949	-0.00803	-0.01611	0.02782	0.28938
18453	0.00000		-0.04357	0.00729	0.02044	-0.57963	-0.00604	0.01768	0.02467	0.00000
18473	0.00000		-0.04083	0.00899	0.04439	0.57550	0.03999	0.00463	0.04134	-0.28775
18493	0.00000		-0.08165	0.00447	0.04327	0.00000	-0.02873	-0.00078	0.00892	0.28949
18513	0.00000		-0.03288	0.01090	0.03127	0.86846	0.00771	0.00804	0.01131	0.00000
18533	0.00000		-0.04553	-0.00905	0.05383	0.00000	0.02446	0.00409	0.02280	-0.57853
18553	0.00000		0.00822	0.00999	0.01124	-0.57886	-0.02151	-0.00555	0.02670	0.28943
18573	0.00000		0.00207	-0.00591	0.01444	0.86698	-0.02157	0.01864	0.02922	0.00000
18593	0.00000		-0.02351	0.01395	0.05917	0.00000	-0.08101	-0.00801	0.01133	0.57832
18613	0.00000		-0.00886	0.01352	0.03721	-0.28861	-0.01103	0.01466	0.05686	0.00000
18633	0.00000		-0.00890	-0.00582	0.13672	-0.28943	-0.03415	0.08400	0.02084	0.00000
18653	0.00000		-0.00146	-0.00906	0.12554	-0.28949	-0.04991	0.11143	0.01875	0.28943
18673	0.00000		0.00230	0.01028	0.01466	-0.57734	0.02056	-0.00797	0.00331	-0.28861
18693	0.00000		0.00878	-0.00424	0.07578	0.00000	0.00854	0.02590	0.03542	0.00000
18713	50.00000		-0.01850	-0.00840	0.01500	0.28932	0.05943	-0.13746	0.02215	0.28921
18733	50.00000		-0.32446	0.35468	0.48143	31.76542	-0.55536	0.50868	0.78841	31.69382
18753	50.00000		-0.58649	0.53803	0.76410	29.07338	-0.56608	0.72683	0.91036	26.76051
18773	50.00000		-0.58851	0.45479	0.71116	24.25273	-0.37443	0.72256	0.85086	24.50447
18793	50.00000		-0.65407	0.39598	0.77946	21.94286	-0.71826	0.51873	0.90157	26.26386
18813	50.00000		-0.56933	0.30924	0.68008	30.02710	-0.71007	-0.46086	0.88996	33.49808
18833	50.00000		-0.54072	0.46710	0.71495	29.42679	0.75624	-0.43525	0.88917	37.32173
18853	50.00000		-0.62361	0.49106	0.84085	30.49549	0.52786	0.77978	0.95484	35.94146
18873	50.00000		-0.65143	0.48069	0.83072	24.79744	-0.45129	0.84010	0.94814	31.40569
18893	50.00000		-0.74729	0.40251	0.87705	21.29731	-0.78270	-0.50371	0.95454	31.64033
18913	50.00000		-0.75109	0.40577	0.87299	19.96760	0.80661	0.57987	0.99574	39.34037
18933	50.00000		-0.73480	0.37586	0.85810	22.22744	-0.02525	-1.11991	1.15019	37.80836
18953	50.00000		-0.63724	0.42198	0.84550	26.22927	0.98858	0.02609	1.02062	29.11711
18973	50.00000		-0.51119	0.49375	0.75297	34.55561	0.48593	-0.88586	0.91144	25.88753
18993	50.00000		-0.55793	0.60189	0.85689	33.88715	-0.81326	-0.38416	0.90299	29.18990
19013	50.00000		-0.70310	0.50670	0.88068	28.06671	-0.47790	-0.97503	1.10380	35.72055
19033	50.00000		-0.79148	0.43074	0.91708	24.48730	0.78765	0.73167	1.08450	40.03153
19053	50.00000		-0.74051	0.44179	0.89096	24.84992	-1.08720	-0.18862	1.11918	32.25188
19073	50.00000		-0.74276	0.47231	0.89911	29.33041	-0.13005	-1.05951	1.07102	31.77405
19093	50.00000		-0.63323	0.55099	0.85416	33.61045	0.10287	-1.03064	1.04465	34.64912
19113	50.00000		-0.64693	0.48548	1.10037	27.52183	0.83031	0.45144	0.94846	40.58918
19133	50.00000		-0.70266	0.53644	0.91459	23.38896	-1.06774	-0.59149	1.26652	36.71407
19153	50.00000		-0.78871	0.45308	0.92571	20.46203	1.03584	-0.55195	1.18279	28.86072
19173	50.00000		-0.81688	0.46657	0.92935	22.52888	0.77639	0.69360	1.03279	27.93955
19193	50.00000		-0.76127	0.53961	0.91266	27.56054	-0.19050	1.01192	1.09025	33.56631
19213	50.00000		-0.63120	0.49393	0.84156	36.63539	-0.88442	0.48248	0.99179	40.33255
19233	50.00000		-0.74705	0.61326	0.95323	34.00522	-0.92060	-0.55499	1.08882	38.41452
19253	50.00000		-0.71453	0.61246	0.93082	27.98497	0.08824	-1.11952	1.14565	33.15313
19273	50.00000		-0.81400	0.48523	0.93133	25.34085	1.11178	-0.13053	1.13278	33.97968
19293	50.00000		-0.76281	0.48963	0.92172	25.80581	-0.84732	0.69452	1.11684	40.43732
19313	50.00000		-0.76757	0.57211	0.92463	31.42561	0.05550	-1.20197	1.25453	38.38615
19333	50.00000		-0.73170	0.53993	0.92115	32.58786	0.34425	-1.03959	1.07076	30.92837
19353	50.00000		-0.89114	0.50658	1.03383	26.14740	0.37024	-1.04334	1.11038	27.83566
19373	50.00000		-0.87633	0.44463	0.93480	22.23997	1.14424	-0.15219	1.19749	30.01580
19393	50.00000		-0.90355	0.47987	1.01294	21.88523	-0.86159	0.49518	0.99644	38.86049
19413	50.00000		-0.77422	0.48022	0.92432	23.14686	1.08169	0.16486	1.09596	39.63252
19433	50.00000		-0.75433	0.50143	0.91589	31.05923	-0.60847	1.04474	1.23965	34.81743
19453	50.00000		-0.76615	0.54769	0.92432	36.92865	0.10231	1.00427	0.95084	32.28827
19473	50.00000		-0.71486	0.57484	0.92150	32.58218	0.01388	1.08108	1.08422	37.42117
19493	50.00000		-0.86467	0.50443	0.97981	27.41827	-0.77601	-0.87777	1.20336	40.05699
19513	50.00000		-0.82102	0.50452	0.94147	25.10472	0.04674	-0.09676	0.08855	34.35148
19533	50.00000		-0.75845	0.50680	0.91933	28.55670	0.71346	0.96173	1.22121	29.70485
19553	50.00000		-0.58726	0.56583	0.90319	33.90659	1.05195	0.20535	1.09278	28.26673
19573	50.00000		-0.75074	0.57391	0.93048	30.60456	1.05419	0.12263	1.07918	34.85012
19593	50.00000		-0.89067	0.49865	1.00662	24.79744	-0.80532	0.42752	0.95251	40.04944
19613	50.00000		-0.85421	0.48039	0.97765	22.50764	1.15882	-0.20440	1.21384	36.93560
19633	50.00000		-0.92214	0.44570	1.01669	21.28134	-0.98872	0.52030	1.17152	33.33492
19653	50.00000		-0.82954	0.46636	0.98054	26.18499	-0.03531	-0.91853	0.92074	38.83862
19673	50.00000		-0.54892	0.50048	0.78045	35.05575	1.06529	-0.11274	1.07647	40.27575
19693	50.00000		-0.78053	0.66038	0.92719	36.08349	0.94632	0.73888	1.24761	36.92862
19713	50.00000		-0.76900	0.50547	0.92288	29.62685	0.73449	0.84463	1.13230	30.22482
19733	50.00000		-0.84763	0.52169	0.92853	26.54743	0.41420	1.08600	1.19517	28.56735
19753	50.00000		-0.84859	0.47500	0.93573	25.04809	-0.72422	0.84881	1.12455	33.09715
19773	50.00000		-0.71577	0.49915	0.89874	30.81917	-0.68132	-0.90874	1.17595	39.78289
19793	50.00000		-0.66242	0.56473	0.89361	33.70437	0.91668	-0.78161	1.27225	39.75389
19813	50.00000		-0.87451	0.52739	1.00274	27.97445	0.96839	0.69894	1.22796	34.05640
19833	50.00000		-0.90728	0.50208	1.03864	23.32065	-0.93301	0.68209	1.20047	33.68539
19853	50.00000		-0.89617	0.49692	1.00533	21.74189	0.84435	-0.64958	1.10349	39.69473
19873	50.00000		-0.90574	0.45745	1.01275	23.37327	-1.12832	-0.13465	1.17926	39.31060
19893	50.00000		-0.82082	0.50338	0.94509	30.00451	0.33883	-1.13407	1.19731	32.09044
19913	50.00000		-0.65790	0.52776	0.87935	37.47038	-0.91766	-0.72839	1.14526	28.53515
19933	50.00000		-0.84454	0.66628	1.08441	34.02439	-0.82411	0.82390	1.19925	30.80629
19953	50.00000		-0.82462	0.55521	0.97136	27.48827	-0.96210	-0.50203	1.10896	39.23826
19973	50.00000		-0.87941	0.51216	1.01776	25.48806	1.21225	0.25624	1.29187	39.26401
19993	50.00000		-0.77356	0.45111	0.97353	27.87222	-1.01920	0.47632	1.14619	36.27544
20013	50.00000		-0.69209	0.57190	0.91083	34.20540	-1.11491	-0.08023	1.11833	32.96688
20033	50.00000		-0.89285	0.57861	1.04409	31.24557	-0.77991	-0.76880	1.11636	38.45963
20053	50.00000		-1.00906	0.41309	0.95865	24.71382	1.08553	0.45225	1.23498	41.37353
20073	50.00000		-0.75979	0.59665	0.97049	22.95951	-1.20980	-0.18268	1.25148	33.59083
20093	50.00000		-0.90247	0.43480	0.97615	22.15656	0.52884	-1.04802	1.20736	28.79633
20113	50.00000		-0.80926	0.51372	1.07282	26.50576	1.20256	-0.06978	1.25410	30.86749
20133	50.00000		-0.58615	0.53716	0.83607	34.90133	1.04509	0.36364	1.09538	37.54499
20153	50.00000		-0.71466	0.51412	0.90451	35.90810	0.39067	0.94197	1.03147	41.31371
20173	50.00000		-0.79138	0.54944	0.92118	29.32020	-0.99763	0.84067	1.34134	36.65028
20193	50.00000		-0.87037	0.56467	1.02512	26.15308	-0.88678	-0.83817	1.26620	32.90939
20213	50.00000		-0.84042	0.48078	0.93077	25.38842	1.07791	-0.43087	1.20677	37.18918
20233	50.00000		-0.79299	0.37674	0.91161	31.36137	-0.44984	1.05377	1.17004	41.15307
20253	50.00000		-0.67924	0.54860	0.92330	34.48277	-1.20259	0.10498	1.26690	35.82190
20273	50.00000		-0.80560	0.51627	0.93325	28.17105	-1.05072	-0.20434	1.14590	28.84177
20293	50.00000		-0.93933	0.45470	1.03401	23.56864	-0.69687	-0.91848	1.16586	28.98758
20313	50.00000		-0.79920	0.44565	0.97661	21.50593	1.06066	-0.12709	1.10286	35.32967
20333	50.00000		-0.89492	0.41451	0.95981	23.49639	-1.16367	-0.07195	1.21970	40.24432
20353	50.00000		-0.77169	0.52524	0.92500	30.23615	1.15883	-0.55002	1.34572	38.29914
20373	50.00000		-0.72510	0.58965	0.92577	36.94950	1.07726	-0.46073	1.20902	34.31919
20393	50.00000		-0.70457	0.57007	0.92326	33.20305	0.78101	-0.84240	1.17190	34.60108
20413	50.00000		-0.76888	0.53831	0.92821	28.11955	0.46225	0.90436	1.01900	40.12896
20433	50.00000		-0.79521	0.42488	0.92785	24.44454	-0.63237	-0.92799	1.14092	36.94720
20453	50.00000		-0.86571	0.51587	0.98511	27.24908	1.10000	-0.61348	1.29961	30.95477
20473	50.00000		-0.84185	0.46288	0.94387	32.97787	0.74926	-0.95280	1.26895	28.49503
20493	50.00000		-0.77685	0.56985	0.93217	31.19621	0.10328	-1.08065	1.11574	33.23070
20513	50.00000		-0.84500	0.50156	0.95051	24.92634	0.98819	0.66622	1.23865	39.74742
20533	50.00000		-0.89893	0.44159	0.99532	22.54154	-0.70613	-1.13759	1.38467	38.73253
20553	50.00000		-0.84057	0.42532	0.92766	21.65010	0.81175	0.97499	1.30736	34.06281
20573	50.00000		-0.80282	0.50981	0.93079	26.24904	-1.18920	0.22939	1.24783	34.03719
20593	50.00000		-0.50596	0.62240	0.89232	34.89653	-0.45511	-0.94902	1.10564	39.91226
20613	50.00000		-0.64102	0.55352	0.88742	35.87671	0.54021	-1.02855	1.20402	38.91139
20633	50.00000		-0.69144	0.53836	0.91508	30.72636	1.16999	-0.54944	1.34671	32.38220
20653	50.00000		-0.92549	0.47720	1.16540	25.99966	1.12859	-0.01403	1.18125	28.00077
20673	50.00000		-0.82565	0.48372	0.93187	25.43626	0.71550	0.88388	1.14025	31.22313
20693	50.00000		-0.68159	0.56495	0.89278	30.99542	-0.85614	0.64496	1.08677	39.00948
20713	50.00000		-0.72859	0.58780	0.92857	33.63992	-0.62333	-0.80907	1.00573	40.05788
20733	50.00000		-0.71382	0.50809	0.90111	28.29476	0.92970	-0.84076	1.30539	35.22411
20753	50.00000		-0.79119	0.50844	0.92855	23.58201	0.40083	1.07488	1.16613	33.93509
20773	50.00000		-0.91320	0.46949	1.02645	21.52647	-0.53493	-0.90274	1.07341	39.71757
20793	50.00000		-0.89382	0.41263	0.94715	23.85815	-0.11524	1.05307	1.05554	39.71253
20813	50.00000		-0.83084	0.47923	0.93571	29.80227	-0.83245	-0.82872	1.21494	32.83035
20833	50.00000		-0.75351	0.45559	0.88616	37.01213	-1.25383	0.07366	1.31394	30.06105
20853	50.00000		-0.91611	0.64740	0.91787	33.16560	-0.34443	1.16928	1.27936	31.14682
20873	50.00000		-0.72093	0.52730	0.91657	27.66005	-1.04157	0.08657	1.07614	38.66695
20893	50.00000		-0.80748	0.47089	0.92615	24.43100	1.02572	0.03845	1.02305	40.74540
20913	50.00000		-0.87396	0.48523	0.97330	27.68605	-0.96328	0.79260	1.31704	35.37965
20933	50.00000		-0.72370	0.48826	0.90806	34.06889	-1.22392	0.17106	1.29161	32.81869
20953	50.00000		-0.78614	0.56120	0.94235	31.25208	-1.08820	-0.37650	1.19913	37.30046
20973	50.00000		-0.96209	0.53248	0.98403	25.35982	1.04023	-1.47691	1.82424	21.02526
20993	50.00000		-0.90863	0.44926	0.99928	22.82623	-0.57658	0.99473	1.18802	34.98805
21013	50.00000		-0.87999	0.42775	0.93662	21.86881	-0.52918	-1.13682	1.31918	29.63799
21033	50.00000		-0.85470	0.49607	0.95641	25.93133	0.73369	-0.98325	1.26106	29.37226
21053	50.00000		-0.68173	0.67588	0.91237	34.22268	0.98612	-0.62435	1.20352	36.50963
21073	50.00000		-0.65529	0.57837	0.89783	36.41327	1.21480	0.09171	1.25869	40.44396
21093	50.00000		-0.72556	0.55088	0.92869	29.93694	0.01615	1.25947	1.29760	36.82467
21113	50.00000		-0.85205	0.47099	0.95858	25.87434	-1.18741	0.04319	1.28199	33.96898
21133	50.00000		-0.88341	0.48295	0.99847	25.51048	0.45131	-1.01038	1.11279	36.89066
21153	50.00000		-0.69902	0.51385	0.89485	31.34159	0.38516	1.05895	1.14944	41.78502
21173	50.00000		-0.76359	0.58662	0.94527	33.80595	-1.07367	0.59710	1.27556	36.39268
21193	50.00000		-0.81081	0.50624	0.94452	28.23102	-1.20504	-0.02035	1.24009	31.11175
21213	50.00000		-0.89628	0.43503	0.96620	23.60856	-0.76256	-0.98614	1.30026	28.78552
21233	50.00000		-0.89348	0.47919	1.00100	21.64603	1.14472	-0.11224	1.19411	36.04957
21253	50.00000		-0.90172	0.45038	0.98625	23.38207	-1.21591	-0.21883	1.29503	41.00624
21273	50.00000		-0.78199	0.48793	0.92017	29.62685	1.19396	-0.29218	1.28626	37.10550
21293	50.00000		-0.60250	0.53968	0.85298	36.67556	1.19382	0.04331	1.25270	34.99319
21313	50.00000		-0.82537	0.57669	0.88758	33.65468	1.03873	-0.47837	1.16674	35.66614
21333	50.00000		-0.83218	0.54667	0.94679	27.50747	0.18630	1.11270	1.16854	41.55385
21353	50.00000		-0.84442	0.47335	0.95309	24.78344	-0.42490	-1.16055	1.28451	37.44226
21373	50.00000		-0.84794	0.54630	0.98646	28.03770	1.14374	-0.41230	1.25322	31.22313
21393	50.00000		-0.78735	0.60478	0.97912	33.33470	0.85723	-0.89310	1.27889	28.88247
21413	50.00000		-0.87430	0.55391	1.09153	31.07088	0.54360	-1.09887	1.27800	35.09859
21433	50.00000		-0.84946	0.47733	1.20471	25.39322	0.33122	0.95076	0.98380	40.39067
21453	50.00000		-0.86281	0.48603	0.95714	22.82196	0.10939	-1.12861	1.16831	38.14006
21473	50.00000		-1.08637	0.59617	0.95653	21.58916	0.17802	1.19939	1.27917	33.66635
21493	50.00000		-0.84652	0.43643	0.93136	26.71038	-1.15976	-0.25081	1.24165	34.71325
21513	50.00000		-0.70079	0.43679	0.87683	35.29411	-0.15065	-0.98572	0.98700	39.66186
21533	50.00000		-0.73867	0.67104	0.99662	36.38585	0.62618	-0.83133	1.05565	38.98483
21553	50.00000		-0.80278	0.54502	0.93161	29.58801	1.10156	-0.52832	1.26502	31.27060
21573	50.00000		-0.91631	0.50189	1.02347	25.97520	1.15144	-0.04587	1.18071	28.28411
21593	50.00000		-0.87997	0.44974	1.03808	26.22186	0.68015	0.91401	1.18234	32.94545
21613	50.00000		-0.72072	0.56380	0.81998	31.96404	-0.82997	0.60214	1.05089	40.19038
21633	50.00000		-0.76235	0.58801	0.94795	33.44771	-0.85250	-0.79134	1.22298	38.89689
21653	50.00000		-0.80846	0.51859	0.94672	27.05841	0.80173	-0.72704	1.09669	35.38629
21673	50.00000		-0.86303	0.45646	0.94090	23.48616	0.51861	1.06028	1.21275	33.21621
21693	50.00000		-0.92393	0.44918	1.01724	22.52843	-0.42588	-0.95138	1.03884	40.31397
21713	50.00000		-0.82216	0.48891	1.03857	24.07820	-0.02488	1.24335	1.29850	39.80457
21733	50.00000		-0.79131	0.52033	0.92936	31.62152	-1.18800	-0.13659	1.29767	33.97635
21753	50.00000		-0.75132	0.57290	0.92361	37.92165	-0.65738	0.99073	1.06838	28.52516
21773	50.00000		-0.73040	0.60520	0.93079	32.95989	0.66245	0.96650	1.23035	30.64592
21793	50.00000		-0.80186	0.49023	0.97675	27.50029	-0.73249	0.72767	1.03308	38.33271
21813	50.00000		-0.81341	0.49738	0.93931	25.19124	0.85941	-0.60292	1.03320	40.69540
21833	50.00000		-1.00872	0.43508	0.92825	27.53592	-0.22978	1.10360	1.16035	35.83399
21853	50.00000		-0.78341	0.56130	0.93222	34.18624	-0.64410	0.87452	1.13408	34.11097
21873	50.00000		-0.82562	0.58831	0.90292	30.82347	-0.95651	0.36468	1.00806	38.63157
21893	50.00000		-0.93885	0.50350	1.07655	24.19954	0.90392	-0.26483	1.10368	40.35906
21913	50.00000		-0.91511	0.40109	0.96771	22.90530	-1.14663	0.81309	1.43328	33.68424
21933	50.00000		-0.85059	0.46189	0.93313	22.78025	-0.30402	-1.20356	1.29499	30.17011
21953	50.00000		-0.82095	0.52480	0.95397	26.90012	0.71108	-1.00257	1.28741	30.26928
21973	50.00000		-0.58951	0.53639	0.89166	35.90810	0.81884	-0.73098	1.02894	37.60251
21993	50.00000		-0.80525	0.54675	0.95006	35.54141	1.04329	-0.02389	1.06939	40.95092
22013	50.00000		-0.84768	0.56287	0.99541	29.94818	0.54808	1.30886	1.45742	35.69407
22033	50.00000		-0.86120	0.52544	0.96655	26.02425	-1.20727	0.42730	1.33256	33.23433
22053	50.00000		-0.82508	0.54334	0.94837	26.54743	-0.01813	-1.17077	1.21375	38.37840
22073	50.00000		-0.81957	0.56567	0.96985	32.35528	1.08388	0.61659	1.30827	40.52924
22093	50.00000		-0.79550	0.52500	0.93733	34.02110	-0.06266	1.20248	1.15301	35.36846
22113	50.00000		-0.87988	0.55361	1.03588	27.12935	-0.88646	0.90891	1.32539	29.48031
22133	50.00000		-0.96097	0.49912	1.07255	22.74049	-1.15583	-0.41594	1.29407	29.76329
22153	50.00000		-0.88546	0.44660	0.92190	22.46978	0.99247	-0.62689	1.20909	36.49147
22173	50.00000		-0.90053	0.51159	0.98693	24.48150	-1.16667	0.38516	1.28405	40.67157
22193	50.00000		-0.76066	0.45750	0.91075	33.28503	0.26393	-1.17137	1.25552	36.97368
22213	50.00000		-0.61862	0.69376	0.92440	37.18918	-0.13428	-1.27322	1.33122	33.15313
22233	50.00000		-0.76221	0.55914	0.92920	31.48256	0.13757	-1.19511	1.25577	38.97009
22253	50.00000		-0.81346	0.63058	0.99032	27.56869	0.74444	0.84814	1.16877	40.91776
22273	50.00000		-0.81206	0.51885	0.93147	25.27433	-0.86629	-0.81575	1.23868	36.47548
22293	50.00000		-0.80207	0.50491	0.94035	28.83422	0.40314	-1.20053	1.39644	30.45917
22313	50.00000		-0.69874	0.47253	0.87681	32.51664	-0.08120	-1.19806	1.21231	29.50606
22333	50.00000		-0.75565	0.57856	0.93153	30.60563	-0.07021	-1.16101	1.21181	34.99319
22353	50.00000		-0.87132	0.46355	0.99709	24.26180	0.35062	1.00813	1.08167	40.35273
22373	50.00000		-0.86422	0.45417	0.94676	21.95943	0.15963	-1.12123	1.16695	37.54803
22393	50.00000		-0.88573	0.41089	0.95422	22.44010	0.30164	1.25548	1.34110	33.66644
22413	50.00000		-0.83691	0.47983	0.95433	27.89582	-1.13587	0.27226	1.22735	34.81090
22433	50.00000		-0.59462	0.59082	0.87550	36.57213	-0.71875	-0.71066	1.00366	40.37561
22453	50.00000		-0.71887	0.51479	0.91351	34.92224	0.14506	-1.10513	1.12032	37.22413
22473	50.00000		-0.79858	0.54819	0.93789	29.13899	0.88723	-0.81635	1.23220	31.44704
22493	50.00000		-0.88509	0.48604	0.98659	25.96543	1.23979	-0.23609	1.29262	28.83422
22513	50.00000		-0.83983	0.47885	0.93687	26.18508	0.70187	0.85760	1.13552	33.35992
22533	50.00000		-0.68728	0.55771	0.90502	32.01300	-0.78366	0.70938	1.07469	40.51473
22553	50.00000		-0.75995	0.59032	0.93695	32.60105	-0.86501	-0.73458	1.18456	39.79874
22573	50.00000		-0.80510	0.54450	0.94358	26.77055	0.77144	-0.85297	1.18364	33.96693
22593	50.00000		-0.87491	0.47573	1.07158	22.48647	0.21947	1.10035	1.13373	34.35794
22613	50.00000		-0.88063	0.46242	0.97511	22.80362	-0.26386	-1.10490	1.16530	40.68371
22633	50.00000		-0.80748	0.49646	0.93019	24.51373	-0.28200	1.25797	1.34811	39.21455
22653	50.00000		-0.77774	0.51288	0.94132	33.28503	-1.38773	0.35281	1.47657	32.13727
22673	50.00000		-0.62046	0.64980	0.91181	36.49600	-0.09644	1.32581	1.28551	29.00267
22693	50.00000		-0.76322	0.56790	0.94503	31.32332	0.71820	0.90268	1.20926	32.52155
22713	50.00000		-0.84111	0.51096	0.97142	27.05838	-0.95568	0.37713	1.02167	39.35492
22733	50.00000		-0.83848	0.50921	0.95050	25.14721	1.08561	-0.49776	1.25066	39.02893
22753	50.00000		-0.82231	0.50874	0.95914	29.23246	-0.05919	1.12893	1.15550	35.22704
22773	50.00000		-0.75883	0.61017	0.94482	33.96692	-0.20733	1.21645	1.28402	32.83399
22793	50.00000		-0.88263	0.56004	1.03519	29.26885	-0.88495	0.45772	0.99942	39.51296
22813	50.00000		-0.86372	0.49815	0.95391	23.98199	0.95393	-0.37863	1.03558	40.12483
22833	50.00000		-0.89584	0.43410	0.97571	22.18565	-1.12407	0.68545	1.34593	34.22907
22853	50.00000		-0.82537	0.43712	0.92848	22.94658	-0.55000	-1.07190	1.22634	28.33813
22873	50.00000		-0.82074	0.49146	0.93203	28.51268	0.14985	-1.16260	1.22397	30.18990
22893	50.00000		-0.58096	0.47761	0.79344	37.13672	0.40221	-0.97619	1.06109	37.88021
22913	50.00000		-0.78177	0.60891	0.97508	34.55818	1.13610	-0.45451	1.26508	40.93301
22933	50.00000		-0.76920	0.54523	0.92875	28.93032	0.28568	1.04952	1.09738	36.66752
22953	50.00000		-0.91771	0.43026	1.01629	26.56969	-1.11974	0.26112	1.17784	33.35472
22973	50.00000		-0.76901	0.52516	0.92307	26.44207	0.42559	-0.93835	1.07999	37.98493
22993	50.00000		-0.77897	0.53368	0.92813	33.40474	0.75124	0.84424	1.16238	41.32429
23013	50.00000		-0.79074	0.57174	0.94238	32.37954	-0.41900	1.05119	1.15713	34.40327
23033	50.00000		-0.88116	0.46930	0.98270	26.27867	-1.06983	0.58155	1.26895	29.46074
23053	50.00000		-0.86323	0.45482	0.95100	22.57130	-0.95950	-0.63482	1.18277	29.80569
23073	50.00000		-0.92510	0.46496	1.01664	22.13580	1.11359	-0.07387	1.14886	37.30919
23093	50.00000		-0.89466	0.41101	0.99402	25.89724	-1.19419	-0.12804	1.24397	40.26949
23113	50.00000		-0.60605	0.45741	0.81137	33.74239	0.43949	-1.00349	1.12243	36.61948
23133	50.00000		-0.60513	0.59835	0.87690	36.65953	0.03363	-1.11744	1.18731	33.99869
23153	50.00000		-0.69796	0.54604	0.89277	30.84051	0.28797	-1.05066	1.09859	36.87454
23173	50.00000		-1.04180	0.59061	1.22482	29.71609	0.48461	1.06057	1.20202	40.96000
23193	50.00000		-0.91118	0.48801	1.01560	24.61951	-0.79905	-0.77211	1.14135	32.35438
23213	50.00000		-0.73761	0.53476	0.91784	30.91292	0.06030	-1.31227	1.33377	29.57847
23233	50.00000		-0.78567	0.58477	0.95475	34.03079	-0.94167	-0.70893	1.19032	28.82338
23253	50.00000		-0.82740	0.53908	0.95849	28.49232	-0.42761	-0.97809	1.07307	36.82476
23273	50.00000		-0.84939	0.47422	0.95564	24.53027	0.49458	0.72448	0.99704	40.35023
23293	50.00000		-0.95949	0.47211	1.05385	21.51070	-0.26034	-1.17971	1.24838	36.97149
23313	50.00000		-0.89957	0.45390	0.98733	24.15719	0.80079	0.92801	1.29002	34.22266
23333	50.00000		-0.83061	0.50181	0.94430	30.88100	-0.75054	0.78500	1.06804	35.24463
23353	50.00000		-0.70838	0.53802	0.91129	36.93883	-0.90833	-0.32483	0.93869	40.71230
23373	50.00000		-0.81098	0.57242	0.96118	33.46379	-0.41178	-1.12217	1.24337	36.46759
23393	50.00000		-0.80865	0.52592	0.93198	27.90276	0.49139	-1.29638	1.41722	30.59219
23413	50.00000		-0.83269	0.48158	0.93756	24.83904	1.00022	-0.64550	1.23559	29.17719
23433	50.00000		-0.88224	0.48735	0.98340	27.48827	0.86671	0.62316	1.09532	35.22921
23453	50.00000		-0.72066	0.49678	0.90796	34.14157	-0.45679	1.13344	1.26972	40.55627
23473	50.00000		-0.82421	0.59534	1.01846	29.61613	-1.03499	-0.77128	1.35012	37.69326
23493	50.00000		-0.88291	0.53529	1.01706	26.41911	0.83624	-0.91626	1.27379	34.46771
23513	50.00000		-0.90210	0.45782	1.01595	22.54368	0.31613	1.21418	1.30905	34.66433
23533	50.00000		-0.86610	0.42546	0.94149	22.20191	0.08251	-0.98621	0.96848	41.02467
23553	50.00000		-0.88446	0.50125	0.97704	25.88574	-0.46113	1.07418	1.20436	38.99667
23573	50.00000		-0.76689	0.56011	0.93447	34.14052	-1.08671	0.56113	1.25869	31.82531
23593	50.00000		-0.65455	0.59238	0.93050	35.98683	0.54285	1.04836	1.15940	28.25752
23613	50.00000		-0.80772	0.56444	0.95379	29.96591	0.90814	0.73970	1.21454	33.03957
23633	50.00000		-0.88584	0.42956	1.00473	26.61637	-0.83163	0.47321	1.07586	39.75615
23653	50.00000		-0.87086	0.52376	0.98490	25.52164	0.92548	-0.44291	1.02973	39.97017
23673	50.00000		-0.73238	0.52682	0.91355	31.11247	0.26429	1.20725	1.28580	34.35300
23693	50.00000		-0.77821	0.60609	0.96043	34.41517	0.23686	1.09712	1.16477	34.44517
23713	50.00000		-0.78306	0.53442	0.94253	28.70448	-0.87402	0.53925	1.13722	40.60136
23733	50.00000		-0.88515	0.45726	0.98189	23.85818	1.10304	-0.49122	1.26098	38.99665
23753	50.00000		-0.94053	0.45396	1.22352	21.87076	-0.92746	0.74179	1.20997	32.64504
23773	50.00000		-0.85980	0.45144	0.84559	23.47584	-0.69132	-0.97735	1.25158	29.20268
23793	50.00000		-0.79277	0.51794	0.93028	29.84135	-0.01841	-1.09101	1.18869	30.84725
23813	50.00000		-0.65562	0.58507	0.91727	36.97960	0.17424	-1.15639	1.21542	39.02233
23833	50.00000		-0.82443	0.65750	1.05696	34.08846	0.96963	-0.69318	1.24343	40.16534
23853	50.00000		-0.80477	0.51331	0.92981	28.26816	0.50966	0.97259	1.11025	35.45278
23873	50.00000		-0.94510	0.60460	0.93185	24.80674	-1.08056	0.36193	1.15369	33.17183
23893	50.00000		-0.95817	0.53860	0.83864	27.87454	0.20918	-1.20357	1.26917	39.88174
23913	50.00000		-0.61676	0.58594	0.87472	34.61856	1.01134	0.46218	1.13044	39.45930
23933	50.00000		-0.74470	0.56634	0.93093	31.59293	0.15900	1.10952	1.13864	34.14585
23953	50.00000		-0.90149	0.51287	1.00850	24.49988	-0.87672	0.94471	1.36067	29.39433
23973	50.00000		-0.87664	0.44663	0.95711	22.90025	-0.90079	-0.84341	1.29614	32.00002
23993	50.00000		-0.89938	0.44314	0.98837	22.13436	0.89805	0.42463	1.00053	38.56752
24013	50.00000		-0.85785	0.42780	0.96076	27.16497	-0.85393	-0.65036	1.11335	39.97892
24033	50.00000		-0.73760	0.56011	0.92633	35.62707	0.18359	-1.27420	1.32690	35.62707
24053	50.00000		-0.71877	0.58112	0.92941	35.65833	-0.63991	-0.89079	1.10195	26.91782
24073	50.00000		-0.75421	0.58787	0.93084	29.87170	0.15066	-1.18364	1.24138	38.37499
24093	50.00000		-0.82460	0.47113	0.93216	25.85169	0.15235	1.03969	1.08444	42.00386
24113	50.00000		-0.83933	0.45944	0.95268	25.22438	-0.57705	-1.03596	1.23953	34.32025
24133	50.00000		-0.67288	0.51354	0.88294	32.46339	-0.08668	-1.30795	1.34990	29.40104
24153	50.00000		-0.71042	0.59879	1.08413	33.11472	-0.97770	-0.81344	1.33062	30.13713
24173	50.00000		-0.79784	0.52937	0.94479	27.92727	0.08424	-1.01014	1.04831	38.03815
24193	50.00000		-0.83891	0.44319	0.93118	23.49641	-0.38139	1.02589	1.11429	40.28841
24213	50.00000		-0.89423	0.43153	0.96773	22.50764	0.70342	-1.19466	1.42182	35.78135
24233	50.00000		-0.89982	0.45961	0.97076	23.95941	0.18251	1.27321	1.33990	33.48547
24253	50.00000		-0.75022	0.53930	0.92835	32.12071	-1.06929	0.55022	1.25579	37.56925
24273	50.00000		-0.61454	0.57905	0.88680	36.89868	-1.06976	-0.38096	1.20482	40.32370
24293	50.00000		-0.91403	0.49818	1.02770	49.23254	0.68957	-0.95324	1.22135	35.10516
24313	50.00000		-0.77304	0.48033	0.92428	28.24161	1.18271	-0.33948	1.29255	29.66581
24333	50.00000		-0.96026	0.52166	1.08179	24.75554	1.08657	0.56987	1.25652	29.63797
24353	50.00000		-0.80245	0.52322	0.93351	28.68325	-0.35217	1.04967	1.15139	37.28124
24373	50.00000		-0.63158	0.57798	0.88544	34.32115	-1.15139	-0.34690	1.25108	40.61991
24393	50.00000		-0.72496	0.54553	0.92897	30.79474	0.20698	-1.21789	1.28806	36.50959
24413	50.00000		-0.90362	0.48729	0.79366	24.79278	1.24016	0.35673	1.32569	33.14690
24433	50.00000		-0.88617	0.44414	0.96514	22.82621	-1.03205	0.59249	1.24073	36.10378
24453	50.00000		-0.91077	0.46488	1.00215	21.95257	1.12187	-0.02942	1.14194	42.25377
24473	50.00000		-0.88323	0.49915	0.98475	27.31521	-1.18841	-0.05917	1.23605	37.03978
24493	50.00000		-0.74486	0.54565	0.92312	35.47278	-1.24270	-0.13853	1.30910	30.27596
24513	50.00000		-0.59839	0.58034	0.85427	36.35847	-0.20221	1.24201	1.30786	29.14447
24533	50.00000		-0.75948	0.55303	0.92909	30.02145	-0.28752	1.16235	1.23992	35.21086
24553	50.00000		-0.89320	0.51488	1.00630	26.46777	-0.46395	-1.05099	1.20013	40.31485
24573	50.00000		-0.85197	0.49682	0.95148	25.62872	0.53183	1.08327	1.25386	38.55092
24593	50.00000		-0.64545	0.50206	0.87199	31.86657	-0.89854	0.96978	1.36484	34.20541
24613	50.00000		-0.68421	0.56119	0.94831	33.18431	-0.85891	0.77248	1.19042	34.90911
24633	50.00000		-0.78416	0.51256	0.93225	27.22524	-0.16241	-0.96312	0.95979	41.86245
24653	50.00000		-0.87189	0.44910	0.94984	22.53876	-0.02840	1.17293	1.21599	38.01310
24673	50.00000		-0.91604	0.43636	1.04918	22.40648	-0.84942	-0.86666	1.24714	31.29401
24693	50.00000		-0.84234	0.46514	0.93214	23.68861	0.72113	-0.96478	1.23928	29.73278
24713	50.00000		-0.77545	0.51811	0.92676	31.66408	1.16385	-0.30371	1.25051	34.25479
24733	50.00000		-0.75117	0.56627	0.93025	38.01832	0.93650	0.30531	0.96289	41.17875
24753	50.00000		-0.71251	0.60338	0.92755	32.84016	-0.00724	1.09370	1.11907	38.06120
24773	50.00000		-0.80650	0.54903	1.13482	27.70167	-1.21185	0.20102	1.32007	33.44133
24793	50.00000		-0.81337	0.50469	0.93171	25.35504	-0.10352	-1.15567	1.19128	34.54913
24813	50.00000		-0.77605	0.50246	0.92450	27.90132	0.78737	0.63323	1.01766	39.94283
24833	50.00000		-0.67460	0.44973	0.84925	34.11849	-0.93549	0.65603	1.13571	38.42537
24853	50.00000		-0.76897	0.55568	0.93540	31.42931	-1.16400	0.19832	1.23126	32.24585
24873	50.00000		-0.88133	0.49569	1.00765	24.28466	-1.05244	-0.53959	1.23603	28.00077
24893	50.00000		-0.95366	0.44637	1.04772	22.48224	0.37338	-1.03359	1.10422	32.55209
24913	50.00000		-0.88507	0.48740	0.93038	21.95112	-0.28391	1.09564	1.17028	39.54003
24933	50.00000		-0.84318	0.49135	0.94457	27.11950	0.37012	-1.28721	1.38310	39.17766
24953	50.00000		-0.61185	0.54080	0.84553	35.53290	1.06807	-0.87554	1.42342	34.92881
24973	50.00000		-0.70720	0.54923	0.90486	36.34471	0.46693	-1.15322	1.30785	33.14690
24993	50.00000		-0.75234	0.56639	1.03903	30.25660	1.01100	-0.24258	1.05884	39.06174
25013	50.00000		-0.81426	0.46468	0.93040	25.98498	-0.95563	0.45752	1.05046	40.09465
25033	50.00000		-0.89688	0.51958	1.01849	25.28854	-0.54396	-1.19823	1.35770	23.27261
25053	50.00000		-0.77467	0.54914	0.93838	31.65869	-0.07583	-1.21600	1.25756	30.19305
25073	50.00000		-0.71059	0.57972	0.92749	33.24059	-0.92068	-0.72449	1.21371	30.61031
25093	50.00000		-0.89267	0.50936	0.95476	27.01276	0.17148	-0.96751	0.99758	38.47876
25113	50.00000		-0.89246	0.44875	0.97156	23.07605	-0.54823	0.89225	1.06319	40.12485
25133	50.00000		-0.93905	0.58911	1.03977	22.41488	0.77249	-0.92774	1.27245	36.79715
25153	50.00000		-0.84448	0.46115	0.93121	24.50874	0.11549	1.29040	1.35088	33.60307
25173	50.00000		-0.75182	0.53019	0.92080	31.80987	-1.12768	0.41272	1.25356	37.12605
25193	50.00000		-0.58911	0.58236	0.87234	37.02609	-0.73880	-0.66101	0.97951	40.78659
25213	50.00000		-0.73601	0.60248	0.93072	31.78377	0.00846	-1.26527	1.32153	35.40212
25233	50.00000		-0.81057	0.57064	0.95377	27.87222	0.77940	-0.98756	1.31547	29.57723
25253	50.00000		-0.81774	0.48651	1.04449	25.46579	1.23957	-0.13817	1.30337	29.15165
25273	50.00000		-0.74856	0.45310	0.91445	28.79770	0.31927	1.05600	1.09149	37.52858
25293	50.00000		-0.77110	0.52809	0.93058	33.77324	-1.06409	0.30392	1.12320	40.67762
25313	50.00000		-0.88394	0.55898	1.04809	30.17665	-0.52112	-1.22009	1.38233	37.55319
25333	50.00000		-0.88227	0.51648	0.99780	24.58410	1.30024	-0.27434	1.38276	33.03231
25353	50.00000		-0.87225	0.43609	0.99001	22.53876	-0.77284	0.97409	1.30797	36.68361
25373	50.00000		-0.84274	0.45843	0.93243	22.53876	1.10368	-0.43316	1.22821	41.72266
25393	50.00000		-0.78264	0.48986	0.92311	27.66029	-1.13179	0.48334	1.27858	36.99150
25413	50.00000		-0.55175	0.45986	0.85727	36.61934	-1.10039	0.47380	1.27384	30.23616
25433	50.00000		-0.79045	0.57154	0.95725	34.98552	0.30114	1.18752	1.26927	29.26030
25453	50.00000		-0.79132	0.51721	0.92528	30.22951	0.09144	1.14455	1.19814	35.29097
25473	50.00000		-0.85781	0.54441	1.02958	25.94264	-0.64117	-0.88741	1.12770	40.77581
25493	50.00000		-0.68355	0.35862	0.80212	34.28265	1.28162	0.46907	1.41130	37.34032
25513	50.00000		-0.70056	0.52927	0.89018	32.71766	0.10538	1.38642	1.42618	34.08088
25533	50.00000		-0.80001	0.61166	0.97884	32.58786	-0.14157	1.17498	1.24033	35.95530
25553	50.00000		-0.83034	0.52386	0.95430	26.51326	-0.83455	-0.61203	1.05927	41.38805
25573	50.00000		-0.91079	0.50316	1.02769	22.24835	0.80154	1.04904	1.36405	36.94947
25593	50.00000		-0.81551	0.46699	0.93088	22.44524	-1.24137	-0.08921	1.28396	31.79063
25613	50.00000		-0.79179	0.32240	1.00319	24.10447	-0.02697	-1.19082	1.23917	29.48672
25633	50.00000		-0.72361	0.47216	0.96096	32.59498	0.51757	-1.10426	1.28419	34.61117
25653	50.00000		-0.73453	0.58998	0.92948	36.62736	0.87208	-0.49873	0.98189	40.32371
25673	50.00000		-0.79143	0.57797	0.94739	31.54542	0.82923	0.70645	1.10335	38.93694
25693	50.00000		-0.81619	0.50162	0.94432	27.56658	-0.82991	0.94975	1.32592	34.64153
25713	50.00000		-0.86733	0.51582	0.98179	26.16452	-0.77894	-0.97785	1.29628	35.57251
25733	50.00000		-0.75700	0.52614	0.92616	29.31606	0.96213	0.16383	0.95300	41.25453
25753	50.00000		-0.71699	0.57748	0.92680	34.96829	0.45246	0.94979	1.05121	37.20316
25773	50.00000		-0.81282	0.50192	0.95787	29.63241	-0.24104	1.15807	1.22775	31.61662
25793	50.00000		-0.90050	0.45811	1.00372	24.23668	-1.06616	0.62800	1.29267	28.94942
25813	50.00000		-0.88507	0.44697	1.16637	21.43550	-0.62478	-0.97257	1.17076	31.82537
25833	50.00000		-0.87785	0.47261	0.95488	22.87010	0.59042	0.85368	1.03900	39.69513
25853	50.00000		-0.85006	0.56142	0.99466	28.15256	-0.91641	-0.79770	1.26445	39.21254
25873	50.00000		-0.62889	0.51810	0.84100	36.21992	-0.19182	-1.10062	1.14711	34.89370
25893	50.00000		-0.82101	0.69863	1.09075	34.49028	-0.85569	-0.80114	1.21843	34.14808
25913	50.00000		-0.79474	0.49484	0.93142	29.00937	0.57842	-0.84560	1.01748	40.14429
25933	50.00000		-0.91985	0.51075	1.03488	25.49921	-0.40206	1.14649	1.26270	39.28979
25953	50.00000		-0.80933	0.54183	0.95012	27.19464	-0.76231	-0.99651	1.31056	32.62359
25973	50.00000		-0.72154	0.57123	0.92127	33.74757	-0.89789	-0.81298	1.18820	28.70450
25993	50.00000		-0.83764	0.58848	1.00989	31.87405	-1.11177	0.17101	1.16556	31.54542
26013	50.00000		-0.89117	0.47033	0.88551	25.86304	-0.39138	-0.99071	1.04647	39.03945
26033	50.00000		-0.93298	0.53529	1.06008	23.36890	0.02110	1.06516	1.08872	39.82111
26053	50.00000		-0.89369	0.45211	0.94055	21.83191	0.25240	-1.26036	1.36563	35.32666
26073	50.00000		-0.85198	0.51056	0.95862	26.44798	0.90113	0.77246	1.23154	34.19703
26093	50.00000		-0.72374	0.56598	0.92079	34.78349	0.04860	1.19285	1.24724	37.03719
26113	50.00000		-0.64072	0.58632	0.89076	37.12053	-0.72117	0.94401	1.25154	40.15656
26133	50.00000		-0.76015	0.63556	0.93308	30.31582	-1.04503	-0.30481	1.11361	35.22409
26153	50.00000		-0.88009	0.50877	1.01042	26.21449	-0.44184	-1.20854	1.34379	29.93694
26173	50.00000		-0.85361	0.46490	0.78808	25.39319	0.44457	-1.05685	1.21006	30.25319
26193	50.00000		-0.74773	0.52512	0.92706	31.40067	1.16071	-0.00324	1.20028	38.22548
26213	50.00000		-0.71909	0.56168	0.91743	33.72337	0.30371	1.17630	1.27362	40.32242
26233	50.00000		-0.88444	0.50144	0.97809	28.25222	-1.09757	0.02929	1.11441	36.03602
26253	50.00000		-0.88269	0.43105	0.95764	23.63518	0.47903	-1.04475	1.18606	33.14068
26273	50.00000		-0.98933	0.52245	1.13246	28.17285	0.56116	0.97056	1.16039	37.05685
26293	50.00000		-0.86670	0.46755	0.94302	23.91440	-0.31376	-1.15626	1.24397	41.77037
26313	50.00000		-0.73374	0.52941	0.91317	32.10859	1.01530	0.43974	1.11838	35.57978
26333	50.00000		-0.64978	0.61661	0.91529	37.01213	1.18188	-0.47047	1.33344	29.73840
26353	50.00000		-0.75373	0.55323	0.92855	32.27007	0.16384	-1.23673	1.31319	29.10068
26373	50.00000		-0.80097	0.55500	0.94465	27.42343	0.96914	-0.59381	1.17364	36.34480
26393	50.00000		-0.86876	0.49292	0.96675	24.82541	-0.86359	0.79515	1.21395	40.41352
26413	50.00000		-0.80921	0.55079	0.96096	28.77472	0.50574	-1.06804	1.23181	37.09150
26433	50.00000		-0.83524	0.60851	0.92373	33.81868	1.05315	-0.63114	1.28895	34.03710
26453	50.00000		-0.85303	0.55196	1.21530	30.31582	1.12747	-0.14088	1.17633	36.87317
26473	50.00000		-0.81952	0.51391	0.97176	24.64809	-0.94520	0.50981	1.09192	40.83279
26493	50.00000		-0.92466	0.41380	0.97584	22.19820	1.19448	-0.01006	1.25014	36.29700
26513	50.00000		-0.88095	0.46751	1.00534	22.99823	-0.64522	1.06000	1.25339	31.05343
26533	50.00000		-0.78183	0.49367	0.91101	27.71731	-1.22314	0.24056	1.30230	29.16093
26553	50.00000		-0.73004	0.53067	0.90915	36.44820	-1.08079	0.52388	1.23761	34.72623
26573	50.00000		-0.60237	0.69634	0.91728	35.67398	-1.08470	-0.14303	1.11496	41.11699
26593	50.00000		-0.86141	0.56754	1.01427	29.42196	0.43207	-1.05323	1.16975	37.47042
26613	50.00000		-0.81282	0.50371	0.93151	25.73913	0.97721	0.61027	1.19482	34.43016
26633	50.00000		-0.81059	0.52516	0.95135	25.48249	-0.80950	0.75233	1.12730	35.81408
26653	50.00000		-0.78122	0.55892	0.93176	32.49165	-0.40057	-0.88482	0.97321	41.23941
26673	50.00000		-0.79447	0.53547	0.94539	32.88780	0.88889	-0.57996	1.06578	37.95486
26693	50.00000		-0.86801	0.53155	0.99968	26.49999	1.13546	0.51986	1.30012	31.86710
26713	50.00000		-0.95971	0.49698	1.07230	22.40119	0.05997	1.23030	1.28044	29.42245
26733	50.00000		-0.71172	0.55963	0.96127	22.08130	-1.11653	-0.03475	1.12629	33.13638
26753	50.00000		-0.90095	0.63546	0.91042	24.77404	1.06524	-0.13587	1.10981	40.52658
26773	50.00000		-0.71774	0.49349	0.90130	32.33688	-0.59171	0.85195	1.20976	38.68879
26793	50.00000		-0.71263	0.56092	0.91836	36.86625	-0.72629	0.97659	1.25836	34.01161
26813	50.00000		-0.38403	0.03812	0.46381	31.95793	-0.68166	0.90446	1.15006	34.54913
26833	50.00000		-0.85748	0.44626	0.97015	28.37454	-0.57198	-0.98704	1.18058	40.92954
26853	50.00000		-0.88203	0.50234	0.98374	25.08576	0.69045	1.09091	1.34443	38.62334
26873	50.00000		-0.75029	0.54552	0.92468	28.79092	-1.30692	0.57742	1.46493	31.95793
26893	50.00000		-0.70834	0.49233	0.89194	34.13990	-0.86130	0.94613	1.33410	28.93211
26913	50.00000		-0.75688	0.57000	0.93023	30.84102	-0.27665	1.17428	1.25306	31.69382
26933	50.00000		-0.91666	0.47992	1.00500	24.79744	-0.55373	-0.81559	0.98416	40.36790
26953	50.00000		-0.86632	0.44800	0.94030	22.52878	0.04569	1.18040	1.23069	39.56985
26973	50.00000		-0.88761	0.45754	0.96309	23.08037	-0.05470	-1.09239	1.08829	34.90902
26993	50.00000		-0.86687	0.49919	0.97988	28.72622	1.19906	-0.03644	1.25191	33.03517
27013	50.00000		-0.62409	0.52922	0.85436	36.91399	0.80070	0.60812	1.01148	39.75255
27033	50.00000		-0.81289	0.63690	1.01147	34.75875	0.12698	1.10799	1.13667	39.64220
27053	50.00000		-0.85720	0.54896	0.99581	28.92120	0.09032	0.37198	0.39455	32.97018
27073	50.00000		-0.84439	0.48097	0.95747	25.63835	-1.35288	0.08010	1.39178	29.66022
27093	50.00000		-0.82661	0.51050	0.94549	27.08380	-0.90269	-0.77599	1.23420	30.82365
27113	50.00000		-0.72500	0.55950	0.91992	33.16874	-0.11018	-1.17759	1.19499	37.86517
27133	50.00000		-0.80944	0.60519	0.98469	32.51545	1.11443	-0.23572	1.18349	41.09384
27153	50.00000		-0.89834	0.51725	1.02772	25.95081	-0.45603	1.09543	1.23501	35.43946
27173	50.00000		-0.91828	0.46097	1.00083	23.08039	-0.49546	-1.08747	1.24310	33.46658
27193	50.00000		-0.86000	0.41706	1.11624	21.81430	0.76885	0.74145	1.10604	38.29152
27213	50.00000		-0.79314	0.50343	0.92927	26.75049	-0.53120	-0.87763	1.00671	40.84480
27233	50.00000		-0.64489	0.62674	0.91222	34.46499	0.96159	-0.77931	1.28946	35.01978
27253	50.00000		-0.62346	0.55523	0.88682	36.33112	-0.11874	-1.33733	1.38657	29.94608
27273	50.00000		-0.76414	0.56002	0.92966	31.10107	-0.88388	-0.89737	1.31393	31.12132
27293	50.00000		-0.90530	0.52418	1.03365	25.93115	0.53314	-1.06630	1.25706	38.07993
27313	50.00000		-0.71446	0.42610	0.98098	25.54951	-0.39809	1.15323	1.26521	40.01398
27333	50.00000		-0.76374	0.55214	0.92866	30.32524	-0.54686	-0.97847	1.14490	36.71124
27353	50.00000		-0.72043	0.56712	0.82792	34.77961	-0.23610	-1.14743	1.21830	33.11471
27373	50.00000		-0.85596	0.51052	0.97803	28.60021	0.77517	-0.98667	1.31118	37.35671
27393	50.00000		-0.94471	0.39467	1.01651	23.72309	-0.71374	1.00249	1.24849	40.44710
27413	50.00000		-0.87282	0.45646	0.94409	21.80857	1.01681	-0.53486	1.18803	34.92425
27433	50.00000		-0.88946	0.47836	0.97660	23.33306	0.08235	1.26140	1.30304	30.30007
27453	50.00000		-0.74907	0.50189	0.91508	30.98269	-0.34480	1.12573	1.22944	29.66166
27473	50.00000		-0.53160	0.60038	0.84495	37.84713	0.21348	1.14930	1.22730	36.82625
27493	50.00000		-0.71972	0.50661	0.91191	33.46379	-0.76730	0.72718	1.08103	41.21449
27513	50.00000		-0.86616	0.49288	0.95540	27.91157	-0.48624	-1.30286	1.42713	36.83858
27533	50.00000		-0.83389	0.47758	0.93907	24.80683	1.36467	-0.11329	1.41009	33.19680
27553	50.00000		-0.76331	0.50955	0.88223	28.33218	0.06010	1.23562	1.29234	36.42691
27573	50.00000		-0.61726	0.53129	0.86073	34.42069	-1.11537	-0.02270	1.13440	41.15980
27593	50.00000		-0.77784	0.56832	0.93266	30.51863	0.03253	-1.17372	1.21187	36.25163
27613	50.00000		-0.90580	0.48002	1.09156	24.22605	1.16528	-0.35180	1.24242	29.97241
27633	50.00000		-0.89185	0.45344	0.98850	22.46975	0.64985	1.07106	1.29043	28.84807
27653	50.00000		-0.94413	0.48961	1.07054	21.79898	-1.16818	-0.08760	1.22000	35.60372
27673	50.00000		-0.83972	0.45051	0.93234	27.38225	1.27972	-0.23173	1.16353	40.64096
27693	50.00000		-0.59099	0.52898	0.80791	35.60720	0.34903	1.24296	1.34862	37.04298
27713	50.00000		-0.70987	0.56060	0.91152	35.80821	0.66888	1.15224	1.38038	33.78049
27733	50.00000		-0.91234	0.47882	0.93069	29.57693	0.09020	1.21929	1.26725	35.03289
27753	50.00000		-0.84520	0.49251	0.94511	26.06916	-0.57603	-0.83917	1.01943	40.42187
27773	50.00000		-0.93970	0.52795	1.08294	25.58315	0.78731	0.91699	1.25588	38.04650
27793	50.00000		-0.75078	0.46203	0.90205	31.92963	-0.16725	1.18078	1.21566	31.30571
27813	50.00000		-0.70213	0.52440	0.90793	33.64731	0.81552	0.88072	1.23623	29.27956
27833	50.00000		-0.88914	0.51371	1.02860	26.84718	0.33493	1.14740	1.24585	34.25263
27853	50.00000		-0.90074	0.44469	0.99526	22.52394	-0.37890	-0.91090	0.96628	41.04073
27873	50.00000		-0.89490	0.47121	0.99911	22.41582	-0.23931	1.07475	1.11907	38.87738
27893	50.00000		-0.86189	0.43529	0.93573	23.50158	-0.26646	-1.35445	1.42170	7.38774
27913	50.00000		-0.59676	0.51127	0.83320	32.80320	0.87981	-0.76993	1.19521	34.51026
27933	50.00000		-0.59545	0.51779	0.82287	36.68403	0.98983	-0.20987	0.99470	40.19805
27953	50.00000		-0.82794	0.56834	0.98138	32.88059	0.81308	0.97525	1.32308	37.62722
27973	50.00000		-0.85449	0.52298	0.96810	28.22040	-0.52346	1.15640	1.32271	31.37034
27993	50.00000		-0.83361	0.49316	0.93709	25.86813	-1.02148	0.46170	1.15067	29.02980
28013	50.00000		-0.78430	0.48446	0.92897	29.17741	-1.08858	-0.38204	1.23838	32.56983
28033	50.00000		-0.76755	0.59845	0.95472	34.36547	-0.44450	-0.89570	0.98833	39.75615
28053	50.00000		-0.84548	0.42953	0.94865	29.68251	1.05170	-0.09592	1.07988	38.90429
28073	50.00000		-0.87509	0.47710	1.00616	24.70456	-0.68831	0.99522	1.26401	34.15863
28093	50.00000		-0.93926	0.46598	1.03674	21.62568	-0.34458	-1.13002	1.21759	33.73605
28113	50.00000		-0.83924	0.43964	0.93048	23.43299	0.43315	0.90403	1.01443	40.42960
28133	50.00000		-0.76222	0.50989	0.92798	29.26786	-0.49764	-0.90900	1.03939	40.11907
28153	50.00000		-0.75502	0.56888	0.93129	36.35159	-0.26312	-1.15097	1.20052	32.60106
28173	50.00000		-0.82763	0.72114	1.12864	34.75224	-1.17210	-0.19130	1.22190	28.14116
28193	50.00000		-0.90023	0.58647	1.07874	28.83964	-1.14038	0.08249	1.17083	31.14096
28213	50.00000		-0.59799	0.39884	0.98427	25.65280	0.23129	-1.06361	1.12032	38.90429
28233	50.00000		-0.77627	0.56723	0.93298	22.73055	0.26339	1.21148	1.29784	40.45591
28253	50.00000		-0.70549	0.53830	0.90958	34.29691	-0.98585	0.42564	1.09911	35.97325
28273	50.00000		-0.74281	0.53508	0.92762	31.48257	-1.12138	0.30432	1.17697	33.18431
28293	50.00000		-0.77387	0.48318	0.92547	25.67456	-0.08733	-1.17298	1.21799	39.75570
28313	50.00000		-0.89840	0.45180	0.97490	23.03276	-0.46233	1.07306	1.21780	40.01189
28333	50.00000		-0.94172	0.44169	1.05462	22.38552	0.48537	-1.00389	1.15838	34.14584
28353	50.00000		-0.87369	0.50414	0.99488	27.09397	1.23093	0.23415	1.30674	29.37226
28373	50.00000		-0.76104	0.48549	0.90898	35.41286	1.14896	-0.45579	1.27673	30.84102
28393	50.00000		-0.78916	0.61902	0.99193	35.51036	0.81399	-0.63491	1.03548	37.88021
28413	50.00000		-0.83428	0.59284	1.00523	30.11740	0.75719	1.01506	1.33255	40.26197
28433	50.00000		-0.83052	0.50731	0.85713	25.83473	-1.06095	-0.19262	1.09330	35.57251
28453	50.00000		-0.87884	0.48930	0.96391	25.25761	0.50522	-1.01560	1.16254	33.36205
28473	50.00000		-0.72959	0.52904	0.91420	31.81227	0.95445	0.39799	1.03345	38.65702
28493	50.00000		-0.76139	0.59322	0.94198	33.59573	-0.14170	1.18670	1.13591	40.00521
28513	50.00000		-0.79302	0.51901	0.93195	28.23896	-1.04876	-0.34623	1.13674	34.32025
28533	50.00000		-0.84585	0.47175	0.94796	22.87015	0.42268	-1.22120	1.34319	30.28256
28553	50.00000		-0.88147	0.63463	1.06372	22.24837	1.13474	0.18635	1.24089	30.33866
28573	50.00000		-0.65079	0.31885	0.92673	24.47687	-0.87368	0.78347	1.21977	37.43521
28593	50.00000		-0.70803	0.53375	0.91547	31.61662	0.10204	-1.10533	1.15931	41.17106
28613	50.00000		-0.65567	0.58027	0.90907	36.85928	0.79058	-0.88224	1.22320	36.24937
28633	50.00000		-0.66012	0.62726	0.91849	32.34906	0.91600	-0.79716	1.25908	33.21555
28653	50.00000		-0.78639	0.55507	0.93611	27.68085	1.05605	0.53106	1.22717	37.47747
28673	50.00000		-0.87759	0.48559	0.97720	25.16143	-1.11399	-0.33262	1.21587	41.06811
28693	50.00000		-0.82226	0.50319	0.93583	28.25222	1.15742	-0.20838	1.22056	35.45942
28713	50.00000		-0.74539	0.57010	0.92871	33.97968	1.18046	-0.27275	1.27011	30.45553
28733	50.00000		-0.80059	0.54226	0.94297	30.78896	0.79854	-0.90040	1.25541	29.35022
28753	50.00000		-0.81830	0.48994	0.93108	24.18892	0.92412	0.69634	1.20617	37.44224
28773	50.00000		-0.86149	0.44502	0.95648	22.55431	-0.65742	-0.93609	1.19628	40.47445
28793	50.00000		-0.90242	0.48207	0.99713	22.84777	0.19654	1.24323	1.30313	37.02614
28813	50.00000		-0.81933	0.50698	0.93570	28.43896	-1.23674	-0.31341	1.36528	33.01044
28833	50.00000		-0.69225	0.60849	0.92557	36.39266	-1.10335	-0.49404	1.26225	36.39261
28853	50.00000		-0.63434	0.62765	0.92523	35.18706	-0.48781	-1.01736	1.16051	41.01086
28873	50.00000		-0.88898	0.53339	1.04396	29.46083	1.16989	-0.17989	1.22740	36.39268
28893	50.00000		-0.84591	0.50218	0.95799	25.98507	-0.74894	-0.32644	0.82843	55.43465
28913	50.00000		-0.84345	0.51876	0.96732	26.43811	-1.15719	0.40640	1.28279	29.63797
28933	50.00000		-0.73522	0.52698	0.92294	32.26346	-1.09855	-0.42339	1.23156	37.23536
28953	50.00000		-0.75216	0.59998	0.93707	32.87102	0.05255	-1.15837	1.21205	40.65628
28973	50.00000		-0.87323	0.50379	0.97713	27.66527	0.50171	1.13472	1.29944	36.89396
28993	50.00000		-0.92530	0.41634	0.95730	22.78760	-1.23572	-0.34879	1.32200	33.14690
29013	50.00000		-0.85477	0.45334	0.93564	23.29877	1.13468	-0.40714	1.25586	35.96833
29033	50.00000		-0.90421	0.47783	1.02535	24.13197	-1.13357	0.04525	1.16257	41.27042
29053	50.00000		-0.66302	0.56293	0.89051	32.26401	0.70661	-0.96161	1.23063	36.26295
29073	50.00000		-0.66345	0.53661	0.89182	36.94945	-0.14062	-1.24702	1.12721	31.17028
29093	50.00000		-0.84808	0.55729	0.98588	32.52765	-1.05345	-0.42687	1.28286	29.07338
29113	50.00000		-0.89964	0.45390	0.88658	27.17680	-0.58364	-0.97824	1.17592	34.89370
29133	50.00000		-0.87146	0.48380	0.96425	25.48249	0.74712	0.75190	1.05840	40.90611
29153	50.00000		-0.79703	0.51128	1.11770	28.82286	-1.09643	-0.32522	1.18705	38.54393
29173	50.00000		-0.73844	0.60375	0.93100	34.31918	-0.96116	-0.96060	1.26043	34.60108
29193	50.00000		-0.80347	0.57245	0.96545	30.52532	-0.33410	-1.10599	1.18879	34.91661
29213	50.00000		-0.87420	0.50688	0.99890	24.79338	0.74796	0.78150	1.09857	39.04891
29233	50.00000		-0.92102	0.44111	1.00989	21.92639	-0.34845	-1.18185	1.28980	37.51975
29253	50.00000		-0.85936	0.47353	0.94227	23.69754	1.03078	0.51919	1.17782	31.19961
29273	50.00000		-0.76888	0.52937	0.92980	28.81027	0.27124	1.17449	1.24366	29.82831
29293	50.00000		-0.73435	0.54071	0.91776	36.57128	0.85685	0.81875	1.22359	35.60367
29313	50.00000		-0.70834	0.62011	0.92690	33.82057	0.37612	1.07826	1.18109	40.24437
29333	50.00000		-0.71112	0.35307	0.92580	28.64139	-1.24875	-0.13799	1.31798	38.06570
29353	50.00000		-0.83822	0.48694	0.93577	26.15880	0.66479	-1.14515	1.37672	33.93911
29373	50.00000		-0.79618	0.51376	0.92640	29.89207	1.19324	0.53418	1.34938	34.51026
29393	50.00000		-0.66479	0.54386	0.90409	34.06068	-0.38562	0.91813	0.98104	40.93532
29413	50.00000		-0.77574	0.56431	0.93540	31.54543	-1.14046	-0.43571	1.28318	37.98813
29433	50.00000		-0.86059	0.52076	0.96598	25.41588	0.24469	-1.21120	1.28689	31.79753
29453	50.00000		-0.91191	0.43819	1.00517	22.40610	1.20505	-0.14798	1.25047	28.45668
29473	50.00000		-0.88175	0.43075	0.95254	21.89345	-0.12275	1.16439	1.22041	33.99245
29493	50.00000		-0.78180	0.49950	0.94609	27.06854	-0.14639	-0.93202	1.04599	39.62733
29513	50.00000		-0.60162	0.44800	0.81580	34.63363	0.90201	-0.60924	1.13929	35.47278
29533	50.00000		-0.78845	0.50880	0.93025	36.65393	0.90930	-0.54641	1.07411	34.89598
29553	50.00000		-0.87126	0.55177	1.01168	30.30441	1.02735	-0.41382	1.14450	33.76143
29573	50.00000		-0.85185	0.48839	0.94664	26.35704	-0.01835	0.99968	1.00770	40.15963
29593	50.00000		-0.88844	0.49522	1.00743	25.61430	0.12957	-1.02197	1.03847	39.96689
29613	50.00000		-0.77605	0.53701	0.92948	31.39555	1.17637	-0.04157	1.20528	33.15606
29633	50.00000		-0.80203	0.60550	0.99148	33.65380	0.92862	-0.68527	1.20922	29.60465
29653	50.00000		-0.80445	0.55116	0.95118	27.77484	1.05540	-0.59349	1.25221	31.83133
29673	50.00000		-0.86304	0.46540	0.95457	23.04141	-0.43889	0.87311	0.97343	39.14100
29693	50.00000		-0.91332	0.44553	1.00529	22.22326	0.96945	-0.36753	1.03119	39.51777
29713	50.00000		-0.90676	0.48980	1.01743	23.98197	-1.13737	0.83063	1.43880	35.24401
29733	50.00000		-0.77307	0.54282	0.93042	32.44572	-0.97600	-0.48074	1.10901	33.17258
29753	50.00000		-0.56726	0.54574	0.82147	37.83621	-0.78078	-0.66478	1.05039	38.97964
29773	50.00000		-0.82404	0.62116	0.99456	32.58268	0.51972	-0.86598	1.00542	39.77629
29793	50.00000		-0.80994	0.55806	0.96039	27.96393	1.30241	0.52634	1.43738	33.12201
29813	50.00000		-0.88289	0.45170	0.98853	25.32649	0.12838	1.24604	1.32337	29.36123
29833	50.00000		-0.67938	0.46495	0.89772	28.14026	-0.56115	1.09609	1.27360	31.84618
29853	50.00000		-0.70180	0.51327	0.89477	34.33854	-0.85431	0.49809	0.96664	38.63062
29873	50.00000		-0.76369	0.55716	0.92692	30.42132	-0.35257	-1.06513	0.93386	39.59764
29893	50.00000		-0.92772	0.50406	1.04422	25.09993	0.92521	0.70976	1.22014	35.47945
29913	50.00000		-0.90788	0.47195	1.00041	25.49364	-1.05093	0.70572	1.31965	33.23792
29933	50.00000		-0.86073	0.45712	0.95815	23.90976	0.47279	-0.93091	1.04327	38.50285
29953	50.00000		-0.75747	0.46537	0.90913	29.41090	-0.53622	0.84952	1.02829	41.49789
29973	50.00000		-0.59102	0.60794	0.87650	37.26622	-1.04391	0.66935	1.28405	34.06922
29993	50.00000		-0.73766	0.54591	0.91245	34.05640	-0.06669	1.22186	1.24914	29.71042
30013	50.00000		-0.83278	0.47458	0.93102	28.50640	0.05526	1.14352	1.18685	31.20301
30033	50.00000		-0.84673	0.49817	0.95479	25.24099	-0.99283	-0.01869	0.99462	39.03945
30053	50.00000		-0.78949	0.50940	0.92954	27.55450	1.03851	-0.07176	1.02746	39.97892
30073	50.00000		-0.69747	0.56963	0.91261	33.33470	0.12056	1.20346	1.24326	36.49556
30093	50.00000		-0.76065	0.55883	0.92706	31.73554	-0.18440	1.17092	1.23690	33.47287
30113	50.00000		-0.88764	0.52809	1.01263	26.02831	-1.05877	-0.07806	1.03018	38.78800
30133	50.00000		-0.87465	0.54670	1.00862	22.77904	0.73496	0.69287	1.02302	40.93691
30153	50.00000		-0.88724	0.43808	0.93246	22.68950	-0.88536	-0.86933	1.30580	34.44568
30173	50.00000		-0.78828	0.50505	0.92869	26.48764	0.86510	-0.82909	1.24305	29.69925
30193	50.00000		-0.69023	0.55784	0.90692	35.26012	0.52251	-0.98806	1.18730	30.55871
30213	50.00000		-0.58624	0.45900	0.90334	36.81821	-0.19995	-1.02122	1.05062	37.84713
30233	50.00000		-0.74603	0.56737	0.92799	30.87424	1.02899	-0.22676	1.05417	40.30610
30253	50.00000		-0.87687	0.55022	0.95611	26.39032	-0.74564	1.01425	1.31367	37.47946
30273	50.00000		-0.82660	0.46650	0.93066	25.71101	-0.65477	-1.06498	1.30649	33.74690
30293	50.00000		-0.75037	0.52447	0.92335	31.62243	0.74838	-0.93707	1.25696	36.47434
30313	50.00000		-0.63085	0.50967	0.85376	34.16567	0.91681	0.42094	1.00991	41.37293
30333	50.00000		-0.90910	0.51301	1.03303	28.02716	-0.84294	1.02325	1.40049	36.33114
30353	50.00000		-0.87418	0.50242	0.97795	23.56875	-0.84457	-0.83951	1.21544	30.42703
30373	50.00000		-0.88931	0.44836	0.98315	22.50336	0.76693	-0.91710	1.22429	29.11162
30393	50.00000		-0.86120	0.45131	0.74179	24.50447	0.32217	0.97609	1.04979	36.59880
30413	50.00000		-0.63991	0.66682	0.90727	31.42931	-0.79843	-0.46348	0.92571	40.91382
30433	50.00000		-0.54147	0.43613	0.71907	37.11241	-0.35231	-1.18318	1.29460	36.82476
30453	50.00000		-0.80967	0.59867	0.98435	33.14362	-0.63894	-1.26678	1.45932	34.14797
30473	50.00000		-0.85630	0.51474	0.98132	28.50017	0.47471	-1.15845	1.31936	34.87082
30493	50.00000		-0.84908	0.51138	0.93093	25.72222	-0.05871	1.03693	1.06784	41.47473
30513	50.00000		-0.76719	0.50870	0.83449	28.13412	-0.34920	-1.11066	1.20824	36.86648
30533	50.00000		-0.79073	0.56305	0.95753	34.19795	0.19455	-1.25850	1.34260	32.06625
30553	50.00000		-0.84384	0.51241	0.98734	30.26455	-0.53284	-1.11342	1.27555	29.38333
30573	50.00000		-0.89512	0.51532	0.93196	25.00587	0.69027	-0.93918	1.22259	34.45213
30593	50.00000		-0.95897	0.44869	1.06232	22.54371	-0.66108	1.00576	1.24728	41.72268
30613	50.00000		-0.82217	0.46211	0.95366	22.42565	1.17429	-0.49271	1.33582	37.78937
30633	50.00000		-0.76366	0.49725	0.91809	27.47025	-0.35251	1.23345	1.33718	33.83534
30653	50.00000		-0.73273	0.70741	0.92808	35.92382	-0.47026	1.20825	1.35533	34.65683
30673	50.00000		-0.77501	0.70624	1.05089	35.72936	-0.65465	0.74149	0.97684	40.92435
30693	50.00000		-0.83034	0.54108	0.96501	29.26040	-0.71761	-1.02208	1.30174	37.32396
30713	50.00000		-0.84343	0.51749	0.96195	26.91782	1.00705	-0.71432	1.28790	31.96493
30733	50.00000		-0.84307	0.46424	0.95359	27.09394	1.15595	0.13267	1.20270	29.10719
30753	50.00000		-0.69274	0.54352	0.91100	33.46619	1.24058	0.15583	1.30732	32.78319
30773	50.00000		-0.82759	0.54833	0.98755	32.52155	0.62534	0.88661	1.10568	40.01937
30793	50.00000		-0.83173	0.49510	0.96527	27.21850	-0.97923	-0.35439	1.05201	38.66896
30813	50.00000		-0.88805	0.51042	1.01239	23.42976	1.21107	-0.18794	1.24768	34.83275
30833	50.00000		-0.90212	0.39692	0.96723	22.84010	-0.73137	0.99264	1.27225	34.93955
30853	50.00000		-0.87728	0.45065	0.98433	25.35782	0.28738	-0.90999	1.06842	39.99332
30873	50.00000		-0.70737	0.51230	0.89546	34.45268	0.61711	0.87331	1.08682	38.46658
30893	50.00000		-0.74833	0.17705	0.81615	35.90030	0.89158	0.97147	1.37187	31.87404
30913	50.00000		-0.79611	0.54652	0.92662	31.89497	1.13477	0.31473	1.22565	28.89868
30933	50.00000		-0.85118	0.49572	0.94951	27.12351	0.76313	0.86693	1.14946	31.82537
30953	50.00000		-0.91374	0.47674	1.01752	25.74474	-1.04816	-0.14515	1.06120	39.19541
30973	50.00000		-0.73837	0.54770	0.91869	30.44772	1.07423	-0.67688	1.31792	38.74279
30993	50.00000		-0.76600	0.54505	0.92948	34.30521	1.07581	0.27332	1.15076	35.66614
31013	50.00000		-0.74379	0.50817	0.92574	28.83549	0.87013	0.80572	1.23436	33.23065
31033	50.00000		-0.91289	0.48750	1.02798	24.15985	-1.00233	-0.08285	1.01453	39.48996
31053	50.00000		-0.93469	0.48689	1.06280	21.82289	0.76236	0.77093	1.10383	40.36791
31073	50.00000		-0.92896	0.39231	0.98696	23.13541	-1.09265	-0.56329	1.29479	32.54510
31093	50.00000		-0.80026	0.52452	0.92926	31.23033	-0.56116	-1.08854	1.28066	28.56891
31113	50.00000		-0.70981	0.57857	0.91916	37.09154	-1.13334	0.16840	1.18174	30.75434
31133	50.00000		-0.76549	0.57807	0.94182	33.04755	-1.03161	0.21219	1.05332	37.92575
31153	50.00000		-0.83592	0.53448	0.98551	27.91148	0.60869	-0.80061	0.98590	40.84473
31173	50.00000		-0.86757	0.45530	0.97427	24.83476	0.17666	1.17305	1.21243	35.21086
31193	50.00000		-0.83534	0.54289	0.96479	28.00604	-1.03451	0.42512	1.15738	34.31910
31213	50.00000		-0.71692	0.58220	0.92154	34.28056	-1.11207	-0.43281	1.24237	38.27536
31233	50.00000		-0.79801	0.58630	1.13486	31.18256	0.38819	-1.09464	1.20510	40.25317
31253	50.00000		-0.87503	0.46397	1.06389	25.20233	0.40202	1.02062	1.11867	34.29016
31273	50.00000		-0.87761	0.43985	0.98099	22.86514	-1.31338	0.19324	1.35904	29.57075
31293	50.00000		-0.96482	0.47780	1.06513	22.46481	-0.22728	-1.20118	1.28072	30.22951
31313	50.00000		-0.83165	0.57843	0.99936	22.74485	1.08694	-0.00601	1.11359	38.55811
31333	50.00000		-0.60199	0.51654	0.84020	35.37302	0.07099	1.08926	1.07420	40.51919
31353	50.00000		-0.69609	0.52242	0.90289	35.47935	-0.51388	1.18456	1.34435	36.35163
31373	50.00000		-0.76472	0.52936	0.94629	29.66022	-1.08216	0.61992	1.29607	33.10336
31393	50.00000		-0.92887	0.57852	1.00496	25.98009	-0.55772	-1.06861	1.26424	37.24517
31413	50.00000		-0.86817	0.47811	0.96555	26.23420	0.68686	0.93211	1.21176	40.63334
31433	50.00000		-0.78184	0.52649	0.92863	31.70110	-1.13511	0.07702	1.16715	35.21669
31453	50.00000		-0.67033	0.57638	0.90262	34.08104	-1.13706	0.50007	1.27593	30.84056
31473	50.00000		-0.80772	0.49281	1.12929	27.03304	-1.10700	0.46075	1.22459	29.57693
31493	50.00000		-1.07743	0.57996	0.95253	23.49392	-0.04345	-1.11532	1.15834	36.67340
31513	50.00000		-0.97414	0.37912	0.96088	22.77473	-0.44475	0.84927	0.95187	41.79395
31533	50.00000		-0.74196	0.42359	0.92999	24.39444	0.60297	-1.06748	1.28007	32.97959
31553	50.00000		-0.65693	0.44438	0.85074	32.56432	1.28863	-0.00355	1.32292	33.14068
31573	50.00000		-0.64239	0.53964	0.87844	37.00393	1.01179	-0.33198	1.07007	36.26750
31593	50.00000		-0.84211	0.55312	0.98948	32.81087	0.96813	0.69112	1.22286	41.49815
31613	50.00000		-0.83570	0.53454	0.95452	27.12966	-1.20756	0.27721	1.28997	37.45633
31633	50.00000		-0.97562	0.39670	0.92631	25.66244	-0.36120	-1.18829	1.28822	30.55281
31653	50.00000		-0.73451	0.48166	0.89539	30.22951	0.19598	-1.21056	1.28628	29.45403
31673	50.00000		-0.64992	0.63494	0.91548	34.60757	-0.08209	-1.16028	1.17592	35.47945
31693	50.00000		-0.84407	0.54319	0.97132	29.40538	1.21667	-0.07976	1.27334	40.35273
31713	50.00000		-0.89271	0.49866	1.01364	24.22531	-1.23685	0.35833	1.34264	38.06120
31733	50.00000		-0.94619	0.46328	1.04124	22.42076	0.93568	-0.76903	1.25906	33.46379
31753	50.00000		-0.84900	0.49735	0.94633	23.49130	-0.22902	1.14847	1.21305	34.90133
31773	50.00000		-0.77547	0.49724	0.91994	29.81441	-0.36512	-1.00599	1.10922	41.47473
31793	50.00000		-0.76156	0.57436	0.93220	36.30724	0.18552	-1.08500	1.13574	60.86158
31813	50.00000		-0.71302	0.64568	0.68944	33.87984	-0.31126	-1.17870	1.26365	32.20251
31833	50.00000		-0.92717	0.59255	0.92433	28.23894	-0.37624	-1.22957	1.33981	29.57723
31853	50.00000		-0.83207	0.48888	0.94860	25.60562	0.65850	-0.93248	1.18100	33.69169
31873	50.00000		-0.78302	0.50573	0.92659	27.85392	0.15956	1.14270	1.20643	40.95988
31893	50.00000		-0.66178	0.43247	0.86216	33.98274	-1.22106	-0.23794	1.28796	39.08881
31913	50.00000		-0.86747	0.51880	0.95552	31.85316	-0.75497	-0.91565	1.20428	34.23015
31933	50.00000		-0.82415	0.50269	0.94920	25.89139	0.65313	-1.00807	1.25469	35.00087
31953	50.00000		-0.93644	0.47728	1.00478	22.88503	-0.36052	0.93878	1.00188	40.63751
31973	50.00000		-0.87880	0.42938	0.93573	22.33792	1.05457	-0.56833	1.25696	39.34140
31993	50.00000		-0.81478	0.47678	0.92918	26.77107	-0.44010	1.27632	1.39306	32.11826
32013	50.00000		-0.69053	0.55226	0.90160	34.34290	-0.16137	1.31256	1.36727	28.30101
32033	50.00000		-0.65558	0.57038	0.88895	36.16457	1.19876	0.26871	1.26701	31.49031
32053	50.00000		-0.78500	0.41060	0.94549	30.82030	0.35117	0.93316	0.97816	40.22673
32073	50.00000		-0.84105	0.54439	0.94897	26.44214	-0.84694	-0.74728	1.17043	39.54769
32093	50.00000		-0.83389	0.48509	0.93158	25.37887	1.14334	-0.00033	1.15415	34.60749
32113	50.00000		-0.79922	0.52830	0.93245	30.74403	0.58222	1.11998	1.32123	32.94456
32133	50.00000		-0.61954	0.52274	0.89346	34.06575	-0.07236	0.97252	0.95792	39.55140
32153	50.00000		-0.86984	0.49209	0.97154	28.53762	-0.70415	-0.73617	1.00441	39.62561
32173	50.00000		-0.89488	0.41120	0.96495	24.13608	1.30228	0.14970	1.27757	33.55163
32193	50.00000		-0.89034	0.44447	0.97940	22.41098	-0.45869	1.14682	1.29651	30.44545
32213	50.00000		-0.85169	0.45918	0.95173	24.23671	-1.04308	-0.37913	1.14945	30.99635
32233	50.00000		-0.74803	0.53350	0.92574	31.11459	0.46312	-0.89925	1.00905	38.53382
32253	50.00000		-0.51933	0.49885	0.75993	37.02614	1.17341	-0.02525	1.22439	41.06814
32273	50.00000		-0.80477	0.55262	0.96033	33.32243	1.05433	0.44875	1.17051	35.30683
32293	50.00000		-0.82738	0.52297	0.94754	27.75911	0.29869	1.13101	1.21458	33.25312
32313	50.00000		-0.83116	0.49669	1.07948	25.33819	-0.91953	-0.42701	1.00874	38.72073
32333	50.00000		-0.85641	0.53409	0.98639	28.31075	1.21230	0.15618	1.27153	40.41350
32353	50.00000		-0.74517	0.50543	1.08214	35.00089	0.49660	1.12640	1.29879	33.56634
32373	50.00000		-0.83280	0.54869	0.99023	31.20301	0.80543	0.87731	1.23923	29.54481
32393	50.00000		-0.87112	0.52772	0.97115	25.18024	0.24126	1.13642	1.20912	30.59224
32413	50.00000		-0.88712	0.43333	0.97636	23.11020	-0.72783	-0.69025	1.00490	38.55066
32433	50.00000		-0.87263	0.46072	0.97681	22.46116	0.11634	1.11466	1.15112	39.71660
32453	50.00000		-0.76249	0.47306	0.91486	27.91671	-0.63682	-0.92269	1.13399	35.66052
32473	50.00000		-0.72181	0.50861	0.90624	35.92126	-0.36331	-1.09017	1.19048	33.83360
32493	50.00000		-0.71144	0.63966	0.93811	35.53849	-0.43794	-0.90095	0.99132	38.34228
32513	50.00000		-0.85695	0.54034	0.98965	30.01015	1.15705	-0.21645	1.21579	40.68685
32533	50.00000		-0.81848	0.48629	0.92928	26.15564	-0.62688	0.90788	1.12725	34.49730
32553	50.00000		-0.82283	0.48520	0.94468	25.95576	-1.14542	-0.49696	1.29227	29.69367
32573	50.00000		-0.71421	0.59172	0.92371	32.20189	-1.12102	-0.21003	1.14056	30.40480
32593	50.00000		-0.73000	0.60150	0.92865	32.92672	-1.00580	-0.32769	1.08470	38.12569
32613	50.00000		-0.81827	0.54007	0.92242	27.19107	0.93089	-0.52519	1.07997	40.20803
32633	50.00000		-0.91244	0.53632	1.04192	22.56705	-0.93876	0.57369	1.12680	36.45448
32653	50.00000		-0.87397	0.41640	0.94176	22.56707	0.45542	-1.01971	1.14116	32.97639
32673	50.00000		-0.82165	0.48559	0.93799	24.88160	0.38326	1.00185	1.07147	36.74380
32693	50.00000		-0.76107	0.30510	0.93760	32.84016	-0.92315	-0.35699	0.97212	40.89847
32713	50.00000		-0.55908	0.53987	0.83144	37.28728	-0.88416	-0.72683	1.17305	35.55299
32733	50.00000		-0.76165	0.52168	0.93198	31.33506	-1.04357	-0.35066	1.06588	29.86968
32753	50.00000		-0.94810	0.56935	0.90777	27.10416	-1.07529	-0.38060	1.18776	28.83422
32773	50.00000		-0.84868	0.45428	0.94445	25.35028	0.26871	-1.05655	1.11991	35.12490
32793	50.00000		-0.81316	0.48439	0.92969	29.74397	0.46759	0.94664	1.08145	40.04715
32813	50.00000		-0.59317	0.63901	0.88767	34.06922	-0.19874	1.06251	1.09068	32.31863
32833	50.00000		-0.85843	0.54204	1.01073	29.12258	-1.05480	0.42293	1.15476	34.01161
32853	50.00000		-0.83686	0.50778	0.95050	24.21165	-0.21088	-1.08568	1.11453	34.90254
32873	50.00000		-0.93067	0.45047	1.01614	22.02309	-0.26226	0.88831	0.93219	41.69703
32893	50.00000		-0.79571	0.44539	0.92157	23.93693	0.78583	-0.70663	1.06389	37.47040
32913	50.00000		-0.78315	0.51292	0.92408	30.00451	0.80805	0.86155	1.23105	31.45295
32933	50.00000		-0.64805	0.60963	0.90871	36.55764	1.17772	-0.31396	1.25460	29.05157
32953	50.00000		-0.75273	0.50814	0.91847	34.24194	0.37488	-1.08787	1.16144	34.80437
32973	50.00000		-0.79271	0.54407	0.98441	28.28944	0.89539	0.40887	0.96817	40.35273
32993	50.00000		-0.85683	0.49755	0.96437	25.14170	-1.06136	-0.17569	1.10043	38.22379
33013	50.00000		-0.83890	0.38425	0.94022	28.48771	0.79170	-0.87891	1.23286	34.52042
33033	50.00000		-0.78268	0.55482	0.93053	34.50433	1.16768	-0.44919	1.29628	34.44524
33053	50.00000		-0.87205	0.59216	1.05006	31.33560	0.67929	0.69813	0.94600	41.29272
33073	50.00000		-0.86118	0.48995	0.96925	25.34554	-1.06100	-0.41083	1.17520	38.24886
33093	50.00000		-0.88857	0.45086	0.97082	22.83055	1.09847	-0.51382	1.25658	31.50629
33113	50.00000		-0.92433	0.43882	1.01563	22.25676	0.63249	0.95309	1.16699	28.59963
33133	50.00000		-0.83611	0.49180	0.93937	27.44029	-0.52497	1.02537	1.19066	32.20956
33153	50.00000		-0.66730	0.45297	0.84979	36.56329	-1.06352	0.15850	1.13831	39.58228
33173	50.00000		-0.70142	0.65820	0.93217	36.29345	-0.90512	-0.64467	1.14361	39.65756
33193	50.00000		-0.88065	0.56377	1.03605	29.80878	0.21650	-1.03957	0.99584	34.51289
33213	50.00000		-0.85006	0.50177	0.96941	26.23336	1.10313	-0.01604	1.12466	33.32544
33233	50.00000		-0.92512	0.47836	1.03472	25.16950	-0.72936	0.81032	1.10367	40.14410
33253	50.00000		-0.72049	0.51840	0.89464	32.03604	0.01244	-1.14981	1.19859	40.21544
33273	50.00000		-0.74065	0.62590	0.92557	34.22268	0.57371	-1.10391	1.29776	32.60926
33293	50.00000		-0.80943	0.55796	0.95129	27.07027	0.71899	-0.94861	1.20659	29.79577
33313	50.00000		-0.82828	0.48145	0.94416	23.19628	1.04085	0.35576	1.17157	31.62845
33333	50.00000		-0.88296	0.48585	0.97822	22.38170	-1.16779	0.06558	1.22198	38.83496
33353	50.00000		-0.87246	0.44648	0.97553	23.83727	0.95574	0.44144	1.09458	40.63304
33373	50.00000		-0.71600	0.52458	0.90462	32.37344	-0.79767	0.80208	1.15319	35.81504
33393	50.00000		-0.57788	0.49220	0.81319	36.95641	-0.48719	1.01550	1.23009	33.19056
33413	50.00000		-0.77376	0.61167	0.96234	32.20803	-0.82241	0.59437	1.01885	39.79805
33433	50.00000		-0.83794	0.49450	0.94081	27.73820	-1.26703	-1.13217	1.74205	16.46956
33453	50.00000		-0.88074	0.46312	0.98729	25.40275	0.97078	-0.57985	1.14431	35.19099
33473	50.00000		-0.80096	0.53414	0.93174	28.60502	1.03613	0.59105	1.22686	29.74957
33493	50.00000		-0.71854	0.55338	0.91850	34.78717	1.13126	-0.24317	1.18527	30.12403
33513	50.00000		-0.73799	0.60224	0.92931	30.56542	1.01513	0.30306	1.05653	37.32396
33533	50.00000		-0.88375	0.47546	0.99996	24.49068	-1.09528	-0.15692	1.13359	40.30728
33553	50.00000		-0.90202	0.44042	0.97281	22.08608	0.97509	0.54204	1.12486	37.00142
33573	50.00000		-0.77563	0.58177	1.01585	14.09697	-1.02440	0.47639	1.17426	33.05993
33593	50.00000		-0.76548	0.52103	0.92860	29.07338	-0.34960	-1.07324	1.15695	36.83167
33613	50.00000		-0.64726	0.60011	0.90200	36.79026	0.79484	-0.90811	1.26367	41.10161
33633	50.00000		-0.75901	0.57175	0.93121	34.06272	1.15533	-0.09003	1.14563	35.50613
33653	50.00000		-0.87202	0.52072	0.98667	28.51372	1.16570	0.44812	1.29460	30.57579
33673	50.00000		-0.81664	0.48456	0.93028	25.28854	0.66228	0.98842	1.21996	29.59910
33693	50.00000		-0.82515	0.49732	0.93183	27.66525	-0.83906	0.88591	1.20959	37.14729
33713	50.00000		-0.70666	0.48522	0.90526	33.28394	-0.60235	-0.97047	1.18098	41.14351
33733	50.00000		-0.76069	0.57940	0.93161	32.54596	0.86796	-0.76954	1.21389	37.73021
33753	50.00000		-1.00716	0.52901	0.86756	25.66247	0.88194	0.90223	1.30844	33.44771
33773	50.00000		-0.88389	0.44700	0.96567	23.03274	-1.16037	0.07305	1.20232	35.98183
33793	50.00000		-0.88508	0.44296	0.96056	22.08841	0.98687	0.43172	1.10591	40.96426
33813	50.00000		-0.77905	0.51134	0.92581	26.88150	-0.79393	-0.70963	1.01896	33.24059
33833	50.00000		-0.52979	0.56662	0.80129	34.64015	-1.27416	-0.32276	1.37257	31.11170
33853	50.00000		-0.76095	0.56456	0.92985	36.06992	-0.33309	1.15513	1.06850	29.14447
33873	50.00000		-0.82595	0.54095	0.95846	29.96506	-0.11168	1.15114	1.19269	34.85007
33893	50.00000		-0.83422	0.56033	0.96107	26.27370	-0.69445	-0.74996	1.02306	40.07207
33913	50.00000		-0.81771	0.47546	0.93054	25.47692	0.94562	0.73485	1.23924	38.95399
33933	50.00000		-0.76768	0.53585	0.92770	31.11404	-0.89539	0.76320	1.22451	34.23151
33953	50.00000		-0.76733	0.56148	0.92964	33.79322	-0.77335	0.74687	1.16187	35.21077
33973	50.00000		-0.88102	0.54346	1.02787	27.70496	-0.82516	-0.88194	1.25578	40.22218
33993	50.00000		-0.89066	0.47073	0.97440	23.32065	0.82705	1.03056	1.36236	37.71611
34013	50.00000		-0.94140	0.43934	1.04481	22.17736	-1.21724	-0.39651	1.35391	31.37034
34033	50.00000		-0.81470	0.46442	0.92832	24.13910	0.16027	-1.15985	1.22246	29.63241
34053	50.00000		-0.80044	0.48256	0.92951	31.70573	0.66878	-0.95222	1.19770	33.40376
34073	50.00000		-0.73368	0.52816	0.91507	37.11245	0.92045	-0.56159	1.09370	39.70166
34093	50.00000		-0.76973	0.53980	0.93144	32.15330	0.80471	0.65299	1.04152	39.52179
34113	50.00000		-0.88769	0.54705	1.03366	28.13412	-0.70585	1.01007	1.28292	33.51497
34133	50.00000		-0.82646	0.50219	0.95784	25.57764	-0.92822	-0.77196	1.25546	33.65468
34153	50.00000		-0.78415	0.50143	0.92403	28.64075	0.99772	-0.26594	1.03721	40.24228
34173	50.00000		-0.78231	0.53547	0.92737	34.27566	-0.04611	1.14933	1.18363	39.36253
34193	50.00000		-0.83510	0.55296	1.00335	30.13996	-0.82044	1.02593	1.37720	31.85629
34213	50.00000		-0.82048	0.49652	0.91906	24.51831	-1.12584	0.27952	1.20485	28.27347
34233	50.00000		-0.89952	0.45215	1.00571	22.25257	-0.48776	-1.09803	1.24371	31.48849
34253	50.00000		-0.86021	0.46021	0.93952	22.13441	0.90022	0.69261	1.17407	38.90289
34273	50.00000		-0.78205	0.49238	0.92204	27.48827	-0.88599	-0.76791	1.23175	39.56498
34293	50.00000		-0.64089	0.54282	0.87452	35.63488	0.27021	-1.06156	1.10891	35.00087
34313	50.00000		-0.83155	0.69436	1.08870	35.33742	-0.37838	-1.00122	1.08572	33.99123
34333	50.00000		-0.89062	0.51995	1.03477	29.86520	0.62969	-1.02906	1.25430	39.09747
34353	50.00000		-0.81773	0.52371	0.94511	26.26226	-0.26112	1.09458	1.15127	41.08576
34373	50.00000		-0.82836	0.47780	0.94081	25.79534	-0.49651	-1.02548	1.15585	33.52230
34393	50.00000		-0.73503	0.54999	0.91706	32.06453	-0.11294	-1.30118	1.28739	29.70314
34413	50.00000		-0.79581	0.63047	1.00462	32.87341	-1.02570	-0.66729	1.27463	30.86074
34433	50.00000		-0.85050	0.55487	0.99144	26.52319	0.29646	-1.07475	1.12552	39.28120
34453	50.00000		-0.87463	0.52939	0.98397	23.16584	-0.61632	0.98268	1.19682	39.95256
34473	50.00000		-0.93045	0.42226	1.12734	23.13041	0.83613	-0.88115	1.25918	35.20611
34493	50.00000		-0.82077	0.47040	0.93507	24.87715	0.00074	1.18808	1.22423	33.28162
34513	50.00000		-0.67825	0.51722	0.89793	33.59829	-0.98578	0.55439	1.14173	38.64615
34533	50.00000		-0.63670	0.55220	0.89019	36.58734	-1.14550	-0.31517	1.12462	40.35022
34553	50.00000		-0.81707	0.53790	0.95718	31.16892	-0.37817	-1.17353	1.28424	33.88717
34573	50.00000		-0.82985	0.49568	0.94451	26.94156	0.49437	-1.13709	1.29404	29.97243
34593	50.00000		-0.86005	0.42680	0.93691	26.20957	1.13494	-0.34772	1.24723	30.81786
34613	50.00000		-0.79375	0.55252	0.93316	29.74639	0.50095	0.90297	1.00839	37.49993
34633	50.00000		-0.71403	0.48257	0.89798	33.92426	-0.89104	0.53283	1.02272	39.66034
34653	50.00000		-0.75590	0.50655	0.93345	28.55637	-0.84755	-0.99441	1.34980	35.66614
34673	50.00000		-0.85461	0.48882	0.96109	24.26333	1.24282	-0.61494	1.42051	33.35472
34693	50.00000		-0.94323	0.49788	1.06525	22.03831	-0.62235	0.85824	1.02996	38.76906
34713	50.00000		-0.86491	0.47920	0.96015	23.92693	0.90041	-0.47561	0.97872	41.25214
34733	50.00000		-0.84013	0.53133	0.96502	30.89452	-0.49252	1.19984	1.33582	34.61878
34753	50.00000		-0.62174	0.54404	0.85329	36.94945	0.28935	1.22040	1.28892	29.68811
34773	50.00000		-0.76480	0.58540	0.94472	34.34501	1.09489	0.54598	1.25980	29.71042
34793	50.00000		-0.86785	0.57261	1.03257	28.17808	0.45654	0.96242	1.08652	37.93991
34813	50.00000		-0.74259	0.46989	0.88831	25.33125	-0.65014	-0.73806	0.98999	40.36036
34833	50.00000		-0.88260	0.49013	0.98827	27.96919	1.24148	0.42805	1.37354	36.62637
34853	50.00000		-0.75892	0.49135	0.92137	33.44947	0.74706	1.15332	1.41172	32.78738
34873	50.00000		-0.77794	0.56062	0.93923	31.53390	0.36928	1.16538	1.27910	37.00826
34893	50.00000		-0.83403	0.49267	0.93606	25.85738	-1.05909	-0.66176	1.29625	40.60636
34913	50.00000		-0.87997	0.45894	0.97328	23.10012	0.76673	0.92246	1.25492	37.16104
34933	50.00000		-0.86109	0.41818	0.94152	21.95943	-1.23187	0.05929	1.28318	30.62762
34953	50.00000		-0.81634	0.48061	0.93132	26.80574	-0.71966	-1.00883	1.25128	29.08429
34973	50.00000		-0.62055	0.45790	0.80636	35.16455	-0.51669	-1.02959	1.20186	35.45274
34993	50.00000		-0.77954	0.70387	1.03243	36.70227	-0.11134	-1.07224	1.11164	40.74047
35013	50.00000		-0.88304	0.78400	0.96437	30.27024	1.34687	-0.31083	1.42352	37.18918
35033	50.00000		-0.85859	0.45372	0.95263	26.47274	0.33343	1.39471	1.47547	34.51026
35053	50.00000		-0.86975	0.48246	0.96752	25.67692	-1.23329	0.01119	1.28400	35.18438
35073	50.00000		-0.70915	0.56584	0.91507	32.23175	0.16609	-0.89045	0.92530	37.86448
35093	50.00000		-0.72368	0.59923	0.93153	33.30354	1.09794	-0.04404	1.12757	37.34032
35113	50.00000		-0.83344	0.52190	0.95974	26.77104	0.70296	0.96512	1.22935	32.13227
35133	50.00000		-0.86195	0.44714	0.94079	23.16075	-0.60254	1.03497	1.24780	29.54481
35153	50.00000		-0.90320	0.49298	0.98315	22.77527	-0.67266	-0.94427	1.19536	34.19275
35173	50.00000		-0.76612	0.45431	1.08867	24.12021	0.39962	0.91845	0.98795	41.22344
35193	50.00000		-0.70368	0.52561	0.90093	32.51545	-1.16111	-0.36527	1.26567	38.27032
35213	50.00000		-0.57982	0.51795	0.81969	37.28724	-1.21871	-0.30730	1.31875	33.80595
35233	50.00000		-0.80192	0.55861	0.94722	33.29126	-1.25806	0.11383	1.31686	34.73273
35253	50.00000		-0.92437	0.52103	1.07205	27.52847	0.30445	-0.93185	0.95607	40.12130
35273	50.00000		-0.84357	0.50447	0.95412	25.31699	-0.30259	1.13979	1.22917	38.26323
35293	50.00000		-0.74299	0.47656	0.91349	29.57693	-1.23258	-0.22876	1.30226	31.80134
35313	50.00000		-0.77505	0.61040	0.95456	34.13308	-1.05778	0.59180	1.25834	29.24598
35333	50.00000		-0.87208	0.52756	1.02603	29.59356	-0.80872	0.79091	1.21587	33.89061
35353	50.00000		-0.88824	0.49380	1.01107	24.93577	0.08590	-1.02326	1.01952	39.49426
35373	50.00000		-0.92655	0.44061	1.00019	21.85651	-0.73839	0.89974	1.20537	39.66451
35393	50.00000		-0.86643	0.47585	0.95253	23.61745	0.53581	-1.14176	1.31721	33.67276
35413	50.00000		-0.81877	0.52666	0.96191	29.39433	1.11822	0.41823	1.24655	34.86976
35433	50.00000		-0.63273	0.61621	0.90346	36.57213	0.54398	0.78756	0.94087	40.38332
35453	50.00000		-0.72008	0.49852	0.90624	34.29984	-0.36395	1.05617	1.14309	38.89696
35473	50.00000		-0.82677	0.55596	0.96283	28.23100	-1.28315	0.27235	1.36806	31.95793
35493	50.00000		-0.87646	0.49879	0.98846	25.46579	-1.01645	-0.47154	1.15856	29.15801
35513	50.00000		-0.88024	0.49233	0.97675	28.80398	-0.48296	-1.05703	1.19858	31.16211
35533	50.00000		-0.79417	0.57963	0.95942	34.34720	0.55966	-0.87331	1.05536	38.58161
35553	50.00000		-0.84142	0.54835	0.98861	31.76542	0.75114	0.65518	0.98159	39.55495
35573	50.00000		-0.82408	0.49208	0.93463	25.22994	-1.09596	0.62272	1.32808	35.68963
35593	50.00000		-0.85163	0.48074	0.95053	23.06488	0.05581	-1.10983	1.13206	32.75879
35613	50.00000		-0.94710	0.44601	1.03986	22.19203	0.23614	1.05800	1.11014	39.63068
35633	50.00000		-0.85626	0.51981	0.97078	28.19927	0.23252	-0.97048	0.98580	39.68680
35653	50.00000		-0.73169	0.51352	0.91430	36.20409	1.01185	-0.59594	1.21756	32.88062
35673	50.00000		-0.93115	0.35988	0.97118	55.57421	0.20949	-1.17513	1.23208	28.80404
35693	50.00000		-0.80843	0.51975	0.93785	30.20967	-0.42828	-1.12909	1.16294	30.88775
35713	50.00000		-0.85193	0.55026	1.00233	26.51156	0.96800	-0.42473	1.03194	38.99667
35733	50.00000		-0.86974	0.49426	0.98177	26.26792	-0.94193	0.43545	1.09345	39.73859
35753	50.00000		-0.72783	0.52110	1.16231	31.40156	-0.12321	-1.22469	1.28992	35.51018
35773	50.00000		-0.79438	0.57516	0.95151	34.29769	0.11092	-1.18559	1.23248	33.32544
35793	50.00000		-0.80818	0.53250	0.94736	27.50773	1.03546	-0.38699	1.13190	37.97654
35813	50.00000		-0.88389	0.45912	0.95186	23.17599	-1.03965	0.16930	1.08692	40.64192
35833	50.00000		-0.91931	0.44233	0.99944	22.22186	1.15925	0.07245	1.19413	34.37302
35853	50.00000		-0.69904	0.54638	0.95518	23.90528	-0.34959	1.21549	1.31791	29.60317
35873	50.00000		-0.76476	0.54686	0.92869	31.78366	-0.59118	1.02209	1.23075	31.80448
35893	50.00000		-0.67647	0.61790	0.92649	37.21011	-0.16624	0.95355	0.92778	37.77996
35913	50.00000		-1.37414	-0.10125	1.45177	-3.75128	0.55905	-0.91198	1.09395	40.03445
35933	50.00000		-0.86565	0.52299	1.02567	28.55661	1.15984	-0.47024	1.28800	35.76117
35953	50.00000		-0.90987	0.51913	1.03239	24.68143	0.30589	1.34815	1.42605	33.58454
35973	50.00000		-0.81280	0.49323	0.92911	27.78006	-1.01334	-0.13505	1.06423	37.88680
35993	50.00000		-0.73502	0.56391	0.92951	33.83567	0.45785	-0.93349	1.02325	41.31739
36013	50.00000		-0.83674	0.55473	0.97492	31.96993	1.27529	-0.09663	1.34458	35.43944
36033	50.00000		-0.90220	0.46872	0.89837	25.04809	0.72811	0.91920	1.20528	29.92015
36053	50.00000		-0.90703	0.45303	0.99086	22.81761	-0.73812	0.85713	1.14776	30.03275
36073	50.00000		-0.89166	0.41053	0.96734	21.52013	-0.05879	-1.06967	1.09811	37.99646
36093	50.00000		-0.81718	0.52021	0.95342	26.79440	0.01435	1.04411	1.03036	40.53548
36113	50.00000		-0.70214	0.48386	0.88709	35.51036	-1.31992	0.23342	1.38518	36.51537
36133	50.00000		-0.70329	0.64743	0.92233	35.65833	-1.14076	0.80472	1.42672	32.99607
36153	50.00000		-0.81646	0.52733	0.93965	30.85399	-1.22207	0.16563	1.29312	37.24232
36173	50.00000		-0.84547	0.50520	0.94496	26.56969	0.90000	-0.82975	1.27621	40.69539
36193	50.00000		-0.89725	0.49390	1.00331	26.15308	-0.81482	0.88179	1.26475	36.90680
36213	50.00000		-0.72806	0.51681	0.90877	31.80121	-1.16718	-0.03984	1.18871	30.77537
36233	50.00000		-0.81240	0.58196	0.96736	33.27435	-0.80143	0.90035	1.23988	28.91763
36253	50.00000		-0.78331	0.53435	0.93205	27.26030	-1.07547	0.26501	1.11726	36.34706
36273	50.00000		-0.91177	0.52463	1.12590	24.82820	0.97763	-0.50509	1.13579	40.26192
36293	50.00000		-0.90453	0.48111	0.99759	23.13041	-1.31815	0.12666	1.39155	36.86648
36313	50.00000		-0.78297	0.46484	0.87988	24.18359	1.03907	-0.72386	1.33047	34.26763
36333	50.00000		-0.71035	0.54346	0.91223	32.83033	1.14661	0.51165	1.30636	35.82972
36353	50.00000		-0.62787	0.61249	0.90012	37.33960	0.45603	0.94429	1.06078	41.11001
36373	50.00000		-0.82688	0.56919	1.01197	32.57357	-0.71621	0.99877	1.28166	37.88021
36393	50.00000		-0.74143	0.51884	0.99987	27.56658	-1.16817	-0.08469	1.20175	31.28512
36413	50.00000		-0.82251	0.73872	1.07509	26.09035	-0.71558	-0.95478	1.23027	29.80232
36433	50.00000		-0.76982	0.52028	0.92704	29.17741	0.24543	-1.06208	1.07699	34.64015
36453	50.00000		-0.74945	0.51180	0.92148	33.83535	1.15364	-0.34814	1.25066	40.23557
36473	50.00000		-0.79846	0.52127	0.92944	29.93954	0.27641	1.20409	1.28995	37.68499
36493	50.00000		-0.93162	0.50048	1.05792	24.50343	-1.21576	-0.35699	1.25976	33.56631
36513	50.00000		-0.88536	0.44767	0.95168	22.15378	1.04616	-0.65613	1.28499	35.97894
36533	50.00000		-0.88146	0.44254	0.95662	23.25251	-0.96283	0.26189	0.97096	41.06128
36553	50.00000		-0.76844	0.52194	0.89460	28.93032	1.07608	-0.61731	1.30533	37.69323
36573	50.00000		-0.74139	0.54188	0.92497	37.86366	1.05058	-0.65315	1.28480	31.20303
36593	50.00000		-0.61767	0.56509	0.87851	34.71148	-0.40085	-1.09468	1.20098	28.41946
36613	50.00000		-0.86574	0.56776	1.01852	28.90485	-0.33834	-1.09829	1.17424	32.94534
36633	50.00000		-0.84034	0.48934	0.93922	26.15555	0.93909	0.45915	0.98842	40.78360
36653	50.00000		-0.78251	0.50069	0.92746	27.68605	-1.03592	-0.40166	1.14483	38.65241
36673	50.00000		-0.62689	0.57772	0.90201	33.97781	-0.11314	-1.23575	1.29988	33.97132
36693	50.00000		-0.75597	0.59213	0.93401	32.41010	-0.15620	-1.15270	1.19731	33.27821
36713	50.00000		-0.82104	0.50901	0.94470	26.62451	0.96750	0.11208	0.93189	40.37561
36733	50.00000		-0.96537	0.46714	1.08770	22.85008	-0.84736	-0.63646	1.07059	38.98812
36753	50.00000		-0.86419	0.42730	0.93970	22.66399	1.01463	0.47026	1.12528	33.24151
36773	50.00000		-0.83074	0.57463	0.93356	25.94596	-0.15364	1.12683	1.15541	28.82338
36793	50.00000		-0.70502	0.56148	0.91281	34.47149	0.15182	1.18986	1.26466	31.31159
36813	50.00000		-0.63830	0.54495	0.87375	36.27658	0.29678	1.02997	1.07594	39.12631
36833	50.00000		-0.77801	0.54926	0.95823	30.88164	-1.01431	0.18880	1.02529	39.51777
36853	50.00000		-0.93670	0.69032	1.01085	26.86632	0.35802	-1.18751	1.29445	36.39956
36873	50.00000		-0.85430	0.49726	0.96119	25.68175	0.89566	0.71282	1.16400	33.76143
36893	50.00000		-0.75925	0.51860	0.92796	30.85238	-0.62614	0.78779	1.03123	40.05740
36913	50.00000		-0.62247	0.51391	0.87016	34.06921	-0.72008	-0.69481	0.97895	39.82117
36933	50.00000		-0.85047	0.51053	0.92714	28.84508	0.64548	-1.05961	1.28809	33.46026
36953	50.00000		-0.63184	0.54137	1.12994	23.80711	1.15086	0.35027	1.23053	29.86409
36973	50.00000		-0.90256	0.44674	0.98005	22.24000	-0.24096	1.00593	1.19041	31.18786
36993	50.00000		-0.81685	0.55350	0.95270	23.57319	-0.09407	-0.97170	0.98334	39.29609
37013	50.00000		-0.72497	0.50025	0.91270	31.51223	0.55840	0.88711	1.04636	39.62955
37033	50.00000		-0.57269	0.63834	0.88286	36.49943	0.12936	1.29372	1.36179	35.12933
37053	50.00000		-0.71127	0.54844	0.92177	32.65937	0.35980	1.24876	1.34475	33.69904
37073	50.00000		-0.76523	0.43149	0.92669	28.33128	-0.81997	0.61959	1.01818	38.46867
37093	50.00000		-0.86314	0.50378	0.96522	25.08113	0.94225	-0.36093	1.01052	40.33002
37113	50.00000		-0.75821	0.51616	0.92377	27.85403	-0.27194	1.31518	1.40066	34.56574
37133	50.00000		-0.66123	0.52343	0.87578	34.43214	-0.01397	1.20070	1.23120	29.98107
37153	50.00000		-0.76271	0.55770	0.93052	31.74748	0.68940	0.91917	1.17408	30.62760
37173	50.00000		-0.89243	0.47274	0.99875	25.02463	-0.93635	0.39938	1.03042	37.93996
37193	50.00000		-0.91159	0.44608	1.00633	22.83053	1.07678	0.17428	1.10082	40.15508
37213	50.00000		-0.83590	0.46464	0.93401	22.15236	-1.04256	-0.41440	1.13595	35.69398
37233	50.00000		-0.84954	0.45233	0.82759	27.55455	0.75087	-0.91576	1.24134	34.33531
37253	50.00000		-0.60871	0.53878	0.84740	35.95797	0.94876	-0.40120	1.05787	37.56274
37273	50.00000		-0.77567	0.56750	0.94754	35.13154	0.94253	0.64990	1.17127	41.73901
37293	50.00000		-0.82771	0.54292	0.96817	29.35022	-0.49096	1.00690	1.13304	34.49730
37313	50.00000		-0.82829	0.47103	0.92883	26.54641	-1.16825	0.23629	1.23394	29.60961
37333	50.00000		-0.86398	0.49450	0.97885	25.89136	-0.95157	-0.69744	1.21146	29.59019
37353	50.00000		-0.78113	0.52559	0.93009	32.12219	0.23688	-1.05105	1.08065	37.04424
37373	50.00000		-0.78794	0.57325	0.94069	33.08474	1.21146	-0.11548	1.26552	40.26194
37393	50.00000		-0.83524	0.48218	0.95455	27.58474	-0.25745	1.07973	1.16801	36.67556
37413	50.00000		-0.86830	0.43518	0.93205	22.83010	-0.82858	-0.84460	1.23604	32.90218
37433	50.00000		-0.86169	0.44929	0.93877	22.74047	0.96508	0.34756	1.02112	37.48764
37453	50.00000		-0.96998	0.47481	1.07462	23.86866	-0.69535	-0.63378	0.93662	40.71324
37473	50.00000		-0.73285	0.54037	0.91450	31.90200	1.16209	-0.37461	1.28231	36.60331
37493	50.00000		-0.59689	0.52069	0.85149	37.44679	0.60499	-1.11927	1.32726	29.80878
37513	50.00000		-0.76349	0.49973	0.92672	32.83033	-0.69155	-1.00322	1.28371	28.53764
37533	50.00000		-1.15347	0.39741	0.88290	27.17680	0.25625	-1.01134	1.04013	35.93955
37553	50.00000		-0.84254	0.41149	1.00362	25.10463	-0.20532	0.96320	0.96464	40.68683
37573	50.00000		-0.78244	0.51918	0.92875	29.36674	-0.30756	-1.01802	1.08442	37.65959
37593	50.00000		-0.68971	0.51165	0.90058	33.88715	0.18897	-1.12912	1.17423	33.91682
37613	50.00000		-0.73584	0.55030	0.92222	30.84102	0.66567	-0.84676	1.08324	35.74102
37633	50.00000		-0.86452	0.43923	0.96583	24.04782	-0.55857	0.73859	0.95268	41.34902
37653	50.00000		-0.87352	0.44505	0.95150	22.23162	0.94568	-0.52205	1.08766	36.38698
37673	50.00000		-0.94919	0.45731	1.07529	22.47464	-0.18045	1.19431	1.23295	30.86752
37693	50.00000		-0.85979	0.51705	0.97975	27.81139	-0.96355	0.63160	1.24514	29.50606
37713	50.00000		-0.62758	0.56391	0.87016	35.97894	-0.70236	0.90474	1.18468	35.32967
37733	50.00000		-0.77855	0.55305	0.93227	34.85666	-0.98352	0.42826	1.08772	40.32999
37753	50.00000		-0.82498	0.52859	0.94054	28.80173	-0.20170	-1.13360	1.19075	37.44931
37773	50.00000		-0.91777	0.42494	0.99453	25.75442	1.18148	0.09392	1.36214	34.14634
37793	50.00000		-0.84015	0.50543	0.94661	26.90691	-0.16599	1.13767	1.17881	35.78049
37813	50.00000		-0.76437	0.55923	0.93152	34.04681	-0.92700	-0.31852	0.97202	41.23100
37833	50.00000		-0.82938	0.57540	0.97062	31.94392	0.19435	-1.15510	1.20610	37.00393
37853	50.00000		-0.75223	0.45578	0.94830	26.32821	1.17708	-0.26655	1.24273	31.53601
37873	50.00000		-0.92264	0.50744	1.05566	24.83478	1.00654	0.67499	1.23988	29.16642
37893	50.00000		-0.90631	0.43267	0.99528	22.21908	-0.96684	0.752