--- Terminal on /dev/ttyUSB0 | 115200 8-N-1
--- Available filters and text transformations: colorize, debug, default, direct, esp32_exception_decoder, hexlify, log2file, nocontrol, printable, send_on_enter, time
--- More details at https://bit.ly/pio-monitor-filters
--- Quit: Ctrl+C | Menu: Ctrl+T | Help: Ctrl+T followed by Ctrl+H
MOT: sensor_direction==CCW
MOT: PP check: OK!
MOT: Zero elec. angle: 1.79
MOT: Align current sense.
CS: Inv B
MOT: Success: 3
MOT: Ready.
Motor 1
MOT: Monitor enabled!
ESP32-DRV: Configuring 3PWM in group: 1 on timer: 0
ESP32-DRV: Configuring 2 operators.
ESP32-DRV: Configuring 3 comparators.
ESP32-DRV: Configuring 3 generators.
ESP32-DRV: Configuring center-aligned pwm.
ESP32-DRV: Enabling timer: 0
ESP32-DRV: MCPWM configured!
MOT: Init
MOT: Enable driver.
MOT: Align sensor.
MOT: sensor_direction==CCW
MOT: PP check: OK!
MOT: Zero elec. angle: 0.60
MOT: Align current sense.
CS: Inv B
MOT: Success: 3
MOT: Ready.
0	0.01000		-0.06029	-0.00988	0.06633	-0.02051	0.00598	-0.00838	0.02557	-0.04884
15734	0.24000		0.01561	0.00782	0.01895	-0.27334	-0.00601	-0.02079	0.02420	0.54619
15754	0.46000		0.00364	0.01421	0.05291	-0.63257	-0.02319	-0.01610	0.03891	0.63257
15774	0.69000		-0.01637	0.01396	0.03981	-0.32179	0.02030	-0.00872	0.02805	0.00000
15794	0.92000		-0.00502	0.00903	0.01177	0.65401	-0.00515	-0.02475	0.02420	0.65401
15814	1.16000		-0.00294	-0.00851	0.01575	2.49564	-0.05325	-0.01572	0.04374	1.38297
15834	1.38000		0.01561	0.00109	0.02717	1.26697	0.03557	-0.03023	0.02418	2.85186
15854	1.61000		0.03298	0.01757	0.04162	1.29150	0.01124	-0.00280	0.01187	0.64575
15874	1.84000		-0.01533	-0.00999	0.01456	0.64413	0.00806	-0.00772	0.03194	0.00000
15894	2.07000		-0.02826	-0.01347	0.01286	1.90992	-0.03985	-0.03086	0.05710	1.59226
15914	2.30000		-0.07949	-0.05293	0.02835	1.63399	-0.05427	-0.02147	0.05756	0.65401
15934	2.53000		-0.04581	0.01208	0.03858	1.61167	-0.06329	-0.00196	0.05205	0.96802
15954	2.76000		-0.03166	-0.01525	0.04892	4.18155	-0.02234	0.07685	0.08911	1.28933
15974	2.99000		-0.00075	-0.01221	0.00543	2.27450	0.00028	0.04947	0.05002	6.16841
15994	3.22000		-0.02972	-0.02714	0.03227	0.00000	-0.03055	0.03331	0.04621	7.98784
16014	3.45000		-0.03643	0.01818	0.07033	1.90955	-0.01042	-0.03380	0.02096	1.63567
16034	3.68000		-0.01451	0.01940	0.02532	3.80979	-0.03801	-0.03713	0.05647	2.71935
16054	3.90000		-0.07235	0.04857	0.07641	3.85101	0.03099	-0.04280	0.05625	5.13038
16074	4.13000		-0.01904	0.02690	0.04077	6.49443	-0.02184	-0.01929	0.01425	3.24722
16094	4.37001		-0.02184	0.01756	0.02461	2.76435	-0.09507	0.00047	0.09147	0.27644
16114	4.60001		-0.04778	-0.00276	0.04069	3.01426	-0.11966	0.03891	0.08719	4.10376
16134	4.83002		-0.03660	0.06822	0.04318	6.68759	-0.04522	0.01336	0.05660	9.19385
16154	5.06002		-0.06715	0.02507	0.07237	2.31271	0.02001	-0.04265	0.04823	6.28545
16174	5.29003		-0.15414	0.05443	0.16996	3.94425	0.04058	-0.02938	0.06066	4.28119
16194	5.53003		-0.06148	0.05854	0.09511	7.19012	-0.02002	-0.10341	0.05369	3.59765
16214	5.76004		-0.08368	0.03409	0.07982	3.87650	-0.10240	-0.04464	0.12392	4.97239
16234	5.99004		-0.05079	0.05836	0.06423	7.98799	-0.04704	-0.04243	0.04258	5.79277
16254	6.22005		-0.07791	0.03887	0.09210	4.97778	-0.05758	-0.04412	0.12747	9.68596
16274	6.45005		-0.08170	0.05714	0.10245	4.95722	0.01630	-0.01480	0.02139	7.44116
16294	6.68006		-0.03754	0.08472	0.08668	8.92330	-0.04183	-0.07497	0.09853	4.46167
16314	6.90006		-0.04938	0.05805	0.08774	7.48752	-0.08949	0.00594	0.08889	5.54843
16334	7.13007		-0.08752	0.02248	0.09824	8.74155	-0.00131	0.07539	0.08291	6.79325
16354	7.37007		-0.00085	0.03248	0.05728	8.08679	-0.07206	0.00412	0.03211	10.01330
16374	7.60008		-0.01988	0.01074	0.14244	7.55979	-0.07718	-0.01054	0.08040	7.87666
16394	7.83008		-0.02689	-0.00476	0.02495	7.66511	-0.00126	0.00152	0.06314	3.19980
16414	8.06009		-0.03866	0.02969	0.06967	7.75717	0.02156	0.11898	0.11960	9.69472
16434	8.29009		-0.07293	0.02804	0.02311	8.63037	-0.04603	0.03846	0.06168	9.46385
16454	8.52010		-0.05640	0.03308	0.07115	8.21336	-0.06089	0.03914	0.05826	6.84688
16474	8.75010		-0.00220	0.02258	0.14073	8.21336	-0.08333	0.05191	0.11131	9.04597
16494	8.98011		-0.06854	0.06382	0.09521	8.31727	-0.05914	0.05467	0.09755	8.60226
16514	9.21012		-0.08444	0.09217	0.11816	9.43135	-0.07924	-0.01922	0.10060	10.52952
16534	9.43012		-0.06806	0.06911	0.06218	8.30042	-0.08301	0.03066	0.09370	10.54395
16554	9.66013		-0.12694	0.07277	0.17493	7.75390	-0.01958	-0.01081	0.06741	10.35597
16574	9.89013		-0.11458	0.11631	0.16562	9.97343	-0.00202	0.01891	0.03438	10.92257
16594	10.12014		-0.12677	0.12108	0.16770	8.69200	0.01288	-0.03619	0.04097	8.38767
16614	10.35014		-0.18505	0.10568	0.22369	9.86383	0.04538	-0.00071	0.04532	9.90281
16634	10.58015		-0.12385	0.14724	0.18145	11.88882	0.04456	-0.02848	0.04412	10.27361
16654	10.81015		-0.14529	0.11814	0.31310	12.13899	-0.01146	-0.01346	0.03960	11.18997
16674	11.04016		-0.12434	0.11952	0.17256	12.16347	0.04282	-0.05837	0.05879	11.88707
16694	11.27016		-0.08979	0.04999	0.09338	13.27647	-0.01604	-0.01019	0.02030	9.66325
16714	11.50017		-0.07353	0.03803	0.09858	13.50432	-0.05184	0.00668	0.02789	12.10028
16734	11.73017		-0.07693	0.00296	0.05766	11.86565	-0.07730	0.02292	0.07274	11.86782
16754	11.95018		-0.35616	0.02676	0.05818	12.18212	-0.03748	0.06039	0.07102	13.46435
16774	12.18018		-0.04588	0.03856	0.15300	12.16422	-0.02417	0.07749	0.09351	13.14936
16794	12.41019		-0.03447	0.05897	0.06131	12.91777	-0.02749	0.10863	0.09708	8.74158
16814	12.64019		-0.03736	0.08336	0.09389	10.28873	-0.05441	0.02873	0.07460	15.11464
16834	12.87020		-0.06842	0.07751	0.10203	10.98232	-0.08697	-0.03044	0.10109	13.25463
16854	13.10020		-0.11305	0.11260	0.16993	12.04274	0.01745	-0.03042	0.04933	12.72607
16874	13.34021		-0.11333	0.18263	0.22057	12.70267	0.01164	-0.08826	0.09319	11.30766
16894	13.57022		-0.14938	0.12573	0.19117	12.94377	-0.00719	-0.02493	0.02900	13.77003
16914	13.79022		-0.06135	0.42516	0.25615	14.10266	0.11426	-0.19502	0.11015	15.38467
16934	14.02023		-0.09152	0.22565	0.22183	16.09638	-0.06365	0.01173	0.09857	13.60948
16954	14.25023		-0.10200	0.09473	0.13389	16.91054	-0.09424	-0.07036	0.11524	14.64655
16974	14.48024		-0.05106	0.07109	0.10291	17.70969	-0.12091	0.07322	0.16388	11.57962
16994	14.71024		-0.04473	0.09345	0.10222	14.41710	-0.01466	0.19091	0.18937	14.73441
17014	14.94025		-0.05739	0.09660	0.11505	12.47397	-0.01109	0.17500	0.22268	14.40206
17034	15.17025		-0.12548	0.15424	0.22067	13.15759	-0.16515	0.10678	0.20067	17.35854
17054	15.40026		-0.23089	0.08507	0.23180	13.74765	-0.15514	-0.00973	0.17739	17.56954
17074	15.63026		-0.18410	0.18266	0.28271	13.78786	-0.00451	-0.16254	0.14784	20.25164
17094	15.86027		-0.24074	0.21245	0.35964	14.45030	0.07586	-0.00595	0.04033	17.98261
17114	16.09027		-0.25035	0.22859	0.33978	15.22630	0.02000	0.02042	0.03918	15.21802
17134	16.32028		-0.26246	0.19798	0.35768	18.46179	0.01628	-0.00238	0.06708	15.96468
17154	16.55028		-0.23825	0.14832	0.24665	21.47736	-0.00498	-0.08038	0.10947	14.60938
17174	16.77029		-0.16303	0.12645	0.22241	22.12931	-0.14906	-0.04163	0.13928	18.02407
17194	17.00029		-0.06181	0.11089	0.14187	20.50440	-0.09576	0.09412	0.13381	15.09565
17214	17.23030		-0.08570	0.09929	0.12058	16.07277	-0.13312	0.16093	0.18743	18.33438
17234	17.46030		-0.09373	0.11446	0.16230	14.79005	-0.16419	0.07803	0.20655	17.35849
17254	17.69031		-0.05471	0.16005	0.22913	15.91136	-0.11617	-0.04339	0.13268	20.49211
17274	17.92031		-0.16186	0.18686	0.27399	14.56612	0.05881	-0.09183	0.09881	20.06473
17294	18.15032		-0.25484	0.25515	0.31386	16.35300	0.05198	-0.02449	0.04406	17.95630
17314	18.38033		-0.25394	0.20715	0.33840	17.96000	0.04329	-0.08615	0.08740	15.71833
17334	18.61033		-0.23475	0.21541	0.33247	22.21740	0.04040	-0.11631	0.17832	16.62057
17354	18.84034		-0.14252	0.14313	0.37209	21.56909	-0.20006	-0.03708	0.20814	16.06935
17374	19.07034		-0.31940	0.22319	0.41350	20.30695	-0.21303	0.17502	0.27574	17.04066
17394	19.30035		-0.15779	0.17622	0.26781	15.69207	-0.13404	0.25738	0.42273	17.97885
17414	19.53035		-0.24394	0.24699	0.35630	15.41689	-0.24167	0.11132	0.25498	20.23468
17434	19.76036		-0.21443	0.24301	0.32795	16.26323	0.11117	-0.39846	0.30575	24.76824
17454	19.99036		-0.38991	0.27688	0.48279	17.90104	0.12780	0.14449	0.20610	26.99409
17474	20.21037		-0.36154	0.28851	0.46400	19.96365	-0.11191	0.09069	0.12174	21.90947
17494	20.44037		-0.28649	0.37268	0.37670	23.06740	0.04255	0.08159	0.10067	15.35264
17514	20.67038		-0.20881	0.18552	0.34790	28.24068	0.14997	-0.16064	0.21328	19.21083
17534	20.90038		-0.06547	0.17823	0.52107	28.41886	-0.20335	0.08614	0.20480	18.20849
17554	21.13039		-0.11744	0.17613	0.21879	19.55949	-0.10580	0.20045	0.23533	20.85081
17574	21.36039		-0.21740	0.22553	0.30627	18.58378	-0.24869	-0.00435	0.16323	24.73120
17594	21.59040		-0.20199	0.21601	0.31044	17.40591	0.00216	-0.11006	0.17445	26.47021
17614	21.82040		-0.29831	0.31092	0.41495	19.23080	0.15493	-0.09448	0.17436	23.08667
17634	22.05041		-0.30254	0.27636	0.40943	21.91397	0.14704	0.02369	0.17274	20.97366
17654	22.28041		-0.23121	0.23496	0.39160	25.82239	0.13820	-0.19032	0.20835	17.28337
17674	22.51042		-0.33973	0.30894	0.38596	25.73793	-0.29098	-0.10282	0.34589	18.96185
17694	22.74043		-0.27573	0.25018	0.37414	21.48344	-0.35415	0.09045	0.36137	20.19240
17714	22.97043		-0.60884	0.23282	0.74112	16.33367	-0.31213	-0.12308	0.34468	23.46383
17734	23.20044		-0.40786	0.28950	0.48824	19.25728	0.09071	-0.35357	0.38204	28.95343
17754	23.43044		-0.45781	0.32175	0.58198	19.87524	-0.04344	0.40075	0.42777	31.26616
17774	23.65045		-0.44896	0.35721	0.62203	22.74227	-0.20074	0.05023	0.23163	24.90640
17794	23.88045		-0.25231	0.26159	0.42152	30.24211	-0.10263	0.14298	0.05055	19.96789
17814	24.11046		-0.36408	0.31409	0.46370	33.25010	0.17859	-0.20730	0.27080	18.58211
17834	24.34046		-0.31196	0.27882	0.46479	21.86345	-0.34585	0.02122	0.26121	23.16896
17854	24.57047		-0.32100	0.29616	0.43838	23.00310	-0.17860	-0.19230	0.29772	27.19940
17874	24.80047		-0.36503	0.33058	0.45942	21.25604	0.28340	-0.05853	0.30021	29.93290
17894	25.03048		-0.44267	0.34016	0.56876	22.59173	-0.01494	0.35011	0.37453	24.52822
17914	25.26048		-0.40373	0.31258	0.51449	27.73817	0.11095	0.04081	0.23555	19.49150
17934	25.49049		-0.27079	0.33359	0.46302	29.93918	-0.20471	-0.34871	0.42701	19.02562
17954	25.72049		-0.34832	0.28705	0.62963	25.24150	-0.57309	0.03840	0.58808	23.98341
17974	25.95050		-0.43178	0.33018	0.53130	21.22488	-0.37726	-0.24862	0.46346	26.09252
17994	26.18050		-0.48787	0.38513	0.67552	21.26123	0.35497	-0.12243	0.38292	32.45509
18014	26.41051		-0.55628	0.37822	0.66689	21.84976	-0.19302	0.21153	0.32515	30.87913
18034	26.64051		-0.56129	0.46127	0.73833	27.38757	-0.22315	-0.02675	0.23137	25.42814
18054	26.87052		-0.55763	0.36885	0.70332	34.91946	-0.03753	0.23841	0.23967	22.80091
18074	27.10052		-0.31431	0.44247	0.54099	34.73166	0.05662	-0.43229	0.33829	23.92546
18094	27.32053		-0.35825	0.43298	0.57989	26.45905	-0.03919	-0.38301	0.39487	29.71077
18114	27.56054		-0.46763	0.43494	0.61118	24.62566	0.33135	0.02983	0.33853	31.57707
18134	27.79054		-0.45240	0.36646	0.60181	24.78158	-0.06398	0.33308	0.35561	28.06062
18154	28.02055		-0.53839	0.37281	0.67994	29.48903	0.04392	0.35836	0.40295	22.98202
18174	28.25055		-0.40251	0.42841	0.63158	33.50391	0.35009	-0.25104	0.44219	22.35562
18194	28.48056		-0.48770	0.38786	0.65597	28.27487	-0.32273	-0.44113	0.61240	24.46236
18214	28.70056		-0.54234	0.37873	0.70047	23.83257	0.03131	-0.54070	0.56420	30.86609
18234	28.93057		-0.54944	0.36366	0.69827	24.73642	0.24154	0.49684	0.58067	35.42681
18254	29.16057		-0.75363	0.39925	0.89610	26.10348	-0.31814	-0.13632	0.39463	32.52824
18274	29.39058		-0.60721	0.52277	0.82966	33.94613	-0.27715	-0.19762	0.36206	25.98877
18294	29.62058		-0.57404	0.41782	0.78079	38.80655	0.20239	0.40017	0.46560	26.63047
18314	29.85059		-0.44285	0.43568	0.67250	32.81596	0.46317	-0.07112	0.46343	31.54881
18334	30.08059		-0.54744	0.49430	0.75119	27.67987	0.13685	0.46551	0.46528	35.14164
18354	30.31060		-0.68916	0.40852	0.84311	26.57489	-0.57013	-0.34354	0.70532	32.31792
18374	30.54060		-0.64527	0.48587	0.85753	31.35796	-0.33506	0.24630	0.43440	22.84243
18394	30.77061		-0.53765	0.53747	0.78831	35.95769	0.48172	0.11037	0.59954	24.13946
18414	31.00061		-0.59272	0.52210	0.83670	30.04673	0.36171	-0.57677	0.70085	28.46038
18434	31.23062		-0.79345	0.49133	0.92638	27.20959	0.64398	-0.02578	0.69017	36.24082
18454	31.46062		-0.80672	0.50827	1.01019	25.95620	-0.58393	0.12736	0.60965	38.16512
18474	31.69063		-0.75042	0.48621	0.90057	28.36625	0.30291	-0.44085	0.52558	32.73740
18494	31.92064		-0.69269	0.50453	0.88978	36.75365	0.09400	-0.46898	0.46729	26.73304
18514	32.15061		-0.56903	0.64575	0.89864	39.67907	-0.43253	0.34716	0.55428	30.60792
18534	32.38057		-0.55665	0.52019	0.78676	31.32877	-0.46647	0.15678	0.53265	36.93961
18554	32.61053		-0.72177	0.50572	0.90277	28.31034	0.01124	-0.46459	0.47476	34.71915
18574	32.84050		-0.86553	0.54482	0.99873	30.06724	0.32904	-0.45206	0.56176	26.46219
18594	33.07046		-0.51782	0.46879	0.73365	37.16879	-0.52314	-0.29053	0.72494	26.52013
18614	33.30042		-0.84496	0.65366	1.07473	35.08123	-0.13114	0.73820	0.76960	29.97560
18634	33.53038		-0.80066	0.53958	0.94163	28.17684	-0.70228	0.26302	0.76882	38.92229
18654	33.75034		-1.03447	0.60615	0.93575	25.63575	0.81683	-0.06932	0.85160	41.32897
18674	33.98030		-0.87294	0.52916	1.00014	27.24938	-0.60472	0.29472	0.60667	34.63724
18694	34.21027		-0.76836	0.52102	0.92870	34.58406	-0.51982	0.46102	0.70882	31.31231
18714	34.44023		-0.59473	0.46183	0.80718	40.41042	0.31451	0.77259	0.87912	34.00928
18734	34.67019		-0.68680	0.58467	0.90705	35.39708	-0.25504	0.67407	0.75789	41.77157
18754	34.90015		-0.74599	0.58341	0.92596	29.77048	-0.66548	-0.14246	0.70434	31.05096
18774	35.13011		-0.78426	0.54797	0.94076	29.99582	-0.73423	-0.08763	0.78517	28.06656
18794	35.36007		-0.63241	0.50109	0.83393	36.75778	-0.51931	0.61890	0.83732	29.60716
18814	35.59003		-0.73136	0.65914	0.96336	36.01799	-0.03249	0.86946	0.80809	37.66538
18834	35.82000		-0.92461	0.55687	1.05715	29.31995	-0.57062	-0.59096	0.86020	44.45385
18854	36.04996		-0.96606	0.50826	1.11159	26.38689	0.51745	0.69016	0.88381	38.43761
18874	36.27992		-0.87697	0.50182	0.97305	27.98411	-0.75363	0.10757	0.76140	34.06704
18894	36.50988		-0.75392	0.50290	0.91630	35.39528	-0.67279	-0.42504	0.83624	38.95465
18914	36.73984		-0.61840	0.46387	0.81138	40.13132	-0.03663	-0.78613	0.83632	43.75449
18934	36.96980		-0.71769	0.55565	0.91434	35.57778	0.16191	-0.75653	0.79852	34.18036
18954	37.19976		-0.82078	0.57483	0.96720	30.39484	-0.13428	-0.84725	0.87055	30.13715
18974	37.41973		-0.81556	0.54820	0.91261	30.01543	0.20042	-0.93022	0.93903	33.81201
18994	37.65969		-0.74543	0.57218	0.93165	36.92969	0.72853	-0.55677	0.90396	42.49408
19014	37.87965		-0.62126	0.62084	0.90108	36.46242	0.40326	0.88787	0.95716	43.25136
19034	38.10961		-0.87421	0.50930	0.97594	28.87041	-1.08681	0.01963	1.11923	38.87157
19054	38.33957		-0.85533	0.48418	0.96419	26.60265	0.67435	-0.72446	0.97783	38.74175
19074	38.56953		-0.88122	0.47178	1.00798	27.38667	-0.71756	0.47451	0.89307	44.06115
19094	38.79950		-0.73772	0.48949	0.91075	34.84120	0.34975	-0.95414	1.11117	39.97763
19114	39.02946		-0.58519	0.48600	0.80759	40.11452	-0.05601	-0.88702	0.92478	34.70256
19134	39.25942		-0.66379	0.59069	0.91785	35.24920	-0.98981	-0.49733	1.11962	33.31259
19154	39.48938		-0.80586	0.61379	0.97375	30.28652	-0.04000	-1.16143	1.20955	41.56345
19174	39.71934		-0.82759	0.53540	0.97795	29.81820	0.08185	1.05020	1.05793	43.96236
19194	39.94930		-0.64451	0.45373	0.82361	36.65583	-1.15319	-0.01472	1.19914	39.63522
19214	40.17926		-0.59887	0.61060	0.89617	35.39219	-1.21912	-0.24367	1.31214	37.64762
19234	40.40923		-0.90147	0.53085	1.03908	29.06431	0.48732	-0.83678	0.91301	43.22250
19254	40.63919		-1.04092	0.40800	0.97250	26.59154	-0.96076	0.61453	1.17686	42.18448
19274	40.86915		-0.83169	0.48082	0.94099	27.60944	0.69404	-1.09967	1.35194	36.47072
19294	41.09911		-0.75830	0.50584	0.91226	35.21334	1.12016	-0.45048	1.25892	33.53265
19314	41.31907		-0.50245	0.52975	0.74300	40.24080	0.57145	-0.97877	1.18440	39.84367
19334	41.54903		-0.79908	0.69887	1.07475	35.61428	1.06691	0.15459	1.09643	44.37934
19354	41.77900		-0.88938	0.61708	1.09439	30.74365	-0.78764	0.59151	0.96268	40.37637
19374	42.00896		-0.86009	0.54402	0.98953	29.75806	-0.23761	-1.09691	1.15231	37.68681
19394	42.23892		-0.57202	0.48226	0.75078	36.00262	0.76582	-0.46130	0.91600	42.17015
19414	42.46888		-0.69541	0.56323	0.90972	36.36246	0.17851	0.89819	0.92572	42.72658
19434	42.69884		-0.86903	0.54223	0.82446	28.63346	-1.08643	-0.12425	1.09418	36.02555
19454	42.92880		-0.86971	0.51429	0.96884	26.58604	0.35528	-1.19127	1.30043	36.59980
19474	43.15876		-0.78512	0.53586	0.95232	27.69735	0.63582	0.65505	0.92140	39.36595
19494	43.38873		-0.68067	0.51973	0.89451	34.05276	-1.11993	-0.02774	1.16110	44.72902
19514	43.61869		-0.51973	0.59683	0.83735	40.55422	-0.46204	-0.89419	0.99912	40.29159
19534	43.84865		-0.81336	0.55288	0.95899	36.03311	-0.02484	-1.08290	1.09549	37.90781
19554	44.07861		-0.85123	0.53187	0.99089	30.27411	1.10014	-0.27469	1.15704	41.05404
19574	44.30857		-0.88243	0.57094	1.05837	29.48729	-1.03179	0.21740	1.05928	44.27721
19594	44.53853		-0.63960	0.59919	0.89922	35.87115	-0.40186	-1.30532	1.40723	37.78757
19614	44.76849		-0.73335	0.52211	0.90854	36.78226	-0.88896	-0.98572	1.38395	33.57681
19634	44.99846		-0.84024	0.54246	0.97057	29.10598	-0.15876	-1.09188	1.13075	37.67897
19654	45.22842		-0.84040	0.53341	0.97386	26.70909	-0.07125	0.94999	0.93396	44.57487
19674	45.45838		-0.87924	0.45830	1.00161	27.33885	0.55895	-0.84143	0.99737	41.28164
19694	45.67834		-0.63846	0.58726	0.89464	34.23778	0.79875	0.70921	1.11275	37.78909
19714	45.90830		-0.64712	0.66225	0.92508	40.13977	0.73873	0.62633	0.97359	40.80763
19734	46.13826		-0.76771	0.48490	0.91433	36.03311	-0.24557	0.85246	0.91834	44.96594
19754	46.36823		-0.83206	0.52154	0.95781	30.83377	-0.57764	-0.84241	1.01464	39.66915
19774	46.59819		-0.84245	0.51054	0.96412	29.83898	0.80018	-1.10601	1.42099	34.30218
19794	46.82815		-0.63752	0.57148	0.85445	36.13580	0.83389	-0.96923	1.33163	36.72454
19814	47.05811		-0.77474	0.49539	0.92144	36.18786	0.83670	-0.12573	0.89794	43.80978
19834	47.28807		-0.88348	0.50363	1.02435	29.53048	-0.63190	0.80252	1.02289	42.33443
19854	47.51803		-0.88676	0.50730	1.02048	26.37583	0.36410	-1.03317	1.13991	38.54224
19874	47.74799		-0.92836	0.59172	1.13056	28.90060	0.54632	1.02326	1.19331	39.22568
19894	47.97795		-0.74574	0.62310	0.94254	35.84671	-0.94354	-0.28131	0.97660	44.24323
19914	48.20792		-0.66422	0.62533	0.92335	40.08942	-0.45332	-0.91767	1.00487	39.86870
19934	48.43788		-0.73801	0.51275	0.91146	35.45658	-0.74633	-1.02966	1.32390	34.10991
19954	48.66784		-0.82172	0.60232	1.01323	30.47461	-0.22666	-1.21569	1.28967	35.99591
19974	48.89780		-0.78518	0.54160	0.92871	30.32672	1.13865	0.11090	1.18852	42.66409
19994	49.12776		-0.64461	0.52785	0.89539	37.53715	-0.64355	0.83441	1.06009	44.06059
20014	49.35772		-0.77911	0.44797	0.92800	35.56497	-1.27437	0.29200	1.37322	38.78971
20034	49.57769		-0.86974	0.40396	1.03847	29.00920	-0.44743	-0.89839	0.97875	38.53264
20054	49.81765		-0.93455	0.52072	1.07819	26.60247	0.21280	0.83314	0.89617	44.23598
20074	50.00000		-0.83398	0.51767	0.95917	28.23478	-0.56399	-0.81112	0.96472	38.92047
20094	50.00000		-0.65408	0.46141	0.62827	36.63814	0.50117	-1.28968	1.42364	35.59192
20114	50.00000		-0.65604	0.39779	0.81425	39.80204	-0.92373	-0.77246	1.24881	34.02426
20134	50.00000		-0.70898	0.55904	0.92121	34.49683	-0.58883	-0.79915	0.98021	40.54576
20154	50.00000		-0.86467	0.54763	1.01283	30.08432	0.81303	0.43689	0.92899	44.20327
20174	50.00000		-0.85984	0.56433	1.00690	31.62846	-1.12190	0.33290	1.21467	39.39910
20194	50.00000		-0.70642	0.61873	0.92816	38.04871	-1.05998	-0.46195	1.19286	38.57645
20214	50.00000		-0.73695	0.56561	0.92672	34.10291	-0.21016	-0.70651	0.92783	43.39317
20234	50.00000		-0.89555	0.50094	1.03517	28.23475	0.54477	0.94114	1.13599	42.36098
20254	50.00000		-0.86622	0.51719	0.99771	26.37583	-1.12232	-0.58402	1.31726	36.05579
20274	50.00000		-0.85476	0.56065	0.95854	28.43261	0.63299	-1.01161	1.24706	34.68802
20294	50.00000		-0.61562	0.56792	0.88293	36.94348	0.87747	-0.22007	0.92355	40.22290
20314	50.00000		-0.56111	0.68947	0.91248	38.96436	0.93983	0.29441	0.95322	44.21494
20334	50.00000		-0.77134	0.65946	0.98758	34.16652	-0.23632	0.95091	0.96450	40.59505
20354	50.00000		-0.87525	0.56548	1.03707	30.91144	-1.06266	-0.17765	1.10391	37.02935
20374	50.00000		-0.86429	0.55525	1.01455	31.89013	0.56933	-0.71755	0.92804	41.90673
20394	50.00000		-0.51792	0.54323	0.79019	37.63173	0.57408	0.88295	1.06591	44.02708
20414	50.00000		-0.80362	0.49534	0.93053	34.09459	-0.25413	1.24515	1.33010	36.63484
20434	50.00000		-0.85692	0.57652	1.03118	28.90665	-0.93979	0.63504	1.15811	33.41026
20454	50.00000		-0.95159	0.46480	1.04002	26.28214	-0.40525	-1.13950	1.24886	38.74984
20474	50.00000		-0.89234	0.51415	1.02054	28.65752	-0.09939	0.93085	0.93107	44.71026
20494	50.00000		-0.65040	0.43184	0.82981	37.84440	-0.91203	-0.36807	0.95685	41.11173
20514	50.00000		-0.69343	0.62250	0.92718	39.69400	-0.96207	-0.24325	0.99068	37.80488
20534	50.00000		-0.78895	0.61907	0.99531	33.26316	-0.44761	-0.88599	0.97091	42.25222
20554	50.00000		-0.89066	0.56673	1.04340	30.39505	0.77182	0.63564	0.97734	44.59435
20574	50.00000		-0.81749	0.55244	0.95284	32.31116	-1.26588	0.36875	1.37343	38.06164
20594	50.00000		-0.71475	0.66408	0.95180	38.09343	-1.12280	0.80475	1.42303	33.54884
20614	50.00000		-0.81099	0.66062	1.05684	33.97450	-0.67403	0.87723	1.11634	37.87608
20634	50.00000		-0.92662	0.53021	1.07153	27.94312	0.37180	-0.80808	0.91329	44.34211
20654	50.00000		-0.88682	0.51981	1.00907	26.44319	-0.72459	0.64346	0.95209	41.50346
20674	50.00000		-0.87808	0.56559	1.02597	29.78603	0.18782	-0.99606	1.00381	37.52860
20694	50.00000		-0.70901	0.42434	0.85844	38.84544	1.02635	-0.54085	1.18646	41.01262
20714	50.00000		-0.72651	0.60859	0.93170	38.80354	1.01478	0.29537	1.05572	44.33948
20734	50.00000		-0.83376	0.54181	0.99310	33.70328	-0.02061	1.26844	1.33457	38.87157
20754	50.00000		-0.85143	0.57125	1.02313	29.83898	-1.10058	0.66295	1.33963	34.01003
20774	50.00000		-0.71864	0.48278	0.92753	31.51574	-1.14776	-0.26660	1.22428	36.69965
20794	50.00000		-0.67107	0.50639	0.87855	37.89193	-0.11678	-0.73938	0.87071	44.37934
20814	50.00000		-0.86898	0.57198	1.04134	33.10287	0.99841	0.07941	1.07894	41.14619
20834	50.00000		-0.86287	0.52915	0.99537	27.91974	-0.75506	0.68728	1.00751	38.22906
20854	50.00000		-0.75685	0.51230	1.07802	26.64724	0.40283	-0.86593	0.94476	40.04755
20874	50.00000		-0.81095	0.55128	0.94569	30.66029	-0.42386	0.66217	0.85190	45.18353
20894	50.00000		-0.50837	0.56457	0.89660	39.34921	-1.18751	-0.36060	1.33507	38.80655
20914	50.00000		-0.55658	0.66210	0.88879	38.84716	-1.09078	0.64700	1.30782	34.36682
20934	50.00000		-0.75362	0.56206	0.93202	32.97850	-0.90534	0.62003	1.13417	36.78995
20954	50.00000		-0.88123	0.51999	1.06383	29.80790	-0.01681	-0.85922	0.89589	43.57174
20974	50.00000		-0.84101	0.59036	1.03003	33.13134	0.21789	0.94134	0.95789	43.13279
20994	50.00000		-0.51964	0.62306	0.82179	37.98736	-0.49771	1.08479	1.23708	38.73690
21014	50.00000		-0.80076	0.54592	0.93946	32.49416	-0.96427	0.18141	0.95509	40.18182
21034	50.00000		-0.93328	0.48766	1.11404	27.47911	0.85364	-0.26415	0.93158	43.86488
21054	50.00000		-0.86759	0.50253	0.99989	26.70425	-1.10039	0.09254	1.03876	40.19403
21074	50.00000		-0.83590	0.51006	0.94819	31.40130	0.21609	-1.08662	1.11827	34.58870
21094	50.00000		-0.55064	0.61007	0.83714	39.04878	-0.37010	-1.12677	1.23160	35.71262
21114	50.00000		-0.73950	0.64291	0.95297	38.38952	-0.19972	-0.92998	0.93009	42.47752
21134	50.00000		-0.89363	0.59208	1.10577	32.36516	0.50225	0.75348	0.92604	41.64945
21154	50.00000		-0.88950	0.52142	1.01906	29.43808	0.05448	1.18178	1.19961	39.34105
21174	50.00000		-0.74491	0.46431	0.90690	34.16725	-1.07877	0.37098	1.18117	37.67559
21194	50.00000		-0.71091	0.69707	0.97743	37.54155	-0.65392	-0.43621	0.85162	43.86544
21214	50.00000		-0.86062	0.64744	1.08355	31.80402	1.00878	-0.56704	1.17445	42.12819
21234	50.00000		-0.89274	0.57839	1.03245	27.07594	-0.14572	1.16434	1.20177	35.41937
21254	50.00000		-0.89166	0.48733	1.08107	26.32619	-1.08426	-0.34103	1.18730	34.03851
21274	50.00000		-0.80928	0.55120	0.94342	31.81732	0.60592	-0.76261	0.94899	41.20663
21294	50.00000		-0.53737	0.41852	0.70081	40.29159	0.70812	0.53673	0.91140	44.49127
21314	50.00000		-0.73949	0.41681	0.88173	37.92369	0.59011	0.97044	1.17365	39.81865
21334	50.00000		-0.84771	0.60170	1.04526	32.16566	-0.22568	1.20133	1.28147	36.96727
21354	50.00000		-0.89783	0.54993	1.04495	29.52667	-0.35172	-0.71807	0.82125	44.18180
21374	50.00000		-0.70454	0.57765	0.91899	34.41311	0.75875	0.63173	0.96311	43.39917
21394	50.00000		-0.70841	0.47372	0.88309	37.73671	0.71641	0.99056	1.23032	36.03311
21414	50.00000		-0.82989	0.58460	0.98408	31.59885	0.65463	1.04637	1.28884	33.86135
21434	50.00000		-0.90626	0.51528	1.02613	26.66396	-0.97509	-0.00801	0.95051	40.37637
21454	50.00000		-0.91030	0.52051	1.10219	26.10212	0.85879	0.46061	0.96390	44.20452
21474	50.00000		-0.81989	0.53617	0.96124	31.90060	0.00643	0.01753	0.02252	40.12925
21494	50.00000		-0.51090	0.61581	0.84573	40.35107	-1.09347	-0.11179	1.11012	37.75756
21514	50.00000		-0.80051	0.74869	1.12236	37.49369	-1.11147	-0.19431	1.15976	44.07993
21534	50.00000		-0.85757	0.61527	1.04444	31.97138	0.94788	-0.63403	1.18910	43.91105
21554	50.00000		-0.84959	0.55333	1.00484	29.45037	1.09730	0.70696	1.36820	33.61184
21574	50.00000		-0.70226	0.44557	0.87973	35.56120	0.68907	1.20175	1.42929	33.23407
21594	50.00000		-0.72317	0.75047	1.04850	37.09438	0.97719	0.54746	1.15574	37.77332
21614	50.00000		-0.84129	0.59255	1.02270	31.16804	-0.80845	0.39925	0.91695	44.38860
21634	50.00000		-0.89672	0.49504	0.99907	26.80557	0.97707	-0.24572	1.00282	41.39012
21654	50.00000		-0.85179	0.53443	0.98182	25.98334	-0.96193	0.42961	1.04481	37.75756
21674	50.00000		-0.07955	0.52657	0.46603	32.18364	0.03601	-1.12034	1.15096	41.26874
21694	50.00000		-0.67715	0.67766	0.93945	40.62039	0.99587	0.17572	1.01020	44.53286
21714	50.00000		-0.76738	0.63793	0.96883	37.21075	0.84039	0.84858	1.25808	38.59072
21734	50.00000		-0.84952	0.58160	1.02172	31.29255	0.48178	1.08698	1.17705	33.88764
21754	50.00000		-0.74492	0.60299	0.93978	29.75806	-0.54388	0.84884	1.00301	37.68681
21774	50.00000		-0.65707	0.45823	0.84576	35.32103	-0.81106	-0.75404	1.13978	44.33470
21794	50.00000		-0.67563	0.74208	0.99853	37.34669	0.66983	-0.80746	1.05795	42.28053
21814	50.00000		-0.87414	0.58168	1.05759	31.20429	1.00790	0.61243	1.21995	38.19041
21834	50.00000		-0.91509	0.55852	1.07777	27.01349	-1.01965	0.18257	1.04797	40.23017
21854	50.00000		-0.91392	0.59249	1.09953	13.61192	0.91399	0.14871	0.92730	44.94572
21874	50.00000		-0.68317	0.48695	0.88548	33.06588	-0.92930	0.61185	1.11962	39.07180
21894	50.00000		-0.54873	0.63980	0.87486	40.19403	-0.59978	0.94115	1.21224	34.15577
21914	50.00000		-0.71443	0.46364	0.88828	36.24840	0.16675	1.10284	1.17019	36.34721
21934	50.00000		-0.84562	0.55933	0.99126	32.09835	-0.92895	0.25873	0.94591	43.66288
21954	50.00000		-0.89338	0.49089	1.04272	29.92210	1.02455	-0.43042	1.13847	43.67321
21974	50.00000		-0.62675	0.56354	0.87132	35.38444	0.63745	1.10175	1.32561	38.37413
21994	50.00000		-0.77942	0.55171	0.93478	37.13066	0.07269	0.97777	0.95186	39.60531
22014	50.00000		-0.86325	0.56756	1.01947	29.86797	-0.67830	-0.49881	0.88154	45.12663
22034	50.00000		-0.87485	0.56313	1.02969	27.36949	0.90045	0.59866	1.12747	40.52874
22054	50.00000		-0.89632	0.51380	1.02224	26.90630	-0.58196	1.20269	1.38810	34.62276
22074	50.00000		-0.79662	0.50867	0.93099	34.41727	-1.15432	0.56713	1.33757	35.06793
22094	50.00000		-0.70171	0.52847	0.90846	40.64587	-0.89920	0.71445	1.18709	42.90405
22114	50.00000		-0.79003	0.44936	0.91771	36.13162	-0.88145	-0.57639	1.06337	43.80044
22134	50.00000		-0.87408	0.58745	1.10524	30.85594	0.79627	-0.88677	1.25690	38.98092
22154	50.00000		-0.84173	0.53276	0.96303	30.44162	0.82976	0.81007	1.20191	38.39089
22174	50.00000		-0.58749	0.58210	0.87153	37.34731	-0.50830	0.77298	0.92514	43.82802
22194	50.00000		-0.77232	0.62018	0.96234	36.27116	-1.13262	-0.50605	1.30177	42.35214
22214	50.00000		-0.90136	0.54047	1.03782	28.64547	0.44542	-0.95880	1.05740	35.40451
22234	50.00000		-0.67302	0.58811	1.14088	26.60265	1.02301	0.39340	1.10187	33.90366
22254	50.00000		-0.88203	0.51786	1.00479	27.97824	-0.92716	0.34894	0.97240	41.09452
22274	50.00000		-0.65781	0.63246	0.92348	36.21402	0.44702	-0.76270	0.90847	44.23088
22294	50.00000		-0.60726	0.70244	0.92858	40.14364	0.97051	-0.67733	1.23489	40.33184
22314	50.00000		-0.74882	0.67302	1.00663	35.05323	1.05122	-0.35077	1.12712	37.91574
22334	50.00000		-0.83423	0.60785	1.03801	30.87045	0.05928	0.85635	0.90848	43.73991
22354	50.00000		-0.82381	0.54761	0.97034	30.12202	-0.26616	-1.13951	1.21474	43.26037
22374	50.00000		-0.57577	0.51182	0.84580	38.11133	0.82720	-1.07017	1.39676	36.06406
22394	50.00000		-0.73769	0.57633	0.92790	35.73388	0.23562	-1.06239	1.09816	34.08846
22414	50.00000		-0.97680	0.54605	1.14545	29.21563	0.93068	-0.32966	0.96092	38.87971
22434	50.00000		-0.94118	0.47686	1.04993	26.15105	-1.19441	0.26428	1.28081	44.35686
22454	50.00000		-0.88744	0.52230	1.01934	28.32958	0.97226	0.11523	0.95670	40.46089
22474	50.00000		-0.70937	0.38876	0.93066	36.53862	0.17459	1.01336	1.04510	38.46171
22494	50.00000		-0.70977	0.55940	0.91793	40.32543	0.45008	0.26296	0.52883	43.02984
22514	50.00000		-0.75639	0.60741	0.93954	34.38842	-0.80533	0.27529	0.89292	44.10396
22534	50.00000		-0.88291	0.55118	1.03632	30.51259	0.04552	-1.10687	1.12907	37.21853
22554	50.00000		-0.78000	0.58213	0.93666	32.58501	0.72035	-1.03966	1.31920	33.73819
22574	50.00000		-0.54913	0.39791	0.70581	38.13140	0.48916	-0.89000	0.98052	38.92863
22594	50.00000		-0.80694	0.69877	1.07048	34.76986	1.10751	0.28922	1.15975	44.06260
22614	50.00000		-0.86712	0.51939	0.99700	28.65194	-0.96495	-0.05803	0.94006	41.05682
22634	50.00000		-0.96648	0.51687	1.11362	26.36482	0.91020	-0.63941	1.13818	37.64174
22654	50.00000		-0.84677	0.52722	0.98673	28.05475	-0.28011	0.92705	0.97265	42.16357
22674	50.00000		-0.67759	0.47756	0.87334	37.59443	-0.65701	-0.60542	0.92155	44.73843
22694	50.00000		-0.69905	0.63040	0.92990	39.41502	-0.55789	-0.99257	1.16687	37.84440
22714	50.00000		-0.79836	0.60582	1.00818	33.91780	-0.65580	-0.93380	1.16232	33.86835
22734	50.00000		-0.86307	0.57588	1.02327	30.24840	0.28355	-1.09407	1.15909	37.67334
22754	50.00000		-0.82714	0.52328	0.94248	32.59029	0.29743	0.70393	0.83151	43.76416
22774	50.00000		-0.74363	0.65573	0.96983	38.17309	-0.96836	0.46454	1.08884	42.04878
22794	50.00000		-0.75947	0.61441	0.93159	33.68921	-1.02772	-0.43274	1.11585	38.46975
22814	50.00000		-0.92396	0.51443	1.07895	28.18758	0.71298	-0.93273	1.22639	40.75631
22834	50.00000		-0.81965	0.61615	1.03350	26.37034	-0.92845	0.44932	1.02851	44.73843
22854	50.00000		-0.82032	0.50117	0.95191	29.18507	0.95534	-0.37532	1.03879	38.82276
22874	50.00000		-0.55336	0.58241	0.84879	37.30431	1.15558	0.10615	1.16625	34.05276
22894	50.00000		-0.54265	0.65078	0.88482	39.26683	0.64766	-0.92536	1.15964	36.59975
22914	50.00000		-0.83679	0.48477	0.95948	33.92299	0.80305	-0.04424	0.83842	43.65435
22934	50.00000		-0.90619	0.56363	1.07827	30.31038	-1.01288	0.65197	1.25616	42.63353
22954	50.00000		-0.70051	0.55575	0.90584	32.31469	-0.41094	-1.07328	1.19329	36.77353
22974	50.00000		-0.58541	0.54766	0.82757	38.51459	0.27880	-0.91601	0.97607	40.00731
22994	50.00000		-0.85223	0.47789	1.00791	33.45044	0.73772	0.25996	0.84468	45.15807
23014	50.00000		-0.89838	0.53126	1.03950	27.63929	-1.07191	0.10238	1.05692	40.65907
23034	50.00000		-0.96577	0.53587	1.09468	26.67553	0.67908	-0.85397	1.10751	34.33262
23054	50.00000		-0.85519	0.55364	0.98341	30.09064	1.04139	0.35234	1.11384	35.53253
23074	50.00000		-0.70535	0.52651	0.90711	39.22568	0.15920	0.86530	0.89781	43.02083
23094	50.00000		-0.69814	0.72501	0.98321	38.83903	-0.65443	0.71654	0.95101	43.58084
23114	50.00000		-0.81977	0.64002	1.01536	33.92488	-1.29439	-0.27751	1.37963	38.62311
23134	50.00000		-0.89244	0.55449	1.06647	29.75185	0.40501	-0.94042	1.02438	38.79844
23154	50.00000		-0.81952	0.49684	0.96234	32.85939	0.24967	0.78241	0.87860	43.85587
23174	50.00000		-0.51323	0.67944	0.85032	38.30928	-0.83737	0.70928	1.13765	41.45025
23194	50.00000		-0.82607	0.63130	1.01634	32.89174	-1.09706	-0.02503	1.11156	33.76690
23214	50.00000		-0.90884	0.46744	1.02103	27.63351	-0.45359	-1.05387	1.18056	34.78268
23234	50.00000		-0.90265	0.53259	1.04040	26.99650	0.82237	0.39167	0.92353	37.34350
23254	50.00000		-0.85916	0.51616	0.98602	33.58074	-0.89344	0.31109	0.94272	56.79381
23274	50.00000		-0.45725	0.50825	0.71138	40.02647	-0.89251	-0.59668	1.07380	39.43185
23294	50.00000		-0.65638	0.70867	0.94859	37.77332	-1.26416	-0.22941	1.34957	37.83649
23314	50.00000		-0.94510	0.76915	1.26029	32.75636	-0.07690	-0.87523	0.89079	43.46388
23334	50.00000		-0.90387	0.52177	1.03598	29.50578	0.26480	1.00613	1.07959	42.61946
23354	50.00000		-0.77352	0.50200	0.92361	34.23199	-1.28512	0.44362	1.40311	36.74011
23374	50.00000		-0.54277	0.58940	0.78716	38.14915	-0.65922	1.01583	1.25249	34.86320
23394	50.00000		-0.84063	0.61547	1.04809	31.54219	-0.88663	0.35791	0.94574	39.25854
23414	50.00000		-0.90655	0.50356	1.05571	27.29504	0.73578	-0.42366	0.90013	44.31432
23434	50.00000		-0.96943	0.63970	1.08686	26.64719	-1.06611	0.31321	1.13521	40.41858
23454	50.00000		-0.79513	0.54043	0.93512	32.68566	0.19083	-1.06732	1.10274	37.89987
23474	50.00000		-0.33948	0.64615	0.69475	40.06789	0.29810	-1.14009	1.22615	43.64194
23494	50.00000		-0.69994	0.66639	0.95971	36.80779	1.07834	-0.11359	1.10183	43.56982
23514	50.00000		-0.86838	0.66364	1.09721	31.50253	0.33127	1.21467	1.31711	36.93628
23534	50.00000		-0.86550	0.58077	1.00008	29.86658	-0.78365	1.02956	1.36171	33.81133
23554	50.00000		-0.58475	0.52254	0.96594	35.28969	-0.84931	0.42404	0.93860	39.63559
23574	50.00000		-0.67703	0.48166	0.87618	36.99413	-0.90621	-0.68312	1.17606	45.32359
23594	50.00000		-0.85248	0.57674	1.01451	30.84486	0.93861	-0.24208	0.94618	41.12330
23614	50.00000		-0.95016	0.46400	1.06460	26.95053	-0.63648	0.76874	0.98790	37.38736
23634	50.00000		-0.89650	0.53893	1.04512	27.03620	0.16154	-0.87225	0.91345	42.11938
23654	50.00000		-0.78361	0.49883	0.92801	34.21109	-0.10275	0.90420	0.92388	44.17511
23674	50.00000		-0.66783	0.45921	0.85663	40.82523	0.04355	1.10904	1.14965	37.89314
23694	50.00000		-0.63950	0.58808	0.89405	35.88259	0.81232	0.86486	1.19365	33.66805
23714	50.00000		-0.86216	0.57144	0.90122	31.29914	0.31392	1.09030	1.16715	37.79233
23734	50.00000		-0.82072	0.55411	0.96516	30.17876	-0.56413	-0.51932	0.83301	44.03006
23754	50.00000		-0.74601	0.58999	0.93162	35.57530	0.94713	-0.33153	0.99724	42.21957
23774	50.00000		-0.70171	0.59001	0.91932	36.08991	0.98874	0.23529	1.07659	38.10139
23794	50.00000		-0.89583	0.55275	1.05467	29.88902	0.13754	1.19222	1.25622	40.52866
23814	50.00000		-0.87030	0.54642	1.00568	26.89512	0.15237	-1.01497	1.02969	44.90013
23834	50.00000		-0.84664	0.50854	0.96849	27.59884	-0.36119	1.01587	1.10477	38.90413
23854	50.00000		-0.66500	0.52914	0.89127	35.00187	-1.10943	0.12660	1.13131	34.43898
23874	50.00000		-0.47604	0.58572	0.77024	40.47778	-0.51469	0.98286	1.12654	36.23325
23894	50.00000		-0.83795	0.62166	1.04413	35.91259	-0.73938	0.49275	0.92262	43.96558
23914	50.00000		-0.85643	0.57553	1.01784	30.74365	0.29163	-1.14599	1.22166	42.92202
23934	50.00000		-0.85832	0.56412	1.00814	30.24519	0.77905	0.86788	1.21786	38.98782
23954	50.00000		-0.65369	0.44569	0.84025	36.14972	-0.20980	1.02543	1.04794	39.21078
23974	50.00000		-0.69052	0.61567	0.96336	35.96026	-0.82607	0.07626	0.89598	44.75461
23994	50.00000		-0.90149	0.49455	1.00996	28.71778	0.69969	-0.72502	1.01942	40.66516
24014	50.00000		-0.90407	0.47612	0.94813	26.62490	0.21934	1.06424	1.10066	34.03856
24034	50.00000		-0.87356	0.50330	0.98731	27.99585	-1.14777	0.17894	1.20209	36.06336
24054	50.00000		-0.60077	0.59626	0.87377	36.18793	-0.53258	-1.03206	1.20977	43.09400
24074	50.00000		-0.48659	0.60941	0.84325	39.97616	-0.44480	-0.98550	1.10626	40.19407
24094	50.00000		-0.80043	0.48920	0.92952	35.32739	0.51807	-1.00118	1.17815	39.21955
24114	50.00000		-0.84495	0.60700	1.00503	30.76292	1.11610	0.07716	1.15334	38.10934
24134	50.00000		-0.81787	0.49857	0.93184	30.53395	-1.05319	0.23301	1.09672	44.29258
24154	50.00000		-0.56931	0.47718	0.78204	37.20946	0.10895	-0.99598	1.00585	41.91203
24174	50.00000		-0.87561	0.73892	1.17014	35.35281	0.28966	-1.15030	1.25014	35.35917
24194	50.00000		-0.94915	0.55250	1.13224	29.00558	0.93639	-0.57922	1.12307	33.65930
24214	50.00000		-0.87969	0.48359	1.09840	25.88595	-0.26611	0.98771	1.00069	41.28596
24234	50.00000		-0.89692	0.51427	1.02442	28.28210	0.61272	-0.78304	0.97762	44.03929
24254	50.00000		-0.75775	0.45699	0.90892	36.56154	0.67314	0.89685	1.11755	39.79366
24274	50.00000		-0.69510	0.63665	0.93157	38.69613	1.18776	0.59039	1.37963	37.05268
24294	50.00000		-0.70005	0.55234	0.91014	34.92997	0.15330	0.75733	0.84123	44.07052
24314	50.00000		-0.80609	0.58506	0.97295	30.46793	-0.62038	-0.80535	1.04491	42.68189
24334	50.00000		-0.85147	0.55805	0.98569	31.30572	1.18440	-0.55987	1.36684	35.73333
24354	50.00000		-0.66316	0.68143	0.92821	38.12954	0.99692	-0.75403	1.29909	33.82824
24374	50.00000		-0.76988	0.60154	0.96004	34.66623	0.82900	-0.40550	0.92263	40.47778
24394	50.00000		-0.87127	0.59233	1.05878	28.66951	-0.49014	0.70959	0.89424	44.45390
24414	50.00000		-0.97876	0.49807	1.09202	26.68070	0.75944	-0.91566	1.23465	40.50328
24434	50.00000		-0.78812	0.50792	0.95815	28.94307	-0.02256	1.13465	1.16718	37.99524
24454	50.00000		-0.71817	0.45817	0.88895	37.30554	-0.95047	0.50639	1.12997	43.15194
24474	50.00000		-0.68625	0.66165	0.93239	39.77701	-1.10016	-0.37667	1.20047	43.69949
24494	50.00000		-0.75831	0.56489	0.94870	33.64115	-0.45821	-1.22168	1.34479	37.38734
24514	50.00000		-0.87298	0.51868	0.99820	30.45810	0.44421	-1.20779	1.33252	33.79912
24534	50.00000		-0.82748	0.48335	0.93563	32.04471	1.13507	-0.17161	1.19664	38.77412
24554	50.00000		-0.71356	0.64491	0.93113	38.37038	0.33158	1.08103	1.17610	44.63598
24574	50.00000		-0.78468	0.69353	1.03301	34.09561	-0.93808	0.49476	1.06423	41.10313
24594	50.00000		-0.88329	0.53794	1.03538	28.94304	-0.09376	-1.17935	1.19440	38.00331
24614	50.00000		-0.37096	-0.09003	0.45483	47.78655	1.19904	-0.27782	1.29877	41.69300
24634	50.00000		-0.84911	0.54451	0.98642	30.10321	-0.97389	-0.49357	1.10952	44.87199
24654	50.00000		-0.69600	0.60207	0.92349	38.28518	0.26662	-1.17238	1.24458	38.08549
24674	50.00000		-0.71384	0.78813	1.07504	38.92047	-0.72264	-0.88556	1.16663	34.12423
24694	50.00000		-0.81264	0.66757	1.04539	33.32650	-0.66525	-0.80690	1.04378	36.85143
24714	50.00000		-0.90227	0.57794	1.00619	30.12140	1.02479	-0.08565	1.00206	44.12746
24734	50.00000		-0.82543	0.55849	0.93700	32.66125	-1.02222	0.54593	1.19318	43.03703
24754	50.00000		-0.63913	0.65713	0.92433	36.73378	-1.16067	-0.21762	1.22183	38.56302
24774	50.00000		-0.83278	0.65219	1.02428	33.01841	-0.47206	-0.90140	1.01056	39.92593
24794	50.00000		-0.96130	0.60154	1.14147	29.45154	0.53434	0.71672	0.91821	44.70061
24814	50.00000		-0.88549	0.50472	0.99914	26.64686	-0.55100	-0.86059	1.03367	39.80442
24834	50.00000		-0.76039	0.49633	0.91644	31.77072	0.89859	-0.78464	1.24826	34.63000
24854	50.00000		-0.67588	0.55054	0.90066	39.70229	0.40146	-1.00566	1.12367	36.21054
24874	50.00000		-0.72332	0.72254	1.02180	38.26111	0.45103	-0.67818	0.88358	43.80044
24894	50.00000		-0.91733	0.68868	1.18259	32.72663	0.35514	0.89900	0.93959	42.98484
24914	50.00000		-0.87827	0.54545	1.06058	29.53666	-1.06967	0.01363	1.06988	37.21853
24934	50.00000		-0.76113	0.52053	0.92294	33.24916	-0.01968	-0.94186	0.93047	39.63272
24954	50.00000		-0.55621	0.58234	0.83941	38.08542	0.76112	-0.25233	0.86923	45.41207
24974	50.00000		-0.92669	0.71580	1.20513	32.39225	0.28251	1.14382	1.20746	40.41011
24994	50.00000		-0.86559	0.55711	0.99956	27.16425	-1.09556	-0.03615	1.10158	34.19499
25014	50.00000		-0.95998	0.52630	1.11207	26.58048	-0.03570	-1.13894	1.15821	35.29343
25034	50.00000		-0.75224	0.52714	0.91923	32.35840	0.86884	0.32868	0.93030	42.60170
25054	50.00000		-0.66744	0.56585	0.90638	40.23236	-0.09260	0.83811	0.89750	43.45101
25074	50.00000		-0.79473	0.63974	1.01662	37.48450	-0.63233	0.83183	1.05220	39.19282
25094	50.00000		-0.85943	0.57939	1.03409	32.48560	-1.02826	0.11697	1.01376	38.26695
25114	50.00000		-0.87782	0.59749	1.04779	29.85713	0.73588	-0.76957	1.07009	44.46321
25134	50.00000		-0.69984	0.49568	0.87954	35.96027	-0.06684	1.03542	1.03824	42.15123
25154	50.00000		-0.65639	0.65186	0.92943	36.91312	-0.13286	1.11739	1.13658	35.30820
25174	50.00000		-0.96646	0.68890	1.22763	31.28597	-0.30590	1.06025	1.10983	34.51134
25194	50.00000		-0.94163	0.54320	1.09796	27.16226	-0.75479	-0.67422	1.01922	41.68872
25214	50.00000		-0.90401	0.55656	1.08232	27.32847	0.60978	0.97936	1.35532	43.82806
25234	50.00000		-0.78980	0.48016	0.92418	34.07016	-1.02608	0.10538	1.05787	37.13908
25254	50.00000		-0.45477	0.50155	0.72282	40.90187	-0.99584	0.32489	1.04044	38.35759
25274	50.00000		-0.73501	0.46726	0.90485	36.69678	-0.85135	-0.09342	0.90432	43.50723
25294	50.00000		-0.91304	0.62787	1.12276	31.01210	0.81406	-0.85013	1.21778	42.34325
25314	50.00000		-0.85379	0.55501	1.03125	30.69239	0.41852	1.03948	1.14670	37.08666
25334	50.00000		-0.73920	0.65726	0.95874	35.81786	0.10435	1.11991	1.15315	34.59616
25354	50.00000		-0.64705	0.52777	0.88486	36.28634	0.02774	0.88862	0.91375	40.56273
25374	50.00000		-0.89268	0.59697	1.07148	29.41882	-0.80587	-0.48607	0.92934	44.60377
25394	50.00000		-0.92028	0.53112	1.05135	27.19827	0.90426	0.67932	1.16876	40.28379
25414	50.00000		-0.92504	0.50803	1.06657	27.56425	-1.05594	-0.19911	1.08461	37.86815
25434	50.00000		-0.70643	0.49328	0.88921	35.20398	0.17592	-1.13797	1.17702	43.70689
25454	50.00000		-0.58488	0.32364	0.70503	37.89982	1.10644	-0.26043	1.16551	43.57170
25474	50.00000		-0.80546	0.55610	0.95761	35.87510	1.10185	0.64068	1.32553	36.44721
25494	50.00000		-0.84838	0.52892	0.98927	30.94391	0.76005	1.02878	1.32664	33.87339
25514	50.00000		-0.85820	0.57730	1.02373	29.29237	-0.51568	0.77065	0.93629	38.66021
25534	50.00000		-0.60586	0.50472	0.83879	37.09445	-0.76053	-0.78153	1.10761	44.80604
25554	50.00000		-0.77353	0.73396	1.06837	36.20095	0.44702	-0.83000	0.96867	41.16033
25574	50.00000		-0.90022	0.52549	1.02270	29.30821	0.73937	0.70465	1.01342	37.25266
25594	50.00000		-0.89779	0.49643	1.01201	26.51487	-0.92774	-0.13089	0.94709	42.26111
25614	50.00000		-0.92183	0.51850	1.07106	27.88553	0.74837	0.68625	1.00565	44.42722
25634	50.00000		-0.63525	0.61765	0.89817	35.86002	-1.02912	0.90368	1.51855	37.50834
25654	50.00000		-0.67395	0.56332	0.90768	40.10619	-0.02597	1.17509	1.19567	33.60483
25674	50.00000		-0.71611	0.51507	0.90731	35.09001	0.68290	0.95453	1.22058	38.28518
25694	50.00000		-0.82344	0.61202	1.00243	30.64734	-0.82446	-0.14341	0.88192	44.52866
25714	50.00000		-0.80373	0.58091	0.97543	30.87903	0.95906	-0.16524	0.95954	41.82416
25734	50.00000		-0.61326	0.61810	0.90949	36.75568	0.57844	0.80883	1.00395	38.45544
25754	50.00000		-0.79890	0.41905	0.91944	35.44169	0.09398	0.95298	0.93760	41.25859
25774	50.00000		-0.98116	0.56610	1.18310	28.99715	-0.47472	-0.66537	0.87805	45.26710
25794	50.00000		-0.85091	0.30535	1.06154	26.37034	0.98993	0.92082	1.40448	38.23706
25814	50.00000		-0.83008	0.53358	0.96367	28.29984	-1.06476	0.91300	1.36336	34.08846
25834	50.00000		-0.69804	0.62871	0.93334	37.56295	-1.01587	0.68581	1.27231	36.69195
25854	50.00000		-0.63864	0.75175	0.96043	40.05587	-0.80298	0.20922	0.86931	43.96558
25874	50.00000		-0.73417	0.53410	0.91485	34.42448	-0.81048	-0.91041	1.27141	42.68191
25894	50.00000		-0.97307	0.60656	1.17186	30.51467	1.04199	-0.76598	1.35383	38.15738
25914	50.00000		-0.88007	0.53955	1.02602	31.42351	0.56724	0.78164	0.94584	39.08630
25934	50.00000		-0.37535	0.41419	0.90943	37.97980	-0.59344	0.68027	0.92635	46.18005
25954	50.00000		-0.79352	0.51505	0.93157	34.82655	-0.87457	-0.74811	1.19579	41.01379
25974	50.00000		-0.95914	0.61090	1.16843	28.83423	0.48325	-0.98548	1.10244	34.27353
25994	50.00000		-0.94782	0.50438	1.07204	27.08735	1.12498	0.39693	1.23504	35.38224
26014	50.00000		-0.86821	0.55181	1.02172	29.54284	-0.78176	0.48064	0.92934	42.76238
26034	50.00000		-0.52713	0.53739	0.79605	38.87966	-0.26028	-0.90132	0.94086	43.37820
26054	50.00000		-0.53375	0.58513	0.83644	38.26913	0.09192	-1.10858	1.12221	38.84706
26074	50.00000		-0.77627	0.50199	0.92228	34.03313	0.50296	-1.00497	1.14988	38.48799
26094	50.00000		-0.95370	0.61597	1.16397	29.52105	0.12124	0.87660	0.90497	44.78979
26114	50.00000		-0.71982	0.55609	0.91906	33.44268	-0.58316	-0.84314	1.01611	41.42186
26134	50.00000		-0.66437	0.44400	0.84888	37.76377	-0.28580	-1.09558	1.18812	35.46299
26154	50.00000		-0.87920	0.59193	1.06118	33.40744	-0.62451	-0.88673	1.09375	33.86211
26174	50.00000		-0.97590	0.67193	1.23536	27.87891	1.00751	0.37006	1.09455	41.37228
26194	50.00000		-0.92682	0.52783	1.08662	26.86708	-0.81524	-0.64446	1.04893	43.83719
26214	50.00000		-0.90390	0.53907	1.06499	29.60481	0.85342	0.56925	1.04047	39.86872
26234	50.00000		-0.54093	0.43120	0.74939	38.81466	0.58528	1.12840	1.32581	37.94754
26254	50.00000		-0.52582	0.53388	0.80429	39.54234	0.16088	0.64637	0.90060	43.72547
26274	50.00000		-0.79387	0.48257	0.92634	32.81596	-1.00913	0.04254	0.93244	42.32555
26294	50.00000		-0.91488	0.63038	1.30108	29.33841	-0.16294	-1.35385	1.40636	35.16381
26314	50.00000		-0.73169	0.54646	0.90978	33.08900	0.69602	-1.03944	1.30599	34.29501
26334	50.00000		-0.71578	0.40281	0.86214	37.88399	0.57587	-0.77082	0.93426	40.20705
26354	50.00000		-0.87650	0.65951	1.10814	32.77464	0.79343	0.46479	0.92981	44.41659
26374	50.00000		-0.97704	0.53011	1.11429	27.76292	-1.06506	-0.27223	1.11185	40.83811
26394	50.00000		-0.92026	0.53842	1.06275	27.27938	1.07557	-0.22394	1.11371	38.03252
26414	50.00000		-0.81954	0.51953	0.95436	31.60829	-0.37166	1.11149	1.22778	42.26848
26434	50.00000		-0.66646	0.49729	0.87421	40.17341	-0.99964	-0.43240	1.11307	43.77283
26454	50.00000		-0.69370	0.72702	0.98405	38.77580	-1.19620	-0.46851	1.33616	36.87057
26474	50.00000		-0.91147	0.64995	1.15325	32.45648	-1.16039	-0.53672	1.32468	34.16194
26494	50.00000		-0.94070	0.57221	1.12945	29.49961	-0.13547	-1.15075	1.19027	38.47779
26514	50.00000		-0.74586	0.53548	0.90868	34.38122	0.57111	0.72610	0.92936	45.25969
26534	50.00000		-0.74591	0.61863	0.94231	37.75756	-0.50783	0.84382	0.96253	41.17429
26554	50.00000		-0.87337	0.69353	1.12821	31.98460	-0.99949	-0.13688	0.98731	38.04580
26574	50.00000		-0.85864	0.55484	1.01425	27.52552	0.85546	-0.45949	0.96260	42.35910
26594	50.00000		-0.94301	0.56756	1.12183	27.37524	-0.94841	0.31463	0.98172	44.44454
26614	50.00000		-0.76773	0.48279	0.91519	32.46695	-0.51600	1.31908	1.42445	73.99654
26634	50.00000		-0.36698	0.54636	0.67782	40.60539	-0.14306	-1.17099	1.23773	33.81654
26654	50.00000		-0.71482	0.70362	0.99294	36.63814	-0.60017	-0.76161	0.96156	38.16507
26674	50.00000		-0.88641	0.58759	1.06600	32.20083	0.89461	-0.42303	0.98275	43.94647
26694	50.00000		-0.92107	0.55485	1.08609	30.67414	-0.67054	1.03044	1.28078	41.44414
26714	50.00000		-0.66665	0.43002	0.83934	35.94757	-0.89345	-0.46662	0.99866	38.10317
26734	50.00000		-0.61330	0.63355	0.89539	37.36703	-0.78916	-0.61056	0.98778	41.13757
26754	50.00000		-0.98619	0.69680	1.24585	30.88922	0.96037	0.05005	0.94789	45.51463
26774	50.00000		-1.00632	0.52635	1.15872	27.66423	-1.15250	0.31200	1.24818	38.33573
26794	50.00000		-0.88118	0.51776	1.00609	27.56425	-0.27078	-1.36954	1.42497	34.25922
26814	50.00000		-0.72832	0.51234	0.89931	31.52240	0.56920	-1.13338	1.33044	36.99828
26834	50.00000		-0.44909	0.47380	0.45316	41.20663	0.62353	-0.52137	0.78027	43.78205
26854	50.00000		-0.68032	0.65002	0.92821	36.30154	0.84172	0.48438	0.95334	42.81627
26874	50.00000		-0.95796	0.70459	1.23718	31.78402	-0.50083	0.86635	0.98131	38.38178
26894	50.00000		-0.85132	0.56129	1.00461	30.42976	-0.61044	-0.63797	0.91046	39.78534
26914	50.00000		-0.72564	0.61663	0.93162	36.98346	0.83561	-0.64878	1.05986	44.30390
26934	50.00000		-0.67545	0.50444	0.87553	36.73820	0.72766	0.70462	0.99889	40.01971
26954	50.00000		-0.91982	0.56505	1.08139	29.85773	0.00872	1.27545	1.30884	34.66623
26974	50.00000		-0.95457	0.51942	1.10788	26.95137	-1.09480	0.23504	1.22944	35.95769
26994	50.00000		-0.90054	0.49340	1.02912	28.66951	0.61357	-0.55999	0.88513	43.52407
27014	50.00000		-0.71717	0.60738	0.92953	36.33197	-0.19077	1.00208	1.03631	43.07482
27034	50.00000		-0.65263	0.70533	0.93577	40.05592	-0.38770	1.05837	1.17317	38.23706
27054	50.00000		-0.74653	0.53644	0.91989	35.00919	-0.53895	0.92889	1.11393	39.37389
27074	50.00000		-0.86998	0.64770	1.10746	30.68613	-0.34688	-0.94592	0.99531	44.75200
27094	50.00000		-0.82380	0.54841	0.96966	30.93929	0.54526	0.80956	0.94708	40.58589
27114	50.00000		-0.50878	0.56978	0.80604	38.08101	0.28133	1.24941	1.32655	34.91511
27134	50.00000		-0.82270	0.45161	0.92830	35.36740	0.94589	0.86640	1.34423	35.07529
27154	50.00000		-0.97711	0.58143	1.17929	28.85229	-0.63302	0.96507	1.20929	42.29016
27174	50.00000		-0.97892	0.53288	1.13772	26.89749	0.87236	-0.61576	1.08598	43.60856
27194	50.00000		-0.82938	0.48671	0.95987	28.68284	-0.73119	0.81772	1.13880	40.17244
27214	50.00000		-0.71025	0.65916	0.94159	37.44540	-1.01634	-0.06930	1.00082	38.05373
27234	50.00000		-0.61719	0.75132	0.95218	39.43312	-0.81233	-0.27213	0.89469	44.07991
27254	50.00000		-0.72565	0.50436	0.90242	34.57940	0.42571	-1.13184	1.26521	41.95229
27274	50.00000		-0.97167	0.63909	1.19970	30.83387	1.00147	0.38461	1.07467	35.71138
27294	50.00000		-0.82645	0.58544	1.03214	32.29096	-0.12822	0.51898	0.56017	46.64885
27314	50.00000		-0.54330	0.46630	0.74641	37.66761	-0.35030	1.01584	1.09329	41.73879
27334	50.00000		-0.83768	0.61509	1.03444	33.54373	-0.97455	-0.34236	1.02334	44.11324
27354	50.00000		-0.96341	0.54890	1.14603	28.85832	1.00561	-0.43067	1.14732	39.40678
27374	50.00000		-0.92704	0.54113	1.07347	27.26077	-0.21312	1.28141	1.35558	37.93959
27394	50.00000		-0.86802	0.51026	0.99400	29.61854	-0.23450	-0.76044	0.83713	43.33463
27414	50.00000		-0.56627	0.34696	0.73515	38.67717	1.01574	-0.07686	1.00730	42.46866
27434	50.00000		-0.72639	0.52223	0.91097	39.05149	1.25946	-0.58043	1.48100	36.16965
27454	50.00000		-0.87958	0.68993	1.13471	33.64115	0.91691	-0.80930	1.27466	33.95963
27474	50.00000		-0.86628	0.53506	1.00332	29.98635	0.66024	0.67352	0.93043	39.83294
27494	50.00000		-0.81757	0.44746	0.93079	33.04807	-0.87734	-0.09865	0.91545	44.34748
27514	50.00000		-0.49101	0.55527	0.76279	38.08733	-0.60409	-1.03617	1.25533	40.57861
27534	50.00000		-0.82439	0.51562	0.95884	32.72049	0.37284	-1.10740	1.21234	38.18344
27554	50.00000		-0.93167	0.57154	1.10102	27.48264	0.73339	0.81871	1.14470	42.50962
27574	50.00000		-0.95455	0.50002	1.07791	26.73784	-0.28649	-1.13637	1.20634	43.56803
27594	50.00000		-0.81824	0.59726	1.00258	32.47977	1.20181	0.42450	1.32421	36.68095
27614	50.00000		-0.50325	0.61576	0.84147	39.39033	1.14377	-0.06861	1.16081	33.57681
27634	50.00000		-0.52873	0.55397	0.92735	38.13323	0.75407	-0.72744	1.08208	40.68831
27654	50.00000		-0.89707	0.71744	1.18490	32.23050	0.55358	0.99211	1.16463	45.30474
27674	50.00000		-0.87921	0.55897	1.05503	29.78913	-0.70302	-0.66338	0.94080	41.02583
27694	50.00000		-0.77720	0.69014	1.03095	35.01065	0.64031	-0.77219	0.99364	36.70899
27714	50.00000		-0.56771	0.41234	0.83954	37.77641	0.93222	-0.31416	0.96078	40.90187
27734	50.00000		-0.84301	0.58034	0.99884	31.43011	-0.27205	0.89189	0.92593	44.30501
27754	50.00000		-0.96864	0.54803	1.12108	27.63348	-0.51392	-1.24514	1.40299	37.24970
27774	50.00000		-0.92042	0.54401	1.07045	26.12538	0.30595	0.57348	0.67962	54.11776
27794	50.00000		-0.79717	0.52774	0.93520	32.63108	0.05670	1.19054	1.23494	38.79844
27814	50.00000		-0.56420	0.33239	0.69214	40.52026	-0.83689	0.44643	0.93202	44.40722
27834	50.00000		-0.76105	0.48925	0.90859	36.70076	-0.90767	-0.35696	0.97044	41.37696
27854	50.00000		-0.82780	0.54722	0.96347	31.69952	0.07986	-0.96076	0.94806	38.63239
27874	50.00000		-0.61175	0.32222	0.70263	39.36130	0.95864	0.02610	0.92677	42.09519
27894	50.00000		-0.74658	0.51740	0.91598	35.86949	-0.73379	0.53915	0.91887	44.81229
27914	50.00000		-0.67487	0.57912	0.90702	36.66887	-1.34627	0.08402	1.39214	37.34348
27934	50.00000		-0.99885	0.65099	1.22860	30.37039	-1.22288	-0.55900	1.38836	33.70173
27954	50.00000		-0.93720	0.51249	1.07135	27.01837	0.47684	-0.93500	1.08684	37.48140
27974	50.00000		-0.92419	0.52202	1.06475	28.03552	-0.53608	0.78357	0.93424	43.93786
27994	50.00000		-0.63243	0.53212	0.85617	35.54736	-0.31962	-0.97566	1.03288	42.04878
28014	50.00000		-0.44057	0.44304	0.69145	40.56273	-0.34662	-1.00773	1.19816	38.27716
28034	50.00000		-0.66322	0.61241	1.12286	35.39956	-0.21253	-1.02512	1.06881	40.60341
28054	50.00000		-0.85385	0.51225	0.97091	31.16801	0.94020	0.49299	1.07733	45.00363
28074	50.00000		-0.88491	0.64835	1.11270	30.77578	-1.04891	0.13071	1.06865	38.79841
28094	50.00000		-0.74531	0.55543	0.92686	36.88866	-1.09473	-0.25533	1.14767	33.92179
28114	50.00000		-0.73864	0.57170	0.92913	34.84121	-1.06827	0.20143	1.08592	36.35483
28134	50.00000		-0.97148	0.50235	1.11835	29.27074	-0.04442	-1.00089	0.99119	43.73616
28154	50.00000		-0.94523	0.51839	1.07037	26.74239	-0.33013	1.17335	1.26708	42.82526
28174	50.00000		-0.67765	0.40262	1.04375	28.52579	-0.30405	-1.25573	1.34880	38.50193
28194	50.00000		-0.76458	0.50190	0.92577	36.77461	0.81172	-0.56961	0.97434	39.44798
28214	50.00000		-0.71648	0.62532	0.93219	38.92525	0.88843	0.16363	0.91896	44.43031
28234	50.00000		-0.76178	0.58017	0.93117	33.96740	0.02172	1.01438	0.99234	40.15656
28254	50.00000		-0.86711	0.55458	1.01375	30.66024	-1.06233	0.46372	1.19909	34.55494
28274	50.00000		-0.87614	0.57583	1.04285	31.42952	-1.08911	-0.53972	1.27214	35.78277
28294	50.00000		-0.61467	0.66695	0.91554	37.33262	-0.49370	-1.04791	1.20139	42.25535
28314	50.00000		-0.77909	0.51412	0.92921	34.82551	1.02742	-0.35040	1.11473	43.63867
28334	50.00000		-0.88609	0.56294	1.05402	28.73219	-0.02903	1.04675	1.04282	35.05878
28354	50.00000		-0.95266	0.51607	1.08404	26.70868	-0.65874	-0.71839	0.95116	38.58263
28374	50.00000		-0.88530	0.50304	1.01175	28.51509	0.73907	0.63867	0.98747	44.39277
28394	50.00000		-0.65619	0.38571	0.80660	38.22906	-1.01855	0.56160	1.20969	41.51114
28414	50.00000		-0.70066	0.63506	0.93624	39.38211	-0.62115	0.84899	1.07550	35.30820
28434	50.00000		-0.76331	0.58887	0.94735	34.10991	-0.26537	0.99432	1.04636	34.45339
28454	50.00000		-0.87490	0.54505	0.99274	30.21038	-0.93819	-0.14997	0.93826	42.41418
28474	50.00000		-0.84428	0.53434	0.97884	32.87101	0.91048	-0.26012	0.85093	44.10398
28494	50.00000		-0.53287	0.54231	0.79052	38.60690	0.58020	0.89432	1.07701	39.76038
28514	50.00000		-0.75746	0.52104	0.92263	33.71033	0.00188	1.01380	1.00324	38.19696
28534	50.00000		-0.89591	0.55028	1.03749	28.77831	-0.86297	-0.63081	1.09338	44.57556
28554	50.00000		-0.93674	0.50301	1.07642	26.96829	0.47137	1.05589	1.20525	42.28136
28574	50.00000		-0.88633	0.58591	1.06892	30.86614	-0.98516	-0.35728	1.04433	35.71138
28594	50.00000		-0.51557	0.58175	0.81299	38.77576	-1.06926	-0.11292	1.08057	33.80145
28614	50.00000		-0.72046	0.36123	0.84287	33.97177	-0.85514	-0.39830	0.93349	41.20481
28634	50.00000		-0.57665	-0.53577	0.86394	66.26344	-0.94412	0.05827	0.94077	43.46281
28654	50.00000		-0.86595	0.51021	0.96975	29.97692	0.72973	0.67779	0.97000	40.28302
28674	50.00000		-0.82838	0.64334	1.06605	33.68918	-0.55651	0.88953	1.05109	37.57868
28694	50.00000		-0.68769	0.43749	0.86453	37.48867	-0.83139	0.19319	0.90062	44.40690
28714	50.00000		-0.83252	0.55198	0.97511	32.43294	0.20340	-1.11401	1.18222	43.37817
28734	50.00000		-0.91278	0.50537	1.10605	27.18690	0.75635	0.80533	1.12525	35.49549
28754	50.00000		-0.90221	0.49533	1.03159	26.89507	-1.15465	0.74824	1.41742	17.91884
28774	50.00000		-0.86040	0.54829	1.00519	31.94462	-0.17792	-0.88713	0.91836	40.56969
28794	50.00000		-0.46684	0.44918	0.67921	40.63954	0.80310	-0.39491	0.91793	44.44456
28814	50.00000		-0.64915	0.44149	0.83119	37.68125	1.01444	0.08579	1.03759	40.20710
28834	50.00000		-0.84087	0.58873	1.02892	32.42622	0.76260	1.04154	1.35491	38.06961
28854	50.00000		-0.87117	0.56649	1.02629	29.53177	-0.96418	0.37605	0.94686	42.63383
28874	50.00000		-0.68327	0.58047	0.91051	34.93875	0.67525	-0.94372	1.21217	43.93927
28894	50.00000		-0.74128	0.46794	0.90020	37.39857	1.19342	-0.50084	1.35620	36.54623
28914	50.00000		-0.85223	0.53616	0.99420	31.10936	1.20020	-0.43178	1.32566	33.64695
28934	50.00000		-0.91332	0.54886	1.05630	27.49562	0.45599	0.95625	1.22246	38.76191
28954	50.00000		-0.99215	0.62024	1.21130	29.29237	-0.41392	-1.07245	1.17922	44.40321
28974	50.00000		-0.68745	0.59587	0.91816	33.59317	0.98670	0.48253	1.12164	40.95346
28994	50.00000		-0.65354	0.55534	0.88911	40.82468	0.85541	0.70138	1.15729	37.90781
29014	50.00000		-0.72607	0.54587	0.91595	36.54626	0.91737	0.61102	1.14016	42.05767
29034	50.00000		-0.83284	0.50830	0.98116	32.11179	-0.99470	0.47218	1.13355	44.87199
29054	50.00000		-0.86695	0.53050	0.99757	30.49343	0.46257	-1.05689	1.20146	38.49385
29074	50.00000		-0.63256	0.46556	0.82888	35.93226	0.88853	-0.79682	1.22606	33.95062
29094	50.00000		-0.72324	0.70469	0.96157	36.30154	0.33963	-0.98206	1.04222	37.16412
29114	50.00000		-0.99893	0.27537	0.98638	23.73116	0.65768	0.89761	1.13886	43.46541
29134	50.00000		-0.88860	0.54806	1.04261	27.27220	-0.04724	-1.06262	1.07966	42.42312
29154	50.00000		-0.91677	0.46964	1.02097	26.69193	0.41833	1.13650	1.24139	38.62311
29174	50.00000		-0.71871	0.49683	0.89887	33.26397	-1.03349	0.08491	1.03384	39.88926
29194	50.00000		-0.48317	0.60681	0.81982	40.80763	-0.47581	-0.76666	0.92159	45.06029
29214	50.00000		-0.76590	0.73720	1.07058	36.40064	0.27283	-0.99991	1.06016	37.98733
29234	50.00000		-0.91307	0.49093	0.98248	31.78402	1.00299	-0.51245	1.16690	34.69527
29254	50.00000		-0.88713	0.54269	1.04303	29.65458	0.94927	0.58235	1.14695	36.71501
29274	50.00000		-0.64305	0.47983	0.86120	36.68568	-0.32691	0.90730	0.92264	43.41152
29294	50.00000		-0.67793	0.66922	0.93094	36.88997	-1.18597	-0.14233	1.20034	43.02083
29314	50.00000		-0.87099	0.55423	1.03533	29.69711	-0.02124	-1.14711	1.18271	37.41418
29334	50.00000		-0.95259	0.51559	1.08067	27.04751	0.56636	0.78075	0.94009	39.46724
29354	50.00000		-0.83383	0.51328	0.94890	27.77943	-0.07876	-0.80547	0.91868	45.01900
29374	50.00000		-0.71470	0.57716	0.92410	34.76914	0.80207	0.66009	1.06703	40.25182
29394	50.00000		-0.63744	0.35341	0.77333	40.43544	1.05132	0.30267	1.09652	34.62279
29414	50.00000		-0.71947	0.50656	0.91155	34.97990	0.96119	-0.54043	1.12126	35.30081
29434	50.00000		-0.84235	0.56003	0.99429	31.04456	0.45173	0.78529	0.92251	42.60170
29454	50.00000		-0.87869	0.55605	1.02626	30.26110	-0.67902	0.19532	0.74211	27.38099
29474	50.00000		-0.63845	0.63118	0.91091	35.98590	-0.29253	-1.04446	1.08898	39.97986
29494	50.00000		-0.75655	0.51571	0.92420	35.86761	0.09856	-1.02375	1.02650	38.18108
29514	50.00000		-0.87483	0.53574	1.01652	29.53119	0.91304	0.34773	0.93686	43.98746
29534	50.00000		-0.90481	0.51135	1.02622	26.54170	-0.89882	-0.86556	1.30952	42.87722
29554	50.00000		-0.82853	0.50833	0.95147	27.96071	1.08381	-0.21460	1.10707	32.14544
29574	50.00000		-0.60811	0.51896	0.83666	35.16838	1.06424	0.48601	1.21961	33.98160
29594	50.00000		-0.48833	0.55951	0.77115	40.48626	1.12289	-0.05436	1.15666	40.77347
29614	50.00000		-0.85100	0.61647	1.06115	34.41727	0.29571	0.97258	1.00798	44.37000
29634	50.00000		-0.86069	0.57800	1.01991	30.76292	-0.93447	-0.25715	0.96626	40.11457
29654	50.00000		-0.83892	0.55289	0.98200	30.38680	0.41771	-1.03929	1.11994	38.08735
29674	50.00000		-0.60854	0.41690	0.78011	37.00903	0.91273	-0.13106	0.92512	43.20253
29694	50.00000		-0.64668	0.60500	0.91504	36.03310	0.21742	0.97621	0.98528	43.22891
29714	50.00000		-0.91278	0.55390	1.00273	29.28305	-1.32659	0.04555	1.37793	36.10125
29734	50.00000		-0.96428	0.51383	1.11234	26.67511	-0.22529	-1.21266	1.28798	34.06704
29754	50.00000		-0.86234	0.52333	0.98365	27.96066	1.00738	0.14601	1.02552	39.32458
29774	50.00000		-0.59329	0.54178	0.83271	36.63814	-0.62370	0.94041	1.14821	44.71026
29794	50.00000		-0.47920	0.59590	0.81322	40.13977	-1.02200	0.09593	1.00654	41.45896
29814	50.00000		-0.80031	0.59814	0.97683	35.36557	-0.89931	-0.49761	1.02650	38.09420
29834	50.00000		-0.84544	0.53064	0.98438	30.49281	0.34270	-1.07191	1.16461	41.71852
29854	50.00000		-0.84004	0.51267	0.95756	31.27185	-0.13949	1.02705	1.03013	44.57154
29874	50.00000		-0.69384	0.42668	0.85514	37.25702	-1.29842	0.42900	1.41391	37.70023
29894	50.00000		-0.70842	0.59184	0.92273	34.81924	-0.91737	1.01279	1.40803	33.40744
29914	50.00000		-0.89582	0.54955	1.02411	28.95864	-1.10481	-0.02432	1.12214	37.71635
29934	50.00000		-0.81509	0.49207	0.96561	26.48643	0.79248	-0.04008	0.84946	43.80064
29954	50.00000		-0.88095	0.51517	1.00285	28.22882	-1.11145	-0.17158	1.17594	40.80753
29974	50.00000		-0.63470	0.57372	0.88888	37.07604	-0.19117	-1.20561	1.27255	38.28518
29994	50.00000		-0.52214	0.65532	0.88310	39.84367	-0.45882	-1.03623	1.16714	39.33285
30014	50.00000		-0.71843	0.49241	0.90159	34.65173	0.88030	-0.29732	0.92611	44.38863
30034	50.00000		-0.90517	0.62382	1.11663	30.83387	-0.26296	1.02833	1.05039	38.87154
30054	50.00000		-0.81455	0.56933	0.96129	32.05141	-1.10096	0.04703	1.12539	34.06704
30074	50.00000		-0.57494	0.44420	0.78488	38.21996	-1.03411	0.33482	1.11505	35.77140
30094	50.00000		-0.83438	0.68113	1.08716	34.48234	-0.92188	-0.40275	1.01965	44.07624
30114	50.00000		-0.95912	0.58819	1.14755	27.97238	1.16873	0.22044	1.23194	43.07492
30134	50.00000		-0.92051	0.54748	1.07490	26.87268	-1.25788	0.36936	1.36050	38.12526
30154	50.00000		-0.83548	0.47185	0.93109	29.99582	0.46310	-0.89195	0.99070	39.68027
30174	50.00000		-0.54028	0.46289	0.73099	39.07615	0.68478	0.54472	0.91284	44.32722
30194	50.00000		-0.65255	0.38090	0.79374	39.55539	0.36436	0.90700	0.94525	40.59683
30214	50.00000		-0.84152	0.71389	1.12222	33.76687	0.14030	1.14066	1.18549	34.48958
30234	50.00000		-0.88826	0.56762	1.03615	30.18121	-0.73434	0.95342	1.25005	35.73837
30254	50.00000		-0.78669	0.46702	0.92293	33.07776	-0.81556	-0.67428	1.07944	42.90855
30274	50.00000		-0.67073	0.77657	1.01945	37.85901	0.61962	-0.46751	0.81598	38.10106
30294	50.00000		-0.85388	0.67401	1.09386	32.77264	1.05305	0.03176	1.04620	39.10681
30314	50.00000		-0.96512	0.53958	1.09787	28.05559	-0.39689	0.83554	0.92973	38.53534
30334	50.00000		-0.90278	0.49707	1.02412	27.41748	0.28191	-0.90110	0.93721	44.89563
30354	50.00000		-0.80463	0.46356	0.92957	31.41258	-0.22466	1.16157	1.22735	41.42163
30374	50.00000		-0.62966	0.38464	0.76514	39.76870	-0.39168	1.18082	1.31852	34.95065
30394	50.00000		-0.72813	0.69463	0.98329	38.63121	1.03415	0.68277	1.30918	34.44616
30414	50.00000		-0.89394	0.64610	1.12932	32.65150	0.21439	1.06624	1.11960	41.64076
30434	50.00000		-0.85292	0.53440	1.00477	30.33475	-0.53068	-0.89712	1.05090	44.66669
30454	50.00000		-0.76458	0.51317	0.92694	34.78999	1.06519	0.01218	1.07431	39.85629
30474	50.00000		-0.57361	0.61986	0.86168	37.99532	1.28762	0.03443	1.33850	38.04325
30494	50.00000		-0.86131	0.63346	1.04602	31.65200	0.16938	0.71909	0.77549	44.70440
30514	50.00000		-0.93269	0.55424	1.09935	27.55271	-0.09491	-1.02040	1.04563	42.62838
30534	50.00000		-0.94604	0.57436	1.11671	26.32614	0.82271	1.08771	1.40500	36.03311
30554	50.00000		-0.76230	0.47676	0.91159	32.62613	-0.38337	1.17709	1.28194	34.20494
30574	50.00000		-0.39130	0.56371	0.69477	40.18686	-0.03302	0.93938	0.92866	39.61498
30594	50.00000		-0.71024	0.71173	0.98566	37.01000	-0.62777	0.55153	0.89523	44.21494
30614	50.00000		-0.87130	0.58894	1.05108	32.24002	-0.34371	-0.94324	0.96352	40.19025
30634	50.00000		-0.89056	0.53848	1.04811	30.06550	1.04838	-0.15333	1.06729	38.36551
30654	50.00000		-0.77093	0.43766	0.90807	36.22784	0.24668	0.88223	0.92523	42.07761
30674	50.00000		-0.73000	0.45714	0.89286	37.31977	-0.96223	0.52928	1.11808	43.70946
30694	50.00000		-0.83514	0.58378	1.00140	30.26315	-0.80332	-0.97268	1.31086	37.15716
30714	50.00000		-0.86829	0.51911	0.99095	27.63431	0.78260	-1.02030	1.33350	33.78691
30734	50.00000		-0.89631	0.48750	1.00490	27.90804	0.76021	0.82473	1.16146	39.46449
30754	50.00000		-0.79833	0.54261	0.94879	35.06793	-0.84888	-0.26863	0.90966	44.32354
30774	50.00000		-0.68988	0.56490	0.91292	40.77027	-0.50642	-0.84758	0.95961	41.21716
30794	50.00000		-0.76550	0.39392	0.89470	35.87510	-0.18863	-0.98448	0.97918	37.37522
30814	50.00000		-0.85522	0.56610	1.03227	30.91793	0.87580	-0.38084	0.95375	42.23446
30834	50.00000		-0.85974	0.57712	1.05159	30.35370	-0.79239	0.38942	0.91059	43.77325
30854	50.00000		-0.67154	0.42364	0.82643	37.79562	-0.55301	0.08865	0.57512	37.50963
30874	50.00000		-0.64639	0.59162	0.91105	35.59195	-1.15482	-0.06563	1.20181	33.96740
30894	50.00000		-0.89618	0.55521	1.03427	29.19730	-0.87788	-0.74524	1.15395	37.59443
30914	50.00000		-0.89205	0.51620	1.05511	26.51937	0.37981	0.74684	0.87772	44.97911
30934	50.00000		-0.88152	0.52770	1.01769	28.14137	-0.16244	-0.93473	0.94796	41.65272
30954	50.00000		-0.56077	0.43360	0.72143	36.29420	0.97767	-0.24561	0.99959	37.65553
30974	50.00000		-0.47417	0.59146	0.80773	40.35950	0.86049	-0.39112	0.94443	40.63739
30994	50.00000		-0.87373	0.77407	1.20661	34.80035	0.33433	0.85699	0.92332	44.84030
31014	50.00000		-0.88887	0.57928	1.06654	30.14091	-1.17498	-0.11094	1.21936	38.18907
31034	50.00000		-0.78734	0.49272	0.92472	31.45639	-0.45041	-1.26564	1.38947	34.34525
31054	50.00000		-0.61626	0.42878	0.80057	38.19445	-0.70341	-1.03911	1.28748	36.55444
31074	50.00000		-0.86577	0.75377	1.19546	35.09738	0.25621	-0.72800	0.81422	43.82805
31094	50.00000		-0.92142	0.55177	1.05347	29.11205	-0.15369	0.92800	0.93131	42.29021
31114	50.00000		-0.92493	0.50240	1.05854	26.64162	-0.23039	-0.96399	0.98685	38.29321
31134	50.00000		-0.87612	0.49791	0.98684	28.83421	0.72921	0.63417	0.94629	40.35107
31154	50.00000		-0.61985	0.44343	0.80046	37.68916	-0.79348	0.31722	0.89073	45.17402
31174	50.00000		-0.68446	0.39012	0.84926	39.58869	-1.03958	-0.01058	1.05338	39.24210
31194	50.00000		-0.81483	0.64040	1.03158	34.00291	-1.20252	0.08332	1.23894	34.63005
31214	50.00000		-0.85492	0.50721	0.97804	29.61673	-0.78708	-1.01508	1.34268	36.20745
31234	50.00000		-0.83116	0.50269	0.95645	32.35547	0.77748	-0.08276	0.82486	43.89901
31254	50.00000		-0.61258	0.64933	0.91378	38.12849	0.13841	0.98255	0.95614	42.94709
31274	50.00000		-0.78020	0.56115	0.95284	33.65322	-0.76675	0.71248	1.05800	38.37707
31294	50.00000		-0.88357	0.50043	1.01356	28.67769	-0.66649	-0.86220	1.11799	39.61502
31314	50.00000		-0.96238	0.54149	1.12904	27.46682	0.42571	0.94319	1.03891	45.15782
31334	50.00000		-0.85935	0.59463	1.04179	30.83932	-0.49628	-0.94600	1.02621	39.80445
31354	50.00000		-0.49467	0.45766	0.70857	38.91529	-0.36794	-1.18231	1.29162	33.96572
31374	50.00000		-0.71381	0.45967	0.88518	38.88786	-1.01202	-0.42679	1.11420	35.76389
31394	50.00000		-0.78286	0.63090	0.99427	33.48037	-0.42689	-0.93255	1.02580	41.95615
31414	50.00000		-0.86536	0.47429	0.97026	32.07151	0.81157	0.64597	1.03890	43.29658
31434	50.00000		-0.75313	0.56490	0.93084	33.82360	-0.92561	0.94150	1.37392	38.91707
31454	50.00000		-0.65018	0.44348	0.86914	37.91573	-0.95205	0.31157	0.96879	38.29321
31474	50.00000		-0.85545	0.59477	1.02138	31.66844	-0.17023	-0.81397	0.87890	44.99332
31494	50.00000		-0.91353	0.54798	1.04830	27.19257	0.36490	0.92759	0.97424	41.24294
31514	50.00000		-0.91547	0.49069	1.03724	26.56380	-1.09361	-0.51925	1.26589	34.85591
31534	50.00000		-0.86103	0.56242	1.00887	31.85068	-0.02527	-1.18489	1.24073	35.09001
31554	50.00000		-0.44933	0.37389	0.62424	40.16499	0.24538	-1.06268	1.10289	42.41423
31574	50.00000		-0.65471	0.41901	0.85884	37.80446	0.97328	-0.38928	1.04909	43.82798
31594	50.00000		-0.81679	0.54807	0.94870	32.04995	0.55510	1.01413	1.20637	39.22662
31614	50.00000		-0.86851	0.59686	1.05955	29.99711	-1.05622	0.58008	1.25359	38.59065
31634	50.00000		-0.60285	0.52923	0.83813	35.29666	-0.10542	-0.81482	0.87090	43.72188
31654	50.00000		-0.74626	0.46831	0.90107	37.17187	1.03404	-0.30226	1.11054	42.09289
31674	50.00000		-0.84692	0.53922	0.98494	31.36750	0.90839	0.76678	1.23372	36.35939
31694	50.00000		-0.91260	0.53616	1.07598	27.06212	-0.51331	1.04096	1.20539	33.88036
31714	50.00000		-0.86740	0.53725	1.01894	26.73673	-0.42601	-0.82562	0.93404	40.80758
31734	50.00000		-0.79096	0.52661	0.93066	32.46009	0.78717	0.62055	0.99948	44.35145
31754	50.00000		-0.47912	0.52099	0.73478	39.46449	-0.31477	0.94743	0.99260	40.13126
31774	50.00000		-0.66235	0.64180	0.92323	37.14631	-0.30027	0.99110	1.02438	38.43835
31794	50.00000		-0.85440	0.61784	1.04339	31.97152	-1.09116	-0.04937	1.17133	44.35921
31814	50.00000		-0.79185	0.53219	0.93275	30.57019	1.12976	-0.06819	1.16985	43.15629
31834	50.00000		-0.76449	0.64094	0.98079	36.50007	0.23482	1.08032	1.13053	36.13580
31854	50.00000		-0.62310	0.48129	0.82032	37.09943	0.70055	0.90605	1.18637	34.58406
31874	50.00000		-0.86082	0.60019	1.03306	30.80799	0.56325	1.03363	1.22743	39.54720
31894	50.00000		-0.87836	0.52431	0.99236	27.38679	-0.23346	-0.99097	1.01724	44.47258
31914	50.00000		-0.90316	0.53978	1.07760	26.33722	-0.17708	0.93142	0.94762	40.48631
31934	50.00000		-0.70503	0.45024	0.88010	33.13763	-0.98035	-0.41913	1.09023	37.99533
31954	50.00000		-0.46004	0.54371	0.78324	39.79284	-0.64017	-0.60766	0.91839	41.95116
31974	50.00000		-0.71966	0.79052	1.08179	36.37009	0.56340	-0.70519	0.92068	43.72697
31994	50.00000		-0.87064	0.53183	0.98224	31.88412	1.22463	-0.43618	1.36120	37.63382
32014	50.00000		-0.85181	0.53235	0.98578	30.04563	1.14242	0.76819	1.41530	33.64115
32034	50.00000		-0.69747	0.45944	0.87985	36.17614	0.72078	0.85773	1.14138	37.76902
32054	50.00000		-0.67057	0.56687	0.90847	36.21632	-0.37472	0.87725	0.93833	45.01214
32074	50.00000		-0.87924	0.53586	1.11220	30.68510	-0.30623	-0.94393	0.97869	41.57726
32094	50.00000		-0.94371	0.44775	1.05390	27.24371	0.82587	0.59712	1.00792	38.16512
32114	50.00000		-0.83911	0.51666	0.95914	27.53543	-0.94260	-0.05477	0.93111	40.41013
32134	50.00000		-0.68526	0.61730	0.92617	34.94334	0.66298	-0.47787	0.85179	45.13590
32154	50.00000		-0.68427	0.64832	0.92943	40.33423	0.99396	0.34628	1.05824	38.44562
32174	50.00000		-0.78722	0.41559	0.90711	36.01800	1.27385	-0.24512	1.37026	34.35963
32194	50.00000		-0.83920	0.53581	0.96034	30.76935	1.24334	0.02654	1.31292	36.63046
32214	50.00000		-0.84405	0.56398	1.02413	30.65379	-0.51896	0.48483	0.75822	44.19674
32234	50.00000		-0.61220	0.48601	0.81356	37.51761	-0.33921	-0.98803	0.93378	43.80936
32254	50.00000		-0.77174	0.72866	1.07218	35.98781	0.16107	-1.01248	1.00568	37.63384
32274	50.00000		-0.88780	0.50440	0.99712	29.53668	0.98766	0.06599	1.00138	40.21553
32294	50.00000		-0.98304	0.56898	0.93527	26.91192	-1.04808	-0.21811	1.07399	45.07893
32314	50.00000		-0.92468	0.46192	1.03347	28.06060	1.15607	-0.24117	1.28626	40.07871
32334	50.00000		-0.60690	0.61148	0.88733	37.09439	0.77256	0.77708	1.09890	34.23778
32354	50.00000		-0.61417	0.70982	0.94125	40.15658	1.04639	-0.29839	1.11565	35.25656
32374	50.00000		-0.78605	0.55216	0.93241	34.56158	0.88889	0.16687	0.92097	42.74847
32394	50.00000		-0.86810	0.54607	1.00591	30.39484	-0.78171	0.36602	0.90423	44.24949
32414	50.00000		-0.84113	0.54000	0.99218	30.72945	0.44508	-0.94796	1.06034	38.98539
32434	50.00000		-0.59082	0.56375	0.86654	37.01069	0.89757	-0.48965	1.00050	38.35654
32454	50.00000		-0.82480	0.46614	0.93108	35.85638	0.96711	0.50169	1.09717	45.10884
32474	50.00000		-0.94158	0.55407	1.11027	28.93263	-0.70339	0.95842	1.22160	51.43526
32494	50.00000		-1.03661	0.63922	1.26201	29.70592	-0.45524	-0.94376	1.03951	35.52666
32514	50.00000		-0.85919	0.47617	0.96842	28.88851	0.82004	-0.76767	1.17031	34.37402
32534	50.00000		-0.57314	0.51956	0.83734	38.12337	1.06644	-0.08581	1.08749	40.66519
32554	50.00000		-0.54844	0.43247	0.71804	39.61362	0.82060	0.59780	1.00798	44.71964
32574	50.00000		-0.84772	0.65166	1.09090	34.12423	-0.42122	0.92666	0.99618	40.19867
32594	50.00000		-0.84643	0.58756	1.00202	30.64130	-1.06086	-0.27760	1.10085	37.62415
32614	50.00000		-0.77882	0.49155	0.93201	32.02600	0.54785	-0.60310	0.90034	42.79206
32634	50.00000		-0.74132	0.52105	0.91959	38.34146	0.77410	0.65134	1.02233	43.45100
32654	50.00000		-0.75823	0.60233	0.95832	34.57219	0.31597	1.20384	1.30887	36.59214
32674	50.00000		-0.89518	0.55888	1.02483	28.88853	-0.78944	1.01170	1.33917	33.70328
32694	50.00000		-0.87745	0.52665	1.00384	26.95696	-0.44870	-0.76003	0.93221	39.43969
32714	50.00000		-0.84447	0.53594	0.96508	30.22304	0.66555	0.69153	0.95526	44.42586
32734	50.00000		-0.70202	0.46900	0.87822	38.27716	-0.90511	0.64368	1.13524	41.10302
32754	50.00000		-0.67029	0.72526	0.96469	39.05773	-0.76231	0.76278	1.09726	37.63530
32774	50.00000		-0.84507	0.68787	1.10043	33.49913	-1.10408	-0.19271	1.15455	41.57199
32794	50.00000		-0.87117	0.54297	1.03178	30.44375	1.13369	-0.18131	1.19807	43.82021
32814	50.00000		-0.74788	0.51574	0.91840	33.08900	-0.41274	1.09212	1.20090	37.61806
32834	50.00000		-0.55497	0.60703	0.86609	37.99163	0.14489	1.18889	1.24789	33.56874
32854	50.00000		-0.86422	0.53127	0.98652	31.58848	-0.42018	0.94981	1.03567	37.03667
32874	50.00000		-1.01126	0.54087	1.18977	28.51473	-0.22500	-1.05747	1.09678	44.00991
32894	50.00000		-0.87836	0.56450	0.99373	27.38104	0.02518	1.02335	1.01479	41.79786
32914	50.00000		-0.74978	0.54164	0.92151	31.59522	-0.84120	-0.65417	1.13997	36.78457
32934	50.00000		-0.48288	0.49130	0.71367	39.76870	-0.53112	-0.98166	1.13813	40.79044
32954	50.00000		-0.61282	0.54718	0.85466	37.92369	0.17565	-1.09153	1.13022	43.80042
32974	50.00000		-0.81273	0.48243	0.93005	32.90557	0.94812	0.23473	0.95914	39.03506
32994	50.00000		-0.96632	0.57120	1.14413	29.37680	0.22444	1.07090	1.10920	35.15373
33014	50.00000		-0.71749	0.53494	0.90432	33.71739	-0.57783	0.94434	1.12145	36.78452
33034	50.00000		-0.72740	0.43333	0.89110	37.85231	-0.85266	0.34971	0.92564	43.86464
33054	50.00000		-0.84579	0.48189	0.93860	32.43970	0.14259	-1.08849	1.10851	42.36986
33074	50.00000		-0.90089	0.53886	1.03407	27.62772	0.82458	0.85298	1.23219	38.22095
33094	50.00000		-0.92305	0.52859	1.06976	26.66957	-1.05300	-0.16794	1.07238	39.52235
33114	50.00000		-0.80735	0.58109	0.96184	31.68846	0.87102	0.16044	0.91826	45.31701
33134	50.00000		-0.62277	0.34117	0.73850	40.03083	0.24890	0.97434	0.97887	40.19022
33154	50.00000		-0.78155	0.44739	0.91881	37.16412	0.91525	0.67011	1.16534	34.01003
33174	50.00000		-0.84895	0.53396	0.97909	32.05004	0.95503	0.73063	1.25108	35.12719
33194	50.00000		-0.85433	0.58800	1.02964	29.95412	-0.75835	0.83948	1.16070	42.51153
33214	50.00000		-0.74933	0.44564	0.90609	34.98407	0.10706	-1.09003	1.12234	44.10093
33234	50.00000		-0.60216	0.61178	0.87012	37.42760	0.73006	-1.11059	1.38492	38.79667
33254	50.00000		-0.91224	0.57001	1.08815	31.09793	0.99252	0.21092	1.01085	38.41128
33274	50.00000		-0.85366	0.56546	0.94353	27.58158	-0.79045	-0.11625	0.84760	45.11708
33294	50.00000		-0.87105	0.49656	0.99455	26.95541	0.97076	0.46785	1.08906	40.93914
33314	50.00000		-0.71966	0.48756	0.88810	33.31749	-0.48188	1.05930	1.20582	34.85070
33334	50.00000		-0.59649	0.69990	0.92118	40.45242	0.51102	0.92845	1.05908	34.33088
33354	50.00000		-0.77154	0.58894	0.94374	36.47764	0.31062	0.87993	0.91857	41.90857
33374	50.00000		-0.77089	0.59123	0.98604	31.62517	-0.79184	-0.39393	0.90875	43.41749
33394	50.00000		-0.89608	0.53652	1.03445	30.55097	1.10363	-0.67255	1.35856	38.59072
33414	50.00000		-0.71911	0.44552	0.87423	36.11280	0.88686	0.55452	1.04966	38.05678
33434	50.00000		-0.59794	0.62714	0.88800	36.53105	0.14288	0.81574	0.86234	44.10600
33454	50.00000		-0.90911	0.60698	1.12317	30.04045	-0.83241	-0.63120	1.07064	41.64943
33474	50.00000		-0.88545	0.54384	1.02348	26.95137	1.22153	-0.27848	1.29517	35.31559
33494	50.00000		-0.90355	0.51129	1.02056	27.89059	0.23599	1.15988	1.22792	33.95322
33514	50.00000		-0.67262	0.45827	0.85664	35.25124	-0.93676	0.24698	0.94618	40.86932
33534	50.00000		-0.54600	0.38722	0.70620	40.31703	-0.81345	-0.56360	0.97205	44.48327
33554	50.00000		-0.84486	0.72141	1.12772	35.57707	0.39698	-0.27081	0.46476	38.87157
33574	50.00000		-0.83458	0.54172	1.06471	30.79508	1.22593	-0.33455	1.33081	37.83649
33594	50.00000		-0.83345	0.54049	0.95404	30.59498	-0.27673	0.79030	0.88505	44.25571
33614	50.00000		-0.66999	0.41154	0.83196	37.42210	-0.80075	-0.79099	1.16617	43.67902
33634	50.00000		-0.64401	0.58054	0.89954	35.91259	-0.58389	-1.11642	1.31540	35.06058
33654	50.00000		-0.90101	0.58369	0.99270	29.45039	0.25504	-1.17623	1.24813	33.92488
33674	50.00000		-0.90390	0.51525	1.02876	26.36477	0.69601	0.59298	0.92773	40.26616
33694	50.00000		-0.83400	0.54652	0.96895	28.19938	-0.54538	-0.68275	0.89815	44.02084
33714	50.00000		-0.54800	0.44411	0.71464	37.15903	1.09522	-0.21414	1.14531	41.25826
33734	50.00000		-0.55839	0.42513	0.74556	40.07700	1.05843	-0.27724	1.10375	37.85894
33754	50.00000		-0.84598	0.76783	1.16745	34.40540	1.13611	0.11799	1.13280	43.28549
33774	50.00000		-0.86161	0.54521	1.02443	30.53109	-1.06907	0.27674	1.13582	43.46645
33794	50.00000		-0.82853	0.51027	0.94821	31.15382	0.24589	-1.21851	1.28552	36.97669
33814	50.00000		-0.70990	0.50265	0.89290	38.03489	0.03657	-1.23303	1.28063	34.05126
33834	50.00000		-0.74452	0.57772	0.92866	34.81298	-0.23369	-0.99605	0.98480	39.14907
33854	50.00000		-0.87196	0.55338	1.01632	28.96908	0.92461	0.70970	1.20893	44.44316
33874	50.00000		-0.86045	0.54824	1.03669	26.29862	-0.75122	-0.70326	0.99533	41.04298
33894	50.00000		-0.86251	0.50830	0.98596	28.54363	1.16450	0.20061	1.20665	37.86815
33914	50.00000		-0.55247	0.53440	0.81415	37.63379	0.49318	1.00752	1.17765	41.76285
33934	50.00000		-0.51797	0.60757	0.84832	39.72717	-0.33160	1.03204	1.10919	44.52356
33954	50.00000		-0.81197	0.45803	0.92774	34.38842	-1.16908	0.11270	1.22493	38.53417
33974	50.00000		-0.85427	0.59026	1.01922	30.91793	-1.13602	-0.57872	1.26664	33.84492
33994	50.00000		-0.79155	0.46960	0.92774	32.42612	-0.25205	-1.04980	1.08676	36.85143
34014	50.00000		-0.74073	0.60127	0.93069	38.23706	0.72317	-0.69621	0.99615	43.98394
34034	50.00000		-0.75693	0.55209	0.93383	33.52791	0.99851	0.18997	0.98090	42.18449
34054	50.00000		-0.94596	0.52459	1.09443	28.38344	-0.77062	0.77374	1.11953	38.21409
34074	50.00000		-0.87035	0.51281	1.12749	26.66952	-0.03138	-1.21268	1.26751	38.60691
34094	50.00000		-0.86616	0.50024	0.97823	29.76089	-0.31341	0.92683	0.95030	44.35530
34114	50.00000		-0.49729	0.51480	0.74212	38.42959	-0.90125	-0.44231	0.99312	39.80196
34134	50.00000		-0.69592	0.38909	0.84117	39.29971	-1.19165	0.38840	1.31366	34.52586
34154	50.00000		-0.85205	0.68465	1.09445	33.43151	-0.99683	0.76105	1.30648	35.89225
34174	50.00000		-0.81135	0.44887	0.93120	30.21269	-0.47973	-0.91508	1.04331	42.64114
34194	50.00000		-0.76329	0.56472	0.93013	31.87742	0.46400	0.77431	0.91545	43.46925
34214	50.00000		-0.68953	0.70065	0.96150	38.06677	-0.19441	1.07461	1.08576	39.41768
34234	50.00000		-0.86947	0.64149	1.08143	33.14327	-0.86003	0.83650	1.23494	39.27613
34254	50.00000		-0.90315	0.51144	1.04603	28.03839	0.53158	-0.67194	0.88552	45.15833
34274	50.00000		-0.93609	0.47758	1.06305	26.69471	-0.85876	0.50644	0.98034	40.99051
34294	50.00000		-0.74855	0.51191	0.92128	30.59692	-0.37031	-0.97718	1.05187	34.98216
34314	50.00000		-0.46705	0.55285	0.76033	39.30008	-0.75804	-0.75197	1.09065	34.54335
34334	50.00000		-0.54623	0.70321	0.90814	38.62311	-0.65411	-0.54560	0.88613	42.62854
34354	50.00000		-0.81495	0.63122	0.94897	32.57612	0.81572	-0.33855	0.91111	44.02996
34374	50.00000		-0.87185	0.52055	0.99217	29.85156	-0.26604	1.28031	1.35610	39.45623
34394	50.00000		-0.77487	0.58462	0.96255	33.51554	-1.01709	-0.13145	1.02433	37.93959
34414	50.00000		-0.57610	0.58637	0.85345	37.42210	-0.40459	-0.74285	0.87002	45.30883
34434	50.00000		-0.82838	0.53933	0.93184	32.55561	1.20422	-0.28167	1.29623	42.57476
34454	50.00000		-0.91135	0.54935	1.04926	27.68570	-0.27564	1.03083	1.06678	34.81194
34474	50.00000		-0.74315	0.56384	1.02812	26.62495	-1.00980	-0.34203	1.08351	33.98160
34494	50.00000		-0.83306	0.58563	0.99248	32.43970	0.56437	-0.76085	0.93166	41.18071
34514	50.00000		-0.51932	0.38912	0.69164	40.01129	0.77385	0.47452	0.91540	44.20604
34534	50.00000		-0.71759	0.41840	0.88969	37.83649	0.75169	0.91352	1.23587	39.39856
34554	50.00000		-0.80821	0.51299	0.93750	32.32051	-0.17337	1.09798	1.14553	38.16976
34574	50.00000		-0.89985	0.56198	1.06970	29.89726	-0.70319	-0.48221	0.86873	43.18326
34594	50.00000		-0.71521	0.42201	0.87121	35.42938	1.05398	-0.09915	1.04251	43.39882
34614	50.00000		-0.65631	0.72839	0.95613	37.21075	1.22239	0.29847	1.30847	35.97275
34634	50.00000		-0.89691	0.53805	1.03692	31.32271	1.02193	0.64795	1.26637	34.26656
34654	50.00000		-0.89621	0.52523	1.02520	27.30879	-0.68041	0.64149	0.92682	39.74328
34674	50.00000		-0.85181	0.52340	0.96291	27.31875	0.94392	-0.76939	1.26440	44.16393
34694	50.00000		-0.72405	0.60940	0.92479	33.34740	-0.52614	0.78677	0.93179	40.46936
34714	50.00000		-0.64113	0.49017	0.84585	39.58033	-0.69517	0.81566	1.10240	37.55509
34734	50.00000		-0.76767	0.50718	0.92192	36.55416	-0.77125	0.52893	0.92805	43.31090
34754	50.00000		-0.84944	0.46095	0.93818	32.53508	0.05178	-1.03002	1.03552	43.72699
34774	50.00000		-0.86786	0.53636	0.98498	30.06550	1.12872	0.54322	1.31520	36.72865
34794	50.00000		-0.71323	0.45611	0.88737	35.87115	0.96841	0.80078	1.31346	34.29167
34814	50.00000		-0.64179	0.57347	0.89678	36.63046	0.90984	0.26790	0.92857	39.28331
34834	50.00000		-0.93822	0.55311	0.87712	29.75185	-0.81694	0.74887	1.13618	45.48448
34854	50.00000		-0.88016	0.53719	1.01972	26.63052	0.92022	-0.31585	0.95388	41.48503
34874	50.00000		-0.89666	0.51735	0.99594	27.80051	-0.77141	0.72986	1.06921	37.38736
34894	50.00000		-0.68155	0.48376	0.87877	35.16528	-0.78776	-0.84904	1.19704	42.03439
34914	50.00000		-0.45433	0.39916	0.64271	41.36204	0.21036	-1.00726	1.01943	44.41922
34934	50.00000		-0.73742	0.68029	0.96589	35.45031	0.90713	-0.95333	1.37443	37.12574
34954	50.00000		-0.94298	0.76191	1.02113	30.86609	1.18097	-0.16586	1.23616	33.75272
34974	50.00000		-0.85833	0.55547	1.00958	30.17245	0.80429	0.81481	1.19180	37.62595
34994	50.00000		-0.74532	0.55729	0.92478	37.03099	-0.79024	0.65963	1.02609	44.90247
35014	50.00000		-0.70670	0.63781	0.93226	35.63663	-0.84247	-0.55660	0.98496	42.11938
35034	50.00000		-0.88219	0.50538	0.99695	29.35078	0.70407	-0.80472	1.07223	38.08327
35054	50.00000		-0.93120	0.50865	1.06885	26.27665	0.14409	1.14557	1.19627	40.38470
35074	50.00000		-0.88642	0.51824	1.01051	28.21241	0.10549	-0.87420	0.89973	45.04394
35094	50.00000		-0.58493	0.57652	0.83945	36.57683	0.87028	0.60856	1.09185	37.94752
35114	50.00000		-0.56094	0.71762	0.92330	40.14817	1.12729	0.01559	1.14301	34.68080
35134	50.00000		-0.83771	0.66401	1.08096	36.29394	1.04305	0.31733	1.10496	36.29394
35154	50.00000		-0.83470	0.55408	0.96757	31.03798	-0.23617	0.86226	0.92081	43.87379
35174	50.00000		-0.87274	0.54841	1.00110	30.87256	-0.06636	-1.22116	1.26535	42.77139
35194	50.00000		-0.74243	0.52251	0.92141	37.14397	1.09052	-0.68829	1.34880	38.71554
35214	50.00000		-0.67495	0.45090	0.88109	35.83164	0.98591	-0.20049	0.98718	39.64692
35234	50.00000		-0.96091	0.55224	1.11369	29.64835	-0.58286	0.65610	0.91200	43.54235
35254	50.00000		-0.95410	0.52070	1.10344	26.14192	0.77971	-0.68034	1.06971	40.37640
35274	50.00000		-0.77360	0.51031	0.92786	29.07570	0.20118	1.10592	1.15229	35.16105
35294	50.00000		-0.74233	0.43402	0.89937	36.95178	-0.10800	1.17994	1.21685	36.03311
35314	50.00000		-0.67854	0.66686	0.93480	39.64342	0.35146	1.11484	1.14824	42.91624
35334	50.00000		-0.72508	0.53239	0.91484	34.85064	-1.10477	0.21993	1.16333	43.34687
35354	50.00000		-0.94947	0.58279	1.14051	30.83932	0.04682	-1.20717	1.26113	38.75496
35374	50.00000		-0.85684	0.52758	0.99243	31.84401	0.96151	0.10327	0.93906	38.81466
35394	50.00000		-0.59685	0.62714	0.89007	38.17218	0.19198	0.92225	0.92997	44.75092
35414	50.00000		-0.77302	0.54743	0.93184	34.72436	-1.14933	0.40084	1.27343	39.97765
35434	50.00000		-0.94006	0.55501	1.11524	28.86438	-0.39579	-0.98595	1.06367	35.24920
35454	50.00000		-0.96002	0.51740	1.09306	27.05891	0.97908	-0.36875	1.03114	34.68801
35474	50.00000		-0.93145	0.56865	1.10157	29.57380	-0.29133	0.80012	0.89144	42.13705
35494	50.00000		-0.59883	0.61973	0.89491	37.76842	-0.71772	-0.55183	0.92541	42.87016
35514	50.00000		-0.56099	0.67546	0.90736	39.14203	-0.51814	-1.04583	1.20864	39.69333
35534	50.00000		-0.76268	0.55287	0.92700	34.41272	0.17205	-0.99678	0.99934	37.77049
35554	50.00000		-0.91340	0.48619	1.03577	30.14988	0.70596	0.53760	0.91958	44.14941
35574	50.00000		-0.75777	0.56473	0.93206	32.57329	-1.26985	-0.19577	1.34555	42.26529
35594	50.00000		-0.58359	0.47555	0.83340	37.91365	-0.77960	-0.69393	1.05218	36.04513
35614	50.00000		-0.84137	0.41376	0.92745	33.82964	-0.83471	-0.57655	1.06837	34.28509
35634	50.00000		-1.02488	0.57295	1.22071	28.43772	0.59295	-0.71535	0.92555	41.91354
35654	50.00000		-0.88096	0.52830	1.01852	27.35232	-0.59993	0.71061	0.93323	44.40727
35674	50.00000		-0.83065	0.60028	1.01833	31.14192	0.41091	0.15992	0.45418	39.81021
35694	50.00000		-0.44517	0.41857	0.64428	40.02813	0.97386	-0.40598	1.03481	37.09164
35714	50.00000		-0.66455	0.44235	0.83974	38.59483	1.00939	-0.45980	1.14379	43.54737
35734	50.00000		-0.87646	0.47389	0.97922	32.78835	0.08887	1.16254	1.21475	43.48748
35754	50.00000		-0.93711	0.57988	1.13825	29.79535	-1.12060	-0.15794	1.15617	36.23325
35774	50.00000		-0.74589	0.46272	0.90237	34.56949	-0.81765	-0.81792	1.18424	34.41311
35794	50.00000		-0.59317	0.64868	0.90033	37.83648	-0.75442	-0.52765	0.93182	40.14812
35814	50.00000		-0.91101	0.69807	1.18009	31.79733	0.73912	-0.60526	0.95359	44.36074
35834	50.00000		-0.91549	0.58115	1.09200	27.86145	-0.76585	0.74433	1.08771	40.39324
35854	50.00000		-0.90284	0.50994	1.03090	26.78115	0.37105	-1.00410	1.10602	37.79095
35874	50.00000		-0.77192	0.49022	0.92144	32.61396	0.94109	0.69003	1.21612	42.33802
35894	50.00000		-0.38498	0.48659	0.65457	40.78201	-0.35303	1.02408	1.09541	42.45868
35914	50.00000		-0.64715	0.59967	0.91297	36.97006	-0.63888	1.10291	1.33478	36.97004
35934	50.00000		-0.85515	0.68274	1.09676	32.56743	-0.83101	0.98650	1.35918	33.61698
35954	50.00000		-0.89879	0.60570	1.10732	30.80153	-1.10827	-0.26786	1.16244	38.82278
35974	50.00000		-0.75866	0.41846	0.90227	35.59802	0.67306	-0.60061	0.91767	44.22107
35994	50.00000		-0.61864	0.47920	0.82044	36.82067	0.98481	0.22291	1.02327	41.04298
36014	50.00000		-0.85725	0.62184	1.04917	30.87906	0.19653	1.12426	1.16539	37.11504
36034	50.00000		-0.96997	0.49370	1.12251	27.86724	-0.93529	-0.36926	1.02848	41.61469
36054	50.00000		-0.90385	0.52245	1.02053	27.67987	0.77196	0.64517	0.99559	44.72904
36074	50.00000		-0.78552	0.58805	0.96006	34.75349	-1.09860	0.32954	1.19970	38.51802
36094	50.00000		-0.69307	0.57235	0.91722	40.60351	-0.51714	1.02281	1.19758	34.02426
36114	50.00000		-0.76811	0.41819	0.91517	35.56120	0.24505	1.00761	1.05736	37.40630
36134	50.00000		-0.86105	0.59481	0.89346	30.60310	-0.96967	0.22699	0.98807	44.94830
36154	50.00000		-0.84494	0.51360	0.96107	30.64768	1.03788	-0.54617	1.22697	42.47752
36174	50.00000		-0.70869	0.40350	0.85359	37.12820	0.92182	0.67466	1.17762	38.51272
36194	50.00000		-0.69457	0.57633	0.92568	35.67397	0.52769	0.85578	0.98340	41.05156
36214	50.00000		-0.89219	0.50250	1.01851	29.61727	-0.80741	-0.41149	0.92000	43.81881
36234	50.00000		-0.96312	0.48711	1.09079	25.74335	0.99441	0.38739	1.10479	39.58867
36254	50.00000		-0.89607	0.50922	1.01956	28.62148	-0.77163	0.77330	1.10105	34.70259
36274	50.00000		-0.72436	0.40155	0.86330	37.03000	-0.99143	0.47863	1.12918	36.45100
36294	50.00000		-0.65754	0.69307	0.94195	40.30297	-0.74772	0.47206	0.91718	43.33434
36314	50.00000		-0.78587	0.65794	1.02431	34.33088	-0.42643	-0.98505	1.08459	42.95790
36334	50.00000		-0.85790	0.52301	0.99705	30.31199	1.26736	-0.32199	1.36833	38.73690
36354	50.00000		-0.82867	0.52156	0.95170	31.08337	-0.10342	1.01142	1.01945	39.37389
36374	50.00000		-0.70715	0.65624	0.94223	38.01830	-0.86870	-0.12547	0.88336	41.73708
36394	50.00000		-0.74537	0.55784	0.92609	34.69527	-0.32894	-1.05497	1.15028	40.23241
36414	50.00000		-0.89223	0.55538	1.04267	28.63137	0.99271	-0.41587	1.08645	34.43744
36434	50.00000		-0.94029	0.51276	1.09554	26.78597	0.38261	1.05639	1.14657	35.32739
36454	50.00000		-0.87204	0.55271	1.01055	28.90667	-1.05449	-0.46006	1.18956	42.72543
36474	50.00000		-0.60137	0.43747	0.78644	37.74969	0.79061	-0.37555	0.90246	43.26040
36494	50.00000		-0.67789	0.46695	0.86680	40.19025	0.97623	-0.55202	1.15988	36.33197
36514	50.00000		-0.71780	0.61514	0.92906	34.03138	0.96780	0.06493	0.95098	39.20103
36534	50.00000		-0.88922	0.53407	1.04746	30.04602	-0.65460	0.43672	0.83210	45.42466
36554	50.00000		-0.81247	0.52276	0.94027	32.36516	0.40006	-0.96429	1.01762	40.98301
36574	50.00000		-0.65666	0.64928	0.90720	37.89193	0.78031	-0.80348	1.15773	34.58665
36594	50.00000		-0.79311	0.56481	0.95645	34.05990	0.53262	-1.03585	1.20597	34.78999
36614	50.00000		-0.91618	0.53300	1.04910	28.52574	0.81407	0.72398	1.09893	42.72661
36634	50.00000		-0.94635	0.47956	1.06332	27.07023	-0.33228	-0.95297	0.99347	42.89730
36654	50.00000		-0.85094	0.55943	1.00230	30.93097	0.80339	0.80402	1.18516	39.55549
36674	50.00000		-0.48957	0.57959	0.80446	39.33280	0.49830	1.07127	1.21636	38.16512
36694	50.00000		-0.63041	0.72527	0.95460	38.38456	-0.16182	0.71890	0.80974	44.20371
36714	50.00000		-0.76893	0.63243	0.93215	33.61184	-0.83720	-0.53837	0.97605	42.93095
36734	50.00000		-0.88291	0.51716	1.00996	30.19211	0.40272	-1.09909	1.20885	32.61437
36754	50.00000		-0.84447	0.66082	1.08419	33.56272	0.91394	-0.68798	1.17152	34.08237
36774	50.00000		-0.61699	0.49424	0.84310	38.05993	0.89876	-0.27028	0.92105	41.10107
36794	50.00000		-0.85326	0.52827	0.87097	32.66145	-0.11841	0.91168	0.92415	44.21494
36814	50.00000		-0.90057	0.53796	1.04057	27.74570	-0.43727	-1.01160	1.15525	39.83298
36834	50.00000		-0.96523	0.50479	1.11455	27.07023	0.95823	0.40280	1.04607	37.93164
36854	50.00000		-0.77088	0.61079	0.95141	32.90488	-0.77080	0.07648	0.82944	44.42677
36874	50.00000		-0.68530	0.50541	0.88928	40.33155	-0.22607	-0.97003	0.98389	42.72544
36894	50.00000		-0.72207	0.43260	0.87124	37.88400	-0.56118	-0.99569	1.15283	35.86758
36914	50.00000		-0.83988	0.48071	0.94819	32.27751	-0.65208	-0.97634	1.22541	34.18786
36934	50.00000		-0.91742	0.59533	1.12062	30.12832	0.76237	-0.65633	0.99628	40.72233
36954	50.00000		-0.72791	0.40604	0.88215	36.27657	-0.00230	0.97563	0.96057	44.88745
36974	50.00000		-0.62559	0.61162	0.89323	37.20115	-0.83753	0.58275	1.04211	39.39910
36994	50.00000		-0.93944	0.70251	1.21756	31.16801	-1.13782	-0.45512	1.28906	38.22105
37014	50.00000		-0.99723	0.50918	1.14541	27.78850	0.77937	-0.30427	0.87558	43.26974
37034	50.00000		-0.91455	0.51537	1.06363	28.02525	-1.00489	-0.14119	1.02004	43.40546
37054	50.00000		-0.78490	0.44514	0.91529	34.18036	0.36321	-1.20447	1.32909	36.97004
37074	50.00000		-0.67473	0.47443	0.85897	41.28783	-0.98032	-0.84751	1.35345	33.85604
37094	50.00000		-0.69953	0.52988	0.91674	35.73792	-0.96310	-0.23995	0.95760	39.04377
37114	50.00000		-0.88526	0.60659	1.06597	31.33192	0.59938	-0.94507	1.14626	44.44007
37134	50.00000		-0.88069	0.56391	1.03756	29.69827	-0.33054	0.90926	0.95577	41.01382
37154	50.00000		-0.60192	0.59026	0.88402	36.95158	-1.01757	0.17754	1.02337	37.20720
37174	50.00000		-0.75867	0.47523	0.90793	36.40828	-0.86956	-0.32121	0.92916	41.79786
37194	50.00000		-0.92309	0.59084	1.07844	29.21867	0.87257	-0.10016	0.90573	45.10773
37214	50.00000		-0.93030	0.53708	1.08134	27.32361	0.27351	1.18149	1.26538	37.64174
37234	50.00000		-0.87502	0.49180	0.99012	28.57949	-1.27190	0.10353	1.32505	34.06704
37254	50.00000		-0.60091	0.54349	0.84595	36.82330	-1.16092	-0.12809	1.22075	36.82330
37274	50.00000		-0.54863	0.43732	0.71827	40.09780	-0.72194	-0.43506	0.87442	43.97478
37294	50.00000		-0.74111	0.65479	0.97751	34.66935	0.43998	-0.87281	0.96354	42.63353
37314	50.00000		-0.85860	0.52511	0.97692	30.50920	0.96322	0.32218	0.99834	37.66894
37334	50.00000		-0.83214	0.49203	0.93613	31.70439	-0.19183	1.11755	1.17093	39.42325
37354	50.00000		-0.67748	0.72732	0.98622	38.45821	-0.83268	-0.14781	0.88855	45.06799
37374	50.00000		-0.70987	0.51866	0.92119	35.05878	-0.05131	-1.00402	0.98316	39.81469
37394	50.00000		-0.89660	0.52713	1.03254	29.16677	1.12584	-0.39336	1.24836	34.67348
37414	50.00000		-0.98813	0.52688	1.11290	26.50303	0.33595	1.06010	1.25616	36.13505
37434	50.00000		-0.86103	0.54043	1.02628	29.58005	-0.71169	-0.42472	0.86568	43.41457
37454	50.00000		-0.62433	0.63700	0.90999	38.83091	0.83351	-0.72943	1.14250	43.22428
37474	50.00000		-0.59593	0.69103	0.91929	39.03681	0.95355	-0.62406	1.16095	38.44566
37494	50.00000		-0.75035	0.54383	0.92918	34.58251	1.20114	-0.10005	1.25425	39.02282
37514	50.00000		-0.90375	0.47264	1.00883	30.69088	-0.74242	0.48758	0.91458	44.72001
37534	50.00000		-0.71527	0.56108	0.91391	32.97694	0.22153	-0.97927	0.97852	41.00521
37554	50.00000		-0.58534	0.49090	0.80988	37.52367	0.57210	-1.10427	1.35032	34.28066
37574	50.00000		-0.85004	0.44441	0.93291	33.43148	0.16775	-1.19197	1.25381	34.75039
37594	50.00000		-1.04340	0.58713	1.24159	28.43261	1.03939	0.30529	1.10280	42.15145
37614	50.00000		-0.92377	0.47988	1.03477	27.53548	-0.65761	-0.48187	0.83989	43.86454
37634	50.00000		-0.82472	0.57079	0.95587	31.48274	1.19532	0.15410	1.25545	39.20924
37654	50.00000		-0.54506	0.32030	0.67758	39.69697	0.93994	0.55055	1.10991	38.31733
37674	50.00000		-0.71997	0.48993	0.89642	38.84736	0.32863	0.69940	0.82194	44.00498
37694	50.00000		-0.92009	0.61665	1.12571	32.47370	-0.99969	0.16909	1.00450	42.11053
37714	50.00000		-0.88670	0.57293	1.07341	29.82650	-0.40281	-1.30311	1.40398	35.56962
37734	50.00000		-0.78656	0.44744	0.91816	34.56221	0.41262	-1.05320	1.15817	34.72307
37754	50.00000		-0.60331	0.60101	0.80668	37.87608	0.40968	-1.04068	1.15434	41.97860
37774	50.00000		-0.82881	0.60383	1.01911	31.29271	0.69211	0.77033	1.04211	43.81891
37794	50.00000		-0.93174	0.56189	1.11756	28.07831	-1.04599	-0.47773	1.18703	40.00288
37814	50.00000		-0.92464	0.54386	1.06465	27.03292	1.16430	-0.55053	1.34959	38.11478
37834	50.00000		-0.79385	0.62976	1.00532	32.76899	-0.13686	0.75299	0.79819	43.77991
37854	50.00000		-0.61934	0.40490	0.78415	41.24120	-0.97594	0.15329	1.01361	43.16536
37874	50.00000		-0.73597	0.52695	0.91595	36.95352	-1.25042	0.43714	1.37527	35.31114
37894	50.00000		-0.82321	0.51435	0.93420	32.02696	-1.23615	0.30950	1.32272	34.18650
37914	50.00000		-0.86181	0.51838	0.97052	30.43621	-0.60898	-0.77314	0.97197	39.76038
37934	50.00000		-0.60897	0.49364	0.80866	36.04740	1.05647	-0.28377	1.09980	45.18452
37954	50.00000		-0.74113	0.78677	1.09205	36.91311	0.52132	0.77226	0.92987	40.73085
37974	50.00000		-0.86648	0.39769	0.93558	30.14094	-0.79630	0.73122	1.10090	37.80488
37994	50.00000		-0.93895	0.52637	1.08390	26.92904	0.17774	-0.86860	0.91287	43.17874
38014	50.00000		-0.93382	0.52461	1.07431	28.46038	-0.63767	0.76607	0.97280	44.37532
38034	50.00000		-0.72065	0.42888	0.88626	35.58451	-1.21053	0.01768	1.28670	37.10212
38054	50.00000		-0.63107	0.35732	0.76744	40.19862	-0.56983	1.17253	1.35151	33.81649
38074	50.00000		-0.70202	0.50055	0.89205	35.38224	0.07662	0.94603	0.93213	38.18108
