--- Terminal on /dev/ttyUSB0 | 115200 8-N-1
--- Available filters and text transformations: colorize, debug, default, direct, esp32_exception_decoder, hexlify, log2file, nocontrol, printable, send_on_enter, time
--- More details at https://bit.ly/pio-monitor-filters
--- Quit: Ctrl+C | Menu: Ctrl+T | Help: Ctrl+T followed by Ctrl+H
MOT: sensor_direction==CCW
MOT: PP check: OK!
MOT: Zero elec. angle: 1.89
MOT: Align current sense.
CS: Inv B
MOT: Success: 3
MOT: Ready.
Motor 1
MOT: Monitor enabled!
ESP32-DRV: Configuring 3PWM in group: 1 on timer: 0
ESP32-DRV: Configuring 2 operators.
ESP32-DRV: Configuring 3 comparators.
ESP32-DRV: Configuring 3 generators.
ESP32-DRV: Configuring center-aligned pwm.
ESP32-DRV: Enabling timer: 0
ESP32-DRV: MCPWM configured!
MOT: Init
MOT: Enable driver.
MOT: Align sensor.
MOT: sensor_direction==CCW
MOT: PP check: OK!
MOT: Zero elec. angle: 0.47
MOT: Align current sense.
CS: Inv B
MOT: Success: 3
MOT: Ready.
0	-50.00000		0.05960	0.01497	0.05441	-0.02306	-0.12232	0.10305	0.20835	-0.05252
15731	-50.00000		0.38422	0.40658	0.57766	-23.32134	0.63038	0.10750	0.71421	-27.05370
15751	-50.00000		0.54574	0.45468	0.73561	-35.32187	0.76284	-0.30570	0.83220	-35.54418
15771	-50.00000		0.46548	0.47970	0.69084	-40.83218	0.00690	0.78834	0.88561	-28.67717
15791	-50.00000		0.50984	0.51333	0.74596	-33.70274	-0.88293	0.01058	0.91351	-26.95648
15811	-50.00000		0.59510	0.48059	0.79570	-29.80067	-0.53151	-0.66511	0.90923	-29.64458
15831	-50.00000		0.58194	0.44306	0.57208	-29.14212	-0.77761	0.29775	0.91407	-36.87214
15851	-50.00000		0.46538	0.51373	0.69886	-36.98743	0.56678	0.93107	1.09361	-42.26120
15871	-50.00000		0.40382	0.44748	0.67813	-43.68460	0.03447	0.01942	0.08171	-33.06427
15891	-50.00000		0.59584	0.72932	0.93033	-38.81581	-0.50591	-0.84312	0.93903	-29.67371
15911	-50.00000		0.74790	0.57337	0.92817	-35.10254	0.76167	-0.58398	0.95023	-31.50988
15931	-50.00000		0.58436	0.45192	0.75879	-38.00756	0.83446	-0.57965	0.92591	-37.55025
15951	-50.00000		0.64507	0.44846	0.81977	-41.30913	0.96553	0.18676	1.00651	-35.90915
15971	-50.00000		0.68364	0.57331	0.90919	-36.06234	0.11487	0.89484	0.93158	-31.22427
15991	-50.00000		0.71891	0.57303	0.90677	-31.37393	-0.36966	0.96253	1.02930	-30.80012
16011	-50.00000		0.67179	0.51345	0.86772	-32.62371	0.06062	0.99635	1.17220	-36.01520
16031	-50.00000		0.45865	0.42289	0.65309	-41.58585	0.37686	0.77338	0.91640	-42.96491
16051	-50.00000		0.61795	0.72068	0.93083	-44.26882	0.24651	1.04962	1.10797	-37.38160
16071	-50.00000		0.58051	0.69084	0.92969	-38.49762	-0.74418	0.91932	1.19326	-32.82840
16091	-50.00000		0.69125	0.60316	0.92776	-33.69208	-0.98980	-0.33674	1.07688	-30.56133
16111	-50.00000		0.65808	0.69534	0.92118	-39.93020	-0.67356	-0.88194	1.11044	-37.31675
16131	-50.00000		0.64925	0.74905	0.97124	-40.89713	0.10636	-1.00684	0.97406	-38.26571
16151	-50.00000		0.76061	0.47090	0.91248	-34.20780	0.54668	-0.90829	1.12192	-33.42015
16171	-50.00000		0.82509	0.56246	0.96936	-31.22437	0.87708	-0.62071	1.10625	-31.18385
16191	-50.00000		0.84002	0.60193	1.03159	-33.55163	0.96648	-0.34161	1.07166	-34.16288
16211	-50.00000		0.62635	0.51041	0.84857	-43.37051	0.93666	0.13930	0.92978	-41.36879
16231	-50.00000		0.48855	0.35923	0.63418	-43.96326	0.97466	0.48708	1.11523	-41.86040
16251	-50.00000		0.73231	0.44936	0.89015	-35.01627	0.70448	0.77105	1.12157	-34.16288
16271	-50.00000		0.80249	0.55780	0.95611	-36.63643	0.44713	0.41135	0.62387	-59.80963
16291	-50.00000		0.55547	0.35284	0.70476	-37.70437	-0.79184	0.77172	1.13099	-35.55922
16311	-50.00000		0.72964	0.52445	0.91688	-38.69691	-1.06006	0.02471	1.14701	-34.70555
16331	-50.00000		0.75213	0.65941	0.98043	-33.45415	-1.20746	0.13954	1.25910	-35.67376
16351	-50.00000		0.82565	0.46879	0.93107	-31.81304	-1.06223	0.26877	1.18486	-31.52699
16371	-50.00000		0.67029	0.35218	0.79216	-38.69691	-0.94237	-0.50137	1.07136	-33.08595
16391	-50.00000		0.36762	0.63193	0.75500	-42.55556	0.22607	-0.90781	0.90326	-40.57623
16411	-50.00000		0.68884	0.71647	0.98163	-40.91511	0.31154	-0.99200	1.05028	-42.16436
16431	-50.00000		0.72031	0.46630	0.88831	-34.77201	0.00114	-1.09988	1.10987	-33.89645
16451	-50.00000		0.72711	0.39275	0.86290	-38.29924	0.64216	-0.96148	1.19309	-30.80012
16471	-50.00000		0.60361	0.72810	0.93132	-41.45885	0.55819	0.95613	1.07431	-35.04711
16491	-50.00000		0.76960	0.51376	0.92344	-35.64280	0.10930	1.09814	1.12850	-39.14239
16511	-50.00000		0.90404	0.48058	1.02311	-31.55243	0.64649	0.99383	1.17674	-36.23566
16531	-50.00000		0.74327	0.55775	0.92245	-33.44920	0.78706	0.78076	1.24426	-30.88110
16551	-50.00000		0.68009	0.50963	0.88406	-41.94475	-0.58338	0.98539	1.19370	-33.21606
16571	-50.00000		0.41405	0.32432	0.54930	-42.47343	-0.81282	-0.60927	0.98301	-38.84752
16591	-50.00000		0.71208	0.63660	0.93188	-39.41053	-0.92191	-0.69795	1.20594	-42.88775
16611	-50.00000		0.81670	0.72980	1.09467	-34.72790	-1.21940	0.23382	1.30715	-36.45301
16631	-50.00000		0.49329	0.42704	0.68993	-41.16029	-1.07699	-0.47238	1.20822	-31.18253
16651	-50.00000		0.70394	0.75936	1.04699	-40.01700	0.80538	-0.68014	1.12606	-33.46380
16671	-50.00000		0.69580	0.55019	0.90843	-33.37632	0.83468	-0.62005	1.01282	-36.23566
16691	-50.00000		0.91408	0.64668	1.21430	-31.95792	-0.08037	-1.12714	1.21200	-37.23587
16711	-50.00000		0.73806	0.42750	0.88132	-36.77809	-0.41975	-1.04953	1.23485	-33.46369
16731	0.00000		0.20279	0.21074	0.32991	-37.23577	0.55745	0.30019	0.63117	-27.51232
16751	0.00000		-0.02348	0.05322	0.05781	-24.04151	-0.22902	0.04692	0.22741	-20.66647
16771	0.00000		-0.10064	0.06021	0.11773	2.68531	-0.03224	0.06688	0.09236	-9.41921
16791	0.00000		-0.03823	0.02566	0.05801	6.55830	0.01849	0.01655	0.02359	2.61884
16811	0.00000		-0.04728	0.00369	0.05092	1.00253	0.02527	0.03216	0.01360	2.00915
16831	0.00000		-0.03470	-0.01534	0.06365	0.65780	0.05382	-0.00471	0.05654	-0.65780
16851	0.00000		-0.06359	0.00321	0.08191	2.03531	-0.00778	0.02926	0.01491	0.00000
16871	0.00000		-0.01747	0.01083	0.02279	4.65247	0.02080	0.03211	0.03957	0.66320
16891	0.00000		-0.03971	-0.00250	0.22501	2.03626	0.04135	-0.02540	0.05645	0.67815
16911	0.00000		-0.15688	-0.11905	0.02275	0.00000	0.05070	-0.09785	0.12198	0.67696
16931	0.00000		-0.03927	-0.01418	0.04263	0.00000	0.02140	-0.01711	0.05750	2.73560
16951	0.00000		-0.03473	-0.00387	0.04764	1.04211	-0.00029	-0.01582	0.03223	1.04424
16971	0.00000		-0.02518	0.00292	0.02769	0.67905	-0.01026	-0.00319	0.05687	0.00000
16991	0.00000		-0.02276	0.02580	0.03036	1.01104	0.01714	0.04436	0.03846	1.01454
17011	0.00000		0.10202	0.02848	0.06094	0.00000	-0.06035	0.03428	0.04096	0.67696
17031	0.00000		-0.06585	0.00197	0.06698	0.67936	0.00614	0.06344	0.02820	0.68177
17051	0.00000		-0.07881	0.01657	0.08807	1.97424	-0.00782	0.00347	0.15336	1.97934
17071	0.00000		-0.08272	0.00190	0.07713	0.00000	-0.03266	-0.02647	0.09224	3.97405
17091	0.00000		-0.08327	-0.02420	0.04384	1.35153	-0.01399	-0.00968	0.05716	-1.35153
17111	0.00000		-0.06148	0.01020	0.05970	0.00000	-0.04891	-0.01151	0.03555	-1.00987
17131	0.00000		-0.06220	-0.00684	0.05763	0.00000	0.01103	-0.00918	0.23183	0.67996
17151	0.00000		-0.05109	0.00610	0.05779	0.00000	0.00374	-0.01497	0.02319	0.00000
17171	0.00000		-0.02866	0.00529	0.03604	0.67996	0.00947	-0.02191	0.01937	0.00000
17191	0.00000		-0.05011	0.01123	0.08848	1.03858	-0.05706	-0.00940	0.17338	0.00000
17211	0.00000		-0.01651	0.04467	0.04726	2.02373	-0.05942	-0.00255	0.04842	-1.01387
17231	0.00000		0.00310	0.02370	0.01023	2.05536	-0.01258	-0.01080	0.05283	0.00000
17251	0.00000		0.02055	0.02478	0.02788	0.00000	-0.02588	-0.01615	0.21578	0.00000
17271	0.00000		0.06284	-0.02476	0.06742	0.00000	-0.04158	0.00225	0.02129	0.00000
17291	0.00000		0.01244	0.02464	0.01640	0.00000	0.01039	0.00839	0.01705	0.00000
17311	0.00000		0.02256	0.01490	0.02759	0.00000	-0.01294	0.00121	0.01537	0.67756
17331	0.00000		0.02041	0.00509	0.02336	0.00000	0.00296	0.01213	0.03261	0.00000
17351	0.00000		0.01563	0.00556	0.01454	0.00000	-0.03633	0.01690	0.02115	-0.67936
17371	0.00000		0.04101	0.01236	0.16996	0.67936	-0.00223	0.02422	0.05161	0.67966
17391	0.00000		0.00617	0.00700	0.01390	0.67936	0.00158	0.01983	0.05177	0.00000
17411	0.00000		0.01812	-0.00633	0.02498	0.00000	-0.00436	0.00123	0.00650	0.00000
17431	0.00000		0.00776	0.00220	0.05818	0.00000	0.01191	0.00636	0.03406	0.00000
17451	0.00000		0.02981	-0.03138	0.04236	0.67875	-0.04421	-0.03989	0.01046	-0.67875
17471	0.00000		0.01047	-0.01548	0.05730	0.00000	-0.01558	-0.00791	0.02184	0.00000
17491	0.00000		0.03845	0.00414	0.03810	-0.67905	-0.02394	-0.02376	0.05507	0.00000
17511	0.00000		-0.10340	-0.20891	0.04691	0.00000	-0.00511	-0.00022	0.01841	-0.67905
17531	0.00000		0.00332	-0.00016	0.01202	0.00000	-0.02277	0.01838	0.01205	0.00000
17551	0.00000		0.00379	0.02890	0.02087	0.00000	0.01146	0.00389	0.04335	0.00000
17571	0.00000		0.01449	0.00609	0.02263	1.00987	0.00420	0.00332	0.02855	0.00000
17591	0.00000		0.03670	-0.04232	0.02199	0.00000	-0.00788	0.01141	0.06267	0.00000
17611	0.00000		0.01357	0.00770	0.01295	1.00987	0.01073	0.01136	0.05832	1.01120
17631	0.00000		0.02862	-0.01476	0.02087	0.67966	0.02600	0.02455	0.06034	0.00000
17651	0.00000		0.01889	-0.00359	0.03577	0.00000	0.01356	0.02158	0.05045	1.02676
17671	0.00000		0.02131	0.00267	0.02769	0.00000	-0.01460	0.06286	0.01981	0.00000
17691	0.00000		-0.00190	0.00315	0.02501	1.04070	0.00489	0.05959	0.05670	0.00000
17711	0.00000		0.02816	0.00579	0.14917	0.00000	-0.02396	0.03585	0.02195	0.00000
17731	-50.00000		0.49009	0.35518	0.62689	-35.67402	-0.24552	-0.69303	0.72729	-30.92170
17751	-50.00000		0.60073	0.54820	0.84673	-36.21992	0.27759	-0.86038	0.91571	-39.02233
17771	-50.00000		0.52484	0.43573	0.71392	-31.51098	-0.80912	-0.21697	0.89992	-38.21544
17791	-50.00000		0.50612	0.50786	0.75264	-34.68312	-0.87855	-0.06335	0.90903	-28.62642
17811	-50.00000		0.40945	0.51930	0.68120	-38.82247	0.38207	-0.75598	0.88713	-27.44502
17831	-50.00000		0.54963	0.56504	0.82097	-36.75970	0.55839	0.67281	0.90148	-32.80720
17851	-50.00000		0.62188	0.50176	0.87168	-27.87254	0.87497	0.39553	0.93161	-33.15096
17871	-50.00000		0.63254	0.43795	0.80526	-28.55284	0.57200	-0.74609	0.93247	-33.58371
17891	-50.00000		0.63986	0.43629	0.82687	-35.69698	-0.67414	0.12136	0.75442	-26.96458
17911	-50.00000		0.58201	0.17089	0.65868	-31.53852	0.77626	0.42871	0.91701	-29.35857
17931	-50.00000		0.52737	0.63404	0.83804	-40.36793	-0.43458	0.82850	0.93071	-37.98302
17951	-50.00000		0.67836	0.52129	0.89345	-34.59106	0.43257	0.93823	1.05619	-41.83586
17971	-50.00000		0.62134	0.52159	0.84530	-34.93956	1.15498	-0.46234	1.29925	-35.45616
17991	-50.00000		0.53465	0.48242	0.74941	-39.31557	0.76965	0.70749	1.09426	-29.87834
18011	-50.00000		0.66477	0.54486	0.89173	-37.15046	-0.95249	0.34805	1.03191	-32.25190
18031	-50.00000		0.80475	0.61427	0.94373	-29.92169	-1.03889	0.11820	1.03087	-36.47651
18051	-50.00000		0.71680	0.52131	0.90795	-30.81889	0.23974	1.05492	1.15304	-37.65596
18071	-50.00000		0.59450	0.37823	0.73023	-36.47636	0.42570	0.92799	1.02077	-32.28413
18091	-50.00000		0.49943	0.41523	0.69200	-42.12077	-1.08003	0.04491	1.04740	-31.44620
18111	-50.00000		0.43419	0.61973	0.82918	-40.11043	0.71845	-0.86109	1.13992	-35.51333
18131	-50.00000		0.80425	0.56776	0.95804	-36.02302	0.33690	-0.93559	0.96324	-42.69526
18151	-50.00000		0.59867	0.54311	0.83190	-37.20352	-0.84967	-0.59463	1.04210	-39.38414
18171	-50.00000		0.56472	0.64810	0.88515	-41.36889	-0.36108	-1.16326	1.26200	-33.95532
18191	-50.00000		0.76598	0.65467	1.00189	-35.37891	1.18048	-0.23445	1.13988	-31.21087
18211	-50.00000		0.86429	0.65377	1.09970	-32.86611	1.04872	-0.01117	1.14949	-37.54488
18231	-50.00000		0.77260	0.55554	0.98506	-31.44224	0.19708	-1.09807	1.18816	-36.07805
18251	-50.00000		0.45287	0.51173	0.69023	-41.13092	-0.10440	-1.05590	1.15759	-34.89380
18271	-50.00000		0.55498	0.54996	0.82659	-43.05216	1.04672	0.45246	1.17975	-31.73752
18291	-50.00000		0.56718	0.67769	0.90348	-38.38319	-0.72298	0.76700	1.04639	-36.49117
18311	-50.00000		0.74415	0.50004	0.91116	-35.74520	-0.29883	0.90389	0.97419	-42.47025
18331	-50.00000		0.75011	0.57001	0.93060	-38.12358	0.83293	0.68110	1.10886	-40.31491
18351	-50.00000		0.66272	0.71638	0.96025	-40.62880	0.20273	1.08583	1.10767	-33.86713
18371	-50.00000		0.76327	0.38836	0.88680	-36.85518	-1.01429	0.48385	1.14248	-31.89563
18391	-50.00000		0.87593	0.61247	1.06897	-30.22290	-1.09754	0.20777	1.13268	-34.13318
18411	-50.00000		0.67993	0.57746	0.91510	-33.73577	-0.31092	1.06521	1.18192	-38.31639
18431	-50.00000		0.41618	0.58792	0.79425	-42.37152	-0.67084	0.84955	1.06514	-35.31743
18451	-50.00000		0.61207	0.42663	0.80260	-43.94394	-0.49740	-0.95997	1.17133	-32.13926
18471	-50.00000		0.79087	0.67829	1.04954	-36.65028	1.08296	-0.32028	1.12914	-34.53117
18491	-50.00000		0.72677	0.67321	0.95443	-33.71387	0.72989	-0.63889	0.93271	-41.60404
18511	-50.00000		0.67484	0.42838	0.83615	-38.03269	0.09779	-1.17857	1.23886	-40.10408
18531	-50.00000		0.71360	0.75310	1.02983	-39.43558	0.63340	-0.85101	1.13017	-34.63612
18551	-50.00000		0.72559	0.66836	0.92838	-34.37313	1.19615	-0.29738	1.30249	-30.92161
18571	-50.00000		0.85991	0.54834	0.93202	-31.38749	0.99186	-0.41713	1.06995	-36.06213
18591	-50.00000		0.64808	0.46210	0.83774	-34.77017	0.48589	-0.97465	1.14318	-39.48873
18611	-50.00000		0.61916	0.39269	0.77803	-42.83190	1.04523	-0.33922	1.17108	-34.93135
18631	-50.00000		0.46426	0.42707	0.66787	-40.18732	-0.13026	1.16685	1.16665	-31.56754
18651	-50.00000		0.70030	0.63765	0.93349	-35.62793	-1.13284	0.19150	1.19047	-33.91109
18671	-50.00000		0.63892	0.58935	0.90623	-37.12053	-1.57191	0.31549	1.67593	-5.00632
18691	-50.00000		0.51236	0.70684	0.89679	-40.31597	-0.65580	0.75918	0.98497	-41.08874
18711	-50.00000		0.63778	0.71035	0.93129	-38.49770	-0.88908	0.64528	1.17591	-35.74327
18731	0.00000		0.34972	0.45927	0.62467	-31.10743	-0.82015	0.01110	0.84158	-26.34704
18751	0.00000		0.05058	0.20891	0.22556	-17.60952	-0.39209	-0.08980	0.32031	-19.56608
18771	0.00000		0.09298	-0.02173	0.06324	-9.48567	-0.06154	0.01456	0.08139	-11.47767
18791	0.00000		-0.00700	0.00358	0.00718	-1.97679	-0.00146	0.03056	0.00362	1.97679
18811	0.00000		-0.02088	-0.02364	0.02837	2.03581	0.02568	0.01435	0.05754	3.05575
18831	0.00000		-0.05177	-0.01722	0.05503	0.00000	0.01615	0.00117	0.05787	-0.67606
18851	0.00000		-0.03487	-0.00834	0.02999	1.96329	0.01349	-0.00510	0.03005	0.65332
18871	0.00000		-0.08660	-0.02354	0.11367	1.33043	0.07494	-0.03153	0.02827	-0.66957
18891	0.00000		-0.00786	-0.02067	0.02739	0.65780	0.00490	0.01903	0.05349	0.00000
18911	0.00000		-0.04645	-0.00664	0.06831	0.97893	0.01453	-0.05516	0.08573	0.97893
18931	0.00000		0.07550	-0.09570	0.03752	2.99802	-0.00995	0.01460	0.11119	0.00000
18951	0.00000		0.01190	-0.02531	0.09311	2.96136	-0.01312	-0.10182	0.06458	0.98967
18971	0.00000		-0.01727	-0.01999	0.01778	1.35093	-0.01266	-0.06903	0.03450	2.01575
18991	0.00000		-0.03559	-0.01619	0.02153	0.00000	0.03873	-0.00671	0.04243	1.35811
19011	0.00000		-0.01867	-0.00299	0.01979	0.00000	-0.01465	-0.05581	0.08330	0.00000
19031	0.00000		-0.02958	-0.02862	0.03086	0.67905	-0.02742	-0.07426	0.11119	0.00000
19051	0.00000		0.04346	0.02783	0.04462	0.67996	-0.02980	-0.05865	0.10785	0.67966
19071	0.00000		-0.01965	-0.01093	0.02263	0.98776	-0.02225	-0.03999	0.19299	0.99094
19091	0.00000		0.06053	-0.01625	0.05134	0.99031	-0.05327	-0.05889	0.06653	2.97283
19111	0.00000		-0.02545	0.00247	0.02289	0.00000	-0.03941	-0.00687	0.09074	5.06934
19131	0.00000		-0.07232	0.00335	0.05965	0.00000	-0.04419	-0.01140	0.05725	0.00000
19151	0.00000		-0.06793	0.00112	0.06865	0.98903	-0.03580	-0.03210	0.03574	0.98903
19171	0.00000		-0.05918	0.01805	0.04726	0.00000	-0.00017	-0.00629	0.02730	0.00000
19191	0.00000		-0.05807	0.00871	0.05645	0.00000	-0.03532	-0.02610	0.04402	0.00000
19211	0.00000		-0.04442	0.02921	0.04726	0.00000	0.04043	-0.02422	0.04243	0.65638
19231	0.00000		-0.04355	0.00998	0.06539	0.97956	-0.01265	-0.00331	0.04279	0.00000
19251	0.00000		-0.03634	0.00541	0.03699	0.65921	0.05041	0.03251	0.00958	0.00000
19271	0.00000		-0.02458	0.00784	0.04173	0.00000	0.00090	-0.05174	0.04665	0.00000
19291	0.00000		-0.02229	0.00299	0.02796	0.98206	-0.01421	-0.02859	0.01397	0.98332
19311	0.00000		-0.00859	0.03885	0.15980	0.00000	-0.01470	-0.00390	0.05283	0.00000
19331	0.00000		-0.05715	0.02862	0.01991	-0.65836	-0.04555	-0.01540	0.03775	0.00000
19351	0.00000		-0.04112	0.00807	0.04024	0.00000	0.01315	-0.01818	0.01756	0.00000
19371	0.00000		-0.04197	-0.01005	0.04086	0.65893	0.02623	-0.02936	0.01581	0.65836
19391	0.00000		0.05296	0.05841	0.05517	1.01120	-0.00574	-0.03253	0.02888	0.00000
19411	0.00000		-0.01379	0.00839	0.01964	0.00000	0.01995	-0.03025	0.04996	0.68026
19431	0.00000		-0.02705	0.00517	0.03640	0.67696	-0.02389	-0.03411	0.02875	0.00000
19451	0.00000		-0.10009	0.02352	0.09942	0.00000	0.02710	-0.03046	0.14075	0.00000
19471	0.00000		-0.02599	0.00823	0.02462	-0.99416	-0.00438	-0.00160	0.03487	0.00000
19491	0.00000		0.00638	-0.02580	0.04572	0.00000	0.00213	-0.01066	0.05741	-12.80564
19511	0.00000		-0.03649	0.01633	0.04242	0.68086	0.00415	-0.00230	0.15112	-1.36173
19531	0.00000		-0.14200	0.15007	0.02926	0.00000	-0.00732	0.00772	0.05260	0.00000
19551	0.00000		-0.03542	0.02947	0.05810	0.00000	-0.00983	0.02404	0.05615	0.00000
19571	0.00000		-0.03505	0.00293	0.04959	0.00000	-0.04647	-0.00249	0.03356	0.67995
19591	0.00000		-0.01949	0.01081	0.01230	0.00000	-0.00653	-0.00978	0.02250	0.00000
19611	0.00000		-0.03710	0.00713	0.05329	0.00000	-0.04033	-0.00679	0.02900	0.00000
19631	0.00000		0.00389	-0.05686	0.05890	0.00000	-0.03357	0.00791	0.03761	0.67936
19651	0.00000		-0.05477	0.02678	0.05686	0.00000	-0.00691	-0.01266	0.05012	0.00000
19671	0.00000		-0.03684	0.00838	0.04255	-0.97956	-0.01312	0.01737	0.05482	0.00000
19691	0.00000		-0.05303	-0.00775	0.05802	-41.45895	0.00123	-0.00764	0.04981	0.65808
19711	0.00000		-0.02982	0.06578	0.06718	-5.26464	-0.06790	-0.01299	0.05339	1.31956
19731	-50.00000		0.57559	0.37140	0.69484	-24.59162	-0.72134	-0.29614	0.86289	-26.45942
19751	-50.00000		0.46764	0.38708	0.63728	-37.31665	-0.75204	-0.29115	0.80163	-35.24110
19771	-50.00000		0.53382	0.41126	0.71300	-90.07594	0.31718	-0.71023	0.82953	-33.37632
19791	-50.00000		0.39854	0.50549	0.68291	-38.93694	0.62183	0.57038	0.88280	-27.92691
19811	-50.00000		0.55277	0.50512	0.77073	-32.53695	-0.40886	0.75758	0.80209	-29.16053
19831	-50.00000		0.53187	0.42457	0.71505	-31.47148	-0.72140	0.59504	0.93465	-29.44114
19851	-50.00000		0.54530	0.45975	0.74142	-39.61227	-0.91045	0.28738	0.95039	-38.34948
19871	-50.00000		0.64568	0.60490	0.90118	-38.62196	-0.76637	0.57859	0.95188	-40.49784
19891	-50.00000		0.63491	0.54856	0.92288	-30.47631	-0.08649	0.96870	0.94588	-34.35793
19911	-50.00000		0.69937	0.49645	0.88712	-28.49508	-0.02850	0.94919	0.96577	-28.15873
19931	-50.00000		0.54206	0.44785	0.72980	-36.34706	-0.32793	0.83362	0.92986	-34.01445
19951	-50.00000		0.44397	0.55839	0.71333	-41.26100	-0.96900	0.24275	0.92484	-37.51230
19971	-50.00000		0.62555	0.40658	0.78986	-42.29353	-0.37898	-0.97240	1.01604	-35.33278
19991	-50.00000		0.77392	0.53996	0.92994	-34.47150	0.91024	-0.59841	0.96699	-31.06303
20011	-50.00000		0.66044	0.59740	0.89794	-35.27158	0.99418	0.11116	0.99443	-31.18385
20031	-50.00000		0.66532	0.50953	0.87783	-41.54941	0.43138	0.87113	1.01681	-38.33271
20051	-50.00000		0.68657	0.60931	0.86989	-38.29903	0.76292	0.61307	0.95219	-42.20123
20071	-50.00000		0.75691	0.55749	0.92964	-33.01045	0.73500	-0.80629	1.09666	50.59302
20091	-50.00000		0.76383	0.53690	0.84937	-30.23624	0.46602	-1.07160	1.12959	-31.44227
20111	-50.00000		0.62185	0.43427	0.80172	-34.87844	0.85471	-0.62585	1.14613	-32.15331
20131	-50.00000		0.57238	0.47288	0.78814	-43.46504	0.57247	0.85481	1.08783	-38.24876
20151	-50.00000		0.44753	0.52411	0.72877	-42.24730	-0.41260	1.04675	1.21700	-38.24897
20171	-50.00000		0.88878	0.68770	1.15781	-32.40093	-0.83641	0.84340	1.17269	-32.37963
20191	-50.00000		0.72111	0.64644	0.93402	-36.87933	-0.97568	0.23348	1.11123	-32.06224
20211	-50.00000		0.67191	0.61145	0.92117	-40.70770	-0.34061	-1.04028	1.06702	-35.90602
20231	-50.00000		0.75463	0.55133	0.92755	-37.99932	-0.02371	-1.01617	0.93072	-41.67344
20251	-50.00000		0.86494	0.68935	1.12416	-31.81273	-0.93574	0.02905	0.96707	-39.53555
20271	-50.00000		0.79569	0.49958	0.92115	-32.96712	-0.44552	1.09607	1.26111	-33.46379
20291	-50.00000		0.64644	0.40083	0.80986	-41.60394	-1.20909	0.08673	1.20776	-31.62153
20311	-50.00000		0.34920	0.36901	0.52462	-41.89729	0.56706	-0.91242	1.12126	-37.72626
20331	-50.00000		0.74135	0.59325	0.92989	-39.55633	1.06288	-0.09539	1.06594	-38.95388
20351	-50.00000		0.79371	0.63281	1.03183	-34.05877	1.20553	-0.32653	1.30380	-34.63622
20371	-50.00000		0.53591	0.55220	0.83784	-36.95519	1.03983	0.38051	1.20200	-30.85389
20391	-50.00000		0.46477	0.42443	0.67515	-39.70605	-0.50304	0.92962	1.08321	-35.31754
20411	-50.00000		0.75505	0.74414	1.04535	-35.55922	-0.46006	0.94293	1.06142	-42.13678
20431	-50.00000		0.86600	0.61118	1.06059	-31.52684	0.97710	0.50451	1.09572	-39.40858
20451	-50.00000		0.77294	0.49156	0.91902	-33.99957	0.80974	-0.91440	1.28016	-32.65205
20471	-50.00000		0.33373	0.31742	0.46295	-44.29523	0.90970	0.75655	1.19687	-31.88727
20491	-50.00000		0.46402	0.67509	0.83555	-42.40813	-1.14721	0.17110	1.15728	-36.61857
20511	-50.00000		0.57628	0.59805	0.96071	-37.61074	-1.04969	-0.27523	1.08483	-39.14260
20531	-50.00000		0.71248	0.66586	1.00882	-33.46379	-1.16772	0.18349	1.23564	-33.46369
20551	-50.00000		0.67971	0.41249	0.83429	-37.85158	-0.80977	-0.75425	1.09854	-31.98579
20571	-50.00000		0.69553	0.75667	1.01949	-39.59084	1.06384	-0.28058	1.13045	-33.43462
20591	-50.00000		0.74079	0.67765	0.96843	-35.94218	0.92639	-0.31652	0.92562	-39.94037
20611	-50.00000		0.86062	0.53444	0.99615	-31.97884	-0.88130	-0.59287	1.09082	-41.67344
20631	-50.00000		0.72345	0.36713	0.85401	-33.93316	-0.99407	0.42843	1.09392	-37.55884
20651	-50.00000		0.47657	0.67653	0.89038	-43.74278	0.02872	-1.15812	1.19489	-31.14173
20671	-50.00000		0.56510	0.36588	0.71458	-41.64658	0.85049	0.68344	1.08259	-34.66074
20691	-50.00000		0.68093	0.59426	0.91793	-34.52688	0.52976	0.99364	1.17958	-37.17536
20711	-50.00000		0.67460	0.41134	0.84933	-36.61760	0.93988	0.53357	1.15301	-36.80738
20731	0.00000		0.13786	0.33528	0.39806	-36.45278	-0.39076	0.53526	0.76938	-26.68660
20751	0.00000		-0.14803	0.10514	0.17865	-20.51827	-0.20948	-0.13624	0.27637	-16.78105
20771	0.00000		-0.05981	0.03951	0.08747	-4.15996	-0.05507	-0.06475	0.11015	-8.34254
20791	0.00000		-0.02674	0.02603	0.03330	4.68086	-0.01339	-0.01735	0.01629	-0.67016
20811	0.00000		-0.11719	-0.04373	0.06289	0.00000	-0.02266	-0.00250	0.05405	0.66291
20831	0.00000		-0.02551	-0.00009	0.16439	0.97706	0.00242	-0.01524	0.01491	0.97956
20851	0.00000		-0.08971	0.02691	0.06941	2.03626	-0.04557	0.01246	0.02986	0.00000
20871	0.00000		0.01447	0.02484	0.03739	2.93305	-0.04374	-0.01096	0.02277	0.98522
20891	0.00000		0.01309	0.02147	0.01521	3.50684	-0.02533	0.02906	0.01421	2.10616
20911	0.00000		0.00930	-0.05186	0.00276	0.00000	-0.02618	0.03405	0.02867	0.00000
20931	0.00000		-0.00214	0.00798	0.00916	0.00000	-0.02013	0.01171	0.01437	2.97092
20951	0.00000		-0.02241	-0.00798	0.05777	0.97768	-0.02371	-0.01059	0.01524	0.00000
20971	0.00000		-0.01646	-0.00897	0.02044	0.65808	0.02343	0.03386	0.01397	0.00000
20991	0.00000		-0.01850	0.00743	0.02050	-0.97211	-0.07514	-0.01643	0.10424	0.97319
21011	0.00000		-0.02007	0.01153	0.02060	0.66493	-0.01976	0.00616	0.04393	0.00000
21031	0.00000		-0.04189	-0.01387	0.01553	0.66608	0.00330	0.01230	0.03599	0.66550
21051	0.00000		-0.02792	-0.00381	0.08910	1.30830	-0.03534	0.02025	0.05946	0.65443
21071	0.00000		-0.05126	-0.00810	0.03734	0.00000	-0.07099	-0.00472	0.06500	0.65752
21091	0.00000		-0.06986	-0.01761	0.10606	0.97768	-0.08531	-0.00410	0.03311	0.00000
21111	0.00000		-0.04100	-0.02650	0.05286	0.00000	-0.01010	-0.00720	0.06995	0.66840
21131	0.00000		-0.05552	-0.00586	0.05808	0.00000	-0.05860	-0.06994	0.05431	3.03359
21151	0.00000		-0.04690	-0.01862	0.04783	0.00000	0.05588	-0.01100	0.03471	2.00652
21171	0.00000		-0.05281	-0.00798	0.04229	0.00000	-0.03891	-0.02037	0.14876	0.00000
21191	0.00000		-0.06806	-0.00375	0.08050	1.35391	0.02829	-0.00730	0.06309	1.35391
21211	0.00000		-0.05237	0.00814	0.04454	2.01707	0.03841	-0.02184	0.03521	1.01120
21231	0.00000		-0.00930	-0.00993	0.14988	2.94431	-0.00651	-0.01020	0.04006	0.98018
21251	0.00000		-0.01784	-0.00360	0.02470	0.65893	0.01079	-0.05549	0.02692	0.00000
21271	0.00000		0.03511	0.00683	0.03882	0.65893	-0.00738	-0.03426	0.05628	-0.65780
21291	0.00000		-0.03991	-0.00146	0.04272	0.00000	0.06332	-0.05976	0.06956	0.00000
21311	0.00000		0.01071	0.01617	0.02127	0.00000	0.00845	-0.05267	0.04206	0.00000
21331	0.00000		0.00806	-0.00225	0.01438	0.00000	0.00086	-0.02753	0.01616	0.00000
21351	0.00000		0.00619	0.01713	0.02977	0.00000	-0.03066	-0.01610	0.03892	-0.98144
21371	0.00000		0.03933	0.00355	0.04174	0.00000	0.02523	-0.02877	0.01316	0.65865
21391	0.00000		0.00494	-0.01228	0.01126	1.31560	0.00492	-0.01110	0.02357	0.00000
21411	0.00000		-0.00185	-0.01106	0.02830	0.00000	0.00814	-0.04328	0.03943	0.00000
21431	0.00000		0.01155	0.00088	0.01665	0.00000	-0.03399	-0.01950	0.04571	0.00000
21451	0.00000		-0.00069	-0.01585	0.01451	0.65752	0.00233	-0.05808	0.04020	0.65667
21471	0.00000		-0.04158	-0.01781	0.04540	0.00000	0.01883	-0.03309	0.00707	0.00000
21491	0.00000		0.00702	0.02192	0.02374	-0.65978	0.01622	-0.03274	0.00362	0.00000
21511	0.00000		-0.00146	0.00028	0.03539	0.65752	-0.00212	-0.00663	0.09978	0.00000
21531	0.00000		-0.07109	-0.00471	0.07620	0.00000	-0.00077	-0.03242	0.02172	0.00000
21551	0.00000		-0.01694	-0.00562	0.02156	-0.65893	-0.00417	-0.00038	0.02814	-0.65865
21571	0.00000		0.02177	-0.01424	0.03209	0.00000	0.02368	-0.01951	0.06800	-0.65780
21591	0.00000		0.02349	0.00996	0.06757	0.98081	-0.05849	-0.12822	0.03643	0.98269
21611	0.00000		0.01834	-0.01715	0.02031	0.00000	-0.00100	-0.02753	0.05735	0.00000
21631	0.00000		0.00970	0.00062	0.08928	0.00000	-0.04304	-0.00790	0.05569	0.00000
21651	0.00000		0.00132	0.01975	0.02199	1.96162	0.04020	-0.05142	0.05807	0.00000
21671	0.00000		0.01010	-0.02002	0.06461	-0.65752	0.05196	-0.00320	0.01391	-0.65639
21691	0.00000		0.00050	-0.00612	0.01126	0.00000	0.00312	0.00960	0.07808	0.00000
21711	0.00000		0.14335	0.25310	0.02126	0.98081	-0.09905	-0.00319	0.11494	57.94167
21731	-50.00000		0.59419	0.38849	0.71593	-32.14607	-0.03592	0.98853	0.92959	-23.02965
21751	-50.00000		0.44028	0.50709	0.68219	-32.76473	-0.67367	0.60159	0.90290	-34.66058
21771	-50.00000		0.56204	0.44540	0.74266	-27.62160	0.90153	0.08142	0.91950	-39.45927
21791	-50.00000		0.52114	0.48378	0.70635	-29.47385	-0.76634	-0.43044	0.87781	-38.11548
21811	-50.00000		0.56358	0.43665	0.73571	-36.74606	-0.60028	-0.72673	0.93038	-30.06496
21831	-50.00000		0.33381	0.50205	0.62290	-40.42019	0.54299	0.65252	0.91428	-28.46836
21851	-50.00000		0.66461	0.51434	0.88142	-38.98812	-0.85556	-0.05510	0.93098	-31.48354
21871	-50.00000		0.64358	0.50965	0.86585	-32.20956	-0.99651	0.47817	0.94533	-36.87465
21891	-50.00000		0.50162	0.48029	0.82044	-34.80225	-0.70943	0.74677	1.03595	-33.50776
21911	-50.00000		0.42111	0.53118	0.72352	-39.91288	-0.40616	-0.84240	0.91527	-29.90852
21931	-50.00000		0.75190	0.66259	0.97653	-35.95257	0.98645	-0.14055	0.92263	-29.44823
21951	-50.00000		0.79395	0.53987	0.88576	-30.82714	0.80656	-0.59562	0.96614	-36.10940
21971	-50.00000		0.80926	0.50652	0.93205	-31.16744	-1.07309	-0.21339	1.17057	-40.67107
21991	-50.00000		0.66511	0.46471	0.85928	-41.44089	-1.04188	0.67529	1.26427	-37.23577
22011	-50.00000		0.30255	0.39984	0.46774	-43.55993	0.13316	-1.06576	1.05891	-31.77482
22031	-50.00000		0.70187	0.55672	0.91595	-39.17825	0.73795	0.78211	1.05608	-33.02112
22051	-50.00000		0.78069	0.59238	0.93058	-33.77937	0.61968	0.83873	1.02927	-36.73621
22071	-50.00000		0.49866	0.53779	0.73250	-39.15725	0.79776	0.64616	1.07638	-36.49997
22091	-50.00000		0.48639	0.59463	0.85960	-39.81791	-0.40250	0.92953	1.01581	-31.44620
22111	-50.00000		0.76905	0.62266	0.96263	-35.78967	-1.00527	-0.25517	1.08821	-31.75131
22131	-50.00000		0.87136	0.57209	1.02822	-31.64928	-0.94706	-0.44372	1.04792	-36.39497
22151	-50.00000		0.71827	0.57920	0.92117	-34.84797	-0.54241	0.91880	1.07928	-42.12765
22171	-50.00000		0.45443	0.59051	0.78144	-43.22011	-0.16839	1.08792	1.17145	-39.58661
22191	-50.00000		0.59613	0.45697	0.79298	-42.74045	-1.19302	0.12117	1.20642	-34.04395
22211	-50.00000		0.74294	0.54333	0.91772	-36.60258	-0.22308	-0.76741	0.90217	-49.41862
22231	-50.00000		0.79593	0.51883	0.93089	-35.91034	0.12020	-1.13960	1.18453	-38.40015
22251	-50.00000		0.54604	0.38961	0.69904	-40.84357	0.36205	-1.00014	1.11941	-37.10720
22271	-50.00000		0.70354	0.46334	0.88146	-38.73362	1.00660	-0.44141	1.17010	-35.42516
22291	-50.00000		0.74426	0.62154	0.94916	-34.47137	1.00014	0.49901	1.21366	-31.90254
22311	-50.00000		0.82884	0.50696	0.94979	-32.07165	0.21312	-0.32100	0.40880	-30.70700
22331	-50.00000		0.55355	0.49232	0.76642	-36.71230	0.97364	-0.12745	0.96425	-41.70041
22351	-50.00000		0.55614	0.47755	0.77846	-43.77130	0.90288	-0.38987	0.96459	-40.57630
22371	-50.00000		0.44637	0.52561	0.70464	-40.81329	0.78946	0.79128	1.22578	-33.77939
22391	-50.00000		0.86979	0.71888	1.16701	-35.25237	-0.61591	0.98771	1.16679	-31.36767
22411	-50.00000		0.62846	0.64940	0.90571	-37.59428	-0.94027	0.66325	1.14261	-34.22277
22431	-50.00000		0.44620	0.60545	0.79172	-40.70165	-1.24889	0.07922	1.30593	-36.69800
22451	-50.00000		0.76056	0.76370	1.09326	-37.51209	-0.97963	-0.49257	1.15751	-34.53106
22471	-50.00000		0.91539	0.69128	1.18407	-33.71375	-0.76655	-0.81644	1.11521	-30.35591
22491	-50.00000		0.80490	0.57650	0.96417	-32.79452	-0.76472	-0.76459	1.15804	-33.26063
22511	-50.00000		0.63784	0.38508	0.77799	-41.67686	-0.80868	-0.57092	0.97210	-40.33255
22531	-50.00000		0.35205	0.38418	0.52584	-42.77650	-0.52052	-0.96498	1.10815	-40.68121
22551	-50.00000		0.72535	0.64507	0.95735	-39.79194	0.12814	-1.18788	1.23848	-35.83604
22571	-50.00000		0.75570	0.72164	1.05324	-33.47581	0.74136	-0.79719	1.17205	-31.42599
22591	-50.00000		0.55183	0.45645	0.70618	-38.59919	1.10581	-0.07550	1.17104	-33.82307
22611	-50.00000		0.64898	0.41787	0.81476	-39.74034	0.85383	0.68052	1.11498	-38.46548
22631	-50.00000		0.70098	0.53964	0.90571	-36.58681	0.66181	0.95895	1.25141	-35.21058
22651	-50.00000		0.82292	0.66325	1.06161	-31.07126	0.51500	0.96518	1.10945	-31.08495
22671	-50.00000		0.79859	0.42562	0.91625	-36.03632	0.48078	0.93287	1.11408	-32.70108
22691	-50.00000		0.57189	0.33179	0.69604	-42.94344	-0.22358	0.97726	0.96631	-40.70754
22711	-50.00000		0.47047	0.43472	0.68046	-42.24730	-0.70135	0.89749	1.22195	-42.35849
22731	0.00000		0.21621	0.44208	0.52123	-35.90591	-0.67152	0.30198	0.74872	-31.97877
22751	0.00000		-0.03243	0.14051	0.14674	-16.16845	-0.18610	-0.02819	0.22533	-14.26959
22771	0.00000		-0.02236	0.02840	0.06513	-6.12504	-0.05254	-0.03086	0.07960	-3.40130
22791	0.00000		-0.00625	-0.00502	0.02872	3.02362	0.00006	-0.02640	0.01466	1.00721
22811	0.00000		0.02012	0.01973	0.01202	0.00000	0.01476	-0.01056	0.20871	0.00000
22831	0.00000		-0.03911	0.00780	0.03936	0.65865	0.09856	-0.02630	0.10184	1.31729
22851	0.00000		-0.04744	0.00417	0.04476	2.03581	0.03510	-0.01145	0.01885	1.01994
22871	0.00000		-0.04250	0.00131	0.03095	0.97891	-0.12741	-0.09270	0.11420	2.94431
22891	0.00000		-0.05018	0.00748	0.07836	0.00000	0.03419	-0.00844	0.00692	0.00000
22911	0.00000		-0.05497	0.01121	0.04363	2.74662	0.04872	-0.02500	0.04279	-0.68665
22931	0.00000		0.02479	-0.01704	0.05804	3.94341	-0.02745	-0.02701	0.04428	-0.98776
22951	0.00000		0.01551	0.00751	0.01492	2.00696	-0.02407	-0.07000	0.05652	0.67133
22971	0.00000		-0.00137	-0.02028	0.01351	-1.01120	0.00980	0.01892	0.03830	1.01253
22991	0.00000		-0.01705	0.12273	0.00958	0.70173	0.00254	-0.03475	0.04352	4.21039
23011	0.00000		-0.00967	-0.00375	0.03892	0.00000	0.03582	0.02159	0.01510	0.68604
23031	0.00000		0.06252	-0.00074	0.06025	0.00000	0.04169	-0.01332	0.05485	0.00000
23051	0.00000		0.00275	0.01294	0.19063	0.00000	0.01332	-0.00949	0.11211	0.98839
23071	0.00000		-0.00960	0.00383	0.05423	0.97026	0.05159	0.03185	0.01613	0.97272
23091	0.00000		-0.01318	0.02166	0.07905	0.00000	0.01902	0.01988	0.02387	0.00000
23111	0.00000		-0.00407	-0.01049	0.01455	0.65359	0.03719	0.03840	0.05133	0.00000
23131	0.00000		-0.00900	0.00509	0.00901	0.97392	0.02850	0.01146	0.05772	0.00000
23151	0.00000		-0.00987	-0.01803	0.02319	0.00000	-0.00942	0.14604	0.12489	3.95102
23171	0.00000		-0.00173	-0.00961	0.05820	0.00000	0.03646	-0.01092	0.03213	0.00000
23191	0.00000		-0.03770	0.00031	0.02866	0.98585	0.06173	-0.00376	0.04275	-0.98835
23211	0.00000		-0.04703	0.00267	0.18230	0.98967	0.05799	0.00395	0.08847	0.99031
23231	0.00000		-0.03225	0.00087	0.03228	0.00000	0.06466	0.00477	0.02595	1.36902
23251	0.00000		0.04275	0.07182	0.03462	0.00000	0.01946	0.02597	0.00624	0.00000
23271	0.00000		-0.05454	-0.00669	0.05514	0.67280	0.01136	-0.00723	0.06136	0.66928
23291	0.00000		-0.02187	-0.00677	0.02999	0.65527	-0.00751	0.04896	0.03981	0.00000
23311	0.00000		-0.01131	0.04076	0.05741	0.00000	0.01825	0.02857	0.00897	0.00000
23331	0.00000		-0.00073	0.03445	0.05779	0.00000	0.02670	0.02297	0.00452	0.00000
23351	0.00000		-0.02698	-0.01454	0.03777	0.00000	0.06208	0.00261	0.10933	0.00000
23371	0.00000		-0.06587	-0.01087	0.10093	0.97582	0.04342	0.02492	0.03147	0.00000
23391	0.00000		-0.00919	-0.01494	0.01794	0.65836	-0.00068	0.01541	0.01343	0.00000
23411	0.00000		-0.01487	-0.01909	0.02815	0.00000	0.04849	0.01058	0.08193	0.00000
23431	0.00000		-0.01406	-0.01561	0.02839	0.00000	0.02606	0.03262	0.02497	0.98081
23451	0.00000		-0.04493	0.01508	0.30855	0.00000	0.05533	0.01056	0.03881	0.00000
23471	0.00000		0.01236	-0.01100	0.02470	0.00000	0.02472	0.02232	0.04774	0.65893
23491	0.00000		-0.02387	-0.02666	0.05760	0.00000	0.04744	0.01550	0.01299	0.00000
23511	0.00000		-0.02333	-0.01178	0.05798	0.00000	0.02990	0.02080	0.00528	0.00000
23531	0.00000		-0.01360	-0.01027	0.02898	0.00000	0.00548	0.05893	0.06271	-0.65865
23551	0.00000		-0.03553	0.00477	0.02779	0.00000	0.02300	0.02684	0.01108	0.00000
23571	0.00000		0.12915	0.04918	0.03102	0.00000	0.06680	-0.03966	0.06474	-0.66782
23591	0.00000		-0.06672	0.02818	0.01974	0.00000	0.06970	-0.02860	0.05451	0.00000
23611	0.00000		-0.02708	-0.00523	0.02376	0.00000	0.01230	0.04104	0.02864	-1.00655
23631	0.00000		-0.09742	0.03969	0.03004	-0.67936	-0.01917	0.03393	0.01433	0.00000
23651	0.00000		-0.02724	-0.02320	0.04846	0.00000	0.02020	-0.00680	0.05058	0.00000
23671	0.00000		-0.02957	-0.01146	0.04282	0.00000	0.02042	-0.00611	0.05604	0.00000
23691	0.00000		-0.10933	-0.02965	0.02817	0.00000	0.00669	0.00037	0.02476	0.00000
23711	0.00000		-0.00920	-0.01510	0.01978	0.00000	0.02111	0.03014	0.02115	1.01387
23731	-50.00000		0.56047	0.36553	0.69328	-23.79290	-0.76071	0.34131	0.89194	-23.81343
23751	-50.00000		0.44283	0.45576	0.69203	-33.92250	-0.67213	-0.43150	0.82604	-29.19928
23771	-50.00000		0.44220	0.45791	0.67404	-39.73008	0.76311	-0.41914	0.83193	-31.42843
23791	-50.00000		0.48014	0.48615	0.67807	-34.47917	0.85478	-0.15970	0.83824	-36.50715
23811	-50.00000		0.62534	0.47599	0.80994	-27.24811	0.51715	-0.70684	0.90265	-29.88283
23831	-50.00000		0.66438	0.44113	0.84193	-26.25649	0.13664	-0.85549	0.90034	-28.42562
23851	-50.00000		0.47723	0.42812	0.55656	-41.61960	0.64513	-0.60245	0.90355	-29.94100
23871	-50.00000		0.34590	0.52873	0.66876	-42.22863	0.45388	0.69578	0.90766	-35.26403
23891	-50.00000		0.57165	0.46802	0.79375	-40.10411	0.37417	0.81880	0.88899	-42.52813
23911	-50.00000		0.63820	0.52510	0.85552	-34.17781	1.10163	0.20823	1.12312	-37.61074
23931	-50.00000		0.62552	0.51008	0.81123	-35.72012	1.18949	0.21474	1.27697	-35.68934
23951	-50.00000		0.44478	0.48669	0.68888	-39.60354	-0.29501	0.98399	0.96618	-30.98285
23971	-50.00000		0.58963	0.51890	0.84293	-36.29939	-0.90888	-0.07442	0.91559	-36.81008
23991	-50.00000		0.86919	0.57098	1.01864	-32.60966	-0.94179	0.17156	1.00875	-37.15514
24011	-50.00000		0.75342	0.49737	0.92641	-30.38902	-0.44338	0.88522	1.00107	-33.08834
24031	-50.00000		0.51705	0.39138	0.68556	-38.97105	-0.97845	0.31203	1.04357	-30.80023
24051	-50.00000		0.62845	0.63444	0.91171	-42.11995	0.46002	-0.91756	1.06346	-33.24426
24071	-50.00000		0.48575	0.59072	0.80577	-40.22678	0.95663	-0.10147	1.00118	-39.48730
24091	-50.00000		0.83609	0.50795	0.95336	-35.11924	0.29205	-0.92173	1.00273	-40.33313
24111	-50.00000		0.68241	0.67569	0.93509	-37.48645	0.13841	-1.05632	1.08078	-32.80712
24131	-50.00000		0.57556	0.73410	0.92845	-40.62850	0.95125	0.36100	1.09135	-31.81295
24151	-50.00000		0.76491	0.45493	0.90663	-34.11086	-0.20494	1.03039	1.08787	-33.77019
24171	-50.00000		0.89966	0.62069	1.13339	-31.97190	0.17711	1.07678	1.11155	-36.01530
24191	-50.00000		0.77408	0.55130	0.95160	-31.67709	1.10878	0.20587	1.17798	-35.79974
24211	-50.00000		0.63645	0.36187	0.76420	-41.10062	0.54376	0.94785	1.11837	-31.18395
24231	-50.00000		0.34275	0.33217	0.53292	-42.99641	-0.85757	-0.68574	1.08960	-32.63788
24251	-50.00000		0.71598	0.67895	0.96404	-38.76728	0.17181	-1.00255	1.08525	-40.70155
24271	-50.00000		0.84678	0.66260	1.06162	-35.15514	-0.91018	-0.57325	1.03066	-42.46087
24291	-50.00000		0.44447	0.48923	0.69742	-39.07363	-1.25468	-0.06850	1.31183	-36.89066
24311	-50.00000		0.52735	0.43687	0.73334	-40.59570	0.34964	-1.05481	1.10104	-30.45450
24331	-50.00000		0.79148	0.71286	1.07735	-33.74362	1.04409	-0.11038	1.07475	-34.29769
24351	-50.00000		0.86634	0.54764	1.00074	-31.07632	0.59277	-0.76428	0.98240	-38.48233
24371	-50.00000		0.69649	0.57705	0.90548	-35.85939	-0.35131	-1.10604	1.19937	-35.49066
24391	-50.00000		0.48205	0.63359	0.83618	-42.88775	0.87108	-0.72125	1.20158	-32.95671
24411	-50.00000		0.60204	0.51148	0.82974	-42.47343	-0.31320	1.04355	0.99187	-31.68966
24431	-50.00000		0.72577	0.59218	0.92891	-37.07206	-1.01503	0.21018	1.02584	-39.02491
24451	-50.00000		0.80889	0.57948	0.96984	-34.63828	-0.11599	1.09015	1.14210	-43.48927
24471	-50.00000		0.56461	0.27782	0.67091	-41.89005	0.32040	1.31553	1.40774	-35.09101
24491	-50.00000		0.72854	0.58425	0.92769	-38.84768	-1.13964	0.74642	1.40434	-29.98009
24511	-50.00000		0.77607	0.56782	0.93070	-34.44860	-1.02877	-0.49500	1.19911	-32.47952
24531	-50.00000		0.88011	0.52812	1.01016	-32.12524	-0.97770	0.37713	1.05035	-38.75050
24551	-50.00000		0.75527	0.54380	0.92541	-36.36302	-0.42745	0.94633	1.04766	-37.61064
24571	-50.00000		0.27342	0.44306	0.52223	-43.39596	-1.06797	-0.54287	1.21222	-32.83358
24591	-50.00000		0.67231	0.67544	0.93185	-40.77248	1.08104	-0.38512	1.18596	-30.62634
24611	-50.00000		0.75386	0.56671	0.93118	-35.00087	1.04456	0.28163	1.08633	-38.16539
24631	-50.00000		0.64518	0.47899	0.84481	-38.18206	0.82693	-0.67502	1.08967	-42.94611
24651	-50.00000		0.58282	0.37402	0.72158	-39.14239	0.89488	-0.89017	1.35431	-38.93689
24671	-50.00000		0.69540	0.41715	0.85289	-37.62711	1.22322	0.02012	1.25048	-31.85909
24691	-50.00000		0.82535	0.49953	0.95513	-31.58785	0.84515	0.83365	1.21744	-31.46628
24711	-50.00000		0.85510	0.64305	1.07781	-33.80120	0.99144	0.24067	1.02764	-38.17352
24731	0.00000		0.32832	0.38229	0.48571	-36.59394	0.58963	-0.00270	0.65762	-32.97787
24751	0.00000		-0.18282	0.06404	0.16953	-24.34881	-0.10769	0.11463	0.13724	-16.25415
24771	0.00000		-0.19130	-0.03697	0.13555	-3.90568	-0.02378	-0.02940	0.05257	-6.83072
24791	0.00000		-0.00331	0.05255	0.05773	7.85652	-0.02119	-0.04484	0.07808	0.99159
24811	0.00000		-0.02116	0.02560	0.04183	0.98395	-0.02801	-0.03908	0.01875	1.97170
24831	0.00000		-0.01808	-0.01296	0.02093	0.00000	-0.02344	-0.01446	0.04571	0.00000
24851	0.00000		-0.02882	0.04837	0.06025	2.92745	-0.09727	-0.00064	0.11471	0.00000
24871	0.00000		-0.06315	0.04065	0.05271	2.10712	-0.02283	0.00185	0.02979	2.10327
24891	0.00000		-0.02857	0.05126	0.05791	3.28476	-0.08502	0.03952	0.08518	1.31110
24911	0.00000		0.04641	0.03917	0.07160	3.29464	-0.03700	0.04889	0.05370	0.00000
24931	0.00000		-0.03376	0.00424	0.06452	0.00000	-0.00295	0.09822	0.07633	0.00000
24951	0.00000		-0.02783	0.10698	0.01308	0.68819	-0.03447	0.07881	0.05684	0.68696
24971	0.00000		0.01969	-0.11769	0.01103	0.00000	-0.00275	0.01360	0.02566	4.02621
24991	0.00000		-0.02172	0.00316	0.02554	0.66753	-0.02388	0.02628	0.01205	2.67012
25011	0.00000		-0.02593	-0.01207	0.02363	0.00000	0.01211	0.03935	0.02285	1.32870
25031	0.00000		-0.04553	0.00637	0.06426	0.66608	-0.01126	-0.10788	0.00459	0.00000
25051	0.00000		-0.01041	0.01394	0.21043	0.66550	0.00164	0.02531	0.02947	0.00000
25071	0.00000		-0.01955	0.01431	0.13291	0.66550	0.00678	0.02899	0.02491	0.00000
25091	0.00000		-0.02598	-0.01189	0.02696	0.98522	0.02004	0.01899	0.03372	0.00000
25111	0.00000		-0.03197	0.02143	0.03158	0.98712	0.00899	-0.01366	0.03433	0.00000
25131	0.00000		0.07520	-0.00868	0.08094	0.00000	-0.03195	-0.00944	0.01224	0.00000
25151	0.00000		-0.04176	-0.01315	0.12398	0.00000	0.00343	0.01273	0.02732	0.98903
25171	0.00000		-0.06093	-0.00235	0.05061	0.00000	-0.04699	-0.00912	0.01998	0.00000
25191	0.00000		-0.07411	-0.00203	0.08179	0.66464	0.00085	-0.01167	0.01409	0.66406
25211	0.00000		-0.05893	-0.01057	0.05958	0.00000	0.01845	0.01042	0.02124	0.66550
25231	0.00000		-0.06212	0.00328	0.08564	0.00000	-0.01211	0.00478	0.02820	0.67517
25251	0.00000		-0.04288	-0.01042	0.02206	0.68635	0.03051	0.01075	0.03279	0.00000
25271	0.00000		-0.06133	-0.00623	0.06310	-1.00195	-0.03391	0.01919	0.02285	0.00000
25291	0.00000		-0.08593	0.01323	0.05812	0.00000	0.02418	0.00268	0.01391	0.67845
25311	0.00000		-0.07262	-0.00656	0.06383	0.67636	0.02573	0.00300	0.01298	0.00000
25331	0.00000		-0.04261	-0.02411	0.03938	-1.01120	0.04916	-0.05018	0.02075	0.00000
25351	0.00000		-0.03580	-0.00193	0.04340	0.00000	-0.03269	-0.01087	0.02537	-0.67905
25371	0.00000		-0.06919	-0.00886	0.05817	1.00920	0.01195	-0.00806	0.00618	0.00000
25391	0.00000		0.16131	-0.11497	0.04229	0.00000	-0.02876	-0.00287	0.01745	0.67996
25411	0.00000		-0.05996	-0.00604	0.06837	0.67845	0.00171	-0.01628	0.02806	0.00000
25431	0.00000		-0.02398	0.01297	0.00450	1.40346	0.02944	-0.00940	0.01644	0.70013
25451	0.00000		-0.00905	-0.01697	0.08693	0.70173	0.00601	0.01011	0.03754	0.00000
25471	0.00000		-0.02448	-0.01195	0.02199	0.67875	-0.01159	0.03682	0.05173	0.67726
25491	0.00000		0.01457	0.01746	0.03228	1.01053	-0.01904	-0.01492	0.02806	0.00000
25511	0.00000		0.01958	-0.00291	0.01476	0.00000	0.13524	-0.10693	0.16417	-78.16031
25531	0.00000		0.00019	0.00049	0.00706	0.00000	0.03733	-0.03599	0.04313	-3.99475
25551	0.00000		0.02585	-0.00412	0.02647	-1.01588	0.00103	-0.00688	0.04547	0.00000
25571	0.00000		-0.00356	-0.03110	0.03293	0.00000	-0.00858	-0.01042	0.04279	-1.02130
25591	0.00000		0.01977	0.03630	0.02339	-0.68573	0.01142	0.00281	0.02806	0.00000
25611	0.00000		0.01796	-0.06911	0.02838	0.00000	0.00089	-0.00325	0.01987	-0.68635
25631	0.00000		0.03289	0.00572	0.05151	-1.01858	0.01065	-0.05234	0.03433	0.00000
25651	0.00000		0.01249	0.01157	0.01858	0.00000	0.02355	-0.04248	0.03593	0.00000
25671	0.00000		0.08250	-0.04892	0.02969	0.00000	0.02657	-0.03197	0.00530	0.68665
25691	0.00000		0.01138	-0.01750	0.05763	0.00000	0.01528	0.01028	0.01704	0.00000
25711	0.00000		0.00854	-0.01705	0.01959	-0.68604	0.04378	-0.03588	0.01755	0.68512
25731	-50.00000		0.32850	0.36141	0.48640	-35.25628	0.56954	-0.54675	0.77544	-26.07888
25751	-50.00000		0.57134	0.51164	0.80602	-39.23055	-0.31845	0.75829	0.68799	-27.98746
25771	-50.00000		0.57412	0.48976	0.76600	-32.66686	-0.76069	-0.06995	0.84983	-30.73423
25791	-50.00000		0.54130	0.45237	0.73094	-31.27856	-0.74327	0.32901	0.79391	-37.86787
25811	-50.00000		0.39808	0.49251	0.71169	-38.97421	0.08171	0.94589	0.93209	-42.19197
25831	-50.00000		0.55863	0.58730	0.76163	-37.94984	-0.10169	0.87959	0.90890	-34.93127
25851	-50.00000		0.55537	0.53048	0.80097	-31.52699	-0.76089	0.42315	0.90716	-27.60377
25871	-50.00000		0.64162	0.50151	0.88202	-28.73745	-0.81298	0.35779	0.90010	-29.49963
25891	-50.00000		0.63434	0.55363	0.86029	-33.71396	-0.34528	0.86171	0.94771	-39.35818
25911	-50.00000		0.43785	0.38412	0.57647	-41.35246	-0.68467	0.49150	0.92631	-34.72799
25931	-50.00000		0.43230	0.57440	0.75198	-41.51241	-0.11676	-1.01151	0.99254	-31.89573
25951	-50.00000		0.65344	0.68684	0.92607	-35.65097	0.99078	0.22718	0.95482	-30.07798
25971	-50.00000		0.59743	0.54251	0.86078	-33.99958	0.57501	0.71818	0.92705	-33.94056
25991	-50.00000		0.54856	0.40333	0.68477	-40.98669	0.60228	0.76164	0.92853	-41.31487
26011	-50.00000		0.73176	0.46823	0.89222	-37.08535	0.88320	0.59071	1.08326	-38.70603
26031	-50.00000		0.68080	0.59765	0.91526	-33.11712	0.72289	0.67298	0.99902	-34.50129
26051	-50.00000		0.76864	0.57289	0.94457	-30.81357	0.79474	0.65589	1.06510	-30.81359
26071	-50.00000		0.71740	0.52868	0.90678	-37.24898	0.60209	0.85283	1.09797	-33.71375
26091	-50.00000		0.55784	0.63543	0.86892	-41.35070	-1.65570	0.58364	1.80428	8.75025
26111	-50.00000		0.52769	0.39858	0.69075	-41.29952	-0.88979	-0.70466	1.13464	-35.35403
26131	-50.00000		0.69099	0.61603	0.92775	-35.33163	0.26066	-1.06604	1.19127	-34.13190
26151	-50.00000		0.70160	0.57808	0.85586	-36.07009	0.96665	-0.50232	1.15230	-29.99955
26171	-50.00000		0.49269	0.54062	0.77482	-40.78659	0.76304	0.53236	0.95638	-38.92335
26191	-50.00000		0.61750	0.71182	0.92744	-38.57216	1.01601	-0.04825	1.01749	-39.05038
26211	-50.00000		0.90475	0.49182	1.10904	-32.47050	0.56886	-1.01312	1.22020	-36.49989
26231	-50.00000		0.84458	0.48791	0.95492	-31.66937	0.23068	-1.11239	1.19329	-29.05647
26251	-50.00000		0.63507	0.66818	0.92472	-40.63085	0.90748	-0.25022	0.99084	-32.85186
26271	-50.00000		0.37306	0.37280	0.53821	-43.48399	0.35645	1.05350	1.08182	-35.87492
26291	-50.00000		0.73658	0.73254	1.04111	-38.16534	-0.56879	0.90867	1.04368	-37.54488
26311	-50.00000		0.72807	0.60997	0.93070	-34.84797	-1.03869	0.58680	1.26737	-31.40126
26331	-50.00000		0.50584	0.46264	0.71464	-38.44907	-1.04072	-0.41386	1.12387	-31.31931
26351	-50.00000		0.56054	0.36338	0.69825	-41.73194	0.12284	-0.18161	0.05206	-37.03641
26371	-50.00000		0.69076	0.48526	0.89097	-35.01634	0.63750	-0.73057	1.00281	-43.02139
26391	-50.00000		0.84732	0.60235	1.02601	-32.13937	-0.85843	-0.60218	1.11115	-37.62722
26411	-50.00000		0.80053	0.52077	0.93159	-34.29768	-1.15130	0.28800	1.20976	-33.44920
26431	-50.00000		0.48130	0.27027	0.57311	-42.33063	-0.17293	-1.11327	1.18894	-30.07805
26451	-50.00000		0.39027	0.39369	0.58198	-42.92242	1.17199	0.22358	1.23933	-37.60738
26471	-50.00000		0.72123	0.40530	0.86302	-37.21964	0.71162	0.72767	1.03571	-37.93348
26491	-50.00000		0.80337	0.61863	0.99669	-34.68303	0.84047	0.79743	1.15531	-33.84492
26511	-50.00000		0.52653	0.42640	0.67830	-39.38345	-0.31194	1.06404	1.20529	-32.68012
26531	-50.00000		0.65676	0.43423	0.82962	-39.07573	-0.98654	-0.48606	1.12360	-34.79536
26551	-50.00000		0.73156	0.69031	0.97829	-34.86330	-0.95879	-0.08570	0.98184	-41.51233
26571	-50.00000		0.84679	0.52555	0.97324	-30.58105	0.24269	1.14534	1.26292	-39.45935
26591	-50.00000		0.65118	0.48097	0.84352	-35.02234	0.88884	0.63758	1.09745	-34.20025
26611	-50.00000		0.52696	0.69408	0.89036	-43.54086	-1.07038	0.45837	1.24411	-30.28922
26631	-50.00000		0.48666	0.36310	0.64524	-41.80520	-0.25096	-1.14329	1.20177	-36.97139
26651	-50.00000		0.67561	0.67336	0.92962	-36.06224	0.00240	-1.06415	1.03927	-38.14864
26671	-50.00000		0.64542	0.54270	0.89099	-35.21722	-0.58369	-0.98732	1.17905	-33.75848
26691	-50.00000		0.45870	0.64936	0.80215	-41.98967	0.84286	-0.79610	1.15077	-32.85175
26711	-50.00000		0.57664	0.67790	0.90103	-38.64949	0.86637	0.66971	1.05753	-35.44070
26731	0.00000		0.34213	0.43105	0.50702	-31.95802	0.27705	0.40573	0.50164	-35.22573
26751	0.00000		0.06720	0.21038	0.37662	-17.87167	0.05130	-0.00414	0.08706	-21.78675
26771	0.00000		-0.00771	0.08407	0.11336	-10.07875	-0.00396	0.07580	0.06326	-1.98446
26791	0.00000		0.03315	-0.02820	0.02673	-0.68026	-0.13079	-0.03975	0.04433	6.14413
26811	0.00000		-0.04210	-0.04060	0.04492	2.66548	-0.00322	-0.02514	0.00281	1.33856
26831	0.00000		-0.06321	-0.02089	0.05918	2.03177	-0.01003	-0.02964	0.00142	1.01723
26851	0.00000		0.06907	-0.03383	0.04032	0.00000	-0.04255	-0.00382	0.01563	3.91323
26871	0.00000		-0.05540	-0.04844	0.06711	1.95039	0.01622	0.01950	0.02149	0.97706
26891	0.00000		-0.03616	-0.02697	0.06573	2.08990	0.03079	-0.00148	0.08117	3.49586
26911	0.00000		-0.00584	-0.01020	0.01023	2.99022	0.03176	-0.01682	0.05469	-1.00392
26931	0.00000		-0.03920	-0.07351	0.03592	1.34797	0.03412	-0.05109	0.05612	0.00000
26951	0.00000		-0.01899	-0.02819	0.19065	3.30458	-0.00901	-0.05421	0.02689	0.00000
26971	0.00000		-0.02901	0.00520	0.02813	0.00000	0.02878	0.01833	0.05204	-0.66637
26991	0.00000		-0.02782	-0.00826	0.03587	0.00000	-0.01779	-0.03807	0.01997	1.01387
27011	0.00000		-0.01616	0.00624	0.02241	0.00000	-0.02791	-0.04039	0.02547	0.00000
27031	0.00000		-0.04106	0.00556	0.04922	0.65808	-0.02079	0.08136	0.11025	0.65667
27051	0.00000		-0.00459	0.01708	0.01868	0.00000	-0.03925	0.00327	0.02285	0.00000
27071	0.00000		-0.00985	0.00840	0.01982	0.66608	-0.03586	0.00756	0.02681	0.00000
27091	0.00000		-0.00431	0.01715	0.02280	-0.66637	-0.07024	-0.00290	0.08238	-0.66608
27111	0.00000		-0.06636	-0.00447	0.05747	0.00000	-0.04965	-0.03031	0.03050	0.00000
27131	0.00000		-0.19089	0.00849	0.02620	0.67576	-0.02208	0.04609	0.19473	0.67606
27151	0.00000		-0.04353	0.01965	0.04906	1.00589	-0.03036	0.00672	0.05735	0.00000
27171	0.00000		-0.01386	0.00393	0.01449	0.98903	-0.06779	-0.00800	0.05924	0.98967
27191	0.00000		-0.04657	0.01029	0.05716	-0.98888	-0.05670	-0.00238	0.03749	0.00000
27211	0.00000		-0.02863	0.02492	0.03518	0.00000	-0.05856	0.04189	0.09069	0.00000
27231	0.00000		0.00681	0.01632	0.01017	0.00000	-0.23070	-0.05011	0.09338	0.00000
27251	0.00000		-0.00244	0.00541	0.04804	1.00326	-0.10611	0.02747	0.07615	0.00000
27271	0.00000		-0.00716	0.00849	0.01126	-0.67576	-0.06886	0.03328	0.09902	0.00000
27291	0.00000		-0.07379	0.00290	0.08723	0.00000	-0.00872	-0.03064	0.02400	-0.67388
27311	0.00000		-0.05246	0.01717	0.04359	0.00000	-0.00206	-0.00203	0.07583	1.01858
27331	0.00000		-0.02024	0.00403	0.04205	0.00000	-0.09912	0.03274	0.10071	0.00000
27351	0.00000		-0.01137	-0.00109	0.02887	1.35212	-0.05777	0.03326	0.11015	0.67606
27371	0.00000		-0.03637	0.01023	0.01141	0.00000	-0.08972	0.03459	0.04518	0.00000
27391	0.00000		-0.04426	0.02678	0.03688	-0.67875	-0.06463	0.00916	0.03616	0.00000
27411	0.00000		-0.03751	0.00286	0.03326	1.01053	-0.07250	0.03168	0.05023	0.00000
27431	0.00000		-0.01134	0.00952	0.01387	-1.01253	-0.04025	0.03309	0.05023	1.01320
27451	0.00000		0.10171	-0.13868	0.02216	0.68026	-0.04513	0.02229	0.08756	0.00000
27471	0.00000		-0.04285	0.01789	0.02642	0.00000	-0.00649	-0.01800	0.11847	0.00000
27491	0.00000		-0.02129	0.01940	0.01141	0.00000	-0.04109	0.02749	0.11074	0.00000
27511	0.00000		-0.02810	0.00711	0.20709	-0.67996	-0.02945	0.01767	0.08151	0.00000
27531	0.00000		-0.07237	0.02675	0.02921	0.00000	-0.05136	0.04803	0.09003	0.00000
27551	0.00000		-0.01660	0.01727	0.02682	0.67875	-0.01721	0.00523	0.09204	0.00000
27571	0.00000		-0.06506	0.03132	0.05697	0.67547	-0.09952	0.05371	0.09071	0.67192
27591	0.00000		-0.00974	0.02582	0.02894	0.65752	-0.03835	0.02992	0.20708	0.00000
27611	0.00000		-0.02275	0.02651	0.02206	0.00000	-0.08497	0.06466	0.10369	-0.98144
27631	0.00000		-0.00837	0.01509	0.02600	0.00000	0.00966	-0.04575	0.09876	0.00000
27651	0.00000		-0.02422	0.00153	0.03698	0.00000	-0.07231	0.01469	0.04026	0.00000
27671	0.00000		-0.04646	0.00543	0.06056	0.00000	-0.08315	0.03945	0.08010	0.67905
27691	0.00000		-0.07184	0.01018	0.03081	0.65667	-0.02165	0.03349	0.19313	0.65752
27711	0.00000		-0.07023	0.11557	0.01185	0.98081	0.02891	0.03031	0.09843	0.00000
27731	-50.00000		0.76943	0.35669	0.86436	-22.86562	0.60529	-0.48389	0.84975	-31.10099
27751	-50.00000		0.48978	0.42625	0.67737	-33.93331	0.15747	-0.87417	0.89682	-33.73569
27771	-50.00000		0.32310	0.38014	0.50994	-41.08874	0.83176	0.43646	0.88192	-27.60377
27791	-50.00000		0.43389	0.41329	0.62734	-35.81273	-0.79062	0.23071	0.82520	-28.70029
27811	-50.00000		0.64261	0.55042	0.88154	-36.63437	-0.06736	-0.87597	0.91224	-33.92595
27831	-50.00000		0.56954	0.49969	0.77591	-31.56617	-0.44868	-0.77021	0.91012	-36.15679
27851	-50.00000		0.40512	0.47592	0.65921	-39.66023	-0.36190	-0.78921	0.90733	-33.77334
27871	-50.00000		0.46356	0.57345	0.77975	-39.33295	0.86171	0.18514	0.89757	-28.70381
27891	-50.00000		0.77446	0.61081	0.97588	-33.94067	-0.11732	0.87257	0.91078	-30.45450
27911	-50.00000		0.69800	0.52911	0.90454	-29.53845	0.66306	0.74525	0.98176	-36.31520
27931	-50.00000		0.55511	0.49110	0.77248	-35.47163	0.35071	-1.06965	1.17760	-39.76484
27951	-50.00000		0.62266	0.61352	0.90177	-41.31252	0.37981	-1.06902	1.16240	-34.41839
27971	-50.00000		0.46443	0.35390	0.63261	-41.43224	0.20218	0.84275	0.95065	-28.84919
27991	-50.00000		0.69676	0.52157	0.90002	-35.76638	-0.94344	0.08728	0.96251	-31.95793
28011	-50.00000		0.66484	0.49884	0.87545	-35.22921	-0.87461	0.25389	0.92599	-38.04893
28031	-50.00000		0.63266	0.59668	0.89911	-40.91958	-1.05927	0.02127	1.10490	-36.18806
28051	-50.00000		0.75268	0.77207	1.08824	-37.60707	-0.27482	-1.04375	1.08767	-31.83367
28071	-50.00000		0.73350	0.59921	0.92635	-33.58340	0.87465	-0.73736	1.11917	-31.04001
28091	-50.00000		0.86837	0.53675	1.00980	-32.08319	0.91842	-0.49233	1.06613	-35.90587
28111	-50.00000		0.72985	0.44484	0.89275	-37.82702	0.18435	-1.02068	1.03152	-43.31000
28131	-50.00000		0.36426	0.60112	0.72796	-43.32164	0.30643	-1.01288	1.12540	-38.49762
28151	-50.00000		0.68219	0.75854	1.02173	-38.29913	1.17269	0.05671	1.25162	-33.33290
28171	-50.00000		0.73084	0.57376	0.92935	-35.67397	0.29492	1.05707	1.13411	-29.43531
28191	-50.00000		0.65892	0.48916	0.85660	-36.53946	-0.16633	1.07601	1.13818	-35.86291
28211	-50.00000		0.61479	0.37427	0.76526	-39.12518	-0.65596	0.78343	0.99140	-38.19884
28231	-50.00000		0.75772	0.46731	0.90804	-37.25202	-1.15096	0.06031	1.03797	-33.99967
28251	-50.00000		0.83509	0.49493	0.94431	-32.48283	-0.82998	-0.62691	1.04633	-31.03609
28271	-50.00000		0.80213	0.60210	0.96248	-33.07418	-0.81589	-0.62847	1.04696	-34.50129
28291	-50.00000		0.50362	0.31945	0.62137	-41.04731	-0.81645	-0.59138	1.05274	-38.66619
28311	-50.00000		0.31784	0.50445	0.61063	-43.35160	-0.48882	-0.98998	1.16420	-41.38679
28331	-50.00000		0.67942	0.47970	0.87077	-37.00393	0.03043	-1.09491	1.10286	-34.95486
28351	-50.00000		0.83381	0.57553	1.01074	-35.01624	0.86478	-0.82129	1.26960	-30.10430
28371	-50.00000		0.47587	0.39696	0.65952	-41.23958	1.07527	0.30270	1.15531	-34.97029
28391	-50.00000		0.67224	0.39472	0.83331	-40.29733	0.53675	0.63561	1.10346	-38.61594
28411	-50.00000		0.69638	0.57336	0.91307	-33.63982	0.42775	1.09586	1.21968	-33.64003
28431	-50.00000		0.98681	0.65646	1.22895	-30.32923	0.52948	1.01454	1.09907	-29.62921
28451	-50.00000		0.71119	0.46569	0.81849	-36.23577	0.26590	1.06132	1.11323	-33.36190
28471	-50.00000		0.59761	0.40869	0.75950	-42.96491	-0.44532	0.84271	0.92937	-39.72998
28491	-50.00000		0.37950	0.43733	0.60161	-41.67344	-0.90394	0.81372	1.27924	-41.89029
28511	-50.00000		0.67968	0.70644	0.95280	-36.42957	-0.62977	0.81386	1.06410	-35.85932
28531	-50.00000		0.83891	0.71653	1.11989	-33.06425	-0.89656	0.79287	1.24541	-29.05647
28551	-50.00000		0.67123	0.69004	0.93167	-41.65543	-0.90508	-0.59829	1.14190	-35.87472
28571	-50.00000		0.72842	0.73294	1.04051	-38.76717	-0.48497	-0.95680	1.06027	-36.58660
28591	-50.00000		0.74928	0.63321	0.94803	-34.39705	-0.82616	-0.89902	1.27474	-35.14968
28611	-50.00000		0.82150	0.46615	0.92965	-32.20956	-1.02442	-0.58677	1.21501	-32.85175
28631	-50.00000		0.68468	0.34818	0.81734	-37.96653	-0.45884	-1.01780	1.09568	-32.63788
28651	-50.00000		0.39783	0.62722	0.77022	-44.28818	0.69943	-0.64222	0.90637	-40.66617
28671	-50.00000		0.58448	0.36284	0.72789	-41.56851	1.01424	-0.74548	1.31098	-38.24890
28691	-50.00000		0.72427	0.62279	0.83606	-36.23579	0.60216	-0.96272	1.16636	-35.97604
28711	-50.00000		0.57318	0.58225	0.83342	-38.02431	0.87113	-0.75637	1.09984	-31.08067
28731	0.00000		0.23066	0.34648	0.38177	-37.82614	0.00341	0.64007	0.67895	-28.19571
28751	0.00000		0.04890	0.15469	0.14498	-21.97114	-0.15290	0.05716	0.20667	-21.94236
28771	0.00000		-0.08203	-0.00099	0.08080	-0.65865	0.03918	0.01310	0.01141	-9.22500
28791	0.00000		0.02726	0.01586	0.04046	5.92242	-0.01431	-0.00555	0.01988	2.96518
28811	0.00000		-0.02000	-0.10082	0.02991	3.90327	-0.00562	-0.02246	0.03603	5.85491
28831	0.00000		-0.00267	0.01734	0.06313	0.00000	-0.00397	-0.03753	0.01205	-0.66464
28851	0.00000		-0.06830	-0.00312	0.07119	0.98839	-0.00113	-0.04648	0.01815	0.98903
28871	0.00000		-0.10663	0.01371	0.10341	0.00000	-0.02460	0.01900	0.06389	0.00000
28891	0.00000		-0.03452	0.00836	0.05890	2.64594	-0.05092	0.01075	0.02681	1.33274
28911	0.00000		-0.03587	0.02108	0.05570	1.94668	-0.05929	0.06334	0.06679	0.97334
28931	0.00000		0.02245	0.01042	0.04995	4.00780	0.00521	0.04564	0.17747	0.00000
28951	0.00000		-0.01209	0.00056	0.00684	2.74416	0.04377	0.07690	0.05854	0.00000
28971	0.00000		0.02185	0.01693	0.02643	-0.66521	0.06562	0.07787	0.09085	0.00000
28991	0.00000		0.01401	0.00451	0.02856	0.00000	0.04742	0.04336	0.09644	0.00000
29011	0.00000		-0.01062	0.01656	0.01069	1.30775	0.09197	0.05848	0.13463	0.65415
29031	0.00000		0.00841	-0.00821	0.01454	1.94916	0.06437	0.02337	0.09812	2.93867
29051	0.00000		0.01864	0.02982	0.01942	0.65471	0.03026	0.06908	0.03943	1.30719
29071	0.00000		-0.02594	-0.01717	0.02837	0.65808	0.03118	0.03585	0.09035	0.00000
29091	0.00000		-0.03159	0.00040	0.05878	0.66550	0.03994	0.06912	0.03333	0.00000
29111	0.00000		-0.07146	0.00915	0.06768	0.98712	0.02200	0.06320	0.02761	0.98712
29131	0.00000		-0.02867	-0.01189	0.01734	0.00000	0.02518	0.03223	0.04649	0.00000
29151	0.00000		-0.04296	-0.01539	0.04357	-0.66521	0.03197	0.06152	0.03663	1.32870
29171	0.00000		-0.00672	0.00265	0.01647	0.00000	0.03187	0.02008	0.08236	3.95357
29191	0.00000		-0.00156	-0.00126	0.00716	0.00000	-0.01705	-0.00502	0.11565	1.32813
29211	0.00000		-0.02920	-0.01477	0.02319	0.00000	0.04790	0.01493	0.03498	0.00000
29231	0.00000		0.03310	-0.01616	0.04533	0.98649	0.00708	0.00410	0.20160	0.00000
29251	0.00000		0.16235	-0.07324	0.04203	0.98081	0.00732	-0.01134	0.04471	0.98269
29271	0.00000		-0.05096	-0.00983	0.05200	0.00000	0.01012	-0.00888	0.05719	-0.65752
29291	0.00000		-0.06506	-0.00507	0.05796	0.00000	0.00432	0.01178	0.05277	0.00000
29311	0.00000		-0.04687	0.00160	0.05147	-0.98206	0.00412	0.01186	0.02508	0.00000
29331	0.00000		-0.06087	-0.02168	0.04524	0.00000	0.05009	0.01551	0.03229	0.00000
29351	0.00000		-0.03362	-0.00611	0.01837	-0.97706	0.00789	0.01216	0.04799	0.00000
29371	0.00000		-0.04797	0.00522	0.09638	0.00000	-0.00064	0.04910	0.03818	-0.65695
29391	0.00000		-0.02267	-0.00771	0.04340	0.65836	0.04998	0.00381	0.02547	-0.65723
29411	0.00000		-0.04177	-0.01085	0.04796	0.00000	0.01988	-0.00886	0.05818	0.97956
29431	0.00000		-0.03576	-0.00125	0.02637	-0.65921	0.02172	0.02104	0.00958	0.00000
29451	0.00000		-0.05325	-0.00955	0.03205	0.00000	0.03398	-0.00039	0.07140	0.00000
29471	0.00000		-0.07632	-0.03108	0.02228	0.00000	-0.01874	0.02381	0.21578	0.00000
29491	0.00000		-0.03331	-0.02944	0.03347	0.00000	0.05463	0.01046	0.02893	-0.65583
29511	0.00000		-0.02561	-0.00867	0.11593	0.00000	0.03590	0.02139	0.01049	0.00000
29531	0.00000		-0.05833	-0.00132	0.05782	0.97458	-0.00173	0.00786	0.04799	-0.98081
29551	0.00000		-0.02696	-0.01488