--- Terminal on /dev/ttyUSB0 | 115200 8-N-1
--- Available filters and text transformations: colorize, debug, default, direct, esp32_exception_decoder, hexlify, log2file, nocontrol, printable, send_on_enter, time
--- More details at https://bit.ly/pio-monitor-filters
--- Quit: Ctrl+C | Menu: Ctrl+T | Help: Ctrl+T followed by Ctrl+H
MOT: Init
MOT: Enable driver.
MOT: Align sensor.
MOT: sensor_direction==CCW
MOT: PP check: OK!
MOT: Zero elec. angle: 0.40
MOT: Align current sense.
CS: Inv B
MOT: Success: 3
MOT: Ready.
0	0.00000		-0.03935	-0.01108	0.06868	-0.04503
8377	0.00000		0.02688	-0.05037	0.02512	0.61212
8397	0.00000		0.00668	-0.05112	0.03342	0.30576
8417	0.00000		0.02326	-0.01808	0.05536	0.00000
8437	0.00000		0.00899	0.03581	0.03241	0.00000
8457	0.00000		0.01178	-0.01213	0.04931	-0.30588
8477	0.00000		-0.01843	0.00278	0.04444	0.30551
8497	0.00000		0.01361	-0.01872	0.01536	-0.30618
8517	0.00000		0.01067	0.00121	0.05885	0.00000
8537	0.00000		0.05701	-0.04109	0.01308	0.00000
8557	0.00000		-0.01535	-0.01214	0.02475	0.61212
8577	0.00000		0.02197	-0.01467	0.04872	0.00000
8597	0.00000		0.00189	0.04036	0.04038	0.00000
8617	0.00000		-0.01278	-0.00503	0.03891	-0.30600
8637	0.00000		0.00162	-0.00356	0.03707	0.00000
8657	0.00000		0.02096	-0.01286	0.05238	0.00000
8677	0.00000		-0.08580	0.00152	0.01219	0.00000
8697	0.00000		-0.00457	-0.01496	0.01109	-0.30582
8717	0.00000		0.02123	-0.01470	0.03891	0.00000
8737	0.00000		-0.13120	0.04055	0.04624	0.30631
8757	0.00000		-0.00149	0.05997	0.03137	-0.30594
8777	0.00000		0.05124	-0.04667	0.00677	0.00000
8797	0.00000		-0.02349	0.00189	0.04235	0.61103
8817	0.00000		0.01822	-0.04943	0.11743	-0.30594
8837	0.00000		0.01632	0.06947	0.03242	0.00000
8857	0.00000		0.00328	-0.00429	0.03224	-0.30600
8877	0.00000		0.00298	-0.00450	0.03478	0.61176
8897	0.00000		0.03122	-0.03573	0.01254	-0.30588
8917	0.00000		0.01270	-0.02326	0.03534	0.30570
8937	0.00000		0.01513	-0.04341	0.04113	-0.30606
8957	0.00000		0.17909	-0.09053	0.01098	-0.30576
8977	0.00000		0.02423	-0.02099	0.04671	0.30564
8997	0.00000		0.01397	-0.13241	0.02614	0.00000
9017	0.00000		-0.09548	0.03468	0.04811	0.00000
9037	0.00000		0.00996	-0.04869	0.04076	0.00000
9057	0.00000		0.01182	-0.02182	0.05128	0.00000
9077	0.00000		0.00990	0.01722	0.02998	0.00000
9097	0.00000		0.00427	0.00039	0.04764	-0.30588
9117	0.00000		0.01164	-0.02988	0.00728	0.61212
9137	0.00000		0.03055	-0.01613	0.04906	0.00000
9157	0.00000		0.21647	-0.11461	0.00730	0.30618
9177	0.00000		0.01854	0.06821	0.02512	0.30570
9197	0.00000		-0.01515	-0.00045	0.04872	0.00000
9217	0.00000		0.01714	-0.01822	0.04475	0.00000
9237	0.00000		0.01746	-0.04154	0.02998	0.00000
9257	0.00000		0.01229	-0.04805	0.02960	0.30576
9277	0.00000		-0.00358	-0.00307	0.03118	0.00000
9297	0.00000		0.03495	-0.02384	0.05641	-0.30631
9317	0.00000		0.02589	-0.04535	0.08277	0.00000
9337	0.00000		0.01080	0.04461	0.02566	0.30618
9357	0.00000		-0.04426	0.02594	0.04936	-0.61151
9377	0.00000		0.02052	0.07809	0.03612	0.30612
9397	0.00000		-0.04998	0.02080	0.05019	0.00000
9417	0.00000		0.01116	-0.02778	0.01158	-0.30606
9437	0.00000		0.01151	-0.02387	0.01110	0.30551
9457	0.00000		0.00805	-0.01082	0.03491	0.00000
9477	0.00000		0.00050	-0.03260	0.00295	0.30582
9497	0.00000		0.00705	-0.03631	0.03343	-0.61225
9517	0.00000		0.03631	-0.01188	0.05382	-0.61162
9537	0.00000		0.02835	-0.04973	0.02391	0.00000
9557	0.00000		-0.02648	-0.00011	0.00958	0.00000
9577	0.00000		0.01128	-0.05050	0.03934	0.30588
9597	0.00000		0.02461	-0.02315	0.05077	-0.30600
9617	0.00000		0.02802	-0.01313	0.05496	-0.61261
9637	0.00000		0.05868	-0.04739	0.04147	0.30637
9657	0.00000		-0.01605	-0.04719	0.14688	-1.83673
9677	0.00000		0.03349	-0.00088	0.05815	0.00000
9697	0.00000		0.01012	-0.00519	0.08039	0.30631
9717	0.00000		0.04224	-0.04916	0.12150	0.00000
9737	0.00000		0.02374	-0.04325	0.00113	0.00000
9757	0.00000		0.03063	-0.01984	0.05913	0.00000
9777	0.00000		0.00896	-0.04917	0.04005	0.00000
9797	0.00000		0.04434	-0.05215	0.01357	-0.30588
9817	0.00000		0.03172	-0.01379	0.05805	0.00000
9837	0.00000		0.03573	-0.02524	0.02565	-0.30557
9857	0.00000		0.03330	-0.04473	0.08330	0.00000
9877	0.00000		0.01561	-0.03258	0.01161	0.33103
9897	0.00000		0.01826	-0.04711	0.00729	0.00000
9917	0.00000		0.03031	-0.01132	0.05654	0.00000
9937	0.00000		0.03480	0.02054	0.02479	0.00000
9957	0.00000		0.04237	-0.02106	0.06111	-0.30649
9977	0.00000		0.02258	-0.04025	0.02479	0.30606
9997	0.00000		0.03683	-0.04886	0.01110	0.30570
10017	0.00000		0.05059	0.08818	0.02565	0.00000
10037	0.00000		0.01176	0.00792	0.05201	-0.30600
10057	0.00000		0.03243	-0.02046	0.14574	0.00000
10077	0.00000		0.05198	0.07453	0.02565	0.30631
10097	0.00000		-0.04984	-0.04046	0.04543	-24.18852
10117	0.00000		0.03133	0.03328	0.05281	-0.91800
10137	0.00000		0.04947	-0.04910	0.02688	0.30576
10157	0.00000		0.01828	0.00684	0.05928	0.61212
10177	0.00000		0.03344	-0.04745	0.02565	0.30606
10197	0.00000		0.03401	-0.04190	0.07599	0.00000
10217	0.00000		0.04042	-0.01496	0.05913	-0.30612
10237	0.00000		0.03603	-0.04162	0.01507	0.30637
10257	0.00000		0.04194	0.06990	0.02543	0.00000
10277	0.00000		0.04294	-0.01685	0.05748	-0.61162
10297	0.00000		0.04313	-0.04592	0.03946	0.30582
10317	0.00000		0.03303	-0.04211	0.01054	0.33103
10337	0.00000		0.03361	-0.04340	0.01110	-0.30594
10357	0.00000		0.02052	0.00296	0.05778	-0.30637
10377	0.00000		0.02375	-0.04277	0.03212	0.30605
10397	0.00000		0.04301	-0.04531	0.01110	-0.30588
10417	0.00000		0.03111	-0.01696	0.05743	0.00000
10437	0.00000		0.03407	-0.02452	0.02237	0.30556
10457	0.00000		0.01421	0.00691	0.05545	0.00000
10477	0.00000		0.00830	-0.02361	0.01137	-0.30600
10497	0.00000		0.01575	0.00141	0.05334	0.00000
10517	0.00000		0.06499	-0.01004	0.06562	1.52848
10537	0.00000		0.03576	-0.04165	0.01310	-0.33102
10557	0.00000		0.00737	-0.04905	0.01543	0.30582
10577	0.00000		-0.03155	0.01219	0.04907	-0.30606
10597	0.00000		0.04691	-0.01833	0.06368	-0.30606
10617	0.00000		0.05758	-0.04900	0.02651	0.30637
10637	0.00000		0.01303	-0.03731	0.07100	0.30612
10657	0.00000		0.02346	-0.03426	0.23194	0.30649
10677	0.00000		0.03106	-0.02064	0.05685	-0.30570
10697	0.00000		0.01431	0.00457	0.05821	0.00000
10717	0.00000		0.01855	-0.00412	0.06952	-0.30618
10737	0.00000		0.01819	-0.02249	0.05397	0.30600
10757	0.00000		0.03476	-0.02669	0.01971	0.00000
10777	0.00000		0.04184	-0.04117	0.01247	-0.30588
10797	0.00000		-0.17803	0.13670	0.05796	0.30600
10817	0.00000		0.02299	-0.02723	0.04186	0.61103
10837	0.00000		0.01084	0.00535	0.04442	-0.30617
10857	0.00000		-0.03510	0.02634	0.05653	0.30623
10877	0.00000		0.01470	-0.03650	0.01161	0.00000
10897	0.00000		0.03695	-0.04177	0.02825	0.00000
10917	0.00000		0.01894	0.00395	0.06111	0.00000
10937	0.00000		0.02898	-0.04028	0.00615	0.00000
10957	0.00000		-0.00383	-0.00071	0.05629	0.00000
10977	0.00000		0.03662	-0.00258	0.05796	-0.61212
10997	0.00000		0.05445	-0.04106	0.02440	0.30636
11017	0.00000		0.03042	0.08324	0.02813	0.00000
11037	0.00000		-0.17157	0.10335	0.05464	0.00000
11057	0.00000		0.00798	-0.03248	0.00616	-1.22303
11077	0.00000		0.00439	-0.02915	0.00615	0.33103
11097	0.00000		0.04387	-0.04771	0.01247	-0.61188
11117	0.00000		-0.04554	-0.00618	0.04739	26.65395
11137	0.00000		0.04989	-0.01360	0.05846	-2.14286
11157	0.00000		0.01259	0.04286	0.01399	-22.94547
11177	0.00000		0.04792	0.07113	0.01961	0.30600
11197	0.00000		0.03991	-0.01060	0.05913	-0.61164
11217	0.00000		0.03328	-0.05800	0.03904	0.61164
11237	0.00000		-0.01186	-0.01863	0.00671	0.00000
11257	0.00000		0.02859	-0.04585	0.01401	0.30582
11277	0.00000		0.03611	-0.01598	0.05531	-0.30600
11297	0.00000		0.05930	-0.02829	0.06037	-0.61261
11317	0.00000		0.05493	-0.04609	0.02755	0.30637
11337	0.00000		0.04412	0.07655	0.02022	0.61225
11357	0.00000		0.03891	-0.01698	0.05796	-0.30582
11377	0.00000		0.02930	-0.04048	0.02040	-0.30582
11397	0.00000		0.02165	-0.05283	0.02059	0.00000
11417	0.00000		0.00830	-0.03029	0.00939	-0.30594
11437	0.00000		0.01101	0.00498	0.05468	0.00000
11457	0.00000		0.01605	0.00245	0.04677	0.00000
11477	0.00000		0.01787	-0.01375	0.01467	-24.17404
11497	0.00000		0.01716	0.06180	0.25855	-0.91764
11517	0.00000		0.02855	0.05854	0.02693	0.00000
11537	0.00000		-0.09999	0.02694	0.00551	0.00000
11557	0.00000		-0.09167	0.04074	0.01439	-0.30581
11577	0.00000		-0.05102	-0.04170	0.05396	26.04642
11597	0.00000		0.04452	-0.01664	0.06368	-1.22523
11617	0.00000		0.00606	0.00440	0.05625	0.00000
11637	0.00000		0.03344	0.00194	0.08200	-0.30618
11657	0.00000		0.01527	-0.01614	0.02626	0.30557
11677	0.00000		0.02691	-0.00003	0.09309	-0.30588
11697	0.00000		0.02190	-0.00248	0.04333	0.00000
11717	0.00000		0.01112	-0.02391	0.18785	0.30594
11737	0.00000		0.02355	-0.04835	0.02699	0.00000
11757	0.00000		0.01225	-0.00182	0.08796	-0.30606
11777	0.00000		0.00836	-0.02175	0.00959	-0.30600
11797	0.00000		-0.00523	-0.03407	0.00295	0.30612
11817	0.00000		0.03431	-0.02727	0.05653	0.30594
11837	0.00000		0.00486	-0.04995	0.03017	-0.30606
11857	0.00000		0.03160	-0.03337	0.17268	0.00000
11877	0.00000		0.00878	-0.02321	0.04545	0.00000
11897	0.00000		0.02917	0.00537	0.05760	-0.30625
11917	0.00000		0.01351	-0.02448	0.01934	0.30618
11937	0.00000		0.00233	-0.00668	0.03869	0.30631
11957	0.00000		0.03579	-0.01495	0.02543	0.00000
11977	0.00000		0.00779	0.00515	0.04669	0.00000
11997	0.00000		0.00809	-0.02003	0.00885	-0.30600
12017	0.00000		0.01575	0.00141	0.05674	0.00000
12037	0.00000		0.04323	0.11916	0.02391	0.00000
12057	0.00000		0.00273	0.00270	0.05826	0.00000
12077	0.00000		0.02120	-0.04417	0.02355	0.00000
12097	0.00000		0.03604	0.06183	0.02410	0.00000
12117	0.00000		0.01066	-0.00228	0.06224	0.00000
12137	0.00000		0.03703	-0.04408	0.00893	0.30606
12157	0.00000		0.02893	-0.03335	0.01684	0.00000
12177	0.00000		-0.05910	-0.03614	0.05652	25.69380
12197	0.00000		0.03115	-0.04689	0.02109	-0.91819
12217	0.00000		0.01672	-0.02483	0.20921	0.00000
12237	0.00000		0.03326	-0.02065	0.02883	0.00000
12257	0.00000		0.00596	0.00018	0.04320	-0.30606
12277	0.00000		0.02455	0.08629	0.05098	0.00000
12297	0.00000		0.01383	-0.02084	0.05098	0.30649
12317	0.00000		0.03185	-0.04356	0.04186	0.00000
12337	0.00000		0.01387	-0.03325	0.00938	0.33103
12357	0.00000		0.00678	-0.04135	0.01961	0.00000
12377	0.00000		0.01377	-0.01414	0.05238	-0.30600
12397	0.00000		0.05421	-0.02152	0.06704	-0.61261
12417	0.00000		0.05842	-0.03746	0.03757	0.61274
12437	0.00000		0.05289	0.09253	0.02727	0.61225
12457	0.00000		0.03848	-0.01643	0.06111	-0.91746
12477	0.00000		0.03501	-0.04899	0.03946	0.30582
12497	0.00000		0.02619	-0.04214	0.01109	0.33103
12517	0.00000		0.03100	-0.03972	0.01247	-0.30594
12537	0.00000		0.01395	-0.00053	0.05696	-0.30631
12557	0.00000		0.01577	0.00114	0.05761	0.30625
12577	0.00000		0.02041	-0.01954	0.03539	-0.30594
12597	0.00000		0.03527	-0.04715	0.02222	0.30606
12617	0.00000		0.04728	-0.05443	0.01247	0.30564
12637	0.00000		0.04454	0.07802	0.03792	0.30600
12657	0.00000		0.01040	-0.00971	0.04386	-0.30600
12677	0.00000		0.02370	0.00019	0.07113	0.00000
12697	0.00000		0.04708	-0.04798	0.03019	0.00000
12717	0.00000		0.00479	-0.02311	0.01357	0.33103
12737	0.00000		0.03703	-0.04408	0.01247	0.00000
12757	0.00000		0.01097	-0.02572	0.04475	0.00000
12777	0.00000		0.03223	-0.05138	0.04113	-0.30576
12797	0.00000		0.02414	-0.03161	0.01507	0.00000
12817	0.00000		-0.21170	0.12372	0.01957	0.00000
12837	0.00000		0.01560	0.00008	0.05331	-0.30606
12857	0.00000		0.04082	-0.04558	0.02373	0.30582
12877	0.00000		0.05304	-0.06163	0.00728	0.33103
12897	0.00000		0.02678	0.00806	0.05825	-0.30625
12917	0.00000		0.04858	-0.04823	0.01779	0.30576
12937	0.00000		0.02201	-0.00100	0.05406	0.00000
12957	0.00000		0.03631	-0.02278	0.05598	0.30655
12977	0.00000		0.01953	0.02069	0.19120	0.00000
12997	0.00000		0.01701	-0.00308	0.06183	0.00000
13017	0.00000		0.01045	-0.02781	0.01421	0.30618
13037	0.00000		0.01243	0.00439	0.04869	-0.30630
13057	0.00000		0.04399	-0.01742	0.05782	-0.30582
13077	0.00000		0.04208	0.07913	0.03328	0.00000
13097	0.00000		0.10704	-0.05874	0.06162	0.00000
13117	0.00000		0.02741	-0.04309	0.01247	0.61200
13137	0.00000		0.02550	-0.04377	0.03285	0.00000
13157	0.00000		0.02396	-0.04273	0.04673	-0.30576
13177	0.00000		0.02985	-0.03607	0.18449	0.00000
13197	0.00000		0.00869	-0.00546	0.06627	0.61103
13217	0.00000		0.00415	-0.02551	0.00288	0.00000
13237	0.00000		0.05512	-0.05717	0.02611	0.00000
13257	0.00000		0.01239	-0.04660	0.16900	0.00000
13277	0.00000		0.00119	-0.02157	0.08446	0.00000
13297	0.00000		0.04054	0.07846	0.03468	-1.22425
13317	0.00000		0.03251	-0.04081	0.01109	0.00000
13337	0.00000		0.02605	-0.03890	0.01087	0.00000
13357	0.00000		-0.00274	0.00698	0.05278	0.00000
13377	0.00000		0.03233	-0.04486	0.01161	0.00000
13397	0.00000		0.03552	-0.04530	0.01158	-0.30588
13417	0.00000		0.03679	-0.02695	0.05496	0.00000
13437	0.00000		0.04894	-0.02286	0.06871	0.00000
13457	0.00000		0.01848	-0.00443	0.05545	-0.30618
13477	0.00000		-0.00940	-0.05610	0.03343	0.30618
13497	0.00000		0.00764	-0.00127	0.04936	-2.44459
13517	0.00000		-0.07471	0.02896	0.03709	0.30600
13537	0.00000		0.01378	-0.04575	0.02902	0.33089
13557	0.00000		0.02103	-0.04066	0.02630	0.30576
13577	0.00000		0.00401	0.00575	0.05310	-0.30582
13597	0.00000		0.03379	0.03120	0.06865	-24.17886
13617	0.00000		0.00785	-0.02225	0.00675	0.33096
13637	0.00000		0.06395	-0.05011	0.01996	0.00000
13657	0.00000		0.00055	-0.02797	0.00376	0.61225
13677	0.00000		0.03409	-0.04441	0.03977	0.00000
13697	0.00000		-0.00268	-0.01484	0.01158	0.33102
13717	0.00000		0.01618	-0.05431	0.01822	0.30582
13737	0.00000		0.03277	-0.01991	0.05826	0.00000
13757	0.00000		0.01239	-0.04660	0.01744	0.00000
13777	0.00000		0.02779	-0.03938	0.01109	0.00000
13797	0.00000		0.02266	-0.03650	0.02693	0.30606
13817	0.00000		0.02349	-0.05545	0.00551	-1.22279
13837	0.00000		0.00519	-0.08360	0.04403	0.00000
13857	0.00000		-0.01629	0.00445	0.06027	0.30625
13877	0.00000		0.01241	-0.04776	0.01417	0.00000
13897	0.00000		0.02928	-0.03542	0.02194	0.00000
13917	0.00000		-0.01834	-0.04911	0.08275	-1.83636
13937	0.00000		0.02934	0.01613	0.05928	-0.30600
13957	0.00000		0.01640	-0.02853	0.01998	-0.30594
13977	0.00000		0.00609	-0.04557	0.12591	0.30564
13997	0.00000		0.00980	0.00752	0.05810	-0.61225
14017	0.00000		0.08987	-0.05821	0.06368	0.30625
14037	0.00000		0.04117	-0.05105	0.02846	0.30576
14057	0.00000		0.06429	-0.00988	0.07992	2.14157
14077	0.00000		0.00711	-0.05276	0.02878	-0.61212
14097	0.00000		0.03541	-0.04073	0.20641	-0.30625
14117	0.00000		0.01816	0.03695	0.02760	0.00000
14137	0.00000		0.01917	0.00266	0.05801	-0.30625
14157	0.00000		-0.07640	0.03097	0.01740	0.00000
14177	0.00000		0.01418	0.00271	0.05000	0.00000
14197	0.00000		0.03705	0.00921	0.02862	0.00000
14217	0.00000		-0.02017	-0.00771	0.02775	-0.30618
14237	0.00000		-0.09665	0.05589	0.11613	0.91800
14257	0.00000		0.03330	-0.04247	0.02057	-0.61237
14277	0.00000		0.07050	-0.03384	0.05952	-0.61261
14297	0.00000		0.01045	0.00607	0.04150	0.00000
14317	0.00000		0.02624	-0.04334	0.01994	0.61175
14337	0.00000		0.01680	-0.02082	0.05634	-0.61199
14357	0.00000		0.03189	-0.01351	0.05861	-0.61200
14377	0.00000		0.03580	-0.04570	0.01871	0.30637
14397	0.00000		0.01964	-0.04135	0.10970	0.00000
14417	0.00000		0.02076	0.00633	0.01737	0.30649
14437	0.00000		0.02584	-0.02002	0.04507	0.30588
14457	0.00000		0.03718	-0.05191	0.03566	0.00000
14477	0.00000		0.02867	0.00547	0.05804	-0.30600
14497	0.00000		0.00544	0.08051	0.05628	-0.30612
14517	0.00000		0.00925	-0.00238	0.06037	0.30594
14537	0.00000		0.01951	-0.04720	0.03106	0.00000
14557	0.00000		0.00119	-0.00372	0.05629	0.30551
14577	0.00000		-0.02323	-0.03099	0.02389	-0.30625
14597	0.00000		0.02536	0.07902	0.02410	0.00000
14617	0.00000		0.01584	-0.00365	0.04725	0.00000
14637	0.00000		0.04203	0.02360	0.01824	-23.87281
14657	0.00000		0.04224	0.05360	0.02565	0.00000
14677	0.00000		-0.01376	0.02115	0.06871	-0.30625
14697	0.00000		0.00925	-0.00238	0.05726	0.00000
14717	0.00000		0.03316	-0.02915	0.02052	-0.30551
14737	0.00000		0.03239	-0.05851	0.02512	0.30582
14757	0.00000		0.02627	0.06657	0.03212	0.00000
14777	0.00000		0.17800	-0.10099	0.00981	-0.30576
14797	0.00000		0.02791	-0.05364	0.00672	0.61115
14817	0.00000		0.02872	-0.21613	0.04869	-0.30588
14837	0.00000		-0.00347	-0.01963	0.00728	0.66220
14857	0.00000		0.02220	-0.02654	0.04346	0.00000
14877	0.00000		0.00029	-0.00843	0.05517	0.00000
14897	0.00000		0.04024	-0.02377	0.03205	-0.30564
14917	0.00000		0.03380	-0.04217	0.17597	0.00000
14937	0.00000		0.02647	-0.01787	0.05279	0.00000
14957	0.00000		0.01386	-0.02243	0.00981	0.00000
14977	0.00000		0.03445	-0.02257	0.05415	0.00000
14997	0.00000		0.02877	-0.04153	0.01786	-0.61237
15017	0.00000		0.01407	-0.00074	0.04320	-0.61127
15037	0.00000		-0.01117	-0.00843	0.04728	0.61103
15057	0.00000		0.01106	-0.00267	0.04448	-0.30594
15077	0.00000		0.02041	-0.02387	0.04907	0.30588
15097	0.00000		0.00689	-0.00964	0.04060	0.00000
15117	0.00000		0.02297	-0.04948	0.02778	0.00000
15137	0.00000		0.02019	-0.01610	0.04872	0.30600
15157	0.00000		0.00992	0.02973	0.03832	0.00000
15177	0.00000		0.01106	-0.00267	0.05334	0.00000
15197	0.00000		0.01328	-0.02489	0.01440	0.00000
15217	0.00000		0.03267	-0.00652	0.05812	-0.30631
15237	0.00000		0.01057	-0.04596	0.05374	0.00000
15257	0.00000		-0.01119	-0.01010	0.05224	0.00000
15277	0.00000		0.01124	-0.00452	0.05401	-0.30582
15297	0.00000		0.01338	-0.02081	0.04417	0.61200
15317	0.00000		-0.09054	0.07627	0.11872	1.22277
15337	0.00000		0.02703	-0.04679	0.03136	-0.61212
15357	0.00000		0.01406	0.00062	0.11309	0.30588
15377	0.00000		0.02506	-0.00313	0.05819	0.00000
15397	0.00000		0.03245	-0.03679	0.02626	0.00000
15417	0.00000		0.18106	-0.10732	0.04588	-0.30582
15437	0.00000		0.00981	-0.02645	0.00672	0.30630
15457	0.00000		0.04868	-0.04637	0.03883	-0.30582
15477	0.00000		0.02765	-0.04429	0.01918	0.00000
15497	0.00000		0.03849	-0.04281	0.01247	-0.30594
15517	0.00000		0.02041	0.00551	0.05489	-0.30637
15537	0.00000		0.03896	-0.01583	0.07374	-0.61212
15557	0.00000		0.03203	-0.03655	0.04624	0.91799
15577	0.00000		0.02065	0.06597	0.01918	0.61211
15597	0.00000		0.03949	-0.01380	0.05748	-0.61162
15617	0.00000		0.03979	-0.04520	0.04589	0.30581
15637	0.00000		-0.00762	-0.01175	0.01110	0.33103
15657	0.00000		0.03967	-0.04662	0.01457	0.00000
15677	0.00000		0.02775	-0.02057	0.05721	-0.30600
15697	0.00000		0.03370	-0.01198	0.05796	-0.61200
15717	0.00000		0.03066	-0.05551	0.02669	0.61200
15737	0.00000		0.03947	0.08642	0.01544	0.30612
15757	0.00000		0.04615	-0.02430	0.05952	-0.30582
15777	0.00000		0.03958	0.08608	0.02778	0.30630
15797	0.00000		0.11862	-0.06070	0.05913	0.00000
15817	0.00000		0.00823	-0.02547	0.01110	0.30611
15837	0.00000		0.03163	-0.03451	0.01682	-0.30600
15857	0.00000		-0.01425	-0.04351	0.06733	0.30606
15877	0.00000		0.03003	-0.03117	0.15717	-0.30625
15897	0.00000		0.03406	-0.04627	0.03481	0.30606
15917	0.00000		0.03579	-0.03979	0.00749	0.00000
15937	0.00000		0.03640	0.08025	0.02778	0.00000
15957	0.00000		0.01063	0.00235	0.04001	-0.61200
15977	0.00000		0.04061	-0.01668	0.05726	0.00000
15997	0.00000		-0.08918	0.00568	0.07183	24.81080
16017	0.00000		0.03580	-0.04570	0.02587	-0.61237
16037	0.00000		0.01547	0.00325	0.06704	-0.30582
16057	0.00000		0.00870	-0.02046	0.01600	0.00000
16077	0.00000		0.03020	-0.00672	0.05437	0.00000
16097	0.00000		0.16673	-0.07593	0.00939	-0.30618
16117	0.00000		-0.01196	-0.00037	0.05629	0.00000
16137	0.00000		0.00496	0.00562	0.04150	0.00000
16157	0.00000		0.01464	-0.00347	0.04475	0.30576
16177	0.00000		0.01981	-0.03894	0.02124	-0.30618
16197	0.00000		0.01090	0.00010	0.04150	-0.30588
16217	0.00000		0.03793	-0.02745	0.02860	0.00000
16237	0.00000		0.02715	-0.00685	0.05641	0.00000
16257	0.00000		0.18575	-0.08853	0.01110	0.00000
16277	0.00000		0.00104	0.09705	0.02140	0.61139
16297	0.00000		-0.06930	0.01226	0.05633	0.00000
16317	0.00000		0.02919	-0.09759	0.03238	0.30587
16337	0.00000		-0.04348	0.00749	0.04309	0.00000
16357	0.00000		0.01664	-0.03953	0.03241	-0.30576
16377	0.00000		0.01731	-0.00696	0.03379	0.00000
16397	0.00000		0.01772	-0.04046	0.02747	0.00000
16417	0.00000		0.02863	-0.03351	0.04720	0.00000
16437	0.00000		0.02273	0.05570	0.02512	0.00000
16457	0.00000		0.00262	0.02695	0.04673	0.30618
16477	0.00000		-0.00796	0.08260	0.03488	0.30588
16497	0.00000		-0.02571	-0.00577	0.04710	-0.30564
16517	0.00000		0.01741	-0.03862	0.02437	-0.30594
16537	0.00000		-0.02022	0.11264	0.04341	-0.30612
16557	0.00000		-0.00413	-0.04245	0.08096	0.00000
16577	0.00000		0.02653	-0.01799	0.05517	-0.30617
16597	0.00000		0.02137	-0.00398	0.02297	0.00000
16617	0.00000		0.02195	-0.04094	0.02754	0.00000
16637	0.00000		0.03365	-0.11948	0.04458	0.00000
16657	0.00000		-0.04409	0.01187	0.04375	0.00000
16677	0.00000		0.01953	-0.04060	0.02276	0.00000
16697	0.00000		0.01484	-0.01776	0.04250	0.00000
16717	0.00000		0.00161	0.05496	0.02914	0.00000
16737	0.00000		-0.00350	-0.00170	0.05062	-0.30588
16757	0.00000		0.18274	-0.08435	0.01430	-0.30576
16777	0.00000		0.03816	-0.04037	0.00988	0.61115
16797	0.00000		0.03270	-0.11699	0.02905	0.00000
16817	0.00000		-0.03902	0.00405	0.05279	0.30618
16837	0.00000		0.06365	-0.04081	0.03622	0.91727
16857	0.00000		0.01397	-0.01637	0.04475	0.30600
16877	0.00000		0.00440	0.03845	0.03746	-0.30570
16897	0.00000		0.00869	-0.03537	0.03202	-0.30606
16917	0.00000		0.03904	-0.03292	0.01098	-0.30582
16937	0.00000		0.02958	-0.01392	0.04544	0.30557
16957	0.00000		0.00024	0.00383	0.04398	-0.30599
16977	0.00000		-0.04294	0.01297	0.05101	0.00000
16997	0.00000		0.00798	-0.03934	0.03144	0.30576
17017	0.00000		0.01338	-0.01477	0.03566	0.00000
17037	0.00000		0.01357	-0.00624	0.02932	0.00000
17057	0.00000		0.01834	-0.04413	0.02832	-0.30606
17077	0.00000		0.02807	-0.03399	0.00291	-0.30588
17097	0.00000		-0.09903	0.10136	0.11582	1.52818
17117	0.00000		0.01454	0.00618	0.05534	-0.30618
17137	0.00000		-0.04510	0.01216	0.04375	-0.61237
17157	0.00000		-0.02716	0.01236	0.05805	0.00000
17177	0.00000		0.01183	-0.02042	0.01357	-0.30551
17197	0.00000		0.01748	-0.01761	0.02914	0.30564
17217	0.00000		0.00068	0.00200	0.06623	0.00000
17237	0.00000		-0.05691	-0.00594	0.00675	0.00000
17257	0.00000		0.04135	-0.03989	0.01083	0.30557
17277	0.00000		0.03235	-0.12924	0.03621	-0.30588
17297	0.00000		-0.00186	-0.02657	0.00378	0.33110
17317	0.00000		0.00818	-0.00191	0.05573	0.00000
17337	0.00000		0.02240	-0.01764	0.01536	0.30606
17357	0.00000		0.03224	-0.01242	0.06171	0.00000
17377	0.00000		-0.00832	-0.01713	0.00376	0.30618
17397	0.00000		-0.01019	-0.00117	0.03684	0.00000
17417	0.00000		0.01034	-0.01313	0.04314	0.00000
17437	0.00000		0.03780	-0.02991	0.01087	0.00000
17457	0.00000		0.01473	-0.03247	0.00893	0.61176
17477	0.00000		0.01167	-0.04803	0.03591	0.00000
17497	0.00000		-0.01539	-0.00792	0.05128	0.00000
17517	0.00000		0.01164	-0.00336	0.05859	-0.30594
17537	0.00000		0.01833	-0.01703	0.04081	0.61176
17557	0.00000		-0.01178	0.00593	0.03622	0.00000
17577	0.00000		0.01381	-0.04195	0.03965	0.30576
17597	0.00000		0.02622	-0.01844	0.05634	0.30599
17617	0.00000		0.00310	0.03857	0.03573	-0.30570
17637	0.00000		0.02511	-0.04525	0.03995	-0.30606
17657	0.00000		0.16398	-0.07298	0.01161	0.00000
17677	0.00000		0.00950	-0.00095	0.06407	0.00000
17697	0.00000		0.01886	0.03660	0.02801	0.00000
17717	0.00000		0.00912	0.00103	0.04800	0.00000
17737	0.00000		0.01189	-0.02835	0.00583	0.61237
17757	0.00000		0.02086	-0.01067	0.04417	-0.30576
17777	0.00000		0.00005	0.00383	0.04973	-0.30594
17797	0.00000		0.01710	-0.03679	0.02926	0.30576
17817	0.00000		-0.01796	-0.00338	0.03566	0.00000
17837	0.00000		0.01468	-0.00918	0.05257	-0.30593
17857	0.00000		0.01436	-0.00967	0.04081	0.00000
17877	0.00000		-0.00874	0.00648	0.03086	-0.30570
17897	0.00000		-0.01154	-0.00259	0.02113	0.00000
17917	0.00000		-0.02673	0.00062	0.03566	0.00000
17937	0.00000		0.02732	-0.01767	0.02908	0.30557
17957	0.00000		0.00700	0.00329	0.07062	-0.33096
17977	0.00000		-0.01335	-0.00181	0.03486	0.00000
17997	0.00000		-0.01121	-0.00422	0.02833	0.00000
18017	0.00000		-0.03902	0.00405	0.04681	0.00000
18037	0.00000		0.01455	-0.03708	0.02932	0.00000
18057	0.00000		0.02190	-0.04139	0.03534	0.00000
18077	0.00000		-0.00489	-0.00294	0.03283	0.00000
18097	0.00000		0.00635	-0.00159	0.05130	0.00000
18117	0.00000		0.17092	-0.07371	0.00477	0.30618
18137	0.00000		0.00709	0.09162	0.02437	0.00000
18157	0.00000		0.04250	-0.02303	0.04907	0.30600
18177	0.00000		0.18819	-0.07559	0.00107	-0.30576
18197	0.00000		0.02158	-0.04407	0.02892	0.00000
18217	0.00000		0.02121	-0.04225	0.02892	0.00000
18237	0.00000		-0.00799	-0.00371	0.04218	0.00000
18257	0.00000		0.00580	-0.00638	0.04896	-0.30605
18277	0.00000		0.00207	0.00323	0.04641	0.00000
18297	0.00000		0.02459	-0.02414	0.01280	-0.30581
18317	0.00000		0.01573	-0.02342	0.01161	0.00000
18337	0.00000		0.02269	-0.01726	0.04235	0.00000
18357	0.00000		-0.01502	-0.00975	0.00551	0.00000
18377	0.00000		0.01976	-0.04747	0.02960	0.30576
18397	0.00000		0.00244	0.00141	0.03766	0.00000
18417	0.00000		0.00236	-0.01569	0.02627	0.00000
18437	0.00000		0.00926	-0.02944	0.00893	0.00000
18457	0.00000		0.06123	0.02347	0.03464	1.22425
18477	0.00000		-0.00271	-0.02597	0.01086	0.00000
18497	0.00000		0.01059	0.00175	0.04708	0.00000
18517	0.00000		0.06763	-0.04045	0.01688	-0.30582
18537	0.00000		0.01737	-0.03223	0.03315	0.00000
18557	0.00000		-0.08218	0.02233	0.04907	0.00000
18577	0.00000		0.01834	-0.04413	0.03548	0.00000
18597	0.00000		0.02430	-0.03494	0.02446	0.00000
18617	0.00000		0.01121	-0.00192	0.03118	0.30582
18637	0.00000		0.02957	-0.00256	0.05536	0.00000
18657	0.00000		0.12719	-0.07004	0.01430	0.00000
18677	0.00000		0.01532	-0.01952	0.02424	-0.30581
18697	0.00000		0.00899	-0.02487	0.01219	0.30637
18717	0.00000		0.06204	0.01766	0.04453	1.53062
18737	0.00000		-0.04512	0.00881	0.03869	-0.61237
18757	0.00000		0.01238	-0.00701	0.05787	0.00000
18777	0.00000		0.01148	-0.02062	0.01087	0.00000
18797	0.00000		-0.00328	0.02583	0.04303	0.30612
18817	0.00000		0.03318	-0.02558	0.02626	0.00000
18837	0.00000		0.02581	-0.03593	0.03566	0.30606
18857	0.00000		0.03555	-0.02990	0.02247	-0.30551
18877	0.00000		0.17847	-0.07953	0.01109	0.00000
18897	0.00000		0.01210	-0.01372	0.01161	0.00000
18917	0.00000		0.03279	-0.04263	0.01940	0.30576
18937	0.00000		-0.00527	-0.00111	0.04230	0.00000
18957	0.00000		0.00384	0.00264	0.06027	-0.30606
18977	0.00000		-0.07317	0.00120	0.00984	0.00000
18997	0.00000		0.11243	-0.05405	0.01109	0.00000
19017	0.00000		-0.00517	-0.00964	0.01381	0.30605
19037	0.00000		-0.09331	-0.00100	0.06482	24.48004
19057	0.00000		0.00771	-0.00075	0.03730	-0.91782
19077	0.00000		0.01759	-0.04443	0.02998	0.00000
19097	0.00000		-0.01393	0.00279	0.04218	0.00000
19117	0.00000		0.02130	-0.01849	0.03060	-0.61188
19137	0.00000		0.03040	-0.03214	0.05093	0.00000
19157	0.00000		0.03942	-0.01915	0.06186	0.61176
19177	0.00000		0.01856	-0.04543	0.01747	0.30564
19197	0.00000		0.02123	-0.01470	0.05634	0.00000
19217	0.00000		0.01109	0.04651	0.02914	0.30570
19237	0.00000		0.00944	-0.00964	0.05805	0.00000
19257	0.00000		-0.00024	-0.02360	0.00615	0.30606
19277	0.00000		-0.02147	-0.03103	0.02714	0.30625
19297	0.00000		0.00797	-0.01938	0.03931	0.00000
19317	0.00000		0.00540	0.02084	0.08550	0.00000
19337	0.00000		-0.00370	-0.02224	0.00891	0.61237
19357	0.00000		-0.07298	0.01643	0.05553	-0.30631
19377	0.00000		0.00174	-0.00350	0.05278	0.00000
19397	0.00000		0.02058	-0.03808	0.03091	0.30576
19417	0.00000		-0.02673	0.00017	0.04991	0.00000
19437	0.00000		-0.01845	-0.02714	0.02746	-0.61249
19457	0.00000		0.02271	0.04011	0.02738	0.00000
19477	0.00000		0.01113	-0.00806	0.03464	-0.30599
19497	0.00000		0.00915	0.00072	0.05380	0.00000
19517	0.00000		-0.10462	0.03064	0.05255	0.30600
19537	0.00000		0.02298	-0.03835	0.00295	0.33089
19557	0.00000		0.01630	-0.03770	0.02511	0.00000
19577	0.00000		-0.00662	-0.00246	0.03709	-0.30605
19597	0.00000		0.02307	-0.01908	0.01955	-0.30606
19617	0.00000		0.01283	0.00661	0.07753	0.00000
19637	0.00000		0.04332	-0.03774	0.01310	-0.30582
19657	0.00000		0.00309	-0.02600	0.01060	0.00000
19677	0.00000		0.02104	-0.01032	0.04062	0.00000
19697	0.00000		0.00162	0.09396	0.03106	0.00000
19717	0.00000		-0.00848	-0.00738	0.04052	-0.61200
19737	0.00000		-0.00029	-0.00107	0.03621	-0.30631
19757	0.00000		-0.03225	-0.02688	0.04183	0.00000
19777	0.00000		0.00596	0.00043	0.03595	0.30618
19797	0.00000		-0.00178	0.09521	0.02693	-0.30570
19817	0.00000		0.01954	-0.03555	0.03534	0.30606
19837	0.00000		-0.09983	0.02710	0.04475	0.00000
19857	0.00000		0.01401	-0.03601	0.03746	-0.30617
19877	0.00000		0.00829	0.01151	0.04150	0.00000
19897	0.00000		-0.01606	-0.00455	0.04276	-0.30587
19917	0.00000		0.00105	0.00019	0.03464	-0.30630
19937	0.00000		0.02223	-0.00690	0.02906	0.30593
19957	0.00000		-0.02004	-0.00127	0.02716	0.30538
19977	0.00000		0.01564	-0.01926	0.00938	-0.30557
19997	0.00000		0.02827	-0.01232	0.04214	0.61187
20017	0.00000		0.01330	-0.01044	0.03137	0.00000
20037	0.00000		0.01862	-0.03864	0.03241	-0.30606
20057	0.00000		0.02239	-0.03752	0.00291	-0.30582
20077	0.00000		0.01250	-0.00680	0.05224	0.00000
20097	0.00000		0.19354	-0.07718	0.01109	0.00000
20117	0.00000		0.00991	-0.00915	0.01429	0.00000
20137	0.00000		0.01773	-0.03042	0.02629	-0.30575
20157	0.00000		0.01964	-0.02213	0.01440	0.61212
20177	0.00000		0.03417	-0.00567	0.05227	0.00000
20197	0.00000		0.14104	-0.05890	0.01236	0.00000
20217	0.00000		-0.00744	0.09076	0.02892	0.00000
20237	0.00000		0.00708	-0.02706	0.00583	0.30637
20257	0.00000		0.02344	-0.02090	0.04235	0.30568
20277	0.00000		0.01833	-0.03619	0.02055	0.00000
20297	0.00000		0.02018	-0.04530	0.03322	-0.61151
20317	0.00000		0.00805	-0.02399	0.00939	0.30606
20337	0.00000		0.01845	-0.00328	0.06186	-0.30631
20357	0.00000		0.02473	-0.03897	0.07001	0.00000
20377	0.00000		-0.02078	0.00237	0.02716	0.00000
20397	0.00000		0.01974	-0.03951	0.02892	0.00000
20417	0.00000		0.01294	0.03868	0.02602	0.30630
20437	0.00000		-0.06204	0.01672	0.04186	0.30618
20457	0.00000		0.06090	-0.03886	0.02812	0.61127
20477	0.00000		0.01313	-0.01066	0.04309	0.00000
20497	0.00000		0.00818	0.01473	0.02878	0.00000
20517	0.00000		0.00077	-0.00653	0.04936	0.00000
20537	0.00000		0.01816	-0.02127	0.01439	0.00000
20557	0.00000		0.01842	-0.01243	0.05062	0.00000
20577	0.00000		0.21706	-0.08827	0.00939	0.00000
20597	0.00000		0.01210	0.08172	0.02446	0.00000
20617	0.00000		0.04170	-0.01940	0.05524	0.00000
20637	0.00000		0.15097	-0.07373	0.00981	0.00000
20657	0.00000		0.01610	-0.02525	0.02290	0.00000
20677	0.00000		0.01848	-0.03959	0.02800	0.30576
20697	0.00000		0.00976	-0.00932	0.03788	-0.30581
20717	0.00000		0.00300	-0.01747	0.01108	-0.30606
20737	0.00000		0.00885	-0.00583	0.05974	0.00000
20757	0.00000		-0.00513	0.05791	0.03951	0.00000
20777	0.00000		0.02904	-0.00695	0.05130	-0.30605
20797	0.00000		0.04202	-0.03918	0.00291	0.30588
20817	0.00000		0.03793	-0.02745	0.02215	0.00000
20837	0.00000		0.01341	-0.04401	0.03241	0.00000
20857	0.00000		-0.01278	-0.00503	0.05343	0.00000
20877	0.00000		0.01090	0.00028	0.05805	0.00000
20897	0.00000		0.01923	-0.01823	0.02355	0.00000
20917	0.00000		0.01577	-0.00846	0.04309	0.30588
20937	0.00000		0.01109	-0.02731	0.01087	0.00000
20957	0.00000		0.03054	-0.00855	0.04872	0.00000
20977	0.00000		0.01703	-0.03283	0.01660	0.00000
20997	0.00000		0.02547	-0.03410	0.02237	0.00000
21017	0.00000		-0.00953	-0.00465	0.03918	0.30606
21037	0.00000		0.00560	0.00205	0.04669	-0.30606
21057	0.00000		-0.03849	-0.00761	0.00371	0.00000
21077	0.00000		-0.01654	-0.00217	0.04081	0.00000
21097	0.00000		0.01275	-0.00884	0.04887	-0.30588
21117	0.00000		0.02269	-0.01726	0.04886	0.30599
21137	0.00000		-0.00099	0.05863	0.02913	0.00000
21157	0.00000		0.01731	-0.03924	0.02427	0.00000
21177	0.00000		-0.03443	0.00585	0.04235	0.30564
21197	0.00000		-0.03453	-0.02701	0.03951	0.00000
21217	0.00000		0.00597	0.00023	0.05382	-0.30618
21237	0.00000		-0.00496	0.03226	0.03054	-0.30600
21257	0.00000		0.01805	-0.03832	0.02355	0.30564
21277	0.00000		0.01538	-0.01516	0.03792	0.00000
21297	0.00000		0.01573	-0.02342	0.03573	0.00000
21317	0.00000		0.01934	-0.03769	0.02878	-0.30605
21337	0.00000		0.09535	-0.06276	0.00988	-1.22279
21357	0.00000		0.04044	-0.03168	0.00893	0.00000
21377	0.00000		0.03068	-0.10489	0.03595	-0.30588
21397	0.00000		0.02269	-0.03798	0.01281	0.33089
21417	0.00000		0.02174	-0.03279	0.02297	0.00000
21437	0.00000		-0.00680	-0.00189	0.05227	0.00000
21457	0.00000		0.02669	-0.00548	0.05653	-0.61261
21477	0.00000		0.03095	-0.03582	0.01544	0.00000
21497	0.00000		0.03024	-0.00957	0.05787	-0.30582
21517	0.00000		0.02913	-0.00976	0.05573	0.00000
21537	0.00000		-0.09007	0.03574	0.04872	0.00000
21557	0.00000		0.01732	-0.04319	0.02747	0.00000
21577	0.00000		0.01994	-0.03843	0.02616	0.00000
21597	0.00000		-0.00534	-0.00955	0.04700	0.00000
21617	0.00000		0.02046	-0.00631	0.04872	-0.61261
21637	0.00000		0.00553	-0.04530	0.05953	0.30631
21657	0.00000		0.01287	-0.01521	0.04544	0.00000
21677	0.00000		0.00954	-0.03435	0.00107	0.00000
21697	0.00000		0.03191	-0.02061	0.04544	0.00000
21717	0.00000		0.01710	-0.03679	0.02427	-0.30618
21737	0.00000		0.01266	-0.00031	0.04320	-0.30564
21757	0.00000		-0.01806	-0.00277	0.04444	0.61103
21777	0.00000		0.00811	-0.00218	0.06186	-0.30594
21797	0.00000		0.01313	-0.01499	0.04346	0.30588
21817	0.00000		-0.06063	0.01230	0.04483	0.00000
21837	0.00000		0.01759	-0.04443	0.02021	0.00000
21857	0.00000		0.01313	-0.01499	0.04186	0.00000
21877	0.00000		-0.00149	0.07331	0.03322	0.00000
21897	0.00000		0.01415	-0.04378	0.03137	-0.30606
21917	0.00000		0.20024	-0.07749	0.01236	-0.61150
21937	0.00000		0.03599	-0.03782	0.02906	0.00000
21957	0.00000		0.02845	-0.09395	0.03951	0.00000
21977	0.00000		-0.04541	-0.04904	0.04416	-23.58085
21997	0.00000		0.01025	-0.02628	0.00371	0.30600
22017	0.00000		0.00057	0.00746	0.05130	-0.30588
22037	0.00000		0.03901	-0.00894	0.05654	-0.30606
22057	0.00000		0.01255	-0.02140	0.05415	-1.52970
22077	0.00000		-0.00219	0.05810	0.03595	-0.61200
22097	0.00000		0.02076	-0.03762	0.01543	0.61127
22117	0.00000		0.02295	-0.01761	0.05574	0.00000
22137	0.00000		0.00300	0.08417	0.02862	0.00000
22157	0.00000		0.01090	0.00010	0.04453	-0.30588
22177	0.00000		0.01093	-0.02933	0.00615	0.30606
22197	0.00000		0.01090	0.00010	0.05531	0.00000
22217	0.00000		0.01424	-0.02235	0.01110	-0.30594
22237	0.00000		-0.03956	0.00838	0.04775	0.30570
22257	0.00000		0.06230	-0.00386	0.08535	1.83491
22277	0.00000		0.18171	-0.09485	0.00615	-0.91727
22297	0.00000		0.01597	-0.03981	0.01466	0.33089
22317	0.00000		0.03478	-0.04513	0.02932	0.00000
22337	0.00000		0.00117	-0.01022	0.02614	0.00000
22357	0.00000		0.02650	-0.01173	0.03328	0.00000
22377	0.00000		0.00739	0.00134	0.06422	-0.33096
22397	0.00000		0.02336	0.02007	0.07905	0.61225
22417	0.00000		0.02413	-0.02010	0.03060	0.00000
22437	0.00000		0.01009	0.00410	0.05913	-0.30611
22457	0.00000		-0.00279	0.02807	0.05106	-0.30600
22477	0.00000		0.01766	-0.04502	0.02355	0.30576
22497	0.00000		0.01726	-0.01337	0.04000	0.30594
22517	0.00000		0.01155	0.03745	0.02868	0.00000
22537	0.00000		0.03518	-0.00178	0.06840	1.52940
22557	0.00000		0.01072	-0.01948	0.00939	0.30606
22577	0.00000		0.02297	-0.01055	0.04544	0.00000
22597	0.00000		0.17078	-0.07209	0.00288	0.30618
22617	0.00000		0.01582	0.03262	0.03060	0.00000
22637	0.00000		0.00056	-0.00469	0.05573	-0.30600
22657	0.00000		0.02840	-0.01463	0.04766	-0.30600
22677	0.00000		0.00244	0.00141	0.04453	0.00000
22697	0.00000		0.01981	-0.03894	0.03612	-0.30576
22717	0.00000		0.01424	-0.02235	0.01110	-0.30606
22737	0.00000		-0.01319	-0.02900	0.02424	0.00000
22757	0.00000		0.00598	0.00013	0.05641	0.30618
22777	0.00000		0.01964	0.05000	0.02002	-0.30576
22797	0.00000		0.01144	-0.02264	0.00728	0.30637
22817	0.00000		0.00479	0.09386	0.02879	0.30606
22837	0.00000		-0.03106	0.00357	0.04544	0.00000
22857	0.00000		0.01295	-0.04607	0.02960	0.30576
22877	0.00000		0.01833	-0.00390	0.05078	0.00000
22897	0.00000		0.00468	0.05504	0.02999	0.00000
22917	0.00000		0.00637	-0.00149	0.05653	-0.30587
22937	0.00000		0.00435	-0.00968	0.05238	0.30557
22957	0.00000		-0.02719	-0.02267	0.03281	0.00000
22977	0.00000		0.00008	-0.00288	0.04588	0.00000
22997	0.00000		0.00261	0.02833	0.04307	-0.30600
23017	0.00000		0.03180	-0.01350	0.05227	0.00000
23037	0.00000		-0.08075	0.01925	0.05238	0.30631
23057	0.00000		0.01974	-0.03951	0.03241	-0.30617
23077	0.00000		0.01090	0.00010	0.04211	-0.61127
23097	0.00000		0.01610	-0.02525	0.01500	0.61211
23117	0.00000		0.00831	0.00466	0.04474	0.00000
23137	0.00000		0.02396	-0.02902	0.01357	-0.30600
23157	0.00000		-0.04261	0.00457	0.04475	0.30562
23177	0.00000		0.02767	-0.00821	0.05397	-0.30575
23197	0.00000		0.02210	-0.01801	0.04346	-0.30576
23217	0.00000		0.00393	-0.00589	0.03823	0.00000
23237	0.00000		0.03155	-0.03529	0.00614	0.00000
23257	0.00000		-0.02775	0.00520	0.04113	0.00000
23277	0.00000		-0.02041	-0.03173	0.02563	-0.30625
23297	0.00000		0.01540	0.07758	0.02602	0.00000
23317	0.00000		0.00731	0.00171	0.04386	0.00000
23337	0.00000		0.00871	-0.02883	0.00713	0.61237
23357	0.00000		0.02913	-0.00976	0.04974	-0.30594
23377	0.00000		0.00058	0.00203	0.03689	-0.30600
23397	0.00000		0.01412	-0.04307	0.03182	0.61151
23417	0.00000		-0.01689	-0.00006	0.04346	0.00000
23437	0.00000		0.01334	0.00336	0.07063	-23.86328
23457	0.00000		0.01928	-0.00182	0.02862	0.61188
23477	0.00000		0.02467	-0.01832	0.03521	0.61176
23497	0.00000		0.03155	-0.03529	0.01747	0.00000
23517	0.00000		0.01950	-0.01402	0.05279	0.00000
23537	0.00000		0.01528	0.02236	0.02961	0.00000
23557	0.00000		0.00560	0.00205	0.05278	-0.30588
23577	0.00000		0.00407	-0.02484	0.01382	0.30606
23597	0.00000		0.02678	-0.00503	0.05768	0.00000
23617	0.00000		0.19576	-0.08155	0.01744	0.00000
23637	0.00000		0.02305	0.03170	0.03212	0.30570
23657	0.00000		0.01347	-0.00373	0.05653	-0.30599
23677	0.00000		0.01433	0.04333	0.02906	-0.30606
23697	0.00000		0.01833	-0.03619	0.03792	-0.30618
23717	0.00000		0.00774	-0.00023	0.04448	0.00000
23737	0.00000		0.02074	-0.03190	0.01280	-0.30606
23757	0.00000		-0.00413	-0.02859	0.00893	-0.30617
23777	0.00000		0.00808	0.04568	0.03212	0.30594
23797	0.00000		-0.07238	0.00496	0.03283	-23.56205
23817	0.00000		0.01301	-0.04598	0.01970	0.61127
23837	0.00000		0.02894	-0.01959	0.04362	0.30600
23857	0.00000		0.00785	0.09490	0.02983	-0.30576
23877	0.00000		0.02322	-0.04386	0.02862	-0.30606
23897	0.00000		0.18441	-0.08875	0.01310	0.00000
23917	0.00000		0.01124	-0.00173	0.04659	0.00000
23937	0.00000		0.04833	-0.03363	0.01247	0.00000
23957	0.00000		-0.00016	-0.01811	0.00938	0.00000
23977	0.00000		0.01908	-0.04381	0.03792	0.30576
23997	0.00000		0.02195	-0.01361	0.04475	0.30599
24017	0.00000		0.00537	0.07384	0.02512	0.00000
24037	0.00000		0.01261	-0.00659	0.06266	-0.30588
24057	0.00000		-0.01725	0.00119	0.05279	0.30562
24077	0.00000		-0.02710	-0.03120	0.03844	0.00000
24097	0.00000		0.01170	-0.00317	0.06060	-0.30617
24117	0.00000		0.04434	-0.03469	0.03136	0.30599
24137	0.00000		0.01352	-0.03159	0.03933	0.30576
24157	0.00000		0.03791	-0.00975	0.04218	0.30600
24177	0.00000		0.01882	0.03176	0.02445	0.00000
24197	0.00000		0.00363	-0.00400	0.05667	0.00000
24217	0.00000		0.03440	-0.02627	0.02652	0.30605
24237	0.00000		0.01427	-0.00736	0.05826	0.30631
24257	0.00000		0.18727	-0.07868	0.00886	0.30618
24277	0.00000		0.00468	0.11961	0.02971	0.00000
24297	0.00000		0.03218	-0.01913	0.05385	0.00000
24317	0.00000		-0.05858	-0.00634	0.00713	0.00000
24337	0.00000		0.04545	-0.04016	0.01143	0.33109
24357	0.00000		0.01805	-0.03832	0.02237	0.30576
24377	0.00000		-0.01235	0.00104	0.04062	0.30606
24397	0.00000		0.03758	-0.02317	0.02216	-0.30587
24417	0.00000		0.03458	-0.01103	0.05397	0.00000
24437	0.00000		0.01851	-0.02096	0.03944	0.30587
24457	0.00000		0.01331	-0.02771	0.00291	0.30636
24477	0.00000		0.02806	-0.01280	0.03954	0.30570
24497	0.00000		0.02249	-0.03699	0.03091	-0.30617
24517	0.00000		0.01137	0.00555	0.04403	-0.30564
24537	0.00000		0.01555	-0.02805	0.01109	0.00000
24557	0.00000		0.02533	-0.01659	0.04218	0.00000
24577	0.00000		0.16972	-0.06690	0.01251	0.00000
24597	0.00000		0.01752	0.04912	0.02410	0.00000
24617	0.00000		0.00283	-0.00027	0.05517	-0.30600
24637	0.00000		0.03380	-0.01352	0.03792	-0.30599
24657	0.00000		-0.00117	0.00255	0.04727	0.00000
24677	0.00000		0.02249	-0.03699	0.03322	0.00000
24697	0.00000		-0.00703	-0.00052	0.05787	0.30562
24717	0.00000		0.00996	-0.00244	0.04567	-0.30594
24737	0.00000		-0.00945	-0.00481	0.04974	0.00000
24757	0.00000		0.01782	-0.02620	0.00671	-0.33053
24777	0.00000		0.02297	-0.04284	0.02862	0.00000
24797	0.00000		-0.01549	0.00034	0.05415	0.30606
24817	0.00000		0.03696	-0.01344	0.06422	0.00000
24837	0.00000		0.00595	0.00063	0.05979	-0.33096
24857	0.00000		-0.01729	0.00032	0.04472	0.00000
24877	0.00000		0.02169	-0.00144	0.05342	-0.30600
24897	0.00000		0.02806	-0.01280	0.05721	0.30576
24917	0.00000		0.02311	-0.03661	0.01818	0.33089
24937	0.00000		0.03055	-0.03616	0.01747	0.00000
24957	0.00000		-0.04464	0.00962	0.02769	-1.83636
24977	0.00000		0.02215	-0.00360	0.04936	-0.30631
24997	0.00000		0.03050	-0.02326	0.02971	0.30587
25017	0.00000		-0.02299	0.00440	0.04974	0.00000
25037	0.00000		0.02459	-0.03311	0.02257	0.00000
25057	0.00000		-0.02766	-0.01888	0.04641	-23.56205
25077	0.00000		0.01264	-0.01939	0.03322	0.61151
25097	0.00000		0.01758	-0.05025	0.03534	-0.30606
25117	0.00000		0.17713	-0.08614	0.00837	-0.30576
25137	0.00000		0.04703	-0.04606	0.02565	0.00000
25157	0.00000		0.02059	-0.10899	0.03310	0.00000
25177	0.00000		-0.07465	0.01904	0.04346	0.30625
25197	0.00000		0.01797	-0.03939	0.03763	0.00000
25217	0.00000		0.01326	-0.02097	0.05128	0.30600
25237	0.00000		0.01038	0.04521	0.02913	-0.30570
25257	0.00000		0.01535	-0.03365	0.02237	-0.61212
25277	0.00000		0.17776	-0.09539	0.00984	-0.30576
25297	0.00000		0.01757	-0.04389	0.05984	0.00000
25317	0.00000		0.01441	-0.07509	0.04453	0.00000
25337	0.00000		-0.04579	0.00808	0.04444	0.30625
25357	0.00000		0.01532	-0.04526	0.03733	0.00000
25377	0.00000		0.02179	-0.01282	0.03521	0.00000
25397	0.00000		0.01565	-0.04130	0.03322	0.00000
25417	0.00000		0.00828	-0.04790	0.03399	0.00000
25437	0.00000		0.01225	-0.02514	0.04780	-0.61151
25457	0.00000		0.02780	-0.02893	0.02512	-0.91764
25477	0.00000		0.02100	-0.03880	0.01544	0.00000
25497	0.00000		0.04777	-0.02337	0.07113	0.00000
25517	0.00000		0.03645	-0.04476	0.01083	0.30582
25537	0.00000		0.03321	-0.05964	0.02832	0.00000
25557	0.00000		0.00099	-0.04656	0.02725	-0.30576
25577	0.00000		0.03971	-0.02259	0.05743	-0.30618
25597	0.00000		0.02432	-0.04981	0.03242	0.61225
25617	0.00000		0.03243	-0.04717	0.00551	0.00000
25637	0.00000		0.02992	0.08642	0.02022	0.00000
25657	0.00000		0.01067	0.00217	0.04255	-0.30600
25677	0.00000		0.03641	-0.01662	0.05641	0.00000
25697	0.00000		-0.07895	0.03764	0.05238	0.00000
25717	0.00000		0.02152	-0.04058	0.02002	-0.30618
25737	0.00000		0.01013	0.00659	0.04644	-0.30564
25757	0.00000		0.01182	-0.02182	0.01247	0.30606
25777	0.00000		0.01259	-0.00137	0.05414	-0.30631
25797	0.00000		0.01211	-0.04493	0.18288	0.30631
25817	0.00000		-0.01025	0.00039	0.03255	0.30539
25837	0.00000		0.01806	-0.04174	0.02237	-0.30606
25857	0.00000		0.00612	0.04003	0.04041	-0.30612
25877	0.00000		-0.04895	-0.00130	0.05449	24.78110
25897	0.00000		0.02281	-0.04763	0.02512	-0.30606
25917	0.00000		0.18140	-0.10252	0.01110	-0.30576
25937	0.00000		0.04325	-0.04407	0.02153	1.52847
25957	0.00000		0.03181	0.08087	0.02257	0.00000
25977	0.00000		0.01553	0.00299	0.05849	0.00000
25997	0.00000		-0.00704	-0.02887	0.00730	0.30625
26017	0.00000		0.02720	-0.01033	0.04886	0.00000
26037	0.00000		0.02519	-0.03078	0.01427	0.00000
26057	0.00000		0.01552	-0.03449	0.00615	-0.30588
26077	0.00000		0.01881	-0.00036	0.05581	0.00000
26097	0.00000		0.03742	-0.01248	0.05573	0.00000
26117	0.00000		0.18958	-0.10847	0.01934	0.00000
26137	0.00000		0.03242	-0.02227	0.02778	0.30576
26157	0.00000		0.00740	-0.03042	0.01236	0.00000
26177	0.00000		0.02548	0.08968	0.02778	0.30612
26197	0.00000		-0.04239	0.01698	0.05514	0.00000
26217	0.00000		0.01139	-0.04267	0.03548	0.00000
26237	0.00000		0.02590	-0.01274	0.05517	0.30594
26257	0.00000		0.02672	-0.02947	0.02428	-0.30576
26277	0.00000		0.03859	-0.00839	0.05748	-0.30649
26297	0.00000		0.04165	0.09161	0.03566	0.30606
26317	0.00000		0.02957	-0.02188	0.02625	0.00000
26337	0.00000		0.02713	-0.01823	0.05517	0.00000
26357	0.00000		-0.01351	0.00441	0.04107	0.30539
26377	0.00000		0.03046	-0.04232	0.02879	0.00000
26397	0.00000		-0.03867	0.02042	0.05517	0.00000
26417	0.00000		0.01162	-0.03750	0.02286	-0.30618
26437	0.00000		-0.05680	-0.00469	0.05622	24.47028
26457	0.00000		0.03874	-0.03946	0.01283	-0.30618
26477	0.00000		-0.04155	-0.02837	0.04228	0.30618
26497	0.00000		0.02227	-0.00770	0.05913	0.00000
26517	0.00000		0.01451	0.03301	0.04320	0.00000
26537	0.00000		0.01428	0.00877	0.02650	0.30642
26557	0.00000		0.02536	0.07902	0.03212	-0.30600
26577	0.00000		0.05977	-0.05047	0.01684	0.00000
26597	0.00000		0.02202	-0.00100	0.05282	-0.30576
26617	0.00000		0.05095	-0.04757	0.01308	0.30600
26637	0.00000		0.00590	0.00088	0.06186	0.30594
26657	0.00000		0.03807	-0.04197	0.00615	-0.30594
26677	0.00000		0.01211	0.00522	0.04192	-0.30631
26697	0.00000		0.03274	-0.00892	0.05885	-0.30606
26717	0.00000		0.05569	-0.04403	0.07503	0.30625
26737	0.00000		-0.01007	-0.00198	0.04062	0.30539
26757	0.00000		0.00672	-0.00571	0.04228	0.00000
26777	0.00000		0.03784	-0.03683	0.00939	-0.30588
26797	0.00000		0.01757	-0.05158	0.02914	0.30576
26817	0.00000		0.01863	-0.03908	0.03091	-0.61212
26837	0.00000		0.15863	-0.08235	0.00575	-0.91727
26857	0.00000		0.02273	-0.04017	0.01534	0.61115
26877	0.00000		0.02749	-0.10660	0.04133	-0.30588
26897	0.00000		0.06133	-0.05188	0.01087	0.33110
26917	0.00000		0.01623	-0.04631	0.02914	0.00000
26937	0.00000		0.00387	-0.01181	0.02980	0.00000
26957	0.00000		0.03749	-0.02202	0.05826	-0.30588
26977	0.00000		0.04162	-0.04046	0.08613	0.30625
26997	0.00000		0.02120	-0.02317	0.04705	0.30588
27017	0.00000		0.00835	-0.02061	0.00295	0.00000
27037	0.00000		0.03046	-0.01850	0.04671	0.00000
27057	0.00000		0.00732	-0.03947	0.02747	-0.30618
27077	0.00000		0.00570	0.00177	0.04386	-0.30588
27097	0.00000		0.00900	-0.02615	0.01058	0.00000
27117	0.00000		0.03687	-0.01835	0.05342	0.30606
27137	0.00000		-0.03995	-0.00867	0.00616	0.30618
27157	0.00000		0.02287	-0.01984	0.05517	0.61164
27177	0.00000		0.01391	-0.02651	0.00747	0.30637
27197	0.00000		0.01902	-0.01467	0.04925	0.00000
27217	0.00000		0.01952	-0.06052	0.03137	0.30594
27237	0.00000		0.02136	-0.04092	0.01940	0.61151
27257	0.00000		-0.01614	-0.00502	0.04974	0.00000
27277	0.00000		0.02297	-0.01538	0.04482	-0.30631
27297	0.00000		0.03342	-0.04813	0.08083	0.30625
27317	0.00000		0.01432	-0.01616	0.03328	0.30588
27337	0.00000		0.01391	-0.02651	0.00675	0.00000
27357	0.00000		0.01570	0.06419	0.02616	0.00000
27377	0.00000		-0.04530	0.00364	0.04417	0.00000
27397	0.00000		-0.07748	-0.04052	0.10462	24.05035
27417	0.00000		-0.00818	0.10413	0.03556	-0.91837
27437	0.00000		0.01536	-0.04585	0.03137	0.30570
27457	0.00000		0.01597	-0.03981	0.04127	0.00000
27477	0.00000		-0.01218	0.00228	0.04974	0.00000
27497	0.00000		-0.00558	-0.02835	0.01455	-0.61249
27517	0.00000		0.01053	0.08551	0.02778	0.30594
27537	0.00000		0.06260	-0.01089	0.02879	-24.15477
27557	0.00000		0.00567	-0.04268	0.02747	0.61127
27577	0.00000		0.03242	-0.02227	0.05238	0.30600
27597	0.00000		0.02149	0.01127	0.02512	0.00000
27617	0.00000		0.01070	0.00085	0.05705	0.00000
27637	0.00000		0.06369	-0.03691	0.00104	1.22351
27657	0.00000		0.00293	0.06066	0.04076	-1.52756
27677	0.00000		0.00917	0.00041	0.05137	-0.66191
27697	0.00000		0.00236	-0.01100	0.04374	0.30612
27717	0.00000		0.03689	-0.01045	0.05238	-0.30600
27737	0.00000		0.03060	-0.02457	0.04362	0.30576
27757	0.00000		0.01985	-0.04200	0.02257	-0.30618
27777	0.00000		0.00947	-0.00127	0.06510	-0.91764
27797	0.00000		-0.03203	0.00558	0.04309	0.30564
27817	0.00000		-0.01587	-0.03127	0.01880	-0.30625
27837	0.00000		0.01541	0.06100	0.02446	0.00000
27857	0.00000		0.00961	-0.00360	0.04150	0.00000
27877	0.00000		0.01584	-0.03734	0.02862	0.30606
27897	0.00000		0.02058	0.04784	0.02906	0.00000
27917	0.00000		-0.04394	0.02035	0.04699	0.30625
27937	0.00000		0.02778	-0.04028	0.04323	0.00000
27957	0.00000		0.02019	-0.01610	0.05517	0.30600
27977	0.00000		0.01556	-0.01531	0.02862	0.00000
27997	0.00000		0.01399	-0.04820	0.02993	-0.30606
28017	0.00000		0.14098	-0.07311	0.01280	-0.30576
28037	0.00000		0.02498	-0.04408	0.03725	0.61115
28057	0.00000		0.01747	-0.11229	0.03086	-0.30588
28077	0.00000		0.00262	-0.04836	0.02584	0.33089
28097	0.00000		0.02001	-0.03756	0.02693	-0.30576
28117	0.00000		0.00860	-0.02198	0.01158	0.00000
28137	0.00000		0.01764	-0.00633	0.05726	-0.30631
28157	0.00000		0.01273	-0.04041	0.17902	0.00000
28177	0.00000		0.03042	0.02661	0.02693	-0.30612
28197	0.00000		0.01255	-0.02718	0.00728	0.30637
28217	0.00000		0.03279	-0.02172	0.05279	-0.30600
28237	0.00000		0.00596	-0.00048	0.04541	0.00000
28257	0.00000		0.01211	-0.04247	0.03137	0.30576
28277	0.00000		-0.01301	-0.00906	0.05128	0.00000
28297	0.00000		0.02363	-0.02365	0.03889	-0.30594
28317	0.00000		0.02699	0.09111	0.02850	0.30600
28337	0.00000		0.01055	0.00271	0.04320	-0.30600
28357	0.00000		0.03742	-0.01248	0.05859	0.00000
28377	0.00000		-0.03825	0.00612	0.04907	0.00000
28397	0.00000		0.01390	-0.04761	0.02932	0.00000
28417	0.00000		0.02708	-0.03691	0.02693	0.00000
28437	0.00000		-0.00871	0.00125	0.04218	0.00000
28457	0.00000		0.03971	-0.02259	0.02850	0.00000
28477	0.00000		0.01087	-0.00082	0.07901	0.00000
28497	0.00000		-0.00674	-0.00340	0.04810	0.30612
28517	0.00000		-0.01286	-0.00928	0.04109	0.00000
28537	0.00000		-0.06763	0.02889	0.05379	0.00000
28557	0.00000		-0.02097	-0.05112	0.18823	28.45606
28577	0.00000		0.02556	-0.03492	0.01814	-1.52879
28597	0.00000		0.02433	-0.02696	0.01507	-0.30551
28617	0.00000		0.04508	-0.02942	0.03891	0.30564
28637	0.00000		0.01261	-0.00116	0.05912	-0.33096
28657	0.00000		0.01799	0.09107	0.02117	0.00000
28677	0.00000		0.02268	0.03759	0.06027	-23.86804
28697	0.00000		0.21867	-0.09807	0.01110	-0.30576
28717	0.00000		0.02846	-0.03820	0.02693	0.30618
28737	0.00000		0.03136	-0.03979	0.02906	0.00000
28757	0.00000		-0.00567	0.00043	0.05385	-0.30606
28777	0.00000		0.01267	0.00012	0.04997	-0.30600
28797	0.00000		0.10088	-0.05384	0.01098	0.00000
28817	0.00000		0.00855	0.04506	0.03495	0.00000
28837	0.00000		0.03264	-0.01133	0.05885	-0.30600
28857	0.00000		0.03393	-0.01592	0.05727	0.30575
28877	0.00000		0.02956	-0.03952	0.01961	-0.30618
28897	0.00000		0.01756	0.00093	0.05468	-0.61127
28917	0.00000		0.03170	-0.02403	0.02690	0.30606
28937	0.00000		0.02611	-0.01080	0.05278	0.00000
28957	0.00000		0.18655	-0.06646	0.00616	0.30618
28977	0.00000		0.01558	0.07314	0.02040	0.00000
28997	0.00000		0.03084	-0.01086	0.04727	0.00000
29017	0.00000		0.21864	-0.07983	0.04176	0.00000
29037	0.00000		0.00972	-0.00702	0.01923	0.00000
29057	0.00000		0.01934	-0.03769	0.02693	-0.30575
29077	0.00000		0.01464	-0.02029	0.01109	-0.61212
29097	0.00000		-0.01976	-0.03060	0.03078	0.00000
29117	0.00000		0.00629	-0.01278	0.04773	0.00000
29137	0.00000		0.00114	0.03868	0.04150	-0.30600
29157	0.00000		0.03510	-0.00927	0.05536	0.00000
29177	0.00000		-0.11946	0.02882	0.05078	0.00000
29197	0.00000		-0.01242	0.10437	0.03662	-0.30600
29217	0.00000		0.02249	-0.03699	0.02629	0.00000
29237	0.00000		-0.01482	-0.00894	0.04186	0.30564
29257	0.00000		-0.06212	-0.01269	0.05806	24.16922
29277	0.00000		0.02678	-0.00503	0.04393	-0.61176
29297	0.00000		0.01824	-0.03012	0.00295	0.00000
29317	0.00000		0.02162	-0.03103	0.01961	0.00000
29337	0.00000		0.00958	0.00608	0.04669	-0.30600
29357	0.00000		0.02706	-0.01038	0.05100	0.00000
29377	0.00000		0.19169	-0.07470	0.01430	0.00000
