--- Terminal on /dev/ttyUSB0 | 115200 8-N-1
--- Available filters and text transformations: colorize, debug, default, direct, esp32_exception_decoder, hexlify, log2file, nocontrol, printable, send_on_enter, time
--- More details at https://bit.ly/pio-monitor-filters
--- Quit: Ctrl+C | Menu: Ctrl+T | Help: Ctrl+T followed by Ctrl+H
MOT: Init
MOT: Enable driver.
MOT: Align sensor.
MOT: sensor_direction==CW
MOT: PP check: OK!
MOT: Zero elec. angle: 3.67
MOT: Align current sense.
CS: Inv B
MOT: Success: 3
MOT: Ready.
MOT: Monitor enabled!
ESP32-DRV: Configuring 3PWM in group: 1 on timer: 0
ESP32-DRV: Configuring 2 operators.
ESP32-DRV: Configuring 3 comparators.
ESP32-DRV: Configuring 3 generators.
ESP32-DRV: Configuring center-aligned pwm.
ESP32-DRV: Enabling timer: 0
ESP32-DRV: MCPWM configured!
MOT: Init
MOT: Enable driver.
MOT: Align sensor.
MOT: sensor_direction==CW
MOT: PP check: OK!
MOT: Zero elec. angle: 0.67
MOT: Align current sense.
CS: Inv B
MOT: Success: 3
MOT: Ready.
0	-1.000	-0.112	0.067	0.085	6.239	0.000	-0.046	-0.108	0.121	1.881	0.035
16723	-1.000	-0.537	0.352	0.669	5.663	-41.282	-1.101	0.039	1.145	1.325	-37.211
16743	-1.000	-0.331	0.313	0.475	4.826	-42.639	0.072	1.031	1.025	0.647	-35.368
16763	-1.000	-0.739	0.626	0.906	4.099	-34.648	0.694	1.047	1.306	6.222	-36.156
16783	-1.000	-0.875	0.592	1.000	3.537	-29.061	-0.819	0.992	1.337	5.535	-36.198
16803	-1.000	-0.865	0.673	1.092	2.988	-31.384	-1.286	-0.496	1.418	4.886	-34.332
16823	-1.000	-0.636	0.525	0.871	2.376	-33.805	-0.705	-0.854	1.142	4.248	-34.451
16843	-1.000	-0.764	0.620	0.940	1.786	-29.717	0.119	-1.173	1.225	3.560	-35.633
16863	-1.000	-0.776	0.423	0.928	1.348	-22.457	0.017	1.028	1.049	2.836	-38.765
16883	-1.000	-0.909	0.373	0.964	0.979	-19.190	0.974	-0.438	1.071	2.068	-37.781
16903	-1.000	-0.851	0.422	0.974	0.620	-19.365	-1.267	-0.335	1.350	1.359	-36.913
16923	-1.000	-0.795	0.616	0.919	0.169	-26.265	1.176	-0.375	1.326	0.686	-35.941
16943	-1.000	-0.495	0.604	0.852	5.811	-38.372	1.224	0.296	1.324	0.017	-36.544
16963	-1.000	-0.395	0.361	0.556	4.992	-43.679	0.405	-1.147	1.265	5.616	-36.053
16983	-1.000	-0.737	0.457	0.893	4.249	-35.642	-0.730	-0.998	1.295	4.958	-34.895
17003	-1.000	-0.911	0.568	0.978	3.639	-29.151	-0.237	-1.216	1.300	4.294	-34.174
17023	-1.000	-0.815	0.498	0.932	3.108	-30.188	1.140	-0.400	1.262	3.628	-36.205
17043	-1.000	-0.689	0.636	0.887	2.487	-33.831	0.552	0.804	0.953	2.916	-38.602
17063	-1.000	-0.840	0.524	0.955	1.888	-30.165	-0.591	0.986	1.215	2.183	-34.036
17083	-1.000	-0.854	0.469	0.959	1.425	-23.399	0.232	-1.081	1.134	1.482	-36.700
17103	-1.000	-0.872	0.433	0.990	1.055	-19.019	-0.536	1.247	1.409	0.781	-35.272
17123	-1.000	-0.925	0.488	0.960	0.693	-18.934	0.872	-0.632	1.088	0.097	-36.695
17143	-1.000	-0.890	0.454	0.939	0.275	-24.127	-0.874	0.613	1.082	5.691	-36.552
17163	-1.000	-0.702	0.341	0.822	5.958	-36.467	-1.035	-0.412	1.135	5.016	-34.042
17183	-1.000	-0.157	0.421	0.429	5.123	-44.227	0.373	1.144	1.232	4.392	-33.786
17203	-1.000	-0.653	0.384	0.781	4.350	-37.135	1.041	-0.434	1.151	3.766	-35.084
17223	-1.000	-0.839	0.557	0.942	3.723	-29.267	1.057	0.318	1.163	3.039	-37.861
17243	-1.000	-0.868	0.579	1.032	3.194	-29.346	-1.006	0.656	1.268	2.296	-38.846
17263	-1.000	-0.669	0.718	0.957	2.592	-34.188	-0.789	-0.787	1.085	1.600	-36.835
17283	-1.000	-0.806	0.407	0.911	1.982	-32.094	0.149	-1.119	1.164	0.910	-35.992
17303	-1.000	-1.002	0.392	0.964	1.470	-23.242	1.215	0.299	1.296	0.224	-35.384
17323	-1.000	-0.981	0.466	0.965	1.081	-19.238	-1.216	-0.211	1.336	5.818	-36.418
17343	-1.000	-0.903	0.391	0.946	0.727	-19.682	1.233	0.644	1.423	5.165	-34.241
17363	-1.000	-0.898	0.391	0.996	0.319	-23.723	-1.141	-0.200	1.174	4.528	-34.108
17383	-1.000	-0.648	0.645	0.912	6.016	-35.390	-0.503	-1.019	1.261	3.859	-34.418
17403	-1.000	-0.224	0.418	0.451	5.217	-44.506	-1.159	0.182	1.212	3.175	-37.770
17423	-1.000	-0.619	0.486	0.818	4.438	-38.567	-0.830	0.554	0.976	2.430	-39.920
17443	-1.000	-0.809	0.414	0.922	3.792	-30.537	-0.839	-0.610	1.082	1.675	-37.010
17463	-1.000	-0.770	0.478	0.946	3.255	-28.747	0.730	-1.008	1.286	0.986	-35.220
17483	-1.000	-0.610	0.456	0.840	2.661	-33.392	1.057	-0.300	1.102	0.347	-35.529
17503	-1.000	-0.860	0.662	1.102	2.033	-32.322	1.091	0.217	1.137	5.952	-36.149
17523	-1.000	-0.856	0.484	0.972	1.539	-25.206	-0.538	1.032	1.197	5.283	-34.964
17543	-1.000	-1.040	0.577	0.942	1.150	-19.006	-0.056	-1.049	1.054	4.653	-34.181
17563	-1.000	-0.867	0.381	0.952	0.782	-19.335	0.174	1.143	1.201	3.999	-34.492
17583	-1.000	-0.855	0.391	0.953	0.391	-22.824	-0.007	-1.029	0.959	3.313	-37.074
17603	-1.000	-0.654	0.616	0.890	6.119	-32.739	1.016	0.517	1.170	2.569	-39.287
17623	-1.000	-0.436	0.549	0.700	5.343	-43.862	1.138	0.114	1.178	1.848	-37.342
17643	-1.000	-0.495	0.412	0.701	4.545	-40.775	0.618	-1.003	1.231	1.146	-36.552
17663	-1.000	-0.765	0.519	0.925	3.902	-30.431	0.837	-0.851	1.236	0.474	-35.336
17683	-1.000	-0.764	0.518	0.926	3.324	-29.094	0.815	0.773	1.147	6.048	-36.467
17703	0.000	-0.691	0.420	0.827	2.741	-32.947	-0.384	1.226	1.337	5.352	-35.591
17723	0.000	-0.002	0.113	0.115	3.016	27.837	-0.009	-0.026	0.027	5.332	5.325
17743	0.000	-0.069	0.062	0.022	3.435	18.822	-0.028	-0.003	0.029	5.303	-2.354
17763	0.000	-0.018	-0.028	0.151	3.651	8.608	0.035	0.005	0.038	5.265	-1.485
17783	0.000	0.011	-0.044	0.063	3.764	6.243	0.098	0.020	0.029	5.278	1.486
17803	0.000	-0.021	-0.045	0.029	3.873	3.597	0.021	0.031	0.044	5.275	0.299
17823	0.000	0.027	0.007	0.042	3.859	-1.488	-0.070	-0.008	0.082	5.272	-0.597
17843	0.000	-0.002	-0.033	0.011	3.856	0.302	0.010	-0.005	0.079	5.275	0.302
17863	0.000	-0.005	-0.030	0.027	3.853	-0.905	0.005	0.004	0.019	5.272	-0.302
17883	0.000	-0.074	-0.044	0.055	3.852	0.603	-0.008	-0.029	0.029	5.281	0.604
17903	0.000	0.022	-0.020	0.046	3.861	1.055	0.036	0.048	0.011	5.272	-0.352
17923	0.000	0.053	-0.108	0.032	3.841	-2.413	0.006	-0.006	0.020	5.274	-0.302
17943	0.000	0.056	0.001	0.027	3.832	0.906	0.007	0.018	0.073	5.277	0.302
17963	0.000	-0.011	-0.031	0.030	3.835	0.000	0.000	-0.012	0.014	5.274	0.000
17983	0.000	-0.023	-0.045	0.017	3.833	-0.302	-0.007	-0.005	0.005	5.274	-0.302
18003	0.000	-0.004	-0.041	0.004	3.843	0.906	-0.004	0.041	0.019	5.271	-0.604
18023	0.000	0.009	-0.002	0.021	3.841	-0.352	0.010	-0.000	0.003	5.291	0.000
18043	0.000	0.009	-0.045	0.019	3.843	0.000	-0.013	-0.031	0.033	5.274	-0.302
18063	0.000	0.012	-0.019	0.012	3.843	-0.302	0.003	0.009	0.026	5.277	0.302
18083	0.000	-0.005	-0.011	0.037	3.843	0.000	-0.002	0.023	0.057	5.274	-0.352
18103	0.000	0.015	-0.015	0.040	3.838	0.302	0.026	0.017	0.035	5.278	0.000
18123	0.000	0.009	-0.009	0.022	3.833	-0.302	-0.009	-0.033	0.030	5.275	-0.302
18143	0.000	0.281	0.155	0.115	3.843	0.352	-0.009	0.024	0.116	5.275	-0.352
18163	0.000	-0.013	-0.012	0.022	3.853	-0.604	-0.007	-0.005	0.012	5.274	0.604
18183	0.000	-0.037	0.011	0.065	3.853	-0.302	0.007	-0.005	0.014	5.275	0.604
18203	0.000	-0.017	-0.020	0.013	3.835	-0.352	-0.008	0.021	0.022	5.275	0.352
18223	0.000	-0.011	-0.040	0.009	3.847	1.208	0.012	-0.011	0.018	5.274	0.302
18243	0.000	-0.020	-0.008	0.029	3.835	-0.302	-0.006	0.022	0.027	5.275	0.604
18263	0.000	0.020	-0.023	0.058	3.852	1.055	0.026	0.009	0.025	5.272	-0.352
18283	0.000	0.098	-0.132	0.011	3.875	0.297	0.002	-0.031	0.043	5.274	-0.594
18303	0.000	-0.016	-0.009	0.013	3.843	-2.717	-0.026	0.005	0.026	5.269	0.000
18323	0.000	-0.031	-0.027	0.028	3.823	-0.604	0.030	0.016	0.061	5.274	0.000
18343	0.000	0.016	-0.040	0.023	3.830	0.603	-0.021	-0.036	0.013	5.262	-0.905
18363	0.000	-0.020	-0.028	0.017	3.838	-0.604	-0.005	-0.001	0.012	5.272	0.302
18383	0.000	-0.016	-0.010	0.049	3.833	0.000	0.029	0.011	0.019	5.272	0.604
18403	0.000	-0.021	-0.035	0.014	3.806	0.302	0.006	-0.006	0.107	5.272	0.604
18423	0.000	-0.018	-0.028	0.011	3.810	0.000	0.020	0.093	0.029	5.268	-0.603
18443	0.000	0.018	-0.032	0.020	3.812	0.000	-0.044	-0.032	0.054	5.272	-0.604
18463	0.000	0.006	-0.042	0.018	3.812	0.000	-0.014	-0.019	0.037	5.271	0.352
18483	0.000	0.007	-0.037	0.027	3.812	0.000	-0.010	-0.033	0.027	5.288	0.000
18503	0.000	0.011	-0.035	0.031	3.813	0.000	0.016	-0.034	0.039	5.277	0.000
18523	0.000	-0.027	-0.032	0.010	3.807	-0.905	0.031	0.008	0.031	5.278	0.000
18543	0.000	-0.018	-0.037	0.006	3.810	0.302	0.012	0.099	0.029	5.278	-0.302
18563	0.000	0.032	-0.023	0.023	3.818	0.604	0.022	-0.048	0.051	5.277	0.000
18583	0.000	-0.027	-0.032	0.010	3.810	-0.905	0.005	0.001	0.026	5.275	-0.603
18603	0.000	0.008	-0.037	0.020	3.812	0.000	-0.013	-0.030	0.030	5.280	0.302
18623	0.000	0.010	-0.013	0.038	3.817	0.603	0.029	-0.021	0.030	5.277	0.000
18643	0.000	-0.027	-0.032	0.010	3.810	-0.302	-0.015	0.011	0.027	5.266	-1.207
18663	0.000	-0.034	-0.040	0.030	3.813	0.000	0.019	-0.025	0.028	5.257	1.508
18683	0.000	-0.007	-0.037	0.070	3.812	0.302	-0.033	-0.029	0.009	5.286	0.000
18703	-1.000	0.013	-0.032	0.019	3.820	0.000	-0.006	0.021	0.022	5.269	-0.704
18723	-1.000	-0.940	0.720	1.232	3.369	-29.317	-1.086	-0.322	1.156	4.717	-35.220
18743	-1.000	-0.589	0.481	0.866	2.780	-33.030	-0.656	-0.887	1.121	4.059	-34.545
18763	-1.000	-0.762	0.546	0.925	2.154	-32.475	-0.152	-1.005	1.023	3.393	-36.257
18783	-1.000	-0.840	0.530	0.981	1.614	-25.734	1.099	0.150	1.121	2.654	-38.719
18803	-1.000	-0.864	0.435	0.932	1.213	-20.627	-1.113	-0.493	1.323	1.931	-37.221
18823	-1.000	-0.919	0.374	0.966	0.862	-18.615	0.569	1.059	1.255	1.239	-35.850
18843	-1.000	-0.835	0.445	0.937	0.471	-21.719	0.003	-1.055	1.043	0.541	-35.667
18863	-1.000	-0.785	0.525	0.929	6.245	-30.632	0.986	0.506	1.151	6.145	-35.737
18883	-1.000	-0.269	0.440	0.502	5.510	-42.065	1.220	-0.040	1.261	5.469	-35.264
18903	-1.000	-0.592	0.715	0.927	4.696	-42.429	-0.639	-0.897	1.126	4.838	-33.460
18923	-1.000	-0.706	0.565	0.914	4.005	-32.632	-1.201	-0.259	1.243	4.200	-33.838
18943	-1.000	-0.736	0.577	0.816	3.447	-29.021	-0.264	-1.188	1.273	3.524	-35.791
18963	-1.000	-0.808	0.767	1.124	2.888	-32.329	1.036	0.207	1.060	2.807	-39.030
18983	-1.000	-0.662	0.464	0.864	2.275	-33.470	-0.013	1.059	1.075	2.062	-37.942
19003	-1.000	-0.745	0.538	0.928	1.704	-27.599	-1.237	0.311	1.337	1.355	-36.530
19023	-1.000	-0.898	0.440	1.039	1.276	-22.007	0.885	-0.796	1.308	0.680	-36.057
19043	-1.000	-1.015	0.328	1.005	0.911	-18.492	-1.040	0.183	1.057	6.268	-36.325
19063	-1.000	-0.851	0.432	0.931	0.538	-20.133	1.060	0.444	1.163	5.573	-36.066
19083	-1.000	-0.938	0.448	0.922	0.055	-28.921	-0.731	0.875	1.166	4.923	-34.239
19103	-1.000	-0.597	0.576	0.866	5.642	-41.084	-0.064	1.194	1.275	4.304	-33.720
19123	-1.000	-0.471	0.303	0.569	4.812	-43.311	0.929	-0.532	1.081	3.675	-35.247
19143	-1.000	-0.734	0.653	1.009	4.102	-32.871	0.648	-0.960	1.193	2.961	-38.513
19163	-1.000	-0.895	0.582	1.065	3.548	-29.093	0.548	0.983	1.154	2.232	-39.794
19183	-1.000	-0.807	0.677	1.018	2.979	-31.644	-1.073	-0.006	1.082	1.485	-36.960
19203	-1.000	-0.712	0.442	0.870	2.355	-33.759	-0.971	-0.790	1.294	0.793	-35.529
19223	-1.000	-0.701	0.531	0.911	1.766	-28.853	-0.312	-1.029	1.195	0.150	-35.073
19243	-1.000	-0.848	0.485	0.901	1.327	-22.668	0.862	0.762	1.190	5.752	-36.396
19263	-1.000	-0.886	0.360	0.930	0.973	-19.727	-0.690	-0.936	1.197	5.096	-33.859
19283	-1.000	-1.178	0.358	0.943	0.615	-19.234	0.963	0.700	1.250	4.475	-33.193
19303	-1.000	-0.809	0.432	0.932	0.153	-27.095	-1.094	0.638	1.314	3.840	-34.768
19323	-1.000	-0.574	0.429	0.737	5.755	-39.516	-1.123	0.428	1.245	3.142	-36.623
19343	-1.000	-0.255	0.225	0.378	4.923	-43.389	-0.159	1.140	1.181	2.408	-38.719
19363	-1.000	-0.704	0.626	0.914	4.189	-35.175	0.008	1.051	1.056	1.697	-37.211
19383	-1.000	-0.890	0.535	0.957	3.620	-29.162	-1.081	0.179	1.120	1.008	-36.006
19403	-1.000	-0.855	0.586	0.966	3.077	-30.092	-0.358	-1.210	1.317	0.318	-35.996
19423	-1.000	-0.705	0.446	0.843	2.464	-33.873	0.332	-1.105	1.193	5.944	-37.196
19443	-1.000	-0.863	0.610	1.046	1.836	-29.869	0.893	-0.694	1.180	5.251	-34.594
19463	-1.000	-0.899	0.445	0.915	1.388	-22.559	0.414	1.028	1.121	4.637	-33.567
19483	-1.000	-0.894	0.383	0.961	1.025	-19.716	-0.876	-0.861	1.271	4.008	-34.904
19503	-1.000	-0.890	0.450	0.926	0.669	-19.534	0.436	1.031	1.161	3.327	-36.785
19523	-1.000	-0.851	0.443	0.994	0.233	-25.192	-0.344	-1.224	1.321	2.588	-38.669
19543	-1.000	-0.459	0.432	0.777	5.900	-37.137	1.026	-0.336	1.109	1.871	-36.802
19563	-1.000	-0.345	0.621	0.695	5.050	-43.336	0.049	-1.139	1.179	1.137	-36.502
19583	-1.000	-0.644	0.715	0.928	4.307	-37.305	-0.783	-0.760	1.114	0.463	-35.743
19603	-1.000	-0.839	0.553	0.987	3.723	-29.864	0.407	-0.992	1.087	6.055	-36.101
19623	-1.000	-0.488	0.530	0.876	3.172	-30.024	1.317	0.321	1.397	5.358	-35.232
19643	-1.000	-0.676	0.545	0.850	2.566	-34.219	0.646	0.925	1.168	4.717	-34.188
19663	-1.000	-0.867	0.662	1.011	1.931	-30.579	0.368	1.108	1.213	4.039	-34.728
19683	-1.000	-0.763	0.447	0.948	1.463	-23.982	-1.144	-0.112	1.187	3.373	-36.707
19703	0.000	-0.901	0.399	1.027	1.083	-19.515	0.803	0.601	0.987	2.646	-38.809
19723	0.000	0.034	0.006	0.024	1.491	36.552	0.008	-0.021	0.026	2.534	1.198
19743	0.000	0.057	0.190	0.211	2.145	31.131	0.018	-0.042	0.037	2.516	-1.370
19763	0.000	-0.020	0.078	0.065	2.612	19.230	0.016	0.054	0.068	2.505	-0.591
19783	0.000	0.019	0.046	0.093	2.916	12.680	-0.020	-0.043	0.050	2.480	-1.178
19803	0.000	-0.011	0.010	0.011	3.048	4.752	-0.017	0.028	0.033	2.411	-4.752
19823	0.000	0.005	-0.022	0.031	3.135	3.861	0.044	-0.012	0.028	2.376	0.594
19843	0.000	0.067	-0.038	0.049	3.183	2.424	0.002	-0.002	0.119	2.396	1.039
19863	0.000	-0.030	-0.027	0.034	3.232	2.091	-0.048	-0.040	0.037	2.387	-0.598
19883	0.000	0.027	-0.021	0.016	3.231	-0.302	0.057	0.036	0.022	2.393	0.604
19903	0.000	-0.026	-0.016	0.020	3.227	0.302	0.042	-0.020	0.030	2.393	0.000
19923	0.000	0.010	-0.015	0.038	3.224	0.000	-0.126	-0.051	0.010	2.391	-0.292
19943	0.000	-0.014	-0.028	0.004	3.252	0.905	-0.005	-0.019	0.020	2.393	0.000
19963	0.000	0.174	0.064	0.021	3.235	-0.906	-0.021	-0.039	0.043	2.388	0.604
19983	0.000	-0.007	0.001	0.052	3.247	0.599	0.070	-0.006	0.075	2.387	0.300
20003	0.000	0.008	-0.029	0.019	3.238	-0.603	0.008	0.001	0.055	2.393	-0.603
20023	0.000	0.008	-0.030	0.020	3.244	-0.302	0.004	0.010	0.011	2.390	0.604
20043	0.000	-0.022	-0.003	0.005	3.238	-0.603	0.004	0.017	0.013	2.395	0.000
20063	0.000	-0.020	-0.040	0.005	3.238	-0.302	0.009	0.039	0.046	2.391	0.000
20083	0.000	-0.024	-0.030	0.008	3.235	-0.302	-0.000	0.007	0.009	2.393	0.603
20103	0.000	-0.167	-0.111	0.041	3.241	0.603	-0.010	-0.043	0.038	2.395	0.604
20123	0.000	-0.002	-0.014	0.024	3.238	-0.351	0.006	0.013	0.022	2.381	-1.053
20143	0.000	-0.023	-0.038	0.013	3.235	0.302	-0.002	-0.014	0.089	2.388	0.302
20163	0.000	-0.023	-0.060	0.014	3.241	0.000	0.092	0.046	0.011	2.388	1.180
20183	0.000	0.003	-0.002	0.028	3.238	0.000	0.008	0.012	0.020	2.398	-0.302
20203	0.000	-0.002	0.001	0.043	3.237	-0.702	-0.028	0.002	0.037	2.384	-0.702
20223	0.000	0.109	0.039	0.008	3.240	0.604	-0.107	-0.042	0.040	2.390	0.604
20243	0.000	-0.001	-0.015	0.030	3.238	0.302	-0.019	-0.027	0.044	2.391	0.302
20263	0.000	0.023	-0.041	0.045	3.240	0.000	-0.030	-0.038	0.039	2.385	-0.604
20283	0.000	0.164	0.083	0.002	3.240	-0.302	-0.028	-0.037	0.054	2.390	-0.302
20303	0.000	-0.016	-0.027	0.031	3.237	0.906	0.033	-0.019	0.029	2.407	0.000
20323	0.000	-0.024	-0.024	0.029	3.232	-0.603	0.003	-0.004	0.006	2.398	-0.302
20343	0.000	-0.025	-0.040	0.056	3.232	0.000	-0.007	-0.029	0.023	2.393	-0.604
20363	0.000	-0.032	-0.189	0.023	3.231	0.000	0.180	0.059	0.044	2.396	0.352
20383	0.000	-0.027	-0.054	0.020	3.231	0.000	0.090	0.018	0.029	2.395	1.207
20403	0.000	0.007	-0.005	0.027	3.234	0.000	0.007	0.014	0.022	2.395	0.000
20423	0.000	0.046	-0.016	0.045	3.229	0.000	-0.112	-0.054	0.028	2.387	-1.399
20443	0.000	-0.030	-0.033	0.001	3.229	-0.603	-0.037	0.002	0.043	2.390	-0.302
20463	0.000	0.010	-0.050	0.044	3.229	0.690	-0.024	-0.023	0.045	2.398	0.694
20483	0.000	-0.023	0.021	0.047	3.251	0.603	-0.040	-0.042	0.046	2.388	-0.603
20503	0.000	-0.020	-0.019	0.059	3.243	0.000	-0.014	-0.041	0.035	2.396	0.603
20523	0.000	0.060	-0.037	0.076	3.247	0.000	-0.021	-0.032	0.045	2.385	-0.604
20543	0.000	-0.003	-0.036	0.012	3.247	-0.297	0.014	0.028	0.016	2.391	2.078
20563	0.000	-0.020	-0.030	0.031	3.244	-0.302	0.002	-0.005	0.005	2.393	-0.905
20583	0.000	-0.018	-0.037	0.077	3.241	0.000	0.040	0.002	0.029	2.388	-0.604
20603	0.000	-0.071	-0.035	0.054	3.243	-0.352	0.028	-0.010	0.030	2.399	0.704
20623	0.000	-0.003	-0.020	0.056	3.235	-0.297	0.007	0.012	0.058	2.384	-0.297
20643	0.000	-0.015	-0.024	0.029	3.238	-0.302	0.009	0.009	0.011	2.393	0.302
20663	0.000	0.024	-0.021	0.015	3.241	0.604	0.041	-0.013	0.032	2.391	0.604
20683	0.000	-0.019	-0.024	0.025	3.235	-0.302	0.006	0.007	0.019	2.395	-0.302
20703	-1.000	-0.041	-0.032	0.027	3.246	0.302	-0.027	-0.006	0.024	2.390	0.302
20723	-1.000	-0.678	0.558	0.867	2.758	-33.174	-1.243	-0.026	1.273	1.822	-37.883
20743	-1.000	-0.763	0.724	1.067	2.123	-32.581	-0.962	-0.667	1.217	1.140	-36.375
20763	-1.000	-0.859	0.607	0.979	1.611	-26.217	0.728	-0.779	1.074	0.469	-35.480
20783	-1.000	-0.891	0.458	0.943	1.212	-20.102	-0.659	0.823	1.051	6.064	-37.533
20803	-1.000	-0.934	0.371	0.954	0.845	-18.314	1.177	-0.370	1.293	5.354	-35.420
20823	-1.000	-0.836	0.442	0.949	0.463	-21.651	-1.141	0.370	1.254	4.709	-33.759
20843	-1.000	-0.767	0.528	0.930	6.234	-30.876	-0.385	-0.995	1.077	4.067	-33.626
20863	-1.000	-0.216	0.282	0.401	5.502	-42.307	-0.920	-0.501	1.045	3.405	-36.418
20883	-1.000	-0.427	0.692	0.801	4.676	-41.403	-0.876	0.751	1.210	2.657	-38.947
20903	-1.000	-0.691	0.653	0.988	4.013	-33.828	-1.194	0.059	1.245	1.936	-38.686
20923	-1.000	-0.822	0.549	0.921	3.461	-29.766	-0.003	-1.114	1.143	1.238	-36.367
20943	-1.000	-0.747	0.705	1.057	2.882	-32.360	1.080	0.090	1.110	0.540	-35.516
20963	-1.000	-0.751	0.460	0.907	2.253	-33.825	1.051	0.662	1.288	6.128	-36.170
20983	-1.000	-0.659	0.516	0.882	1.678	-27.605	-0.097	1.326	1.364	5.444	-35.605
21003	-1.000	-0.867	0.516	0.932	1.258	-22.142	-0.688	-1.054	1.307	4.800	-34.239
21023	-1.000	-0.962	0.378	0.979	0.902	-18.787	0.676	0.894	1.134	4.163	-32.511
21043	-1.000	-0.775	0.417	0.909	0.535	-20.586	-0.649	-0.823	1.072	3.510	-36.425
21063	-1.000	-0.636	0.583	0.914	0.023	-29.267	0.857	0.515	1.004	2.749	-39.052
21083	-1.000	-0.389	0.599	0.449	5.604	-41.949	0.795	1.046	1.372	2.017	-38.171
21103	-1.000	-0.468	0.696	0.836	4.771	-41.949	1.043	-0.458	1.115	1.322	-36.680
21123	-1.000	-0.731	0.598	0.929	4.096	-33.522	0.976	-0.413	1.060	0.644	-35.674
21143	-1.000	-0.862	0.533	1.036	3.533	-29.126	0.594	0.935	1.130	6.239	-36.086
21163	-1.000	-0.769	0.634	0.932	2.967	-31.306	-0.905	0.903	1.328	5.533	-35.406
21183	-1.000	-0.732	0.574	0.925	2.344	-34.062	-1.232	0.562	1.400	4.887	-34.653
21203	-1.000	-0.757	0.554	0.921	1.756	-29.089	-1.104	-0.006	1.117	4.257	-33.193
21223	-1.000	-0.870	0.487	0.953	1.322	-22.594	0.627	-0.900	1.086	3.606	-35.695
21243	-1.000	-1.031	0.235	0.939	0.966	-19.260	-1.137	0.252	1.199	2.887	-38.557
21263	-1.000	-0.913	0.441	0.937	0.609	-19.528	0.502	0.917	1.058	2.149	-38.358
21283	-1.000	-0.897	0.577	0.924	0.129	-27.680	-0.544	-0.864	1.006	1.401	-36.849
21303	-1.000	-0.539	0.312	0.643	5.768	-39.196	0.146	-1.120	1.156	0.713	-35.605
21323	-1.000	-0.215	0.341	0.379	4.930	-43.744	-1.120	0.218	1.166	0.044	-35.812
21343	-1.000	-0.666	0.629	0.884	4.199	-35.274	-0.621	1.084	1.305	5.648	-36.163
21363	-1.000	-0.891	0.579	0.959	3.626	-29.679	-1.123	0.272	1.174	5.012	-33.550
21383	-1.000	-0.801	0.581	0.847	3.063	-30.531	-0.857	-0.740	1.151	4.364	-33.792
21403	-1.000	-0.796	0.381	0.907	2.447	-33.606	-0.667	-0.942	1.178	3.717	-35.356
21423	-1.000	-0.864	0.570	1.024	1.838	-29.671	0.457	-0.876	0.951	3.007	-38.283
21443	-1.000	-0.934	0.459	0.950	1.385	-23.116	-0.514	0.867	0.993	2.250	-38.786
21463	-1.000	-0.929	0.387	0.973	1.023	-19.338	1.157	-0.447	1.299	1.534	-36.509
21483	-1.000	-0.868	0.464	0.946	0.669	-19.205	-1.136	-0.131	1.158	0.854	-36.041
21503	-1.000	-0.817	0.442	1.019	0.222	-25.226	1.049	-0.115	1.088	0.164	-35.150
21523	-1.000	-0.469	0.377	0.690	5.889	-36.665	0.707	0.969	1.248	5.749	-35.799
21543	-1.000	-0.461	0.641	0.812	5.065	-45.229	0.749	-0.879	1.190	5.102	-33.927
21563	-1.000	-0.701	0.763	1.043	4.317	-37.642	-0.997	-0.687	1.268	4.484	-33.100
21583	-1.000	-0.765	0.716	1.039	3.734	-30.749	-0.533	-1.005	1.169	3.856	-35.554
21603	-1.000	-0.771	0.504	0.903	3.162	-29.488	0.824	-0.864	1.243	3.149	-37.211
21623	-1.000	-0.687	0.437	0.886	2.556	-34.187	0.841	0.740	1.142	2.411	-39.461
21643	-1.000	-0.862	0.618	0.812	1.939	-30.996	-0.234	1.107	1.157	1.701	-36.899
21663	-1.000	-0.873	0.480	0.961	1.465	-24.339	-0.363	-0.998	1.077	1.009	-35.916
21683	-1.000	-0.976	0.394	1.054	1.086	-18.909	0.490	0.982	1.119	0.341	-35.240
21703	0.000	-0.905	0.387	0.968	0.732	-19.466	-0.095	-1.310	1.372	5.923	-36.094
21723	0.000	-0.074	0.047	0.116	1.273	45.108	0.017	0.027	0.035	5.843	1.790
21743	0.000	0.045	0.199	0.209	2.010	35.040	0.009	0.013	0.036	5.818	-1.200
21763	0.000	-0.026	0.104	0.095	2.562	21.769	0.002	0.015	0.022	5.825	0.298
21783	0.000	-0.007	0.014	0.074	2.887	12.969	0.033	0.013	0.029	5.825	0.301
21803	0.000	-0.021	0.020	0.029	3.013	4.829	0.011	0.043	0.039	5.820	-0.302
21823	0.000	0.014	0.044	0.006	3.054	1.190	0.014	-0.012	0.020	5.826	0.000
21843	0.000	0.021	-0.020	0.027	3.054	0.000	0.030	0.020	0.040	5.823	0.297
21863	0.000	0.004	-0.010	0.018	3.053	0.000	0.001	0.108	0.012	5.828	0.891
21883	0.000	0.010	0.014	0.012	3.056	0.297	0.044	0.045	0.059	5.825	-0.297
21903	0.000	-0.001	-0.002	0.019	3.076	2.077	-0.013	-0.004	0.013	5.823	0.346
21923	0.000	-0.026	0.001	0.014	3.093	0.000	-0.027	0.025	0.030	5.820	-0.302
21943	0.000	-0.022	0.003	0.018	3.091	0.000	-0.028	0.030	0.044	5.818	0.604
21963	0.000	-0.025	-0.007	0.014	3.105	1.510	0.006	-0.004	0.015	5.814	0.302
21983	0.000	-0.022	-0.001	0.011	3.108	0.000	0.017	0.001	0.020	5.818	0.604
22003	0.000	-0.011	0.001	0.100	3.111	1.207	0.023	0.002	0.022	5.826	0.604
22023	0.000	-0.010	-0.021	0.019	3.123	-0.352	-0.032	0.013	0.059	5.825	0.000
22043	0.000	0.030	-0.032	0.020	3.132	1.509	0.019	-0.023	0.031	5.831	0.604
22063	0.000	-0.001	-0.017	0.040	3.162	0.889	-0.031	-0.014	0.029	5.814	-1.188
22083	0.000	0.024	-0.020	0.050	3.181	0.297	0.005	0.002	0.011	5.840	1.188
22103	0.000	0.009	-0.014	0.038	3.178	0.297	-0.060	-0.001	0.056	5.826	0.297
22123	0.000	-0.024	-0.019	0.058	3.175	-0.346	-0.023	-0.026	0.036	5.825	-0.346
22143	0.000	-0.013	-0.019	0.034	3.185	0.891	-0.033	-0.015	0.043	5.828	0.000
22163	0.000	-0.014	-0.013	0.007	3.180	-0.292	0.017	-0.007	0.028	5.812	0.000
22183	0.000	-0.029	-0.028	0.035	3.181	0.000	0.013	-0.001	0.013	5.820	0.000
22203	0.000	-0.020	-0.027	0.045	3.178	-0.890	-0.040	-0.019	0.188	5.821	0.297
22223	0.000	-0.046	-0.011	0.028	3.186	0.346	-0.005	-0.019	0.007	5.823	0.692
22243	0.000	-0.018	-0.013	0.058	3.181	1.485	0.004	-0.025	0.016	5.821	0.594
22263	0.000	0.014	-0.018	0.033	3.181	-0.297	-0.012	-0.019	0.020	5.826	0.000
22283	0.000	-0.006	-0.021	0.037	3.188	-0.593	0.002	-0.018	0.015	5.828	0.890
22303	0.000	0.002	-0.041	0.042	3.183	1.040	0.018	0.013	0.010	5.826	-0.347
22323	0.000	0.034	-0.016	0.039	3.191	-0.297	-0.012	-0.029	0.035	5.820	0.297
22343	0.000	-0.001	-0.016	0.026	3.191	0.297	-0.000	-0.023	0.010	5.825	-0.594
22363	0.000	0.022	-0.011	0.089	3.189	0.297	-0.015	0.009	0.136	5.823	-0.297
22383	0.000	-0.032	-0.027	0.058	3.189	0.297	0.017	0.008	0.006	5.823	-0.891
22403	0.000	-0.012	-0.033	0.031	3.186	-0.594	-0.031	-0.009	0.035	5.825	0.297
22423	0.000	-0.003	-0.013	0.073	3.185	-0.297	0.014	0.001	0.003	5.831	1.188
22443	0.000	0.023	-0.025	0.046	3.188	0.000	0.001	-0.000	0.035	5.820	-0.347
22463	0.000	0.002	-0.032	0.035	3.188	-0.595	0.022	0.006	0.028	5.820	0.000
22483	0.000	-0.038	-0.086	0.053	3.194	0.297	-0.020	-0.023	0.032	5.825	-0.890
22503	0.000	0.003	-0.030	0.026	3.194	0.594	0.055	-0.020	0.062	5.825	-0.297
22523	0.000	0.019	-0.017	0.232	3.185	0.000	-0.173	-0.002	0.037	5.829	0.346
22543	0.000	-0.069	-0.036	0.061	3.186	0.000	-0.015	0.010	0.012	5.825	0.000
22563	0.000	-0.013	-0.029	0.111	3.180	-0.297	-0.032	-0.013	0.020	5.826	0.297
22583	0.000	-0.017	-0.034	0.014	3.192	0.594	-0.008	0.016	0.030	5.825	-0.297
22603	0.000	0.025	-0.019	0.237	3.185	-0.346	-0.052	-0.005	0.120	5.829	0.692
22623	0.000	-0.040	-0.032	0.044	3.192	0.891	-0.018	0.007	0.064	5.817	0.000
22643	0.000	-0.002	-0.034	0.202	3.188	0.000	-0.021	0.007	0.020	5.820	0.000
22663	0.000	-0.021	-0.038	0.015	3.192	0.297	-0.012	0.003	0.002	5.820	0.000
22683	0.000	0.001	-0.035	0.017	3.195	0.692	0.002	0.001	0.002	5.823	0.000
22703	-1.000	0.000	-0.013	0.096	3.185	-0.297	-0.028	0.014	0.015	5.823	0.000
22723	-1.000	-0.781	0.677	1.020	2.700	-33.694	-0.869	0.766	1.190	5.280	-35.722
22743	-1.000	-0.717	0.406	0.846	2.082	-32.454	-0.981	0.522	1.127	4.633	-33.969
22763	-1.000	-0.757	0.453	0.916	1.540	-25.918	-1.171	-0.301	1.272	4.008	-35.272
22783	-1.000	-0.903	0.443	0.955	1.154	-19.391	1.035	0.297	1.054	3.323	-36.663
22803	-1.000	-0.909	0.415	0.937	0.784	-19.052	-0.098	-0.959	0.958	2.554	-39.325
22823	-1.000	-0.839	0.515	0.932	0.387	-23.390	-0.483	1.172	1.325	1.827	-37.010
22843	-1.000	-0.603	0.516	0.831	6.114	-32.625	-1.024	-0.515	1.173	1.143	-36.432
22863	-1.000	-0.319	0.474	0.473	5.326	-44.714	-0.970	0.533	1.146	0.469	-35.827
22883	-1.000	-0.600	0.441	0.774	4.531	-41.515	0.267	1.031	1.075	6.065	-36.391
22903	-1.000	-0.788	0.463	0.913	3.884	-30.749	-0.202	1.183	1.250	5.372	-35.240
22923	-1.000	-0.812	0.518	0.927	3.327	-28.176	-1.063	0.346	1.148	4.720	-33.225
22943	-1.000	-0.709	0.438	0.863	2.732	-32.941	-1.131	0.043	1.232	4.099	-34.075
22963	-1.000	-0.683	0.517	0.910	2.098	-32.020	-1.080	-0.363	1.182	3.419	-36.495
22983	-1.000	-0.864	0.481	0.994	1.568	-26.171	0.803	-0.863	1.231	2.692	-39.226
23003	-1.000	-0.874	0.469	0.983	1.175	-19.876	-1.003	0.193	1.017	1.967	-37.646
23023	-1.000	-0.952	0.378	0.967	0.821	-18.870	1.120	0.526	1.266	1.255	-36.154
23043	-1.000	-0.911	0.420	1.030	0.417	-22.629	-0.775	-0.750	1.109	0.558	-35.909
23063	-1.000	-0.713	0.487	0.891	6.170	-31.336	0.885	-0.513	1.020	6.165	-36.645
23083	-1.000	-0.225	0.258	0.404	5.403	-43.445	0.365	-1.084	1.183	5.476	-35.681
23103	-1.000	-0.499	0.771	0.917	4.594	-41.861	-1.083	0.257	1.125	4.840	-34.196
23123	-1.000	-0.859	0.754	1.172	3.942	-32.535	-1.010	0.775	1.372	4.220	-33.919
23143	-1.000	-0.862	0.609	1.020	3.364	-29.414	-1.137	-0.224	1.204	3.559	-35.012
23163	-1.000	-0.685	0.618	0.932	2.790	-33.082	-0.110	-1.098	1.053	2.852	-38.737
23183	-1.000	-0.759	0.430	0.900	2.164	-32.188	1.146	-0.463	1.279	2.120	-38.335
23203	-1.000	-0.817	0.529	0.942	1.615	-26.080	0.465	1.111	1.276	1.427	-36.432
23223	-1.000	-0.851	0.467	0.932	1.213	-19.976	-0.516	-0.933	1.067	0.744	-36.285
23243	-1.000	-0.915	0.386	0.969	0.859	-18.336	-0.087	1.023	1.014	0.064	-35.666
23263	-1.000	-0.832	0.454	0.932	0.468	-21.752	0.408	-1.014	1.215	5.628	-36.381
23283	-1.000	-0.759	0.551	0.930	6.231	-30.733	1.232	0.703	1.461	4.975	-33.996
23303	-1.000	-0.231	0.274	0.371	5.501	-42.339	1.120	-0.235	1.166	4.340	-34.135
23323	-1.000	-0.425	0.691	0.857	4.671	-41.319	-0.478	-1.076	1.220	3.659	-35.145
23343	-1.000	-0.742	0.733	0.999	4.013	-32.535	-0.594	-1.125	1.325	2.967	-37.752
23363	-1.000	-0.740	0.558	0.954	3.441	-29.255	1.298	0.004	1.348	2.210	-38.409
23383	-1.000	-0.762	0.726	1.028	2.882	-31.933	-0.209	1.076	1.100	1.509	-36.572
23403	-1.000	-0.770	0.472	0.913	2.247	-33.925	-0.818	0.654	1.043	0.827	-36.236
23423	-1.000	-0.721	0.530	0.907	1.674	-27.869	-1.043	-0.431	1.157	0.140	-35.523
23443	-1.000	-0.807	0.503	0.923	1.255	-21.030	1.131	-0.143	1.179	5.754	-35.867
23463	-1.000	-0.978	0.391	1.270	0.900	-18.410	-1.178	-0.202	1.238	5.094	-34.154
23483	-1.000	-0.932	0.439	0.998	0.531	-20.279	1.100	-0.382	1.204	4.485	-34.104
23503	-1.000	-0.670	0.513	0.913	0.020	-29.511	0.331	1.164	1.278	3.824	-35.064
23523	-1.000	-0.326	0.205	0.434	5.582	-41.467	0.385	1.000	1.108	3.131	-37.806
23543	-1.000	-0.315	0.458	0.489	4.746	-42.685	1.159	0.021	1.182	2.385	-39.143
23563	-1.000	-0.776	0.561	0.931	4.064	-33.496	0.955	0.425	1.043	1.678	-37.024
23583	-1.000	-0.730	0.572	0.923	3.490	-28.747	-0.079	1.283	1.346	0.982	-36.400
23603	-1.000	-0.734	0.559	0.893	2.945	-31.568	-1.336	0.147	1.389	0.310	-35.029
23623	-1.000	-0.638	0.542	0.861	2.281	-34.154	-0.953	-0.411	1.024	5.887	-36.827
23643	-1.000	-0.700	0.520	0.909	1.707	-28.176	0.061	-1.053	1.058	5.211	-35.025
23663	-1.000	-0.883	0.423	0.963	1.281	-22.025	0.740	0.816	1.111	4.556	-33.554
23683	-1.000	-0.922	0.377	0.954	0.930	-19.000	-1.125	-0.706	1.386	3.924	-33.626
23703	0.000	-0.874	0.475	0.955	0.566	-19.231	0.746	0.965	1.281	3.243	-36.703
23723	0.000	-0.052	-0.047	0.100	1.052	44.592	0.057	-0.128	0.014	3.020	-4.120
23743	0.000	0.027	0.138	0.137	1.776	33.033	0.024	0.024	0.042	2.927	-4.414
23763	0.000	0.013	0.160	0.136	2.333	24.213	0.013	-0.011	0.025	2.945	1.476
23783	0.000	0.080	-0.080	0.087	2.707	17.298	-0.003	-0.048	0.049	2.942	-0.881
23803	0.000	0.019	0.012	0.013	2.884	5.919	0.027	-0.023	0.032	2.945	-0.591
23823	0.000	0.024	0.014	0.054	2.950	2.065	-0.015	-0.009	0.022	2.942	-0.296
23843	0.000	0.020	0.033	0.007	2.965	0.000	0.001	-0.017	0.010	2.953	-0.352
23863	0.000	0.013	0.039	0.012	2.961	0.297	-0.005	-0.011	0.029	2.947	0.000
23883	0.000	-0.011	0.007	0.037	2.973	-0.298	-0.005	0.032	0.037	2.948	-0.298
23903	0.000	-0.226	-0.181	0.016	2.974	0.882	-0.009	-0.010	0.026	2.950	-0.587
23923	0.000	0.041	-0.027	0.054	2.974	0.000	-0.012	0.021	0.010	2.953	0.344
23943	0.000	0.031	0.043	0.057	3.005	2.079	-0.017	-0.033	0.041	2.948	0.693
23963	0.000	0.001	-0.010	0.028	3.036	0.595	-0.006	-0.021	0.115	2.956	-1.188
23983	0.000	-0.019	0.012	0.011	3.028	0.293	-0.029	0.007	0.072	2.951	-0.877
24003	0.000	0.027	0.013	0.013	3.028	-0.692	0.000	0.018	0.036	2.956	0.000
24023	0.000	0.004	0.017	0.081	3.051	1.361	0.002	-0.013	0.040	2.953	0.681
24043	0.000	0.048	-0.272	0.014	3.073	1.006	-0.027	0.013	0.029	2.948	-0.336
24063	0.000	0.004	-0.018	0.015	3.076	0.876	0.002	-0.025	0.105	2.950	0.292
24083	0.000	-0.079	0.153	0.029	3.086	0.577	0.011	-0.050	0.067	2.950	-0.289
24103	0.000	-0.040	-0.001	0.024	3.102	1.170	0.006	0.006	0.010	2.951	0.000
24123	0.000	0.003	-0.025	0.002	3.100	-0.295	-0.082	0.126	0.010	2.947	-0.590
24143	0.000	-0.011	-0.007	0.030	3.108	0.891	0.017	-0.022	0.021	2.953	0.594
24163	0.000	-0.002	-0.021	0.044	3.131	1.167	-0.002	0.011	0.201	2.953	0.000
24183	0.000	0.014	-0.010	0.115	3.076	-2.344	-0.034	0.018	0.038	2.944	-1.754
24203	0.000	-0.012	0.001	0.029	3.094	1.189	-0.036	0.017	0.027	2.941	0.595
24223	0.000	-0.051	-0.017	0.039	3.108	0.000	-0.007	0.009	0.059	2.954	0.000
24243	0.000	-0.033	-0.016	0.024	3.122	1.037	0.038	-0.048	0.058	2.948	0.346
24263	0.000	0.006	-0.024	0.017	3.117	-0.344	-0.022	-0.001	0.038	2.947	-0.690
24283	0.000	0.009	-0.003	0.056	3.125	-0.297	-0.024	-0.012	0.024	2.948	0.000
24303	0.000	-0.051	-0.010	0.028	3.129	0.297	-0.132	0.103	0.013	2.945	0.594
24323	0.000	-0.017	-0.042	0.014	3.131	0.594	-0.005	-0.013	0.037	2.947	0.000
24343	0.000	-0.032	-0.025	0.026	3.146	1.037	0.034	-0.028	0.059	2.947	-0.346
24363	0.000	0.050	-0.026	0.053	3.169	-0.341	-0.038	-0.016	0.026	2.948	0.341
24383	0.000	-0.017	-0.011	0.042	3.178	-0.292	0.009	-0.001	0.003	2.951	1.460
24403	0.000	-0.000	-0.016	0.041	3.192	0.575	-0.010	-0.034	0.112	2.951	-0.288
24423	0.000	-0.027	-0.027	0.054	3.181	0.000	0.025	-0.006	0.026	2.953	-0.683
24443	0.000	-0.025	-0.006	0.040	3.180	-1.035	-0.029	0.010	0.013	2.953	-0.689
24463	0.000	0.010	-0.035	0.038	3.183	1.022	0.283	-0.025	0.025	2.950	0.000
24483	0.000	-0.018	-0.032	0.112	3.194	0.000	0.028	0.003	0.079	2.953	0.291
24503	0.000	-0.016	-0.038	0.026	3.185	-0.293	-0.024	-0.004	0.039	2.951	0.000
24523	0.000	-0.007	-0.042	0.037	3.197	1.171	0.061	0.000	0.057	2.947	0.292
24543	0.000	0.047	-0.017	0.036	3.192	-0.892	-0.039	-0.027	0.049	2.954	-1.189
24563	0.000	-0.031	-0.027	0.069	3.209	0.000	-0.014	-0.017	0.062	2.944	0.584
24583	0.000	0.010	-0.027	0.011	3.217	0.680	0.047	-0.020	0.053	2.945	0.000
24603	0.000	0.062	-0.013	0.062	3.217	0.341	-0.015	-0.002	0.028	2.947	0.341
24623	0.000	0.017	-0.018	0.176	3.218	-0.341	0.066	-0.012	0.025	2.944	-0.341
24643	0.000	0.005	-0.012	0.205	3.221	0.000	-0.009	0.003	0.042	2.954	0.291
24663	0.000	-0.015	-0.038	0.005	3.251	1.485	0.021	0.024	0.032	2.942	0.891
24683	0.000	-0.006	-0.021	0.031	3.243	-0.293	0.055	0.024	0.148	2.951	-0.293
24703	-1.000	0.003	0.038	0.013	3.251	-0.297	0.007	-0.145	0.024	2.947	-0.297
24723	-1.000	-0.641	0.564	0.902	2.763	-32.785	-0.845	-0.463	0.945	2.362	-40.413
24743	-1.000	-0.803	0.750	1.114	2.128	-32.396	-0.326	-1.178	1.278	1.651	-37.229
24763	-1.000	-0.795	0.516	0.874	1.594	-25.995	1.075	0.121	1.099	0.939	-35.708
24783	-1.000	-0.924	0.447	0.931	1.197	-20.126	-1.062	0.009	1.048	0.262	-35.509
24803	-1.000	-0.959	0.371	0.995	0.839	-18.318	1.001	0.582	1.186	5.844	-36.017
24823	-1.000	-0.841	0.434	0.927	0.462	-22.046	-0.935	-0.687	1.198	5.189	-34.579
24843	-1.000	-0.699	0.518	0.915	6.220	-30.893	0.313	-1.039	1.103	4.564	-33.838
24863	-1.000	-0.418	0.236	0.477	5.472	-43.542	-0.884	-0.802	1.267	3.922	-34.312
24883	-1.000	-0.414	0.418	0.578	4.642	-41.980	-0.661	0.836	1.104	3.227	-37.221
24903	-1.000	-0.866	0.625	1.067	3.955	-31.983	-0.976	0.209	0.972	2.459	-39.181
24923	-1.000	-0.659	0.524	0.885	3.402	-29.066	0.095	-1.230	1.281	1.743	-37.371
24943	-1.000	-0.745	0.411	0.884	2.826	-32.858	1.216	-0.184	1.296	1.052	-36.368
24963	-1.000	-0.688	0.499	0.919	2.181	-32.960	1.173	0.206	1.236	0.387	-36.149
24983	-1.000	-0.810	0.503	1.009	1.640	-26.609	-0.045	1.036	1.050	5.984	-36.663
25003	-1.000	-0.848	0.465	0.943	1.227	-20.375	0.001	-1.066	1.064	5.298	-34.934
25023	-1.000	-0.919	0.373	0.970	0.864	-18.449	-0.409	1.097	1.184	4.613	-33.573
25043	-1.000	-0.907	0.486	1.030	0.491	-21.297	0.014	-1.101	1.135	3.985	-34.614
25063	-1.000	-0.736	0.517	0.897	6.265	-29.962	0.967	0.370	1.069	3.309	-36.233
25083	-1.000	-0.367	0.527	0.635	5.528	-43.465	1.020	0.403	1.091	2.563	-39.235
25103	-1.000	-0.620	0.466	0.817	4.709	-40.993	1.086	-0.610	1.303	1.832	-37.638
25123	-1.000	-0.827	0.772	1.166	4.031	-32.896	1.059	-0.681	1.323	1.149	-35.698
25143	-1.000	-0.732	0.549	0.909	3.467	-28.836	0.567	0.897	1.105	0.456	-35.370
25163	-1.000	-0.756	0.566	0.926	2.918	-32.454	-0.932	0.581	1.122	6.050	-35.459
25183	-1.000	-0.703	0.537	0.859	2.281	-33.688	-1.155	0.179	1.204	5.377	-35.165
25203	-1.000	-0.744	0.555	0.887	1.715	-28.501	-1.153	-0.382	1.151	4.749	-33.251
25223	-1.000	-0.945	0.459	1.004	1.282	-21.660	0.927	-0.816	1.277	4.119	-33.746
25243	-1.000	-0.916	0.378	0.966	0.928	-18.716	-1.113	0.512	1.286	3.441	-37.524
25263	-1.000	-0.854	0.427	0.930	0.551	-20.067	1.063	0.546	1.256	2.692	-38.872
25283	-1.000	-0.793	0.545	0.932	0.063	-28.467	-0.979	-0.301	1.012	1.970	-37.356
25303	-1.000	-0.572	0.375	0.711	5.657	-40.670	-0.979	-0.717	1.266	1.255	-37.162
25323	-1.000	-0.430	0.245	0.515	4.817	-43.370	-0.399	1.210	1.280	0.586	-35.591
25343	-1.000	-0.743	0.666	1.092	4.108	-33.733	0.249	1.214	1.254	6.196	-36.122
25363	-1.000	-0.899	0.579	1.031	3.556	-29.685	-1.061	0.384	1.144	5.510	-36.293
25383	-1.000	-0.842	0.404	0.926	3.019	-30.763	-0.505	-1.008	1.200	4.850	-34.188
25403	-1.000	-0.705	0.457	0.879	2.356	-33.851	-0.294	-1.055	1.135	4.179	-34.478
25423	-1.000	-0.716	0.592	0.972	1.769	-28.965	0.227	-1.099	1.172	3.527	-35.516
25443	-1.000	-0.825	0.454	0.873	1.335	-22.798	-0.189	1.033	1.037	2.804	-39.940
25463	-1.000	-0.945	0.395	0.976	0.979	-19.227	0.998	-0.333	1.053	2.063	-37.861
25483	-1.000	-0.913	0.463	0.993	0.620	-19.488	-1.209	-0.326	1.365	1.358	-36.250
25503	-1.000	-0.896	0.525	0.999	0.140	-27.150	1.056	-0.275	1.103	0.657	-35.400
25523	-1.000	-0.540	0.282	0.640	5.766	-39.493	1.018	0.267	1.050	6.266	-36.262
25543	-1.000	-0.237	0.332	0.363	4.929	-43.414	0.316	-1.069	1.154	5.571	-35.791
25563	-1.000	-0.706	0.685	0.902	4.200	-34.532	-0.535	-1.062	1.242	4.904	-34.261
25583	-1.000	-0.874	0.553	1.090	3.631	-29.272	-0.061	-1.121	1.140	4.281	-33.977
25603	-1.000	-0.860	0.647	1.067	3.091	-30.247	1.040	-0.569	1.248	3.632	-35.106
25623	-1.000	-0.713	0.386	0.854	2.459	-34.121	0.857	0.740	1.173	2.892	-39.713
25643	-1.000	-0.897	0.622	1.050	1.850	-30.066	-0.625	0.823	1.038	2.151	-38.402
25663	-1.000	-0.830	0.430	0.930	1.401	-23.440	0.238	-1.198	1.279	1.434	-36.495
25683	-1.000	-0.862	0.387	0.936	1.034	-19.402	-0.530	1.024	1.174	0.758	-35.848
25703	0.000	-0.889	0.455	0.967	0.683	-19.097	0.781	-0.656	1.015	0.089	-35.860
25723	0.000	-0.065	0.009	0.023	1.167	42.752	-0.041	0.003	0.039	0.011	4.788
25743	0.000	0.014	0.182	0.164	1.894	34.108	0.002	-0.027	0.023	0.146	6.587
25763	0.000	-0.012	0.160	0.139	2.447	23.052	-0.004	0.035	0.025	0.155	-1.500
25783	0.000	0.000	-0.034	0.036	2.680	10.141	0.005	-0.009	0.042	0.150	-0.299
25803	0.000	0.075	0.263	0.016	2.741	-1.387	0.025	-0.007	0.017	0.137	-0.347
25823	0.000	0.057	-0.031	0.061	2.698	-1.813	-0.015	0.006	0.024	0.100	-2.718
25843	0.000	0.012	-0.007	0.149	2.680	-0.892	-0.001	-0.026	0.034	0.081	0.892
25863	0.000	0.006	-0.012	0.030	2.678	-0.347	0.013	-0.166	0.020	0.091	1.386
25883	0.000	-0.009	-0.023	0.034	2.671	0.000	-0.011	-0.036	0.039	0.080	-0.595
25903	0.000	0.008	-0.008	0.039	2.672	0.297	0.027	0.006	0.030	0.084	0.000
25923	0.000	0.015	-0.006	0.042	2.669	0.000	0.006	0.005	0.003	0.080	-0.346
25943	0.000	0.009	-0.034	0.044	2.669	-0.594	-0.024	-0.008	0.016	0.083	1.187
25963	0.000	0.035	-0.042	0.058	2.669	0.296	0.008	-0.030	0.033	0.083	-0.593
25983	0.000	0.009	-0.009	0.029	2.669	-0.297	0.039	-0.193	0.045	0.097	-0.297
26003	0.000	0.104	0.061	0.060	2.668	-0.886	0.002	-0.018	0.021	0.089	-0.886
26023	0.000	0.005	-0.012	0.144	2.651	-0.337	0.020	-0.027	0.041	0.078	-0.338
26043	0.000	0.006	-0.012	0.230	2.651	0.000	0.001	-0.003	0.014	0.092	0.575
26063	0.000	0.064	-0.030	0.064	2.657	0.579	0.008	0.001	0.109	0.078	-0.290
26083	0.000	0.051	-0.031	0.049	2.654	-1.188	-0.135	-0.055	0.012	0.089	0.593
26103	0.000	-0.006	0.065	0.013	2.654	0.292	0.001	-0.036	0.039	0.083	-0.291
26123	0.000	-0.014	-0.018	0.029	2.655	0.575	0.060	-0.003	0.028	0.100	0.865
26143	0.000	-0.022	-0.023	0.005	2.654	-0.291	0.033	0.017	0.029	0.091	0.290
26163	0.000	0.013	-0.014	0.040	2.652	0.000	0.008	0.010	0.010	0.086	0.336
26183	0.000	0.002	-0.029	0.026	2.654	0.336	0.011	0.008	0.007	0.080	0.672
26203	0.000	0.011	-0.010	0.200	2.648	-0.582	-0.018	-0.041	0.033	0.089	2.330
26223	0.000	0.004	-0.012	0.040	2.648	-0.579	0.003	-0.025	0.027	0.078	0.869
26243	0.000	0.004	-0.022	0.032	2.646	0.594	0.007	0.002	0.011	0.110	0.297
26263	0.000	0.014	0.017	0.088	2.649	0.585	0.014	0.015	0.022	0.075	-1.171
26283	0.000	0.009	-0.010	0.043	2.649	-0.865	-0.027	-0.150	0.022	0.091	0.865
26303	0.000	0.003	-0.028	0.015	2.645	-0.340	0.005	0.010	0.023	0.083	-0.341
26323	0.000	-0.038	-0.111	0.022	2.646	0.000	0.026	0.011	0.029	0.091	1.021
26343	0.000	-0.015	-0.025	0.049	2.642	1.170	-0.027	-0.024	0.109	0.089	-0.585
26363	0.000	-0.002	-0.044	0.029	2.643	0.000	-0.018	-0.010	0.147	0.091	0.584
26383	0.000	-0.007	-0.010	0.132	2.642	-0.585	0.035	0.097	0.022	0.075	-0.293
26403	0.000	-0.006	-0.035	0.034	2.645	0.584	0.056	0.012	0.019	0.081	0.000
26423	0.000	-0.001	-0.013	0.055	2.632	0.292	0.008	-0.024	0.027	0.081	-0.292
26443	0.000	0.019	-0.033	0.049	2.648	0.000	-0.016	-0.038	0.029	0.086	0.292
26463	0.000	0.020	-0.009	0.289	2.640	-0.682	0.002	-0.037	0.032	0.087	0.341
26483	0.000	0.004	-0.012	0.040	2.643	1.021	0.011	0.004	0.009	0.086	-0.341
26503	0.000	0.027	-0.028	0.022	2.642	0.000	0.029	-0.023	0.024	0.083	0.341
26523	0.000	-0.024	-0.011	0.059	2.643	0.863	-0.021	-0.023	0.030	0.095	0.000
26543	0.000	-0.035	-0.181	0.068	2.640	0.293	0.000	-0.027	0.027	0.069	-0.878
26563	0.000	-0.003	-0.029	0.015	2.638	-0.584	0.020	-0.034	0.046	0.086	0.584
26583	0.000	0.010	-0.029	0.019	2.638	0.000	-0.018	-0.031	0.022	0.078	-1.171
26603	0.000	-0.009	-0.031	0.017	2.643	0.341	0.024	-0.024	0.029	0.083	0.682
26623	0.000	0.009	-0.026	0.029	2.643	0.000	-0.053	-0.039	0.033	0.086	1.362
26643	0.000	-0.043	-0.071	0.028	2.638	0.000	0.036	0.003	0.045	0.081	1.021
26663	0.000	-0.004	-0.023	0.022	2.642	0.876	-0.010	-0.023	0.026	0.095	-0.292
26683	0.000	-0.014	-0.022	0.010	2.640	0.293	-0.031	-0.031	0.033	0.087	0.293
26703	-1.000	0.002	-0.029	0.026	2.638	-0.292	0.023	-0.035	0.038	0.083	0.292
26723	-1.000	-0.748	0.467	0.892	2.163	-32.903	-1.157	0.369	1.271	5.823	-37.854
26743	-1.000	-0.733	0.533	0.927	1.600	-25.894	-0.996	-0.976	1.432	5.163	-34.227
26763	-1.000	-0.858	0.424	0.943	1.207	-20.410	1.080	0.456	1.220	4.524	-34.062
26783	-1.000	-0.930	0.369	0.971	0.850	-18.399	-0.936	-0.674	1.175	3.858	-34.964
26803	-1.000	-0.884	0.492	0.921	0.469	-21.929	0.926	0.731	1.229	3.175	-37.270
26823	-1.000	-0.701	0.520	0.850	6.216	-30.358	-1.164	-0.132	1.223	2.404	-38.067
26843	-1.000	-0.458	0.279	0.549	5.466	-42.495	-1.058	-0.097	1.070	1.692	-37.175
26863	-1.000	-0.436	0.455	0.619	4.639	-41.739	-0.286	1.102	1.161	0.999	-37.003
26883	-1.000	-0.745	0.441	0.894	3.981	-32.088	-0.236	1.252	1.329	0.319	-35.059
26903	-1.000	-0.731	0.519	0.901	3.410	-29.061	-1.233	0.284	1.285	5.918	-36.799
26923	-1.000	-0.685	0.480	0.850	2.841	-32.822	-0.579	-1.054	1.261	5.246	-35.602
26943	-1.000	-0.677	0.578	0.914	2.197	-33.227	-0.582	-1.111	1.312	4.608	-34.612
26963	-1.000	-0.872	0.555	1.024	1.635	-26.065	0.699	-0.997	1.228	3.932	-34.372
26983	-1.000	-0.826	0.471	0.920	1.229	-21.009	-0.121	1.241	1.297	3.263	-36.699
27003	-1.000	-0.891	0.416	0.958	0.874	-18.642	0.970	-0.241	0.966	2.528	-39.030
27023	-1.000	-0.960	0.465	0.978	0.503	-21.539	-0.807	-0.631	1.026	1.789	-37.248
27043	-1.000	-0.719	0.478	0.914	0.000	-29.752	1.140	-0.137	1.187	1.092	-35.634
27063	-1.000	-0.507	0.345	0.646	5.562	-41.852	1.135	-0.561	1.331	0.413	-34.840
27083	-1.000	-0.602	0.643	0.903	4.700	-42.011	-0.982	-0.657	1.157	6.004	-36.340
27103	-1.000	-0.808	0.770	1.110	4.031	-33.238	-0.892	-0.669	1.178	5.328	-35.005
27123	-1.000	-0.779	0.588	0.922	3.484	-29.295	0.116	-1.308	1.372	4.688	-33.431
27143	-1.000	-0.753	0.508	0.916	2.921	-32.094	1.054	-0.493	1.209	4.045	-35.093
27163	-1.000	-0.639	0.551	0.902	2.279	-33.515	1.205	-0.054	1.224	3.352	-36.481
27183	-1.000	-0.758	0.517	0.910	1.712	-27.771	-0.141	1.021	1.023	2.622	-38.914
27203	-1.000	-0.912	0.463	0.954	1.267	-21.626	0.516	-0.951	1.096	1.855	-37.313
27223	-1.000	-0.953	0.388	1.028	0.913	-18.794	-1.010	0.703	1.285	1.163	-35.757
27243	-1.000	-0.749	0.467	0.922	0.545	-20.106	1.154	-0.546	1.332	0.499	-36.135
27263	-1.000	-0.760	0.574	0.932	0.063	-29.553	-0.138	1.359	1.407	6.108	-35.803
27283	-1.000	-0.440	0.592	0.803	5.631	-41.531	-0.259	1.068	1.124	5.413	-35.909
27303	-1.000	-0.484	0.428	0.680	4.806	-42.873	1.109	-0.035	1.245	4.757	-33.825
27323	-1.000	-0.730	0.633	0.932	4.102	-34.193	0.602	-1.051	1.262	4.129	-33.912
27343	-1.000	-0.881	0.576	1.089	3.539	-29.066	1.039	-0.077	1.059	3.481	-35.619
27363	-1.000	-0.874	0.673	1.137	2.988	-31.330	-0.086	1.067	1.057	2.752	-38.749
27383	-1.000	-0.658	0.547	0.909	2.375	-33.205	-1.246	0.195	1.314	2.023	-38.809
27403	-1.000	-0.825	0.610	1.005	1.790	-30.328	-0.622	-0.951	1.188	1.331	-36.893
27423	-1.000	-0.854	0.464	0.972	1.327	-22.467	0.853	0.652	1.077	0.632	-35.206
27443	-1.000	-0.910	0.399	0.976	0.971	-19.477	-0.717	-0.993	1.271	6.222	-36.003
27463	-1.000	-0.766	0.453	0.972	0.609	-19.605	0.450	1.167	1.304	5.555	-35.619
27483	-1.000	-0.784	0.490	0.925	0.153	-27.084	-1.093	-0.293	1.163	4.918	-33.956
27503	-1.000	-0.406	0.298	0.561	5.786	-40.005	-1.176	-0.034	1.209	4.297	-34.926
27523	-1.000	-0.291	0.232	0.386	4.913	-43.701	0.644	0.916	1.255	3.626	-35.206
27543	-1.000	-0.673	0.489	0.886	4.183	-35.349	0.753	0.630	0.963	2.913	-38.602
27563	-1.000	-0.874	0.450	0.994	3.605	-28.720	-0.841	0.551	0.994	2.160	-38.550
27583	-1.000	-0.756	0.511	0.950	3.059	-30.567	-0.512	-1.226	1.347	1.447	-36.502
27603	-1.000	-0.761	0.490	0.861	2.457	-33.573	0.492	-1.130	1.336	0.775	-35.923
27623	-1.000	-0.843	0.563	1.065	1.845	-30.451	0.965	-0.710	1.292	0.107	-35.666
27643	-1.000	-0.863	0.457	0.932	1.397	-23.325	-0.440	1.013	1.118	5.702	-37.013
27663	-1.000	-0.938	0.400	0.983	1.017	-19.320	0.893	-0.683	1.144	5.008	-33.825
27683	-1.000	-0.853	0.367	0.939	0.655	-19.227	-0.837	0.703	1.120	4.358	-34.102
27703	0.000	-0.847	0.467	0.946	0.219	-25.448	-0.096	-1.149	1.182	3.714	-35.159
27723	0.000	-0.025	-0.060	0.086	0.637	41.403	-0.124	0.047	0.018	3.697	5.356
27743	0.000	-0.043	-0.099	0.098	1.259	27.460	0.025	0.054	0.052	3.757	2.745
27763	0.000	-0.007	-0.055	0.077	1.646	16.144	0.020	-0.022	0.039	3.781	0.343
27783	0.000	0.003	0.011	0.015	1.799	5.785	0.070	0.021	0.084	3.777	0.000
27803	0.000	0.015	-0.025	0.014	1.888	3.805	-0.000	-0.032	0.031	3.784	0.000
27823	0.000	0.006	0.022	0.014	1.899	-1.022	-0.028	0.029	0.038	3.781	-0.341
27843	0.000	0.010	-0.010	0.024	1.896	0.680	0.025	0.101	0.029	3.800	0.681
27863	0.000	0.040	-0.001	0.016	1.891	0.000	-0.013	0.032	0.058	3.823	1.385
27883	0.000	-0.005	0.025	0.202	1.894	-0.297	0.002	-0.023	0.019	3.844	0.594
27903	0.000	-0.035	-0.189	0.020	1.894	0.297	-0.016	0.098	0.040	3.844	0.891
27923	0.000	-0.007	0.007	0.019	1.891	0.000	-0.000	-0.022	0.015	3.844	1.187
27943	0.000	0.007	0.015	0.022	1.899	0.346	-0.008	-0.033	0.012	3.841	1.037
27963	0.000	-0.009	0.004	0.021	1.888	0.000	-0.013	0.003	0.007	3.846	0.297
27983	0.000	-0.003	0.031	0.010	1.890	0.000	-0.046	-0.100	0.037	3.840	0.297
28003	0.000	-0.026	0.025	0.013	1.890	0.297	-0.005	0.025	0.020	3.847	1.781
28023	0.000	0.120	-0.060	0.123	1.870	-0.689	-0.011	0.004	0.116	3.850	-1.035
28043	0.000	-0.037	0.020	0.043	1.885	0.000	0.010	-0.017	0.015	3.846	0.297
28063	0.000	0.008	0.007	0.013	1.868	-1.188	0.036	0.064	0.016	3.843	1.186
28083	0.000	0.005	0.038	0.009	1.862	0.703	0.013	-0.016	0.268	3.841	0.000
28103	0.000	-0.019	0.026	0.024	1.861	-0.302	-0.014	0.010	0.012	3.844	-0.604
28123	0.000	-0.012	0.008	0.019	1.864	-0.899	0.011	0.009	0.021	3.850	-0.300
28143	0.000	-0.013	0.003	0.029	1.890	0.594	0.003	-0.021	0.021	3.847	0.891
28163	0.000	0.007	0.006	0.033	1.881	-0.297	0.009	-0.017	0.015	3.847	0.297
28183	0.000	-0.009	-0.001	0.042	1.878	0.000	-0.006	0.035	0.059	3.847	0.297
28203	0.000	0.017	0.004	0.006	1.876	-0.297	-0.008	0.030	0.027	3.841	0.000
28223	0.000	-0.000	0.027	0.016	1.876	-0.297	0.017	0.019	0.044	3.843	0.000
28243	0.000	-0.041	0.023	0.116	1.873	0.346	0.034	-0.010	0.035	3.847	-0.346
28263	0.000	-0.002	0.035	0.152	1.875	0.346	-0.033	0.015	0.042	3.849	0.000
28283	0.000	0.035	-0.026	0.029	1.873	0.000	-0.028	-0.031	0.046	3.843	-0.297
28303	0.000	-0.002	0.031	0.026	1.873	0.000	-0.015	0.008	0.032	3.846	0.890
28323	0.000	-0.025	0.023	0.015	1.864	-0.896	0.006	0.009	0.002	3.847	-0.599
28343	0.000	-0.001	0.024	0.017	1.875	-0.297	-0.023	0.002	0.028	3.844	0.297
28363	0.000	-0.001	0.028	0.004	1.871	0.000	-0.033	0.031	0.042	3.846	0.297
28383	0.000	-0.000	0.004	0.013	1.871	-0.297	-0.065	-0.085	0.030	3.843	0.297
28403	0.000	0.012	0.015	0.029	1.867	-36.515	0.004	0.030	0.029	3.850	1.722
28423	0.000	0.036	0.024	0.036	1.870	-0.295	-0.020	0.028	0.043	3.838	-1.179
28443	0.000	-0.005	-0.003	0.207	1.870	-0.297	0.102	-0.056	0.052	3.843	1.186
28463	0.000	-0.004	0.033	0.011	1.875	0.297	-0.083	-0.203	0.034	3.855	-0.297
28483	0.000	-0.025	0.019	0.033	1.870	-0.297	-0.001	-0.011	0.011	3.852	0.297
28503	0.000	0.041	-0.039	0.034	1.879	-0.346	-0.013	0.030	0.032	3.847	0.000
28523	0.000	-0.001	0.033	0.224	1.876	-0.297	0.064	0.174	0.020	3.850	0.000
28543	0.000	0.016	0.012	0.015	1.873	0.000	0.009	-0.021	0.010	3.847	-0.594
28563	0.000	-0.012	0.018	0.022	1.873	0.000	-0.013	0.038	0.028	3.849	0.000
28583	0.000	0.024	0.022	0.025	1.881	0.346	0.044	0.004	0.079	3.838	-1.729
28603	0.000	-0.030	0.034	0.154	1.873	0.000	-0.014	0.032	0.026	3.843	-0.593
28623	0.000	-0.014	0.014	0.029	1.878	0.593	0.003	-0.022	0.020	3.843	-0.297
28643	0.000	0.015	-0.001	0.011	1.875	0.297	-0.014	0.029	0.058	3.844	0.297
28663	0.000	-0.019	0.004	0.029	1.870	-0.689	-0.025	0.008	0.026	3.846	0.000
28683	0.000	-0.011	0.002	0.039	1.870	0.000	0.003	-0.014	0.018	3.844	-0.692
28703	-1.000	0.011	0.026	0.019	1.882	0.297	-0.020	0.027	0.041	3.849	0.000
28723	-1.000	-0.996	0.352	1.052	1.505	-26.662	0.024	-1.093	1.102	3.283	-37.920
28743	-1.000	-1.039	0.387	1.110	1.103	-17.625	-0.694	0.751	0.957	2.533	-39.099
28763	-1.000	-0.884	0.386	0.944	0.749	-19.245	1.073	0.043	1.086	1.799	-37.313
28783	-1.000	-0.854	0.444	0.946	0.351	-23.515	-0.979	-0.414	1.096	1.104	-36.028
28803	-1.000	-0.705	0.540	0.906	6.044	-34.695	0.239	-1.163	1.239	0.390	-35.247
28823	-1.000	-0.304	0.534	0.592	5.239	-44.073	-0.885	-0.546	1.025	5.987	-37.443
28843	-1.000	-0.511	0.443	0.684	4.455	-39.577	-0.946	0.410	1.016	5.298	-35.653
28863	-1.000	-0.833	0.658	0.985	3.826	-30.426	-1.070	0.291	1.119	4.643	-33.386
28883	-1.000	-0.850	0.695	0.968	3.295	-28.753	-1.044	-0.770	1.352	4.017	-34.392
28903	-1.000	-0.731	0.616	0.951	2.712	-33.805	-0.145	-1.188	1.240	3.362	-35.923
28923	-1.000	-0.696	0.512	0.884	2.085	-31.972	0.923	-0.422	0.999	2.626	-39.924
28943	-1.000	-0.898	0.522	0.959	1.542	-25.606	-0.420	0.962	1.051	1.862	-37.538
28963	-1.000	-0.879	0.468	0.978	1.154	-19.290	0.550	-1.108	1.232	1.160	-35.577
28983	-1.000	-0.831	0.381	0.942	0.807	-19.000	-0.981	0.904	1.362	0.499	-35.466
29003	-1.000	-0.883	0.410	0.986	0.422	-23.062	0.932	-0.927	1.369	6.114	-35.901
29023	-1.000	-0.716	0.581	0.920	6.142	-32.600	0.429	0.944	1.055	5.409	-36.122
29043	-1.000	-0.466	0.348	0.594	5.370	-43.811	1.118	-0.036	1.141	4.751	-33.522
29063	-1.000	-0.372	0.476	0.693	4.556	-40.641	-0.723	-1.000	1.281	4.128	-34.023
29083	-1.000	-0.749	0.626	0.991	3.918	-31.209	-0.552	-0.913	1.075	3.474	-35.100
29103	-1.000	-0.613	0.464	0.860	3.369	-29.268	0.983	-0.480	1.121	2.753	-38.315
29123	-1.000	-0.781	0.718	1.065	2.795	-32.829	0.321	1.252	1.353	2.019	-37.701
29143	-1.000	-0.739	0.582	0.929	2.151	-32.644	-0.672	0.766	1.023	1.305	-36.474
29163	-1.000	-0.886	0.589	0.966	1.624	-25.522	-0.717	-0.888	1.171	0.617	-35.397
29183	-1.000	-0.850	0.438	0.929	1.215	-20.758	0.978	0.481	1.114	6.243	-36.827
29203	-1.000	-0.898	0.425	0.944	0.859	-18.392	-0.879	-0.872	1.292	5.559	-35.839
29223	-1.000	-0.868	0.456	1.063	0.483	-21.156	0.886	0.705	1.173	4.919	-33.996
29243	-1.000	-0.867	0.623	0.924	6.229	-30.561	-0.556	0.911	1.083	4.268	-34.082
29263	-1.000	-0.241	0.222	0.341	5.495	-42.364	0.368	1.035	1.138	3.617	-35.315
29283	-1.000	-0.369	0.625	0.728	4.662	-41.761	1.115	-0.062	1.141	2.892	-38.645
29303	-1.000	-0.692	0.586	0.934	4.008	-32.733	0.646	0.794	1.010	2.149	-38.707
29323	-1.000	-0.838	0.546	0.932	3.450	-28.865	-0.938	0.684	1.194	1.430	-37.137
29343	-1.000	-0.645	0.685	0.924	2.873	-32.752	-0.548	-0.897	0.938	0.724	-35.950
29363	-1.000	-0.802	0.653	1.004	2.235	-33.779	-0.168	-1.193	1.249	0.035	-35.653
29383	-1.000	-0.627	0.493	0.843	1.674	-28.320	0.913	-0.754	1.224	5.656	-35.667
29403	-1.000	-0.850	0.473	0.931	1.253	-21.710	-0.418	1.075	1.182	5.005	-33.606
29423	-1.000	-0.954	0.378	0.978	0.896	-18.725	0.030	-1.165	1.210	4.383	-33.884
29443	-1.000	-0.917	0.432	0.950	0.529	-20.613	0.283	1.240	1.320	3.743	-35.514
29463	-1.000	-0.645	0.570	0.890	0.009	-29.973	-0.720	-0.679	0.985	3.013	-38.275
29483	-1.000	-0.375	0.163	0.447	5.579	-42.255	-0.294	-0.983	1.012	2.263	-38.914
29503	-1.000	-0.350	0.335	0.463	4.737	-42.437	-1.288	0.273	1.372	1.545	-37.646
29523	-1.000	-0.805	0.716	1.071	4.048	-33.309	-1.139	0.602	1.330	0.871	-35.660
29543	-1.000	-0.726	0.600	0.927	3.493	-29.117	-1.032	-0.778	1.348	0.209	-35.674
29563	-1.000	-0.761	0.464	0.907	2.922	-32.844	0.430	-1.032	1.163	5.809	-36.326
29583	-1.000	-0.747	0.410	0.884	2.253	-33.668	0.866	-0.624	1.066	5.114	-35.413
29603	-1.000	-0.774	0.529	0.925	1.687	-27.027	1.122	0.144	1.191	4.461	-33.844
29623	-1.000	-0.881	0.451	0.930	1.261	-22.036	-0.751	1.013	1.321	3.823	-35.524
29643	-1.000	-0.949	0.349	1.036	0.907	-18.772	0.980	-0.268	1.026	3.128	-37.799
29663	-1.000	-0.902	0.435	1.188	0.538	-20.098	-0.886	-0.632	1.121	2.381	-39.878
29683	-1.000	-0.668	0.584	0.912	0.051	-29.486	0.982	0.408	1.056	1.672	-37.540
29703	0.000	-0.561	0.594	0.853	5.644	-42.419	1.256	0.521	1.403	0.974	-35.586
29723	0.000	0.004	0.012	0.029	5.367	-2.068	-0.032	-0.004	0.033	0.923	4.132
29743	0.000	0.151	0.064	0.118	5.444	5.121	-0.036	-0.006	0.028	0.973	2.107
29763	0.000	0.003	-0.023	0.055	5.512	0.000	0.007	-0.008	0.011	0.985	-1.205
29783	0.000	0.009	-0.036	0.042	5.481	-0.892	-0.028	-0.017	0.044	0.977	0.000
29803	0.000	-0.009	-0.049	0.029	5.487	0.000	0.012	0.015	0.039	0.977	-0.594
29823	0.000	-0.010	-0.042	0.037	5.482	-0.297	0.020	-0.034	0.037	0.979	0.000
29843	0.000	-0.001	-0.020	0.020	5.492	1.037	0.011	0.012	0.051	0.980	0.000
29863	0.000	-0.001	-0.034	0.051	5.486	-0.297	-0.001	-0.023	0.026	0.982	0.297
29883	0.000	-0.004	-0.033	0.016	5.502	0.297	0.008	0.005	0.007	0.977	0.000
29903	0.000	-0.006	-0.025	0.028	5.487	-0.594	-0.037	0.030	0.055	0.976	0.297
29923	0.000	0.021	-0.028	0.030	5.493	0.000	0.017	0.007	0.022	0.971	-0.692
29943	0.000	0.068	-0.017	0.228	5.490	0.000	0.014	0.005	0.025	0.979	0.000
29963	0.000	-0.028	-0.023	0.058	5.489	-0.890	0.017	0.006	0.117	0.982	0.890
29983	0.000	0.034	-0.010	0.041	5.482	0.594	-0.004	-0.001	0.038	0.974	0.000
30003	0.000	-0.020	-0.033	0.016	5.489	-0.297	-0.037	-0.019	0.044	0.979	0.594
30023	0.000	-0.021	-0.017	0.014	5.490	0.594	0.001	0.026	0.023	0.976	-0.297
30043	0.000	0.177	-0.018	0.022	5.484	0.000	0.031	-0.034	0.043	0.991	0.297
30063	0.000	-0.020	-0.076	0.031	5.487	0.000	0.015	0.011	0.014	0.976	0.000
30083	0.000	0.010	-0.012	0.031	5.482	0.594	-0.031	-0.013	0.028	0.979	0.297
30103	0.000	0.047	0.064	0.035	5.482	-0.594	-0.035	-0.015	0.030	0.980	0.000
30123	0.000	-0.001	-0.034	0.029	5.486	0.000	0.005	0.021	0.017	0.979	0.000
30143	0.000	-0.013	0.031	0.028	5.489	0.692	0.019	-0.027	0.026	0.982	0.692
30163	0.000	0.000	-0.031	0.014	5.487	0.892	-0.006	-0.009	0.029	0.983	0.891
30183	0.000	-0.000	-0.036	0.040	5.505	-0.889	-0.004	0.026	0.043	0.976	-0.296
30203	0.000	0.009	-0.014	0.039	5.482	-0.594	-0.005	-0.027	0.027	0.977	-0.594
30223	0.000	-0.006	-0.014	0.094	5.487	-0.346	0.089	0.011	0.001	0.979	-0.346
30243	0.000	0.001	-0.042	0.042	5.490	-0.297	-0.020	-0.032	0.041	0.971	-1.782
30263	0.000	-0.007	-0.026	0.060	5.492	0.594	0.009	0.001	0.047	0.982	0.891
30283	0.000	-0.009	-0.015	0.051	5.492	0.297	-0.052	-0.000	0.052	0.976	0.297
30303	0.000	0.013	-0.035	0.048	5.487	-0.691	-0.014	-0.032	0.033	0.976	-0.346
30323	0.000	-0.001	-0.023	0.038	5.489	-0.594	0.008	0.003	0.021	0.977	-0.891
30343	0.000	0.171	-0.004	0.018	5.492	0.297	-0.052	-0.021	0.024	0.982	-0.594
30363	0.000	0.016	-0.011	0.032	5.489	0.000	-0.024	0.006	0.015	0.977	0.000
30383	0.000	0.024	-0.046	0.034	5.490	-0.346	-0.016	0.005	0.058	0.980	0.000
30403	0.000	0.002	-0.024	0.010	5.492	0.297	0.001	-0.012	0.016	0.980	0.297
30423	0.000	-0.003	-0.038	0.020	5.489	-0.297	-0.045	-0.014	0.057	0.980	0.593
30443	0.000	0.018	-0.041	0.046	5.490	0.000	-0.012	-0.027	0.024	0.976	-0.891
30463	0.000	-0.013	-0.015	0.090	5.490	0.000	0.037	-0.043	0.057	0.974	-0.692
30483	0.000	-0.004	-0.035	0.045	5.492	0.297	-0.008	-0.018	0.041	0.977	0.000
30503	0.000	-0.006	-0.031	0.017	5.484	0.000	0.013	0.014	0.146	0.977	0.000
30523	0.000	-0.008	-0.011	0.037	5.492	0.594	-0.030	0.007	0.033	0.977	0.000
30543	0.000	-0.010	-0.035	0.014	5.481	0.346	-0.156	0.008	0.038	0.976	-1.038
30563	0.000	0.023	-0.026	0.056	5.482	0.297	0.030	-0.005	0.030	0.980	0.594
30583	0.000	-0.003	-0.029	0.060	5.486	0.297	0.012	0.012	0.043	0.977	-0.890
30603	0.000	0.137	-0.016	0.054	5.482	-0.594	0.018	-0.055	0.054	0.977	-0.594
30623	0.000	-0.025	-0.036	0.033	5.484	0.000	-0.031	0.032	0.035	0.980	0.000
30643	0.000	0.031	-0.008	0.023	5.458	0.594	-0.011	-0.016	0.016	0.974	-0.297
30663	0.000	0.006	-0.054	0.040	5.486	0.593	0.008	0.004	0.056	0.982	-0.297
30683	0.000	0.178	-0.029	0.049	5.479	-0.297	-0.106	-0.145	0.053	0.977	-0.297
30703	-1.000	-0.005	-0.019	0.027	5.458	1.037	-0.007	-0.022	0.024	0.965	0.346
30723	-1.000	-0.276	0.398	0.436	4.835	-43.566	-0.699	-1.126	1.371	0.402	-36.024
30743	-1.000	-0.863	0.769	1.199	4.128	-34.358	-1.074	-0.549	1.243	6.009	-36.714
30763	-1.000	-0.987	0.568	1.163	3.574	-29.448	0.350	-1.081	1.182	5.334	-35.439
30783	-1.000	-0.775	0.383	0.911	3.033	-31.136	1.181	-0.049	1.289	4.685	-34.319
30803	-1.000	-0.666	0.675	0.920	2.393	-33.786	1.146	0.079	1.188	4.045	-34.352
30823	-1.000	-0.828	0.558	0.961	1.805	-29.921	0.708	0.806	1.082	3.384	-36.707
30843	-1.000	-0.884	0.464	1.083	1.342	-21.449	-0.947	-0.425	1.027	2.643	-38.835
30863	-1.000	-0.943	0.506	0.948	0.971	-19.215	0.036	1.042	1.020	1.882	-37.558
30883	-1.000	-0.866	0.461	1.004	0.611	-19.659	0.715	-0.941	1.228	1.181	-36.672
30903	-1.000	-0.800	0.488	0.919	0.153	-26.875	0.033	1.278	1.341	0.509	-34.653
30923	-1.000	-0.418	0.370	0.503	5.788	-39.082	-0.457	1.259	1.394	6.113	-36.149
30943	-1.000	-0.256	0.538	0.668	4.950	-43.493	1.145	0.347	1.284	5.436	-36.195
30963	-1.000	-0.655	0.649	0.909	4.202	-35.619	0.983	-0.829	1.339	4.769	-33.857
30983	-1.000	-0.882	0.596	0.999	3.632	-29.454	1.271	0.046	1.311	4.123	-34.478
31003	-1.000	-0.716	0.545	0.961	3.085	-30.638	0.234	1.249	1.351	3.448	-36.290
31023	-1.000	-0.695	0.459	0.892	2.465	-33.334	-0.924	0.343	0.971	2.721	-39.615
31043	-1.000	-0.946	0.631	1.172	1.862	-30.451	-0.602	-0.848	1.038	1.980	-37.372
31063	-1.000	-0.821	0.456	0.931	1.410	-23.039	0.958	0.656	1.199	1.276	-36.637
31083	-1.000	-0.891	0.402	0.948	1.031	-19.636	-0.683	-0.914	1.167	0.569	-35.702
31103	-1.000	-0.866	0.411	0.954	0.676	-19.307	0.257	1.066	1.091	6.180	-35.870
31123	-1.000	-0.770	0.484	0.929	0.249	-25.181	-0.281	-1.020	1.076	5.490	-35.874
31143	-1.000	-0.546	0.572	0.882	5.921	-38.073	0.527	-0.975	1.123	4.826	-33.588
31163	-1.000	-0.487	0.538	0.752	5.076	-44.463	-1.068	0.099	1.080	4.175	-34.392
31183	-1.000	-0.726	0.689	0.984	4.320	-36.594	-0.599	0.840	1.027	3.493	-35.390
31203	-1.000	-0.820	0.671	1.060	3.731	-30.130	-0.908	-0.425	1.015	2.750	-39.613
31223	-1.000	-0.768	0.473	0.918	3.181	-30.305	0.981	-0.864	1.363	2.017	-37.913
31243	-1.000	-0.657	0.568	0.855	2.577	-34.128	1.085	0.454	1.085	1.327	-36.481
31263	-1.000	-0.827	0.530	0.954	1.967	-32.181	0.374	0.958	1.018	0.649	-36.383
31283	-1.000	-0.898	0.430	0.956	1.462	-24.278	-1.248	-0.155	1.309	6.219	-36.094
31303	-1.000	-0.901	0.407	1.023	1.081	-19.560	1.192	0.383	1.315	5.530	-36.212
31323	-1.000	-0.906	0.398	0.954	0.726	-19.587	-1.208	-0.631	1.403	4.881	-34.372
31343	-1.000	-0.902	0.452	0.936	0.318	-23.987	1.110	-0.087	1.147	4.246	-34.049
31363	-1.000	-0.644	0.629	0.924	6.015	-34.465	0.726	0.755	1.074	3.599	-35.626
31383	-1.000	-0.227	0.430	0.446	5.216	-44.124	1.231	-0.087	1.269	2.870	-39.377
31403	-1.000	-0.625	0.748	0.958	4.410	-39.027	0.952	-0.898	1.368	2.114	-38.669
31423	-1.000	-0.752	0.475	0.909	3.810	-31.288	0.997	0.316	1.036	1.422	-37.515
31443	-1.000	-0.801	0.517	0.903	3.247	-29.979	-0.120	1.164	1.089	0.733	-35.377
31463	-1.000	-0.633	0.395	0.818	2.652	-33.457	-1.035	0.270	1.073	0.055	-35.909
31483	-1.000	-0.790	0.595	1.030	2.019	-31.565	-1.210	-0.129	1.272	5.653	-35.738
31503	-1.000	-0.854	0.485	0.970	1.523	-25.906	0.398	-1.202	1.309	4.990	-34.557
31523	-1.000	-0.820	0.410	0.950	1.138	-18.644	0.070	1.140	1.164	4.346	-34.471
31543	-1.000	-0.821	0.392	0.931	0.769	-19.063	0.294	-1.040	1.104	3.669	-35.943
31563	-1.000	-0.843	0.427	0.932	0.371	-23.645	-0.300	1.134	1.233	2.958	-37.774
31583	-1.000	-0.582	0.478	0.712	6.096	-33.957	-0.664	-0.880	1.113	2.233	-38.682
31603	-1.000	-0.245	0.183	0.349	5.300	-44.244	-1.122	-0.177	1.184	1.514	-36.813
31623	-1.000	-0.580	0.777	0.931	4.496	-39.947	-0.460	0.915	1.011	0.831	-36.425
31643	-1.000	-0.808	0.414	0.920	3.878	-31.150	-0.963	0.456	1.067	0.146	-36.375
31663	-1.000	-0.765	0.494	0.918	3.304	-27.318	-0.985	-0.827	1.343	5.723	-36.191
31683	-1.000	-0.727	0.599	0.929	2.712	-33.251	0.011	-1.376	1.415	5.074	-34.181
31703	0.000	-0.697	0.483	0.888	2.088	-32.210	0.115	-1.146	1.156	4.444	-33.444
31723	0.000	0.136	0.238	0.263	2.407	30.608	-0.149	-0.114	0.226	4.789	30.953
31743	0.000	-0.018	0.079	0.061	2.855	18.913	-0.000	-0.048	0.119	5.179	16.587
31763	0.000	0.189	-0.208	0.014	3.142	14.089	-0.043	-0.028	0.045	5.404	8.269
31783	0.000	-0.083	-0.005	0.060	3.369	8.749	-0.004	0.040	0.049	5.501	4.376
31803	0.000	-0.000	0.015	0.037	3.369	-1.811	-0.004	0.062	0.022	5.564	2.714
31823	0.000	-0.116	-0.118	0.025	3.267	-5.691	0.003	0.048	0.023	5.571	-0.300
31843	0.000	0.008	-0.034	0.045	3.212	-0.890	-0.003	-0.011	0.043	