--- Terminal on /dev/ttyUSB0 | 115200 8-N-1
--- Available filters and text transformations: colorize, debug, default, direct, esp32_exception_decoder, hexlify, log2file, nocontrol, printable, send_on_enter, time
--- More details at https://bit.ly/pio-monitor-filters
--- Quit: Ctrl+C | Menu: Ctrl+T | Help: Ctrl+T followed by Ctrl+H
MOT: Align sensor.
MOT: sensor_direction==CW
MOT: PP check: OK!
MOT: Zero elec. angle: 4.47
MOT: Align current sense.
CS: Inv B
MOT: Success: 3
MOT: Ready.
0	-1.000	-0.028	-0.021	0.056	1.108	0.037
8377	-1.000	-0.440	0.612	0.802	0.515	-42.273
8397	-1.000	-0.119	0.086	0.159	5.765	-55.864
8417	-1.000	-0.066	-0.122	0.098	4.679	-52.243
8437	-1.000	-0.200	0.689	0.496	3.689	-48.884
8457	-1.000	-0.079	0.093	0.114	2.694	-51.376
8477	-1.000	-0.411	0.616	0.780	1.718	-47.700
8497	-1.000	-0.601	0.601	0.882	0.881	-41.197
8517	-1.000	-0.202	0.506	0.574	6.260	-49.784
8537	-1.000	-0.248	-0.452	0.528	5.165	-55.681
8557	-1.000	-0.070	0.396	0.435	4.117	-50.629
8577	-1.000	-0.398	0.527	0.693	3.132	-48.789
8597	-1.000	-0.033	0.323	0.318	2.146	-50.279
8617	-1.000	-0.404	0.938	0.924	1.235	-43.069
8637	-1.000	-0.386	0.334	0.488	0.416	-43.820
8657	-1.000	-0.126	-0.183	0.233	5.653	-56.132
8677	-1.000	-0.118	0.007	0.117	4.564	-51.347
8697	-1.000	-0.133	0.541	0.465	3.571	-48.776
8717	-1.000	-0.157	0.079	0.293	2.591	-52.015
8737	-1.000	-0.342	0.818	0.884	1.612	-46.668
8757	-1.000	-0.666	0.533	0.873	0.788	-41.020
8777	-1.000	-0.102	0.254	0.231	6.137	-52.094
8797	-1.000	-0.169	-0.164	0.255	5.033	-54.073
8817	-1.000	-0.162	0.152	0.233	4.019	-50.584
8837	-1.000	-0.349	0.483	0.644	3.036	-51.008
8857	-1.000	-0.086	0.487	0.434	2.037	-49.095
8877	-1.000	-0.417	0.902	0.896	1.135	-41.948
8897	-1.000	-0.443	0.366	0.691	0.313	-44.694
8917	-1.000	-0.206	-0.332	0.414	5.525	-56.916
8937	-1.000	-0.049	0.046	0.083	4.468	-51.663
8957	-1.000	-0.054	0.524	0.517	3.484	-49.012
8977	-1.000	-0.218	0.139	0.297	2.482	-51.164
8997	-1.000	-0.406	0.693	0.864	1.525	-45.949
9017	-1.000	-0.509	0.398	0.668	0.709	-40.462
9037	-1.000	-0.089	0.044	0.068	6.036	-51.521
9057	-1.000	-0.165	-0.174	0.235	4.926	-54.281
9077	-1.000	-0.165	0.235	0.313	3.921	-50.922
9097	-1.000	-0.284	0.627	0.724	2.936	-50.530
9117	-1.000	-0.097	0.183	0.174	1.942	-49.194
9137	-1.000	-0.566	0.612	0.876	1.071	-41.402
9157	-1.000	-0.440	0.252	0.498	0.212	-46.621
9177	-1.000	-0.219	-0.173	0.345	5.398	-57.648
9197	-1.000	-0.148	0.391	0.340	4.360	-52.170
9217	-1.000	-0.068	0.338	0.239	3.375	-49.503
9237	-1.000	-0.217	0.325	0.404	2.379	-51.714
9257	-1.000	-0.519	0.613	0.843	1.443	-44.643
9277	-1.000	-0.441	0.414	0.604	0.615	-42.187
9297	-1.000	-0.134	-0.100	0.188	5.921	-53.965
9317	-1.000	-0.084	-0.274	0.244	4.814	-52.735
9337	-1.000	-0.358	0.678	0.714	3.797	-49.552
9357	0.000	-0.270	0.541	0.478	2.839	-50.667
9377	0.000	-0.003	-0.121	0.115	2.121	-28.322
9397	0.000	0.002	-0.020	0.085	1.758	-12.967
9417	0.000	0.013	-0.038	0.064	1.577	-9.189
9437	0.000	0.026	-0.009	0.011	1.526	1.223
9457	0.000	0.007	0.028	0.022	1.597	2.896
9477	0.000	-0.006	-0.039	0.232	1.585	-1.225
9497	0.000	0.002	-0.012	0.038	1.565	0.312
9517	0.000	-0.023	-0.046	0.019	1.577	0.000
9537	0.000	0.001	-0.024	0.027	1.575	0.920
9557	0.000	0.013	0.026	0.048	1.580	-0.623
9577	0.000	0.011	-0.039	0.022	1.583	-0.607
9597	0.000	0.018	-0.007	0.029	1.578	0.000
9617	0.000	0.008	-0.012	0.043	1.580	-0.627
9637	0.000	-0.001	-0.032	0.034	1.580	-0.623
9657	0.000	0.020	-0.006	0.035	1.578	0.312
9677	0.000	-0.000	-0.035	0.023	1.578	-39.750
9697	0.000	0.008	0.009	0.042	1.582	0.000
9717	0.000	0.093	0.014	0.054	1.578	-0.315
9737	0.000	0.022	-0.007	0.230	1.578	0.000
9757	0.000	-0.013	-0.026	0.012	1.580	0.287
9777	0.000	0.014	-0.005	0.028	1.577	0.000
9797	0.000	0.015	-0.016	0.044	1.580	0.307
9817	0.000	0.026	-0.012	0.031	1.580	0.613
9837	0.000	0.000	-0.028	0.031	1.575	0.000
9857	0.000	0.145	0.020	0.033	1.575	-0.316
9877	0.000	0.054	-0.019	0.014	1.580	0.291
9897	0.000	0.018	-0.034	0.014	1.578	0.000
9917	0.000	-0.013	-0.018	0.020	1.580	0.312
9937	0.000	0.023	0.060	0.025	1.578	0.000
9957	0.000	0.004	-0.022	0.025	1.580	0.310
9977	0.000	0.006	-0.003	0.031	1.569	1.226
9997	0.000	-0.003	-0.150	0.041	1.583	-0.303
10017	0.000	0.002	-0.012	0.030	1.578	-0.307
10037	0.000	-0.001	0.036	0.008	1.578	0.308
10057	0.000	-0.000	-0.035	0.018	1.578	-0.315
10077	0.000	-0.008	-0.016	0.034	1.578	-0.316
10097	0.000	0.027	-0.004	0.026	1.580	0.613
10117	0.000	0.010	0.045	0.028	1.578	0.314
10137	0.000	0.017	-0.029	0.015	1.582	0.613
10157	0.000	0.019	-0.019	0.013	1.575	0.000
10177	0.000	-0.051	-0.043	0.055	1.577	-0.588
10197	0.000	0.011	-0.020	0.024	1.578	0.918
10217	0.000	0.016	-0.008	0.086	1.575	0.000
10237	0.000	-0.000	-0.030	0.017	1.575	-0.587
10257	0.000	0.059	0.005	0.047	1.578	-0.312
10277	0.000	0.012	-0.028	0.014	1.577	0.000
10297	0.000	0.005	-0.006	0.035	1.577	-0.316
10317	0.000	-0.003	-0.039	0.023	1.585	-0.919
10337	0.000	0.008	-0.031	0.040	1.580	0.613
10357	-1.000	0.032	-0.026	0.013	1.578	-0.315
10377	-1.000	-0.559	0.768	0.921	0.962	-41.105
10397	-1.000	-0.384	0.584	0.715	0.089	-47.770
10417	-1.000	-0.226	-0.271	0.372	5.297	-55.883
10437	-1.000	-0.097	0.438	0.367	4.246	-51.443
10457	-1.000	-0.094	0.228	0.207	3.281	-50.520
10477	-1.000	-0.165	0.481	0.436	2.261	-50.900
10497	-1.000	-0.539	0.747	0.917	1.342	-43.801
10517	-1.000	-0.409	0.615	0.696	0.518	-42.934
10537	-1.000	-0.163	0.106	0.189	5.783	-54.490
10557	-1.000	-0.110	0.056	0.115	4.709	-52.104
10577	-1.000	-0.327	0.772	0.868	3.701	-49.308
10597	-1.000	-0.143	0.429	0.443	2.730	-51.092
10617	-1.000	-0.217	0.303	0.381	1.743	-48.538
10637	-1.000	-0.590	0.531	0.898	0.897	-40.764
10657	-1.000	-0.365	0.412	0.528	6.282	-48.413
10677	-1.000	-0.189	-0.301	0.377	5.183	-54.982
10697	-1.000	-0.164	0.632	0.526	4.163	-51.153
10717	-1.000	-0.056	0.195	0.176	3.183	-50.048
10737	-1.000	-0.115	0.480	0.465	2.158	-50.454
10757	-1.000	-0.500	0.719	0.904	1.267	-43.565
10777	-1.000	-0.366	0.341	0.470	0.420	-43.845
10797	-1.000	-0.093	0.079	0.178	5.671	-55.978
10817	-1.000	-0.044	-0.092	0.145	4.602	-52.517
10837	-1.000	-0.174	0.585	0.563	3.593	-49.132
10857	-1.000	-0.116	0.235	0.230	2.594	-50.845
10877	-1.000	-0.400	0.608	0.751	1.626	-47.626
10897	-1.000	-0.556	0.453	0.732	0.802	-41.159
10917	-1.000	-0.165	0.346	0.413	6.151	-52.204
10937	-1.000	-0.202	-0.310	0.372	5.050	-54.169
10957	-1.000	-0.224	0.272	0.393	4.011	-50.577
10977	-1.000	-0.372	0.621	0.703	3.034	-49.996
10997	-1.000	-0.003	0.405	0.378	2.054	-48.989
11017	-1.000	-0.546	0.730	0.918	1.157	-42.342
11037	-1.000	-0.221	0.389	0.432	0.333	-44.407
11057	-1.000	-0.209	-0.329	0.426	5.548	-58.046
11077	-1.000	-0.085	0.091	0.113	4.470	-52.071
11097	-1.000	-0.056	0.440	0.365	3.482	-49.012
11117	-1.000	-0.168	-0.030	0.179	2.493	-52.682
11137	-1.000	-0.411	0.676	0.827	1.525	-46.096
11157	-1.000	-0.464	0.637	0.895	0.709	-42.407
11177	-1.000	-0.065	0.031	0.068	6.032	-52.583
11197	-1.000	-0.201	-0.291	0.382	4.918	-53.749
11217	-1.000	-0.232	0.339	0.451	3.913	-50.842
11237	-1.000	-0.212	0.562	0.591	2.935	-50.857
11257	-1.000	-0.135	0.147	0.182	1.942	-48.924
11277	-1.000	-0.525	0.655	0.873	1.065	-42.438
11297	-1.000	-0.448	0.251	0.530	0.212	-46.280
11317	-1.000	-0.162	-0.241	0.338	5.400	-57.567
11337	-1.000	-0.168	0.281	0.371	4.361	-51.979
11357	0.000	-0.115	0.537	0.232	3.378	-49.425
11377	0.000	-0.022	-0.017	0.013	3.077	-3.619
11397	0.000	0.039	0.015	0.058	3.085	1.216
11417	0.000	0.007	-0.016	0.017	3.088	-0.619
11437	0.000	0.016	0.018	0.014	3.093	0.000
11457	0.000	-0.005	0.000	0.026	3.093	0.000
11477	0.000	-0.008	0.004	0.024	3.093	-0.316
11497	0.000	-0.018	-0.016	0.037	3.091	0.000
11517	0.000	-0.029	0.020	0.028	3.094	0.587
11537	0.000	0.008	-0.004	0.042	3.094	0.294
11557	0.000	0.022	0.024	0.014	3.096	0.294
11577	0.000	-0.012	0.021	0.008	3.100	0.000
11597	0.000	-0.008	-0.002	0.033	3.103	0.289
11617	0.000	-0.020	-0.090	0.019	3.103	0.000
11637	0.000	0.007	-0.014	0.033	3.108	0.316
11657	0.000	-0.046	-0.224	0.017	3.109	0.000
11677	0.000	-0.011	-0.002	0.014	3.109	0.289
11697	0.000	-0.001	0.015	0.015	3.111	0.000
11717	0.000	-0.004	-0.003	0.028	3.119	0.629
11737	0.000	-0.010	0.027	0.013	3.117	0.000
11757	0.000	-0.004	0.025	0.024	3.125	0.307
11777	0.000	-0.012	-0.001	0.117	3.126	0.000
11797	0.000	-0.012	-0.005	0.017	3.129	0.000
11817	0.000	-0.014	0.011	0.006	3.128	0.000
11837	0.000	0.000	-0.014	0.024	3.129	0.000
11857	0.000	-0.015	0.023	0.017	3.129	0.000
11877	0.000	0.013	0.043	0.062	3.134	0.918
11897	0.000	0.000	-0.007	0.024	3.139	0.000
11917	0.000	-0.037	0.018	0.042	3.146	0.613
11937	0.000	-0.074	0.019	0.040	3.163	1.290
11957	0.000	-0.105	0.007	0.011	3.171	0.593
11977	0.000	-0.032	-0.029	0.013	3.180	0.322
11997	0.000	0.010	-0.001	0.019	3.183	0.321
12017	0.000	-0.143	0.139	0.030	3.186	0.596
12037	0.000	0.038	-0.018	0.028	3.181	-0.603
12057	0.000	-0.013	-0.004	0.019	3.185	0.321
12077	0.000	-0.022	-0.020	0.025	3.185	-0.297
12097	0.000	0.032	-0.042	0.026	3.183	0.000
12117	0.000	-0.001	-0.007	0.021	3.189	0.297
12137	0.000	-0.044	-0.011	0.029	3.186	-0.301
12157	0.000	-0.026	-0.030	0.014	3.186	0.000
12177	0.000	0.014	-0.022	0.029	3.186	-0.321
12197	0.000	-0.000	-0.023	0.014	3.188	0.000
12217	0.000	0.008	-0.020	0.081	3.189	0.642
12237	0.000	-0.006	-0.014	0.041	3.186	0.000
12257	0.000	-0.012	-0.001	0.025	3.186	0.595
12277	0.000	-0.027	-0.012	0.027	3.185	-0.302
12297	0.000	-0.050	0.001	0.115	3.186	0.000
12317	0.000	-0.014	-0.003	0.057	3.186	0.000
12337	0.000	-0.010	-0.001	0.013	3.188	0.322
12357	-1.000	0.045	0.005	0.038	3.189	0.297
12377	-1.000	-0.313	0.609	0.601	2.459	-50.806
12397	-1.000	-0.393	0.803	0.850	1.520	-46.180
12417	-1.000	-0.485	0.611	0.909	0.709	-41.209
12437	-1.000	-0.067	0.011	0.078	6.032	-52.918
12457	-1.000	-0.205	-0.257	0.308	4.910	-54.162
12477	-1.000	-0.270	0.466	0.548	3.906	-51.133
12497	-1.000	-0.150	0.605	0.605	2.927	-50.859
12517	-1.000	-0.179	0.161	0.235	1.931	-49.053
12537	-1.000	-0.542	0.670	0.886	1.068	-41.150
12557	-1.000	-0.379	0.221	0.454	0.216	-46.144
12577	-1.000	-0.168	-0.168	0.274	5.403	-55.938
12597	-1.000	-0.167	0.304	0.331	4.372	-52.087
12617	-1.000	-0.100	0.454	0.356	3.382	-48.229
12637	-1.000	-0.207	0.320	0.418	2.378	-51.347
12657	-1.000	-0.474	0.654	0.796	1.457	-45.226
12677	-1.000	-0.379	0.456	0.584	0.621	-42.113
12697	-1.000	-0.196	-0.135	0.231	5.910	-54.785
12717	-1.000	-0.196	-0.118	0.233	4.829	-54.068
12737	-1.000	-0.341	0.444	0.589	3.810	-49.454
12757	-1.000	-0.300	0.401	0.465	2.844	-50.979
12777	-1.000	-0.084	0.495	0.480	1.859	-48.555
12797	-1.000	-0.521	0.451	0.712	0.991	-41.590
12817	-1.000	-0.282	0.405	0.629	0.117	-47.741
12837	-1.000	-0.228	-0.137	0.323	5.308	-56.330
12857	-1.000	-0.171	0.445	0.445	4.263	-51.174
12877	-1.000	-0.136	0.518	0.479	3.303	-49.141
12897	-1.000	-0.218	0.192	0.323	2.289	-50.971
12917	-1.000	-0.512	0.359	0.668	1.362	-44.166
12937	-1.000	-0.308	0.729	0.859	0.546	-42.036
12957	-1.000	-0.089	0.116	0.146	5.818	-55.922
12977	-1.000	-0.152	-0.056	0.164	4.726	-52.816
12997	-1.000	-0.260	0.412	0.498	3.735	-48.845
13017	-1.000	-0.204	0.512	0.586	2.738	-51.042
13037	-1.000	-0.110	0.284	0.279	1.753	-48.290
13057	-1.000	-0.366	0.604	0.662	0.914	-41.476
13077	-1.000	-0.319	0.305	0.458	0.003	-49.754
13097	-1.000	-0.217	-0.302	0.429	5.193	-55.759
13117	-1.000	-0.083	0.489	0.401	4.152	-52.400
13137	-1.000	-0.045	0.317	0.231	3.188	-49.651
13157	-1.000	-0.258	0.688	0.695	2.175	-50.334
13177	-1.000	-0.511	0.591	0.915	1.264	-43.662
13197	-1.000	-0.245	0.400	0.458	0.434	-43.632
13217	-1.000	-0.173	-0.006	0.123	5.690	-55.781
13237	-1.000	-0.093	0.102	0.142	4.633	-52.423
13257	-1.000	-0.355	0.308	0.466	3.636	-48.604
13277	-1.000	-0.090	0.322	0.340	2.631	-51.652
13297	-1.000	-0.068	0.402	0.422	1.672	-47.764
13317	-1.000	-0.390	0.564	0.705	0.828	-40.186
13337	-1.000	-0.164	0.186	0.391	6.206	-50.284
13357	0.000	-0.181	-0.328	0.407	5.096	-54.579
13377	0.000	-0.009	-0.235	0.208	4.450	-19.094
13397	0.000	0.029	0.006	0.018	4.343	0.000
13417	0.000	-0.009	0.020	0.022	4.370	1.186
13437	0.000	-0.024	-0.028	0.146	4.396	0.921
13457	0.000	0.001	-0.013	0.040	4.396	0.000
13477	0.000	0.010	-0.013	0.039	4.396	0.000
13497	0.000	-0.006	-0.020	0.039	4.395	-0.289
13517	0.000	0.009	-0.013	0.035	4.396	0.315
13537	0.000	0.034	0.001	0.031	4.396	0.307
13557	0.000	-0.136	0.014	0.011	4.398	1.224
13577	0.000	-0.002	-0.009	0.084	4.398	0.000
13597	0.000	-0.005	-0.027	0.013	4.395	-0.313
13617	0.000	-0.028	-0.080	0.025	4.396	-0.286
13637	0.000	-0.012	-0.031	0.013	4.399	0.613
13657	0.000	0.003	-0.021	0.056	4.396	0.000
13677	0.000	-0.036	-0.026	0.017	4.396	-0.290
13697	0.000	0.078	0.089	0.035	4.398	-0.308
13717	0.000	0.050	-0.027	0.038	4.398	0.000
13737	0.000	0.077	-0.007	0.090	4.398	0.611
13757	0.000	-0.015	-0.035	0.044	4.395	-0.878
13777	0.000	-0.045	-0.025	0.039	4.396	0.000
13797	0.000	-0.004	-0.036	0.044	4.396	0.000
13817	0.000	-0.006	-0.009	0.027	4.398	0.305
13837	0.000	-0.020	-0.030	0.019	4.395	-0.293
13857	0.000	0.221	-0.044	0.015	4.398	-0.312
13877	0.000	0.073	0.091	0.029	4.398	-0.629
13897	0.000	-0.008	-0.018	0.073	4.399	0.000
13917	0.000	-0.016	-0.031	0.063	4.399	0.000
13937	0.000	0.033	-0.007	0.020	4.399	0.306
13957	0.000	0.005	-0.031	0.036	4.398	0.000
13977	0.000	0.002	-0.013	0.038	4.399	0.309
13997	0.000	-0.019	-0.034	0.058	4.398	0.000
14017	0.000	-0.010	-0.028	0.018	4.396	-0.626
14037	0.000	0.004	-0.021	0.032	4.401	0.000
14057	0.000	0.007	-0.027	0.023	4.399	0.000
14077	0.000	0.005	-0.024	0.012	4.398	0.000
14097	0.000	-0.011	-0.030	0.028	4.399	0.000
14117	0.000	-0.001	-0.012	0.034	4.398	-0.291
14137	0.000	0.054	0.041	0.045	4.396	0.000
14157	0.000	-0.012	-0.037	0.024	4.398	-0.306
14177	0.000	0.013	-0.021	0.031	4.398	-0.312
14197	0.000	0.014	-0.034	0.028	4.398	-0.310
14217	0.000	-0.210	-0.001	0.048	4.399	0.307
14237	0.000	-0.018	-0.027	0.013	4.398	0.000
14257	0.000	-0.016	-0.040	0.029	4.401	0.313
14277	0.000	-0.033	-0.036	0.179	4.399	0.000
14297	0.000	0.009	-0.039	0.118	4.398	0.000
14317	0.000	-0.028	-0.011	0.009	4.399	0.000
14337	0.000	-0.066	-0.110	0.046	4.398	-0.311
14357	-1.000	-0.018	-0.035	0.051	4.398	-0.316
14377	-1.000	-0.149	0.180	0.229	3.746	-47.580
14397	-1.000	-0.281	0.570	0.532	2.747	-51.113
14417	-1.000	-0.056	0.445	0.451	1.763	-47.134
14437	-1.000	-0.455	0.466	0.633	0.919	-40.604
14457	-1.000	-0.177	0.102	0.211	0.026	-48.798
14477	-1.000	-0.194	-0.216	0.251	5.203	-56.099
14497	-1.000	-0.273	0.416	0.477	4.185	-50.751
14517	-1.000	-0.108	0.593	0.502	3.208	-49.424
14537	-1.000	-0.202	0.250	0.356	2.195	-51.273
14557	-1.000	-0.411	0.565	0.876	1.282	-44.418
14577	-1.000	-0.307	0.623	0.659	0.446	-42.511
14597	-1.000	-0.164	-0.132	0.203	5.703	-56.385
14617	-1.000	-0.122	0.180	0.165	4.646	-51.542
14637	-1.000	-0.189	0.144	0.239	3.654	-48.722
14657	-1.000	-0.207	0.408	0.393	2.643	-51.652
14677	-1.000	-0.172	0.707	0.638	1.681	-46.593
14697	-1.000	-0.516	0.826	0.899	0.854	-40.889
14717	-1.000	-0.077	0.318	0.340	6.243	-49.990
14737	-1.000	-0.263	-0.312	0.415	5.139	-55.068
14757	-1.000	-0.228	0.367	0.457	4.099	-51.735
14777	-1.000	-0.218	0.521	0.595	3.123	-49.674
14797	-1.000	-0.021	0.170	0.128	2.134	-50.309
14817	-1.000	-0.316	0.700	0.781	1.220	-43.391
14837	-1.000	-0.528	0.477	0.737	0.396	-43.409
14857	-1.000	-0.072	0.086	0.069	5.639	-55.743
14877	-1.000	-0.098	0.203	0.224	4.550	-52.164
14897	-1.000	-0.165	0.598	0.465	3.573	-48.236
14917	-1.000	-0.191	0.085	0.222	2.580	-52.288
14937	-1.000	-0.285	0.752	0.714	1.608	-47.493
14957	-1.000	-0.641	0.584	0.890	0.784	-41.804
14977	-1.000	-0.104	0.178	0.176	6.137	-51.869
14997	-1.000	-0.167	-0.124	0.248	5.024	-54.073
15017	-1.000	-0.160	0.153	0.236	4.019	-50.614
15037	-1.000	-0.389	0.584	0.636	3.037	-51.008
15057	-1.000	-0.119	0.293	0.458	2.036	-49.414
15077	-1.000	-0.330	0.781	0.905	1.135	-41.858
15097	-1.000	-0.441	0.396	0.703	0.311	-45.029
15117	-1.000	-0.245	-0.346	0.432	5.524	-58.299
15137	-1.000	-0.082	0.050	0.097	4.467	-52.116
15157	-1.000	-0.039	0.465	0.363	3.481	-49.414
15177	-1.000	-0.272	0.238	0.384	2.474	-52.415
15197	-1.000	-0.360	0.720	0.754	1.520	-45.931
15217	-1.000	-0.509	0.482	0.864	0.704	-41.403
15237	-1.000	-0.074	0.267	0.221	6.025	-52.726
15257	-1.000	-0.169	-0.139	0.258	4.932	-54.108
15277	-1.000	-0.296	0.478	0.578	3.907	-50.713
15297	-1.000	-0.207	0.579	0.468	2.928	-50.940
15317	-1.000	-0.057	0.177	0.163	1.948	-49.933
15337	-1.000	-0.537	0.740	0.912	1.058	-42.333
15357	0.000	-0.492	0.360	0.676	0.206	-46.358
15377	0.000	-0.002	-0.095	0.091	6.134	-7.486
15397	0.000	-0.015	-0.034	0.021	6.113	0.314
15417	0.000	-0.032	-0.032	0.034	6.110	0.000
15437	0.000	0.002	-0.012	0.045	6.114	0.310
15457	0.000	0.000	-0.016	0.046	6.116	0.000
15477	0.000	-0.039	-0.038	0.020	6.118	-0.305
15497	0.000	0.048	-0.001	0.019	6.111	-0.308
15517	0.000	-0.019	-0.014	0.022	6.118	0.306
15537	0.000	0.032	-0.013	0.029	6.116	0.306
15557	0.000	0.012	-0.034	0.024	6.114	0.314
15577	0.000	-0.003	-0.017	0.012	6.114	0.000
15597	0.000	-0.057	-0.035	0.037	6.113	-0.293
15617	0.000	0.004	-0.035	0.013	6.113	-0.615
15637	0.000	-0.002	-0.016	0.036	6.116	-0.921
15657	0.000	0.038	-0.016	0.031	6.113	-0.621
15677	0.000	-0.014	-0.017	0.016	6.116	0.000
15697	0.000	-0.014	-0.038	0.025	6.119	0.000
15717	0.000	0.028	-0.013	0.035	6.113	-0.309
15737	0.000	0.023	-0.027	0.015	6.116	0.303
15757	0.000	-0.034	-0.036	0.034	6.118	0.618
15777	0.000	0.024	-0.013	0.044	6.114	0.000
15797	0.000	-0.015	-0.038	0.025	6.114	-0.311
15817	0.000	-0.001	-0.020	0.035	6.118	0.306
15837	0.000	0.016	-0.014	0.049	6.116	0.307
15857	0.000	-0.014	-0.033	0.019	6.116	0.000
15877	0.000	-0.004	-0.012	0.022	6.114	-0.309
15897	0.000	-0.008	-0.020	0.037	6.114	0.000
15917	0.000	-0.077	-0.036	0.049	6.113	-0.294
15937	0.000	0.003	-0.022	0.032	6.114	-0.308
15957	0.000	0.026	-0.013	0.037	6.114	0.000
15977	0.000	0.002	-0.017	0.042	6.111	-0.314
15997	0.000	0.034	0.020	0.014	6.113	-0.307
16017	0.000	-0.008	-0.038	0.039	6.119	-0.310
16037	0.000	-0.017	-0.012	0.045	6.114	0.000
16057	0.000	-0.004	-0.009	0.043	6.116	0.306
16077	0.000	-0.013	-0.035	0.027	6.118	0.000
16097	0.000	0.013	-0.013	0.031	6.116	0.000
16117	0.000	-0.017	-0.030	0.014	6.119	0.604
16137	0.000	-0.002	-0.012	0.013	6.116	0.304
16157	0.000	0.010	-0.030	0.013	6.116	0.000
16177	0.000	-0.026	-0.078	0.022	6.116	0.000
16197	0.000	-0.007	-0.017	0.065	6.116	0.000
16217	0.000	0.062	-0.013	0.033	6.118	0.913
16237	0.000	-0.015	-0.038	0.020	6.116	0.000
16257	0.000	0.148	-0.027	0.011	6.116	-0.304
16277	0.000	0.035	-0.028	0.021	6.121	0.904
16297	0.000	0.031	-0.015	0.030	6.116	0.000
16317	0.000	0.014	-0.012	0.025	6.119	0.603
16337	0.000	0.010	-0.024	0.013	6.118	0.000
16357	-1.000	-0.005	-0.012	0.034	6.116	0.303
16377	-1.000	-0.224	-0.332	0.439	5.378	-55.815
16397	-1.000	-0.044	0.179	0.197	4.340	-52.381
16417	-1.000	-0.260	0.240	0.394	3.349	-49.580
16437	-1.000	0.009	0.432	0.420	2.338	-50.708
16457	-1.000	-0.259	0.673	0.644	1.404	-44.836
16477	-1.000	-0.566	0.551	0.828	0.592	-42.361
16497	-1.000	-0.227	0.233	0.284	5.880	-54.286
16517	-1.000	-0.200	-0.171	0.324	4.809	-54.133
16537	-1.000	-0.131	0.623	0.615	3.786	-49.965
16557	-1.000	-0.018	0.184	0.171	2.796	-50.393
16577	-1.000	-0.325	0.415	0.577	1.822	-49.166
16597	-1.000	-0.519	0.751	0.916	0.960	-41.369
16617	-1.000	-0.381	0.640	0.780	0.087	-48.188
16637	-1.000	-0.179	-0.116	0.283	5.289	-55.730
16657	-1.000	-0.075	0.410	0.282	4.248	-51.143
16677	-1.000	-0.103	0.315	0.299	3.283	-48.719
16697	-1.000	-0.171	0.461	0.457	2.264	-51.011
16717	-1.000	-0.533	0.744	0.917	1.342	-43.855
16737	-1.000	-0.348	0.438	0.547	0.522	-42.511
16757	-1.000	-0.158	0.035	0.168	5.795	-56.222
16777	-1.000	-0.123	-0.075	0.166	4.708	-52.372
16797	-1.000	-0.332	0.747	0.758	3.701	-50.106
16817	-1.000	-0.173	0.391	0.373	2.730	-51.082
16837	-1.000	-0.232	0.317	0.410	1.747	-48.070
16857	-1.000	-0.518	0.703	0.868	0.896	-40.944
16877	-1.000	-0.360	0.431	0.532	6.280	-48.442
16897	-1.000	-0.212	-0.366	0.461	5.183	-55.909
16917	-1.000	-0.126	0.609	0.561	4.160	-50.854
16937	-1.000	-0.116	0.410	0.434	3.178	-49.921
16957	-1.000	-0.072	0.431	0.399	2.152	-51.476
16977	-1.000	-0.523	0.671	0.882	1.253	-42.738
16997	-1.000	-0.414	0.289	0.499	0.414	-42.892
17017	-1.000	-0.127	0.021	0.113	5.674	-57.483
17037	-1.000	-0.047	-0.115	0.166	4.603	-52.191
17057	-1.000	-0.287	0.782	0.702	3.597	-48.614
17077	-1.000	-0.102	0.184	0.325	2.597	-50.876
17097	-1.000	-0.416	0.493	0.678	1.631	-46.702
17117	-1.000	-0.537	0.449	0.709	0.804	-41.467
17137	-1.000	-0.173	0.357	0.398	6.154	-52.324
17157	-1.000	-0.207	-0.356	0.422	5.053	-54.364
17177	-1.000	-0.215	0.234	0.341	4.010	-50.838
17197	-1.000	-0.377	0.489	0.672	3.040	-49.453
17217	-1.000	-0.070	0.391	0.441	2.036	-50.578
17237	-1.000	-0.543	0.746	0.922	1.150	-42.459
17257	-1.000	-0.475	0.398	0.738	0.311	-44.342
17277	-1.000	-0.201	-0.411	0.460	5.536	-56.814
17297	-1.000	-0.119	0.313	0.235	4.455	-51.724
17317	-1.000	-0.031	0.564	0.435	3.485	-48.866
17337	-1.000	-0.241	0.128	0.286	2.477	-51.536
17357	0.000	-0.433	0.777	0.849	1.525	-45.868
17377	0.000	0.016	0.020	0.015	1.356	0.000
17397	0.000	-0.008	0.004	0.029	1.364	0.613
17417	0.000	0.072	-0.029	0.066	1.358	-0.305
17437	0.000	0.028	-0.014	0.009	1.370	-0.616
17457	0.000	0.023	0.031	0.012	1.356	-0.306
17477	0.000	-0.041	0.059	0.029	1.358	0.000
17497	0.000	-0.004	-0.006	0.025	1.361	-0.605
17517	0.000	-0.008	0.001	0.156	1.361	0.307
17537	0.000	0.015	0.012	0.040	1.370	2.453
17557	0.000	-0.008	0.011	0.029	1.358	-1.189
17577	0.000	-0.005	-0.005	0.092	1.356	0.000
17597	0.000	-0.001	0.030	0.029	1.358	0.000
17617	0.000	-0.026	-0.014	0.040	1.359	0.000
17637	0.000	0.026	-0.034	0.014	1.359	0.000
17657	0.000	-0.028	-0.004	0.007	1.358	0.917
17677	0.000	-0.005	-0.005	0.045	1.356	-0.303
17697	0.000	0.017	0.012	0.028	1.356	0.000
17717	0.000	-0.009	-0.007	0.010	1.356	0.000
17737	0.000	-0.011	0.025	0.015	1.358	-0.307
17757	0.000	0.005	-0.005	0.058	1.359	0.306
17777	0.000	0.006	0.031	0.003	1.365	0.612
17797	0.000	0.032	0.033	0.026	1.356	0.306
17817	0.000	0.009	0.024	0.227	1.362	-0.304
17837	0.000	-0.018	0.023	0.031	1.361	-0.305
17857	0.000	-0.006	-0.002	0.033	1.359	0.000
17877	0.000	0.024	-0.024	0.036	1.359	0.000
17897	0.000	-0.003	0.009	0.021	1.358	0.000
17917	0.000	0.011	0.038	0.047	1.359	0.306
17937	0.000	-0.008	0.044	0.037	1.359	-0.307
17957	0.000	-0.029	-0.007	0.042	1.358	-0.323
17977	0.000	-0.014	0.011	0.019	1.358	0.304
17997	0.000	0.049	0.034	0.045	1.358	0.000
18017	0.000	-0.038	0.010	0.131	1.358	0.000
18037	0.000	-0.003	-0.004	0.031	1.364	0.919
18057	0.000	-0.009	0.003	0.028	1.359	0.613
18077	0.000	0.004	0.009	0.015	1.358	-0.300
18097	0.000	-0.060	-0.078	0.029	1.358	0.000
18117	0.000	0.000	0.016	0.058	1.358	0.000
18137	0.000	-0.019	-0.002	0.012	1.358	-0.305
18157	0.000	-0.001	0.004	0.041	1.356	0.612
18177	0.000	-0.004	0.014	0.014	1.358	-0.306
18197	0.000	-0.002	-0.010	0.043	1.356	-0.304
18217	0.000	-0.005	-0.004	0.228	1.359	0.000
18237	0.000	-0.006	-0.002	0.034	1.358	0.307
18257	0.000	-0.011	0.006	0.034	1.358	0.000
18277	0.000	0.005	-0.002	0.035	1.355	-1.194
18297	0.000	-0.002	-0.007	0.026	1.358	0.000
18317	0.000	-0.015	0.028	0.014	1.359	-0.642
18337	0.000	-0.015	0.009	0.040	1.359	0.306
18357	-1.000	0.043	-0.047	0.049	1.355	-0.605
18377	-1.000	-0.479	0.767	0.871	0.746	-40.691
18397	-1.000	-0.217	0.010	0.229	6.098	-52.401
18417	-1.000	-0.320	-0.320	0.450	5.047	-47.682
18437	-1.000	-0.040	0.171	0.167	4.030	-50.728
18457	-1.000	-0.361	0.418	0.572	3.043	-49.923
18477	-1.000	-0.032	0.228	0.172	2.039	-50.048
18497	-1.000	-0.553	0.731	0.919	1.152	-42.459
18517	-1.000	-0.429	0.560	0.702	0.311	-44.350
18537	-1.000	-0.215	-0.431	0.465	5.536	-56.893
18557	-1.000	-0.102	0.264	0.215	4.453	-51.775
18577	-1.000	-0.047	0.487	0.387	3.482	-49.022
18597	-1.000	-0.259	0.162	0.333	2.476	-50.833
18617	-1.000	-0.434	0.756	0.856	1.526	-45.600
18637	-1.000	-0.505	0.723	0.885	0.706	-41.209
18657	-1.000	-0.044	0.295	0.213	6.030	-52.874
18677	-1.000	-0.195	-0.259	0.343	4.918	-53.942
18697	-1.000	-0.275	0.398	0.489	3.913	-49.648
18717	-1.000	-0.228	0.568	0.580	2.931	-50.695
18737	-1.000	-0.133	0.166	0.221	1.934	-50.967
18757	-1.000	-0.535	0.679	0.885	1.065	-42.438
18777	-1.000	-0.448	0.257	0.541	0.212	-46.280
18797	-1.000	-0.227	-0.148	0.321	5.401	-57.305
18817	-1.000	-0.174	0.372	0.340	4.363	-52.030
18837	-1.000	-0.003	0.104	0.217	3.378	-49.783
18857	-1.000	-0.200	0.559	0.642	2.361	-51.388
18877	-1.000	-0.528	0.567	0.799	1.447	-44.670
18897	-1.000	-0.397	0.460	0.615	0.620	-41.241
18917	-1.000	-0.203	-0.119	0.232	5.907	-54.226
18937	-1.000	-0.195	-0.097	0.274	4.826	-54.046
18957	-1.000	-0.350	0.500	0.633	3.810	-49.503
18977	-1.000	-0.277	0.459	0.484	2.844	-50.958
18997	-1.000	-0.078	0.348	0.329	1.856	-48.673
19017	-1.000	-0.596	0.459	0.788	0.982	-41.541
19037	-1.000	-0.391	0.343	0.526	0.107	-47.387
19057	-1.000	-0.237	-0.209	0.319	5.303	-57.296
19077	-1.000	-0.108	0.377	0.457	4.258	-51.112
19097	-1.000	-0.124	0.510	0.505	3.297	-48.915
19117	-1.000	-0.374	0.491	0.459	2.283	-50.728
19137	-1.000	-0.537	0.492	0.755	1.358	-44.228
19157	-1.000	-0.309	0.506	0.474	0.532	-42.084
19177	-1.000	-0.163	-0.136	0.223	5.815	-55.971
19197	-1.000	-0.145	0.013	0.119	4.722	-52.478
19217	-1.000	-0.253	0.474	0.551	3.737	-49.154
19237	-1.000	-0.216	0.440	0.440	2.737	-51.284
19257	-1.000	-0.161	0.265	0.294	1.750	-46.937
19277	-1.000	-0.407	0.492	0.658	0.913	-41.760
19297	-1.000	-0.329	0.322	0.464	0.002	-49.406
19317	-1.000	-0.183	-0.288	0.435	5.191	-55.965
19337	-1.000	-0.249	0.596	0.595	4.171	-51.403
19357	0.000	-0.036	0.346	0.345	3.200	-49.998
19377	0.000	-0.027	-0.088	0.103	2.816	-8.892
19397	0.000	-0.017	-0.047	0.031	2.744	-2.146
19417	0.000	0.005	-0.011	0.043	2.726	-0.605
19437	0.000	0.006	-0.002	0.039	2.727	0.000
19457	0.000	0.007	-0.021	0.026	2.726	-0.307
19477	0.000	0.017	-0.006	0.219	2.726	0.000
19497	0.000	-0.006	-0.035	0.014	2.727	0.325
19517	0.000	-0.003	-0.037	0.044	2.727	0.000
19537	0.000	-0.006	-0.011	0.053	2.727	-0.306
19557	0.000	0.014	-0.007	0.047	2.729	0.000
19577	0.000	-0.008	-0.027	0.011	2.727	0.000
19597	0.000	0.010	-0.032	0.024	2.730	0.324
19617	0.000	-0.000	-0.031	0.036	2.727	0.000
19637	0.000	0.011	0.047	0.022	2.727	0.300
19657	0.000	-0.000	-0.034	0.015	2.724	-0.327
19677	0.000	-0.015	-0.039	0.014	2.724	0.000
19697	0.000	-0.031	-0.027	0.026	2.727	0.325
19717	0.000	-0.001	-0.032	0.039	2.721	0.310
19737	0.000	0.028	-0.018	0.022	2.721	0.000
19757	0.000	-0.032	-0.023	0.021	2.723	0.000
19777	0.000	0.001	-0.030	0.028	2.721	0.000
19797	0.000	-0.015	-0.035	0.036	2.721	-0.288
19817	0.000	-0.008	-0.014	0.025	2.721	-0.315
19837	0.000	-0.024	-0.021	0.022	2.721	0.000
19857	0.000	-0.000	-0.035	0.014	2.723	0.000
19877	0.000	0.038	-0.032	0.025	2.721	0.000
19897	0.000	-0.022	-0.029	0.013	2.721	0.000
19917	0.000	-0.017	-0.045	0.159	2.721	0.000
19937	0.000	-0.020	-0.037	0.030	2.723	0.000
19957	0.000	0.005	-0.011	0.044	2.723	0.000
19977	0.000	0.001	-0.035	0.029	2.718	-0.314
19997	0.000	0.007	-0.040	0.033	2.721	0.000
20017	0.000	0.015	-0.006	0.043	2.720	-0.632
20037	0.000	0.006	-0.028	0.029	2.721	0.307
20057	0.000	0.023	-0.010	0.042	2.721	-0.314
20077	0.000	0.035	-0.008	0.056	2.723	0.000
20097	0.000	-0.009	-0.019	0.028	2.720	-0.624
20117	0.000	0.021	-0.009	0.057	2.723	-0.307
20137	0.000	0.045	-0.023	0.026	2.721	0.000
20157	0.000	-0.002	-0.014	0.022	2.723	0.308
20177	0.000	-0.020	-0.029	0.013	2.721	0.000
20197	0.000	0.012	-0.031	0.041	2.721	0.000
20217	0.000	-0.053	-0.039	0.042	2.723	0.000
20237	0.000	-0.004	-0.030	0.034	2.721	-0.314
20257	0.000	-0.009	-0.038	0.018	2.721	0.000
20277	0.000	-0.106	-0.059	0.035	2.721	-0.316
20297	0.000	0.002	-0.035	0.014	2.723	0.313
20317	0.000	-0.017	-0.014	0.022	2.721	0.309
20337	0.000	0.003	-0.012	0.085	2.721	0.000
20357	-1.000	-0.003	-0.009	0.056	2.723	0.288
20377	-1.000	-0.274	0.247	0.400	2.013	-50.061
20397	-1.000	-0.378	0.814	0.925	1.140	-41.679
20417	-1.000	-0.491	0.405	0.666	0.304	-44.472
20437	-1.000	-0.246	-0.404	0.464	5.536	-58.115
20457	-1.000	-0.110	0.301	0.246	4.455	-51.734
20477	-1.000	-0.028	0.510	0.401	3.484	-49.016
20497	-1.000	-0.243	0.175	0.322	2.477	-52.523
20517	-1.000	-0.413	0.716	0.865	1.525	-45.986
20537	-1.000	-0.499	0.719	0.898	0.709	-40.949
20557	-1.000	-0.044	0.114	0.074	6.032	-53.004
20577	-1.000	-0.146	-0.108	0.286	4.921	-53.706
20597	-1.000	-0.255	0.356	0.461	3.916	-49.798
20617	-1.000	-0.271	0.647	0.663	2.936	-50.541
20637	-1.000	-0.099	0.192	0.202	1.942	-48.536
20657	-1.000	-0.517	0.733	0.911	1.155	-41.892
20677	-1.000	-0.435	0.282	0.529	0.311	-44.463
20697	-1.000	-0.233	-0.277	0.362	5.516	-58.172
20717	-1.000	-0.091	0.106	0.162	4.470	-51.979
20737	-1.000	-0.035	0.445	0.357	3.481	-49.119
20757	-1.000	-0.268	0.246	0.377	2.474	-51.174
20777	-1.000	-0.462	0.573	0.768	1.536	-45.987
20797	-1.000	-0.513	0.696	0.885	0.699	-41.242
20817	-1.000	-0.083	0.130	0.128	6.042	-52.231
20837	-1.000	-0.208	-0.235	0.256	4.936	-53.578
20857	-1.000	-0.266	0.412	0.511	3.912	-50.673
20877	-1.000	-0.284	0.389	0.474	2.953	-49.315
20897	-1.000	-0.097	0.447	0.249	1.953	-49.951
20917	-1.000	-0.542	0.663	0.888	1.066	-41.239
20937	-1.000	-0.243	0.243	0.337	0.232	-45.962
20957	-1.000	-0.219	-0.279	0.340	5.438	-55.486
20977	-1.000	-0.101	-0.041	0.107	4.390	-52.122
20997	-1.000	-0.095	0.525	0.609	3.393	-48.693
21017	-1.000	-0.151	0.089	0.191	2.391	-51.593
21037	-1.000	-0.496	0.559	0.779	1.447	-45.219
21057	-1.000	-0.320	0.555	0.623	0.632	-42.006
21077	-1.000	-0.102	-0.033	0.129	5.932	-53.601
21097	-1.000	-0.200	-0.070	0.240	4.841	-54.311
21117	-1.000	-0.309	0.326	0.463	3.821	-49.552
21137	-1.000	-0.288	0.415	0.468	2.849	-50.498
21157	-1.000	-0.068	0.373	0.362	1.859	-48.520
21177	-1.000	-0.575	0.439	0.731	0.989	-40.959
21197	-1.000	-0.348	0.272	0.457	0.109	-47.593
21217	-1.000	-0.252	-0.194	0.327	5.309	-55.996
21237	-1.000	-0.118	0.331	0.444	4.255	-51.410
21257	-1.000	-0.095	0.416	0.374	3.295	-49.258
21277	-1.000	-0.272	0.362	0.451	2.284	-51.082
21297	-1.000	-0.553	0.474	0.738	1.361	-44.193
21317	-1.000	-0.274	0.536	0.679	0.541	-42.062
21337	-1.000	-0.083	0.128	0.149	5.820	-54.741
21357	0.000	-0.123	0.104	0.129	4.723	-52.777
21377	0.000	0.000	0.007	0.022	3.953	-31.983
21397	0.000	-0.024	-0.058	0.074	3.370	-24.601
21417	0.000	0.001	-0.066	0.060	3.014	-12.174
21437	0.000	0.014	-0.007	0.018	2.928	-1.783
21457	0.000	0.047	0.034	0.041	2.930	-0.299
21477	0.000	-0.009	0.015	0.197	2.930	-0.643
21497	0.000	0.012	0.009	0.028	2.931	0.296
21517	0.000	0.004	0.008	0.028	2.931	-0.321
21537	0.000	0.008	0.016	0.033	2.928	-0.297
21557	0.000	0.031	0.028	0.154	2.930	-0.601
21577	0.000	-0.007	0.013	0.039	2.928	-0.595
21597	0.000	0.028	0.008	0.013	2.931	0.302
21617	0.000	-0.025	0.010	0.023	2.930	0.642
21637	0.000	-0.007	0.028	0.015	2.930	0.000
21657	0.000	0.012	0.007	0.028	2.928	0.000
21677	0.000	-0.007	0.024	0.011	2.928	0.000
21697	0.000	0.024	0.019	0.028	2.927	-0.299
21717	0.000	-0.009	0.021	0.036	2.930	0.600
21737	0.000	0.004	0.010	0.026	2.930	0.602
21757	0.000	0.008	0.010	0.020	2.927	-0.321
21777	0.000	0.127	-0.065	0.026	2.928	-0.297
21797	0.000	-0.017	0.018	0.022	2.930	0.297
21817	0.000	0.010	0.008	0.023	2.931	0.302
21837	0.000	0.010	0.014	0.031	2.931	0.606
21857	0.000	-0.014	0.020	0.029	2.930	0.606
21877	0.000	0.038	0.024	0.023	2.928	0.303
21897	0.000	0.011	0.013	0.025	2.927	0.000
21917	0.000	0.011	0.006	0.023	2.928	0.000
21937	0.000	0.022	0.048	0.014	2.928	0.000
21957	0.000	-0.018	0.021	0.035	2.928	0.298
21977	0.000	0.033	0.006	0.013	2.928	0.000
21997	0.000	0.037	0.019	0.014	2.927	-0.298
22017	0.000	0.024	0.012	0.016	2.928	0.000
22037	0.000	0.045	0.020	0.024	2.927	0.323
22057	0.000	-0.070	0.007	0.015	2.931	0.000
22077	0.000	0.022	0.024	0.052	2.928	0.302
22097	0.000	0.018	0.017	0.030	2.927	0.000
22117	0.000	-0.010	0.026	0.007	2.928	0.301
22137	0.000	-0.027	0.027	0.152	2.927	0.656
22157	0.000	0.004	0.014	0.034	2.930	0.969
22177	0.000	0.006	0.009	0.022	2.928	0.000
22197	0.000	-0.024	0.016	0.162	2.927	-0.321
22217	0.000	-0.017	0.022	0.022	2.928	-0.297
22237	0.000	0.001	0.016	0.012	2.928	0.300
22257	0.000	0.011	0.012	0.018	2.928	0.322
22277	0.000	-0.012	0.008	0.041	2.927	0.000
22297	0.000	-0.013	0.003	0.046	2.928	-0.891
22317	0.000	0.022	0.022	0.014	2.928	0.306
22337	0.000	0.009	0.011	0.007	2.928	0.322
22357	-1.000	0.027	0.026	0.032	2.925	0.306
22377	-1.000	-0.075	0.231	0.416	2.215	-49.389
22397	-1.000	-0.350	0.615	0.668	1.287	-43.159
22417	-1.000	-0.318	0.690	0.827	0.460	-43.828
22437	-1.000	-0.103	-0.185	0.232	5.731	-55.898
22457	-1.000	-0.102	0.044	0.115	4.636	-52.770
22477	-1.000	-0.322	0.256	0.447	3.636	-50.274
22497	-1.000	-0.111	0.452	0.462	2.637	-50.601
22517	-1.000	-0.084	0.419	0.343	1.674	-47.815
22537	-1.000	-0.378	0.651	0.755	0.836	-41.044
22557	-1.000	-0.098	0.334	0.333	6.213	-50.212
22577	-1.000	-0.116	-0.140	0.237	5.097	-54.828
22597	-1.000	-0.228	0.644	0.657	4.085	-51.326
22617	-1.000	-0.163	0.384	0.470	3.111	-48.963
22637	-1.000	-0.215	0.186	0.318	2.103	-50.180
22657	-1.000	-0.279	0.787	0.717	1.220	-43.254
22677	-1.000	-0.441	0.665	0.824	0.380	-43.887
22697	-1.000	-0.114	-0.172	0.224	5.640	-55.574
22717	-1.000	-0.077	0.131	0.213	4.551	-52.040
22737	-1.000	-0.135	0.455	0.411	3.565	-48.432
22757	-1.000	-0.297	0.403	0.462	2.562	-51.056
22777	-1.000	-0.350	0.809	0.867	1.614	-46.585
22797	-1.000	-0.674	0.503	0.869	0.790	-40.401
22817	-1.000	-0.104	0.249	0.202	6.144	-50.466
22837	-1.000	-0.186	-0.176	0.287	5.031	-55.721
22857	-1.000	-0.292	0.460	0.575	3.998	-50.859
22877	-1.000	-0.388	0.370	0.565	3.045	-49.934
22897	-1.000	-0.002	0.330	0.233	2.042	-49.513
22917	-1.000	-0.407	0.829	0.858	1.140	-41.973
22937	-1.000	-0.404	0.433	0.672	0.316	-45.222
22957	-1.000	-0.206	-0.342	0.423	5.533	-57.006
22977	-1.000	-0.128	0.254	0.253	4.455	-51.504
22997	-1.000	-0.071	0.496	0.472	3.485	-48.857
23017	-1.000	-0.208	0.106	0.240	2.482	-52.415
23037	-1.000	-0.370	0.697	0.833	1.522	-46.089
23057	-1.000	-0.516	0.478	0.872	0.706	-40.407
23077	-1.000	-0.103	0.203	0.226	6.027	-52.712
23097	-1.000	-0.167	-0.139	0.268	4.932	-53.702
23117	-1.000	-0.265	0.439	0.526	3.907	-51.163
23137	-1.000	-0.218	0.543	0.579	2.928	-50.715
23157	-1.000	-0.153	0.197	0.239	1.934	-49.009
23177	-1.000	-0.541	0.660	0.892	1.066	-41.296
23197	-1.000	-0.379	0.230	0.464	0.216	-45.817
23217	-1.000	-0.232	-0.338	0.411	5.424	-55.882
23237	-1.000	-0.159	0.237	0.320	4.355	-52.160
23257	-1.000	-0.105	0.425	0.579	3.369	-44.512
23277	-1.000	-0.249	0.553	0.537	2.368	-51.265
23297	-1.000	-0.443	0.691	0.865	1.433	-45.693
23317	-1.000	-0.384	0.469	0.595	0.621	-41.737
23337	-1.000	-0.192	-0.158	0.245	5.910	-55.482
23357	0.000	-0.157	-0.101	0.189	4.809	-52.832
23377	0.000	-0.008	-0.037	0.085	4.071	-28.600
23397	0.000	0.034	0.008	0.039	3.597	-20.176
23417	0.000	0.001	-0.072	0.077	3.327	-10.536
23437	0.000	-0.003	-0.010	0.034	3.224	-1.727
23457	0.000	-0.001	-0.008	0.026	3.234	0.927
23477	0.000	0.012	0.002	0.023	3.249	3.518
23497	0.000	-0.019	-0.028	0.072	3.252	0.308
23517	0.000	-0.008	-0.030	0.013	3.255	0.000
23537	0.000	-0.010	-0.021	0.008	3.263	0.605
23557	0.000	-0.032	-0.018	0.016	3.277	0.290
23577	0.000	-0.029	-0.017	0.072	3.275	0.000
23597	0.000	0.013	-0.011	0.040	3.272	0.000
23617	0.000	0.007	-0.012	0.047	3.272	0.000
23637	0.000	-0.008	-0.036	0.200	3.274	0.000
23657	0.000	-0.011	-0.022	0.022	3.272	0.000
23677	0.000	-0.009	-0.022	0.013	3.274	0.000
23697	0.000	-0.017	-0.040	0.020	3.274	0.000
23717	0.000	0.025	0.031	0.043	3.274	0.000
23737	0.000	0.016	-0.009	0.029	3.274	0.000
23757	0.000	0.032	-0.016	0.038	3.280	0.306
23777	0.000	-0.004	-0.021	0.020	3.270	-0.879
23797	0.000	-0.022	-0.043	0.029	3.272	-0.294
23817	0.000	-0.014	0.005	0.018	3.277	-0.313
23837	0.000	-0.036	-0.016	0.042	3.274	0.614
23857	0.000	-0.006	-0.031	0.040	3.274	0.000
23877	0.000	0.008	-0.011	0.138	3.275	0.613
23897	0.000	0.002	-0.012	0.073	3.272	-0.289
23917	0.000	-0.028	-0.039	0.018	3.278	0.307
23937	0.000	-0.011	-0.053	0.027	3.280	-0.949
23957	0.000	0.022	0.008	0.016	3.280	0.613
23977	0.000	-0.012	-0.041	0.018	3.278	-0.632
23997	0.000	-0.014	-0.032	0.014	3.280	0.000
24017	0.000	-0.000	0.023	0.013	3.278	0.624
24037	0.000	0.042	0.055	0.046	3.272	0.000
24057	0.000	-0.000	-0.033	0.043	3.281	0.000
24077	0.000	0.088	-0.001	0.034	3.277	-0.613
24097	0.000	-0.014	-0.033	0.019	3.277	0.313
24117	0.000	-0.020	-0.033	0.025	3.278	0.308
24137	0.000	0.003	-0.010	0.027	3.280	0.306
24157	0.000	0.019	-0.036	0.011	3.277	0.000
24177	0.000	0.045	-0.031	0.032	3.277	-0.307
24197	0.000	-0.026	-0.039	0.020	3.277	-0.293
24217	0.000	0.018	-0.012	0.035	3.280	0.306
