--- Terminal on /dev/ttyUSB0 | 115200 8-N-1
--- Available filters and text transformations: colorize, debug, default, direct, esp32_exception_decoder, hexlify, log2file, nocontrol, printable, send_on_enter, time
--- More details at https://bit.ly/pio-monitor-filters
--- Quit: Ctrl+C | Menu: Ctrl+T | Help: Ctrl+T followed by Ctrl+H
MOT: Init
MOT: Enable driver.
MOT: Align sensor.
MOT: sensor_direction==CW
MOT: PP check: OK!
MOT: Zero elec. angle: 4.47
MOT: Align current sense.
CS: Inv B
MOT: Success: 3
MOT: Ready.
0	0.000	-0.007	-0.002	0.116	1.080	0.011
8378	0.000	0.009	-0.030	0.017	1.075	-1.523
8398	0.000	-0.005	-0.014	0.017	1.074	-0.913
8418	0.000	-0.018	-0.002	0.055	1.077	-0.330
8438	0.000	0.006	-0.020	0.019	1.081	0.305
8458	0.000	0.012	0.014	0.024	1.077	-0.305
8478	0.000	0.003	-0.022	0.021	1.074	-0.304
8498	0.000	0.073	0.002	0.045	1.072	-0.608
8518	0.000	-0.002	-0.011	0.027	1.072	-1.524
8538	0.000	-0.054	-0.014	0.062	1.081	-1.218
8558	0.000	-0.012	-0.004	0.028	1.083	2.131
8578	0.000	0.025	-0.013	0.017	1.078	2.436
8598	0.000	0.023	-0.022	0.082	1.072	0.609
8618	0.000	0.050	0.001	0.044	1.069	-0.304
8638	0.000	0.028	0.015	0.037	1.072	-0.305
8658	0.000	0.006	-0.037	0.010	1.068	-0.988
8678	0.000	-0.004	-0.016	0.029	1.072	-0.609
8698	0.000	-0.022	-0.000	0.064	1.081	0.660
8718	0.000	-0.019	-0.030	0.028	1.080	1.220
8738	0.000	0.020	0.005	0.060	1.078	1.525
8758	0.000	0.035	-0.011	0.077	1.074	1.828
8778	0.000	0.001	-0.009	0.027	1.069	-0.609
8798	0.000	0.013	0.016	0.021	1.071	-0.330
8818	0.000	0.015	0.002	0.009	1.072	-0.610
8838	0.000	0.016	0.004	0.108	1.071	-0.915
8858	0.000	0.032	-0.013	0.040	1.072	-0.913
8878	0.000	0.003	0.010	0.022	1.072	-0.608
8898	0.000	0.010	-0.017	0.014	1.074	0.000
8918	0.000	-0.017	0.011	0.007	1.075	0.304
8938	0.000	0.037	-0.011	0.181	1.075	0.608
8958	0.000	0.010	0.001	0.119	1.072	0.000
8978	0.000	0.073	-0.098	0.019	1.072	-0.305
8998	0.000	0.001	-0.017	0.016	1.075	0.000
9018	0.000	-0.029	0.037	0.026	1.080	2.436
9038	0.000	0.052	-0.011	0.055	1.074	0.913
9058	0.000	0.036	-0.012	0.046	1.062	-0.912
9078	0.000	-0.004	0.028	0.025	1.068	-0.914
9098	0.000	-0.011	0.002	0.028	1.072	-1.524
9118	0.000	-0.055	0.014	0.057	1.074	-0.609
9138	0.000	0.003	-0.020	0.008	1.078	1.522
9158	0.000	0.036	0.021	0.037	1.077	1.829
9178	0.000	0.133	0.167	0.020	1.072	0.000
9198	0.000	-0.000	0.023	0.014	1.069	-0.913
9218	0.000	-0.003	0.030	0.015	1.074	-0.304
9238	0.000	0.001	-0.017	0.015	1.075	0.305
9258	0.000	-0.028	0.019	0.036	1.077	0.609
9278	0.000	-0.006	0.036	0.015	1.075	0.914
9298	0.000	-0.004	-0.009	0.020	1.080	1.524
9318	0.000	0.020	0.003	0.054	1.071	0.610
9338	0.000	0.004	-0.017	0.022	1.072	0.000
9358	0.000	-0.047	0.063	0.017	1.075	0.609
9378	0.000	0.042	-0.013	0.166	1.075	0.608
9398	0.000	0.030	0.043	0.116	1.069	0.000
9418	0.000	0.032	0.021	0.055	1.072	-0.609
9438	0.000	-0.010	-0.016	0.004	1.071	-0.914
9458	0.000	0.039	-0.044	0.017	1.074	-0.609
9478	0.000	-0.011	0.018	0.013	1.075	0.000
9498	0.000	-0.010	-0.003	0.007	1.075	0.000
9518	0.000	0.028	-0.056	0.022	1.077	0.610
9538	0.000	-0.011	-0.035	0.182	1.074	0.305
9558	0.000	0.020	0.004	0.006	1.072	0.305
9578	0.000	0.013	0.005	0.017	1.072	0.000
9598	0.000	0.027	-0.016	0.040	1.074	1.826
9618	0.000	0.055	0.023	0.278	1.074	0.305
9638	0.000	0.093	0.129	0.028	1.074	-0.330
9658	0.000	-0.012	-0.024	0.020	1.075	0.305
9678	0.000	0.010	0.000	0.085	1.068	-0.915
9698	0.000	0.046	-0.021	0.055	1.074	-0.304
9718	0.000	0.012	0.010	0.017	1.072	-0.304
9738	0.000	0.000	-0.017	0.017	1.072	-0.304
9758	0.000	0.005	0.010	0.017	1.072	-0.304
9778	0.000	0.009	0.004	0.019	1.072	0.000
9798	0.000	0.032	-0.008	0.046	1.069	1.826
9818	0.000	0.047	0.014	0.066	1.069	0.000
9838	0.000	0.080	0.087	0.020	1.071	-0.990
9858	0.000	-0.044	-0.009	0.044	1.072	-0.305
9878	0.000	0.020	0.023	0.291	1.072	-0.305
9898	0.000	0.003	-0.022	0.018	1.066	-1.217
9918	0.000	0.002	-0.004	0.017	1.069	-0.608
9938	0.000	-0.001	-0.017	0.010	1.074	0.000
9958	0.000	-0.002	-0.016	0.064	1.074	0.000
9978	0.000	-0.021	0.010	0.004	1.072	-0.659
9998	0.000	-0.009	-0.001	0.013	1.074	-0.305
10018	0.000	-0.004	0.023	0.029	1.071	-0.304
10038	0.000	0.005	-0.009	0.008	1.074	-0.609
10058	0.000	0.011	0.004	0.086	1.071	-0.915
10078	0.000	0.006	-0.028	0.016	1.075	0.304
10098	0.000	0.006	0.014	0.134	1.078	0.610
10118	0.000	-0.108	0.063	0.130	1.029	-12.179
10138	0.000	-0.101	0.013	0.102	1.097	7.010
10158	0.000	-0.082	-0.159	0.051	1.074	3.957
10178	0.000	0.032	-0.053	0.164	1.063	0.000
10198	0.000	0.024	0.016	0.029	1.069	0.304
10218	0.000	0.004	-0.024	0.022	1.072	0.000
10238	0.000	-0.036	0.050	0.018	1.074	1.522
10258	0.000	0.035	-0.008	0.182	1.072	0.913
10278	0.000	0.022	0.067	0.152	1.051	-1.828
10298	0.000	0.022	-0.007	0.004	1.060	-1.825
10318	0.000	-0.010	-0.016	0.025	1.069	-1.218
10338	0.000	-0.019	0.014	0.243	1.077	0.000
10358	0.000	-0.005	-0.004	0.019	1.074	1.218
10378	0.000	0.022	-0.021	0.127	1.069	-0.304
10398	0.000	0.026	0.023	0.024	1.068	0.305
10418	0.000	0.015	-0.025	0.041	1.066	-0.304
10438	0.000	0.010	0.004	0.017	1.062	-1.217
10458	0.000	-0.017	0.012	0.024	1.071	-0.609
10478	0.000	0.018	0.051	0.009	1.074	0.000
10498	0.000	0.002	-0.014	0.202	1.069	-0.305
10518	0.000	-0.016	-0.003	0.026	1.074	0.609
10538	0.000	0.031	-0.073	0.010	1.071	0.305
10558	0.000	0.007	0.000	0.011	1.069	0.305
10578	0.000	0.038	-0.055	0.010	1.068	-0.305
10598	0.000	0.021	0.015	0.025	1.065	-0.914
10618	0.000	-0.039	-0.002	0.030	1.075	-0.305
10638	0.000	0.003	0.001	0.112	1.069	-1.220
10658	0.000	-0.004	-0.014	0.018	1.071	0.000
10678	0.000	0.024	0.009	0.001	1.066	-0.304
10698	0.000	0.005	0.017	0.015	1.068	-0.609
10718	0.000	0.023	0.018	0.028	1.071	0.304
10738	0.000	-0.002	-0.017	0.071	1.071	0.608
10758	0.000	0.017	0.008	0.044	1.069	2.133
10778	0.000	0.047	0.018	0.268	1.066	0.000
10798	0.000	0.067	0.076	0.022	1.069	-0.660
10818	0.000	-0.034	-0.019	0.029	1.068	-0.305
10838	0.000	0.027	-0.019	0.179	1.066	-0.608
10858	0.000	-0.025	-0.005	0.011	1.071	-0.610
10878	0.000	0.088	0.098	0.012	1.063	-1.219
10898	0.000	0.001	-0.003	0.017	1.065	-0.916
10918	0.000	0.008	-0.033	0.025	1.072	-0.610
10938	0.000	0.004	-0.025	0.019	1.075	0.609
10958	0.000	0.007	-0.012	0.022	1.074	1.827
10978	0.000	0.021	-0.019	0.201	1.072	0.913
10998	0.000	0.019	-0.015	0.106	1.060	-0.304
11018	0.000	0.007	0.018	0.014	1.066	-0.304
11038	0.000	-0.005	0.011	0.022	1.065	-1.219
11058	0.000	-0.038	-0.045	0.013	1.069	-0.305
11078	0.000	0.006	-0.045	0.007	1.071	0.305
11098	0.000	-0.048	0.057	0.013	1.072	0.000
11118	0.000	0.037	-0.014	0.188	1.072	0.608
11138	0.000	0.037	0.023	0.106	1.062	-0.305
11158	0.000	-0.002	-0.015	0.013	1.065	-1.520
11178	0.000	-0.001	-0.006	0.019	1.068	-1.221
11198	0.000	-0.016	0.010	0.046	1.072	-0.610
11218	0.000	-0.030	-0.020	0.029	1.075	0.609
11238	0.000	0.015	0.016	0.017	1.069	1.216
11258	0.000	0.041	-0.005	0.076	1.065	0.304
11278	0.000	0.041	0.020	0.086	1.049	-1.828
11298	0.000	0.002	-0.008	0.025	1.065	-1.520
11318	0.000	-0.015	0.011	0.004	1.060	-1.827
11338	0.000	-0.013	-0.003	0.028	1.062	-1.829
11358	-50.000	-0.045	-0.020	0.051	1.074	-0.609
11378	-50.000	-0.283	0.359	0.457	0.433	-42.756
11398	-50.000	-0.184	-0.069	0.173	5.690	-55.687
11418	-50.000	-0.135	-0.050	0.097	4.636	-51.143
11438	-50.000	-0.035	0.360	0.341	3.668	-48.717
11458	-50.000	-0.225	0.140	0.276	2.668	-50.859
11478	-50.000	-0.411	0.555	0.707	1.720	-46.872
11498	-50.000	-0.495	0.674	0.848	0.893	-40.739
11518	-50.000	-0.301	0.302	0.454	0.005	-49.454
11538	-50.000	-0.187	-0.224	0.237	5.199	-54.502
11558	-50.000	-0.137	0.143	0.216	4.197	-50.524
11578	-50.000	-0.304	0.587	0.657	3.232	-48.630
11598	-50.000	-0.050	0.267	0.098	2.249	-50.504
11618	-50.000	-0.380	0.775	0.891	1.331	-43.576
11638	-50.000	-0.283	0.424	0.463	0.534	-42.756
11658	-50.000	-0.146	0.008	0.157	5.791	-55.133
11678	-50.000	-0.140	-0.098	0.168	4.746	-51.417
11698	-50.000	-0.026	0.538	0.452	3.771	-48.736
11718	-50.000	-0.093	0.343	0.348	2.783	-50.534
11738	-50.000	-0.320	0.550	0.664	1.813	-47.785
11758	-50.000	-0.597	0.645	0.905	0.971	-40.408
11778	-50.000	-0.313	0.237	0.419	0.109	-47.735
11798	-50.000	-0.251	-0.304	0.392	5.323	-55.715
11818	-50.000	-0.145	0.189	0.232	4.286	-50.808
11838	-50.000	-0.369	0.467	0.615	3.338	-48.374
11858	-50.000	0.009	0.163	0.147	2.335	-51.953
11878	-50.000	-0.312	0.786	0.738	1.417	-44.401
11898	-50.000	-0.514	0.331	0.643	0.606	-41.193
11918	-50.000	-0.169	-0.083	0.190	5.904	-53.861
11938	-50.000	-0.192	-0.095	0.230	4.849	-51.721
11958	-50.000	-0.141	0.182	0.228	3.840	-49.002
11978	-50.000	-0.170	0.046	0.205	2.875	-50.240
11998	-50.000	-0.145	0.616	0.521	1.884	-48.365
12018	-50.000	-0.371	0.730	0.815	1.037	-41.081
12038	-50.000	-0.401	0.661	0.699	0.189	-47.062
12058	-50.000	-0.199	-0.135	0.284	5.410	-55.742
12078	-50.000	-0.170	0.309	0.325	4.372	-50.859
12098	-50.000	-0.361	0.763	0.706	3.415	-48.582
12118	-50.000	-0.114	0.353	0.384	2.442	-50.473
12138	-50.000	-0.185	0.631	0.569	1.499	-45.010
12158	-50.000	-0.529	0.640	0.862	0.681	-41.451
12178	-50.000	-0.071	0.231	0.205	6.015	-52.184
12198	-50.000	-0.236	-0.234	0.315	4.939	-52.623
12218	-50.000	-0.091	0.458	0.435	3.933	-48.983
12238	-50.000	-0.150	0.275	0.436	2.970	-50.200
12258	-50.000	-0.214	0.568	0.591	1.987	-48.844
12278	-50.000	-0.314	0.594	0.573	1.115	-41.146
12298	-50.000	-0.382	0.760	0.760	0.281	-45.469
12318	-50.000	-0.211	-0.206	0.304	5.510	-55.947
12338	-50.000	-0.079	-0.090	0.114	4.482	-51.133
12358	-50.000	-0.125	0.596	0.599	3.501	-48.041
12378	-50.000	-0.031	0.274	0.193	2.523	-51.143
12398	-50.000	-0.218	0.311	0.363	1.566	-45.727
12418	-50.000	-0.386	0.711	0.728	0.747	-40.744
12438	-50.000	-0.239	0.140	0.292	6.095	-51.489
12458	-50.000	-0.221	-0.200	0.335	5.027	-52.854
12478	-50.000	-0.036	0.144	0.129	4.034	-49.876
12498	-50.000	-0.335	0.377	0.511	3.043	-49.631
12518	-50.000	-0.099	0.637	0.489	2.071	-49.297
12538	-50.000	-0.445	0.440	0.641	1.187	-42.019
12558	-50.000	-0.160	0.620	0.534	0.350	-44.700
12578	-50.000	-0.173	-0.138	0.227	5.587	-56.080
12598	-50.000	-0.160	0.081	0.213	4.557	-51.042
12618	-50.000	-0.109	0.458	0.479	3.588	-48.403
12638	-50.000	-0.078	0.199	0.340	2.600	-50.434
12658	-50.000	-0.362	0.400	0.561	1.638	-46.577
12678	-50.000	-0.429	0.398	0.604	0.811	-40.106
12698	-50.000	-0.339	0.453	0.510	6.168	-50.008
12718	-50.000	-0.200	-0.306	0.362	5.110	-53.726
12738	-50.000	-0.237	0.479	0.529	4.093	-50.269
12758	-50.000	-0.317	0.419	0.535	3.140	-49.012
12778	-50.000	-0.021	0.233	0.215	2.143	-49.542
12798	-50.000	-0.481	0.675	0.860	1.255	-42.906
12818	-50.000	-0.331	0.280	0.431	0.426	-42.670
12838	-50.000	-0.188	-0.066	0.179	5.682	-55.339
12858	-50.000	-0.107	0.122	0.144	4.643	-50.726
12878	-50.000	-0.089	0.175	0.179	3.655	-48.393
12898	-50.000	-0.190	0.037	0.208	2.680	-50.554
12918	-50.000	-0.287	0.664	0.783	1.707	-47.223
12938	-50.000	-0.555	0.627	0.865	0.879	-41.026
12958	-50.000	-0.322	0.358	0.515	6.280	-48.399
12978	-50.000	-0.197	-0.321	0.378	5.193	-54.459
12998	-50.000	-0.176	0.240	0.331	4.191	-50.454
13018	-50.000	-0.296	0.598	0.652	3.226	-48.422
13038	-50.000	-0.057	0.339	0.447	2.247	-50.170
13058	-50.000	-0.376	0.773	0.826	1.331	-43.211
13078	-50.000	-0.268	0.393	0.477	0.537	-42.790
13098	-50.000	-0.091	0.060	0.099	5.820	-54.666
13118	-50.000	-0.132	-0.086	0.137	4.740	-51.406
13138	-50.000	-0.047	0.313	0.355	3.758	-49.002
13158	-50.000	-0.182	0.050	0.206	2.775	-50.504
13178	-50.000	-0.335	0.639	0.746	1.810	-48.080
13198	-50.000	-0.589	0.593	0.869	0.973	-40.915
13218	-50.000	-0.348	0.528	0.606	0.092	-48.244
13238	-50.000	-0.236	-0.224	0.350	5.312	-55.024
13258	-50.000	-0.181	0.285	0.348	4.284	-50.494
13278	-50.000	-0.388	0.529	0.647	3.330	-48.345
13298	-50.000	-0.115	0.452	0.368	2.355	-50.504
13318	-50.000	-0.349	0.784	0.902	1.419	-44.428
13338	-50.000	-0.337	0.421	0.516	0.626	-41.964
13358	-50.000	-0.093	-0.067	0.135	5.929	-53.633
13378	-50.000	-0.174	-0.095	0.179	4.834	-52.015
13398	-50.000	-0.069	0.304	0.255	3.856	-48.983
13418	-50.000	-0.203	0.058	0.213	2.873	-50.240
13438	-50.000	-0.260	0.617	0.691	1.894	-48.384
13458	-50.000	-0.528	0.778	0.926	1.055	-40.880
13478	-50.000	-0.421	0.332	0.541	0.207	-45.552
13498	-50.000	-0.192	-0.113	0.233	5.410	-55.720
13518	-50.000	-0.123	-0.024	0.117	4.386	-50.828
13538	-50.000	-0.383	0.458	0.606	3.432	-47.690
13558	-50.000	-0.074	0.366	0.300	2.441	-50.889
13578	-50.000	-0.180	0.771	0.726	1.508	-45.422
13598	-50.000	-0.517	0.478	0.721	0.698	-41.542
13618	-50.000	0.015	0.345	0.243	6.029	-51.232
13638	-50.000	-0.205	-0.200	0.304	4.927	-52.392
13658	-50.000	-0.028	0.214	0.188	3.942	-49.621
13678	-50.000	-0.092	0.335	0.435	2.981	-49.813
13698	-50.000	-0.047	0.380	0.447	1.970	-49.012
13718	-50.000	-0.293	0.564	0.696	1.117	-41.089
13738	-50.000	-0.284	0.629	0.789	0.276	-46.056
13758	-50.000	-0.233	-0.215	0.301	5.509	-55.969
13778	-50.000	-0.129	0.218	0.203	4.462	-51.184
13798	-50.000	-0.213	0.659	0.737	3.504	-48.451
13818	-50.000	-0.048	0.014	0.057	2.507	-49.915
13838	-50.000	-0.258	0.358	0.442	1.565	-45.386
13858	-50.000	-0.361	0.745	0.737	0.747	-40.906
13878	-50.000	-0.233	0.191	0.312	6.087	-52.291
13898	-50.000	-0.190	-0.148	0.264	5.024	-53.158
13918	-50.000	-0.258	0.281	0.408	4.007	-49.915
13938	-50.000	-0.270	0.196	0.345	3.057	-49.238
13958	-50.000	-0.024	0.505	0.436	2.060	-49.287
13978	-50.000	-0.463	0.406	0.632	1.183	-42.273
13998	-50.000	-0.220	0.440	0.589	0.351	-43.679
14018	-50.000	-0.174	-0.071	0.222	5.584	-55.753
14038	-50.000	-0.094	0.014	0.175	4.556	-50.889
14058	-50.000	-0.069	0.362	0.357	3.579	-47.984
14078	-50.000	-0.037	0.367	0.425	2.605	-51.153
14098	-50.000	-0.417	0.608	0.751	1.624	-46.300
14118	-50.000	-0.369	0.415	0.586	0.822	-40.546
14138	-50.000	-0.298	0.319	0.458	6.183	-49.988
14158	-50.000	-0.176	-0.297	0.409	5.094	-53.610
14178	-50.000	-0.226	0.354	0.442	4.096	-50.200
14198	-50.000	-0.310	0.637	0.622	3.131	-49.287
14218	-50.000	0.805	1.213	1.172	2.157	-49.513
14238	-50.000	-0.251	0.641	0.702	1.310	-43.049
14258	-50.000	-0.527	0.546	0.786	0.492	-43.258
14278	-50.000	-0.144	0.015	0.129	5.771	-54.763
14298	-50.000	-0.084	-0.108	0.145	4.702	-51.153
14318	-50.000	-0.305	0.402	0.517	3.725	-48.384
14338	-50.000	-0.222	0.204	0.331	2.766	-50.828
14358	-50.000	-0.054	0.450	0.472	1.781	-48.070
14378	-50.000	-0.494	0.725	0.928	0.953	-40.472
14398	-50.000	-0.362	0.543	0.672	0.091	-47.851
14418	-50.000	-0.182	-0.212	0.372	5.291	-55.046
14438	-50.000	-0.198	0.398	0.404	4.275	-50.414
14458	-50.000	-0.381	0.620	0.723	3.327	-48.393
14478	-50.000	-0.010	0.219	0.176	2.326	-50.828
14498	-50.000	-0.240	0.680	0.671	1.411	-44.141
14518	-50.000	-0.537	0.377	0.686	0.606	-42.208
14538	-50.000	-0.180	-0.063	0.190	5.897	-53.787
14558	-50.000	-0.174	-0.090	0.270	4.820	-52.036
14578	-50.000	-0.201	0.228	0.330	3.830	-49.562
14598	-50.000	-0.212	0.112	0.243	2.867	-50.190
14618	-50.000	-0.088	0.526	0.465	1.878	-48.441
14638	-50.000	-0.401	0.732	0.835	1.028	-40.224
14658	-50.000	-0.367	0.581	0.676	0.181	-45.433
14678	-50.000	-0.190	-0.074	0.226	5.404	-56.047
14698	-50.000	-0.194	0.275	0.351	4.366	-50.848
14718	-50.000	-0.237	0.623	0.722	3.413	-48.374
14738	-50.000	-0.014	0.280	0.356	2.413	-50.919
14758	-50.000	-0.170	0.462	0.436	1.485	-44.768
14778	-50.000	-0.446	0.725	0.897	0.670	-40.869
14798	-50.000	-0.173	0.043	0.183	5.998	-52.489
14818	-50.000	-0.206	-0.172	0.263	4.938	-52.371
14838	-50.000	-0.081	0.455	0.425	3.924	-49.680
14858	-50.000	-0.191	0.141	0.239	2.964	-49.965
14878	-50.000	-0.048	0.417	0.458	1.970	-48.601
14898	-50.000	-0.354	0.623	0.632	1.112	-41.631
14918	-50.000	-0.224	0.556	0.664	0.268	-45.597
14938	-50.000	-0.183	-0.073	0.228	5.502	-55.720
14958	-50.000	-0.081	-0.028	0.098	4.476	-50.778
14978	-50.000	-0.154	0.569	0.657	3.497	-48.099
14998	-50.000	-0.024	0.188	0.029	2.526	-50.879
15018	-50.000	-0.247	0.284	0.390	1.563	-45.986
15038	-50.000	-0.399	0.696	0.692	0.746	-40.114
15058	-50.000	-0.248	0.133	0.296	6.088	-51.200
15078	-50.000	-0.204	-0.156	0.332	5.027	-52.875
15098	-50.000	-0.038	0.182	0.168	4.033	-49.915
15118	-50.000	-0.336	0.361	0.482	3.043	-49.316
15138	-50.000	-0.077	0.553	0.476	2.068	-49.307
15158	-50.000	-0.481	0.417	0.658	1.183	-41.910
15178	-50.000	-0.150	0.585	0.485	0.345	-45.008
15198	-50.000	-0.168	-0.134	0.301	5.579	-55.903
15218	-50.000	-0.156	0.060	0.072	4.544	-50.808
15238	-50.000	-0.108	0.482	0.440	3.583	-48.019
15258	-50.000	-0.101	0.286	0.295	2.592	-50.919
15278	-50.000	-0.370	0.613	0.773	1.707	-39.270
15298	-50.000	-0.572	0.497	0.794	0.890	-39.807
15318	-50.000	-0.337	0.373	0.339	6.279	-48.196
15338	-50.000	-0.188	-0.274	0.367	5.199	-54.600
15358	-50.000	-0.192	0.227	0.328	4.189	-50.430
15378	-50.000	-0.304	0.703	0.683	3.221	-48.698
15398	-50.000	-0.093	0.416	0.322	2.249	-50.200
15418	-50.000	-0.372	0.778	0.904	1.330	-43.584
15438	-50.000	-0.329	0.338	0.460	0.528	-41.733
15458	-50.000	-0.168	0.013	0.171	5.794	-54.611
15478	-50.000	-0.162	-0.070	0.199	4.746	-51.550
15498	-50.000	-0.082	0.245	0.231	3.752	-48.640
15518	-50.000	-0.105	0.314	0.319	2.781	-50.504
15538	-50.000	-0.319	0.638	0.725	1.805	-47.711
15558	-50.000	-0.553	0.726	0.920	0.963	-40.569
15578	-50.000	-0.336	0.299	0.458	0.109	-47.975
15598	-50.000	-0.264	-0.261	0.364	5.318	-56.948
15618	-50.000	-0.170	0.246	0.330	4.284	-50.504
15638	-50.000	-0.369	0.574	0.638	3.327	-48.621
15658	-50.000	-0.025	0.201	0.184	2.333	-50.220
15678	-50.000	-0.279	0.766	0.712	1.414	-44.741
15698	-50.000	-0.553	0.416	0.712	0.600	-41.525
15718	-50.000	-0.170	-0.063	0.180	5.903	-53.893
15738	-50.000	-0.185	-0.075	0.194	4.841	-52.056
15758	-50.000	-0.157	0.165	0.232	3.838	-48.915
15778	-50.000	-0.198	0.059	0.216	2.873	-50.210
15798	-50.000	-0.108	0.606	0.535	1.875	-48.756
15818	-50.000	-0.405	0.741	0.788	1.037	-41.097
15838	-50.000	-0.389	0.580	0.715	0.184	-46.745
15858	-50.000	-0.163	-0.213	0.295	5.413	-55.776
15878	-50.000	-0.118	-0.047	0.120	4.389	-50.825
15898	-50.000	-0.259	0.625	0.704	3.413	-48.070
15918	-50.000	-0.105	0.349	0.395	2.442	-50.594
15938	-50.000	-0.188	0.628	0.572	1.493	-45.341
15958	-50.000	-0.520	0.645	0.855	0.683	-41.825
15978	-50.000	-0.047	0.246	0.194	6.016	-52.245
15998	-50.000	-0.214	-0.209	0.291	4.947	-52.654
16018	-50.000	-0.097	0.353	0.455	3.930	-49.277
16038	-50.000	-0.193	0.097	0.228	2.968	-49.581
16058	-50.000	-0.293	0.695	0.685	1.990	-49.174
16078	-50.000	-0.306	0.553	0.538	1.112	-41.451
16098	-50.000	-0.327	0.643	0.635	0.273	-44.548
16118	-50.000	-0.203	-0.167	0.234	5.501	-56.014
16138	-50.000	-0.078	-0.045	0.090	4.481	-50.758
16158	-50.000	-0.287	0.719	0.800	3.511	-49.706
16178	-50.000	-0.034	0.137	0.171	2.525	-50.484
16198	-50.000	-0.156	0.533	0.453	1.583	-45.931
16218	-50.000	-0.425	0.751	0.893	0.762	-40.722
16238	-50.000	-0.140	0.022	0.151	6.114	-51.205
16258	-50.000	-0.195	-0.327	0.363	5.015	-52.896
16278	-50.000	-0.100	0.142	0.178	4.025	-49.552
16298	-50.000	-0.240	0.122	0.289	3.059	-49.685
16318	-50.000	-0.020	0.358	0.389	2.057	-49.365
16338	-50.000	-0.442	0.429	0.637	1.187	-41.952
16358	-50.000	-0.195	0.374	0.412	0.337	-44.413
16378	-50.000	-0.175	-0.134	0.225	5.582	-55.687
16398	-50.000	-0.127	0.141	0.234	4.547	-50.715
16418	-50.000	-0.101	0.349	0.310	3.567	-48.051
16438	-50.000	-0.074	0.318	0.294	2.589	-50.728
16458	-50.000	-0.356	0.758	0.779	1.615	-46.475
16478	-50.000	-0.435	0.390	0.579	0.818	-40.158
16498	-50.000	-0.326	0.475	0.630	6.176	-50.800
16518	-50.000	-0.276	-0.451	0.572	5.087	-53.578
16538	-50.000	-0.230	0.510	0.594	4.083	-49.856
16558	-50.000	-0.210	0.619	0.506	3.112	-49.297
16578	-50.000	-0.033	0.193	0.155	2.138	-49.601
16598	-50.000	-0.466	0.756	0.901	1.247	-42.915
16618	-50.000	-0.364	0.264	0.456	0.422	-43.124
16638	-50.000	-0.194	-0.081	0.179	5.677	-55.460
16658	-50.000	-0.085	-0.070	0.110	4.619	-50.788
16678	-50.000	-0.146	0.164	0.219	3.649	-48.451
16698	-50.000	-0.233	0.392	0.462	2.655	-50.514
16718	-50.000	-0.304	0.651	0.767	1.701	-47.462
16738	-50.000	-0.570	0.591	0.854	0.881	-40.004
16758	-50.000	-0.313	0.394	0.516	6.280	-49.146
16778	-50.000	-0.203	-0.434	0.446	5.191	-52.948
16798	-50.000	-0.203	0.270	0.351	4.191	-50.454
16818	-50.000	-0.275	0.607	0.718	3.223	-49.012
16838	-50.000	-0.017	0.184	0.181	2.241	-50.150
16858	-50.000	-0.314	0.761	0.726	1.324	-43.185
16878	-50.000	-0.381	0.563	0.643	0.520	-41.858
16898	-50.000	-0.165	-0.035	0.165	5.791	-53.610
16918	-50.000	-0.124	-0.117	0.222	4.726	-51.427
16938	-50.000	-0.140	0.418	0.517	3.743	-48.698
16958	-50.000	-0.183	0.089	0.230	2.772	-50.661
16978	-50.000	-0.157	0.724	0.636	1.793	-47.832
16998	-50.000	-0.512	0.826	0.919	0.956	-40.793
17018	-50.000	-0.250	0.500	0.599	0.078	-48.244
17038	-50.000	-0.340	-0.215	0.456	5.312	-53.253
17058	-50.000	0.007	0.171	0.111	4.333	-49.316
17078	-50.000	-0.281	0.233	0.404	3.349	-48.345
17098	-50.000	-0.193	0.443	0.460	2.368	-50.280
17118	-50.000	-0.474	0.693	0.850	1.437	-44.777
17138	-50.000	-0.322	0.486	0.524	0.637	-41.741
17158	-50.000	-0.100	0.006	0.108	5.949	-53.305
17178	-50.000	-0.198	-0.273	0.340	4.864	-52.350
17198	-50.000	-0.084	0.462	0.463	3.866	-49.532
17218	-50.000	-0.053	0.110	0.098	2.892	-49.601
17238	-50.000	-0.355	0.514	0.648	1.902	-48.659
17258	-50.000	-0.539	0.693	0.905	1.063	-41.024
17278	-50.000	-0.391	0.276	0.482	0.209	-46.736
17298	-50.000	-0.237	-0.317	0.402	5.429	-55.687
17318	-50.000	-0.135	0.080	0.177	4.384	-50.818
17338	-50.000	-0.313	0.536	0.655	3.422	-48.393
17358	-50.000	-0.035	0.204	0.147	2.430	-50.818
17378	-50.000	-0.199	0.631	0.628	1.502	-45.045
17398	-50.000	-0.542	0.587	0.832	0.684	-41.800
17418	-50.000	-0.064	0.230	0.197	6.016	-51.889
17438	-50.000	-0.225	-0.258	0.285	4.939	-52.644
17458	-50.000	-0.097	0.381	0.458	3.932	-49.277
17478	-50.000	-0.145	0.226	0.421	2.971	-49.895
17498	-50.000	-0.299	0.707	0.687	1.990	-49.174
17518	-50.000	-0.260	0.436	0.546	1.112	-41.739
17538	-50.000	-0.330	0.631	0.622	0.273	-44.548
17558	-50.000	-0.202	-0.180	0.237	5.502	-54.785
17578	-50.000	-0.072	-0.020	0.078	4.479	-51.123
17598	-50.000	-0.133	0.471	0.448	3.490	-48.650
17618	-50.000	-0.030	0.166	0.104	2.520	-50.818
17638	-50.000	-0.159	0.430	0.404	1.578	-45.864
17658	-50.000	-0.391	0.674	0.714	0.744	-40.688
17678	-50.000	-0.144	0.020	0.158	6.108	-51.091
17698	-50.000	-0.236	-0.340	0.395	5.015	-53.274
17718	-50.000	-0.161	0.132	0.225	4.022	-49.905
17738	-50.000	-0.338	0.446	0.578	3.037	-49.542
17758	-50.000	-0.111	0.472	0.451	2.066	-49.267
17778	-50.000	-0.490	0.448	0.693	1.181	-42.331
17798	-50.000	-0.175	0.444	0.454	0.345	-43.591
17818	-50.000	-0.177	-0.067	0.223	5.601	-55.829
17838	-50.000	-0.160	0.171	0.197	4.545	-49.680
17858	-50.000	-0.091	0.474	0.446	3.586	-48.374
17878	-50.000	0.017	0.370	0.294	2.600	-50.504
17898	-50.000	-0.313	0.575	0.695	1.646	-46.493
17918	-50.000	-0.426	0.446	0.609	0.811	-40.433
17938	-50.000	-0.330	0.415	0.517	6.174	-50.319
17958	-50.000	-0.139	-0.208	0.317	5.107	-53.656
17978	-50.000	-0.247	0.342	0.457	4.093	-50.279
17998	-50.000	-0.297	0.355	0.463	3.148	-48.678
18018	-50.000	-0.048	0.313	0.359	2.146	-49.611
18038	-50.000	-0.486	0.539	0.741	1.264	-42.535
18058	-50.000	-0.269	0.423	0.558	0.445	-43.206
18078	-50.000	-0.197	-0.127	0.214	5.694	-56.814
18098	-50.000	-0.126	-0.020	0.134	4.656	-51.102
18118	-50.000	-0.043	0.334	0.265	3.660	-48.992
18138	-50.000	-0.144	0.002	0.156	2.688	-50.869
18158	-50.000	-0.387	0.407	0.586	1.729	-47.022
18178	-50.000	-0.515	0.652	0.839	0.894	-40.450
18198	-50.000	-0.336	0.453	0.490	6.271	-48.090
18218	-50.000	-0.167	-0.231	0.322	5.203	-54.340
18238	-50.000	-0.196	0.346	0.427	4.183	-50.554
18258	-50.000	-0.363	0.484	0.637	3.235	-48.365
18278	-50.000	-0.027	0.156	0.196	2.233	-48.983
18298	-50.000	-0.437	0.820	0.883	1.333	-43.228
18318	-50.000	-0.276	0.363	0.465	0.534	-41.783
18338	-50.000	-0.148	-0.084	0.167	5.806	-54.905
18358	-50.000	-0.170	-0.154	0.228	4.754	-50.279
18378	-50.000	-0.052	0.289	0.269	3.758	-48.669
18398	-50.000	-0.067	0.324	0.258	2.790	-50.504
18418	-50.000	-0.338	0.550	0.673	1.812	-47.785
18438	-50.000	-0.578	0.686	0.911	0.968	-40.504
18458	-50.000	-0.326	0.259	0.436	0.114	-47.966
18478	-50.000	-0.265	-0.278	0.390	5.320	-55.291
18498	-50.000	-0.167	0.247	0.294	4.286	-50.728
18518	-50.000	-0.368	0.571	0.640	3.327	-48.611
18538	-50.000	0.012	0.225	0.158	2.333	-50.130
18558	-50.000	-0.202	0.638	0.786	1.414	-44.463
18578	-50.000	-0.552	0.444	0.727	0.598	-41.442
18598	-50.000	-0.175	-0.043	0.178	5.900	-54.000
18618	-50.000	-0.175	-0.072	0.221	4.846	-51.721
18638	-50.000	-0.172	0.161	0.233	3.836	-48.934
18658	-50.000	-0.172	0.048	0.191	2.875	-50.190
18678	-50.000	-0.158	0.600	0.645	1.884	-48.441
18698	-50.000	-0.388	0.728	0.882	1.037	-40.874
18718	-50.000	-0.405	0.543	0.691	0.192	-46.698
18738	-50.000	-0.197	-0.180	0.271	5.416	-55.820
18758	-50.000	-0.183	0.197	0.293	4.373	-50.899
18778	-50.000	-0.310	0.590	0.631	3.416	-48.384
18798	-50.000	-0.157	0.453	0.370	2.445	-50.564
18818	-50.000	-0.143	0.686	0.676	1.502	-45.476
18838	-50.000	-0.533	0.631	0.860	0.684	-40.546
18858	-50.000	-0.086	0.227	0.237	6.019	-51.989
18878	-50.000	-0.225	-0.190	0.337	4.942	-52.371
18898	-50.000	-0.045	0.400	0.430	4.059	-48.719
18918	-50.000	-0.050	0.184	0.195	3.088	-49.277
18938	-50.000	-0.270	0.358	0.481	2.092	-49.581
18958	-50.000	-0.273	0.485	0.586	1.206	-41.994
18978	-50.000	-0.393	0.716	0.835	0.382	-44.249
18998	-50.000	-0.161	-0.101	0.140	5.631	-56.103
19018	-50.000	-0.108	-0.203	0.230	4.588	-51.082
19038	-50.000	-0.284	0.676	0.725	3.603	-48.666
19058	-50.000	-0.012	0.232	0.150	2.620	-50.788
19078	-50.000	-0.112	0.345	0.326	1.669	-46.788
19098	-50.000	-0.350	0.540	0.607	0.828	-39.923
19118	-50.000	-0.172	0.294	0.343	6.206	-50.180
19138	-50.000	-0.209	-0.209	0.284	5.108	-53.904
19158	-50.000	-0.107	0.205	0.391	4.113	-49.826
19178	-50.000	-0.267	0.229	0.384	3.152	-49.016
19198	-50.000	-0.057	0.371	0.378	2.154	-49.542
19218	-50.000	-0.505	0.521	0.743	1.261	-42.484
19238	-50.000	-0.277	0.452	0.471	0.446	-42.270
19258	-50.000	-0.177	-0.140	0.215	5.699	-55.361
19278	-50.000	-0.141	-0.073	0.233	4.660	-51.112
19298	-50.000	-0.033	0.355	0.498	3.671	-48.278
19318	-50.000	-0.096	0.035	0.111	2.695	-50.778
19338	-50.000	-0.395	0.576	0.718	1.717	-46.890
19358	-50.000	-0.518	0.651	0.817	0.902	-40.433
19378	-50.000	-0.344	0.400	0.491	6.279	-48.542
19398	-50.000	-0.196	-0.305	0.400	5.193	-54.427
19418	-50.000	-0.193	0.287	0.355	4.188	-50.280
19438	-50.000	-0.352	0.384	0.538	3.244	-48.669
19458	-50.000	-0.049	0.354	0.228	2.247	-50.289
19478	-50.000	-0.472	0.697	0.860	1.342	-43.863
19498	-50.000	-0.305	0.310	0.444	0.528	-42.986
19518	-50.000	-0.149	0.087	0.150	5.789	-55.068
19538	-50.000	-0.136	-0.096	0.154	4.749	-51.447
19558	-50.000	-0.114	0.494	0.494	3.749	-48.621
19578	-50.000	-0.157	0.049	0.182	2.778	-50.504
19598	-50.000	-0.208	0.733	0.655	1.787	-47.832
19618	-50.000	-0.498	0.751	0.912	0.959	-41.113
19638	-50.000	-0.358	0.439	0.570	0.103	-47.899
19658	-50.000	-0.178	-0.303	0.420	5.294	-53.642
19678	-50.000	-0.159	0.194	0.252	4.287	-50.464
19698	-50.000	-0.407	0.464	0.661	3.330	-48.393
19718	-50.000	-0.004	0.212	0.208	2.338	-50.240
19738	-50.000	-0.354	0.819	0.835	1.422	-44.454
19758	-50.000	-0.457	0.370	0.603	0.612	-42.132
19778	-50.000	-0.171	-0.129	0.215	5.904	-53.861
19798	-50.000	-0.152	-0.123	0.224	4.843	-51.922
19818	-50.000	-0.152	0.229	0.272	3.833	-49.219
19838	-50.000	-0.196	0.042	0.214	2.873	-49.836
19858	-50.000	-0.170	0.673	0.577	1.882	-48.127
19878	-50.000	-0.358	0.638	0.769	1.034	-41.081
19898	-50.000	-0.403	0.674	0.724	0.179	-47.053
19918	-50.000	-0.199	-0.162	0.261	5.400	-55.687
19938	-50.000	-0.137	0.071	0.173	4.384	-50.788
19958	-50.000	-0.085	0.394	0.597	3.404	-48.288
19978	-50.000	-0.038	0.226	0.225	2.430	-50.454
19998	-50.000	-0.146	0.677	0.668	1.493	-45.654
20018	-50.000	-0.544	0.625	0.864	0.683	-40.521
20038	-50.000	-0.083	0.260	0.235	6.010	-51.510
20058	-50.000	-0.154	-0.139	0.306	4.918	-52.634
20078	-50.000	-0.134	0.400	0.378	3.925	-49.572
20098	-50.000	-0.200	0.117	0.235	2.965	-49.611
20118	-50.000	-0.132	0.555	0.593	1.973	-48.775
20138	-50.000	-0.583	0.438	0.760	1.173	-37.154
20158	-50.000	-0.204	0.576	0.572	0.331	-44.882
20178	-50.000	-0.213	-0.350	0.412	5.558	-55.914
20198	-50.000	-0.063	-0.029	0.063	4.522	-51.463
20218	-50.000	-0.336	0.426	0.554	3.534	-48.051
20238	-50.000	-0.272	0.438	0.463	2.557	-51.133
20258	-50.000	-0.234	0.673	0.628	1.603	-46.346
20278	-50.000	-0.600	0.550	0.852	0.790	-40.790
20298	-50.000	-0.113	0.146	0.142	6.139	-50.837
20318	-50.000	-0.172	-0.214	0.308	5.065	-53.536
20338	-50.000	-0.289	0.254	0.397	4.188	-40.238
20358	-50.000	-0.340	0.506	0.612	3.231	-48.403
20378	-50.000	-0.145	0.403	0.349	2.256	-49.836
