--- Terminal on /dev/ttyUSB0 | 115200 8-N-1
--- Available filters and text transformations: colorize, debug, default, direct, esp32_exception_decoder, hexlify, log2file, nocontrol, printable, send_on_enter, time
--- More details at https://bit.ly/pio-monitor-filters
--- Quit: Ctrl+C | Menu: Ctrl+T | Help: Ctrl+T followed by Ctrl+H
MOT: Init
MOT: Enable driver.
MOT: Align sensor.
MOT: sensor_direction==CW
MOT: PP check: OK!
MOT: Zero elec. angle: 3.95
MOT: Align current sense.
CS: Switch B-(C)NC
MOT: Success: 2
MOT: Ready.
0	-1.000	0.236	0.127	0.381	2.217	0.048
8378	-2.000	0.002	-0.107	0.093	2.164	-14.178
8398	-3.000	-0.094	-0.348	0.142	2.192	3.956
8418	-4.000	-0.020	-0.177	0.158	2.191	-0.603
8438	-5.000	-0.053	-0.141	0.195	2.169	-1.242
8458	-6.000	-0.235	-0.077	0.239	2.105	-5.283
8478	-7.000	-0.225	0.077	0.258	2.017	-4.560
8498	-8.000	-0.042	0.043	0.112	1.740	-15.742
8518	-9.000	0.035	-0.052	0.052	1.546	-3.419
8538	-10.000	-0.327	-0.052	0.319	1.525	-3.041
8558	-11.000	-0.121	0.270	0.240	1.391	-9.611
8578	-12.000	-0.091	0.003	0.139	1.138	-13.403
8598	-13.000	-0.296	0.073	0.324	0.914	-4.498
8618	-14.000	-0.309	0.177	0.346	0.658	-14.950
8638	-15.000	-0.106	0.164	0.202	0.316	-16.109
8658	-16.000	-0.049	-0.181	0.181	6.226	-29.597
8678	-17.000	-0.163	-0.050	0.153	5.878	-12.640
8698	-18.000	0.095	0.197	0.226	5.347	-22.001
8718	-19.000	0.005	-0.190	0.179	5.001	-29.759
8738	-20.000	-0.011	0.030	0.039	4.703	-11.237
8758	-21.000	-0.041	0.265	0.275	4.252	-16.948
8778	-22.000	-0.287	-0.225	0.406	3.901	-24.831
8798	-23.000	-0.534	-0.062	0.542	3.605	-12.494
8818	-24.000	-0.147	0.195	0.313	3.139	-20.429
8838	-25.000	-0.512	-0.014	0.521	2.661	-31.430
8858	-26.000	-0.245	-0.040	0.294	2.207	-30.042
8878	-27.000	-0.357	0.339	0.469	1.753	-22.987
8898	-28.000	-0.611	-0.092	0.644	1.348	-14.161
8918	-29.000	-0.549	0.296	0.666	0.907	-21.774
8938	-30.000	-0.974	-0.615	1.260	0.448	-25.644
8958	-31.000	-1.329	0.020	1.394	6.067	-41.176
8978	-32.000	-0.380	0.227	0.463	5.185	-49.948
8998	-33.000	-0.890	-0.086	0.899	4.380	-37.899
9018	-34.000	-0.555	0.259	0.630	3.775	-31.862
9038	-35.000	-0.932	-0.261	0.960	3.266	-33.721
9058	-36.000	-0.913	-0.134	0.929	2.671	-39.184
9078	-37.000	0.019	0.918	0.927	1.937	-37.736
9098	-38.000	-0.023	0.552	0.520	1.364	-25.403
9118	-39.000	-0.658	0.671	0.918	0.870	-27.679
9138	-40.000	-1.922	0.427	1.874	0.347	-31.797
9158	-41.000	-0.270	0.677	0.664	5.920	-43.680
9178	-42.000	-0.367	-0.109	0.389	4.929	-50.134
9198	-43.000	-1.344	0.569	1.427	4.056	-41.327
9218	-44.000	-0.353	0.318	0.355	3.361	-33.721
9238	-45.000	-0.975	0.739	1.430	2.568	-41.714
9258	-46.000	-1.358	0.308	1.425	1.790	-37.392
9278	-47.000	-1.071	0.357	1.035	1.212	-22.441
9298	-48.000	-1.254	-0.432	1.291	0.735	-20.749
9318	-49.000	-0.841	-0.046	0.918	0.124	-35.052
9338	-50.000	-0.411	-0.089	0.440	5.522	-49.189
9358	-50.000	-0.313	0.335	0.461	4.542	-47.129
9378	-50.000	-1.577	0.808	1.664	3.746	-38.220
9398	-50.000	-0.777	0.176	0.696	2.993	-39.302
9418	-50.000	-0.318	-0.089	0.362	2.194	-40.931
9438	-50.000	-1.743	0.756	1.784	1.468	-33.573
9458	-50.000	-1.702	-0.387	1.796	0.974	-27.131
9478	-50.000	-0.684	-0.350	0.804	0.482	-28.127
9498	-50.000	-1.412	0.736	1.399	6.029	-42.248
9518	-50.000	-0.000	0.099	0.028	5.048	-50.735
9538	-50.000	-0.629	0.189	0.687	4.152	-42.653
9558	-50.000	-0.604	0.617	0.886	3.401	-37.571
9578	-50.000	-1.644	0.482	1.678	2.623	-41.749
9598	-50.000	-0.826	0.112	0.864	1.839	-37.786
9618	-50.000	-1.156	0.248	1.213	1.232	-26.558
9638	-50.000	-0.914	-0.410	0.756	0.753	-20.094
9658	-50.000	-0.858	0.056	0.891	0.123	-39.262
9678	-50.000	-0.461	-0.155	0.488	5.489	-48.490
9698	-50.000	-0.401	0.493	0.672	4.534	-47.204
9718	-50.000	-1.220	0.741	1.456	3.729	-38.395
9738	-50.000	-0.643	0.146	0.734	2.982	-39.630
9758	-50.000	-0.629	-0.318	0.720	2.169	-40.996
9778	-50.000	-1.722	0.790	1.790	1.465	-33.546
9798	-50.000	-1.936	-0.189	1.892	0.954	-27.524
9818	-50.000	-0.520	-0.311	0.645	0.499	-28.104
9838	-50.000	-1.474	0.552	1.634	6.038	-42.163
9858	-50.000	-0.091	0.396	0.337	5.065	-50.634
9878	-50.000	-0.548	0.069	0.556	4.171	-43.026
9898	-50.000	-0.612	0.517	0.829	3.410	-37.481
9918	-50.000	-1.607	0.344	1.706	2.629	-40.722
9938	-50.000	-0.825	0.119	0.891	1.838	-37.917
9958	-50.000	-1.259	0.128	1.259	1.244	-24.968
9978	-50.000	-0.722	-0.259	0.804	0.761	-21.636
9998	-50.000	-0.463	0.111	0.376	0.166	-35.338
10018	-50.000	-0.513	-0.322	0.604	5.568	-49.109
10038	-50.000	-0.912	0.644	1.065	4.607	-47.985
10058	-50.000	-1.645	0.042	1.709	3.792	-38.986
10078	-50.000	-0.549	0.013	0.560	3.036	-39.176
10098	-50.000	-0.386	0.716	0.661	2.232	-40.489
10118	-50.000	-1.850	0.053	1.847	1.513	-34.327
10138	-50.000	-1.387	-0.635	1.588	1.015	-26.384
10158	-50.000	-0.460	0.098	0.511	0.528	-27.941
10178	-50.000	-0.957	-0.141	0.940	6.091	-40.077
10198	-50.000	0.058	0.064	0.082	5.125	-51.010
10218	-50.000	-0.290	0.504	0.511	4.197	-43.652
10238	-50.000	-0.686	0.505	0.846	3.435	-36.813
10258	-50.000	-1.271	-0.048	1.336	2.649	-41.591
10278	-50.000	-0.766	0.140	0.802	1.852	-38.182
10298	-50.000	-1.204	0.107	1.250	1.244	-26.511
10318	-50.000	-0.559	-0.112	0.612	0.767	-21.954
10338	-50.000	-0.411	0.189	0.448	0.183	-35.087
10358	-50.000	-0.105	0.023	0.103	5.599	-48.941
10378	-50.000	-0.695	0.314	0.818	4.626	-48.403
10398	-50.000	-1.455	-0.147	1.490	3.806	-38.862
10418	-50.000	-0.483	0.080	0.470	3.042	-39.231
10438	-50.000	-0.405	0.780	0.755	2.232	-41.252
10458	-50.000	-1.873	0.017	1.857	1.509	-33.694
10478	-50.000	-1.386	-0.631	1.588	1.015	-26.057
10498	-50.000	-0.396	-0.033	0.458	0.526	-27.437
10518	-50.000	-0.887	-0.216	0.922	6.091	-40.288
10538	-50.000	0.024	0.134	0.092	5.133	-50.786
10558	-50.000	-0.285	0.668	0.639	4.202	-43.530
10578	-50.000	-0.961	0.691	1.247	3.456	-36.842
10598	-50.000	-0.885	-0.140	0.886	2.672	-41.269
10618	-50.000	-0.755	0.070	0.784	1.870	-37.228
10638	-50.000	-1.194	-0.144	1.293	1.266	-25.353
10658	-50.000	-0.423	0.042	0.436	0.778	-24.138
10678	-50.000	-0.330	0.434	0.491	0.206	-35.200
10698	-50.000	-0.070	0.261	0.128	5.624	-48.635
10718	-50.000	-0.167	0.243	0.406	4.656	-48.204
10738	-50.000	-1.228	-0.199	1.302	3.821	-38.808
10758	-50.000	-0.450	0.721	0.816	3.077	-38.948
10778	-50.000	-0.499	0.450	0.707	2.263	-41.377
10798	-50.000	-1.479	-0.275	1.559	1.542	-34.703
10818	-50.000	-1.439	-0.591	1.652	1.008	-26.026
10838	-50.000	-0.490	-0.017	0.460	0.517	-28.413
10858	-50.000	-1.013	-0.148	0.998	6.085	-40.898
10878	-50.000	-0.038	0.001	0.064	5.100	-50.259
10898	-50.000	-0.351	0.255	0.434	4.186	-43.241
10918	-50.000	-0.726	0.558	0.866	3.438	-37.132
10938	-50.000	-1.478	0.128	1.524	2.638	-41.492
10958	-50.000	-0.822	0.149	0.781	1.862	-38.053
10978	-50.000	-1.295	-0.086	1.297	1.266	-23.173
10998	-50.000	-0.298	0.209	0.353	0.781	-24.206
11018	-50.000	-0.279	0.487	0.508	0.204	-35.136
11038	-50.000	-0.197	0.421	0.533	5.648	-48.470
11058	-50.000	-0.090	0.241	0.234	4.665	-48.490
11078	-50.000	-1.040	-0.238	0.949	3.841	-38.966
11098	-50.000	-0.670	0.946	1.048	3.093	-38.227
11118	-50.000	-0.631	0.562	0.900	2.296	-40.360
11138	-50.000	-1.402	-0.370	1.419	1.548	-33.878
11158	-50.000	-1.370	-0.638	1.553	1.019	-26.010
11178	-50.000	-0.436	0.164	0.412	0.532	-27.360
11198	-50.000	-0.767	-0.151	0.851	6.108	-40.629
11218	-50.000	-0.439	0.450	0.463	5.153	-49.325
11238	-50.000	-0.529	1.074	1.257	4.231	-43.628
11258	-50.000	-1.375	0.734	1.429	3.474	-36.727
11278	-50.000	-0.857	-0.139	0.900	2.706	-41.336
11298	-50.000	-0.436	0.368	0.524	1.917	-38.380
11318	-50.000	-1.353	-0.194	1.358	1.270	-28.390
11338	-50.000	-0.365	0.117	0.426	0.781	-24.152
11358	-50.000	-0.319	0.368	0.473	0.204	-34.876
11378	-50.000	-0.156	0.388	0.250	5.636	-48.644
11398	-50.000	-0.152	0.299	0.275	4.671	-48.451
11418	-50.000	-1.050	-0.214	1.103	3.836	-38.585
11438	-50.000	-0.813	1.069	1.227	3.100	-38.785
11458	-50.000	-0.557	0.504	0.706	2.287	-41.336
11478	-50.000	-1.347	-0.340	1.456	1.548	-34.149
11498	-50.000	-1.436	-0.565	1.670	1.003	-26.306
11518	-50.000	-0.475	-0.170	0.488	0.512	-27.778
11538	-50.000	-1.150	-0.093	1.193	6.076	-41.228
11558	-50.000	-0.114	0.082	0.162	5.094	-50.554
11578	-50.000	-0.270	0.492	0.536	4.199	-43.232
11598	-50.000	-0.714	0.561	0.889	3.436	-37.176
11618	-50.000	-1.466	0.133	1.516	2.638	-39.241
11638	-50.000	-0.741	0.158	0.802	1.861	-38.023
11658	-50.000	-1.229	0.054	1.285	1.249	-25.541
11678	-50.000	-0.415	0.020	0.429	0.773	-23.153
11698	-50.000	-0.405	0.288	0.465	0.196	-34.357
11718	-50.000	-0.039	0.003	0.089	5.616	-47.937
11738	-50.000	-0.812	0.372	0.853	4.625	-48.464
11758	-50.000	-1.277	-0.200	1.340	3.820	-38.870
11778	-50.000	-0.374	0.393	0.542	3.062	-38.909
11798	-50.000	-0.514	0.539	0.774	2.256	-41.289
11818	-50.000	-1.660	-0.234	1.725	1.525	-33.673
11838	-50.000	-1.387	-0.635	1.556	1.012	-25.439
11858	-50.000	-0.463	0.109	0.556	0.528	-28.350
11878	-50.000	-0.845	-0.191	0.875	6.101	-40.161
11898	-50.000	0.154	-0.097	0.220	5.127	-50.349
11918	-50.000	-0.306	0.849	0.887	4.212	-43.452
11938	-50.000	-0.861	0.652	0.948	3.451	-37.429
11958	-50.000	-0.859	-0.129	0.858	2.677	-41.032
11978	-50.000	-0.717	0.044	0.734	1.879	-38.525
11998	-50.000	-1.325	-0.178	1.279	1.270	-25.561
12018	-50.000	-0.398	0.055	0.417	0.776	-23.896
12038	-50.000	-0.312	0.306	0.463	0.190	-34.817
12058	-50.000	-0.099	0.092	0.173	5.614	-48.557
12078	-50.000	-0.359	0.178	0.515	4.640	-48.194
12098	-50.000	-1.350	-0.173	1.395	3.809	-38.831
12118	-50.000	-0.422	0.479	0.553	3.062	-38.380
12138	-50.000	-0.418	0.597	0.886	2.249	-40.674
12158	-50.000	-1.747	-0.131	1.791	1.520	-33.775
12178	-50.000	-1.316	-0.707	1.515	1.020	-25.735
12198	-50.000	-0.393	0.121	0.464	0.534	-27.935
12218	-50.000	-0.791	-0.148	0.870	6.122	-39.690
12238	-50.000	-0.307	0.428	0.452	5.154	-49.641
12258	-50.000	-0.804	1.172	1.397	4.237	-42.687
12278	-50.000	-1.492	0.639	1.684	3.484	-37.713
12298	-50.000	-0.803	-0.183	0.853	2.717	-41.139
12318	-50.000	-0.442	0.530	0.623	1.922	-38.718
12338	-50.000	-1.268	-0.207	1.291	1.276	-29.011
12358	-50.000	-0.255	0.241	0.340	0.782	-24.472
12378	-50.000	-0.370	0.387	0.588	0.216	-34.779
12398	-50.000	-0.207	0.396	0.435	5.647	-48.756
12418	-50.000	-0.135	0.253	0.233	4.665	-48.422
12438	-50.000	-0.967	-0.198	0.924	3.844	-38.605
12458	-50.000	-0.661	0.913	1.159	3.096	-38.878
12478	-50.000	-0.492	0.434	0.632	2.284	-41.368
12498	-50.000	-1.343	-0.332	1.430	1.551	-34.502
12518	-50.000	-1.458	-0.618	1.558	1.009	-25.684
12538	-50.000	-0.375	0.085	0.456	0.529	-28.327
12558	-50.000	-0.826	-0.181	0.812	6.107	-39.526
12578	-50.000	-0.284	0.373	0.358	5.153	-50.088
12598	-50.000	-0.453	1.090	1.261	4.223	-44.135
12618	-50.000	-1.176	0.738	1.449	3.467	-37.236
12638	-50.000	-0.789	-0.137	0.847	2.706	-40.601
12658	-50.000	-0.459	0.226	0.479	1.913	-38.885
12678	-50.000	-1.300	-0.229	1.273	1.281	-27.785
12698	-50.000	-0.273	0.252	0.344	0.782	-24.423
12718	-50.000	-0.367	0.567	0.619	0.225	-35.158
12738	-50.000	-0.349	0.653	0.496	5.645	-48.470
12758	-50.000	-0.187	0.325	0.361	4.682	-48.379
12778	-50.000	-0.999	-0.203	0.922	3.846	-39.309
12798	-50.000	-0.792	1.098	1.394	3.099	-38.893
12818	-50.000	-0.890	0.654	1.119	2.316	-41.195
12838	-50.000	-1.116	-0.354	1.123	1.582	-34.718
12858	-50.000	-0.600	-0.466	0.820	1.068	-25.413
12878	-50.000	-0.598	0.525	0.810	0.575	-26.852
12898	-50.000	-0.446	0.070	0.457	6.180	-37.667
12918	-50.000	0.046	0.111	0.118	5.229	-49.414
12938	-50.000	-1.111	0.982	1.502	4.280	-44.830
12958	-50.000	-1.204	0.122	1.340	3.517	-37.728
12978	-50.000	-0.741	-0.315	0.838	2.727	-40.825
12998	-50.000	-0.575	0.990	1.123	1.942	-39.466
13018	-50.000	-1.034	-0.225	0.973	1.295	-28.966
13038	-50.000	-0.136	0.471	0.463	0.795	-25.889
13058	-50.000	-0.333	0.411	0.719	0.233	-34.075
13078	-50.000	-0.198	0.151	0.259	5.674	-48.175
13098	-50.000	-0.299	0.347	0.409	4.689	-48.557
13118	-50.000	-0.828	-0.278	0.895	3.872	-38.952
13138	-50.000	-0.896	0.764	1.210	3.122	-39.005
13158	-50.000	-0.924	0.679	1.064	2.316	-41.584
13178	-50.000	-1.113	-0.337	1.231	1.575	-34.752
13198	-50.000	-0.904	-0.755	1.215	1.048	-25.428
13218	-50.000	-0.493	0.310	0.664	0.561	-27.486
13238	-50.000	-0.694	-0.379	0.826	6.159	-38.241
13258	-50.000	-0.169	0.124	0.225	5.196	-51.082
13278	-50.000	-1.096	0.963	1.487	4.281	-44.507
13298	-50.000	-1.317	0.262	1.396	3.505	-37.474
13318	-50.000	-0.599	-0.387	0.730	2.740	-40.690
13338	-50.000	-0.433	0.719	0.803	1.933	-39.018
13358	-50.000	-0.880	-0.151	0.623	1.296	-29.124
13378	-50.000	-0.219	0.361	0.427	0.792	-25.142
13398	-50.000	-0.354	0.574	0.670	0.224	-34.560
13418	-50.000	-0.211	0.165	0.294	5.670	-47.832
13438	-50.000	-0.281	0.355	0.402	4.688	-48.509
13458	-50.000	-0.825	-0.282	0.894	3.870	-39.043
13478	-50.000	-0.952	0.715	1.419	3.126	-38.418
13498	-50.000	-0.976	0.672	1.016	2.321	-41.774
13518	-50.000	-1.047	-0.375	1.073	1.585	-34.759
13538	-50.000	-0.571	-0.453	0.764	1.071	-25.202
13558	-50.000	-0.613	0.511	0.759	0.578	-26.073
13578	-50.000	-0.239	-0.041	0.241	6.197	-37.288
13598	-50.000	-0.048	0.223	0.215	5.234	-51.031
13618	-50.000	-0.989	0.774	1.260	4.298	-44.848
13638	-50.000	-1.056	0.051	1.045	3.527	-37.646
13658	-50.000	-0.401	0.009	0.424	2.753	-41.020
13678	-50.000	-0.537	0.928	1.072	1.945	-39.348
13698	-50.000	-0.775	-0.135	0.890	1.305	-29.647
13718	-50.000	-0.128	0.449	0.462	0.795	-25.725
13738	-50.000	-0.550	0.676	0.866	0.244	-33.992
13758	-50.000	-0.133	0.052	0.157	5.677	-48.032
13778	-50.000	-0.297	0.362	0.409	4.691	-48.480
13798	-50.000	-0.798	-0.306	0.890	3.873	-38.639
13818	-50.000	-0.897	0.746	1.204	3.123	-38.997
13838	-50.000	-0.973	0.695	1.033	2.318	-41.739
13858	-50.000	-1.106	-0.344	1.158	1.574	-34.995
13878	-50.000	-0.647	-0.562	0.899	1.060	-25.102
13898	-50.000	-0.518	0.448	0.703	0.565	-26.554
13918	-50.000	-0.511	-0.123	0.543	6.174	-37.861
13938	-50.000	-0.078	0.254	0.303	5.223	-50.838
13958	-50.000	-1.049	0.901	1.493	4.278	-44.255
13978	-50.000	-1.335	0.280	1.409	3.502	-37.152
13998	-50.000	-0.622	-0.370	0.758	2.737	-41.037
14018	-50.000	-0.495	0.752	0.895	1.933	-38.419
14038	-50.000	-0.873	-0.135	0.612	1.296	-29.593
14058	-50.000	-0.197	0.351	0.383	0.787	-24.509
14078	-50.000	-0.430	0.518	0.707	0.230	-34.842
14098	-50.000	-0.139	0.326	0.331	5.642	-47.242
14118	-50.000	-0.098	0.324	0.347	4.677	-48.766
14138	-50.000	-0.988	-0.241	1.070	3.835	-39.224
14158	-50.000	-0.828	0.966	1.263	3.105	-38.746
14178	-50.000	-0.532	0.500	0.717	2.295	-41.434
14198	-50.000	-1.193	-0.337	1.280	1.568	-34.766
14218	-50.000	-1.153	-0.739	1.400	1.032	-26.104
14238	-50.000	-0.451	0.368	0.589	0.554	-27.030
14258	-50.000	-0.781	-0.329	0.870	6.150	-38.926
14278	-50.000	-0.219	0.152	0.281	5.191	-50.837
14298	-50.000	-0.987	0.876	1.471	4.277	-44.195
14318	-50.000	-1.364	0.284	1.424	3.504	-36.838
14338	-50.000	-0.779	-0.220	0.817	2.720	-40.971
14358	-50.000	-0.503	0.842	0.904	1.937	-38.847
14378	-50.000	-1.054	-0.178	0.795	1.293	-28.949
14398	-50.000	-0.155	0.431	0.456	0.793	-25.709
14418	-50.000	-0.471	0.714	0.800	0.236	-34.969
14438	-50.000	-0.237	0.282	0.381	5.662	-47.842
14458	-50.000	-0.317	0.312	0.458	4.699	-48.519
14478	-50.000	-0.885	-0.227	0.922	3.864	-38.966
14498	-50.000	-1.118	0.992	1.471	3.132	-39.036
14518	-50.000	-0.814	0.703	1.013	2.310	-41.360
14538	-50.000	-1.089	-0.352	1.189	1.582	-35.113
14558	-50.000	-1.063	-0.732	1.340	1.035	-28.130
14578	-50.000	-0.311	0.156	0.236	0.546	-27.371
14598	-50.000	-0.843	-0.202	0.898	6.139	-39.616
14618	-50.000	-0.459	0.320	0.536	5.179	-50.635
14638	-50.000	-0.834	0.705	1.103	4.266	-44.375
14658	-50.000	-1.400	0.391	1.499	3.497	-37.384
14678	-50.000	-0.779	-0.229	0.811	2.720	-40.544
14698	-50.000	-0.447	0.771	0.878	1.936	-39.223
14718	-50.000	-0.700	-0.127	0.789	1.289	-28.758
14738	-50.000	-0.188	0.371	0.441	0.790	-25.398
14758	-50.000	-0.319	0.554	0.723	0.227	-34.632
14778	-50.000	-0.263	0.306	0.438	5.662	-48.137
14798	-50.000	-0.129	0.312	0.353	4.679	-48.538
14818	-50.000	-0.954	-0.214	0.907	3.856	-39.575
14838	-50.000	-0.873	0.931	1.304	3.109	-39.012
14858	-50.000	-0.806	0.642	0.897	2.309	-40.641
14878	-50.000	-1.123	-0.323	1.258	1.569	-35.036
14898	-50.000	-0.749	-0.461	0.905	1.055	-25.363
14918	-50.000	-0.443	0.321	0.507	0.548	-27.812
14938	-50.000	-0.846	-0.218	0.906	6.141	-38.948
14958	-50.000	-0.108	0.086	0.152	5.202	-50.665
14978	-50.000	-0.816	0.684	1.076	4.266	-44.089
14998	-50.000	-1.256	0.175	1.324	3.511	-37.265
15018	-50.000	-0.742	-0.329	0.839	2.727	-40.776
15038	-50.000	-0.525	0.930	1.154	1.942	-38.649
15058	-50.000	-1.035	-0.204	1.107	1.293	-28.932
15078	-50.000	-0.146	0.458	0.445	0.792	-25.550
15098	-50.000	-0.431	0.555	0.749	0.236	-34.652
15118	-50.000	-0.209	0.170	0.282	5.670	-47.994
15138	-50.000	-0.279	0.334	0.365	4.686	-48.567
15158	-50.000	-0.860	-0.262	0.917	3.867	-38.785
15178	-50.000	-0.893	0.794	1.218	3.119	-38.731
15198	-50.000	-0.863	0.580	1.184	2.318	-41.343
15218	-50.000	-1.066	-0.356	1.153	1.585	-34.711
15238	-50.000	-0.762	-0.541	0.907	1.055	-25.730
15258	-50.000	-0.540	0.490	0.725	0.565	-26.858
15278	-50.000	-0.530	-0.286	0.552	6.174	-37.573
15298	-50.000	-0.104	0.168	0.276	5.206	-50.816
15318	-50.000	-0.836	0.637	0.986	4.286	-44.167
15338	-50.000	-1.241	0.165	1.291	3.511	-37.369
15358	-50.000	-0.568	-0.386	0.721	2.741	-40.963
15378	-50.000	-1.131	0.954	1.542	1.994	-30.832
15398	-50.000	-0.257	0.437	0.508	1.342	-30.857
15418	-50.000	-0.278	0.641	0.731	0.833	-26.793
15438	-50.000	-1.261	0.784	1.411	0.296	-32.662
15458	-50.000	-0.323	0.179	0.458	5.797	-46.096
15478	-50.000	-0.559	0.941	1.120	4.795	-48.213
15498	-50.000	-0.561	0.784	0.951	3.956	-39.325
15518	-50.000	-1.635	0.054	1.698	3.217	-37.781
15538	-50.000	-0.689	0.227	0.656	2.424	-41.575
15558	-50.000	-0.450	0.633	0.799	1.667	-36.224
15578	-50.000	-0.523	0.184	0.464	1.108	-25.022
15598	-50.000	-1.113	0.385	1.023	0.630	-23.233
15618	-50.000	-0.508	0.336	0.629	6.266	-34.184
15638	-50.000	-0.073	0.146	0.130	5.318	-50.837
15658	-50.000	-0.848	-0.066	0.874	4.375	-45.485
15678	-50.000	-0.790	0.027	0.824	3.586	-37.503
15698	-50.000	-0.488	0.436	0.689	2.830	-40.577
15718	-50.000	-1.211	0.676	1.405	2.017	-39.959
15738	-50.000	-0.226	0.502	0.586	1.345	-31.169
15758	-50.000	-0.325	0.702	0.812	0.838	-27.763
15778	-50.000	-1.354	0.775	1.521	0.302	-33.300
15798	-50.000	-0.305	0.204	0.334	5.815	-46.004
15818	-50.000	-0.432	0.408	0.635	4.821	-49.631
15838	-50.000	-0.593	0.638	0.898	3.975	-40.229
15858	-50.000	-1.536	-0.072	1.597	3.224	-38.043
15878	-50.000	-0.575	0.229	0.605	2.411	-41.336
15898	-50.000	-0.484	0.671	0.855	1.667	-36.429
15918	-50.000	-0.486	0.022	0.456	1.103	-25.332
15938	-50.000	-0.987	0.459	0.945	0.626	-24.497
15958	-50.000	-0.507	0.385	0.670	6.260	-34.673
15978	-50.000	-0.079	0.232	0.216	5.323	-49.394
15998	-50.000	-0.837	-0.070	0.877	4.375	-45.554
16018	-50.000	-0.818	0.017	0.839	3.585	-37.236
16038	-50.000	-0.453	0.684	0.862	2.813	-40.882
16058	-50.000	-1.393	0.803	1.495	2.023	-39.677
16078	-50.000	-0.215	0.510	0.576	1.348	-30.845
16098	-50.000	-0.414	0.691	0.843	0.847	-27.441
16118	-50.000	-1.382	0.699	1.535	0.310	-32.298
16138	-50.000	-0.384	0.273	0.464	5.825	-45.968
16158	-50.000	-0.456	0.390	0.851	4.835	-48.683
16178	-50.000	-0.580	0.640	0.890	3.971	-40.448
16198	-50.000	-1.569	-0.069	1.638	3.218	-37.384
16218	-50.000	-0.617	0.207	0.656	2.419	-41.503
16238	-50.000	-0.457	0.610	0.723	1.667	-36.472
16258	-50.000	-0.501	0.094	0.460	1.104	-25.561
16278	-50.000	-1.030	0.402	1.023	0.630	-23.543
16298	-50.000	-0.498	0.309	0.613	6.269	-34.534
16318	-50.000	-0.065	0.170	0.149	5.320	-50.837
16338	-50.000	-0.781	-0.080	0.819	4.375	-45.449
16358	-50.000	-0.785	0.042	0.817	3.586	-37.518
16378	-50.000	-0.536	0.659	0.867	2.815	-39.772
16398	-50.000	-1.261	0.753	1.452	2.025	-39.717
16418	-50.000	-0.273	0.534	0.571	1.350	-30.216
16438	-50.000	-0.390	0.776	0.834	0.844	-27.979
16458	-50.000	-1.306	0.647	1.598	0.308	-32.336
16478	-50.000	-0.358	0.226	0.378	5.823	-45.849
16498	-50.000	-0.372	0.287	0.698	4.834	-49.719
16518	-50.000	-0.583	0.547	0.832	3.979	-40.168
16538	-50.000	-1.474	-0.116	1.517	3.227	-38.096
16558	-50.000	-0.676	0.190	0.658	2.428	-41.824
16578	-50.000	-0.502	0.691	0.887	1.671	-36.137
16598	-50.000	-0.502	0.229	0.563	1.114	-24.397
16618	-50.000	-1.064	0.416	1.036	0.630	-24.467
16638	-50.000	-0.475	0.289	0.541	6.280	-33.535
16658	-50.000	-0.114	0.266	0.232	5.335	-50.510
16678	-50.000	-0.532	-0.018	0.554	4.393	-45.654
16698	-50.000	-0.657	-0.090	0.682	3.608	-37.325
16718	-50.000	-0.449	0.328	0.539	2.847	-40.240
16738	-50.000	-1.509	0.815	1.562	2.034	-39.231
16758	-50.000	-0.247	0.524	0.608	1.355	-32.130
16778	-50.000	-0.364	0.728	0.810	0.847	-27.792
16798	-50.000	-1.505	0.661	1.710	0.325	-32.886
16818	-50.000	-0.393	0.271	0.407	5.825	-45.886
16838	-50.000	-0.544	0.579	0.932	4.834	-50.064
16858	-50.000	-0.605	0.581	0.870	3.975	-40.464
16878	-50.000	-1.537	-0.088	1.608	3.220	-37.429
16898	-50.000	-0.523	0.238	0.640	2.419	-41.623
16918	-50.000	-0.454	0.622	0.644	1.661	-36.058
16938	-50.000	-0.536	0.215	0.489	1.106	-25.587
16958	-50.000	-0.889	0.453	1.042	0.623	-24.832
16978	-50.000	-0.513	0.433	0.701	6.256	-34.562
16998	-50.000	-0.088	0.063	0.109	5.312	-50.796
17018	-50.000	-0.888	-0.085	0.907	4.370	-45.269
17038	-50.000	-0.790	0.036	0.838	3.585	-37.139
17058	-50.000	-0.502	0.426	0.675	2.833	-40.208
17078	-50.000	-1.171	0.671	1.464	2.020	-39.669
17098	-50.000	-0.235	0.620	0.646	1.362	-30.637
17118	-50.000	-0.411	0.774	0.883	0.845	-28.362
17138	-50.000	-1.719	0.694	1.741	0.327	-32.717
17158	-50.000	-0.502	0.221	0.465	5.835	-45.431
17178	-50.000	-0.348	0.253	0.386	4.847	-49.789
17198	-50.000	-0.584	0.500	0.802	3.985	-40.688
17218	-50.000	-1.467	-0.107	1.534	3.229	-38.373
17238	-50.000	-0.684	0.244	0.680	2.427	-41.432
17258	-50.000	-0.484	0.671	0.849	1.669	-35.610
17278	-50.000	-0.394	-0.013	0.462	1.104	-25.602
17298	-50.000	-0.913	0.430	1.092	0.626	-24.807
17318	-50.000	-0.516	0.374	0.669	6.260	-34.583
17338	-50.000	-0.078	0.152	0.146	5.317	-50.581
17358	-50.000	-0.772	-0.081	0.808	4.375	-45.431
17378	-50.000	-0.789	0.003	0.818	3.586	-37.503
17398	-50.000	-0.513	0.428	0.703	2.835	-40.817
17418	-50.000	-1.278	0.802	1.392	2.019	-40.094
17438	-50.000	-0.281	0.444	0.486	1.341	-31.144
17458	-50.000	-0.292	0.654	0.759	0.836	-27.343
17478	-50.000	-1.229	0.820	1.436	0.291	-32.847
17498	-50.000	-0.352	0.113	0.524	5.788	-46.447
17518	-50.000	-0.358	0.921	1.009	4.788	-49.464
17538	-50.000	-0.457	0.813	0.791	3.948	-40.214
17558	-50.000	-1.722	0.266	1.789	3.206	-38.326
17578	-50.000	-0.559	0.240	0.553	2.410	-41.640
17598	-50.000	-0.475	0.625	0.848	1.669	-36.130
17618	-50.000	-0.457	0.213	0.558	1.114	-25.292
17638	-50.000	-1.080	0.454	1.072	0.632	-24.752
17658	-50.000	-0.502	0.325	0.614	6.266	-34.856
17678	-50.000	-0.077	0.131	0.121	5.318	-50.796
17698	-50.000	-0.877	-0.067	0.888	4.373	-45.117
17718	-50.000	-0.796	0.018	0.821	3.586	-37.199
17738	-50.000	-0.489	0.423	0.667	2.832	-40.577
17758	-50.000	-1.141	0.694	1.400	2.019	-39.832
17778	-50.000	-0.279	0.455	0.551	1.347	-30.300
17798	-50.000	-0.348	0.712	0.842	0.838	-28.007
17818	-50.000	-1.499	0.758	1.658	0.313	-33.194
17838	-50.000	-0.315	0.252	0.406	5.817	-45.995
17858	-50.000	-0.433	0.387	0.615	4.823	-49.719
17878	-50.000	-0.593	0.680	0.916	3.971	-40.472
17898	-50.000	-1.584	-0.004	1.652	3.221	-37.759
17918	-50.000	-0.502	0.229	0.620	2.408	-41.822
17938	-50.000	-0.431	0.596	0.755	1.664	-35.517
17958	-50.000	-0.540	0.206	0.502	1.108	-25.302
17978	-50.000	-1.013	0.441	1.013	0.624	-23.828
17998	-50.000	-0.475	0.301	0.580	6.269	-34.975
18018	-50.000	-0.068	0.241	0.222	5.321	-50.918
18038	-50.000	-0.859	-0.055	0.882	4.376	-45.690
18058	-50.000	-0.835	0.040	0.845	3.583	-37.466
18078	-50.000	-0.531	0.534	0.783	2.827	-40.825
18098	-50.000	-1.219	0.794	1.371	2.016	-40.046
18118	-50.000	-0.304	0.469	0.518	1.347	-31.531
18138	-50.000	-0.261	0.658	0.741	0.831	-27.096
18158	-50.000	-1.112	0.884	1.382	0.287	-33.184
18178	-50.000	-0.442	0.117	0.465	5.780	-46.503
18198	-50.000	-0.271	0.797	0.837	4.784	-49.434
18218	-50.000	-0.422	0.773	0.777	3.945	-40.086
18238	-50.000	-1.624	0.260	1.805	3.204	-38.373
18258	-50.000	-0.672	0.185	0.669	2.430	-41.566
18278	-50.000	-0.599	0.760	0.909	1.672	-35.574
18298	-50.000	-0.406	0.258	0.383	1.124	-25.007
18318	-50.000	-1.186	0.397	1.245	0.641	-23.163
18338	-50.000	-0.619	0.457	0.807	0.014	-33.521
18358	-50.000	-0.442	0.685	0.749	5.366	-50.280
18378	-50.000	-0.638	0.003	0.575	4.410	-46.050
18398	-50.000	-0.487	0.631	0.687	3.643	-37.766
18418	-50.000	-0.785	0.671	0.893	2.872	-39.661
18438	-50.000	-0.983	0.276	1.002