--- Terminal on /dev/ttyUSB0 | 115200 8-N-1
--- Available filters and text transformations: colorize, debug, default, direct, esp32_exception_decoder, hexlify, log2file, nocontrol, printable, send_on_enter, time
--- More details at https://bit.ly/pio-monitor-filters
--- Quit: Ctrl+C | Menu: Ctrl+T | Help: Ctrl+T followed by Ctrl+H
MOT: Init
MOT: Enable driver.
MOT: Align sensor.
MOT: sensor_direction==CW
MOT: PP check: OK!
MOT: Zero elec. angle: 4.24
MOT: Align current sense.
CS: Inv B
MOT: Success: 3
MOT: Ready.
MOT: Monitor enabled!
ESP32-DRV: Configuring 3PWM in group: 1 on timer: 0
ESP32-DRV: Configuring 2 operators.
ESP32-DRV: Configuring 3 comparators.
ESP32-DRV: Configuring 3 generators.
ESP32-DRV: Configuring center-aligned pwm.
ESP32-DRV: Enabling timer: 0
ESP32-DRV: MCPWM configured!
MOT: Init
MOT: Enable driver.
MOT: Align sensor.
MOT: sensor_direction==CW
MOT: PP check: OK!
MOT: Zero elec. angle: 0.67
MOT: Align current sense.
CS: Inv B
MOT: Success: 3
MOT: Ready.
0	0.000	0.041	0.002	0.097	0.566	0.016	0.141	-0.057	0.039	1.882	0.035
16723	0.000	0.042	-0.001	0.018	0.572	-0.624	0.026	-0.017	0.026	1.859	-1.249
16743	0.000	-0.011	0.001	0.006	0.558	-0.608	-0.021	0.009	0.015	1.862	0.913
16763	0.000	-0.022	0.001	0.015	0.543	-0.307	-0.020	0.014	0.057	1.858	0.307
16783	0.000	-0.018	0.007	0.014	0.541	0.000	0.032	-0.025	0.022	1.858	-0.307
16803	0.000	0.041	-0.015	0.055	0.525	-0.920	0.004	0.041	0.007	1.859	0.000
16823	0.000	0.006	-0.015	0.144	0.532	-0.614	0.003	-0.032	0.047	1.867	-0.920
16843	0.000	-0.008	0.011	0.012	0.523	0.000	0.015	-0.032	0.028	1.852	0.000
16863	0.000	0.010	0.006	0.019	0.525	0.000	0.004	-0.012	0.105	1.855	0.000
16883	0.000	-0.015	0.001	0.002	0.515	-1.229	0.019	0.038	0.033	1.856	0.307
16903	0.000	-0.007	-0.013	0.076	0.518	0.000	-0.031	0.010	0.030	1.853	0.000
16923	0.000	-0.014	0.008	0.011	0.518	-0.307	-0.014	0.019	0.014	1.832	0.614
16943	0.000	0.044	0.022	0.060	0.511	0.307	-0.001	0.009	0.014	1.853	0.614
16963	0.000	0.040	0.253	0.013	0.518	-0.921	0.002	0.012	0.012	1.842	-0.922
16983	0.000	-0.046	-0.013	0.061	0.515	-0.614	0.013	-0.004	0.023	1.850	0.307
17003	0.000	-0.041	-0.028	0.022	0.511	0.307	-0.004	0.018	0.104	1.845	-0.307
17023	0.000	-0.001	0.013	0.114	0.522	1.228	0.025	-0.023	0.034	1.861	-0.307
17043	0.000	-0.013	0.021	0.029	0.512	-0.920	-0.004	-0.028	0.020	1.856	0.000
17063	0.000	-0.007	0.010	0.223	0.517	0.000	-0.000	-0.034	0.036	1.838	-1.227
17083	0.000	-0.008	0.006	0.140	0.515	0.000	0.029	-0.029	0.039	1.845	0.307
17103	0.000	0.123	-0.107	0.016	0.514	-0.614	-0.034	-0.026	0.048	1.839	-0.614
17123	0.000	-0.014	0.009	0.232	0.514	-0.614	0.029	-0.005	0.018	1.845	0.920
17143	0.000	-0.019	0.006	0.029	0.512	0.000	0.113	-0.153	0.052	1.842	-0.920
17163	0.000	-0.026	0.010	0.022	0.512	0.000	0.051	-0.013	0.042	1.839	-0.307
17183	0.000	-0.015	0.010	0.019	0.514	0.000	0.149	-0.139	0.044	1.842	-0.920
17203	0.000	0.005	-0.005	0.035	0.509	0.000	0.074	-0.130	0.045	1.841	0.000
17223	0.000	-0.002	-0.015	0.009	0.511	0.000	-0.010	0.011	0.051	1.844	0.000
17243	0.000	0.002	-0.029	0.115	0.508	-0.615	-0.008	0.005	0.010	1.848	0.922
17263	0.000	-0.012	0.016	0.057	0.522	1.227	0.018	-0.027	0.037	1.847	0.000
17283	0.000	-0.008	-0.007	0.019	0.508	-0.920	0.014	-0.030	0.023	1.844	-0.920
17303	0.000	-0.012	0.008	0.033	0.514	-0.307	-0.018	0.025	0.014	1.842	0.000
17323	0.000	0.007	0.044	0.020	0.503	-1.227	-0.029	-0.113	0.016	1.850	0.614
17343	0.000	-0.010	-0.008	0.011	0.511	0.307	-0.013	0.013	0.023	1.847	0.000
17363	0.000	-0.013	-0.005	0.005	0.508	0.307	0.025	0.056	0.014	1.832	-1.841
17383	0.000	-0.007	-0.016	0.015	0.459	-1.872	-0.009	-0.034	0.019	1.841	1.248
17403	0.000	-0.009	-0.008	0.018	0.468	0.274	-0.018	-0.011	0.022	1.845	0.547
17423	0.000	0.019	0.014	0.014	0.476	0.313	-0.004	0.015	0.014	1.832	-1.251
17443	0.000	0.009	-0.003	0.072	0.489	0.621	-0.002	-0.011	0.001	1.847	0.310
17463	0.000	-0.007	0.018	0.054	0.492	0.311	-0.015	-0.056	0.046	1.839	-0.620
17483	0.000	0.003	-0.022	0.011	0.494	0.353	-0.022	0.012	0.022	1.841	0.000
17503	0.000	-0.024	-0.006	0.016	0.494	0.610	-0.008	-0.006	0.015	1.842	0.304
17523	0.000	-0.030	-0.011	0.019	0.492	-0.304	0.024	-0.028	0.034	1.842	0.000
17543	0.000	-0.003	-0.006	0.016	0.486	-0.625	0.027	-0.027	0.033	1.845	0.000
17563	0.000	-0.059	-0.006	0.032	0.491	-0.306	0.005	-0.031	0.039	1.838	-1.229
17583	0.000	0.005	0.016	0.014	0.491	0.274	-0.010	-0.033	0.026	1.839	0.547
17603	0.000	0.023	0.002	0.014	0.495	0.609	0.009	-0.006	0.023	1.841	0.304
17623	0.000	-0.014	0.016	0.021	0.500	0.307	-0.019	0.025	0.023	1.856	1.229
17643	0.000	0.048	0.179	0.029	0.502	0.000	0.009	-0.017	0.014	1.838	-1.534
17663	0.000	0.006	-0.025	0.029	0.497	0.000	0.005	0.013	0.019	1.839	2.148
17683	0.000	0.096	-0.083	0.041	0.502	-0.307	-0.010	-0.004	0.018	1.839	-0.614
17703	0.000	-0.007	0.015	0.247	0.499	-0.307	0.011	-0.005	0.007	1.842	0.307
17723	0.000	-0.088	0.049	0.050	0.499	0.307	-0.011	0.002	0.135	1.842	-0.307
17743	0.000	0.083	0.212	0.015	0.506	2.145	0.007	-0.032	0.023	1.845	0.000
17763	0.000	0.003	0.018	0.017	0.505	-1.228	0.004	-0.032	0.031	1.839	0.000
17783	0.000	0.113	-0.099	0.016	0.515	1.227	0.057	-0.038	0.017	1.839	-0.920
17803	0.000	-0.002	-0.024	0.020	0.508	-0.615	0.013	-0.003	0.014	1.833	1.537
17823	0.000	-0.014	-0.004	0.013	0.509	0.000	-0.006	-0.010	0.007	1.850	0.307
17843	0.000	-0.009	0.016	0.048	0.514	0.307	0.013	-0.024	0.038	1.844	0.000
17863	0.000	-0.001	-0.020	0.024	0.479	-1.875	0.026	-0.034	0.040	1.852	-0.313
17883	0.000	-0.028	-0.011	0.058	0.486	0.938	-0.076	-0.118	0.022	1.853	0.626
17903	0.000	-0.001	-0.023	0.042	0.499	0.307	-0.023	-0.006	0.031	1.852	0.614
17923	0.000	-0.009	-0.006	0.003	0.497	0.307	-0.012	0.011	0.027	1.847	0.307
17943	0.000	-0.001	-0.013	0.025	0.488	-0.929	-0.017	-0.012	0.022	1.847	-0.311
17963	0.000	0.002	0.011	0.014	0.495	-0.307	0.004	-0.028	0.041	1.848	0.000
17983	0.000	-0.000	-0.017	0.005	0.494	-0.305	0.007	-0.015	0.016	1.850	0.608
18003	0.000	0.042	-0.012	0.083	0.502	0.307	0.008	-0.016	0.020	1.845	0.307
18023	0.000	0.000	-0.016	0.012	0.502	-0.614	-0.020	-0.019	0.022	1.853	1.229
18043	0.000	0.008	-0.009	0.013	0.509	0.920	-0.008	0.015	0.003	1.839	-0.614
18063	0.000	0.003	0.016	0.015	0.499	0.307	-0.059	-0.155	0.015	1.862	0.614
18083	0.000	0.020	-0.007	0.032	0.499	-0.614	-0.008	0.015	0.015	1.842	-0.920
18103	0.000	-0.051	-0.019	0.067	0.492	-0.920	-0.054	0.085	0.023	1.852	0.919
18123	0.000	0.011	0.007	0.013	0.485	0.624	0.009	-0.009	0.045	1.847	-0.312
18143	0.000	-0.007	-0.005	0.016	0.465	-0.312	-0.022	-0.001	0.036	1.847	0.625
18163	0.000	0.179	0.270	0.023	0.479	0.936	-0.009	-0.038	0.116	1.841	-0.625
18183	0.000	-0.026	-0.019	0.035	0.485	-0.312	0.045	0.001	0.054	1.845	0.937
18203	0.000	0.011	0.010	0.013	0.479	0.000	0.008	0.012	0.021	1.845	-1.094
18223	0.000	0.009	-0.002	0.022	0.489	-0.311	0.020	-0.036	0.030	1.833	-0.311
18243	0.000	-0.026	-0.021	0.028	0.492	0.000	0.073	-0.126	0.029	1.845	0.000
18263	0.000	0.002	0.067	0.048	0.489	0.000	0.051	0.052	0.028	1.844	-0.306
18283	0.000	-0.010	0.018	0.015	0.486	0.000	-0.017	-0.004	0.026	1.847	0.624
18303	0.000	0.003	-0.024	0.017	0.494	-0.356	-0.079	0.060	0.036	1.844	0.356
18323	0.000	-0.015	0.011	0.009	0.494	0.606	0.022	-0.016	0.028	1.844	0.000
18343	0.000	-0.011	0.012	0.020	0.494	0.000	-0.047	-0.007	0.038	1.845	-0.614
18363	0.000	-0.032	-0.008	0.014	0.499	0.919	0.002	0.019	0.013	1.847	0.307
18383	0.000	-0.007	0.020	0.110	0.499	0.000	-0.003	-0.031	0.038	1.841	0.000
18403	0.000	-0.005	0.011	0.029	0.495	0.000	0.043	-0.151	0.058	1.841	0.000
18423	0.000	0.077	0.152	0.011	0.503	0.920	0.011	-0.041	0.021	1.842	0.307
18443	0.000	0.000	0.007	0.027	0.500	-0.307	0.007	-0.031	0.029	1.842	-0.614
18463	0.000	-0.008	0.013	0.161	0.500	-0.307	0.018	-0.008	0.006	1.847	0.307
18483	0.000	-0.010	0.017	0.020	0.509	0.000	0.081	-0.130	0.046	1.844	0.000
18503	0.000	0.000	-0.016	0.010	0.503	0.307	0.012	-0.008	0.013	1.842	0.000
18523	0.000	-0.010	0.020	0.038	0.505	0.000	0.017	-0.045	0.031	1.842	0.000
18543	0.000	-0.020	-0.005	0.012	0.489	-0.918	-0.024	-0.011	0.045	1.842	-0.614
18563	0.000	-0.003	-0.010	0.014	0.503	0.614	-0.022	-0.003	0.030	1.844	0.000
18583	0.000	0.029	0.064	0.018	0.494	-0.307	-0.038	-0.106	0.006	1.845	0.613
18603	0.000	0.034	-0.010	0.043	0.517	0.614	0.011	-0.031	0.013	1.871	0.921
18623	0.000	0.065	0.269	0.015	0.508	-2.148	-0.004	0.027	0.015	1.853	0.000
18643	0.000	0.103	-0.114	0.013	0.508	0.921	0.013	-0.011	0.105	1.856	0.000
18663	0.000	-0.112	0.042	0.048	0.508	-0.614	-0.015	-0.011	0.014	1.856	0.000
18683	0.000	-0.011	0.010	0.014	0.500	0.307	0.012	-0.036	0.041	1.853	0.307
18703	0.000	-0.052	-0.095	0.011	0.489	-1.829	0.000	-0.025	0.036	1.848	-0.610
18723	0.000	-0.054	0.044	0.023	0.497	0.000	-0.038	0.006	0.047	1.856	0.615
18743	0.000	-0.017	0.014	0.029	0.488	0.624	0.018	-0.042	0.035	1.853	0.624
18763	0.000	-0.013	0.008	0.021	0.509	0.922	0.021	-0.030	0.031	1.853	0.000
18783	0.000	-0.019	-0.034	0.014	0.502	0.000	-0.008	0.022	0.015	1.844	-0.619
18803	0.000	-0.012	-0.024	0.028	0.502	-0.307	-0.037	0.014	0.041	1.858	0.307
18823	0.000	-0.062	-0.018	0.062	0.502	0.614	-0.008	0.015	0.022	1.844	0.000
18843	0.000	0.006	0.010	0.027	0.502	0.921	-0.012	0.008	0.055	1.842	-0.614
18863	0.000	0.002	-0.019	0.018	0.497	0.307	-0.020	0.010	0.036	1.853	0.614
18883	0.000	-0.015	0.000	0.017	0.499	-0.307	-0.018	-0.000	0.021	1.855	0.921
18903	0.000	0.024	0.108	0.013	0.502	0.000	0.002	0.024	0.011	1.850	0.000
18923	0.000	-0.010	0.022	0.194	0.509	0.307	0.009	-0.032	0.041	1.848	-0.307
18943	0.000	-0.001	0.013	0.022	0.499	-0.614	-0.012	-0.028	0.028	1.845	0.000
18963	0.000	-0.012	0.018	0.167	0.502	0.000	0.013	-0.028	0.036	1.848	0.920
18983	0.000	-0.102	0.068	0.014	0.515	1.534	-0.016	-0.023	0.027	1.844	-0.307
19003	0.000	-0.004	-0.027	0.017	0.499	-1.534	0.046	0.008	0.044	1.853	0.920
19023	0.000	-0.005	-0.009	0.007	0.505	0.000	-0.007	0.016	0.009	1.850	-0.614
19043	0.000	0.056	0.016	0.043	0.460	-1.250	0.001	0.000	0.010	1.852	0.000
19063	0.000	-0.048	0.051	0.010	0.486	0.821	0.002	-0.025	0.035	1.850	-0.274
19083	0.000	0.013	0.032	0.008	0.489	-0.312	-0.023	-0.040	0.051	1.848	0.624
19103	0.000	-0.005	-0.011	0.020	0.489	0.000	-0.005	0.018	0.023	1.848	0.312
19123	0.000	0.095	0.005	0.089	0.497	0.612	-0.001	0.015	0.016	1.852	0.000
19143	0.000	-0.033	-0.012	0.086	0.499	-0.614	-0.004	0.013	0.019	1.850	0.000
19163	0.000	0.021	0.035	0.011	0.495	0.913	0.019	-0.011	0.026	1.845	-0.913
19183	0.000	0.005	-0.005	0.020	0.499	0.307	0.002	-0.001	0.026	1.847	0.307
19203	0.000	0.003	-0.019	0.012	0.495	-0.307	0.066	0.123	0.026	1.844	0.000
19223	0.000	0.004	-0.008	0.027	0.503	0.921	-0.010	-0.014	0.018	1.844	-0.614
19243	0.000	-0.077	-0.169	0.012	0.492	-0.302	0.005	-0.028	0.037	1.848	0.000
19263	0.000	0.127	-0.134	0.010	0.508	0.920	0.015	-0.008	0.064	1.842	0.614
19283	0.000	0.065	-0.109	0.024	0.500	0.000	-0.048	0.059	0.021	1.852	0.921
19303	0.000	0.004	-0.020	0.234	0.500	-1.229	-0.011	0.006	0.029	1.850	0.000
19323	0.000	-0.002	0.000	0.022	0.494	0.933	0.027	-0.025	0.036	1.848	0.619
19343	0.000	0.007	-0.023	0.016	0.505	-0.307	0.018	-0.023	0.029	1.852	0.307
19363	0.000	-0.008	-0.005	0.014	0.489	-0.312	-0.001	-0.019	0.024	1.845	0.313
19383	0.000	0.014	-0.022	0.010	0.503	0.307	0.030	0.139	0.030	1.848	0.000
19403	0.000	0.015	-0.010	0.029	0.494	-0.608	0.023	-0.022	0.021	1.855	0.607
19423	0.000	-0.025	0.009	0.007	0.499	-0.307	-0.030	-0.012	0.045	1.856	0.614
19443	0.000	-0.011	-0.028	0.019	0.499	-0.307	0.010	-0.009	0.011	1.848	0.307
19463	0.000	-0.001	-0.028	0.014	0.499	0.000	-0.043	-0.020	0.046	1.848	0.000
19483	0.000	0.000	-0.034	0.017	0.499	0.000	-0.015	0.014	0.028	1.848	0.614
19503	0.000	-0.038	0.008	0.029	0.554	1.841	0.007	-0.004	0.018	1.852	0.000
19523	0.000	0.007	-0.020	0.015	0.520	-1.842	-0.007	-0.017	0.029	1.842	-0.614
19543	0.000	0.001	-0.031	0.022	0.506	0.307	-0.040	0.003	0.043	1.858	0.614
19563	0.000	0.036	0.011	0.045	0.517	0.307	-0.006	0.009	0.003	1.848	0.307
19583	0.000	0.019	-0.005	0.017	0.517	-1.535	0.022	-0.014	0.026	1.848	-0.614
19603	0.000	0.023	-0.003	0.042	0.472	-0.937	-0.020	0.016	0.026	1.850	-0.312
19623	0.000	0.046	0.006	0.052	0.497	0.307	-0.007	0.017	0.015	1.852	0.307
19643	0.000	-0.072	-0.008	0.074	0.500	-0.307	-0.004	-0.055	0.055	1.829	0.307
19663	0.000	0.037	0.005	0.043	0.506	0.615	-0.009	0.013	0.017	1.847	0.000
19683	0.000	-0.058	-0.003	0.044	0.495	-0.922	0.002	-0.030	0.029	1.853	0.922
19703	1.000	-0.065	-0.012	0.058	0.506	1.536	-0.016	-0.014	0.024	1.844	0.000
19723	1.000	0.466	0.670	0.851	1.083	39.688	-0.385	1.297	1.403	2.373	34.835
19743	1.000	0.731	0.474	0.874	1.778	34.842	-1.058	0.497	1.015	2.997	31.869
19763	1.000	0.933	0.545	1.021	2.339	26.453	-0.312	1.047	1.129	3.652	36.889
19783	1.000	0.847	0.455	0.959	2.790	25.047	0.646	-1.132	1.357	4.390	39.176
19803	1.000	0.804	0.532	1.061	3.309	29.018	-0.942	0.609	1.150	5.128	39.364
19823	1.000	0.770	0.559	0.931	3.896	32.137	0.562	0.939	1.141	5.849	36.509
19843	1.000	0.913	0.534	1.028	4.415	24.524	0.658	-0.995	1.240	0.278	37.990
19863	1.000	0.966	0.358	1.027	4.772	17.373	0.265	1.029	1.082	1.008	37.876
19883	1.000	0.972	0.302	0.950	5.047	12.847	-1.270	0.335	1.363	1.724	35.866
19903	1.000	1.035	0.253	1.070	5.283	11.288	-0.432	-1.282	1.432	2.385	33.838
19923	1.000	0.946	0.299	0.945	5.505	12.292	1.069	-0.080	1.138	2.999	34.082
19943	1.000	0.945	0.304	0.967	5.774	16.247	-0.070	1.103	1.129	3.688	36.838
19963	1.000	0.876	0.504	0.917	6.145	22.089	-0.657	-0.823	1.054	4.416	38.564
19983	1.000	0.624	0.540	0.834	0.425	33.413	-0.372	1.039	1.136	5.163	38.881
20003	1.000	0.496	0.656	0.902	1.173	40.536	-0.453	0.952	1.055	5.871	36.241
20023	1.000	0.729	0.605	0.953	1.853	33.341	-0.409	1.073	1.208	0.305	37.623
20043	1.000	0.724	0.440	0.879	2.396	26.406	1.126	-0.152	1.171	1.031	37.152
20063	1.000	0.891	0.348	0.963	2.852	25.454	-1.062	-0.320	1.141	1.741	36.494
20083	1.000	0.763	0.515	0.897	3.378	30.336	-0.197	1.182	1.203	2.407	33.707
20103	1.000	0.756	0.484	0.897	3.968	31.926	0.262	1.185	1.262	3.025	32.156
20123	1.000	0.852	0.443	0.955	4.472	23.567	1.044	-0.241	1.079	3.683	37.033
20143	1.000	0.947	0.335	0.965	4.817	16.299	-0.660	0.924	1.187	4.415	38.342
20163	1.000	0.985	0.287	1.009	5.079	12.604	-1.248	-0.253	1.308	5.153	38.885
20183	1.000	1.024	0.263	1.040	5.312	11.235	-0.571	-0.886	1.061	5.861	36.212
20203	1.000	0.891	0.258	0.931	5.548	12.801	0.810	-1.096	1.404	0.295	37.392
20223	1.000	0.913	0.338	0.959	5.835	16.163	0.967	0.348	1.014	1.011	38.023
20243	1.000	0.898	0.405	0.981	6.236	22.936	-1.194	0.048	1.234	1.727	36.786
20263	1.000	0.596	0.327	0.701	0.551	36.032	-0.817	1.096	1.280	2.388	34.102
20283	1.000	0.534	0.353	0.688	1.315	39.443	-1.143	-0.320	1.228	3.023	34.211
20303	1.000	0.827	0.428	0.927	1.977	31.830	-1.093	-0.497	1.252	3.703	36.786
20323	1.000	0.853	0.433	0.964	2.490	25.521	0.521	0.867	1.007	4.447	38.608
20343	1.000	0.805	0.476	0.797	2.962	26.617	-0.568	-0.850	1.012	5.205	38.548
20363	1.000	0.838	0.452	0.932	3.507	30.999	-0.774	0.886	1.267	5.918	36.216
20383	1.000	0.961	0.632	1.169	4.099	29.447	0.552	0.894	1.037	0.342	37.914
20403	1.000	0.913	0.416	1.002	4.547	22.450	-0.437	-1.027	1.166	1.080	38.134
20423	1.000	0.920	0.397	1.038	4.872	15.529	1.125	0.007	1.147	1.787	36.205
20443	1.000	0.932	0.329	0.999	5.123	12.196	-0.313	1.114	1.110	2.457	33.129
20463	1.000	0.952	0.220	0.977	5.347	11.418	-0.907	-0.660	1.134	3.065	34.315
20483	1.000	1.005	0.287	1.006	5.587	12.117	0.903	-0.784	1.246	3.735	36.769
20503	1.000	0.941	0.343	0.977	5.881	16.707	0.876	0.730	1.168	4.467	38.981
20523	1.000	0.851	0.453	0.918	0.034	26.031	-1.044	-0.063	1.044	5.211	38.587
20543	1.000	0.693	0.463	0.861	0.667	37.865	-0.592	0.950	1.130	5.933	36.934
20563	1.000	0.674	0.523	0.885	1.425	37.668	-1.023	0.549	1.204	0.367	36.945
20583	1.000	0.829	0.497	0.945	2.060	29.795	-0.080	1.038	1.044	1.104	38.096
20603	1.000	0.819	0.490	0.932	2.556	25.082	1.127	-0.736	1.401	1.818	36.371
20623	1.000	0.816	0.490	0.934	3.037	27.469	-1.249	-0.617	1.423	2.471	34.156
20643	1.000	0.773	0.567	0.895	3.573	31.474	-1.063	0.367	1.137	3.066	32.696
20663	1.000	0.859	0.556	0.935	4.152	29.099	-0.682	1.038	1.284	3.729	36.757
20683	1.000	0.934	0.451	0.971	4.597	21.365	0.687	-0.887	1.144	4.462	39.098
20703	1.000	1.061	0.409	1.019	4.910	15.852	0.913	0.499	1.041	5.209	38.502
20723	1.000	0.924	0.297	0.938	5.159	13.098	-0.088	1.117	1.132	5.937	36.945
20743	1.000	0.985	0.269	0.999	5.380	11.351	-0.948	0.642	1.193	0.365	37.653
20763	1.000	0.946	0.233	0.965	5.624	12.919	-1.027	-0.303	1.067	1.101	38.272
20783	1.000	0.926	0.390	0.951	5.937	17.540	0.752	-1.101	1.383	1.809	36.391
20803	1.000	0.849	0.474	0.957	0.107	26.691	-1.258	0.465	1.390	2.468	34.423
20823	1.000	0.650	0.434	0.808	0.765	38.388	-1.109	0.103	1.125	3.083	32.317
20843	1.000	0.724	0.728	1.026	1.539	36.860	0.131	-1.276	1.346	3.726	35.282
20863	1.000	0.799	0.511	0.963	2.143	29.958	-1.055	-0.260	1.104	4.462	37.906
20883	1.000	0.803	0.476	0.925	2.620	24.035	0.683	0.771	1.041	5.182	38.646
20903	1.000	0.827	0.521	0.931	3.109	27.480	-0.297	-1.203	1.294	5.895	36.334
20923	1.000	0.750	0.508	0.917	3.683	32.546	-1.159	0.008	1.191	0.316	37.369
20943	1.000	0.775	0.557	0.936	4.254	28.464	0.160	1.231	1.294	1.045	38.258
20963	1.000	0.901	0.458	1.006	4.665	20.531	-0.212	-1.083	1.168	1.746	36.771
20983	1.000	0.912	0.311	1.133	4.958	15.075	1.054	0.410	1.148	2.414	34.068
21003	1.000	0.933	0.253	0.954	5.208	12.665	-0.706	0.878	1.200	3.065	32.519
21023	1.000	1.002	0.266	0.993	5.430	12.484	-0.862	-0.801	1.232	3.734	37.718
21043	1.000	0.980	0.312	1.181	5.679	13.730	0.056	-1.139	1.185	4.468	38.679
21063	1.000	0.931	0.399	0.956	5.993	18.499	0.980	0.261	1.024	5.182	38.341
21083	1.000	0.855	0.547	0.929	0.195	29.694	-0.974	-0.752	1.277	5.895	36.385
21103	1.000	0.416	0.616	0.779	0.896	39.292	-1.047	-0.325	1.122	0.336	38.025
21123	1.000	0.658	0.695	0.939	1.626	36.749	-1.081	-0.575	1.279	1.066	37.452
21143	1.000	0.871	0.519	1.050	2.210	28.908	-0.683	0.821	1.062	1.763	35.982
21163	1.000	0.846	0.430	0.931	2.678	25.464	1.138	0.089	1.172	2.434	33.748
21183	1.000	0.862	0.428	0.931	3.175	27.678	0.324	-1.192	1.275	3.051	34.164
21203	1.000	0.760	0.541	0.925	3.751	32.136	-0.684	-1.137	1.380	3.718	37.122
21223	1.000	0.902	0.514	0.994	4.304	27.414	-0.450	0.922	1.019	4.453	38.981
21243	1.000	0.930	0.474	0.951	4.699	19.324	-0.351	-0.966	1.031	5.211	38.556
21263	1.000	0.905	0.293	0.959	4.987	14.356	1.123	-0.136	1.160	5.924	35.943
21283	1.000	0.983	0.273	1.064	5.229	12.632	0.586	0.879	1.066	0.351	37.804
21303	1.000	0.970	0.269	0.946	5.453	12.793	-0.070	1.057	1.074	1.095	37.831
21323	1.000	0.997	0.274	1.002	5.709	14.385	-1.191	0.324	1.274	1.801	36.051
21343	1.000	0.841	0.422	0.949	6.047	19.666	0.806	-0.826	1.157	2.454	33.136
21363	1.000	0.772	0.526	0.929	0.273	31.200	-0.558	-0.976	1.233	3.068	33.980
21383	1.000	0.628	0.729	0.941	0.982	39.704	0.329	-0.969	1.007	3.678	33.447
21403	1.000	0.710	0.405	0.863	1.687	36.159	0.148	-1.027	1.027	4.436	38.823
21423	1.000	0.956	0.498	1.089	2.273	28.118	-1.008	0.029	0.994	5.185	38.808
21443	1.000	0.710	0.463	0.917	2.730	25.776	1.223	0.452	1.339	5.900	35.489
21463	1.000	0.798	0.519	0.953	3.241	28.718	-0.224	-1.094	1.160	0.322	37.593
21483	1.000	0.873	0.712	1.162	3.818	32.201	-1.231	0.441	1.360	1.052	38.479
21503	1.000	0.844	0.530	1.019	4.330	27.012	0.404	1.163	1.285	1.706	37.006
21523	1.000	0.955	0.390	1.012	4.732	19.232	-0.418	-1.115	1.255	2.396	33.878
21543	1.000	0.846	0.250	0.912	4.999	13.842	0.687	0.837	1.137	2.979	33.741
21563	1.000	0.873	0.265	0.868	5.289	14.171	-1.141	-0.258	1.216	3.634	36.827
21583	1.000	0.993	0.296	0.989	5.515	12.644	-0.679	-0.836	1.106	4.360	39.073
21603	1.000	0.955	0.325	0.971	5.788	16.066	0.212	-1.009	1.020	5.116	39.333
21623	1.000	0.864	0.448	0.930	6.160	22.621	0.535	1.041	1.241	5.837	35.965
21643	1.000	0.709	0.476	0.839	0.465	33.978	1.010	-0.682	1.270	0.279	37.873
21663	1.000	0.467	0.382	0.619	1.207	40.368	0.728	-0.526	1.010	1.006	38.618
21683	1.000	0.827	0.463	0.931	1.894	33.215	0.992	-0.777	1.341	1.724	36.502
21703	1.000	0.733	0.437	0.894	2.437	26.697	-0.462	-1.359	1.465	2.381	34.054
21723	1.000	0.929	0.482	1.003	2.904	25.490	-1.026	0.522	1.162	2.993	31.325
21743	1.000	0.799	0.510	0.930	3.442	31.256	0.138	1.120	1.149	3.649	36.130
21763	1.000	0.809	0.627	0.992	4.028	30.704	1.294	-0.135	1.360	4.384	38.058
21783	1.000	0.898	0.436	0.995	4.508	22.891	-1.081	-0.170	1.121	5.128	39.160
21803	1.000	0.982	0.308	0.973	4.844	15.291	0.693	-0.864	1.148	5.849	36.611
21823	1.000	0.979	0.271	1.005	5.099	12.289	1.064	0.511	1.229	0.275	37.921
21843	1.000	0.960	0.227	0.952	5.326	11.003	0.431	0.940	1.010	1.009	37.982
21863	1.000	0.951	0.258	0.942	5.564	12.783	-0.816	0.980	1.337	1.726	36.119
21883	1.000	0.900	0.356	0.931	5.851	16.860	-0.568	-1.301	1.465	2.384	33.028
21903	1.000	0.885	0.433	0.961	6.260	24.193	0.134	1.152	1.199	3.023	34.306
21923	1.000	0.715	0.626	0.931	0.592	35.788	0.880	0.791	1.228	3.700	35.454
21943	1.000	0.656	0.563	0.889	1.339	39.514	0.365	1.049	1.166	4.418	38.073
21963	1.000	0.837	0.602	1.025	1.993	31.996	1.077	0.437	1.209	5.160	38.981
21983	1.000	0.844	0.431	0.970	2.510	24.131	-0.323	-1.015	1.061	5.867	36.122
22003	1.000	0.884	0.502	0.919	2.985	26.707	-0.429	1.138	1.268	0.305	37.174
22023	1.000	0.814	0.661	1.075	3.536	31.299	1.067	-0.231	1.098	1.025	38.258
22043	1.000	0.861	0.590	1.105	4.108	30.228	-0.069	-1.121	1.149	1.740	35.376
22063	1.000	0.933	0.384	0.953	4.559	22.087	-0.773	0.894	1.200	2.408	33.915
22083	1.000	0.902	0.372	0.985	4.872	15.501	0.711	-0.877	1.164	3.013	32.528
22103	1.000	1.019	0.267	1.124	5.127	12.208	0.551	0.903	1.087	3.668	36.842
22123	1.000	0.983	0.259	0.996	5.349	11.125	-0.421	1.073	1.217	4.407	38.944
22143	1.000	0.978	0.213	1.006	5.591	12.533	-1.186	0.510	1.346	5.148	39.529
22163	1.000	0.981	0.378	0.861	5.892	16.740	-0.435	-1.051	1.060	5.852	36.298
22183	1.000	0.841	0.531	0.931	0.038	25.484	0.558	1.097	1.274	0.281	38.196
22203	1.000	0.701	0.719	0.988	0.695	37.152	1.076	-0.222	1.120	1.026	37.399
22223	1.000	0.669	0.611	0.915	1.436	38.395	1.097	0.123	1.165	1.746	36.183
22243	1.000	0.852	0.473	0.932	2.063	30.306	1.090	-0.292	1.126	2.410	33.986
22263	1.000	0.801	0.486	0.928	2.562	24.598	-0.056	-1.208	1.259	3.036	31.663
22283	1.000	0.812	0.501	0.934	3.046	26.880	-1.057	0.424	1.174	3.695	37.265
22303	1.000	0.796	0.430	0.918	3.600	31.907	0.614	0.876	1.066	4.424	38.043
22323	1.000	0.897	0.587	1.090	4.186	29.670	0.948	-0.634	1.188	5.166	38.862
22343	1.000	0.854	0.482	0.972	4.614	20.750	-0.784	0.721	1.110	5.872	36.356
22363	1.000	0.941	0.332	0.980	4.923	15.612	-0.218	-1.143	1.216	0.308	37.766
22383	1.000	0.937	0.302	0.957	5.165	13.059	0.745	-0.896	1.201	1.035	38.053
22403	1.000	0.997	0.266	1.010	5.384	11.045	1.145	-0.070	1.111	1.744	36.429
22423	1.000	0.962	0.274	1.006	5.627	12.901	0.006	1.185	1.238	2.408	33.856
22443	1.000	0.834	0.213	0.938	5.943	17.445	-0.528	-0.981	1.155	3.040	33.055
22463	1.000	0.802	0.507	0.936	0.117	27.426	-0.452	1.100	1.230	3.701	36.665
22483	1.000	0.618	0.279	0.697	0.752	38.047	0.296	1.211	1.254	4.399	39.150
22503	1.000	0.722	0.738	1.024	1.539	37.899	-0.087	1.164	1.213	5.163	38.974
22523	1.000	0.876	0.696	1.173	2.123	29.476	0.991	0.433	1.081	5.844	36.545
22543	1.000	0.881	0.476	1.042	2.603	22.676	-0.503	-1.009	1.149	0.268	37.944
22563	1.000	0.862	0.502	0.937	3.088	27.441	0.165	1.010	1.022	1.008	38.113
22583	1.000	0.713	0.553	0.949	3.654	32.079	1.232	-0.116	1.294	1.715	36.043
22603	1.000	0.866	0.571	0.943	4.220	29.423	0.536	-1.296	1.436	2.378	33.414
22623	1.000	0.792	0.392	0.934	4.642	20.829	-0.969	0.548	1.134	3.014	33.161
22643	1.000	0.960	0.357	0.963	4.946	15.352	0.343	-1.162	1.258	3.708	36.516
22663	1.000	0.977	0.294	1.030	5.189	13.166	0.879	-0.477	0.993	4.445	38.979
22683	1.000	0.990	0.299	0.995	5.413	11.607	1.017	-0.122	1.007	5.202	38.395
22703	1.000	0.986	0.257	0.998	5.659	13.219	0.558	1.042	1.209	5.917	36.501
22723	1.000	0.888	0.355	0.931	5.981	17.851	-1.043	0.056	1.065	0.339	37.766
22743	1.000	0.840	0.546	0.949	0.176	28.107	1.145	0.110	1.192	1.080	38.311
22763	1.000	0.515	0.332	0.652	0.844	39.513	0.831	-0.662	1.062	1.779	36.669
22783	1.000	0.597	0.478	0.827	1.591	36.894	1.057	0.282	1.127	2.457	33.235
22803	1.000	0.921	0.593	1.127	2.197	29.523	1.063	0.311	1.110	3.065	34.164
22823	1.000	0.820	0.495	0.924	2.663	25.393	-0.012	-1.243	1.298	3.732	36.216
22843	1.000	0.743	0.504	0.924	3.158	28.186	-0.453	1.026	1.136	4.462	37.713
22863	1.000	0.743	0.664	0.980	3.734	32.501	0.709	0.940	1.220	5.137	37.414
22883	1.000	0.786	0.515	0.931	4.286	27.768	0.598	-0.896	1.076	5.852	36.625
22903	1.000	0.826	0.372	0.898	4.689	19.514	-0.608	1.194	1.385	0.296	38.083
22923	1.000	0.886	0.315	0.926	4.979	14.630	-0.989	-0.334	1.062	1.020	38.281
22943	1.000	0.949	0.301	1.002	5.222	12.381	-0.119	-1.135	1.210	1.740	36.978
22963	1.000	0.993	0.270	0.922	5.447	12.768	1.054	-0.445	1.171	2.405	34.102
22983	1.000	0.976	0.315	0.967	5.700	14.411	-0.165	1.114	1.150	3.030	32.117
23003	1.000	0.917	0.434	0.935	6.041	20.208	-0.321	-1.059	1.130	3.694	37.362
23023	1.000	0.767	0.503	0.944	0.265	29.783	-0.188	0.969	0.975	4.432	38.987
23043	1.000	0.656	0.522	0.873	0.960	39.270	0.511	0.839	0.959	5.186	39.577
23063	1.000	0.672	0.492	0.854	1.686	35.310	0.491	1.254	1.398	5.903	36.676
23083	1.000	0.906	0.461	0.997	2.264	28.018	1.157	0.009	1.193	0.322	37.481
23103	1.000	0.602	0.440	0.928	2.729	25.177	-1.222	-0.488	1.375	1.052	37.631
23123	1.000	0.748	0.496	0.931	3.235	28.553	0.426	0.930	1.053	1.749	36.465
23143	1.000	0.882	0.573	1.051	3.810	31.550	1.043	-0.224	1.060	2.430	34.327
23163	1.000	0.786	0.533	0.939	4.349	26.353	0.453	-1.017	1.132	3.065	32.781
23183	1.000	0.733	0.286	0.985	4.734	18.852	-0.778	0.873	1.198	3.740	36.784
23203	1.000	0.977	0.269	0.996	5.012	13.596	-1.052	-0.687	1.316	4.481	39.053
23223	1.000	0.961	0.275	0.956	5.249	12.564	-0.455	-0.973	1.097	5.219	38.823
23243	1.000	0.949	0.269	1.019	5.476	12.904	0.457	-1.022	1.208	5.937	36.061
23263	1.000	0.930	0.342	0.932	5.737	15.170	1.132	0.161	1.184	0.365	38.593
23283	1.000	0.929	0.421	0.979	6.091	21.156	-0.570	0.909	1.083	1.106	37.354
23303	1.000	0.710	0.369	0.869	0.342	32.475	1.292	0.083	1.390	1.816	36.516
23323	1.000	0.545	0.692	0.894	1.075	40.473	1.076	0.887	1.423	2.470	34.703
23343	1.000	0.699	0.502	0.880	1.767	34.668	0.074	1.121	1.137	3.093	33.240
23363	1.000	0.855	0.547	1.057	2.333	27.524	0.912	0.533	1.053	3.764	37.004
23383	1.000	0.818	0.467	0.941	2.793	25.490	-0.819	-0.786	1.160	4.511	38.442
23403	1.000	0.787	0.530	0.920	3.316	28.543	0.246	1.261	1.336	5.251	38.058
23423	1.000	0.799	0.582	0.962	3.899	30.918	1.064	-0.134	1.094	5.950	35.967
23443	1.000	0.837	0.525	0.931	4.418	25.218	-0.588	-1.213	1.404	0.390	37.212
23463	1.000	0.960	0.391	0.996	4.778	17.263	1.030	0.233	1.057	1.111	37.693
23483	1.000	0.866	0.327	0.937	5.051	12.569	-0.248	1.234	1.327	1.825	35.645
23503	1.000	1.003	0.265	1.024	5.286	10.961	-1.348	-0.253	1.413	2.482	33.791
23523	1.000	0.973	0.292	0.988	5.516	12.639	0.549	-0.973	1.133	3.102	33.548
23543	1.000	0.952	0.369	1.000	5.791	16.280	0.734	0.753	1.055	3.772	37.249
23563	1.000	0.848	0.428	0.928	6.165	22.098	-0.974	0.237	1.009	4.533	39.129
23583	1.000	0.655	0.464	0.820	0.451	33.068	0.846	0.644	1.088	5.286	38.602
23603	1.000	0.349	0.496	0.670	1.198	40.336	0.589	1.170	1.360	5.995	36.771
23623	1.000	0.774	0.436	0.892	1.878	33.474	0.732	0.788	1.153	0.428	38.081
23643	1.000	0.731	0.487	0.881	2.425	26.869	0.637	-0.987	1.230	1.163	38.144
23663	1.000	0.945	0.465	0.981	2.893	25.719	-0.901	0.641	0.929	1.858	36.122
23683	1.000	0.854	0.578	1.015	3.428	31.092	0.663	0.912	1.147	2.523	33.582
23703	1.000	0.879	0.658	1.105	4.008	31.449	0.988	0.777	1.312	3.137	33.865
23723	1.000	0.907	0.480	0.946	4.491	24.227	0.538	-1.129	1.303	3.806	36.816
23743	1.000	0.982	0.337	0.988	4.835	15.735	0.769	0.684	1.013	4.547	38.780
23763	1.000	0.992	0.231	1.114	5.091	12.604	0.004	1.034	1.019	5.303	38.028
23783	1.000	1.020	0.263	0.990	5.320	11.282	-1.065	0.501	1.232	6.010	36.065
23803	1.000	0.944	0.294	0.949	5.558	13.062	-0.918	-0.481	1.025	0.440	37.555
23823	1.000	0.690	0.371	0.931	5.844	16.186	0.243	-1.060	1.105	1.183	38.075
23843	1.000	0.888	0.422	0.961	6.251	24.203	0.187	1.147	1.218	1.888	36.458
23863	1.000	0.720	0.573	0.924	0.589	36.523	0.854	0.807	1.217	2.539	32.923
23883	1.000	0.652	0.586	0.900	1.341	39.341	-0.740	0.925	1.215	3.163	33.932
23903	1.000	0.870	0.564	1.024	1.994	31.169	-0.258	0.970	0.993	3.867	37.601
23923	1.000	0.781	0.438	0.906	2.514	25.002	0.846	-0.579	1.009	4.625	39.364
23943	1.000	0.832	0.521	0.923	2.990	26.718	-0.921	0.573	1.089	5.380	38.711
23963	1.000	0.873	0.657	1.080	3.542	30.452	0.903	0.898	1.332	6.088	36.852
23983	1.000	0.829	0.587	1.076	4.114	30.600	0.767	-0.683	1.025	0.522	38.250
24003	1.000	0.873	0.415	0.953	4.565	21.844	-0.956	0.605	1.132	1.258	38.050
24023	1.000	0.905	0.365	0.938	4.889	15.522	-0.099	-1.078	1.101	1.956	36.029
24043	1.000	0.922	0.315	0.984	5.142	12.501	1.149	0.225	1.214	2.617	33.208
24063	1.000	0.983	0.264	0.931	5.364	11.156	-0.725	1.064	1.354	3.240	34.863
24083	1.000	0.943	0.301	0.990	5.610	12.842	-1.024	-0.282	1.098	3.948	38.319
24103	1.000	0.944	0.337	0.998	5.903	17.076	0.393	-1.131	1.299	4.671	38.528
24123	1.000	0.883	0.477	0.987	0.063	26.300	0.195	1.100	1.142	5.406	38.258
24143	1.000	0.564	0.655	0.857	0.701	37.676	1.015	0.576	1.245	6.125	36.640
24163	1.000	0.696	0.693	0.951	1.447	38.145	0.779	0.798	1.139	0.561	38.885
24183	1.000	0.851	0.443	0.938	2.065	29.786	0.892	-0.468	0.999	1.296	37.959
24203	1.000	0.756	0.444	0.922	2.583	23.623	-0.965	-0.967	1.412	1.999	36.122
24223	1.000	0.874	0.495	0.930	3.068	26.987	-0.446	1.188	1.326	2.643	33.421
24243	1.000	0.810	0.662	1.058	3.634	32.226	0.441	1.135	1.131	3.289	34.068
24263	1.000	0.897	0.537	0.990	4.199	28.862	1.040	-0.181	1.053	3.979	38.380
24283	1.000	0.853	0.463	0.956	4.623	20.972	-0.804	0.590	0.976	4.737	38.754
24303	1.000	0.913	0.317	0.982	4.930	15.713	-0.624	-0.885	1.083	5.479	38.295
24323	1.000	0.968	0.281	0.998	5.174	13.137	0.823	-0.909	1.275	6.182	36.443
24343	1.000	1.031	0.268	0.987	5.397	11.304	0.996	-0.048	1.006	0.623	38.091
24363	1.000	0.971	0.297	0.962	5.640	12.927	0.737	0.940	1.291	1.353	37.331
24383	1.000	0.914	0.401	0.962	5.972	18.126	-0.959	0.567	1.141	2.060	35.866
24403	1.000	0.813	0.473	0.934	0.163	27.997	0.965	0.574	1.203	2.720	32.048
24423	1.000	0.455	0.409	0.636	0.831	39.490	0.737	0.912	1.189	3.356	35.376
24443	1.000	0.597	0.732	0.919	1.554	37.422	0.347	0.936	0.964	4.053	38.556
24463	1.000	0.820	0.501	0.961	2.152	28.845	0.953	-0.417	1.036	4.812	39.270
24483	1.000	0.785	0.488	0.929	2.646	23.873	-1.133	-0.250	1.214	5.548	37.706
24503	1.000	0.789	0.522	0.928	3.135	28.081	0.686	0.767	1.048	6.246	36.714
24523	1.000	0.786	0.567	0.940	3.708	32.162	0.750	-0.840	1.182	0.701	38.288
24543	1.000	0.816	0.542	0.950	4.266	28.135	-1.078	-0.601	1.285	1.425	36.698
24563	1.000	0.911	0.447	0.977	4.677	20.650	1.037	0.819	1.305	2.114	35.445
24583	1.000	0.939	0.355	0.940	4.973	14.738	-1.371	0.069	1.413	2.752	33.687
24603	1.000	0.979	0.305	0.950	5.214	12.987	0.414	-1.018	1.135	3.395	34.384
24623	1.000	0.942	0.294	0.969	5.438	12.471	1.212	-0.030	1.248	4.097	38.723
24643	1.000	0.937	0.342	1.046	5.693	13.502	0.881	0.711	1.171	4.844	38.265
24663	1.000	0.886	0.423	1.018	6.022	19.429	-0.749	0.741	1.050	5.579	37.037
24683	1.000	0.753	0.486	0.888	0.241	30.258	1.228	0.182	1.297	6.280	36.676
24703	1.000	0.605	0.343	0.721	0.950	40.633	0.955	-0.396	1.004	0.733	39.155
24723	1.000	0.664	0.432	0.844	1.687	35.282	1.045	-0.362	1.142	1.468	37.347
24743	1.000	0.918	0.449	1.023	2.267	28.225	0.012	-1.098	1.120	2.160	35.289
24763	1.000	0.814	0.486	0.931	2.734	25.162	-1.102	0.300	1.162	2.806	32.449
24783	1.000	0.789	0.512	0.939	3.241	28.833	0.238	1.070	1.122	3.456	35.881
24803	1.000	0.881	0.714	1.148	3.820	31.869	1.083	-0.272	1.157	4.179	37.853
24823	1.000	0.876	0.562	0.952	4.352	26.327	-0.956	-0.503	1.095	4.929	38.571
24843	1.000	0.848	0.343	0.949	4.732	18.651	1.031	-0.245	1.063	5.673	37.302
24863	1.000	0.984	0.276	0.936	5.012	13.748	0.139	1.215	1.282	0.106	37.310
24883	1.000	0.931	0.271	0.981	5.251	12.291	-0.658	0.792	1.018	0.828	38.625
24903	1.000	0.935	0.275	0.977	5.479	12.916	-1.157	-0.023	1.212	1.557	36.369
24923	1.000	0.913	0.333	0.995	5.742	14.970	-0.154	-1.054	1.077	2.238	35.524
24943	1.000	0.898	0.413	0.932	6.098	21.489	0.287	1.058	1.100	2.879	32.533
24963	1.000	0.595	0.553	0.886	0.354	32.913	1.219	0.270	1.302	3.530	36.296
24983	1.000	0.417	0.613	0.701	1.098	39.608	1.032	0.186	1.048	4.252	38.157
25003	1.000	0.794	0.416	0.913	1.790	34.557	0.927	-0.436	1.008	5.015	39.137
25023	1.000	0.855	0.530	0.958	2.361	27.180	-0.428	-1.008	1.126	5.742	36.640
25043	1.000	0.900	0.477	0.988	2.827	24.865	0.118	1.040	1.040	0.164	37.392
25063	1.000	0.746	0.576	0.903	3.349	30.054	0.673	-0.850	1.106	0.910	37.990
25083	1.000	0.708	0.622	0.921	3.939	31.926	-0.813	-1.048	1.367	1.631	36.531
25103	1.000	0.785	0.426	0.930	4.450	24.412	-0.854	0.977	1.355	2.295	34.656
25123	1.000	0.920	0.320	0.979	4.798	16.040	0.779	-0.906	1.245	2.928	32.704
25143	1.000	0.974	0.279	0.981	5.068	12.927	0.466	1.065	1.222	3.608	34.919
25163	1.000	0.992	0.273	1.004	5.305	11.228	-0.592	0.900	1.100	4.330	38.631
25183	1.000	0.946	0.292	0.951	5.538	12.541	-1.085	0.318	1.177	5.079	39.059
25203	1.000	0.914	0.329	0.950	5.818	16.368	-0.639	-0.944	1.177	5.791	37.279
25223	1.000	0.862	0.461	0.946	6.208	23.196	0.935	0.632	1.141	0.216	37.601
25243	1.000	0.546	0.431	0.739	0.535	35.186	0.685	-1.088	1.349	0.968	38.858
25263	1.000	0.414	0.484	0.623	1.293	40.214	0.817	-0.643	1.040	1.674	37.063
25283	1.000	0.764	0.547	0.918	1.956	32.404	0.716	-0.923	1.211	2.355	34.245
25303	1.000	0.721	0.461	0.879	2.482	26.316	-0.247	-1.115	1.185	2.979	33.041
25323	1.000	0.853	0.465	0.933	2.961	26.611	-1.097	0.521	1.248	3.634	36.698
25343	1.000	0.852	0.411	0.927	3.505	31.181	0.990	0.539	1.170	4.367	39.419
25363	1.000	0.904	0.627	1.097	4.103	30.042	0.347	-0.998	1.060	5.120	39.129
25383	1.000	0.946	0.408	0.996	4.557	21.782	-0.659	0.943	1.200	5.851	36.509
25403	1.000	0.924	0.421	0.961	4.869	15.618	-0.387	-0.970	1.051	0.253	37.459
25423	1.000	0.969	0.277	1.005	5.123	12.539	0.634	-0.852	1.097	0.999	38.441
25443	1.000	0.963	0.273	0.950	5.349	11.388	1.272	0.063	1.330	1.712	36.369
25463	1.000	0.990	0.274	0.977	5.590	12.831	0.024	1.377	1.414	2.378	34.299
25483	1.000	0.931	0.291	1.013	5.892	17.048	-0.587	-0.934	1.100	2.997	32.041
25503	1.000	0.897	0.441	0.922	0.034	25.469	0.006	1.082	1.104	3.657	36.325
25523	1.000	0.707	0.508	0.891	0.670	36.722	1.057	0.478	1.152	4.401	39.808
25543	1.000	0.644	0.586	0.892	1.431	38.664	1.009	0.727	1.306	5.147	39.184
25563	1.000	0.834	0.466	0.930	2.065	30.264	0.992	-0.358	1.030	5.855	36.385
25583	1.000	0.869	0.460	0.932	2.559	24.627	-1.027	-0.689	1.286	0.285	38.111
25603	1.000	0.790	0.490	0.927	3.040	27.518	0.707	0.735	1.018	1.014	38.220
25623	1.000	0.807	0.412	0.913	3.597	31.691	0.599	-0.894	1.092	1.735	36.567
25643	1.000	0.917	0.576	1.104	4.183	29.306	-0.428	-1.114	1.196	2.408	33.878
25663	1.000	0.889	0.448	0.936	4.614	21.072	-0.727	0.934	1.228	3.031	31.761
25683	1.000	0.942	0.329	0.991	4.926	15.398	0.092	-1.083	1.111	3.689	36.420
25703	1.000	0.978	0.261	0.984	5.171	13.405	0.814	-0.530	0.955	4.436	38.777
25723	1.000	0.972	0.307	1.011	5.395	11.304	1.010	-0.151	1.007	5.193	39.012
25743	1.000	0.951	0.295	1.015	5.640	12.942	0.721	1.149	1.408	5.909	36.450
25763	1.000	0.894	0.354	0.946	5.960	18.054	-1.072	0.146	1.094	0.328	37.937
25783	1.000	0.828	0.483	0.938	0.146	27.667	1.272	0.022	1.324	1.063	38.488
25803	1.000	0.442	0.581	0.693	0.815	38.088	0.828	-0.643	1.032	1.758	36.860
25823	1.000	0.637	0.758	0.952	1.552	37.422	1.110	0.103	1.131	2.433	33.667
25843	1.000	0.800	0.477	0.934	2.151	29.670	1.230	0.112	1.271	3.040	33.620
25863	1.000	0.763	0.488	0.923	2.652	24.495	0.091	-1.191	1.247	3.705	37.145
25883	1.000	0.717	0.499	0.903	3.142	27.724	-0.264	0.994	1.012	4.450	39.005
25903	1.000	0.796	0.561	0.946	3.709	31.524	0.944	-0.455	1.053	5.212	39.176
25923	1.000	0.783	0.539	0.993	4.266	28.175	-0.516	-0.967	1.127	5.933	36.436
25943	1.000	0.872	0.374	1.076	4.674	20.592	0.652	0.924	1.156	0.362	38.111
25963	1.000	0.952	0.363	0.966	4.967	15.039	-0.815	0.664	1.048	1.104	38.273
25983	1.000	0.991	0.267	0.997	5.211	12.642	-1.189	-0.730	1.429	1.819	35.912
26003	1.000	1.007	0.276	1.006	5.436	12.434	0.458	-1.305	1.420	2.471	34.189
26023	1.000	0.993	0.272	0.997	5.688	13.526	0.722	0.853	1.139	3.094	32.507
26043	1.000	0.927	0.435	1.005	6.018	18.622	-1.033	-0.151	1.036	3.772	37.162
26063	1.000	0.714	0.482	0.911	0.227	29.517	0.884	0.425	0.985	4.521	39.388
26083	1.000	0.421	0.318	0.529	0.927	40.030	1.131	-0.152	1.194	5.271	38.602
26103	1.000	0.613	0.602	0.888	1.664	35.631	1.111	0.022	1.135	5.972	37.137
26123	1.000	0.823	0.450	0.932	2.240	28.850	0.254	-1.015	1.024	0.419	37.997
26143	1.000	0.900	0.515	1.019	2.715	24.791	-0.833	0.958	1.322	1.150	38.258
26163	1.000	0.869	0.522	0.978	3.218	28.561	1.107	-0.068	1.101	1.844	36.567
26183	1.000	0.825	0.477	0.935	3.798	31.977	0.574	-1.010	1.186	2.503	34.157
26203	1.000	0.849	0.531	0.936	4.346	26.327	-0.435	-1.073	1.192	3.140	32.449
26223	1.000	0.913	0.367	0.952	4.729	19.255	0.015	1.282	1.339	3.807	37.623
26243	1.000	0.987	0.283	1.040	5.012	13.440	-0.921	0.429	1.005	4.547	39.192
26263	1.000	1.019	0.293	0.970	5.248	12.476	-1.036	-0.076	1.034	5.306	38.258
26283	1.000	1.013	0.288	0.966	5.476	12.898	-0.410	-1.089	1.212	6.013	36.325
26303	1.000	0.921	0.349	0.995	5.737	15.101	0.718	-0.759	1.054	0.446	37.510
26323	1.000	0.884	0.402	0.931	6.091	21.700	0.391	1.009	1.095	1.187	37.004
26343	1.000	0.661	0.430	0.867	0.339	31.786	0.745	-0.958	1.259	1.893	36.421
26363	1.000	0.591	0.683	0.916	1.074	39.067	1.086	-0.256	1.142	2.545	33.653
26383	1.000	0.588	0.657	0.903	1.764	34.000	0.954	0.652	1.183	3.174	34.696
26403	1.000	0.925	0.534	0.985	2.329	27.546	0.670	-0.788	1.042	3.879	37.959
26423	1.000	0.905	0.469	0.932	2.796	25.267	-0.583	0.818	0.988	4.642	39.427
26443	1.000	0.819	0.514	0.945	3.320	29.382	0.947	-0.421	1.028	5.395	38.411
26463	1.000	0.843	0.603	1.037	3.907	31.729	-0.075	-1.160	1.158	6.107	36.036
26483	1.000	0.768	0.480	0.926	4.421	25.243	-0.760	0.666	0.999	0.541	38.765
26503	1.000	0.932	0.358	0.994	4.780	17.435	-0.070	-1.075	1.081	1.284	36.808
26523	1.000	0.886	0.142	0.983	5.053	12.911	1.183	-0.110	1.227	1.979	35.437
26543	1.000	0.992	0.268	1.029	5.288	11.566	-0.024	1.134	1.161	2.638	32.832
26563	1.000	0.959	0.297	0.955	5.522	12.961	-1.039	-0.511	1.219	3.267	35.073
26583	1.000	0.963	0.321	0.984	5.802	15.763	0.340	-1.016	1.089	3.981	37.685
26603	1.000	0.838	0.420	0.926	6.182	22.809	0.749	0.661	0.991	4.740	38.966
26623	1.000	0.674	0.581	0.905	0.483	34.940	0.451	-0.965	1.088	5.481	37.751
26643	1.000	0.627	0.456	0.790	1.236	40.094	1.076	-0.671	1.323	6.187	36.816
26663	1.000	0.894	0.683	1.137	1.913	32.670	0.535	-0.845	1.000	0.618	38.242
26683	1.000	0.880	0.527	0.939	2.424	25.797	-1.111	0.238	1.170	1.358	37.736
26703	1.000	0.839	0.478	1.014	2.892	25.653	1.046	0.335	1.108	2.046	35.717
26723	1.000	0.871	0.558	1.023	3.428	30.612	0.605	-0.944	1.127	2.709	33.088
26743	1.000	0.909	0.656	1.147	4.008	31.206	0.133	-1.242	1.303	3.336	35.496
26763	1.000	0.900	0.475	0.954	4.487	24.097	-0.691	0.722	0.994	4.051	38.426
26783	1.000	0.939	0.372	1.002	4.832	16.788	-0.457	-0.940	1.043	4.807	35.432
26803	1.000	0.975	0.258	0.988	5.082	12.373	0.904	-0.848	1.302	5.516	37.956
26823	1.000	0.967	0.231	0.943	5.317	11.038	1.071	0.398	1.173	6.217	37.189
26843	1.000	0.781	0.292	0.957	5.555	12.566	0.332	1.108	1.197	0.658	37.929
26863	1.000	0.836	0.328	0.918	5.857	16.173	-0.884	0.776	1.212	1.414	37.733
26883	1.000	0.867	0.421	0.956	6.246	24.256	0.912	-0.877	1.330	2.083	35.645
26903	1.000	0.645	0.642	0.921	0.598	36.930	0.666	-1.076	1.215	2.729	33.268
26923	1.000	0.629	0.052	0.670	1.276	36.516	1.218	0.038	1.281	3.339	34.995
26943	1.000	0.894	0.669	1.134	1.911	32.923	0.423	-0.900	0.960	4.056	38.564
26963	1.000	0.823	0.504	0.928	2.433	26.109	-0.913	0.448	1.003	4.815	39.317
26983	1.000	0.860	0.508	1.025	2.904	25.969	1.099	-0.302	1.131	5.558	37.578
27003	1.000	0.752	0.548	0.932	3.445	30.949	-0.679	-0.834	1.089	6.262	36.159
27023	1.000	0.806	0.552	0.925	4.033	31.287	-0.861	0.626	1.079	0.719	38.426
27043	1.000	0.873	0.459	0.952	4.519	22.662	1.209	0.034	1.269	1.442	37.392
27063	1.000	0.950	0.352	1.006	4.855	15.846	-0.854	0.750	1.145	2.129	34.960
27083	1.000	0.996	0.275	1.034	5.110	12.581	-0.382	-1.180	1.284	2.778	33.980
27103	1.000	0.973	0.293	0.968	5.337	11.593	1.074	-0.193	1.103	3.430	35.176
27123	1.000	1.005	0.354	0.988	5.579	12.728	0.746	0.718	1.005	4.154	38.213
27143	1.000	0.930	0.360	0.953	5.875	16.807	-0.336	0.999	1.045	4.915	39.121
27163	1.000	0.819	0.449	0.954	0.012	25.167	-0.125	-1.102	1.144	5.650	37.653
27183	1.000	0.558	0.352	0.668	0.638	37.302	-1.020	-0.273	1.049	0.069	37.078
27203	1.000	0.490	0.561	0.735	1.388	38.519	-0.921	-0.528	1.052	0.810	38.827
27223	1.000	0.801	0.676	1.003	2.026	31.200	-1.304	0.228	1.378	1.534	36.960
27243	1.000	0.664	0.461	0.854	2.536	25.833	0.531	1.116	1.306	2.207	35.366
27263	1.000	0.760	0.488	0.944	3.019	26.258	0.947	-0.882	1.358	2.847	33.939
27283	1.000	0.730	0.459	0.899	3.576	31.654	-0.407	-1.056	1.153	3.505	34.718
27303	1.000	0.829	0.507	0.943	4.162	29.855	-1.073	0.070	1.089	4.226	37.857
27323	1.000	0.908	0.428	0.968	4.608	21.114	1.101	-0.064	1.158	4.979	39.482
27343	1.000	0.958	0.348	1.006	4.923	15.915	-0.121	1.151	1.189	5.697	37.429
27363	1.000	0.966	0.263	0.928	5.170	13.376	-1.141	0.223	1.221	0.127	36.864
27383	1.000	0.996	0.280	0.994	5.393	11.065	-1.065	-0.679	1.317	0.857	38.940
27403	1.000	0.902	0.306	0.923	5.640	13.248	0.041	-1.091	1.132	1.569	37.060
27423	1.000	0.899	0.335	1.047	5.963	17.837	1.017	0.485	1.158	2.256	35.317
27443	1.000	0.823	0.487	0.924	0.150	27.946	0.052	-1.098	1.168	2.896	32.272
27463	1.000	0.468	0.429	0.616	0.833	39.632	0.434	-1.093	1.221	3.551	36.414
27483	1.000	0.527	0.514	0.804	1.578	37.504	0.774	-0.936	1.256	4.284	39.561
27503	1.000	0.912	0.526	1.042	2.180	28.856	-0.843	-0.656	1.093	5.030	39.293
27523	1.000	0.822	0.447	0.976	2.672	24.251	0.427	0.982	1.072	5.759	37.152
27543	1.000	0.788	0.508	0.917	3.166	27.824	0.503	-1.059	1.231	0.186	37.221
27563	1.000	0.722	0.583	0.952	3.749	31.676	-0.855	0.047	0.920	0.890	38.388
27583	1.000	0.841	0.479	0.967	4.300	27.245	-0.419	1.030	1.147	1.595	37.041
27603	1.000	0.916	0.431	0.961	4.702	20.261	0.756	-0.968	1.285	2.275	34.898
27623	1.000	0.931	0.310	0.928	4.990	14.650	-0.266	1.063	1.100	2.892	32.897
27643	1.000	0.890	0.350	1.033	5.234	12.624	-0.921	-0.829	1.290	3.534	35.010
27663	1.000	0.932	0.290	0.983	5.458	12.885	-0.220	-1.006	1.036	4.258	39.057
27683	1.000	0.980	0.163	0.957	5.716	14.583	0.488	-0.961	1.084	5.027	39.131
27703	1.000	1.096	0.242	0.962	6.061	20.016	0.678	0.776	1.010	5.752	36.502
27723	1.000	0.723	0.513	0.921	0.298	31.318	0.261	-1.019	1.069	0.170	36.338
27743	1.000	0.438	0.611	0.811	0.999	39.675	0.341	-1.183	1.286	0.877	37.663
27763	1.000	0.748	0.494	0.914	1.706	36.000	0.190	-1.047	1.069	1.588	36.828
27783	1.000	0.983	0.492	1.116	2.292	27.234	-0.977	-0.817	1.329	2.275	34.891
27803	1.000	0.817	0.464	0.927	2.752	25.418	-0.715	0.952	1.221	2.878	32.468
27823	1.000	0.794	0.470	1.012	3.266	28.248	0.741	0.996	1.283	3.522	35.310
27843	1.000	0.745	0.581	0.922	3.858	31.274	0.730	-0.706	1.022	4.254	38.979
27863	1.000	0.795	0.422	0.971	4.390	25.709	-1.002	0.073	1.023	5.018	39.482
27883	1.000	0.977	0.326	1.039	4.758	18.244	0.827	-0.714	1.104	5.751	37.184
27903	1.000	0.983	0.295	1.029	5.036	13.153	0.790	0.827	1.173	0.179	37.653
27923	1.000	0.960	0.240	0.980	5.272	11.910	-0.018	1.073	1.086	0.917	38.692
27943	1.000	0.951	0.250	1.007	5.504	12.334	-1.059	0.606	1.266	1.634	36.692
27963	1.000	0.950	0.303	0.966	5.775	16.263	-0.367	-1.187	1.303	2.301	35.059
27983	1.000	0.857	0.439	0.932	6.145	21.831	0.468	1.184	1.372	2.944	33.748
28003	1.000	0.709	0.655	0.900	0.417	33.775	1.189	-0.093	1.229	3.614	35.838
28023	1.000	0.605	0.674	0.917	1.166	40.595	0.999	0.009	1.002	4.346	39.270
28043	1.000	0.769	0.718	1.003	1.844	34.143	0.662	-0.778	1.001	5.110	39.286
28063	1.000	0.936	0.565	1.069	2.388	27.147	-1.044	-0.535	1.241	5.834	36.574
28083	1.000	0.839	0.434	0.929	2.849	25.644	0.766	0.705	1.033	0.255	37.324
28103	1.000	0.742	0.485	0.921	3.375	30.753	-0.013	-1.113	1.095	1.000	38.442
28123	1.000	0.746	0.425	0.894	3.968	31.920	-1.256	-0.374	1.355	1.717	37.048
28143	1.000	0.874	0.427	0.934	4.479	24.121	-0.260	1.387	1.445	2.379	33.288
28163	1.000	0.952	0.361	1.041	4.821	15.985	-0.090	-1.125	1.158	3.020	34.347
28183	1.000	0.956	0.260	0.981	5.087	12.647	1.189	0.332	1.289	3.715	36.941
28203	1.000	1.007	0.299	1.065	5.317	10.381	0.700	0.748	1.000	4.453	39.176
28223	1.000	0.959	0.317	0.983	5.581	14.595	-0.002	1.050	1.044	5.212	38.616
28243	1.000	0.959	0.343	1.003	5.877	16.750	-1.120	-0.130	1.138	5.933	36.255
28263	1.000	0.864	0.443	0.931	0.021	25.556	1.121	-0.063	1.147	0.362	37.167
28283	1.000	0.526	0.328	0.687	0.647	37.452	0.227	-1.053	1.099	1.100	37.542
28303	1.000	0.790	0.433	0.914	1.335	53.899	0.098	-1.288	1.337	1.807	36.137
28323	1.000	0.792	0.478	0.923	1.980	32.226	-0.244	-1.320	1.394	2.470	34.375
28343	1.000	0.901	0.451	1.016	2.494	25.439	-1.091	-0.219	1.129	3.094	33.094
28363	1.000	0.876	0.486	0.985	2.977	26.020	0.334	1.016	1.083	3.767	37.347
28383	1.000	0.861	0.606	1.040	3.522	31.169	0.689	-0.836	1.088	4.519	39.106
28403	1.000	0.923	0.651	1.135	4.102	30.342	-1.003	-0.558	1.207	5.263	38.464
28423	1.000	0.895	0.405	0.955	4.556	22.445	0.777	0.732	1.070	5.963	35.974
28443	1.000	0.894	0.388	0.976	4.881	15.476	-0.998	0.289	1.042	0.414	37.688
28463	1.000	0.962	0.306	1.020	5.134	12.763	-0.861	-0.963	1.345	1.147	37.880
28483	1.000	0.977	0.250	0.965	5.358	11.705	0.309	-1.130	1.169	1.839	35.753
28503	1.000	0.974	0.267	0.980	5.604	12.544	1.143	0.319	1.240	2.497	33.427
28523	1.000	0.973	0.338	1.005	5.903	16.763	-1.092	0.444	1.223	3.134	33.281
28543	1.000	0.779	0.567	0.965	0.052	25.694	1.291	0.235	1.371	3.813	36.838
28563	1.000	0.699	0.730	0.989	0.696	36.830	0.381	-0.955	1.029	4.550	39.466
28583	1.000	0.656	0.651	0.922	1.439	39.176	0.184	-1.017	1.038	5.306	38.456
28603	1.000	0.817	0.454	0.927	2.065	30.673	-0.529	-1.033	1.200	6.018	36.501
28623	1.000	0.826	0.488	0.947	2.569	24.766	-0.337	0.974	1.012	0.446	38.235
28643	1.000	0.799	0.503	0.933	3.057	26.643	0.630	-0.771	0.990	1.190	37.990
28663	1.000	0.821	0.577	0.971	3.617	32.162	-1.015	-0.699	1.295	1.898	36.216
28683	1.000	0.910	0.608	1.121	4.191	29.786	-1.149	0.289	1.225	2.540	32.496
28703	1.000	0.845	0.452	0.964	4.616	20.721	0.762	0.923	1.222	3.157	33.546
28723	1.000	1.201	0.214	1.034	4.926	15.640	-0.968	0.226	0.968	3.869	38.127
28743	1.000	0.966	0.278	0.943	5.171	13.350	-0.885	-0.446	0.973	4.628	38.866
28763	1.000	0.977	0.309	1.024	5.395	11.329	-0.619	-0.835	1.047	5.380	38.487
28783	1.000	0.971	0.290	0.970	5.640	13.280	0.729	-1.044	1.324	6.085	37.172
28803	1.000	0.912	0.348	0.986	5.964	17.891	0.669	0.730	0.998	0.522	38.558
28823	1.000	0.825	0.459	0.954	0.146	28.538	-0.638	-1.049	1.276	1.256	37.804
28843	1.000	0.384	0.498	0.625	0.821	39.467	-0.982	-0.493	1.129	1.948	35.803
28863	1.000	0.586	0.696	0.913	1.557	36.494	-0.323	-1.133	1.227	2.608	33.653
28883	1.000	0.827	0.462	0.913	2.155	28.873	-0.337	-1.232	1.329	3.224	33.468
28903	1.000	0.818	0.473	0.919	2.658	24.534	-1.202	0.497	1.351	3.910	37.152
28923	1.000	0.750	0.563	0.928	3.155	27.584	1.026	-0.167	1.027	4.643	38.319
28943	1.000	0.799	0.705	1.058	3.732	31.701	-0.707	-0.805	1.076	5.400	37.842
28963	1.000	0.878	0.487	1.036	4.281	27.551	-0.861	0.729	1.117	6.116	36.443
28983	1.000	0.903	0.416	1.063	4.673	20.506	0.866	-0.670	1.109	0.522	37.340
29003	1.000	0.909	0.333	0.952	4.970	14.776	0.714	1.039	1.332	1.250	38.081
29023	1.000	0.947	0.261	0.984	5.222	12.666	-0.372	1.018	1.094	1.962	35.849
29043	1.000	0.929	0.342	1.002	5.441	13.129	-1.062	-0.541	1.233	2.602	32.759
29063	1.000	0.984	0.316	1.031	5.691	13.526	1.103	-0.511	1.267	3.221	34.347
29083	1.000	0.917	0.437	0.952	6.042	19.631	-0.328	1.002	1.062	3.942	38.342
29103	1.000	0.764	0.512	0.916	0.270	31.419	0.844	-0.793	1.203	4.689	39.420
29123	1.000	0.564	0.709	0.925	0.986	39.270	0.376	-1.175	1.275	5.423	38.564
29143	1.000	0.626	0.523	0.836	1.669	35.324	0.690	-1.144	1.395	6.102	36.860
29163	1.000	0.851	0.433	0.930	2.250	28.885	-0.777	-0.649	1.003	0.531	38.749
29183	1.000	0.839	0.471	0.978	2.724	24.563	0.630	0.926	1.118	1.269	37.952
29203	1.000	0.857	0.517	0.991	3.231	27.891	0.149	-1.052	1.067	1.962	36.480
29223	1.000	0.851	0.581	1.020	3.807	32.298	-0.785	-0.880	1.207	2.628	33.528
29243	1.000	0.864	0.539	0.950	4.346	25.771	-1.266	-0.201	1.348	3.251	33.748
29263	1.000	0.935	0.374	1.018	4.731	18.976	1.020	-0.125	1.037	3.952	38.258
29283	1.000	0.991	0.281	1.013	5.012	13.959	0.494	0.844	0.961	4.706	38.935
29303	1.000	0.959	0.276	0.995	5.251	12.272	-0.416	1.131	1.270	5.447	38.258
29323	1.000	0.956	0.297	1.006	5.479	12.879	-1.018	0.277	1.056	6.144	36.250
29343	1.000	0.911	0.326	0.965	5.745	15.476	-0.532	-1.070	1.252	0.589	37.718
29363	1.000	0.896	0.421	0.912	6.104	21.857	1.047	-0.132	1.074	1.308	37.865
29383	1.000	0.757	0.430	0.883	0.367	32.768	-0.412	-1.148	1.285	2.016	35.859
29403	1.000	0.378	0.470	0.616	1.108	39.380	0.680	-1.252	1.460	2.665	33.535
29423	1.000	0.802	0.550	0.946	1.801	34.238	1.037	-0.264	1.067	3.290	34.272
29443	1.000	0.722	0.517	0.893	2.364	26.869	0.086	-1.107	1.134	3.987	38.136
29463	1.000	0.892	0.466	0.977	2.826	24.816	0.120	1.015	1.025	4.743	39.215
29483	1.000	0.740	0.559	0.932	3.347	30.066	0.441	-0.959	1.058	5.486	38.050
29503	1.000	0.705	0.573	0.937	3.933	31.748	-0.814	-0.834	1.219	6.200	36.320
29523	1.000	0.801	0.486	0.913	4.445	25.157	0.016	0.991	0.970	0.635	38.564
29543	1.000	0.933	0.373	0.987	4.801	16.355	-0.870	-0.535	1.031	1.384	37.979
29563	1.000	0.982	0.293	0.957	5.068	12.632	0.702	-0.991	1.269	2.075	34.948
29583	1.000	0.984	0.244	1.020	5.306	11.246	0.636	0.893	1.150	2.709	32.904
29603	1.000	0.942	0.237	0.977	5.539	12.569	-1.275	0.105	1.345	3.336	35.169
29623	1.000	0.940	0.344	0.972	5.823	16.303	-0.194	-0.996	0.997	4.048	38.672
29643	1.000	0.929	0.421	0.939	6.217	23.014	0.850	0.517	1.006	4.803	39.680
29663	1.000	0.548	0.469	0.736	0.535	35.165	0.623	-1.132	1.353	5.535	37.015
29683	1.000	0.434	0.589	0.728	1.285	39.537	0.941	-0.532	1.082	6.226	36.392
29703	1.000	0.758	0.624	0.915	1.947	32.906	0.671	-1.011	1.323	0.672	38.757
29723	1.000	0.670	0.374	0.879	2.491	26.392	-1.150	0.182	1.213	1.414	37.414
29743	1.000	0.789	0.433	0.930	2.964	27.360	1.073	0.741	1.374	2.109	34.444
29763	1.000	0.814	0.447	0.905	3.491	30.048	0.788	-0.841	1.166	2.730	33.721
29783	1.000	0.891	0.588	1.062	4.087	30.563	0.286	-1.029	1.072	3.396	34.863
29803	1.000	0.828	0.426	0.927	4.545	22.468	-1.111	0.623	1.340	4.103	39.088
29823	1.000	0.882	0.388	0.986	4.877	15.730	-0.458	-1.027	1.158	4.846	39.146
29843	1.000	0.996	0.319	0.972	5.130	12.501	0.445	-0.921	1.226	5.581	37.110
29863	1.000	0.938	0.119	1.004	5.355	11.700	1.253	0.063	1.312	0.012	36.641
29883	1.000	0.988	0.272	1.028	5.602	12.464	0.641	0.827	1.008	0.732	38.091
29903	1.000	0.945	0.327	0.947	5.903	17.071	-0.880	0.692	1.144	1.462	36.662
29923	1.000	0.891	0.444	0.951	0.060	26.238	0.928	-0.509	1.121	2.145	34.530
29943	1.000	0.516	0.541	0.820	0.707	38.142	0.901	-0.696	1.143	2.792	32.533
29963	1.000	0.632	0.753	0.945	1.456	38.411	0.897	0.912	1.333	3.425	35.369
29983	1.000	0.881	0.397	0.931	2.069	30.294	1.006	-0.231	1.017	4.145	38.564
30003	1.000	0.806	0.480	0.881	2.591	24.918	-0.881	-0.474	1.036	4.900	39.138
30023	1.000	0.810	0.469	0.927	3.079	27.513	0.759	1.032	1.325	5.630	37.287
30043	1.000	0.749	0.599	0.974	3.648	31.455	0.833	-0.653	1.066	0.034	37.250
30063	1.000	0.846	0.557	0.980	4.211	29.488	-0.802	-1.018	1.357	0.770	37.743
30083	1.000	1.092	0.344	1.229	4.570	42.433	1.077	0.149	1.102	1.480	37.429
30103	1.000	0.908	0.405	0.992	4.884	15.764	-0.734	0.962	1.262	2.171	34.946
30123	1.000	0.966	0.311	1.038	5.137	12.819	-0.230	-1.129	1.189	2.787	33.189
30143	1.000	0.964	0.226	0.967	5.364	11.436	1.227	0.270	1.314	3.424	35.094
30163	1.000	0.991	0.273	1.053	5.611	12.252	0.373	0.968	1.062	4.146	38.066
30183	1.000	0.897	0.299	0.958	5.912	17.102	-0.818	0.650	1.031	4.903	39.482
30203	1.000	0.839	0.514	0.990	0.077	26.713	0.876	-0.861	1.279	5.634	37.827
30223	1.000	0.488	0.533	0.465	0.723	38.189	-0.068	-1.064	1.051	0.048	36.879
30243	1.000	0.567	0.650	0.890	1.470	37.646	0.378	-1.184	1.281	0.779	37.646
30263	1.000	0.901	0.511	1.038	2.083	30.373	-0.849	-0.679	1.096	1.489	36.823
30283	1.000	0.917	0.404	1.004	2.592	23.403	-0.447	1.281	1.407	2.191	34.843
30303	1.000	0.866	0.509	0.931	3.071	26.923	1.129	-0.166	1.180	2.827	33.925
30323	1.000	0.857	0.716	1.125	3.631	31.375	0.385	-0.984	1.055	3.494	34.458
30343	1.000	0.935	0.587	1.101	4.191	29.283	-0.945	-0.493	1.073	4.211	38.426
30363	1.000	0.876	0.427	0.932	4.619	21.144	1.224	0.392	1.357	4.956	38.304
30383	1.000	0.967	0.347	0.936	4.932	15.732	-0.404	0.987	1.073	5.673	37.105
30403	1.000	0.951	0.284	0.997	5.177	13.424	-1.330	-0.243	1.402	0.109	36.086
30423	1.000	0.891	0.343	1.008	5.400	11.345	-0.759	-0.694	1.009	0.828	38.541
30443	1.000	0.870	0.291	0.898	5.647	13.243	0.249	-1.065	1.124	1.559	37.324
30463	1.000	0.912	0.393	0.981	5.969	17.632	0.783	0.754	1.090	2.237	34.562
30483	1.000	0.818	0.508	0.925	0.160	28.897	0.331	-1.048	1.161	2.876	32.330
30503	1.000	0.480	0.313	0.605	0.841	39.396	0.897	-0.853	1.278	3.520	36.231
30523	1.000	0.622	0.532	0.815	1.592	36.202	0.827	-0.594	1.028	4.252	39.270
30543	1.000	0.956	0.613	1.166	2.192	29.265	-0.632	-0.764	0.974	5.018	39.028
30563	1.000	0.805	0.514	0.945	2.658	24.397	0.398	0.939	1.033	5.751	36.997
30583	1.000	0.763	0.514	0.915	3.148	27.918	0.258	-1.067	1.121	0.173	36.458
30603	1.000	0.832	0.684	1.085	3.723	32.220	-1.028	0.116	1.048	0.919	38.971
30623	1.000	0.796	0.531	0.932	4.275	28.231	0.202	1.123	1.175	1.640	36.830
30643	1.000	1.061	0.378	0.986	4.680	20.216	-0.038	-1.181	1.215	2.312	34.919
30663	1.000	0.950	0.355	0.925	4.975	15.048	0.729	1.109	1.416	2.954	33.401
30683	1.000	0.974	0.282	0.960	5.217	12.711	-1.129	0.572	1.300	3.628	36.582
30703	1.000	0.956	0.307	1.029	5.439	12.750	-1.049	-0.079	1.057	4.355	38.951
30723	1.000	0.965	0.314	0.991	5.693	13.845	-0.780	-0.700	1.048	5.119	39.593
30743	1.000	0.943	0.392	1.145	6.032	19.232	1.015	-0.459	1.147	5.844	36.327
30763	1.000	0.758	0.465	0.917	0.255	31.034	-1.014	-0.338	1.071	0.262	38.033
30783	1.000	0.591	0.720	0.923	0.985	39.577	-1.069	0.179	1.108	1.029	38.533
30803	1.000	0.698	0.408	0.854	1.692	35.824	-1.070	0.104	1.100	1.736	36.363
30823	1.000	0.962	0.470	1.075	2.273	27.617	-0.749	0.898	1.252	2.402	34.061
30843	1.000	0.766	0.475	0.926	2.727	25.182	1.109	0.317	1.185	3.020	34.694
30863	1.000	0.857	0.531	0.998	3.234	28.464	0.089	-1.247	1.300	3.712	35.503
30883	1.000	0.870	0.643	1.090	3.815	32.283	-1.029	0.173	1.007	4.447	38.501
30903	1.000	0.818	0.512	0.937	4.353	26.464	0.900	0.475	1.007	5.208	38.631
30923	1.000	0.921	0.399	0.952	4.735	18.844	-1.092	-0.069	1.121	5.937	37.088
30943	1.000	0.995	0.297	1.051	5.015	13.702	0.109	-1.145	1.179	0.367	37.838
30963	1.000	0.936	0.256	0.953	5.255	12.499	0.748	-0.678	1.003	1.111	38.319
30983	1.000	0.985	0.287	0.948	5.486	12.678	1.123	0.430	1.273	1.815	35.645
31003	1.000	0.931	0.321	0.931	5.755	15.925	-0.851	1.099	1.427	2.474	33.454
31023	1.000	0.931	0.457	0.958	6.122	21.571	0.795	-0.736	1.105	3.089	33.589
31043	1.000	0.797	0.546	0.935	0.383	32.246	-0.547	-0.879	1.071	3.766	37.130
31063	1.000	0.420	0.343	0.530	1.124	40.668	-0.650	-0.768	1.002	4.519	39.648
31083	1.000	0.704	0.612	0.920	1.848	33.324	-0.968	-0.384	1.026	5.291	38.329
31103	1.000	0.937	0.469	1.152	2.378	26.601	-0.137	1.125	1.166	5.976	36.838
31123	1.000	0.813	0.461	0.928	2.833	26.363	0.443	-0.909	0.992	0.423	38.319
31143	1.000	0.760	0.529	0.918	3.361	30.198	-1.230	0.188	1.279	1.158	38.128
31163	1.000	0.711	0.502	0.890	3.950	31.856	-0.051	1.134	1.182	1.852	35.532
31183	1.000	0.821	0.484	0.935	4.465	24.836	1.114	0.018	1.125	2.510	33.421
31203	1.000	0.904	0.202	0.932	4.812	16.037	-1.169	-0.353	1.280	3.131	33.535
31223	1.000	0.979	0.252	1.003	5.076	12.378	0.806	-0.866	1.235	3.798	36.774
31243	1.000	0.980	0.228	0.986	5.311	11.027	0.984	-0.259	1.013	4.548	38.388
31263	1.000	0.962	0.295	0.973	5.547	12.543	1.019	0.199	1.056	5.306	38.456
31283	1.000	0.988	0.381	0.977	5.832	16.260	-0.378	1.090	1.208	6.016	36.429
31303	1.000	0.880	0.406	0.992	6.229	24.078	-0.331	-0.972	1.018	0.453	38.189
31323	1.000	0.562	0.346	0.688	0.548	36.187	-0.957	0.353	1.024	1.192	37.295
31343	1.000	0.520	0.350	0.672	1.313	39.090	-1.315	-0.300	1.393	1.907	36.313
31363	1.000	0.816	0.421	0.920	1.979	31.237	-1.194	-0.391	1.308	2.553	34.048
31383	1.000	0.884	0.444	1.029	2.496	25.434	-0.736	0.874	1.179	3.197	33.401
31403	1.000	0.876	0.503	0.998	2.970	26.306	1.066	-0.098	1.096	3.886	37.929
31423	1.000	0.847	0.547	0.980	3.517	31.400	-0.725	-0.681	0.960	4.633	39.088
31443	1.000	0.882	0.628	1.139	4.106	30.018	-0.520	0.897	1.042	5.387	38.556
31463	1.000	0.930	0.397	0.988	4.562	21.852	1.186	-0.607	1.388	6.102	36.852
31483	1.000	0.962	0.356	1.013	4.883	15.575	0.043	1.036	1.043	0.532	38.610
31503	1.000	0.935	0.309	1.004	5.136	12.745	-0.803	0.669	1.120	1.273	37.835
31523	1.000	0.972	0.232	0.983	5.360	11.152	-1.064	-0.195	1.092	1.968	36.863
31543	1.000	1.095	0.448	0.921	5.607	12.844	0.420	-1.036	1.146	2.637	32.501
31563	1.000	0.925	0.353	0.930	5.917	16.823	0.007	1.097	1.207	3.263	34.034
31583	1.000	0.882	0.497	0.998	0.075	26.718	0.030	-1.028	1.020	3.976	38.757
31603	1.000	0.498	0.488	0.786	0.726	36.960	-0.995	-0.123	0.986	4.738	39.317
31623	1.000	0.466	0.674	0.793	1.468	37.774	-1.046	-0.256	1.094	5.482	38.111
31643	1.000	0.928	0.556	1.086	2.089	30.198	-1.124	0.566	1.314	6.185	36.305
31663	1.000	0.795	0.459	0.930	2.594	24.722	0.962	0.351	1.021	0.621	38.098
31683	1.000	0.821	0.490	0.927	3.085	26.960	-0.736	-0.962	1.242	1.351	37.683
31703	1.000	0.681	0.579	0.931	3.652	32.188	-0.925	0.678	1.167	2.036	35.859
31723	1.000	0.858	0.571	0.960	4.225	29.382	-0.214	1.205	1.257	2.684	32.443
31743	1.000	0.874	0.440	0.964	4.648	20.829	1.096	-0.726	1.371	3.341	35.003
31763	1.000	0.949	0.356	0.999	4.950	15.656	0.351	0.961	1.007	4.048	37.668
31783	1.000	0.976	0.293	1.015	5.186	13.507	-0.401	0.971	1.045	4.804	39.380
31803	1.000	0.973	0.308	0.983	5.409	11.596	-1.111	0.613	1.335	5.538	37.444
31823	1.000	0.970	0.302	0.980	5.657	13.304	-0.791	-0.702	1.079	6.231	36.729
31843	1.000	0.914	0.395	0.987	5.983	18.163	1.110	-0.581	1.298	0.680	38.388
31863	1.000	0.841	0.510	0.945	0.181	29.583	-0.973	0.380	1.043	1.396	37.097
31883	1.000	0.586	0.571	0.852	0.867	39.836	-1.136	0.745	1.360	2.100	35.461
31903	1.000	0.669	0.477	0.827	1.600	36.137	-1.143	-0.379	1.248	2.738	33.687
