--- Terminal on /dev/ttyUSB0 | 115200 8-N-1
--- Available filters and text transformations: colorize, debug, default, direct, esp32_exception_decoder, hexlify, log2file, nocontrol, printable, send_on_enter, time
--- More details at https://bit.ly/pio-monitor-filters
--- Quit: Ctrl+C | Menu: Ctrl+T | Help: Ctrl+T followed by Ctrl+H
MOT: Init
MOT: Enable driver.
MOT: Align sensor.
MOT: sensor_direction==CW
MOT: PP check: OK!
MOT: Zero elec. angle: 4.08
MOT: Align current sense.
CS: Inv B
MOT: Success: 3
MOT: Ready.
MOT: Monitor enabled!
ESP32-DRV: Configuring 3PWM in group: 1 on timer: 0
ESP32-DRV: Configuring 2 operators.
ESP32-DRV: Configuring 3 comparators.
ESP32-DRV: Configuring 3 generators.
ESP32-DRV: Configuring center-aligned pwm.
ESP32-DRV: Enabling timer: 0
ESP32-DRV: MCPWM configured!
MOT: Init
MOT: Enable driver.
MOT: Align sensor.
MOT: sensor_direction==CW
MOT: PP check: OK!
MOT: Zero elec. angle: 0.85
MOT: Align current sense.
CS: Inv B
MOT: Success: 3
MOT: Ready.
0	0.000	-0.120	0.020	0.122	3.942	0.008	-0.175	0.032	0.177	4.791	0.040
16724	0.000	0.011	0.035	0.036	3.899	-2.145	-0.006	0.013	0.026	4.702	-3.996
16744	0.000	0.018	0.001	0.113	3.893	0.312	0.004	0.017	0.020	4.691	0.624
16764	0.000	0.008	-0.002	0.029	3.895	-0.935	-0.028	-0.033	0.015	4.706	-0.312
16784	0.000	-0.005	0.032	0.011	3.896	-0.311	0.020	-0.013	0.029	4.682	-0.934
16804	0.000	-0.004	0.026	0.032	3.889	0.312	-0.016	-0.042	0.046	4.688	0.312
16824	0.000	-0.011	0.036	0.024	3.892	-0.274	0.009	-0.031	0.029	4.689	0.274
16844	0.000	-0.000	0.034	0.007	3.893	0.312	0.006	-0.043	0.037	4.691	0.000
16864	0.000	0.003	0.021	0.018	3.893	0.312	0.005	-0.020	0.021	4.692	0.312
16884	0.000	-0.074	-0.114	0.013	3.895	0.312	0.002	0.040	0.031	4.694	0.312
16904	0.000	-0.003	0.031	0.012	3.895	0.624	-0.005	0.001	0.015	4.703	0.312
16924	0.000	0.004	0.003	0.042	3.889	-0.310	0.025	-0.006	0.029	4.683	-0.620
16944	0.000	-0.015	0.002	0.028	3.859	-0.937	-0.020	0.000	0.017	4.694	0.625
16964	0.000	0.012	0.015	0.018	3.820	-1.532	0.010	-0.002	0.007	4.688	0.306
16984	0.000	0.011	0.007	0.008	3.815	-0.614	-0.007	0.009	0.009	4.740	2.455
17004	0.000	0.016	0.021	0.028	3.817	-0.307	-0.029	-0.014	0.034	4.732	-0.920
17024	0.000	-0.012	-0.004	0.021	3.815	-0.307	0.015	0.009	0.020	4.720	-0.307
17044	0.000	0.042	0.034	0.017	3.775	-1.534	-0.069	-0.055	0.023	4.723	0.000
17064	0.000	-0.017	-0.009	0.027	3.763	-0.711	0.021	0.008	0.018	4.706	-1.421
17084	0.000	-0.005	0.013	0.012	3.772	0.922	-0.006	-0.013	0.008	4.722	1.536
17104	0.000	0.001	0.010	0.009	3.767	0.000	-0.010	0.022	0.043	4.720	-1.534
17124	0.000	-0.028	0.000	0.015	3.764	-0.304	0.098	-0.048	0.026	4.714	0.304
17144	0.000	-0.010	-0.012	0.023	3.764	0.000	-0.030	-0.000	0.030	4.714	0.302
17164	0.000	-0.004	-0.011	0.025	3.760	0.312	-0.014	-0.009	0.093	4.722	0.625
17184	0.000	-0.008	-0.020	0.065	3.760	0.000	-0.026	-0.002	0.029	4.720	0.000
17204	0.000	0.140	-0.099	0.007	3.752	-0.625	-0.090	-0.080	0.048	4.720	0.000
17224	0.000	0.090	-0.062	0.028	3.746	0.312	0.022	-0.000	0.022	4.720	-0.312
17244	0.000	-0.010	-0.005	0.020	3.749	0.623	-0.020	0.005	0.027	4.722	-0.312
17264	0.000	-0.008	0.004	0.012	3.738	-0.624	0.028	-0.031	0.011	4.715	-0.624
17284	0.000	-0.025	-0.012	0.020	3.715	-1.642	-0.011	-0.001	0.011	4.719	-0.273
17304	0.000	-0.032	0.009	0.008	3.651	-3.375	-0.010	0.040	0.038	4.726	0.614
17324	0.000	0.000	-0.037	0.021	3.579	-2.495	0.010	0.026	0.018	4.725	0.312
17344	0.000	0.031	-0.012	0.021	3.586	0.935	-0.091	-0.075	0.020	4.717	0.000
17364	0.000	0.008	-0.021	0.024	3.596	0.312	0.008	0.026	0.029	4.717	-0.624
17384	0.000	-0.016	-0.010	0.047	3.611	0.000	0.000	-0.024	0.026	4.725	0.624
17404	0.000	0.009	-0.022	0.030	3.616	1.248	0.020	0.038	0.045	4.726	0.936
17424	0.000	-0.023	-0.009	0.023	3.613	-0.312	0.026	-0.021	0.025	4.708	-0.623
17444	0.000	-0.007	-0.013	0.020	3.613	-0.546	-0.013	0.021	0.089	4.714	0.273
17464	0.000	-0.001	-0.045	0.023	3.614	0.624	0.028	0.038	0.052	4.712	0.312
17484	0.000	0.035	-0.073	0.024	3.616	1.248	0.036	0.012	0.032	4.732	0.624
17504	0.000	0.008	-0.009	0.006	3.609	-0.312	-0.014	-0.019	0.026	4.705	-0.624
17524	0.000	-0.025	-0.017	0.017	3.613	0.000	0.000	0.075	0.031	4.715	0.311
17544	0.000	-0.005	-0.004	0.038	3.617	-0.607	-0.004	-0.005	0.029	4.715	-0.304
17564	0.000	0.160	0.102	0.034	3.573	-1.913	0.007	-0.038	0.023	4.720	0.820
17584	0.000	0.035	-0.036	0.047	3.582	0.624	0.008	0.013	0.027	4.714	0.000
17604	0.000	0.006	0.012	0.086	3.590	0.000	0.007	0.032	0.030	4.719	0.312
17624	0.000	0.002	-0.025	0.102	3.586	0.000	-0.018	0.027	0.029	4.714	0.312
17644	0.000	0.011	0.004	0.026	3.585	0.937	0.058	0.011	0.057	4.715	-0.312
17664	0.000	0.048	-0.077	0.055	3.586	0.624	-0.089	-0.081	0.007	4.714	-0.312
17684	0.000	-0.024	-0.018	0.023	3.596	0.000	-0.020	0.034	0.029	4.719	-0.312
17704	0.000	0.010	-0.020	0.028	3.593	0.312	-0.005	0.036	0.116	4.715	-0.312
17724	0.000	-0.001	-0.013	0.028	3.591	-0.623	-0.006	-0.020	0.020	4.711	-0.312
17744	0.000	-0.021	0.005	0.042	3.623	0.911	0.007	-0.024	0.028	4.711	-0.607
17764	0.000	-0.003	-0.011	0.029	3.608	0.273	0.003	-0.027	0.021	4.740	0.546
17784	0.000	-0.009	0.004	0.032	3.617	0.624	0.017	-0.037	0.035	4.723	-0.312
17804	0.000	-0.000	-0.021	0.029	3.666	0.920	0.020	-0.014	0.028	4.732	0.614
17824	0.000	-0.022	-0.024	0.016	3.616	-3.058	0.001	-0.016	0.026	4.728	0.000
17844	0.000	0.004	-0.002	0.027	3.600	0.000	-0.002	0.014	0.017	4.728	0.312
17864	0.000	0.027	-0.006	0.084	3.620	0.610	-0.003	0.023	0.018	4.726	0.608
17884	0.000	0.041	0.017	0.020	3.613	-0.312	-0.006	0.020	0.022	4.728	0.000
17904	0.000	-0.000	-0.039	0.014	3.614	-1.219	-0.002	-0.024	0.024	4.726	0.000
17924	0.000	-0.006	-0.007	0.019	3.537	-3.707	-0.035	-0.031	0.022	4.725	-0.308
17944	0.000	0.006	-0.006	0.023	3.562	2.770	-0.006	0.012	0.015	4.726	0.309
17964	0.000	0.002	-0.029	0.007	3.599	1.093	0.008	-0.003	0.011	4.725	0.000
17984	0.000	-0.006	-0.036	0.004	3.593	-1.249	0.014	-0.003	0.011	4.726	0.312
18004	0.000	0.002	-0.028	0.118	3.631	0.614	-0.007	0.017	0.030	4.723	0.000
18024	0.000	-0.012	-0.033	0.013	3.616	-0.620	0.000	-0.019	0.009	4.715	0.000
18044	0.000	-0.022	-0.014	0.013	3.620	0.000	-0.045	-0.004	0.050	4.719	0.000
18064	0.000	0.003	-0.034	0.008	3.619	0.624	0.011	0.013	0.126	4.725	0.000
18084	0.000	0.002	-0.018	0.027	3.616	0.312	0.005	-0.023	0.022	4.720	0.000
18104	0.000	0.040	0.072	0.007	3.611	-0.936	0.000	0.035	0.030	4.720	0.312
18124	0.000	-0.002	-0.044	0.047	3.619	0.611	-0.031	-0.106	0.021	4.720	-0.609
18144	0.000	0.093	0.120	0.013	3.613	0.000	0.012	-0.023	0.024	4.722	-0.624
18164	0.000	-0.029	0.001	0.048	3.619	-0.302	0.018	0.017	0.107	4.720	-0.907
18184	0.000	-0.026	-0.033	0.048	3.628	1.219	0.006	-0.029	0.023	4.722	0.000
18204	0.000	0.008	-0.021	0.197	3.608	-0.312	-0.008	0.034	0.029	4.719	0.000
18224	0.000	-0.020	-0.016	0.007	3.636	1.534	-0.024	0.012	0.025	4.723	0.000
18244	0.000	0.110	0.117	0.026	3.609	-1.093	0.018	-0.018	0.028	4.722	0.273
18264	0.000	0.008	-0.032	0.007	3.614	0.000	-0.070	0.124	0.026	4.722	0.000
18284	0.000	-0.007	-0.035	0.007	3.617	0.625	0.002	0.020	0.025	4.722	-0.312
18304	0.000	-0.095	0.133	0.029	3.623	1.863	-0.035	-0.004	0.036	4.719	-0.619
18324	0.000	0.006	-0.030	0.008	3.611	-1.545	0.003	0.015	0.116	4.720	-0.620
18344	0.000	-0.069	-0.004	0.072	3.616	-0.308	0.000	0.028	0.017	4.722	-0.308
18364	0.000	-0.024	-0.002	0.026	3.548	-2.461	0.019	-0.090	0.042	4.717	-0.546
18384	0.000	-0.010	-0.026	0.016	3.557	1.841	-0.009	-0.007	0.017	4.717	0.000
18404	0.000	0.013	-0.040	0.107	3.585	1.248	0.015	-0.001	0.021	4.720	0.312
18424	0.000	-0.003	-0.019	0.005	3.583	0.000	-0.004	-0.022	0.022	4.719	0.312
18444	0.000	-0.023	-0.017	0.020	3.593	0.623	0.029	0.031	0.051	4.720	-0.623
18464	0.000	-0.009	-0.016	0.028	3.583	-0.624	-0.004	0.040	0.044	4.726	0.312
18484	0.000	0.014	0.010	0.036	3.583	0.000	-0.003	0.033	0.036	4.715	-0.936
18504	0.000	-0.091	-0.095	0.022	3.585	0.312	0.000	0.055	0.026	4.731	0.000
18524	0.000	0.013	0.007	0.042	3.585	0.000	-0.010	-0.003	0.002	4.728	0.273
18544	0.000	0.005	-0.011	0.013	3.588	0.000	-0.017	0.019	0.021	4.723	-0.624
18564	0.000	0.004	-0.046	0.028	3.568	-0.624	0.002	0.025	0.029	4.743	0.624
18584	0.000	0.012	0.007	0.033	3.582	0.312	0.013	0.025	0.028	4.735	0.312
18604	0.000	0.010	-0.087	0.025	3.579	0.312	-0.011	-0.018	0.014	4.737	0.935
18624	0.000	-0.002	-0.026	0.028	3.580	0.000	-0.005	0.009	0.010	4.731	0.000
18644	0.000	-0.000	-0.022	0.029	3.579	-0.311	-0.059	-0.021	0.113	4.732	0.000
18664	0.000	-0.033	-0.094	0.061	3.590	0.273	0.010	-0.026	0.025	4.729	-0.546
18684	0.000	0.025	-0.007	0.116	3.602	0.312	-0.009	0.018	0.010	4.729	0.624
18704	0.000	0.018	-0.011	0.043	3.603	-0.312	-0.004	0.030	0.039	4.726	0.312
18724	0.000	0.002	-0.031	0.010	3.605	-0.312	0.010	0.013	0.015	4.726	-0.312
18744	0.000	-0.166	-0.258	0.046	3.605	0.000	0.006	0.004	0.036	4.726	0.000
18764	0.000	0.002	-0.014	0.021	3.613	-0.623	0.026	-0.020	0.037	4.726	0.311
18784	0.000	-0.017	-0.019	0.017	3.614	0.312	0.005	0.030	0.048	4.722	-0.312
18804	0.000	-0.018	-0.020	0.028	3.609	0.273	0.036	0.022	0.049	4.720	-0.820
18824	0.000	-0.006	-0.005	0.026	3.614	-0.927	-0.014	0.034	0.029	4.726	0.928
18844	0.000	-0.084	-0.167	0.024	3.616	0.000	0.008	0.006	0.022	4.714	0.312
18864	0.000	0.004	-0.017	0.027	3.614	-0.623	0.013	-0.011	0.027	4.717	0.000
18884	0.000	0.004	-0.017	0.028	3.625	-0.613	0.021	-0.023	0.110	4.717	0.000
18904	0.000	-0.032	0.043	0.038	3.617	-0.605	-0.012	-0.074	0.028	4.723	0.304
18924	0.000	0.010	-0.026	0.034	3.619	0.620	0.004	0.006	0.011	4.715	0.000
18944	0.000	-0.007	0.001	0.036	3.619	0.309	0.009	-0.021	0.026	4.720	-0.618
18964	0.000	0.013	-0.018	0.034	3.617	0.312	0.002	-0.020	0.015	4.720	0.000
18984	0.000	0.021	-0.001	0.042	3.616	0.000	-0.004	0.033	0.032	4.719	-0.312
19004	0.000	-0.046	0.029	0.007	3.619	0.000	-0.004	0.002	0.008	4.720	0.614
19024	0.000	0.010	-0.005	0.010	3.619	0.000	-0.011	0.011	0.021	4.722	0.000
19044	0.000	0.017	-0.016	0.018	3.609	0.000	-0.008	0.033	0.021	4.726	0.935
19064	0.000	0.032	-0.039	0.029	3.609	-0.936	-0.029	0.011	0.027	4.725	-0.312
19084	0.000	-0.031	0.002	0.009	3.616	0.000	0.000	0.001	0.007	4.723	-0.312
19104	0.000	0.045	-0.067	0.016	3.613	0.000	-0.028	0.023	0.043	4.725	-0.546
19124	0.000	-0.007	-0.018	0.026	3.616	0.000	-0.001	0.031	0.029	4.726	0.312
19144	0.000	0.011	0.001	0.043	3.614	0.312	-0.004	0.028	0.024	4.725	-0.312
19164	0.000	0.054	-0.077	0.027	3.617	-0.308	-0.013	-0.019	0.062	4.722	0.309
19184	0.000	0.075	-0.029	0.057	3.616	0.000	-0.009	0.031	0.047	4.719	0.312
19204	0.000	0.022	-0.011	0.023	3.619	-0.612	0.007	-0.025	0.021	4.723	-0.615
19224	0.000	0.012	-0.001	0.006	3.614	-0.621	-0.027	-0.000	0.015	4.725	-0.311
19244	0.000	-0.043	-0.029	0.056	3.620	0.302	0.054	-0.005	0.052	4.720	-0.301
19264	0.000	-0.036	-0.016	0.020	3.613	0.623	0.010	0.040	0.054	4.714	0.623
19284	0.000	0.033	-0.051	0.083	3.614	0.000	-0.014	0.002	0.012	4.719	0.546
19304	0.000	-0.001	0.002	0.038	3.613	-1.525	0.016	0.000	0.086	4.719	0.306
19324	0.000	0.006	-0.037	0.007	3.622	1.860	-0.020	0.022	0.035	4.712	0.000
19344	0.000	-0.004	-0.042	0.004	3.611	-0.625	-0.003	-0.016	0.009	4.720	-0.312
19364	0.000	0.012	-0.004	0.045	3.614	-0.915	-0.002	0.030	0.027	4.717	-0.612
19384	0.000	0.006	-0.032	0.008	3.616	0.000	0.063	0.029	0.075	4.717	-0.273
19404	0.000	-0.030	-0.053	0.010	3.600	-1.561	0.006	-0.003	0.015	4.719	0.624
19424	0.000	0.010	-0.035	0.021	3.603	0.312	0.045	0.006	0.172	4.720	-0.312
19444	0.000	0.004	-0.016	0.028	3.620	-0.306	-0.006	-0.022	0.023	4.722	0.917
19464	0.000	0.042	0.015	0.024	3.613	0.000	-0.004	-0.019	0.014	4.719	0.000
19484	0.000	0.013	-0.020	0.022	3.620	0.307	0.003	0.030	0.015	4.717	-0.613
19504	0.000	0.016	-0.012	0.027	3.613	0.312	0.044	0.047	0.061	4.722	0.624
19524	0.000	0.005	-0.030	0.009	3.614	-0.312	-0.012	0.001	0.013	4.720	0.624
19544	0.000	0.006	-0.016	0.023	3.620	0.545	0.086	0.164	0.015	4.714	-0.272
19564	0.000	0.043	-0.033	0.044	3.616	0.000	0.008	0.018	0.011	4.720	-0.312
19584	0.000	0.000	-0.006	0.021	3.614	-0.933	-0.004	-0.019	0.021	4.717	0.312
19604	0.000	0.012	-0.017	0.015	3.616	1.247	-0.020	0.007	0.014	4.720	0.000
19624	0.000	-0.020	-0.023	0.016	3.614	0.273	-0.084	0.006	0.087	4.714	-0.820
19644	0.000	-0.006	-0.009	0.115	3.620	1.561	-0.031	-0.024	0.017	4.725	-0.935
19664	0.000	0.021	0.003	0.051	3.616	0.000	0.014	0.007	0.025	4.717	0.312
19684	0.000	0.004	-0.012	0.038	3.600	-0.623	0.016	-0.006	0.024	4.717	-0.312
19704	-1.000	-0.004	-0.036	0.006	3.616	0.546	0.003	-0.020	0.015	4.709	-0.273
19724	-1.000	-0.459	0.302	0.590	3.054	-40.569	1.213	-0.251	1.291	4.123	-38.974
19744	-1.000	-0.618	0.562	0.862	2.258	-42.181	0.732	-0.709	1.001	3.390	-40.752
19764	-1.000	-0.716	0.511	0.893	1.526	-36.949	0.937	-0.175	0.962	2.569	-43.449
19784	-1.000	-0.850	0.539	0.968	0.911	-30.312	-0.475	0.916	1.031	1.773	-41.037
19804	-1.000	-0.568	0.481	0.823	0.319	-34.299	-0.799	-0.956	1.300	0.988	-39.199
19824	-1.000	-0.367	0.304	0.472	5.769	-46.918	-1.108	-0.376	1.204	0.235	-38.808
19844	-1.000	-0.201	0.357	0.465	4.809	-50.204	0.434	1.170	1.303	5.746	-40.730
19864	-1.000	-0.595	0.779	0.951	3.967	-41.789	1.149	0.267	1.229	5.001	-37.325
19884	-1.000	-0.640	0.462	0.823	3.224	-39.654	1.006	0.171	1.021	4.272	-38.250
19904	-1.000	-0.291	0.488	0.649	2.416	-42.653	0.909	-0.402	0.987	3.508	-39.974
19924	-1.000	-0.556	0.606	0.895	1.658	-37.078	1.193	-0.133	1.267	2.691	-43.215
19944	-1.000	-0.873	0.592	0.928	1.062	-31.076	-0.163	1.162	1.227	1.924	-41.500
19964	-1.000	-0.732	0.626	0.927	0.453	-32.690	-1.063	-0.464	1.217	1.154	-40.360
19984	-1.000	-0.279	0.138	0.330	5.996	-44.605	-0.964	-0.853	1.348	0.407	-39.263
20004	-1.000	-0.120	0.071	0.148	5.016	-50.658	0.082	1.221	1.268	5.929	-41.524
20024	-1.000	-0.268	0.485	0.615	4.123	-43.654	1.221	-0.085	1.304	5.183	-39.152
20044	-1.000	-0.478	0.594	0.691	3.372	-39.380	1.078	-0.366	1.073	4.453	-37.392
20064	-1.000	-0.365	0.259	0.464	2.571	-42.329	0.803	-0.613	1.002	3.697	-39.780
20084	-1.000	-0.634	0.416	0.786	1.813	-39.106	0.774	-0.540	0.932	2.919	-41.343
20104	-1.000	-0.837	0.394	0.923	1.157	-31.824	0.637	0.905	1.123	2.089	-41.004
20124	-1.000	-0.827	0.468	0.930	0.575	-31.024	-1.013	-0.201	0.986	1.315	-40.578
20144	-1.000	-0.519	0.619	0.838	6.145	-41.731	-0.473	-0.900	1.014	0.546	-39.200
20164	-1.000	-0.111	-0.037	0.116	5.214	-50.806	-0.895	0.672	1.147	6.052	-40.489
20184	-1.000	-0.326	0.290	0.460	4.283	-45.315	0.945	0.736	1.248	5.278	-39.403
20204	-1.000	-0.666	0.564	0.893	3.508	-39.302	1.013	0.194	1.023	4.556	-38.144
20224	-1.000	-0.588	0.681	0.912	2.723	-41.542	1.014	-0.249	1.054	3.801	-39.317
20244	-1.000	-0.318	0.445	0.689	1.937	-41.094	0.895	-0.276	0.930	3.013	-42.516
20264	-1.000	-0.724	0.467	0.884	1.264	-33.147	0.439	0.862	0.942	2.187	-42.662
20284	-1.000	-0.847	0.530	0.966	0.667	-30.606	-0.949	-0.281	0.983	1.405	-40.690
20304	-1.000	-0.440	0.530	0.727	0.035	-38.296	0.109	-1.034	1.023	0.660	-39.387
20324	-1.000	-0.094	-0.075	0.116	5.412	-49.741	-1.011	-0.261	1.047	6.170	-39.521
20344	-1.000	-0.321	0.347	0.496	4.453	-47.411	0.136	1.042	1.049	5.401	-39.974
20364	-1.000	-0.479	0.627	0.837	3.663	-39.427	0.675	0.737	0.994	4.653	-37.959
20384	-1.000	-0.463	0.638	0.852	2.911	-41.774	0.954	0.596	1.179	3.910	-39.223
20404	-1.000	-0.385	0.421	0.579	2.108	-41.154	0.963	0.274	0.988	3.126	-41.566
20424	-1.000	-0.586	0.580	1.101	1.401	-34.177	0.370	1.096	1.199	2.306	-43.159
20444	-1.000	-0.864	0.689	1.179	0.822	-29.881	-0.964	-0.426	1.091	1.529	-40.649
20464	-1.000	-0.663	0.221	0.783	0.192	-35.631	0.415	-1.107	1.238	0.772	-39.844
20484	-1.000	-0.205	0.053	0.225	5.588	-48.790	-1.031	-0.690	1.339	0.017	-38.979
20504	-1.000	-0.346	0.553	0.688	4.626	-48.577	0.192	1.241	1.320	5.545	-40.328
20524	-1.000	-0.472	0.629	0.790	3.843	-39.992	0.776	0.670	1.024	4.844	-37.973
20544	-1.000	-0.446	0.618	0.684	3.096	-40.432	1.018	0.459	1.149	4.105	-37.789
20564	-1.000	-0.472	0.284	0.547	2.286	-41.822	1.127	-0.173	1.071	3.338	-40.817
20584	-1.000	-0.673	0.423	0.838	1.537	-36.713	0.833	0.519	0.957	2.531	-43.241
20604	-1.000	-0.825	0.629	1.098	0.919	-30.217	-0.834	0.703	1.124	1.723	-41.626
20624	-1.000	-0.575	0.633	0.907	0.333	-33.865	-0.190	-1.116	1.177	0.960	-40.184
20644	-1.000	-0.182	0.037	0.194	5.805	-46.993	-0.717	-0.870	1.173	0.206	-40.070
20664	-1.000	-0.169	0.187	0.253	4.827	-50.476	-0.146	1.059	1.083	5.723	-40.935
20684	-1.000	-0.615	0.708	0.927	3.973	-41.747	1.266	0.512	1.414	4.979	-37.861
20704	-1.000	-0.644	0.444	0.816	3.226	-39.286	0.986	0.287	1.016	4.266	-38.495
20724	-1.000	-0.347	0.562	0.653	2.413	-41.599	0.964	-0.234	0.983	3.499	-40.142
20744	-1.000	-0.581	0.688	0.876	1.663	-38.020	1.143	0.037	1.187	2.681	-43.302
20764	-1.000	-0.859	0.537	1.000	1.054	-31.287	-0.577	0.848	1.017	1.882	-40.796
20784	-1.000	-0.811	0.567	0.956	0.471	-31.691	-0.572	-0.878	1.073	1.132	-39.890
20804	-1.000	-0.206	0.171	0.307	6.004	-44.468	-0.336	-1.016	1.119	0.373	-38.487
20824	-1.000	-0.066	-0.029	0.074	5.035	-49.891	-0.648	0.675	1.110	5.890	-40.344
20844	-1.000	-0.387	0.647	0.748	4.143	-43.898	0.833	0.674	1.069	5.136	-38.885
20864	-1.000	-0.654	0.725	0.879	3.390	-38.935	1.076	0.508	1.251	4.401	-38.426
20884	-1.000	-0.382	0.579	0.781	2.611	-41.822	1.200	0.057	1.241	3.659	-39.583
20904	-1.000	-0.448	0.468	0.682	1.835	-39.616	1.049	0.034	1.074	2.856	-42.158
20924	-1.000	-0.780	0.515	0.897	1.181	-31.990	-0.249	1.033	1.075	2.056	-42.044
20944	-1.000	-0.772	0.449	0.917	0.591	-31.505	-0.985	-0.780	1.321	1.262	-39.419
20964	-1.000	-0.425	0.268	0.470	6.197	-40.906	0.083	-1.025	1.026	0.545	-39.591
20984	-1.000	-0.098	0.091	0.105	5.248	-51.459	-1.077	0.285	1.133	6.050	-40.440
21004	-1.000	-0.197	0.691	0.708	4.320	-45.827	0.574	1.047	1.251	5.278	-39.020
21024	-1.000	-0.462	0.510	0.725	3.559	-38.974	0.769	0.711	1.067	4.554	-38.151
21044	-1.000	-0.305	0.369	0.432	2.781	-42.577	1.034	0.374	1.115	3.804	-39.616
21064	-1.000	-0.574	0.702	0.915	1.976	-41.045	0.932	0.161	0.929	3.010	-42.372
21084	-1.000	-0.838	0.737	1.136	1.302	-32.840	-0.157	0.903	0.924	2.181	-42.662
21104	-1.000	-0.816	0.575	0.932	0.729	-30.881	-0.509	-0.919	1.062	1.390	-40.617
21124	-1.000	-0.627	0.420	0.783	0.089	-37.579	0.964	-0.632	1.179	0.618	-40.076
21144	-1.000	-0.181	0.262	0.335	5.461	-50.989	-0.559	-1.029	1.217	6.136	-40.546
21164	-1.000	-0.364	0.299	0.480	4.544	-47.085	-0.857	0.597	1.036	5.392	-39.069
21184	-1.000	-0.498	0.551	0.707	3.740	-39.630	0.055	1.006	1.014	4.663	-37.711
21204	-1.000	-0.396	0.525	0.636	2.981	-39.951	0.408	1.090	1.232	3.922	-39.121
21224	-1.000	-0.561	0.497	0.793	2.177	-42.006	0.901	0.690	1.181	3.148	-40.706
21244	-1.000	-0.647	0.541	0.875	1.457	-35.489	-0.191	1.001	1.005	2.338	-42.832
21264	-1.000	-0.851	0.553	0.984	0.857	-29.688	-0.880	-0.714	1.178	1.536	-40.837
21284	-1.000	-0.593	0.626	0.818	0.242	-35.617	0.854	-0.868	1.287	0.773	-38.994
21304	-1.000	-0.317	0.194	0.406	5.682	-49.186	-0.170	-1.274	1.345	0.029	-40.263
21324	-1.000	-0.125	0.120	0.102	4.769	-44.628	-1.305	0.266	1.385	5.547	-39.696
21344	-1.000	-0.437	0.520	0.837	3.925	-40.449	-0.338	1.032	1.108	4.824	-38.602
21364	-1.000	-0.429	0.421	0.653	3.175	-40.158	-0.208	0.977	0.990	4.077	-38.800
21384	-1.000	-0.286	0.368	0.466	2.396	-42.531	0.194	1.003	0.991	3.326	-40.916
21404	-1.000	-0.618	0.534	0.817	1.641	-36.705	-0.244	1.152	1.206	2.503	-43.052
21424	-1.000	-0.875	0.694	1.183	1.019	-30.503	-0.872	-0.530	1.005	1.713	-41.179
21444	-1.000	-0.650	0.537	0.913	0.433	-33.028	0.897	-0.418	1.003	0.945	-40.126
21464	-1.000	-0.270	0.421	0.462	5.929	-44.990	0.880	-0.612	1.080	0.190	-39.230
21484	-1.000	-0.121	0.292	0.337	4.969	-49.454	-0.900	-0.537	1.042	5.699	-40.296
21504	-1.000	-0.460	0.337	0.581	4.096	-43.314	-0.640	0.938	1.148	4.955	-38.518
21524	-1.000	-0.622	0.316	0.727	3.336	-39.396	-0.140	1.300	1.371	4.220	-38.043
21544	-1.000	-0.360	0.565	0.724	2.522	-43.120	0.536	0.971	1.140	3.473	-40.158
21564	-1.000	-0.521	0.601	0.771	1.750	-38.800	0.265	0.960	1.011	2.661	-43.000
21584	-1.000	-0.896	0.736	1.178	1.115	-31.568	-1.073	-0.095	1.071	1.856	-40.424
21604	-1.000	-0.710	0.512	0.925	0.538	-31.780	0.750	-1.017	1.323	1.081	-40.336
21624	-1.000	-0.265	0.332	0.456	6.114	-42.117	1.107	-0.271	1.181	0.334	-39.293
21644	-1.000	-0.103	0.142	0.149	5.157	-51.614	-0.766	-0.925	1.255	5.843	-41.168
21664	-1.000	-0.395	0.370	0.572	4.272	-45.126	-0.785	0.700	1.055	5.119	-38.570
21684	-1.000	-0.621	0.745	0.940	3.499	-39.012	-0.244	1.118	1.184	4.381	-38.251
21704	-1.000	-0.577	0.699	0.918	2.721	-41.401	0.140	1.173	1.245	3.634	-40.086
21724	-1.000	-0.359	0.465	0.621	1.939	-40.192	0.056	0.947	0.932	2.836	-41.880
21744	-1.000	-0.732	0.472	0.877	1.266	-33.280	-1.185	0.406	1.306	2.025	-42.183
21764	-1.000	-0.811	0.566	0.962	0.669	-31.455	0.055	-1.148	1.199	1.255	-40.609
21784	-1.000	-0.517	0.234	0.589	0.005	-39.325	1.150	-0.476	1.298	0.515	-38.796
21804	-1.000	-0.154	0.150	0.202	5.352	-50.058	-0.747	-0.966	1.270	6.036	-40.668
21824	-1.000	-0.261	0.613	0.654	4.415	-46.902	-0.693	1.031	1.301	5.275	-39.466
21844	-1.000	-0.504	0.461	0.704	3.640	-38.220	-0.189	1.040	1.025	4.550	-37.914
21864	-1.000	-0.417	0.592	0.711	2.895	-40.473	0.305	1.124	1.222	3.826	-39.145
21884	-1.000	-0.478	0.323	0.608	2.095	-41.666	0.501	0.729	0.928	3.043	-42.380
21904	-1.000	-0.644	0.611	0.901	1.382	-33.953	-0.446	1.084	1.208	2.224	-42.823
21924	-1.000	-0.805	0.514	0.910	0.796	-30.562	-0.705	-0.972	1.243	1.439	-40.474
21944	-1.000	-0.722	0.683	0.962	0.158	-36.640	0.921	-0.722	1.218	0.689	-39.693
21964	-1.000	-0.254	0.252	0.395	5.579	-50.224	-0.268	-1.211	1.294	6.220	-40.336
21984	-1.000	-0.373	0.526	0.678	4.622	-48.024	-0.940	0.900	1.355	5.461	-39.127
22004	-1.000	-0.564	0.405	0.704	3.817	-39.286	-0.142	1.040	1.049	4.731	-38.434
22024	-1.000	-0.455	0.257	0.552	3.056	-40.312	0.096	1.029	1.060	3.979	-39.036
22044	-1.000	-0.370	0.568	0.652	2.232	-42.653	0.640	0.887	1.102	3.189	-41.542
22064	-1.000	-0.755	0.695	1.007	1.508	-37.618	-0.340	0.810	0.918	2.364	-46.166
22084	-1.000	-0.925	0.716	1.202	0.931	-30.169	-0.447	-0.869	0.962	1.595	-41.459
22104	-1.000	-0.678	0.610	0.924	0.351	-34.361	1.084	0.132	1.121	0.819	-39.788
22124	-1.000	-0.232	0.317	0.324	5.831	-47.199	1.061	-0.142	1.091	0.052	-40.142
22144	-1.000	-0.041	0.278	0.318	4.870	-49.533	-0.758	-1.000	1.307	5.556	-39.286
22164	-1.000	-0.468	0.385	0.586	4.010	-42.645	-1.038	0.361	1.126	4.820	-38.564
22184	-1.000	-0.494	0.404	0.664	3.254	-39.043	-0.877	0.411	0.945	4.077	-38.800
22204	-1.000	-0.593	0.593	0.870	2.444	-42.141	-0.713	0.710	1.000	3.297	-41.152
22224	-1.000	-0.675	0.741	0.976	1.687	-37.876	-0.881	0.446	0.954	2.465	-41.641
22244	-1.000	-0.801	0.453	0.916	1.068	-30.875	0.106	-1.049	1.065	1.674	-40.955
22264	-1.000	-0.749	0.655	0.945	0.457	-32.722	1.174	0.278	1.265	0.902	-39.772
22284	-1.000	-0.253	0.321	0.364	6.010	-43.193	0.733	0.764	1.058	0.152	-40.190
22304	-1.000	-0.072	0.047	0.105	5.051	-50.675	0.318	-1.207	1.293	5.651	-40.849
22324	-1.000	-0.526	0.729	0.919	4.154	-43.933	-1.126	-0.213	1.173	4.915	-38.372
22344	-1.000	-0.710	0.554	0.907	3.407	-38.862	-1.037	-0.056	1.039	4.172	-38.035
22364	-1.000	-0.397	0.629	0.716	2.614	-42.031	-0.966	0.140	0.953	3.404	-41.020
22384	-1.000	-0.547	0.720	0.901	1.862	-39.887	-1.122	-0.029	1.151	2.609	-43.000
22404	-1.000	-0.876	0.749	1.182	1.215	-31.888	0.153	-0.996	0.979	1.802	-40.682
22424	-1.000	-0.697	0.548	0.929	0.644	-31.299	0.682	0.809	1.086	1.037	-40.102
22444	-1.000	-0.623	0.370	0.759	6.272	-40.426	-0.445	0.924	1.016	0.281	-40.210
22464	-1.000	-0.058	-0.090	0.088	5.332	-50.818	0.856	0.471	0.953	5.786	-41.048
22484	-1.000	-0.159	0.241	0.352	4.390	-46.438	0.064	-1.060	1.051	5.027	-38.618
22504	-1.000	-0.684	0.556	0.899	3.605	-38.754	-0.627	-0.839	1.036	4.281	-38.357
22524	-1.000	-0.627	0.562	0.871	2.826	-41.839	-0.722	-0.649	0.968	3.525	-40.408
22544	-1.000	-0.369	0.465	0.657	2.025	-40.611	-0.692	-0.731	1.006	2.714	-43.276
22564	-1.000	-0.777	0.456	0.915	1.339	-33.274	0.488	-0.864	0.971	1.896	-41.805
22584	-1.000	-0.863	0.570	0.981	0.738	-30.216	0.396	0.902	0.978	1.115	-40.200
22604	-1.000	-0.519	0.327	0.673	0.112	-37.326	-0.963	0.370	1.027	0.351	-39.681
22624	-1.000	-0.187	0.064	0.218	5.490	-50.034	0.223	1.097	1.153	5.851	-39.756
22644	-1.000	-0.435	0.538	0.719	4.534	-47.861	0.934	-0.338	0.965	5.148	-36.603
22664	-1.000	-0.536	0.670	0.917	3.771	-40.116	-0.421	-1.025	1.135	4.436	-37.164
22684	-1.000	-0.658	0.537	0.887	3.022	-39.356	-0.208	-1.013	1.015	3.678	-39.559
22704	-1.000	-0.319	0.353	0.503	2.207	-41.774	-0.524	-0.884	1.047	2.862	-43.003
22724	-1.000	-0.672	0.686	0.929	1.480	-35.073	0.493	-0.917	1.034	2.059	-41.434
22744	-1.000	-0.796	0.511	0.911	0.888	-29.795	0.832	0.939	1.309	1.264	-39.752
22764	-1.000	-0.607	0.631	0.916	0.253	-35.781	-0.733	0.916	1.221	0.520	-39.955
22784	-1.000	-0.190	-0.038	0.159	5.702	-48.329	-0.019	1.144	1.171	6.045	-40.585
22804	-1.000	-0.315	0.393	0.518	4.717	-49.701	0.861	-0.847	1.257	5.278	-39.788
22824	-1.000	-0.600	0.589	0.881	3.892	-41.187	-0.254	-1.012	1.042	4.548	-38.068
22844	-1.000	-0.556	0.371	0.690	3.135	-40.224	-0.247	-0.967	0.989	3.792	-39.543
22864	-1.000	-0.299	0.529	0.559	2.312	-41.956	-0.708	-0.822	1.092	2.988	-42.466
22884	-1.000	-0.739	0.722	1.016	1.595	-36.173	-0.144	-1.124	1.189	2.198	-41.699
22904	-1.000	-0.750	0.508	0.932	0.992	-30.857	1.021	0.294	1.069	1.425	-40.633
22924	-1.000	-0.742	0.496	0.911	0.380	-33.953	-0.461	0.922	1.045	0.666	-39.458
22944	-1.000	-0.328	0.428	0.528	5.838	-46.531	-0.322	0.933	0.962	6.168	-40.320
22964	-1.000	-0.156	0.142	0.228	4.919	-50.786	0.994	-0.039	1.006	5.418	-40.174
22984	-1.000	-0.431	0.684	0.814	4.050	-42.874	-0.086	-1.098	1.105	4.674	-38.220
23004	-1.000	-0.670	0.661	0.931	3.306	-37.876	-0.204	-1.229	1.301	3.939	-39.005
23024	-1.000	-0.255	0.467	0.576	2.511	-43.409	-0.727	-1.049	1.333	3.163	-40.747
23044	-1.000	-0.514	0.448	0.744	1.741	-39.176	0.006	-0.900	0.920	2.356	-43.052
23064	-1.000	-0.808	0.665	0.994	1.100	-31.362	1.226	-0.039	1.269	1.557	-40.935
23084	-1.000	-0.799	0.582	0.932	0.518	-30.306	-0.518	1.100	1.319	0.796	-38.885
23104	-1.000	-0.411	0.186	0.464	6.084	-42.308	-0.940	0.506	1.079	0.055	-40.090
23124	-1.000	-0.163	0.010	0.183	5.113	-51.133	1.157	0.532	1.321	5.553	-39.184
23144	-1.000	-0.197	0.276	0.395	4.205	-44.774	0.251	-1.080	1.131	4.820	-38.948
23164	-1.000	-0.626	0.315	0.693	3.438	-38.878	-0.122	-1.004	1.001	4.073	-38.571
23184	-1.000	-0.529	0.659	0.881	2.629	-42.035	-0.305	-0.967	1.008	3.295	-41.251
23204	-1.000	-0.507	0.675	0.850	1.853	-38.955	-0.014	-0.971	0.981	2.459	-43.181
23224	-1.000	-0.797	0.679	1.020	1.204	-32.709	1.136	0.006	1.166	1.663	-41.195
23244	-1.000	-0.810	0.608	0.977	0.646	-31.772	-0.632	0.821	1.035	0.922	-39.296
23264	-1.000	-0.522	0.623	0.853	6.236	-39.675	-1.183	-0.122	1.240	0.132	-40.762
23284	-1.000	-0.098	-0.167	0.193	5.314	-51.347	-0.125	1.287	1.346	5.648	-40.963
23304	-1.000	-0.337	0.249	0.440	4.370	-45.324	1.009	-0.533	1.184	4.915	-38.349
23324	-1.000	-0.598	0.685	0.919	3.582	-38.831	0.451	-0.914	1.008	4.169	-38.885
23344	-1.000	-0.509	0.661	0.849	2.815	-42.306	0.522	-0.860	0.980	3.395	-40.272
23364	-1.000	-0.413	0.514	0.677	2.043	-41.509	0.499	-1.065	1.211	2.599	-42.338
23384	-1.000	-0.705	0.451	0.886	1.358	-34.048	0.984	0.148	0.960	1.805	-41.310
23404	-1.000	-0.890	0.555	1.047	0.755	-30.729	-0.572	0.834	0.989	1.031	-40.319
23424	-1.000	-0.479	0.511	0.721	0.135	-37.653	-0.809	-0.562	0.985	0.278	-40.276
23444	-1.000	-0.117	0.141	0.245	5.532	-50.561	-0.910	0.324	0.939	5.785	-40.722
23464	-1.000	-0.077	0.284	0.233	4.585	-48.908	0.787	0.683	1.054	5.022	-38.672
23484	-1.000	-0.592	0.765	0.952	3.769	-39.907	1.004	-0.265	1.015	4.274	-38.587
23504	-1.000	-0.621	0.531	0.853	3.027	-40.641	0.965	-0.107	0.951	3.514	-39.943
23524	-1.000	-0.325	0.452	0.506	2.212	-42.594	1.136	-0.283	1.207	2.695	-43.626
23544	-1.000	-0.698	0.750	1.005	1.488	-35.610	0.739	0.629	0.965	1.894	-41.956
23564	-1.000	-0.770	0.526	0.926	0.904	-30.162	-0.993	0.195	1.007	1.114	-40.682
23584	-1.000	-0.688	0.468	0.864	0.284	-35.293	-0.104	-1.054	1.064	0.350	-38.831
23604	-1.000	-0.170	0.408	0.449	5.732	-46.642	-0.667	-0.909	1.163	5.854	-41.020
23624	-1.000	0.027	0.054	0.165	4.778	-49.434	-0.404	1.090	1.213	5.100	-38.265
23644	-1.000	-0.358	0.490	0.615	3.932	-41.641	0.837	0.626	1.047	4.363	-38.388
23664	-1.000	-0.397	0.547	0.704	3.174	-39.860	0.807	0.622	1.005	3.596	-40.078
23684	-1.000	-0.450	0.325	0.568	2.375	-42.789	1.046	0.537	1.229	2.792	-42.279
23704	-1.000	-0.691	0.592	0.917	1.615	-36.952	0.464	0.888	1.005	1.982	-42.019
23724	-1.000	-0.801	0.584	0.929	0.996	-30.612	-1.010	0.177	1.027	1.203	-40.674
23744	-1.000	-0.690	0.491	0.857	0.413	-32.658	0.363	-1.061	1.157	0.433	-39.389
23764	-1.000	-0.126	-0.121	0.206	5.906	-46.326	0.136	-1.097	1.126	5.950	-40.190
23784	-1.000	-0.096	0.015	0.113	4.930	-51.040	-0.980	0.631	1.203	5.189	-38.219
23804	-1.000	-0.452	0.727	0.886	4.054	-42.679	0.544	0.875	1.070	4.456	-38.311
23824	-1.000	-0.640	0.627	0.912	3.313	-39.632	0.483	0.894	0.992	3.697	-40.134
23844	-1.000	-0.134	0.271	0.506	2.513	-43.435	0.677	0.940	1.193	2.890	-41.699
23864	-1.000	-0.501	0.465	0.753	1.744	-38.433	0.054	1.022	1.025	2.077	-42.602
23884	-1.000	-0.862	0.702	1.073	1.103	-30.415	-1.037	0.011	1.053	1.290	-39.915
23904	-1.000	-0.750	0.580	0.925	0.526	-31.123	0.517	-0.998	1.146	0.531	-38.874
23924	-1.000	-0.344	0.166	0.414	6.093	-43.107	0.943	-0.495	1.077	6.058	-39.744
23944	-1.000	-0.128	-0.065	0.153	5.116	-51.112	-1.050	-0.590	1.263	5.278	-39.559
23964	-1.000	-0.227	0.289	0.416	4.205	-44.255	-0.118	1.026	1.023	4.550	-38.151
23984	-1.000	-0.582	0.372	0.755	3.436	-38.350	0.132	1.030	1.031	3.790	-39.844
24004	-1.000	-0.563	0.585	0.842	2.635	-41.947	0.300	1.017	1.067	2.996	-42.389
24024	-1.000	-0.446	0.635	0.754	1.852	-39.561	-0.046	1.010	1.016	2.177	-41.808
24044	-1.000	-0.785	0.657	0.961	1.201	-32.359	-1.079	0.050	1.095	1.385	-40.625
24064	-1.000	-0.833	0.607	0.927	0.641	-30.729	0.525	-0.819	0.954	0.643	-39.852
24084	-1.000	-0.614	0.649	0.910	6.248	-40.096	1.093	0.197	1.148	6.144	-40.756
24104	-1.000	-0.065	-0.121	0.159	5.326	-51.398	0.149	-1.201	1.315	5.369	-40.078
24124	-1.000	-0.220	0.236	0.330	4.384	-46.456	-0.921	0.441	1.000	4.643	-38.304
24144	-1.000	-0.687	0.645	0.929	3.596	-39.333	-0.534	0.860	1.012	3.890	-39.231
24164	-1.000	-0.620	0.614	0.894	2.823	-41.927	-0.699	0.799	1.071	3.093	-41.747
24184	-1.000	-0.387	0.487	0.690	2.022	-40.328	-0.838	0.511	0.976	2.267	-42.958
24204	-1.000	-0.801	0.516	0.930	1.333	-33.394	-1.067	-0.456	1.192	1.471	-41.053
24224	-1.000	-0.889	0.481	1.003	0.761	-29.718	0.757	-0.647	0.992	0.735	-40.134
24244	-1.000	-0.504	0.437	0.642	0.121	-37.135	0.789	0.823	1.177	6.236	-40.117
24264	-1.000	-0.141	-0.095	0.177	5.502	-49.553	1.129	-0.561	1.313	5.464	-40.733
24284	-1.000	-0.413	0.410	0.624	4.538	-47.332	-1.014	-0.274	1.046	4.732	-38.419
24304	-1.000	-0.427	0.613	0.746	3.741	-38.827	-0.916	0.417	1.016	3.985	-39.041
24324	-1.000	-0.428	0.571	0.667	2.985	-39.852	-0.977	0.098	0.962	3.201	-41.783
24344	-1.000	-0.531	0.442	0.712	2.183	-42.203	-0.948	0.026	0.937	2.364	-42.721
24364	-1.000	-0.658	0.485	0.875	1.453	-35.285	-0.810	-0.778	1.153	1.566	-40.991
24384	-1.000	-0.821	0.588	0.972	0.857	-30.030	0.972	-0.722	1.251	0.799	-40.134
24404	-1.000	-0.701	0.669	0.932	0.259	-34.935	0.324	0.937	0.992	0.060	-41.021
24424	-1.000	-0.213	-0.046	0.220	5.700	-48.722	1.037	0.673	1.296	5.558	-40.352
24444	-1.000	-0.317	0.448	0.575	4.720	-50.038	-0.348	-1.042	1.118	4.823	-38.595
24464	-1.000	-0.636	0.556	0.875	3.889	-40.150	-0.988	-0.231	0.997	4.073	-38.250
24484	-1.000	-0.548	0.392	0.709	3.137	-40.408	-0.929	-0.471	1.030	3.292	-41.302
24504	-1.000	-0.253	0.421	0.554	2.315	-42.917	-0.940	-0.324	1.017	2.461	-41.981
24524	-1.000	-0.606	0.675	0.882	1.568	-36.676	-0.611	-0.900	1.121	1.669	-41.252
24544	-1.000	-0.756	0.492	0.928	0.988	-30.931	0.969	-0.350	1.032	0.923	-40.150
24564	-1.000	-0.787	0.682	1.029	0.357	-33.554	0.305	1.100	1.187	0.138	-40.418
24584	-1.000	-0.298	0.374	0.443	5.843	-46.744	0.610	1.063	1.279	5.654	-40.569
24604	-1.000	-0.161	0.398	0.414	4.880	-49.394	0.546	-0.982	1.155	4.913	-37.766
24624	-1.000	-0.326	0.475	0.631	4.027	-42.321	-0.789	-0.644	1.008	4.168	-38.940
24644	-1.000	-0.465	0.559	0.721	3.278	-39.113	-0.565	-0.840	1.018	3.387	-40.706
24664	-1.000	-0.400	0.204	0.461	2.473	-42.482	-0.447	-0.838	0.932	2.562	-43.609
24684	-1.000	-0.646	0.374	0.776	1.723	-37.727	-0.112	-0.975	0.960	1.787	-41.006
24704	-1.000	-0.845	0.665	0.926	1.081	-30.661	1.081	-0.302	1.153	1.003	-40.352
24724	-1.000	-0.792	0.503	0.930	0.479	-31.970	0.014	1.218	1.324	0.225	-39.674
24744	-1.000	-0.290	0.475	0.536	6.033	-44.137	-0.569	1.028	1.217	5.749	-40.092
24764	-1.000	-0.271	0.324	0.405	5.076	-49.908	1.160	0.096	1.219	5.005	-38.587
24784	-1.000	-0.423	0.304	0.462	4.186	-43.426	-0.087	-1.020	1.020	4.261	-38.754
24804	-1.000	-0.671	0.404	0.814	3.421	-37.974	-0.090	-0.958	0.933	3.493	-40.142
24824	-1.000	-0.367	0.670	0.798	2.620	-42.483	-0.144	-0.963	0.978	2.668	-43.288
24844	-1.000	-0.547	0.708	0.910	1.867	-39.780	0.153	-1.049	1.090	1.888	-41.641
24864	-1.000	-0.861	0.738	1.152	1.216	-32.703	0.994	0.117	0.991	1.114	-39.943
24884	-1.000	-0.823	0.593	0.962	0.646	-31.766	-0.657	0.810	1.038	0.348	-39.992
24904	-1.000	-0.486	0.576	0.828	6.239	-40.222	-1.193	-0.178	1.266	5.834	-40.562
24924	-1.000	-0.095	-0.137	0.172	5.315	-51.449	-0.048	1.229	1.286	5.090	-37.974
24944	-1.000	-0.345	0.255	0.451	4.367	-45.342	0.796	-0.688	1.061	4.361	-38.396
24964	-1.000	-0.602	0.689	0.915	3.583	-38.746	0.405	-0.867	0.959	3.597	-40.006
24984	-1.000	-0.561	0.284	0.666	2.849	-41.336	0.856	-0.553	1.021	2.810	-42.754
25004	-1.000	-0.314	0.530	0.651	2.031	-40.931	0.762	-0.640	0.971	1.991	-42.052
25024	-1.000	-0.776	0.452	0.907	1.341	-33.727	0.897	0.455	1.003	1.204	-39.521
25044	-1.000	-0.874	0.583	1.079	0.744	-30.280	-0.735	0.805	1.114	0.439	-39.677
25064	-1.000	-0.615	0.345	0.726	0.094	-37.982	-1.031	-0.694	1.264	5.927	-40.869
25084	-1.000	-0.193	0.301	0.384	5.463	-50.764	-0.759	1.015	1.329	5.177	-38.504
25104	-1.000	-0.364	0.583	0.730	4.524	-47.851	1.032	0.082	1.022	4.450	-38.388
25124	-1.000	-0.469	0.431	0.695	3.732	-39.836	0.935	-0.378	0.993	3.686	-40.054
25144	-1.000	-0.410	0.545	0.627	2.991	-40.520	1.053	-0.107	1.067	2.899	-42.382
25164	-1.000	-0.515	0.402	0.688	2.186	-42.397	0.981	0.129	0.981	2.080	-42.304
25184	-1.000	-0.599	0.564	0.843	1.460	-35.631	0.751	0.713	1.031	1.292	-39.931
25204	-1.000	-0.846	0.536	0.972	0.861	-30.012	-0.951	0.635	1.177	0.523	-40.036
25224	-1.000	-0.568	0.533	0.667	0.227	-35.200	-0.769	-1.024	1.335	6.029	-41.067
25244	-1.000	-0.217	0.251	0.450	5.650	-49.434	-1.236	-0.021	1.279	5.271	-39.931
25264	-1.000	-0.129	0.352	0.447	4.689	-49.542	0.656	0.822	1.023	4.547	-38.197
25284	-1.000	-0.610	0.761	0.952	3.872	-40.804	1.017	-0.058	1.000	3.790	-39.521
25304	-1.000	-0.557	0.459	0.750	3.132	-39.795	0.985	0.383	1.065	2.994	-42.163
25324	-1.000	-0.537	0.689	0.899	2.344	-41.858	0.975	0.362	1.058	2.203	-42.679
25344	-1.000	-0.694	0.632	0.925	1.611	-36.816	0.582	0.825	1.014	1.425	-40.706
25364	-1.000	-0.761	0.543	0.937	0.994	-30.795	-0.857	0.482	0.993	0.657	-39.638
25384	-1.000	-0.730	0.416	0.880	0.394	-33.002	-0.118	-0.999	0.990	6.167	-40.000
25404	-1.000	-0.460	0.358	0.651	5.864	-45.433	-0.266	-1.069	1.129	5.386	-39.168
25424	-1.000	-0.237	0.327	0.434	4.904	-50.723	-0.560	0.852	1.020	4.646	-37.834
25444	-1.000	-0.393	0.631	0.744	4.044	-42.756	0.687	0.727	0.964	3.890	-39.656
25464	-1.000	-0.640	0.495	0.842	3.324	-39.184	0.365	0.877	0.932	3.123	-41.847
25484	-1.000	-0.264	0.455	0.484	2.514	-43.881	0.379	0.953	1.025	2.296	-43.063
25504	-1.000	-0.516	0.445	0.715	1.743	-38.823	0.128	1.001	1.000	1.514	-40.898
25524	-1.000	-0.798	0.649	0.950	1.103	-31.350	-0.950	0.252	0.968	0.742	-39.995
25544	-1.000	-0.734	0.486	0.924	0.505	-32.347	0.244	-1.035	1.073	6.243	-40.302
25564	-1.000	-0.202	0.435	0.538	6.029	-44.172	0.531	-1.098	1.269	5.467	-40.425
25584	-1.000	-0.250	0.302	0.357	5.074	-49.771	-1.018	0.054	1.017	4.737	-38.457
25604	-1.000	-0.397	0.273	0.489	4.188	-43.705	0.183	0.981	0.991	3.987	-39.301
25624	-1.000	-0.672	0.408	0.818	3.419	-37.982	0.156	0.977	0.976	3.204	-41.442
25644	-1.000	-0.417	0.594	0.822	2.623	-42.568	0.019	0.978	0.961	2.376	-42.755
25664	-1.000	-0.565	0.732	0.922	1.864	-40.022	-0.239	0.980	0.987	1.605	-40.110
25684	-1.000	-0.868	0.724	1.159	1.216	-32.436	-0.980	-0.038	0.970	0.836	-39.677
25704	-1.000	-0.767	0.515	0.947	0.634	-30.641	0.622	-0.900	1.113	0.051	-40.082
25724	-1.000	-0.555	0.619	0.849	6.245	-40.263	1.204	0.191	1.276	5.559	-40.295
25744	-1.000	-0.074	-0.159	0.193	5.323	-51.112	0.074	-1.073	1.097	4.826	-38.533
25764	-1.000	-0.269	0.193	0.357	4.380	-46.568	-0.797	0.620	1.016	4.071	-38.050
25784	-1.000	-0.675	0.717	0.965	3.590	-39.026	-0.664	0.770	1.015	3.293	-41.501
25804	-1.000	-0.494	0.246	0.580	2.853	-41.673	-0.950	0.503	1.109	2.491	-43.017
25824	-1.000	-0.356	0.526	0.600	2.033	-41.384	-0.848	0.477	0.956	1.701	-41.599
25844	-1.000	-0.763	0.436	0.899	1.344	-32.906	-0.917	-0.445	1.022	0.928	-40.263
25864	-1.000	-0.948	0.588	1.127	0.749	-29.786	0.617	-0.769	0.990	0.166	-40.243
25884	-1.000	-0.595	0.332	0.703	0.097	-37.354	0.901	0.697	1.220	5.642	-40.239
25904	-1.000	-0.212	0.251	0.330	5.461	-50.857	0.340	-1.014	1.070	4.938	-37.369
25924	-1.000	-0.292	0.220	0.394	4.551	-47.746	-1.117	0.670	1.354	4.225	-38.556
25944	-1.000	-0.405	0.522	0.719	3.740	-39.693	-0.336	1.071	1.151	3.468	-40.280
25964	-1.000	-0.356	0.472	0.497	2.981	-41.086	-0.690	0.710	0.977	2.655	-42.355
25984	-1.000	-0.594	0.597	0.878	2.168	-41.376	-0.805	0.736	1.116	1.853	-41.575
26004	-1.000	-0.639	0.486	0.851	1.456	-34.953	-1.235	0.318	1.338	1.075	-40.424
26024	-1.000	-0.803	0.602	0.972	0.856	-30.748	-0.200	-1.147	1.198	0.333	-39.605
26044	-1.000	-0.596	0.597	0.702	0.249	-35.218	1.108	0.038	1.132	5.852	-39.780
26064	-1.000	-0.286	0.113	0.330	5.682	-47.468	0.937	-0.641	1.173	5.099	-37.974
26084	-1.000	-0.363	0.500	0.663	4.712	-48.338	-1.061	0.018	1.067	4.363	-38.151
26104	-1.000	-0.615	0.566	0.871	3.893	-40.882	-0.622	0.799	1.045	3.594	-39.020
26124	-1.000	-0.560	0.347	0.693	3.135	-39.559	-1.030	0.610	1.233	2.789	-42.881
26144	-1.000	-0.573	0.672	0.902	2.344	-36.173	-0.977	0.229	0.996	1.982	-41.285
26164	-1.000	-0.693	0.629	0.928	1.612	-37.019	-0.961	-0.397	1.034	1.198	-40.344
26184	-1.000	-0.799	0.581	0.926	0.992	-30.169	0.411	-1.054	1.164	0.431	-39.931
26204	-1.000	-0.676	0.472	0.848	0.408	-32.755	0.793	0.721	1.088	5.958	-40.988
26224	-1.000	-0.200	0.153	0.231	5.904	-44.846	0.851	0.801	1.201	5.193	-38.426
26244	-1.000	-0.089	-0.047	0.112	4.932	-49.592	-0.187	-1.055	1.074	4.453	-37.407
26264	-1.000	-0.460	0.709	0.873	4.053	-42.440	-0.993	0.134	0.997	3.694	-39.883
26284	-1.000	-0.638	0.657	0.915	3.312	-39.333	-1.112	-0.292	1.193	2.885	-41.459
26304	-1.000	-0.280	0.510	0.610	2.508	-42.958	-0.787	-0.606	1.004	2.077	-42.449
26324	-1.000	-0.542	0.454	0.701	1.746	-39.143	-0.970	0.122	0.956	1.404	-23.363
26344	-1.000	-0.903	0.682	1.167	1.127	-31.132	-0.533	-0.815	0.955	0.649	-38.898
26364	-1.000	-0.717	0.540	0.929	0.534	-31.383	1.037	0.052	1.046	6.151	-41.142
26384	-1.000	-0.321	0.287	0.412	6.099	-42.052	0.887	0.812	1.241	5.374	-39.982
26404	-1.000	-0.081	0.043	0.052	5.148	-51.542	0.190	-1.016	1.031	4.643	-38.319
26424	-1.000	-0.262	0.603	0.739	4.229	-44.756	-1.090	0.313	1.037	3.884	-38.742
26444	-1.000	-0.506	0.738	0.910	3.478	-37.819	-1.053	-0.023	1.066	3.094	-42.023
26464	-1.000	-0.339	0.524	0.623	2.706	-42.211	-0.713	-0.599	0.929	2.266	-43.103
26484	-1.000	-0.389	0.550	0.625	1.942	-40.698	-0.672	-0.743	0.995	1.496	-41.401
26504	-1.000	-0.724	0.473	0.911	1.266	-32.755	0.264	-1.074	1.124	0.715	-38.909
26524	-1.000	-0.797	0.607	0.966	0.664	-31.164	1.124	0.529	1.297	6.219	-40.346
26544	-1.000	-0.588	0.327	0.701	6.277	-39.884	0.004	1.300	1.350	5.458	-39.923
26564	-1.000	-0.067	0.005	0.126	5.344	-51.562	1.024	-0.211	1.031	4.732	-38.426
26584	-1.000	-0.396	0.685	0.827	4.436	-47.256	-0.738	-0.732	1.045	4.001	-39.804
26604	-1.000	-0.477	0.587	0.713	3.652	-38.418	-0.780	-0.485	0.923	3.224	-41.442
26624	-1.000	-0.319	0.454	0.652	2.890	-41.451	-0.654	-0.956	1.206	2.396	-42.262
26644	-1.000	-0.586	0.502	0.801	2.079	-40.706	-0.548	-0.847	0.994	1.612	-41.409
26664	-1.000	-0.694	0.652	0.858	1.379	-33.856	0.139	-0.997	0.991	0.844	-40.279
26684	-1.000	-0.793	0.542	0.904	0.799	-30.466	0.861	0.474	0.987	0.083	-39.114
26704	-1.000	-0.694	0.681	0.944	0.155	-35.440	-0.614	0.805	1.004	5.588	-40.320
26724	-1.000	-0.284	0.324	0.455	5.571	-50.008	0.983	0.628	1.200	4.860	-37.041
26744	-1.000	-0.327	0.556	0.675	4.623	-48.859	-0.348	-1.179	1.289	4.129	-38.994
26764	-1.000	-0.554	0.354	0.692	3.818	-40.392	-0.965	-0.700	1.234	3.369	-41.094
26784	-1.000	-0.533	0.246	0.621	3.050	-40.943	-0.430	-0.816	0.927	2.556	-42.389
26804	-1.000	-0.379	0.583	0.660	2.233	-42.500	-0.592	-1.003	1.209	1.753	-41.691
26824	-1.000	-0.740	0.659	0.961	1.513	-35.624	-0.098	-1.207	1.262	0.977	-39.895
26844	-1.000	-0.935	0.709	1.213	0.933	-30.066	0.979	0.212	0.983	0.255	-39.788
26864	-1.000	-0.600	0.537	0.767	0.330	-34.048	-0.652	0.909	1.150	5.729	-40.184
26884	-1.000	-0.191	0.282	0.340	5.821	-45.937	-0.394	0.996	1.095	5.016	-38.641
26904	-1.000	-0.061	0.042	0.076	4.861	-50.581	0.886	-0.534	1.046	4.264	-38.541
26924	-1.000	-0.537	0.350	0.678	3.999	-41.839	-0.097	-0.956	0.944	3.496	-40.094
26944	-1.000	-0.616	0.362	0.736	3.232	-38.068	0.241	-0.906	0.934	2.668	-42.975
26964	-1.000	-0.331	0.539	0.649	2.414	-42.346	0.390	-0.936	1.013	1.865	-40.910
26984	-1.000	-0.531	0.611	0.912	1.663	-36.691	0.646	-1.069	1.303	1.080	-40.360
27004	-1.000	-0.847	0.564	1.018	1.049	-31.092	1.069	0.466	1.207	0.331	-40.052
27024	-1.000	-0.762	0.588	0.982	0.446	-31.837	-0.684	0.872	1.146	5.849	-40.682
27044	-1.000	-0.449	0.569	0.743	5.960	-45.198	-0.771	0.839	1.180	5.102	-38.846
27064	-1.000	-0.198	0.277	0.373	5.005	-51.000	1.087	-0.022	1.104	4.360	-37.766
27084	-1.000	-0.294	0.494	0.701	4.122	-42.551	0.118	-0.994	0.984	3.600	-40.198
27104	-1.000	-0.463	0.567	0.843	3.373	-37.853	0.567	-1.063	1.262	2.783	-41.855
27124	-1.000	-0.308	0.311	0.458	2.580	-42.082	0.755	-0.537	0.927	1.982	-42.287
27144	-1.000	-0.649	0.605	0.902	1.796	-38.273	0.866	-0.661	1.102	1.193	-40.747
27164	-1.000	-0.857	0.428	0.933	1.149	-31.337	0.992	0.577	1.190	0.431	-39.836
27184	-1.000	-0.856	0.607	1.036	0.555	-31.663	-0.761	0.807	1.142	5.950	-40.845
27204	-1.000	-0.396	0.545	0.712	6.130	-41.830	-1.167	-0.054	1.203	5.188	-38.250
27224	-1.000	-0.191	0.160	0.259	5.191	-50.098	0.378	0.934	0.998	4.456	-38.804
27244	-1.000	-0.334	0.251	0.450	4.283	-45.979	0.821	-0.642	1.036	3.688	-39.422
27264	-1.000	-0.598	0.386	0.714	3.528	-37.804	0.856	-0.418	0.934	2.915	-41.592
27284	-1.000	-0.545	0.462	0.728	2.741	-42.543	0.997	-0.079	0.996	2.086	-42.136
27304	-1.000	-0.419	0.593	0.672	1.940	-39.883	0.988	-0.101	0.970	1.299	-40.935
27324	-1.000	-0.733	0.532	0.885	1.272	-32.567	0.785	0.842	1.192	0.520	-39.598
27344	-1.000	-0.790	0.428	0.909	0.683	-31.476	-0.989	0.544	1.158	6.044	-40.084
27364	-1.000	-0.587	0.281	0.680	6.280	-39.113	-1.018	-0.611	1.243	5.280	-39.325
27384	-1.000	-0.063	0.077	0.103	5.337	-49.838	-0.104	1.022	1.032	4.550	-38.242
27404	-1.000	-0.146	0.390	0.439	4.403	-46.762	0.922	-0.511	1.064	3.794	-39.419
27424	-1.000	-0.651	0.370	0.777	3.620	-39.278	0.873	-0.571	1.048	2.994	-41.624
27444	-1.000	-0.589	0.552	0.840	2.832	-42.296	0.997	-0.011	0.987	2.172	-43.020
27464	-1.000	-0.291	0.587	0.644	2.029	-41.434	1.128	-0.254	1.195	1.378	-40.744
27484	-1.000	-0.773	0.463	0.916	1.339	-33.734	1.014	0.599	1.224	0.617	-38.971
27504	-1.000	-0.850	0.581	1.053	0.742	-30.485	-0.741	0.850	1.154	6.139	-39.534
27524	-1.000	-0.554	0.320	0.664	0.109	-37.340	-0.923	-0.783	1.246	5.372	-39.820
27544	-1.000	-0.212	0.116	0.253	5.489	-50.274	-0.702	0.751	1.014	4.645	-37.482
27564	-1.000	-0.144	0.090	0.175	4.570	-48.348	1.129	-0.082	1.189	3.918	-39.435
27584	-1.000	-0.444	0.551	0.723	3.751	-39.820	0.767	-0.663	1.024	3.137	-41.864
27604	-1.000	-0.432	0.578	0.709	2.990	-40.577	1.144	-0.045	1.177	2.316	-42.992
27624	-1.000	-0.505	0.290	0.614	2.191	-41.972	1.097	-0.130	1.143	1.528	-40.955
27644	-1.000	-0.627	0.502	0.864	1.456	-35.397	1.005	0.218	1.085	0.764	-40.006
27664	-1.000	-0.823	0.541	0.958	0.862	-29.565	-0.287	1.021	1.052	0.006	-40.506
27684	-1.000	-0.556	0.585	0.742	0.239	-35.239	-0.842	-0.529	0.988	5.519	-40.110
27704	-1.000	-0.362	0.334	0.498	5.671	-48.625	-1.011	0.684	1.288	4.783	-38.265
27724	-1.000	-0.363	0.446	0.615	4.715	-48.128	1.055	0.270	1.112	4.054	-39.506
27744	-1.000	-0.423	0.622	0.723	3.948	-40.288	1.182	-0.033	1.222	3.269	-41.236
27764	-1.000	-0.631	0.417	0.786	3.226	-39.043	0.904	0.572	1.110	2.488	-43.417
27784	-1.000	-0.293	0.482	0.678	2.411	-42.695	0.834	0.587	1.031	1.694	-41.500
27804	-1.000	-0.519	0.589	0.883	1.660	-37.152	0.684	0.786	1.034	0.922	-39.333
27824	-1.000	-0.853	0.590	1.034	1.048	-31.036	-0.783	0.642	1.009	0.153	-39.333
27844	-1.000	-0.692	0.525	0.925	0.443	-32.326	-0.440	-1.129	1.264	5.650	-40.296
27864	-1.000	-0.408	0.503	0.615	5.950	-45.010	-0.442	-1.030	1.141	4.915	-38.715
27884	-1.000	-0.226	0.290	0.372	4.993	-50.888	-0.399	0.956	1.014	4.172	-38.595
27904	-1.000	-0.294	0.372	0.549	4.117	-43.017	0.757	0.660	0.989	3.395	-39.669
27924	-1.000	-0.466	0.389	0.669	3.356	-39.168	0.462	0.871	0.960	2.566	-42.169
27944	-1.000	-0.499	0.507	0.727	2.551	-43.026	0.213	1.024	1.046	1.767	-41.558
27964	-1.000	-0.578	0.728	0.932	1.770	-38.480	0.434	1.147	1.265	0.988	-39.301
27984	-1.000	-0.888	0.517	1.002	1.140	-31.780	-0.920	0.684	1.180	0.236	-39.804
28004	-1.000	-0.743	0.549	0.953	0.548	-31.733	-0.372	-1.081	1.185	5.751	-39.776
28024	-1.000	-0.319	0.433	0.475	6.119	-41.855	0.452	-1.049	1.192	5.007	-38.518
28044	-1.000	-0.127	0.049	0.150	5.203	-51.061	-1.075	0.328	1.160	4.294	-38.862
28064	-1.000	-0.313	0.276	0.442	4.286	-45.108	0.712	0.834	1.118	3.531	-39.824
28084	-1.000	-0.628	0.584	0.887	3.510	-39.190	0.408	0.898	0.982	2.734	-42.928
28104	-1.000	-0.542	0.700	0.904	2.727	-42.380	0.162	1.092	1.156	1.916	-42.048
28124	-1.000	-0.330	0.455	0.689	1.940	-40.698	0.324	1.012	1.062	1.149	-40.214
28144	-1.000	-0.728	0.474	0.903	1.264	-32.834	-0.595	0.902	1.107	0.391	-39.788
28164	-1.000	-0.834	0.443	0.930	0.672	-30.373	-0.729	-0.737	1.028	5.912	-40.869
28184	-1.000	-0.614	0.287	0.707	6.276	-38.773	0.308	-1.161	1.241	5.157	-38.403
28204	-1.000	-0.077	0.034	0.064	5.341	-51.276	-1.080	0.221	1.138	4.439	-38.788
28224	-1.000	-0.159	0.389	0.442	4.401	-46.725	0.717	0.786	1.077	3.674	-39.951
28244	-1.000	-0.446	0.403	0.702	3.645	-38.870	0.787	0.770	1.128	2.892	-41.964
28264	-1.000	-0.360	0.275	0.473	2.865	-42.279	0.168	0.968	0.958	2.075	-42.186
28284	-1.000	-0.361	0.686	0.786	2.045	-41.426	0.560	0.936	1.120	1.287	-40.980
28304	-1.000	-0.712	0.439	0.703	1.353	-33.667	-0.244	1.141	1.199	0.520	-39.388
28324	-1.000	-0.894	0.515	1.020	0.761	-29.939	-1.104	-0.425	1.223	6.038	-41.150
28344	-1.000	-0.518	0.372	0.711	0.115	-36.130	0.368	-1.149	1.248	5.274	-39.529
28364	-1.000	-0.140	-0.047	0.153	5.502	-50.725	-0.953	-0.378	1.025	4.550	-38.235
28384	-1.000	-0.420	0.449	0.657	4.541	-47.899	0.504	0.917	1.048	3.792	-39.661
28404	-1.000	-0.450	0.467	0.703	3.741	-39.939	0.779	0.763	1.098	2.988	-41.376
28424	-1.000	-0.349	0.440	0.587	2.982	-40.755	-0.051	1.002	0.925	2.171	-42.994
28444	-1.000	-0.575	0.582	0.853	2.172	-42.110	0.223	1.115	1.162	1.379	-40.512
28464	-1.000	-0.632	0.476	0.840	1.457	-35.546	-0.282	1.124	1.190	0.617	-40.174
28484	-1.000	-0.851	0.569	1.003	0.856	-30.147	-1.032	-0.435	1.148	6.137	-39.949
28504	-1.000	-0.676	0.664	0.930	0.267	-35.162	0.697	-0.758	1.034	5.395	-39.160
28524	-1.000	-0.145	0.028	0.180	5.703	-48.396	-0.077	-1.001	0.975	4.651	-37.891
28544	-1.000	-0.198	0.153	0.280	4.731	-49.026	-0.405	0.959	1.054	3.898	-38.511
28564	-1.000	-0.609	0.505	0.833	3.899	-41.326	0.253	0.939	0.945	3.117	-41.226
28584	-1.000	-0.544	0.380	0.705	3.135	-40.247	-0.317	0.942	0.981	2.286	-43.284
28604	-1.000	-0.324	0.523	0.600	2.313	-41.484	-0.234	0.986	1.011	1.499	-41.135
28624	-1.000	-0.580	0.645	0.928	1.577	-36.385	-0.534	0.936	1.102	0.719	-40.022
28644	-1.000	-0.806	0.423	0.914	0.973	-30.980	-0.901	-0.626	1.121	6.237	-40.763
28664	-1.000	-0.585	0.713	0.922	0.339	-33.568	0.670	-1.003	1.259	5.469	-40.279
28684	-1.000	-0.164	0.183	0.263	5.814	-45.713	0.156	-1.015	1.020	4.740	-38.104
28704	-1.000	-0.038	0.023	0.068	4.847	-49.513	-0.744	0.743	1.068	3.987	-39.278
28724	-1.000	-0.618	0.503	0.831	3.984	-41.061	0.238	0.930	0.948	3.208	-41.800
28744	-1.000	-0.619	0.391	0.759	3.229	-39.333	-0.370	0.828	0.922	2.375	-42.712
28764	-1.000	-0.563	0.580	0.854	2.447	-43.055	-0.352	0.931	0.967	1.609	-41.484
28784	-1.000	-0.717	0.732	0.999	1.684	-37.711	-0.533	0.856	0.994	0.831	-39.879
28804	-1.000	-0.804	0.475	0.932	1.072	-30.361	-0.750	-0.627	0.957	0.064	-39.836
28824	-1.000	-0.812	0.593	0.987	0.465	-31.524	0.949	-0.714	1.245	5.562	-40.070
28844	-1.000	-0.240	0.134	0.301	5.998	-44.477	1.012	-0.422	1.100	4.821	-37.638
28864	-1.000	-0.081	-0.016	0.098	5.025	-51.327	-0.953	-0.283	0.981	4.073	-39.380
28884	-1.000	-0.303	0.543	0.549	4.128	-43.872	-0.397	0.952	1.017	3.293	-41.484
28904	-1.000	-0.487	0.603	0.726	3.376	-38.839	-0.794	0.580	0.953	2.462	-42.065
28924	-1.000	-0.231	0.394	0.456	2.583	-42.832	-1.026	0.365	1.105	1.667	-41.508
28944	-1.000	-0.650	0.588	0.888	1.798	-38.311	-0.984	0.709	1.265	0.896	-39.571
28964	-1.000	-0.858	0.427	0.931	1.150	-30.968	-0.973	-0.545	1.127	0.143	-39.733
28984	-1.000	-0.756	0.550	0.932	0.546	-31.568	0.795	-0.920	1.261	5.726	-39.514
29004	-1.000	-0.601	0.655	0.905	6.148	-40.845	1.081	-0.182	1.117	4.944	-38.021
29024	-1.000	-0.077	-0.092	0.117	5.219	-51.061	-0.741	-0.799	1.180	4.203	-38.916
29044	-1.000	-0.262	0.271	0.420	4.289	-45.915	-0.371	1.074	1.191	3.444	-40.951
29064	-1.000	-0.656	0.531	0.868	3.514	-38.831	-0.642	0.732	0.957	2.632	-42.560
29084	-1.000	-0.582	0.671	0.910	2.723	-42.365	-0.868	0.585	1.060	1.821	-41.656
29104	-1.000	-0.332	0.435	0.633	1.937	-40.473	-0.825	0.723	1.129	1.046	-39.955
29124	-1.000	-0.727	0.463	0.885	1.266	-32.827	-1.102	-0.033	1.122	0.293	-39.852
29144	-1.000	-0.809	0.539	0.935	0.670	-31.011	0.370	-0.954	1.023	5.809	-40.804
29164	-1.000	-0.597	0.336	0.712	6.276	-39.356	1.161	-0.298	1.257	5.059	-37.616
29184	-1.000	-0.076	-0.031	0.088	5.341	-51.338	-0.814	-0.856	1.217	4.333	-39.120
29204	-1.000	-0.193	0.503	0.453	4.399	-45.198	-0.380	1.024	1.113	3.570	-40.649
29224	-1.000	-0.430	0.455	0.697	3.652	-39.168	-0.361	1.083	1.189	2.789	-43.112
29244	-1.000	-0.353	0.423	0.515	2.879	-41.649	-0.818	0.462	0.930	1.983	-42.161
29264	-1.000	-0.597	0.612	0.883	2.069	-40.521	0.367	0.971	0.952	1.312	-29.807
29284	-1.000	-0.617	0.503	0.905	1.381	-34.068	-0.446	0.938	1.041	0.540	-40.110
29304	-1.000	-0.744	0.356	0.908	0.793	-30.175	-0.859	-0.787	1.212	6.038	-39.688
29324	-1.000	-0.569	0.597	0.828	0.137	-36.727	0.626	-1.019	1.243	5.277	-39.380
29344	-1.000	-0.181	0.250	0.398	5.542	-48.911	-0.691	-0.770	1.036	4.545	-38.189
29364	-1.000	-0.136	0.332	0.431	4.597	-47.880	-0.190	1.002	1.031	3.789	-39.310
29384	-1.000	-0.632	0.674	0.924	3.787	-40.198	0.311	1.045	1.095	2.991	-42.312
29404	-1.000	-0.637	0.446	0.810	3.028	-39.987	-0.572	0.794	0.923	2.169	-43.029
29424	-1.000	-0.350	0.514	0.525	2.221	-41.972	-0.395	1.078	1.188	1.376	-41.078
29444	-1.000	-0.725	0.761	1.038	1.497	-35.960	-0.747	0.884	1.196	0.615	-40.239
29464	-1.000	-0.933	0.726	1.212	0.928	-30.050	-0.467	-0.866	0.945	6.165	-40.104
29484	-1.000	-0.598	0.605	0.866	0.325	-33.441	1.098	-0.122	1.129	5.387	-39.852
29504	-1.000	-0.269	0.141	0.318	5.785	-47.793	0.758	-0.657	0.985	4.645	-38.380
29524	-1.000	-0.268	0.379	0.470	4.806	-49.464	-1.014	0.058	0.994	3.884	-39.302
29544	-1.000	-0.532	0.718	0.893	3.962	-41.616	-0.638	0.907	1.141	3.088	-41.956
29564	-1.000	-0.648	0.517	0.861	3.224	-39.341	-0.969	-0.014	0.956	2.263	-42.073
29584	-1.000	-0.276	0.447	0.633	2.410	-41.533	-1.179	0.143	1.230	1.470	-41.012
29604	-1.000	-0.558	0.601	0.837	1.657	-36.619	-1.186	0.073	1.232	0.707	-39.388
29624	-1.000	-0.898	0.599	1.093	1.040	-30.497	-0.157	-1.128	1.175	6.229	-39.341
29644	-1.000	-0.693	0.540	0.919	0.439	-31.926	1.229	0.137	1.285	5.464	-40.247
29664	-1.000	-0.412	0.513	0.872	5.950	-45.117	1.010	0.043	1.039	4.735	-38.434
29684	-1.000	-0.220	0.257	0.343	4.995	-51.122	-0.606	-0.809	1.012	3.984	-39.357
29704	-1.000	-0.442	0.678	0.817	4.146	-43.374	-0.909	0.350	0.952	3.227	-41.162
29724	-1.000	-0.671	0.676	0.932	3.402	-39.246	-1.153	-0.220	1.233	2.404	-42.039
29744	-1.000	-0.365	0.593	0.757	2.611	-42.014	-0.986	-0.498	1.155	1.615	-41.368
29764	-1.000	-0.475	0.504	0.647	1.838	-39.020	-0.989	-0.340	1.033	0.851	-39.959
29784	-1.000	-0.714	0.537	0.908	1.180	-32.009	-0.080	-0.951	0.937	0.086	-39.966
29804	-1.000	-0.796	0.407	0.907	0.584	-30.551	0.875	0.499	1.002	5.590	-40.094
29824	-1.000	-0.516	0.648	0.870	6.142	-38.136	0.521	0.902	1.043	4.837	-38.128
29844	-1.000	-0.089	0.067	0.134	5.242	-50.929	0.572	-1.055	1.219	4.114	-38.700
29864	-1.000	-0.244	0.643	0.681	4.318	-45.000	-1.166	-0.084	1.087	3.355	-40.955
29884	-1.000	-0.461	0.525	0.671	3.557	-39.199	-0.773	-0.520	0.927	2.543	-43.522
29904	-1.000	-0.277	0.307	0.462	2.784	-42.747	-0.737	-0.926	1.237	1.736	-41.926
29924	-1.000	-0.581	0.689	0.913	1.973	-40.817	-1.091	-0.538	1.268	0.969	-40.552
29944	-1.000	-0.750	0.664	1.045	1.301	-32.923	-0.478	-1.125	1.323	0.219	-39.966
29964	-1.000	-0.796	0.562	0.951	0.721	-30.624	1.218	0.101	1.262	5.742	-41.004
29984	-1.000	-0.650	0.646	0.918	0.067	-37.444	0.230	1.143	1.208	5.001	-37.721
30004	-1.000	-0.192	0.061	0.219	5.486	-50.124	1.062	-0.310	1.144	4.291	-38.518
30024	-1.000	-0.435	0.442	0.664	4.534	-47.965	-0.918	-0.559	1.120	3.536	-40.304
30044	-1.000	-0.428	0.445	0.684	3.737	-39.923	-0.777	-0.570	1.106	2.724	-42.653
30064	-1.000	-0.384	0.361	0.465	2.967	-40.849	-0.476	-0.956	1.106	1.907	-41.550
30084	-1.000	-0.535	0.734	0.921	2.151	-41.094	-0.695	-0.740	1.006	1.131	-39.772
30104	-1.000	-0.667	0.452	0.871	1.451	-35.162	-0.286	-1.002	1.036	0.371	-38.464
30124	-1.000	-0.892	0.613	1.100	0.847	-30.355	1.007	-0.083	1.022	5.883	-39.955
30144	-1.000	-0.716	0.663	0.942	0.261	-33.986	-0.141	1.114	1.182	5.153	-38.296
30164	-1.000	-0.172	-0.011	0.203	5.697	-48.271	0.951	0.717	1.244	4.424	-38.395
30184	-1.000	-0.263	0.302	0.431	4.726	-49.741	-0.267	-1.055	1.099	3.669	-40.424
30204	-1.000	-0.633	0.530	0.850	3.892	-40.247	-0.727	-0.672	0.985	2.859	-43.284
30224	-1.000	-0.535	0.379	0.690	3.139	-39.848	-0.079	-1.070	1.101	2.049	-42.010
30244	-1.000	-0.306	0.410	0.536	2.315	-42.883	-0.667	-1.018	1.260	1.258	-40.649
30264	-1.000	-0.587	0.641	0.926	1.571	-36.392	-0.552	-1.115	1.286	0.512	-39.646
30284	-1.000	-0.820	0.411	0.921	0.969	-30.042	1.076	-0.508	1.241	6.038	-40.497
30304	-1.000	-0.677	0.645	0.908	0.344	-34.396	0.480	1.075	1.220	5.280	-39.521
30324	-1.000	-0.157	0.148	0.263	5.812	-46.733	0.797	0.650	1.020	4.547	-38.350
30344	-1.000	-0.047	0.015	0.086	4.844	-49.078	-0.119	-1.002	1.006	3.787	-39.804
30364	-1.000	-0.446	0.403	0.601	4.011	-42.645	-0.825	-0.455	0.932	3.016	-42.304
30384	-1.000	-0.486	0.379	0.652	3.254	-39.246	-0.396	-0.852	0.993	2.187	-43.029
30404	-1.000	-0.562	0.681	0.903	2.436	-42.763	-0.366	-0.915	0.964	1.397	-40.528
30424	-1.000	-0.673	0.733	0.957	1.686	-37.952	-0.372	-1.057	1.148	0.617	-39.884
30444	-1.000	-0.791	0.436	0.942	1.068	-30.906	1.046	-0.437	1.168	6.134	-39.137
30464	-1.000	-0.781	0.690	1.024	0.456	-32.573	0.342	1.158	1.242	5.372	-39.575
30484	-1.000	-0.295	0.115	0.334	5.995	-44.468	0.053	1.014	1.014	4.646	-38.288
30504	-1.000	-0.115	0.062	0.176	5.019	-51.297	0.579	-0.855	1.011	3.889	-38.726
30524	-1.000	-0.319	0.513	0.694	4.122	-43.403	-0.663	-0.806	1.035	3.093	-41.944
30544	-1.000	-0.484	0.594	0.844	3.376	-38.893	0.117	-0.930	0.932	2.270	-42.602
30564	-1.000	-0.226	0.419	0.485	2.589	-42.797	0.294	-1.089	1.166	1.474	-40.328
30584	-1.000	-0.487	0.472	0.676	1.830	-39.294	0.187	-1.043	1.029	0.732	-40.030
30604	-1.000	-0.746	0.474	0.905	1.181	-32.188	1.045	-0.233	1.096	6.242	-40.432
30624	-1.000	-0.789	0.425	0.904	0.588	-31.312	-0.153	1.218	1.280	5.467	-40.247
30644	-1.000	-0.595	0.562	0.844	6.156	-40.586	-0.762	0.724	1.043	4.729	-37.444
30664	-1.000	-0.086	-0.099	0.147	5.217	-49.670	0.979	0.331	1.017	3.978	-39.036
30684	-1.000	-0.335	0.247	0.441	4.286	-45.603	0.041	-1.100	1.123	3.185	-41.591
30704	-1.000	-0.626	0.610	0.898	3.508	-38.885	0.432	-0.811	0.922	2.362	-43.155
30724	-1.000	-0.577	0.678	0.908	2.721	-42.662	0.794	-0.868	1.212	1.560	-40.134
30744	-1.000	-0.354	0.451	0.614	1.936	-40.593	0.486	-1.188	1.341	0.795	-39.740
30764	-1.000	-0.738	0.474	0.879	1.267	-32.395	1.074	-0.327	1.159	0.044	-40.449
30784	-1.000	-0.809	0.504	0.931	0.672	-31.400	0.021	1.214	1.264	5.559	-40.295
30804	-1.000	-0.624	0.377	0.753	6.271	-39.780	-0.869	0.614	1.077	4.827	-38.618
30824	-1.000	-0.229	0.218	0.299	5.370	-51.031	0.958	0.503	1.078	4.103	-38.777
30844	-1.000	-0.404	0.655	0.801	4.435	-47.058	0.164	-0.930	0.914	3.327	-41.228
30864	-1.000	-0.506	0.611	0.796	3.652	-37.771	0.413	-1.079	1.207	2.505	-43.228
30884	-1.000	-0.357	0.460	0.526	2.890	-41.533	0.806	-0.645	1.055	1.713	-41.434
30904	-1.000	-0.579	0.583	0.853	2.072	-40.544	0.513	-0.834	0.957	0.940	-40.078
30924	-1.000	-0.672	0.607	0.925	1.379	-33.427	0.954	-0.405	1.047	0.176	-40.206
30944	-1.000	-0.782	0.500	0.935	0.798	-29.157	-0.278	0.961	1.002	5.677	-39.899
30964	-1.000	-0.721	0.636	0.933	0.161	-35.425	-1.032	-0.256	1.072	4.923	-38.479
30984	-1.000	-0.298	0.328	0.457	5.573	-50.048	-0.440	0.925	1.019	4.175	-38.994
31004	-1.000	-0.115	0.090	0.143	4.656	-47.670	1.007	-0.019	1.005	3.428	-40.274
31024	-1.000	-0.611	0.679	0.920	3.883	-39.911	1.052	0.237	1.090	2.612	-42.932
31044	-1.000	-0.536	0.429	0.706	3.135	-40.022	0.517	0.786	0.958	1.805	-41.880
31064	-1.000	-0.317	0.450	0.483	2.315	-42.594	0.789	0.627	0.998	1.031	-40.416
31084	-1.000	-0.601	0.677	0.895	1.574	-36.079	0.623	0.789	0.994	0.258	-38.800
31104	-1.000	-0.828	0.407	0.925	0.966	-30.485	-0.993	0.484	1.136	5.760	-40.271
31124	-1.000	-0.628	0.584	0.901	0.334	-34.606	-0.524	-1.002	1.165	5.007	-37.556
31144	-1.000	-0.189	0.055	0.218	5.800	-46.788	-0.869	-0.495	0.994	4.263	-39.239
31164	-1.000	-0.134	0.123	0.208	4.834	-50.214	0.182	0.956	0.953	3.493	-40.174
31184	-1.000	-0.597	0.650	0.896	3.976	-41.270	0.777	0.536	0.949	2.665	-43.125
31204	-1.000	-0.608	0.448	0.785	3.229	-39.569	0.160	1.016	1.021	1.864	-41.858
31224	-1.000	-0.256	0.440	0.627	2.413	-42.805	0.706	1.053	1.324	1.080	-40.456
31244	-1.000	-0.571	0.604	0.863	1.657	-37.539	0.683	0.951	1.203	0.333	-39.728
31264	-1.000	-0.828	0.415	0.925	1.065	-31.051	-0.815	0.523	0.953	5.874	-41.411
31284	-1.000	-0.770	0.626	0.988	0.451	-32.677	-0.348	-0.987	1.067	5.107	-39.059
31304	-1.000	-0.486	0.538	0.746	5.956	-43.889	-0.519	-0.892	1.036	4.364	-38.433
31324	-1.000	-0.198	0.262	0.365	4.999	-51.338	-0.343	0.927	0.965	3.597	-39.325
31344	-1.000	-0.328	0.470	0.588	4.123	-42.992	0.774	0.895	1.234	2.789	-42.712
31364	-1.000	-0.462	0.550	0.673	3.370	-39.317	-0.045	0.962	0.958	1.987	-42.355
31384	-1.000	-0.361	0.270	0.463	2.571	-41.922	-0.106	1.050	1.055	1.198	-40.674
31404	-1.000	-0.634	0.770	0.974	1.781	-39.428	0.345	1.091	1.184	0.426	-38.656
31424	-1.000	-0.843	0.503	0.954	1.147	-31.761	-0.955	0.679	1.225	5.941	-40.955
31444	-1.000	-0.772	0.575	0.964	0.546	-32.029	-0.397	-1.075	1.174	5.191	-39.451
31464	-1.000	-0.518	0.634	0.860	6.142	-40.698	0.074	-1.090	1.176	4.485	-38.525
31484	-1.000	-0.111	-0.029	0.116	5.211	-51.408	-1.094	0.627	1.301	3.734	-39.262
31504	-1.000	-0.306	0.274	0.453	4.286	-45.521	0.525	0.786	0.931	2.950	-42.670
31524	-1.000	-0.633	0.594	0.896	3.510	-39.073	0.195	1.108	1.162	2.137	-42.115
31544	-1.000	-0.569	0.659	0.905	2.723	-42.169	0.062	1.098	1.147	1.345	-40.914
31564	-1.000	-0.384	0.555	0.797	1.942	-40.935	0.440	1.072	1.210	0.589	-40.076
31584	-1.000	-0.705	0.475	0.904	1.266	-32.858	-0.433	1.129	1.259	6.111	-40.496
31604	-1.000	-0.808	0.428	0.919	0.676	-30.753	-0.984	-0.733	1.289	5.360	-39.895
31624	-1.000	-0.626	0.300	0.705	6.272	-39.435	0.014	-1.043	1.047	4.637	-38.533
31644	-1.000	-0.060	0.049	0.107	5.343	-51.408	-0.978	0.301	1.016	3.878	-39.561
31664	-1.000	-0.140	0.417	0.519	4.399	-46.734	0.771	0.906	1.221	3.073	-40.955
31684	-1.000	-0.623	0.322	0.729	3.625	-39.420	0.196	0.920	0.932	2.264	-42.380
31704	-1.000	-0.590	0.477	0.782	2.836	-42.090	0.225	1.150	1.224	1.473	-40.036
31724	-1.000	-0.348	0.561	0.665	2.026	-40.328	0.723	0.925	1.225	0.704	-39.622
31744	-1.000	-0.775	0.397	0.883	1.341	-33.754	-0.063	1.127	1.167	6.231	-39.490
31764	-1.000	-0.897	0.502	1.013	0.758	-30.294	-0.976	-0.383	1.054	5.487	-40.489
31784	-1.000	-0.488	0.402	0.615	0.121	-37.527	0.147	-1.029	0.980	4.735	-37.579
31804	-1.000	-0.132	-0.041	0.155	5.502	-50.621	-1.020	-0.063	1.001	3.991	-39.309
31824	-1.000	-0.415	0.509	0.686	4.534	-48.108	0.393	0.885	0.940	3.206	-41.442
31844	-1.000	-0.437	0.514	0.749	3.735	-39.514	0.239	0.877	0.919	2.373	-43.077
31864	-1.000	-0.387	0.434	0.541	2.973	-41.111	-0.338	1.018	1.083	1.577	-41.476
31884	-1.000	-0.571	0.639	0.890	2.163	-42.169	0.245	1.182	1.244	0.802	-39.661
31904	-1.000	-0.719	0.452	0.841	1.451	-35.134	-0.264	1.103	1.165	0.043	-40.328
31924	-1.000	-0.872	0.600	1.053	0.848	-29.801	-1.144	-0.454	1.286	5.556	-40.279
31944	-1.000	-0.564	0.549	0.794	0.232	-34.710	0.494	-0.962	1.099	4.821	-38.058
31964	-1.000	-0.353	0.331	0.465	5.662	-48.654	-0.536	-0.803	0.960	4.074	-38.963
31984	-1.000	-0.312	0.511	0.654	4.706	-49.006	-0.624	0.845	1.058	3.289	-41.204
32004	-1.000	-0.551	0.465	0.686	3.912	-39.717	-0.212	1.031	1.102	2.493	-43.077
32024	-1.000	-0.417	0.390	0.635	3.157	-38.994	-0.784	0.628	0.996	1.695	-41.045
32044	-1.000	-0.481	0.673	0.860	2.344	-42.687	-0.573	0.844	1.014	0.925	-40.198
32064	-1.000	-0.693	0.660	0.932	1.608	-36.882	-0.757	0.673	1.022	0.155	-40.198
32084	-1.000	-0.756	0.490	0.939	0.989	-30.783	-0.788	-0.932	1.268	5.653	-40.536
32104	-1.000	-0.717	0.424	0.880	0.390	-32.553	1.003	-0.480	1.142	4.916	-39.018
32124	-1.000	-0.421	0.248	0.492	5.872	-45.090	0.612	-0.851	1.081	4.168	-38.028
32144	-1.000	-0.263	0.358	0.466	4.898	-50.349	-0.977	-0.051	0.986	3.393	-40.520
32164	-1.000	-0.553	0.691	0.907	4.067	-41.955	-0.859	0.854	1.264	2.595	-43.652
32184	-1.000	-0.622	0.540	0.862	3.320	-39.043	-0.937	-0.007	0.927	1.798	-42.602
32204	-1.000	-0.346	0.543	0.535	2.517	-43.319	-1.014	0.064	1.005	1.020	-40.619
32224	-1.000	-0.547	0.563	0.766	1.746	-38.111	-1.063	0.159	1.089	0.247	-40.158
32244	-1.000	-0.801	0.660	1.081	1.112	-31.362	-0.493	-1.056	1.212	5.746	-39.704
32264	-1.000	-0.764	0.593	0.948	0.528	-30.962	1.128	0.041	1.157	5.005	-37.347
32284	-1.000	-0.445	0.257	0.514	6.081	-42.509	0.998	0.226	1.004	4.269	-38.258
32304	-1.000	-0.148	0.005	0.163	5.113	-51.501	-0.323	-0.924	0.961	3.499	-40.190
32324	-1.000	-0.226	0.300	0.364	4.203	-44.485	-1.108	0.183	1.169	2.671	-42.304
32344	-1.000	-0.629	0.321	0.704	3.433	-38.808	-0.907	-0.389	1.003	1.873	-41.905
32364	-1.000	-0.544	0.655	0.885	2.629	-41.749	-1.113	-0.272	1.184	1.091	-40.706
32384	-1.000	-0.646	0.656	0.917	1.882	-39.931	-1.057	0.017	1.065	0.359	-38.885
32404	-1.000	-0.863	0.631	1.077	1.227	-32.612	-0.272	-0.924	0.952	5.871	-40.910
32424	-1.000	-0.777	0.608	0.988	0.649	-31.287	1.075	0.241	1.127	5.105	-38.862
32444	-1.000	-0.659	0.525	0.874	6.254	-39.669	0.511	0.943	1.078	4.361	-37.623
32464	-1.000	-0.059	-0.108	0.337	5.329	-50.929	0.768	-0.632	1.014	3.596	-39.982
32484	-1.000	-0.199	0.266	0.326	4.386	-46.669	-0.951	-0.734	1.247	2.786	-43.035
32504	-1.000	-0.268	-0.109	0.295	3.533	-51.418	-0.911	-0.308	0.956	1.980	-42.169
32524	-1.000	-0.363	0.272	0.466	2.769	-41.351	-0.802	-0.685	1.055	1.198	-40.432
32544	-1.000	-0.516	0.690	0.906	1.965	-41.351	-1.154	-0.193	1.197	0.426	-39.772
32564	-1.000	-0.863	0.688	1.112	1.313	-33.175	-0.336	-0.934	0.967	5.964	-40.448
32584	-1.000	-0.842	0.577	1.001	0.735	-30.252	1.092	0.146	1.127	5.197	-39.082
32604	-1.000	-0.586	0.340	0.704	0.095	-37.937	0.183	1.009	1.002	4.461	-38.365
32624	-1.000	-0.206	0.196	0.292	5.461	-51.061	0.989	-0.261	1.030	3.694	-39.341
32644	-1.000	-0.268	0.529	0.659	4.519	-47.832	-0.547	-1.003	1.188	2.887	-43.345
32664	-1.000	-0.533	0.421	0.741	3.723	-39.473	-0.076	-0.970	0.964	2.071	-42.451
32684	-1.000	-0.441	0.237	0.541	2.956	-41.160	0.097	-1.115	1.149	1.281	-40.877
32704	-1.000	-0.341	0.560	0.691	2.134	-41.706	-0.607	-1.002	1.201	0.518	-39.630
32724	-1.000	-0.717	0.545	0.914	1.430	-35.155	-0.105	-1.179	1.235	6.036	-40.747
32744	-1.000	-0.812	0.609	1.096	0.830	-29.872	1.199	0.162	1.247	5.277	-39.609
32764	-1.000	-0.557	0.601	0.778	0.238	-35.253	0.109	1.125	1.171	4.579	-38.594
32784	-1.000	-0.363	0.356	0.495	5.665	-48.785	1.228	0.340	1.325	3.832	-40.038
32804	-1.000	-0.337	0.523	0.651	4.709	-48.244	-0.154	-0.995	1.024	3.054	-42.986
32824	-1.000	-0.613	0.596	0.881	3.890	-40.882	-0.191	-1.022	1.048	2.240	-42.915
32844	-1.000	-0.558	0.361	0.697	3.134	-40.094	0.224	-1.089	1.156	1.443	-40.971
32864	-1.000	-0.270	0.398	0.536	2.315	-42.712	-0.383	-0.997	1.095	0.678	-39.840
32884	-1.000	-0.555	0.598	0.908	1.572	-36.691	-0.393	-1.061	1.187	6.206	-40.714
32904	-1.000	-0.832	0.386	0.921	0.969	-30.643	1.137	-0.248	1.220	5.439	-39.223
32924	-1.000	-0.637	0.613	0.852	0.336	-34.647	0.536	0.987	1.149	4.717	-38.242
32944	-1.000	-0.201	0.038	0.223	5.798	-46.781	0.872	0.513	1.011	3.975	-39.168
32964	-1.000	-0.014	0.128	0.146	4.863	-50.194	0.046	-0.955	0.943	3.211	-41.558
32984	-1.000	-0.525	0.345	0.657	3.998	-41.640	-0.577	-0.760	0.945	2.376	-42.509
33004	-1.000	-0.593	0.352	0.708	3.235	-39.569	-0.120	-1.000	0.998	1.586	-41.201
33024	-1.000	-0.306	0.502	0.612	2.418	-42.755	-0.649	-0.944	1.187	0.808	-39.733
33044	-1.000	-0.491	0.578	0.866	1.667	-37.823	-0.585	-0.934	1.125	0.049	-40.296
33064	-1.000	-0.837	0.545	0.984	1.051	-31.042	1.033	-0.669	1.283	5.555	-39.309
33084	-1.000	-0.720	0.573	0.926	0.442	-32.775	0.441	0.979	1.086	4.824	-38.587
33104	-1.000	-0.460	0.542	0.729	5.949	-45.252	0.517	0.829	0.951	4.077	-38.932
33124	-1.000	-0.218	0.319	0.415	5.001	-51.153	0.656	-0.799	1.027	3.293	-41.534
33144	-1.000	-0.303	0.511	0.528	4.123	-43.854	-0.140	-0.915	0.926	2.459	-42.406
33164	-1.000	-0.460	0.534	0.731	3.370	-38.986	0.419	-1.036	1.159	1.661	-41.716
33184	-1.000	-0.280	0.462	0.613	2.605	-42.500	0.396	-0.966	1.054	0.920	-39.709
33204	-1.000	-0.529	0.390	0.668	1.824	-39.923	0.131	-1.054	1.072	0.149	-40.263
33224	-1.000	-0.835	0.376	0.910	1.158	-31.996	1.111	-0.468	1.256	5.654	-40.256
33244	-1.000	-0.833	0.538	0.961	0.565	-30.373	0.165	1.086	1.125	4.918	-38.380
33264	-1.000	-0.565	0.623	0.880	6.151	-41.825	-0.461	0.920	1.026	4.172	-39.033
33284	-1.000	-0.104	-0.077	0.123	5.211	-51.388	0.926	0.373	0.972	3.395	-40.094
33304	-1.000	-0.334	0.247	0.443	4.284	-45.225	0.371	-0.907	0.955	2.563	-43.314
33324	-1.000	-0.650	0.625	0.911	3.507	-38.924	0.793	-0.703	1.067	1.764	-41.724
33344	-1.000	-0.547	0.659	0.878	2.726	-43.115	0.842	-0.907	1.291	0.986	-40.530
33364	-1.000	-0.360	0.473	0.636	1.940	-40.682	0.440	-1.084	1.215	0.230	-39.278
33384	-1.000	-0.739	0.635	0.939	1.287	-32.129	1.003	-0.056	0.997	5.771	-41.035
33404	-1.000	-0.775	0.526	0.932	0.710	-30.078	-0.472	1.017	1.136	5.007	-38.703
33424	-1.000	-0.546	0.636	0.903	0.051	-37.497	-1.033	0.068	1.019	4.264	-38.020
33444	-1.000	-0.070	0.105	0.109	5.438	-50.918	-0.107	0.969	0.948	3.501	-40.424
33464	-1.000	-0.105	0.374	0.422	4.488	-46.717	1.101	-0.090	1.160	2.675	-43.371
33484	-1.000	-0.601	0.610	0.887	3.698	-39.443	0.941	0.205	0.944	1.873	-41.989
33504	-1.000	-0.553	0.548	0.798	2.928	-41.236	1.120	0.467	1.262	1.086	-39.121
33524	-1.000	-0.316	0.490	0.508	2.121	-42.253	1.142	-0.245	1.205	0.333	-39.899
33544	-1.000	-0.768	0.694	1.024	1.411	-34.877	1.130	0.264	1.192	5.846	-39.482
33564	-1.000	-0.795	0.609	1.040	0.828	-30.324	-0.670	0.947	1.197	5.096	-39.286
33584	-1.000	-0.570	0.288	0.692	0.207	-35.838	-0.912	-0.481	1.040	4.363	-38.533
33604	-1.000	-0.131	-0.074	0.162	5.610	-50.108	-0.718	0.670	0.967	3.597	-39.380
33624	-1.000	-0.303	0.340	0.461	4.637	-48.766	1.133	0.368	1.235	2.786	-43.026
33644	-1.000	-0.409	0.521	0.714	3.843	-40.449	1.187	-0.001	1.237	2.011	-41.160
33664	-1.000	-0.397	0.560	0.694	3.091	-40.432	0.923	0.403	1.023	1.241	-40.763
33684	-1.000	-0.498	0.255	0.574	2.281	-41.649	1.059	-0.017	1.103	0.482	-39.772
33704	-1.000	-0.678	0.415	0.832	1.536	-36.465	1.053	0.033	1.086	5.993	-39.868
33724	-1.000	-0.801	0.595	0.998	0.917	-30.851	-0.074	0.995	0.966	5.237	-39.403
33744	-1.000	-0.581	0.489	0.827	0.313	-34.368	-1.294	0.106	1.364	4.501	-37.467
33764	-1.000	-0.366	0.369	0.525	5.765	-46.493	-0.767	0.793	1.125	3.766	-40.166
33784	-1.000	-0.307	0.456	0.563	4.809	-48.635	1.065	0.312	1.156	2.962	-42.483
33804	-1.000	-0.586	0.759	0.932	3.967	-41.698	0.969	0.130	0.959	2.154	-42.416
33824	-1.000	-0.604	0.458	0.792	3.227	-39.868	1.059	0.620	1.279	1.356	-40.886
33844	-1.000	-0.370	0.579	0.683	2.414	-41.939	1.275	0.025	1.335	0.604	-40.134
33864	-1.000	-0.499	0.588	0.898	1.664	-37.519	1.176	-0.025	1.220	6.134	-40.239
33884	-1.000	-0.864	0.544	1.013	1.046	-30.521	0.079	1.209	1.307	5.366	-39.646
33904	-1.000	-0.777	0.647	0.996	0.460	-31.995	-1.027	0.161	1.034	4.666	-38.767
33924	-1.000	-0.205	0.276	0.391	6.006	-42.840	-1.143	0.052	1.236	3.924	-39.443
33944	-1.000	-0.049	-0.068	0.060	5.045	-51.624	0.657	0.865	1.100	3.149	-42.132
33964	-1.000	-0.456	0.699	0.860	4.142	-43.593	1.036	0.058	1.039	2.329	-42.331
33984	-1.000	-0.674	0.684	0.937	3.396	-38.920	0.918	0.557	1.107	1.532	-40.776
34004	-1.000	-0.350	0.570	0.646	2.614	-42.712	1.214	0.030	1.249	0.798	-39.302
34024	-1.000	-0.403	0.529	0.733	1.845	-39.939	1.098	-0.141	1.139	0.044	-40.336
34044	-1.000	-0.751	0.574	0.985	1.193	-32.546	0.631	1.054	1.279	5.556	-39.270
34064	-1.000	-0.711	0.580	0.918	0.612	-30.875	-1.066	0.158	1.093	4.824	-38.456
34084	-1.000	-0.433	0.225	0.503	6.193	-41.111	-0.877	-0.420	0.957	4.076	-38.901
34104	-1.000	-0.211	0.148	0.311	5.274	-51.738	-0.229	0.890	0.932	3.320	-41.534
34124	-1.000	-0.435	0.571	0.748	4.350	-46.336	1.098	0.313	1.185	2.494	-43.679
34144	-1.000	-0.563	0.658	0.912	3.582	-39.082	0.829	0.657	1.069	1.703	-41.195
34164	-1.000	-0.520	0.647	0.903	2.816	-42.127	0.621	0.798	1.010	0.934	-39.756
34184	-1.000	-0.386	0.415	0.629	2.020	-41.724	0.843	0.516	0.983	0.169	-39.852
34204	-1.000	-0.819	0.544	0.953	1.330	-33.061	0.138	1.076	1.107	5.671	-40.690
34224	-1.000	-0.858	0.601	1.020	0.736	-30.276	-1.049	-0.185	1.070	4.923	-38.197
34244	-1.000	-0.588	0.319	0.694	0.097	-37.601	-0.266	-0.995	1.019	4.171	-38.088
34264	-1.000	-0.214	0.290	0.358	5.463	-50.581	-0.978	0.036	0.973	3.399	-41.053
34284	-1.000	-0.327	0.593	0.665	4.515	-46.846	0.004	0.900	0.922	2.565	-43.846
34304	-1.000	-0.475	0.601	0.801	3.751	-38.925	-0.234	0.905	0.930	1.789	-41.852
34324	-1.000	-0.479	0.601	0.856	3.004	-40.440	-0.644	0.925	1.153	1.002	-40.168
34344	-1.000	-0.411	0.358	0.534	2.198	-42.441	-0.201	1.127	1.176	0.235	-39.935
34364	-1.000	-0.669	0.631	0.908	1.474	-34.661	-0.584	1.048	1.242	5.748	-40.465
34384	-1.000	-0.746	0.430	0.898	0.885	-30.391	-0.866	-0.758	1.189	5.004	-37.527
34404	-1.000	-0.595	0.621	0.927	0.236	-34.544	0.349	-0.948	0.992	4.261	-38.792
34424	-1.000	-0.380	0.286	0.465	5.670	-48.100	-0.384	-0.898	0.946	3.493	-39.246
34444	-1.000	-0.349	0.499	0.635	4.711	-48.551	-0.812	0.595	0.975	2.669	-43.802
34464	-1.000	-0.632	0.549	0.872	3.890	-40.336	-0.755	0.623	0.957	1.870	-41.833
34484	-1.000	-0.412	0.524	0.645	3.166	-39.341	-1.019	0.178	1.028	1.106	-40.456
34504	-1.000	-0.496	0.519	0.733	2.361	-42.458	-0.865	0.735	1.160	0.336	-40.110
34524	-1.000	-0.686	0.620	0.927	1.611	-36.632	-0.914	0.711	1.211	5.841	-40.809
34544	-1.000	-0.802	0.596	0.925	0.992	-30.655	-0.721	-0.954	1.245	5.090	-38.608
34564	-1.000	-0.694	0.431	0.865	0.399	-32.775	0.839	-0.557	1.001	4.363	-38.571
34584	-1.000	-0.371	0.188	0.437	5.880	-45.964	0.586	-0.826	1.021	3.602	-39.764
34604	-1.000	-0.271	0.317	0.448	4.903	-50.540	-1.176	-0.221	1.240	2.786	-43.163
34624	-1.000	-0.382	0.674	0.836	4.041	-41.850	-0.945	0.334	0.989	1.983	-42.363
34644	-1.000	-0.648	0.394	0.778	3.327	-38.746	-0.959	-0.160	0.966	1.223	-40.200
34664	-1.000	-0.261	0.478	0.608	2.514	-43.687	-0.965	0.269	1.096	0.460	-38.796
34684	-1.000	-0.504	0.461	0.754	1.743	-38.854	-0.976	0.269	0.998	5.963	-40.601
34704	-1.000	-0.749	0.587	1.054	1.106	-31.042	-0.537	-0.986	1.150	5.194	-39.372
34724	-1.000	-0.737	0.509	0.915	0.529	-31.375	0.986	-0.242	0.992	4.462	-38.480
34744	-1.000	-0.434	0.243	0.488	6.082	-43.072	1.012	0.106	1.009	3.701	-40.327
34764	-1.000	-0.138	-0.017	0.152	5.117	-51.153	-0.155	-1.117	1.157	2.888	-42.006
34784	-1.000	-0.213	0.353	0.477	4.205	-44.335	-0.902	-0.470	1.006	2.074	-42.534
34804	-1.000	-0.517	0.364	0.697	3.445	-38.685	-0.871	-0.710	1.143	1.282	-40.264
34824	-1.000	-0.344	0.266	0.441	2.672	-41.978	-0.869	-0.513	1.002	0.541	-39.214
34844	-1.000	-0.598	0.736	0.932	1.875	-39.772	-1.091	-0.141	1.109	6.048	-40.352
34864	-1.000	-0.877	0.633	1.087	1.224	-32.307	-0.242	-1.135	1.195	5.278	-39.278
34884	-1.000	-0.775	0.580	0.980	0.643	-31.575	1.020	-0.074	1.004	4.554	-37.921
34904	-1.000	-0.629	0.596	0.896	6.253	-39.614	0.689	0.755	1.014	3.804	-39.372
34924	-1.000	-0.060	-0.100	0.151	5.329	-51.480	0.863	-0.406	0.938	3.008	-42.321
34944	-1.000	-0.198	0.288	0.388	4.383	-45.406	-0.198	-0.949	0.944	2.169	-41.816
34964	-1.000	-0.665	0.600	0.906	3.600	-39.090	-0.280	-1.057	1.107	1.382	-40.841
34984	-1.000	-0.613	0.509	0.823	2.830	-41.070	-0.208	-1.114	1.159	0.618	-39.939
35004	-1.000	-0.372	0.507	0.716	2.026	-40.134	-0.716	-0.920	1.203	6.133	-40.649
35024	-1.000	-0.694	0.507	0.829	1.364	-34.136	0.219	-1.034	1.079	5.392	-39.777
35044	-1.000	-0.882	0.484	0.974	0.759	-30.138	0.984	0.234	1.007	4.646	-37.301
35064	-1.000	-0.539	0.310	0.678	0.104	-36.692	0.235	1.007	1.051	3.899	-39.864
35084	-1.000	-0.197	0.090	0.227	5.484	-50.124	0.923	0.259	0.937	3.111	-42.211
35104	-1.000	-0.440	0.472	0.686	4.534	-47.209	0.246	-0.993	1.026	2.273	-41.724
35124	-1.000	-0.498	0.528	0.691	3.737	-38.878	0.272	-1.010	1.062	1.485	-40.996
35144	-1.000	-0.358	0.419	0.591	2.979	-40.739	0.406	-1.093	1.194	0.710	-39.852
35164	-1.000	-0.550	0.627	0.868	2.168	-42.044	-0.231	-1.123	1.186	6.229	-40.120
35184	-1.000	-0.699	0.487	0.847	1.451	-35.064	0.327	-1.237	1.332	5.458	-39.967
35204	-1.000	-0.806	0.421	0.915	0.871	-29.718	1.036	0.149	1.091	4.760	-38.081
35224	-1.000	-0.581	0.615	0.833	0.241	-34.485	0.383	1.166	1.293	4.024	-38.796
35244	-1.000	-0.293	0.148	0.354	5.683	-48.781	1.079	0.505	1.237	3.260	-41.384
35264	-1.000	-0.327	0.463	0.598	4.717	-49.911	0.362	-0.899	0.941	2.450	-43.722
35284	-1.000	-0.604	0.579	0.871	3.889	-40.784	-0.009	-1.105	1.169	1.641	-42.281
35304	-1.000	-0.545	0.394	0.702	3.135	-39.998	0.069	-1.242	1.286	0.877	-40.368
35324	-1.000	-0.301	0.471	0.485	2.315	-43.072	-0.728	-0.934	1.232	0.130	-40.214
35344	-1.000	-0.590	0.629	0.924	1.569	-36.190	-0.558	-1.082	1.268	5.645	-40.152
35364	-1.000	-0.826	0.408	0.922	0.966	-30.962	1.035	-0.533	1.211	4.910	-38.043
35384	-1.000	-0.613	0.601	0.823	0.337	-34.396	0.718	0.726	1.016	4.169	-38.081
35404	-1.000	-0.233	0.305	0.413	5.838	-47.692	0.880	0.452	0.995	3.427	-41.353
35424	-1.000	-0.017	0.248	0.253	4.864	-50.339	0.283	-1.063	1.125	2.608	-43.060
35444	-1.000	-0.489	0.359	0.588	4.011	-42.662	-0.312	-0.906	0.932	1.801	-41.649
35464	-1.000	-0.517	0.383	0.662	3.246	-38.633	0.038	-1.010	0.994	1.025	-40.303
35484	-1.000	-0.509	0.672	0.883	2.433	-41.880	-0.388	-0.970	1.052	0.249	-39.943
35504	-1.000	-0.667	0.726	0.916	1.686	-38.273	-0.393	-1.126	1.234	5.743	-39.593
35524	-1.000	-0.796	0.459	0.935	1.069	-30.631	1.086	-0.366	1.181	5.005	-38.449
35544	-1.000	-0.793	0.660	1.006	0.462	-32.365	0.432	0.916	0.997	4.264	-37.861
35564	-1.000	-0.306	0.141	0.344	5.987	-43.267	0.119	0.976	0.957	3.494	-39.529
35584	-1.000	-0.098	0.062	0.143	5.019	-51.317	0.949	-0.543	1.132	2.669	-42.670
35604	-1.000	-0.320	0.511	0.662	4.122	-43.435	0.218	-0.972	0.962	1.876	-41.683
35624	-1.000	-0.665	0.687	0.931	3.396	-38.912	0.608	-0.780	0.986	1.117	-40.160
35644	-1.000	-0.336	0.635	0.709	2.611	-42.166	0.513	-0.942	1.076	0.344	-39.915
35664	-1.000	-0.463	0.444	0.663	1.835	-39.309	0.285	-1.129	1.202	5.844	-40.561
35684	-1.000	-0.730	0.500	0.923	1.177	-32.162	1.005	-0.205	1.020	5.116	-34.919
35704	-1.000	-0.772	0.391	0.890	0.588	-31.393	0.263	1.034	1.072	4.369	-38.098
35724	-1.000	-0.518	0.634	0.836	6.142	-40.837	-0.083	1.092	1.143	3.614	-39.270
35744	-1.000	-0.113	-0.027	0.116	5.206	-50.214	0.903	0.390	0.972	2.813	-43.215
35764	-1.000	-0.329	0.286	0.448	4.283	-44.530	0.635	-0.704	0.956	1.990	-42.296
35784	-1.000	-0.641	0.520	0.858	3.511	-37.997	0.798	-0.591	0.968	1.209	-40.788
35804	-1.000	-0.587	0.646	0.890	2.726	-41.833	0.795	-0.808	1.173	0.430	-39.529
35824	-1.000	-0.602	0.758	0.936	1.963	-39.779	0.576	-0.777	0.952	5.969	-40.368
35844	-1.000	-0.815	0.703	1.128	1.301	-32.989	1.098	0.167	1.132	5.197	-39.121
35864	-1.000	-0.772	0.545	0.985	0.729	-30.680	-0.447	0.865	1.029	4.456	-38.288
35884	-1.000	-0.621	0.535	0.850	0.080	-38.119	-0.977	-0.065	0.971	3.694	-40.230
35904	-1.000	-0.190	0.204	0.271	5.458	-51.102	-0.581	1.029	1.222	2.879	-41.900
35924	-1.000	-0.283	0.530	0.590	4.516	-48.138	1.122	0.132	1.171	2.121	-52.218
35944	-1.000	-0.558	0.377	0.694	3.725	-39.489	1.095	-0.186	1.106	1.342	-40.801
35964	-1.000	-0.461	0.244	0.555	2.953	-41.276	1.166	-0.322	1.262	0.592	-39.254
35984	-1.000	-0.323	0.554	0.572	2.128	-42.098	0.550	-1.155	1.333	6.118	-39.696
36004	-1.000	-0.744	0.643	0.949	1.420	-34.801	0.988	-0.786	1.324	5.364	-39.780
36024	-1.000	-0.797	0.606	1.011	0.828	-29.958	0.469	0.892	1.005	4.642	-37.997
36044	-1.000	-0.594	0.355	0.692	0.207	-35.574	-0.866	0.527	1.000	3.886	-39.529
36064	-1.000	-0.139	-0.074	0.185	5.610	-49.691	-0.020	1.098	1.113	3.088	-42.014
36084	-1.000	-0.060	0.097	0.131	4.668	-48.934	1.028	-0.140	1.061	2.292	-42.644
36104	-1.000	-0.446	0.491	0.712	3.835	-40.184	0.883	-0.405	0.949	1.505	-41.162
36124	-1.000	-0.379	0.512	0.745	3.083	-39.317	0.998	-0.076	0.976	0.732	-40.295
36144	-1.000	-0.495	0.277	0.596	2.284	-42.492	0.938	-0.516	1.090	6.242	-40.248
36164	-1.000	-0.680	0.412	0.840	1.536	-36.253	1.092	-0.509	1.255	5.467	-40.652
36184	-1.000	-0.819	0.598	1.063	0.920	-30.747	0.696	0.864	1.032	4.738	-38.434
36204	-1.000	-0.584	0.461	0.812	0.321	-34.088	-0.865	0.551	1.033	3.988	-39.278
36224	-1.000	-0.325	0.279	0.446	5.774	-47.717	-0.669	0.700	0.952	3.201	-41.393
36244	-1.000	-0.256	0.429	0.482	4.811	-49.978	0.650	0.632	0.918	2.367	-43.206
36264	-1.000	-0.589	0.768	0.937	3.962	-41.739	1.128	0.223	1.188	1.562	-41.130
36284	-1.000	-0.637	0.446	0.813	3.224	-38.610	1.080	0.558	1.256	0.796	-40.166
36304	-1.000	-0.289	0.479	0.661	2.418	-42.943	1.141	-0.064	1.171	0.041	-40.279
36324	-1.000	-0.604	0.670	0.843	1.664	-36.604	1.234	0.052	1.290	5.559	-39.349
36344	-1.000	-0.852	0.526	0.973	1.049	-30.300	0.054	1.064	1.066	4.823	-37.653
36364	-1.000	-0.744	0.619	0.927	0.442	-31.856	-0.952	0.059	0.935	4.076	-38.870
36384	-1.000	-0.429	0.512	0.687	5.952	-45.125	-1.018	-0.118	1.022	3.289	-40.835
36404	-1.000	-0.072	-0.096	0.119	5.028	-51.184	-0.083	1.139	1.191	2.485	-43.556
36424	-1.000	-0.271	0.459	0.627	4.126	-43.837	0.762	0.597	0.941	1.695	-42.039
36444	-1.000	-0.487	0.594	0.646	3.373	-38.878	0.634	0.857	1.079	0.917	-40.206
36464	-1.000	-0.303	0.264	0.447	2.579	-43.055	0.843	0.649	1.082	0.149	-38.963
36484	-1.000	-0.664	0.693	0.932	1.789	-39.121	1.166	0.372	1.275	5.651	-40.617
36504	-1.000	-0.841	0.453	0.931	1.150	-31.512	0.028	1.106	1.130	4.918	-38.571
36524	-1.000	-0.824	0.643	1.014	0.549	-31.900	-1.001	0.063	0.980	4.172	-39.018
36544	-1.000	-0.280	0.360	0.519	6.119	-41.889	-0.640	-0.744	0.967	3.395	-40.666
36564	-1.000	-0.166	0.193	0.228	5.162	-50.178	-0.735	0.637	0.944	2.560	-42.431
36584	-1.000	-0.461	0.630	0.805	4.258	-45.180	0.276	1.058	1.112	1.759	-41.599
36604	-1.000	-0.623	0.698	0.929	3.501	-38.979	0.254	1.244	1.313	0.985	-40.424
36624	-1.000	-0.517	0.308	0.639	2.752	-41.691	0.140	0.987	0.995	0.264	-39.764
36644	-1.000	-0.376	0.526	0.708	1.945	-40.714	0.620	0.909	1.119	5.759	-40.812
36664	-1.000	-0.742	0.426	0.907	1.275	-32.060	-0.362	1.065	1.152	5.007	-38.197
36684	-1.000	-0.768	0.446	0.895	0.690	-30.594	-0.897	-0.487	1.012	4.261	-37.906
36704	-1.000	-0.587	0.317	0.698	6.277	-39.868	-0.141	-0.942	0.933	3.494	-40.513
36724	-1.000	-0.100	0.088	0.061	5.343	-51.377	-0.949	-0.064	0.938	2.666	-43.767
36744	-1.000	-0.178	0.435	0.465	4.398	-45.530	-0.309	1.019	1.073	1.856	-41.930
36764	-1.000	-0.650	0.385	0.753	3.620	-37.899	-0.185	1.209	1.297	1.077	-40.552
36784	-1.000	-0.606	0.424	0.769	2.836	-40.763	0.131	1.216	1.274	0.327	-39.026
36804	-1.000	-0.392	0.546	0.654	2.029	-40.231	0.711	0.943	1.223	5.843	-40.457
36824	-1.000	-0.754	0.396	0.886	1.344	-33.986	-0.119	1.162	1.205	5.093	-38.181
36844	-1.000	-0.877	0.457	0.963	0.762	-30.084	-1.140	0.289	1.235	4.390	-37.482
36864	-1.000	-0.535	0.392	0.672	0.109	-36.356	-0.853	-0.882	1.266	3.649	-40.086
36884	-1.000	-0.164	0.030	0.182	5.493	-50.440	-0.953	0.313	1.005	2.852	-42.262
36904	-1.000	-0.401	0.461	0.651	4.538	-48.090	0.359	1.086	1.176	2.040	-42.602
36924	-1.000	-0.411	0.473	0.703	3.741	-39.733	0.634	0.957	1.151	1.258	-40.561
36944	-1.000	-0.331	0.372	0.562	2.979	-41.268	0.663	0.937	1.291	0.508	-39.135
36964	-1.000	-0.568	0.594	0.862	2.166	-42.203	1.159	0.416	1.289	6.033	-40.641
36984	-1.000	-0.668	0.474	0.881	1.451	-35.454	0.854	0.869	1.280	5.271	-38.487
37004	-1.000	-0.867	0.576	1.028	0.851	-29.394	-0.635	0.770	0.996	4.551	-38.319
37024	-1.000	-0.415	0.400	0.739	0.238	-35.190	-0.824	-0.613	1.038	3.792	-38.571
37044	-1.000	-0.389	0.386	0.563	5.668	-48.790	-0.996	-0.135	1.010	2.999	-42.704
37064	-1.000	-0.338	0.481	0.627	4.711	-48.341	-0.302	0.887	0.930	2.169	-42.158
37084	-1.000	-0.482	0.396	0.696	3.918	-41.127	0.189	0.984	0.998	1.413	-41.037
37104	-1.000	-0.461	0.331	0.542	3.158	-40.303	-0.025	0.996	0.998	0.640	-38.734
37124	-1.000	-0.538	0.709	0.907	2.341	-41.934	0.337	0.953	0.955	6.157	-39.712
37144	-1.000	-0.676	0.682	0.933	1.606	-36.989	0.218	1.168	1.241	5.374	-39.677
37164	-1.000	-0.763	0.558	0.908	0.996	-30.968	-0.953	0.316	0.995	4.643	-37.130
37184	-1.000	-0.725	0.440	0.871	0.390	-33.101	-0.206	-0.980	1.012	3.892	-39.569
37204	-1.000	-0.402	0.279	0.495	5.874	-46.169	-0.252	-1.000	1.028	3.096	-41.789
37224	-1.000	-0.245	0.351	0.455	4.906	-50.652	-0.942	0.184	0.937	2.267	-43.250
37244	-1.000	-0.402	0.637	0.764	4.041	-41.976	-0.573	1.020	1.217	1.468	-41.034
37264	-1.000	-0.653	0.703	0.932	3.304	-39.333	-0.791	0.845	1.195	0.706	-39.860
37284	-1.000	-0.311	0.507	0.530	2.508	-42.704	-0.545	1.024	1.193	6.231	-40.368
37304	-1.000	-0.490	0.707	0.879	1.769	-39.309	-0.541	0.904	1.050	5.489	-40.190
37324	-1.000	-0.906	0.590	1.080	1.132	-31.468	-0.968	-0.208	0.960	4.738	-38.250
37344	-1.000	-0.820	0.614	0.993	0.546	-30.766	0.335	-0.930	0.969	3.991	-39.349
37364	-1.000	-0.299	0.429	0.474	6.122	-42.136	0.942	-0.377	0.991	3.204	-40.086
37384	-1.000	-0.182	0.164	0.231	5.171	-51.184	-0.177	-0.898	0.928	2.379	-43.181
37404	-1.000	-0.471	0.552	0.746	4.263	-45.081	-0.969	-0.331	1.023	1.580	-41.500
37424	-1.000	-0.649	0.656	0.924	3.497	-38.564	-1.145	-0.386	1.250	0.801	-39.772
37444	-1.000	-0.568	0.668	0.902	2.727	-42.542	-1.097	-0.233	1.161	0.044	-40.327
37464	-1.000	-0.390	0.528	0.603	1.940	-40.538	-1.247	0.096	1.315	5.555	-40.303
37484	-1.000	-0.737	0.497	0.887	1.266	-32.768	-0.780	-0.762	1.119	4.818	-38.610
37504	-1.000	-0.814	0.425	0.921	0.676	-30.300	0.780	-0.578	0.953	4.073	-38.877
37524	-1.000	-0.587	0.291	0.693	6.279	-39.537	0.930	0.481	1.043	3.289	-41.376
37544	-1.000	-0.208	0.236	0.310	5.375	-51.619	0.695	-0.806	1.095	2.490	-43.940
37564	-1.000	-0.433	0.584	0.752	4.441	-46.186	-0.498	-0.838	0.952	1.697	-42.082
37584	-1.000	-0.440	0.554	0.809	3.662	-39.067	-0.626	-0.878	1.093	0.913	-40.449
37604	-1.000	-0.382	0.558	0.637	2.896	-41.509	-0.600	-0.897	1.098	0.146	-40.150
37624	-1.000	-0.530	0.350	0.667	2.089	-40.649	-1.032	-0.642	1.266	5.650	-39.498
37644	-1.000	-0.659	0.646	0.856	1.384	-34.082	-0.628	-0.926	1.142	4.913	-39.025
37664	-1.000	-0.781	0.463	0.931	0.798	-30.114	0.883	-0.489	0.996	4.174	-39.183
37684	-1.000	-0.643	0.658	0.925	0.158	-36.509	0.386	0.872	0.939	3.396	-41.377
37704	-1.000	-0.349	0.372	0.526	5.564	-48.908	0.877	0.473	0.987	2.568	-43.267
37724	-1.000	-0.359	0.582	0.711	4.616	-47.383	0.667	-0.857	1.108	1.759	-41.880
37744	-1.000	-0.550	0.358	0.685	3.817	-40.910	0.173	-1.233	1.304	0.983	-39.436
37764	-1.000	-0.579	0.261	0.653	3.046	-40.747	0.045	-1.164	1.202	0.232	-40.070
37784	-1.000	-0.501	0.649	0.840	2.249	-42.729	-0.410	-0.911	0.975	5.772	-39.764
37804	-1.000	-0.704	0.527	0.902	1.523	-36.633	-0.040	-1.111	1.124	5.010	-38.788
37824	-1.000	-0.776	0.588	1.023	0.910	-30.759	0.981	-0.263	1.019	4.264	-38.342
37844	-1.000	-0.587	0.515	0.797	0.311	-34.007	-0.102	0.938	0.931	3.501	-40.134
37864	-1.000	-0.406	0.447	0.639	5.759	-46.680	0.220	1.078	1.096	2.677	-43.267
37884	-1.000	-0.266	0.380	0.344	4.804	-49.532	0.964	-0.044	0.979	1.875	-41.789
37904	-1.000	-0.551	0.752	0.919	3.958	-41.533	0.780	-0.918	1.255	1.081	-39.733
37924	-1.000	-0.637	0.450	0.817	3.227	-39.608	0.932	-0.693	1.199	0.330	-38.812
37944	-1.000	-0.329	0.550	0.565	2.410	-43.155	0.505	-1.063	1.228	5.841	-41.037
37964	-1.000	-0.605	0.744	0.843	1.660	-37.944	0.501	-1.070	1.219	5.091	-39.191
37984	-1.000	-0.897	0.633	1.112	1.039	-30.294	1.018	0.131	1.028	4.364	-38.525
38004	-1.000	-0.789	0.623	0.976	0.462	-32.436	-0.153	1.050	1.093	3.625	-40.424
38024	-1.000	-0.277	0.186	0.341	5.996	-43.441	-0.832	0.448	0.932	2.819	-42.406
38044	-1.000	-0.062	-0.071	0.102	5.031	-51.296	0.599	0.817	1.024	1.999	-42.321
38064	-1.000	-0.324	0.575	0.680	4.126	-43.515	0.915	-0.280	0.952	1.213	-40.569
38084	-1.000	-0.529	0.634	0.825	3.384	-39.104	1.019	-0.065	1.003	0.448	-39.127
38104	-1.000	-0.261	0.416	0.447	2.595	-43.215	1.055	-0.241	1.088	5.952	-40.054
38124	-1.000	-0.598	0.434	0.765	1.812	-39.664	1.019	-0.539	1.197	5.188	-39.443
38144	-1.000	-0.845	0.408	0.927	1.150	-31.818	0.943	0.359	0.997	4.459	-38.166
38164	-1.000	-0.831	0.581	0.960	0.554	-30.667	-0.531	0.810	0.960	3.697	-39.804
38184	-1.000	-0.411	0.561	0.695	6.128	-40.955	-1.142	0.040	1.179	2.888	-42.416
38204	-1.000	-0.179	0.168	0.274	5.188	-51.529	-0.295	0.965	0.993	2.074	-42.094
38224	-1.000	-0.354	0.289	0.466	4.280	-45.307	0.874	0.563	1.021	1.290	-40.673
38244	-1.000	-0.545	0.346	0.700	3.537	-38.932	0.885	0.497	0.995	0.551	-40.190
38264	-1.000	-0.538	0.458	0.730	2.746	-42.077	0.980	0.372	1.049	6.058	-40.224
38284	-1.000	-0.391	0.530	0.674	1.939	-40.690	1.161	-0.097	1.211	5.280	-39.498
38304	-1.000	-0.725	0.506	0.881	1.270	-32.832	0.791	0.629	1.010	4.548	-38.030
38324	-1.000	-0.794	0.442	0.919	0.681	-30.747	-0.703	0.768	1.056	3.797	-39.263
38344	-1.000	-0.523	0.240	0.605	0.006	-39.513	-0.878	-0.521	1.010	2.997	-41.351
38364	-1.000	-0.081	0.044	0.097	5.344	-51.061	-0.789	0.505	0.930	2.174	-42.917
38384	-1.000	-0.164	0.483	0.590	4.404	-45.549	0.696	0.889	1.152	1.381	-40.939
38404	-1.000	-0.573	0.366	0.686	3.626	-38.835	0.921	0.750	1.232	0.614	-39.451
38424	-1.000	-0.579	0.334	0.701	2.844	-41.739	1.025	0.575	1.231	6.131	-40.152
38444	-1.000	-0.342	0.464	0.629	2.029	-41.056	1.251	-0.197	1.311	5.364	-39.777
38464	-1.000	-0.694	0.530	0.834	1.362	-33.381	1.055	0.279	1.098	4.669	-37.914
38484	-1.000	-0.837	0.417	0.930	0.772	-30.735	-0.145	1.191	1.259	3.930	-39.436
38504	-1.000	-0.526	0.412	0.635	0.115	-36.480	-1.169	0.198	1.232	3.157	-40.869
38524	-1.000	-0.140	-0.052	0.162	5.499	-49.217	-0.726	0.573	0.929	2.350	-43.172
38544	-1.000	-0.415	0.481	0.674	4.538	-48.194	1.032	0.489	1.194	1.540	-41.146
38564	-1.000	-0.415	0.519	0.704	3.740	-40.206	1.184	-0.061	1.240	0.782	-39.868
38584	-1.000	-0.379	0.440	0.562	2.981	-40.690	1.259	-0.145	1.326	0.031	-40.174
38604	-1.000	-0.575	0.588	0.860	2.168	-42.169	1.029	-0.701	1.315	5.550	-40.240
38624	-1.000	-0.720	0.396	0.836	1.454	-35.432	1.044	-0.347	1.126	4.817	-37.593
38644	-1.000	-0.846	0.629	1.037	0.851	-30.735	0.325	0.894	0.934	4.074	-39.104
38664	-1.000	-0.554	0.507	0.793	0.233	-34.666	-1.030	0.062	1.033	3.289	-41.434
38684	-1.000	-0.338	0.326	0.459	5.660	-48.902	-0.831	0.348	0.917	2.462	-43.224
38704	-1.000	-0.169	0.100	0.208	4.735	-49.316	0.228	0.959	0.959	1.687	-41.064
38724	-1.000	-0.624	0.482	0.831	3.895	-40.239	1.036	0.523	1.195	0.905	-39.278
38744	-1.000	-0.547	0.364	0.694	3.140	-40.014	0.978	0.533	1.150	0.143	-39.919
38764	-1.000	-0.282	0.460	0.635	2.313	-42.857	1.226	-0.101	1.283	5.650	-40.649
38784	-1.000	-0.635	0.691	0.931	1.572	-35.454	1.126	0.037	1.165	4.913	-38.541
38804	-1.000	-0.815	0.442	0.919	0.971	-30.060	0.204	1.119	1.073	4.172	-38.971
38824	-1.000	-0.650	0.635	0.921	0.345	-34.320	-0.974	-0.063	0.949	3.395	-40.674
38844	-1.000	-0.162	0.184	0.232	5.811	-47.068	-0.908	-0.192	0.931	2.562	-43.189
38864	-1.000	-0.124	0.293	0.303	4.875	-50.249	-0.280	0.905	0.937	1.782	-41.442
38884	-1.000	-0.388	0.491	0.639	4.021	-41.228	0.767	0.913	1.231	0.996	-40.216
38904	-1.000	-0.406	0.487	0.641	3.270	-39.693	0.711	0.885	1.170	0.235	-40.062
38924	-1.000	-0.558	0.316	0.665	2.462	-42.457	1.040	0.573	1.233	5.746	-40.886
38944	-1.000	-0.726	0.681	0.970	1.689	-37.369	1.120	0.342	1.214	5.001	-38.932
38964	-1.000	-0.789	0.423	0.911	1.071	-31.237	0.095	0.996	0.993	4.271	-38.495
38984	-1.000	-0.780	0.684	1.025	0.460	-32.430	-0.971	-0.059	0.955	3.496	-39.498
39004	-1.000	-0.225	0.235	0.338	5.990	-43.994	-0.801	-0.723	1.097	2.674	-43.009
39024	-1.000	-0.108	0.026	0.113	5.018	-50.008	-0.637	0.718	0.938	1.879	-42.056
39044	-1.000	-0.363	0.615	0.663	4.123	-43.481	0.663	0.949	1.195	1.091	-40.577
39064	-1.000	-0.529	0.634	0.785	3.384	-39.049	0.555	1.008	1.187	0.333	-40.044
39084	-1.000	-0.227	0.390	0.521	2.599	-42.969	0.752	0.903	1.226	5.841	-40.739
39104	-1.000	-0.614	0.377	0.741	1.815	-39.286	0.985	0.684	1.237	5.090	-37.838
39124	-1.000	-0.802	0.389	0.926	1.155	-31.780	0.145	1.023	1.028	4.363	-38.518
39144	-1.000	-0.784	0.468	0.919	0.578	-31.144	-1.033	0.191	1.029	3.625	-39.967
39164	-1.000	-0.568	0.642	0.887	6.145	-40.968	-0.437	-0.822	0.928	2.821	-43.336
39184	-1.000	-0.088	-0.019	0.101	5.211	-51.531	-1.000	0.268	1.057	2.000	-42.372
39204	-1.000	-0.285	0.273	0.435	4.287	-45.333	1.031	0.028	1.058	1.339	-32.417
39224	-1.000	-0.636	0.570	0.884	3.511	-38.901	1.025	-0.178	1.091	0.577	-39.450
39244	-1.000	-0.548	0.671	0.881	2.730	-42.526	0.951	-0.417	1.035	6.096	-40.593
39264	-1.000	-0.384	0.538	0.677	1.942	-40.504	0.821	-0.755	1.162	5.338	-39.701
39284	-1.000	-0.727	0.483	0.905	1.267	-32.156	1.231	-0.177	1.322	4.607	-38.005
39304	-1.000	-0.795	0.434	0.918	0.683	-31.086	-0.080	1.016	1.005	3.872	-39.988
39324	-1.000	-0.559	0.223	0.637	6.280	-39.325	-1.048	0.570	1.294	3.066	-41.822
39344	-1.000	-0.123	0.032	0.131	5.400	-51.358	-0.067	1.030	0.998	2.290	-43.397
39364	-1.000	-0.380	0.466	0.633	4.447	-47.279	1.019	0.088	1.019	1.500	-40.512
39384	-1.000	-0.488	0.649	0.787	3.666	-39.262	1.009	-0.121	0.990	0.732	-39.356
39404	-1.000	-0.405	0.664	0.802	2.908	-41.558	1.049	0.090	1.061	6.243	-40.240
39424	-1.000	-0.415	0.348	0.549	2.102	-40.593	1.168	-0.419	1.286	5.461	-38.854
39444	-1.000	-0.719	0.722	0.983	1.393	-33.924	1.028	0.015	1.029	4.731	-37.625
39464	-1.000	-0.800	0.586	0.920	0.816	-29.915	-0.168	1.011	1.031	3.984	-38.581
39484	-1.000	-0.711	0.365	0.835	0.183	-36.122	-0.910	-0.345	0.951	3.206	-41.600
39504	-1.000	-0.214	0.193	0.331	5.581	-50.058	-0.897	0.268	0.928	2.372	-42.900
39524	-1.000	-0.356	0.482	0.631	4.625	-47.725	0.280	1.037	1.074	1.575	-40.400
39544	-1.000	-0.531	0.386	0.703	3.813	-39.490	0.954	0.746	1.247	0.798	-40.190
39564	-1.000	-0.466	0.229	0.532	3.056	-41.160	0.888	0.680	1.155	0.043	-39.286
39584	-1.000	-0.307	0.498	0.681	2.229	-42.551	1.245	-0.029	1.296	5.555	-40.134
39604	-1.000	-0.740	0.680	0.997	1.508	-36.231	1.023	0.304	1.069	4.824	-38.963
39624	-1.000	-0.775	0.588	0.928	0.911	-30.637	-0.261	0.931	0.946	4.077	-38.909
39644	-1.000	-0.572	0.471	0.761	0.301	-34.458	-0.809	-0.601	0.987	3.292	-40.303
39664	-1.000	-0.324	0.212	0.411	5.774	-47.188	-1.068	-0.433	1.192	2.494	-43.029
39684	-1.000	-0.251	0.350	0.460	4.807	-50.144	-0.312	0.902	0.938	1.698	-41.558
39704	-1.000	-0.557	0.739	0.928	3.965	-41.336	0.385	0.952	1.031	0.922	-40.224
39724	-1.000	-0.617	0.468	0.810	3.226	-39.466	0.141	1.067	1.097	0.147	-40.078
39744	-1.000	-0.323	0.530	0.520	2.416	-43.017	0.670	1.015	1.259	5.656	-39.725
39764	-1.000	-0.542	0.605	0.899	1.661	-37.152	0.591	0.933	1.139	4.918	-38.111
39784	-1.000	-0.870	0.563	1.011	1.046	-30.869	-0.667	0.747	0.987	4.169	-38.885
