--- Terminal on /dev/ttyUSB0 | 115200 8-N-1
--- Available filters and text transformations: colorize, debug, default, direct, esp32_exception_decoder, hexlify, log2file, nocontrol, printable, send_on_enter, time
--- More details at https://bit.ly/pio-monitor-filters
--- Quit: Ctrl+C | Menu: Ctrl+T | Help: Ctrl+T followed by Ctrl+H
MOT: Init
MOT: Enable driver.
MOT: Align sensor.
MOT: sensor_direction==CW
MOT: PP check: OK!
MOT: Zero elec. angle: 3.96
MOT: Align current sense.
CS: Inv B
MOT: Success: 3
MOT: Ready.
MOT: Monitor enabled!
ESP32-DRV: Configuring 3PWM in group: 1 on timer: 0
ESP32-DRV: Configuring 2 operators.
ESP32-DRV: Configuring 3 comparators.
ESP32-DRV: Configuring 3 generators.
ESP32-DRV: Configuring center-aligned pwm.
ESP32-DRV: Enabling timer: 0
ESP32-DRV: MCPWM configured!
MOT: Init
MOT: Enable driver.
MOT: Align sensor.
MOT: sensor_direction==CW
MOT: PP check: OK!
MOT: Zero elec. angle: 0.72
MOT: Align current sense.
CS: Inv B
MOT: Success: 3
MOT: Ready.
0	0.000	0.061	0.012	0.076	2.214	0.006	-0.111	0.082	0.192	3.682	0.047
16724	0.000	-0.029	0.012	0.007	2.215	-0.603	0.026	-0.006	0.027	3.622	-2.713
16744	0.000	0.015	0.006	0.045	2.209	0.307	0.013	-0.034	0.089	3.540	-3.992
16764	0.000	0.018	-0.027	0.194	2.200	-0.302	0.006	-0.016	0.014	3.467	-2.115
16784	0.000	-0.011	0.002	0.005	2.201	0.000	0.005	-0.027	0.045	3.494	1.811
16804	0.000	-0.011	-0.003	0.017	2.200	0.000	0.002	-0.019	0.016	3.490	-1.811
16824	0.000	0.013	0.015	0.035	2.203	0.302	0.029	-0.009	0.043	3.501	1.207
16844	0.000	-0.020	-0.003	0.015	2.186	-1.512	0.017	-0.054	0.044	3.494	-0.302
16864	0.000	-0.001	-0.017	0.010	2.148	-1.534	0.033	-0.008	0.032	3.497	-0.307
16884	0.000	0.008	0.025	0.021	2.132	-0.921	-0.005	-0.015	0.022	3.497	-0.614
16904	0.000	0.020	-0.017	0.008	2.125	0.307	-0.070	-0.046	0.028	3.484	0.307
16924	0.000	-0.015	-0.011	0.020	2.125	-0.307	0.028	-0.027	0.032	3.517	0.614
16944	0.000	0.024	0.006	0.010	2.123	-0.614	0.032	0.004	0.039	3.499	-1.535
16964	0.000	-0.004	-0.008	0.033	2.123	0.000	0.009	0.005	0.011	3.502	0.000
16984	0.000	0.028	0.006	0.102	2.123	-0.614	0.027	0.026	0.024	3.485	-2.454
17004	0.000	-0.014	0.059	0.027	2.134	0.000	0.010	-0.038	0.026	3.510	1.227
17024	0.000	0.009	0.002	0.109	2.123	0.307	0.009	-0.033	0.095	3.496	-0.614
17044	0.000	-0.007	-0.003	0.014	2.135	0.614	0.008	0.030	0.008	3.499	0.000
17064	0.000	0.007	0.008	0.012	2.115	-0.614	0.019	0.017	0.029	3.497	0.000
17084	0.000	0.028	0.001	0.035	2.135	-0.307	0.023	0.014	0.023	3.497	-0.614
17104	0.000	-0.006	0.006	0.013	2.123	-0.307	0.016	-0.023	0.030	3.501	0.307
17124	0.000	-0.011	0.005	0.012	2.126	-0.307	0.019	-0.023	0.033	3.499	0.000
17144	0.000	-0.009	0.006	0.008	2.126	-0.307	0.026	-0.015	0.028	3.499	-0.307
17164	0.000	-0.018	0.009	0.021	2.131	0.920	0.032	-0.014	0.034	3.511	1.534
17184	0.000	-0.009	0.003	0.029	2.118	-0.614	-0.002	0.006	0.032	3.505	-1.534
17204	0.000	-0.007	0.011	0.007	2.126	0.000	-0.001	0.012	0.030	3.504	0.000
17224	0.000	0.017	0.005	0.037	2.123	0.613	0.002	-0.041	0.057	3.502	-0.307
17244	0.000	0.024	0.005	0.015	2.125	-0.306	0.019	0.002	0.021	3.513	0.919
17264	0.000	0.062	0.003	0.043	2.125	0.000	-0.006	-0.031	0.032	3.496	-0.920
17284	0.000	0.243	0.180	0.014	2.131	-0.307	0.033	-0.006	0.036	3.505	0.614
17304	0.000	0.009	0.016	0.020	2.120	0.307	0.015	-0.024	0.058	3.499	-0.614
17324	0.000	-0.012	-0.011	0.023	2.117	0.307	-0.019	-0.019	0.008	3.510	0.614
17344	0.000	0.005	0.029	0.013	2.126	0.307	-0.011	-0.043	0.029	3.494	-0.920
17364	0.000	0.009	0.020	0.021	2.121	0.307	0.009	-0.029	0.024	3.497	0.000
17384	0.000	-0.008	0.014	0.022	2.123	-0.920	-0.033	-0.051	0.034	3.493	-1.227
17404	0.000	0.021	-0.063	0.014	2.126	0.000	0.013	0.014	0.014	3.497	0.614
17424	0.000	0.016	0.012	0.011	2.123	0.614	-0.005	-0.046	0.021	3.490	-1.227
17444	0.000	0.020	0.028	0.015	2.120	0.000	0.017	-0.017	0.083	3.493	0.307
17464	0.000	-0.027	0.004	0.005	2.123	-0.920	0.005	0.088	0.012	3.508	0.307
17484	0.000	0.034	0.004	0.008	2.154	0.614	0.024	-0.028	0.052	3.502	0.307
17504	0.000	0.012	0.013	0.022	2.131	-1.534	0.004	0.000	0.013	3.499	-0.307
17524	0.000	-0.027	-0.021	0.017	2.123	0.613	0.008	0.009	0.259	3.499	-0.307
17544	0.000	0.052	0.018	0.012	2.123	0.000	0.022	-0.021	0.039	3.501	0.000
17564	0.000	-0.004	-0.008	0.022	2.123	0.000	-0.012	-0.081	0.032	3.499	-0.614
17584	0.000	0.018	-0.006	0.014	2.123	0.000	0.041	0.020	0.057	3.504	0.000
17604	0.000	0.013	0.003	0.015	2.123	0.000	0.003	-0.025	0.029	3.501	0.000
17624	0.000	0.014	-0.018	0.014	2.123	0.000	-0.002	-0.004	0.001	3.496	-0.920
17644	0.000	-0.027	-0.000	0.019	2.128	0.613	0.018	0.011	0.008	3.516	1.534
17664	0.000	-0.033	-0.000	0.011	2.128	0.613	0.012	-0.027	0.021	3.499	-1.534
17684	0.000	0.114	0.057	0.024	2.123	0.000	0.000	-0.042	0.032	3.507	0.307
17704	0.000	0.001	-0.020	0.015	2.123	-0.307	-0.006	-0.040	0.037	3.504	0.307
17724	0.000	-0.054	0.008	0.029	2.129	0.307	-0.016	-0.043	0.028	3.508	0.614
17744	0.000	0.015	-0.072	0.054	2.121	0.307	0.008	-0.032	0.034	3.502	0.614
17764	0.000	-0.001	0.009	0.028	2.123	-0.614	-0.020	-0.049	0.063	3.494	-0.920
17784	0.000	0.201	0.102	0.043	2.121	0.614	0.004	-0.009	0.036	3.505	1.534
17804	0.000	0.017	0.030	0.005	2.120	0.307	0.006	-0.005	0.019	3.494	-0.920
17824	0.000	0.009	-0.002	0.015	2.125	0.614	-0.012	-0.018	0.003	3.501	0.614
17844	0.000	0.002	0.022	0.013	2.123	0.307	0.009	0.001	0.008	3.496	-0.307
17864	0.000	0.012	0.018	0.004	2.077	-0.603	-0.029	-0.016	0.048	3.507	0.301
17884	0.000	-0.006	0.018	0.019	2.080	2.462	-0.065	-0.087	0.050	3.496	0.000
17904	0.000	0.030	0.012	0.016	2.132	2.762	-0.015	-0.047	0.028	3.499	0.000
17924	0.000	0.005	0.021	0.017	2.109	-0.899	-0.003	-0.040	0.029	3.502	0.597
17944	0.000	-0.027	0.011	0.010	2.131	0.920	0.035	-0.011	0.032	3.494	0.000
17964	0.000	-0.002	-0.036	0.018	2.111	0.000	-0.029	-0.036	0.049	3.504	-0.596
17984	0.000	0.015	0.004	0.127	2.126	0.000	0.005	-0.029	0.032	3.481	0.307
18004	0.000	0.033	-0.009	0.076	2.121	0.000	0.037	0.016	0.042	3.507	1.227
18024	0.000	0.042	-0.004	0.022	2.121	-0.614	-0.002	-0.013	0.010	3.501	-0.920
18044	0.000	0.036	0.031	0.013	2.092	-0.702	0.058	0.013	0.017	3.508	1.054
18064	0.000	-0.007	0.015	0.030	2.120	1.229	0.051	-0.006	0.058	3.497	0.000
18084	0.000	0.009	-0.002	0.015	2.121	-0.305	-0.013	-0.023	0.046	3.531	0.611
18104	0.000	0.005	0.007	0.024	2.121	0.000	-0.000	-0.003	0.005	3.497	-2.454
18124	0.000	0.009	0.022	0.013	2.118	-0.307	-0.010	-0.006	0.179	3.494	0.614
18144	0.000	0.026	0.025	0.010	2.123	-0.921	0.003	-0.036	0.029	3.507	0.000
18164	0.000	0.007	0.029	0.014	2.121	0.307	0.019	0.006	0.028	3.499	-0.307
18184	0.000	0.007	0.015	0.013	2.121	0.000	0.008	-0.032	0.029	3.499	0.000
18204	0.000	-0.008	-0.004	0.020	2.123	0.000	0.046	0.025	0.011	3.504	-0.307
18224	0.000	-0.006	0.009	0.013	2.085	-0.302	0.025	-0.031	0.029	3.502	-0.302
18244	0.000	0.022	0.013	0.011	2.094	1.053	0.008	-0.032	0.029	3.504	0.351
18264	0.000	0.009	0.029	0.015	2.123	2.146	0.016	-0.021	0.024	3.501	0.614
18284	0.000	0.001	0.008	0.026	2.120	-0.614	0.053	-0.005	0.058	3.496	0.920
18304	0.000	-0.018	0.015	0.027	2.126	-0.307	0.033	0.010	0.074	3.504	-0.613
18324	0.000	-0.036	-0.005	0.048	2.079	-0.905	-0.062	-0.036	0.076	3.499	-0.603
18344	0.000	0.031	0.054	0.005	2.105	2.109	0.025	-0.020	0.027	3.508	1.407
18364	0.000	-0.006	-0.016	0.033	2.128	-0.614	0.009	-0.036	0.039	3.502	0.000
18384	0.000	0.022	0.010	0.018	2.118	0.307	-0.008	-0.042	0.047	3.502	0.000
18404	0.000	-0.004	0.011	0.019	2.120	-0.307	-0.007	-0.029	0.046	3.497	0.000
18424	0.000	-0.006	0.014	0.028	2.123	0.307	-0.001	-0.039	0.110	3.502	-0.307
18444	0.000	0.020	0.004	0.011	2.121	0.307	-0.000	-0.031	0.034	3.499	0.614
18464	0.000	-0.004	-0.000	0.090	2.117	-1.536	0.005	-0.035	0.015	3.499	-0.921
18484	0.000	-0.004	-0.013	0.029	2.125	0.920	0.017	0.006	0.063	3.504	0.920
18504	0.000	0.015	-0.001	0.018	2.118	0.000	0.036	0.018	0.038	3.496	-0.307
18524	0.000	-0.008	-0.004	0.023	2.121	0.000	0.015	0.016	0.016	3.508	-0.307
18544	0.000	-0.019	0.051	0.025	2.121	-0.307	0.011	0.004	0.014	3.504	-0.307
18564	0.000	-0.011	-0.002	0.015	2.121	-0.307	-0.004	-0.014	0.011	3.508	-0.307
18584	0.000	-0.006	-0.014	0.030	2.123	0.000	0.022	0.012	0.027	3.502	0.307
18604	0.000	-0.067	-0.018	0.044	2.121	0.307	0.037	0.013	0.042	3.510	-0.920
18624	0.000	-0.006	-0.005	0.035	2.123	0.920	0.017	0.006	0.026	3.507	-0.307
18644	0.000	-0.009	0.010	0.024	2.120	-0.307	0.022	0.018	0.027	3.507	0.307
18664	0.000	-0.004	-0.004	0.128	2.121	0.000	0.006	0.006	0.017	3.494	-0.614
18684	0.000	0.015	-0.001	0.094	2.120	0.307	0.032	0.025	0.046	3.501	-0.307
18704	0.000	0.009	0.020	0.013	2.118	0.000	0.001	-0.030	0.030	3.494	-0.920
18724	0.000	0.009	0.027	0.011	2.126	1.534	0.012	-0.027	0.027	3.501	0.307
18744	0.000	-0.002	0.019	0.015	2.120	-0.307	0.009	-0.033	0.024	3.494	-0.306
18764	0.000	-0.009	0.004	0.014	2.121	0.000	-0.013	-0.014	0.054	3.497	-0.307
18784	0.000	0.009	0.016	0.014	2.121	0.000	0.019	-0.023	0.036	3.497	0.000
18804	0.000	-0.001	0.007	0.016	2.120	-0.307	0.015	-0.024	0.039	3.497	-0.921
18824	0.000	-0.035	-0.024	0.023	2.121	0.307	0.033	0.017	0.094	3.516	2.454
18844	0.000	0.031	-0.000	0.046	2.120	0.000	0.003	-0.033	0.047	3.524	-0.704
18864	0.000	-0.012	-0.006	0.014	2.125	-0.307	-0.006	-0.020	0.015	3.510	-0.614
18884	0.000	0.038	0.067	0.056	2.120	0.614	-0.102	-0.060	0.008	3.511	0.307
18904	0.000	0.139	0.082	0.004	2.120	-2.148	0.025	-0.023	0.063	3.513	0.307
18924	0.000	-0.009	-0.020	0.028	2.125	1.227	0.023	0.017	0.020	3.502	0.000
18944	0.000	0.005	0.003	0.150	2.117	-0.920	0.029	0.011	0.027	3.507	-0.614
18964	0.000	-0.009	-0.000	0.034	2.131	0.920	0.024	0.016	0.025	3.520	1.227
18984	0.000	-0.037	-0.007	0.222	2.094	-2.466	-0.006	-0.030	0.035	3.513	0.352
19004	0.000	0.011	0.021	0.014	2.106	0.907	0.003	-0.027	0.015	3.537	2.116
19024	0.000	0.005	-0.015	0.043	2.120	-0.312	0.032	0.010	0.051	3.547	0.312
19044	0.000	-0.004	0.015	0.063	2.120	-0.624	-0.045	-0.038	0.035	3.536	-0.624
19064	0.000	-0.009	-0.014	0.026	2.121	0.614	0.008	0.002	0.017	3.524	-0.307
19084	0.000	-0.014	0.002	0.007	2.118	0.000	0.003	-0.030	0.040	3.517	0.000
19104	0.000	0.007	0.015	0.010	2.121	0.614	0.012	-0.025	0.035	3.517	-1.227
19124	0.000	-0.011	-0.008	0.022	2.100	-1.502	-0.016	-0.037	0.040	3.510	0.300
19144	0.000	0.015	-0.008	0.039	2.121	1.834	0.106	0.025	0.036	3.502	0.000
19164	0.000	-0.002	0.011	0.031	2.125	0.000	-0.019	-0.075	0.046	3.508	0.000
19184	0.000	0.013	-0.003	0.090	2.121	0.000	0.032	0.013	0.029	3.501	0.307
19204	0.000	-0.088	-0.026	0.059	2.118	0.000	0.037	0.015	0.040	3.507	0.307
19224	0.000	-0.006	-0.014	0.021	2.123	0.613	0.012	0.010	0.018	3.504	-0.307
19244	0.000	-0.006	0.058	0.029	2.120	-0.614	0.017	0.001	0.021	3.502	-0.920
19264	0.000	-0.016	-0.014	0.006	2.120	-0.614	-0.007	-0.005	0.029	3.508	-0.307
19284	0.000	-0.004	-0.019	0.024	2.123	0.614	-0.007	-0.005	0.021	3.504	0.921
19304	0.000	0.002	-0.012	0.018	2.118	-0.307	0.007	-0.013	0.012	3.504	0.000
19324	0.000	-0.001	-0.000	0.017	2.120	0.000	0.008	-0.004	0.008	3.505	0.920
19344	0.000	-0.009	-0.007	0.021	2.123	0.307	0.019	0.011	0.005	3.507	0.307
19364	0.000	0.002	-0.004	0.015	2.120	0.307	0.032	0.010	0.029	3.501	-0.307
19384	0.000	-0.006	0.017	0.011	2.121	-0.307	0.016	0.012	0.020	3.504	0.000
19404	0.000	0.009	0.009	0.136	2.118	0.307	-0.011	-0.034	0.092	3.501	0.000
19424	0.000	-0.004	0.017	0.019	2.128	0.307	-0.004	-0.042	0.034	3.502	0.000
19444	0.000	0.009	0.008	0.021	2.114	-0.307	0.062	0.025	0.003	3.501	-0.307
19464	0.000	0.008	0.020	0.017	2.123	0.921	0.008	-0.033	0.029	3.499	-0.614
19484	0.000	0.010	0.025	0.007	2.120	0.000	0.017	-0.004	0.014	3.501	0.307
19504	0.000	-0.004	0.007	0.017	2.121	-0.307	0.009	-0.033	0.021	3.502	-0.307
19524	0.000	-0.036	0.024	0.021	2.120	-0.307	0.095	0.015	0.100	3.514	1.534
19544	0.000	0.002	-0.004	0.017	2.123	0.307	0.024	0.010	0.013	3.513	-1.227
19564	0.000	-0.004	0.018	0.020	2.123	0.307	-0.020	-0.046	0.044	3.496	-0.920
19584	0.000	0.002	-0.006	0.019	2.120	0.306	0.009	0.004	0.015	3.524	2.145
19604	0.000	0.041	-0.003	0.039	2.120	0.000	0.007	-0.019	0.008	3.507	-1.227
19624	0.000	0.094	0.041	0.004	2.118	-0.614	0.007	-0.011	0.013	3.502	0.000
19644	0.000	-0.006	0.016	0.022	2.128	-0.920	0.070	0.012	0.035	3.504	-0.307
19664	0.000	0.008	0.020	0.011	2.126	1.227	0.018	-0.027	0.035	3.502	-1.227
19684	0.000	-0.010	-0.015	0.019	2.114	-1.227	0.002	-0.032	0.059	3.508	0.920
19704	1.000	0.012	-0.004	0.014	2.121	0.000	0.016	0.005	0.022	3.497	-0.307
19724	1.000	0.774	0.502	0.925	2.599	31.437	1.009	0.178	1.022	4.067	38.005
19744	1.000	0.652	0.673	0.962	3.241	35.674	0.743	-0.761	1.080	4.812	38.350
19764	1.000	0.558	0.370	0.701	3.950	38.005	0.954	-0.981	1.410	5.528	36.385
19784	1.000	0.875	0.563	1.045	4.580	28.862	0.505	-1.211	1.345	6.199	36.509
19804	1.000	0.797	0.363	0.904	5.008	20.680	-0.678	0.813	1.070	0.612	37.110
19824	1.000	0.932	0.341	0.977	5.358	17.748	-0.227	-1.203	1.279	1.328	36.720
19844	1.000	0.864	0.428	0.959	5.737	21.382	0.478	1.114	1.262	1.996	34.794
19864	1.000	0.789	0.462	0.922	6.245	29.958	1.201	0.037	1.258	2.589	32.417
19884	1.000	0.275	0.441	0.445	0.701	43.305	0.063	1.171	1.207	3.189	32.851
19904	1.000	0.385	0.688	0.755	1.551	42.363	-0.896	-0.463	1.071	3.850	36.727
19924	1.000	0.764	0.463	0.907	2.252	34.822	-1.081	-0.651	1.318	4.580	38.418
19944	1.000	0.652	0.541	0.893	2.885	32.703	-0.932	0.606	1.095	5.297	37.369
19964	1.000	0.557	0.338	0.693	3.568	36.982	-0.855	0.913	1.303	5.987	34.828
19984	1.000	0.799	0.756	1.111	4.274	34.898	-1.113	0.279	1.192	0.367	35.532
20004	1.000	0.753	0.478	0.910	4.784	25.299	0.335	1.150	1.251	1.043	36.989
20024	1.000	0.893	0.387	0.930	5.179	18.980	-0.376	-1.120	1.223	1.730	35.588
20044	1.000	0.885	0.383	1.018	5.510	19.643	0.703	0.911	1.188	2.349	33.454
20064	1.000	0.839	0.448	0.931	5.944	24.392	0.375	-1.100	1.181	2.988	31.125
20084	1.000	0.611	0.331	0.725	0.241	36.068	-0.149	-1.062	1.065	3.596	35.617
20104	1.000	0.176	0.385	0.392	1.088	45.558	1.299	0.134	1.359	4.294	37.698
20124	1.000	0.678	0.628	0.923	1.888	38.897	0.688	0.749	0.991	5.018	37.771
20144	1.000	0.801	0.528	0.932	2.539	31.805	1.127	0.304	1.285	5.725	36.079
20164	1.000	0.690	0.391	0.771	3.185	34.430	1.120	-0.042	1.197	0.120	35.974
20184	1.000	0.537	0.696	0.905	3.910	38.081	1.071	0.033	1.071	0.827	36.949
20204	1.000	0.898	0.503	1.020	4.536	30.649	1.020	-0.792	1.343	1.540	36.166
20224	1.000	0.901	0.414	0.953	4.990	20.482	-1.343	-0.438	1.435	2.197	34.406
20244	1.000	0.915	0.384	0.941	5.344	18.199	0.872	0.801	1.238	2.783	30.871
20264	1.000	0.952	0.423	0.964	5.717	20.837	-0.233	-1.091	1.135	3.395	34.619
20284	1.000	0.737	0.459	0.889	6.216	30.114	-0.729	0.727	1.030	4.067	37.189
20304	1.000	0.545	0.640	0.874	0.670	43.380	-0.851	0.709	1.152	4.800	38.119
20324	1.000	0.585	0.514	0.814	1.509	42.551	-1.014	-0.697	1.289	5.515	37.137
20344	1.000	0.683	0.482	0.831	2.227	35.390	-0.486	-1.018	1.163	6.194	35.285
20364	1.000	0.727	0.661	0.932	2.859	32.982	-0.828	-0.933	1.303	0.588	37.258
20384	1.000	0.633	0.691	0.920	3.533	36.216	-1.061	-0.335	1.132	1.284	36.436
20404	1.000	0.644	0.464	0.854	4.226	36.003	-1.039	-0.364	1.112	1.967	35.610
20424	1.000	0.629	0.259	0.900	4.778	25.403	-1.051	0.504	1.187	2.600	30.673
20444	1.000	0.906	0.409	0.932	5.160	19.375	0.953	0.730	1.252	3.189	32.793
20464	1.000	0.906	0.375	1.019	5.509	19.437	-1.004	-0.590	1.224	3.847	35.789
20484	1.000	0.908	0.414	1.026	5.924	23.019	1.139	0.233	1.209	4.567	37.534
20504	1.000	0.594	0.394	0.707	0.242	36.421	0.067	-0.959	1.128	5.291	37.191
20524	1.000	0.211	0.440	0.546	1.077	45.451	1.182	-0.037	1.218	5.978	35.094
20544	1.000	0.655	0.437	0.826	1.873	39.521	0.306	1.185	1.148	0.399	35.475
20564	1.000	0.811	0.446	0.923	2.533	32.320	0.760	0.739	1.075	1.106	36.952
20584	1.000	0.573	0.579	0.878	3.162	34.306	1.209	-0.021	1.254	1.796	34.724
20604	1.000	0.651	0.434	0.825	3.876	38.273	0.652	0.954	1.211	2.410	32.404
20624	1.000	0.840	0.365	0.921	4.519	30.900	-0.236	1.100	1.129	2.996	32.124
20644	1.000	0.821	0.459	0.927	4.979	22.019	1.168	0.204	1.233	3.629	35.390
20664	1.000	0.929	0.403	0.964	5.332	17.791	-0.838	0.582	1.030	4.337	38.434
20684	1.000	0.959	0.408	0.993	5.702	20.245	0.116	-1.149	1.182	5.077	38.250
20704	1.000	0.758	0.511	0.867	6.197	29.593	-0.517	0.937	1.011	5.769	35.695
20724	1.000	0.382	0.159	0.431	0.635	42.480	-0.932	0.765	1.268	0.187	36.068
20744	1.000	0.600	0.652	0.898	1.517	42.577	-0.335	-1.080	1.154	0.896	37.766
20764	1.000	0.698	0.402	0.847	2.229	35.496	-0.176	-1.062	1.088	1.589	35.759
20784	1.000	0.844	0.598	1.022	2.839	33.092	-0.477	-1.032	1.169	2.230	33.827
20804	1.000	0.732	0.505	0.902	3.502	35.809	0.211	-0.991	1.040	2.821	31.830
20824	1.000	0.609	0.646	0.892	4.208	35.317	1.120	-0.190	1.150	3.435	34.271
20844	1.000	0.855	0.315	0.929	4.771	25.835	0.130	-1.058	1.074	4.140	37.408
20864	1.000	0.920	0.428	1.017	5.143	18.733	0.469	1.008	1.145	4.841	37.535
20884	1.000	0.950	0.410	0.956	5.492	19.317	-1.077	-0.293	1.181	5.565	35.204
20904	1.000	0.888	0.433	0.941	5.898	23.911	1.026	0.300	1.078	6.240	35.253
20924	1.000	0.638	0.333	0.754	0.245	36.398	0.861	-0.933	1.327	0.687	37.258
20944	1.000	0.126	0.269	0.394	1.094	45.497	0.924	0.580	1.093	1.382	36.670
20964	1.000	0.698	0.627	0.927	1.888	38.281	-0.377	1.067	1.175	2.060	34.682
20984	1.000	0.786	0.547	0.932	2.537	32.410	-0.919	0.635	1.133	2.655	31.518
21004	1.000	0.680	0.426	0.791	3.185	34.341	-1.202	0.113	1.268	3.254	32.906
21024	1.000	0.602	0.738	0.925	3.902	37.316	-1.030	-0.434	1.132	3.942	36.751
21044	1.000	0.881	0.453	0.960	4.530	30.925	-1.037	0.599	1.243	4.665	37.377
21064	1.000	0.860	0.397	0.929	4.990	20.560	1.035	-0.283	1.083	5.390	36.982
21084	1.000	0.911	0.412	0.946	5.338	18.097	-0.736	0.963	1.254	6.076	35.645
21104	1.000	0.886	0.464	1.003	5.711	20.429	0.592	-1.012	1.218	0.468	36.908
21124	1.000	0.741	0.463	0.896	6.210	29.376	-1.204	0.132	1.252	1.164	36.764
21144	1.000	0.537	0.448	0.726	0.657	42.872	-1.154	-0.235	1.238	1.839	35.022
21164	1.000	0.542	0.464	0.736	1.506	43.881	1.121	-0.873	1.438	2.479	33.220
21184	1.000	0.682	0.485	0.849	2.224	35.183	0.785	0.812	1.202	3.060	32.391
21204	1.000	0.769	0.681	0.980	2.856	33.002	0.865	0.933	1.345	3.714	35.162
21224	1.000	0.717	0.739	1.011	3.525	36.144	1.029	0.135	1.038	4.432	37.876
21244	1.000	0.627	0.580	0.877	4.215	35.874	1.164	-0.095	1.213	5.165	37.399
21264	1.000	0.878	0.503	1.024	4.769	26.374	-0.022	-1.140	1.163	5.855	34.654
21284	1.000	0.928	0.448	1.013	5.147	19.224	0.449	0.986	1.097	0.262	36.864
21304	1.000	0.936	0.397	0.931	5.493	19.071	-1.108	-0.442	1.183	0.988	36.604
21324	1.000	0.898	0.336	1.006	5.901	23.614	1.035	0.239	1.064	1.674	35.924
21344	1.000	0.573	0.609	0.832	0.210	35.108	0.829	-0.723	1.101	2.329	32.382
21364	1.000	0.380	0.308	0.487	1.032	45.479	-0.379	1.033	1.129	2.913	31.945
21384	1.000	0.458	0.497	0.759	1.842	40.062	-0.644	-1.035	1.291	3.533	34.454
21404	1.000	0.740	0.526	0.918	2.502	32.592	-0.912	-0.546	1.083	4.243	38.111
21424	1.000	0.734	0.735	1.015	3.139	34.361	-1.146	0.462	1.305	4.975	38.350
21444	1.000	0.514	0.535	0.676	3.843	38.127	-0.910	0.579	1.086	5.671	36.509
21464	1.000	0.781	0.587	0.921	4.493	31.368	-0.647	0.911	1.140	0.080	36.289
21484	1.000	0.814	0.459	0.899	4.961	21.601	1.276	0.029	1.309	0.776	36.941
21504	1.000	0.925	0.338	0.945	5.314	18.327	-0.952	0.640	1.189	1.465	36.429
21524	1.000	0.962	0.350	0.927	5.680	19.914	0.825	-0.869	1.228	2.128	33.939
21544	1.000	0.813	0.496	0.925	6.164	28.718	-0.843	-0.786	1.024	2.747	31.761
21564	1.000	0.324	0.513	0.663	0.594	42.585	-0.098	-1.125	1.160	3.369	34.231
21584	1.000	0.396	0.649	0.746	1.439	44.099	1.043	-0.162	1.055	4.074	37.861
21604	1.000	0.726	0.577	0.925	2.161	35.717	0.978	-0.218	0.999	4.820	38.220
21624	1.000	0.676	0.466	0.894	2.787	32.546	0.672	-1.181	1.360	5.536	35.953
21644	1.000	0.480	0.394	0.680	3.461	36.894	0.551	-1.138	1.319	6.208	35.759
21664	1.000	0.747	0.636	0.948	4.171	36.051	0.577	-0.824	0.997	0.620	37.369
21684	1.000	0.794	0.482	0.903	4.732	27.153	-0.954	-0.761	1.279	1.331	36.589
21704	1.000	0.983	0.299	1.014	5.116	19.274	0.985	0.796	1.329	1.999	34.509
21724	1.000	0.909	0.405	0.955	5.464	18.972	-0.718	-0.982	1.254	2.600	32.207
21744	1.000	0.807	0.410	0.929	5.864	23.256	-0.373	1.115	1.206	3.203	33.035
21764	1.000	0.715	0.330	0.831	0.152	33.871	0.820	0.595	1.008	3.869	36.647
21784	1.000	0.375	0.578	0.674	0.973	45.270	-0.233	1.055	1.111	4.597	38.113
21804	1.000	0.617	0.487	0.815	1.782	40.674	-0.979	0.525	1.140	5.318	37.429
21824	1.000	0.871	0.617	1.074	2.457	33.288	-1.062	0.601	1.281	6.004	35.218
21844	1.000	0.632	0.467	0.886	3.073	33.535	-0.743	1.041	1.334	0.383	36.003
21864	1.000	0.679	0.352	0.812	3.774	38.319	-0.460	0.975	1.113	1.092	37.204
21884	1.000	0.837	0.632	1.059	4.449	32.520	-0.259	1.027	1.057	1.773	34.751
21904	1.000	1.078	0.379	0.976	4.915	22.325	1.170	0.020	1.218	2.421	31.881
21924	1.000	0.928	0.367	0.923	5.275	18.323	-0.855	-0.808	1.025	3.007	32.218
21944	1.000	0.903	0.352	0.993	5.627	19.367	0.755	1.012	1.309	3.640	35.158
21964	1.000	0.779	0.466	0.947	6.090	27.310	-0.491	-0.945	1.088	4.350	37.429
21984	1.000	0.454	0.581	0.747	0.489	41.042	-0.989	-0.469	1.126	5.088	37.414
22004	1.000	0.514	0.601	0.809	1.331	45.081	0.214	-1.074	1.138	5.782	36.275
22024	1.000	0.759	0.615	0.956	2.074	36.406	0.986	-0.618	1.201	0.198	35.395
22044	1.000	0.767	0.494	0.909	2.706	31.193	0.699	-1.021	1.295	0.882	37.317
22064	1.000	0.541	0.469	0.684	3.366	36.166	0.085	-1.095	1.151	1.569	35.866
22084	1.000	0.764	0.705	1.027	4.087	36.202	0.677	-0.945	1.187	2.233	33.387
22104	1.000	0.899	0.631	1.229	4.668	28.001	0.693	-0.809	1.069	2.823	31.628
22124	1.000	0.944	0.386	0.971	5.073	18.812	-1.143	-0.146	1.205	3.442	34.246
22144	1.000	0.976	0.354	1.002	5.424	17.445	1.172	-0.235	1.251	4.117	37.653
22164	1.000	0.977	0.454	1.075	5.814	22.450	-0.606	0.920	1.123	4.841	38.396
22184	1.000	0.770	0.544	0.928	0.071	32.946	1.085	0.082	1.077	5.564	36.788
22204	1.000	0.489	0.526	0.749	0.856	44.039	0.592	0.900	1.083	6.243	35.331
22224	1.000	0.559	0.336	0.695	1.680	41.009	-0.962	0.773	1.345	0.673	37.534
22244	1.000	0.756	0.701	1.085	2.379	33.883	-0.848	0.696	1.131	1.373	36.567
22264	1.000	0.727	0.451	0.900	2.994	33.354	-0.257	1.098	1.173	2.042	34.578
22284	1.000	0.643	0.483	0.843	3.686	38.043	-0.793	0.763	1.121	2.668	31.218
22304	1.000	0.874	0.772	1.195	4.369	32.547	-1.103	-0.231	1.139	3.274	33.694
22324	1.000	0.936	0.418	0.974	4.850	22.369	-0.168	1.142	1.215	3.935	37.004
22344	1.000	0.950	0.435	0.997	5.220	19.449	-0.640	-0.901	1.129	4.656	38.573
22364	1.000	0.899	0.361	0.929	5.573	19.125	1.076	-0.087	1.087	5.383	36.791
22384	1.000	0.901	0.459	0.931	6.013	25.469	-1.100	-0.322	1.183	6.065	34.989
22404	1.000	0.698	0.485	0.876	0.364	38.222	-1.005	0.435	1.099	0.456	37.585
22424	1.000	0.517	0.648	0.850	1.246	45.703	-0.365	-1.033	1.099	1.189	36.202
22444	1.000	0.650	0.731	0.947	2.008	36.982	0.474	-0.959	1.079	1.873	34.822
22464	1.000	0.771	0.440	0.884	2.608	32.233	0.430	-1.107	1.207	2.490	31.945
22484	1.000	0.671	0.342	0.788	3.292	35.574	1.045	-0.437	1.157	3.102	33.107
22504	1.000	0.499	0.587	0.800	4.025	36.625	0.799	0.907	1.272	3.740	36.101
22524	1.000	0.880	0.433	0.931	4.608	29.171	1.041	-0.222	1.064	4.427	37.379
22544	1.000	0.933	0.364	1.052	5.047	19.522	-1.194	0.061	1.238	5.159	38.212
22564	1.000	0.902	0.408	1.019	5.400	17.411	0.908	-0.812	1.197	5.904	35.348
22584	1.000	0.884	0.395	0.979	5.780	21.945	-0.454	0.928	1.028	0.247	37.060
22604	1.000	0.658	0.460	0.881	0.028	31.799	1.280	0.015	1.337	0.968	37.444
22624	1.000	0.207	0.369	0.464	0.802	43.345	0.850	0.856	1.234	1.649	35.129
22644	1.000	0.299	0.583	0.721	1.640	42.475	-1.226	0.445	1.376	2.299	33.993
22664	1.000	0.747	0.425	0.884	2.330	34.054	-0.853	-0.782	1.177	2.890	30.373
22684	1.000	0.705	0.603	0.999	2.962	32.891	-0.716	-0.978	1.248	3.516	34.683
22704	1.000	0.476	0.456	0.720	3.651	37.842	-0.560	-1.186	1.347	4.203	37.534
22724	1.000	0.778	0.448	0.912	4.337	34.437	-0.850	-0.642	1.066	4.921	37.827
22744	1.000	0.791	0.458	0.903	4.863	23.210	-0.410	1.132	1.267	5.636	36.349
22764	1.000	0.950	0.384	1.048	5.237	19.056	0.296	-1.118	1.236	0.032	34.961
22784	1.000	0.946	0.369	0.929	5.587	19.144	0.592	0.815	0.987	0.726	37.377
22804	1.000	0.874	0.512	0.950	6.032	25.953	-0.476	-1.188	1.336	1.443	36.327
22824	1.000	0.518	0.635	0.799	0.399	39.436	-0.953	-1.036	1.432	2.102	34.423
22844	1.000	0.491	0.697	0.883	1.243	45.676	1.097	-0.200	1.136	2.723	33.107
22864	1.000	0.589	0.733	0.923	2.003	37.691	0.002	1.120	1.165	3.350	34.014
22884	1.000	0.841	0.483	0.950	2.634	31.843	0.125	1.204	1.264	4.019	37.048
22904	1.000	0.700	0.353	0.817	3.297	35.355	0.899	0.499	1.022	4.737	37.801
22924	1.000	0.605	0.406	0.752	4.025	37.311	0.917	0.731	1.233	5.466	36.791
22944	1.000	0.981	0.534	1.129	4.631	28.090	1.170	-0.128	1.068	6.148	35.418
22964	1.000	0.943	0.364	1.025	5.205	18.995	-1.196	-0.139	1.258	0.574	37.159
22984	1.000	0.968	0.377	1.016	5.406	18.105	0.767	-0.709	1.156	1.279	37.048
23004	1.000	0.953	0.437	0.971	5.797	21.839	-0.615	0.887	1.092	1.956	35.374
23024	1.000	0.740	0.424	0.883	0.044	31.613	0.800	0.793	1.141	2.591	32.330
23044	1.000	0.311	0.202	0.398	0.833	44.676	-1.146	0.260	1.221	3.188	32.028
23064	1.000	0.528	0.366	0.665	1.680	40.882	0.403	-1.008	1.142	3.852	37.132
23084	1.000	0.866	0.757	1.177	2.373	32.762	0.326	-1.215	1.314	4.582	38.479
23104	1.000	0.694	0.420	0.857	2.987	33.083	-0.917	-0.610	1.089	5.298	37.059
23124	1.000	0.632	0.579	0.890	3.692	38.258	-1.014	-0.635	1.245	5.987	35.404
23144	1.000	0.797	0.742	1.143	4.375	33.447	-0.715	-0.876	1.156	0.367	36.742
23164	1.000	0.780	0.433	0.902	4.870	23.265	-0.563	1.051	1.259	1.069	37.011
23184	1.000	0.925	0.431	0.928	5.243	19.010	0.075	-1.094	1.172	1.750	35.809
23204	1.000	0.921	0.352	1.009	5.594	18.987	0.098	1.040	1.122	2.395	32.560
23224	1.000	0.846	0.490	0.931	6.044	26.248	1.135	-0.111	1.183	2.977	32.060
23244	1.000	0.406	0.453	0.678	0.416	38.556	1.114	0.104	1.148	3.599	35.439
23264	1.000	0.260	0.507	0.571	1.267	45.297	-0.433	1.126	1.266	4.310	37.593
23284	1.000	0.541	0.579	0.869	2.029	36.654	-0.683	0.848	1.122	5.028	38.235
23304	1.000	0.853	0.736	1.142	2.665	31.581	-0.016	1.149	1.177	5.742	35.197
23324	1.000	0.683	0.477	0.864	3.303	35.859	0.530	1.005	1.186	0.135	35.275
23344	1.000	0.547	0.520	0.832	4.028	36.632	0.482	1.041	1.187	0.845	37.944
23364	1.000	0.966	0.530	1.108	4.626	28.839	1.151	0.318	1.238	1.546	35.588
23384	1.000	0.942	0.376	1.030	5.051	18.737	-0.764	-1.065	1.371	2.198	34.485
23404	1.000	0.949	0.399	0.993	5.401	17.727	0.405	1.051	1.154	2.795	31.412
23424	1.000	0.901	0.398	0.980	5.788	22.360	0.327	-1.173	1.263	3.419	33.694
23444	1.000	0.731	0.445	0.818	0.029	31.632	-1.151	-0.172	1.207	4.088	37.504
23464	1.000	0.219	0.330	0.349	0.810	44.249	-0.935	-0.407	1.015	4.824	38.473
23484	1.000	0.282	0.507	0.670	1.647	41.905	0.379	-1.229	1.298	5.548	36.458
23504	1.000	0.568	0.612	0.908	2.338	34.198	0.508	-0.989	1.162	6.223	36.369
23524	1.000	0.667	0.442	0.883	2.979	33.620	-0.357	-0.966	1.028	0.644	37.258
23544	1.000	0.643	0.414	0.794	3.685	37.137	-0.548	-0.994	1.218	1.365	36.421
23564	1.000	0.852	0.766	1.196	4.369	32.547	-0.269	-1.094	1.175	2.034	34.926
23584	1.000	0.909	0.436	1.043	4.850	23.214	-1.091	0.155	1.059	2.655	30.704
23604	1.000	0.886	0.382	0.975	5.223	19.666	0.980	0.499	1.112	3.269	34.116
23624	1.000	0.972	0.379	1.010	5.578	18.655	-1.056	-0.441	1.169	3.933	37.310
23644	1.000	0.831	0.514	0.979	6.018	24.786	1.093	0.201	1.148	4.657	38.579
23664	1.000	0.631	0.678	0.921	0.383	39.033	0.600	-0.881	1.084	5.386	37.437
23684	1.000	0.408	0.320	0.521	1.223	45.324	0.911	0.712	1.199	6.068	35.296
23704	1.000	0.672	0.763	0.994	1.997	38.023	-0.359	1.114	1.224	0.468	36.777
23724	1.000	0.820	0.402	0.918	2.623	32.117	0.376	1.045	1.153	1.166	36.735
23744	1.000	0.670	0.345	0.791	3.293	35.809	0.709	0.880	1.173	1.845	35.211
23764	1.000	0.483	0.558	0.725	4.024	37.533	-0.208	1.114	1.148	2.491	32.696
23784	1.000	0.925	0.565	1.082	4.626	28.868	-0.552	0.961	1.128	3.074	32.533
23804	1.000	0.932	0.427	0.968	5.036	20.820	1.242	-0.140	1.303	3.714	36.224
23824	1.000	0.940	0.372	1.000	5.390	18.126	-0.631	0.890	0.993	4.432	38.005
23844	1.000	0.888	0.417	0.941	5.777	22.036	0.055	-1.191	1.249	5.160	38.043
23864	1.000	0.706	0.529	0.881	0.017	31.150	-0.988	0.598	1.218	5.849	35.482
23884	1.000	0.466	0.575	0.733	0.775	44.182	-1.058	-0.103	1.067	0.252	36.387
23904	1.000	0.554	0.531	0.815	1.605	41.724	-0.051	-1.311	1.365	0.968	37.519
23924	1.000	0.722	0.606	0.909	2.299	33.647	0.165	-1.178	1.245	1.651	35.866
23944	1.000	0.790	0.479	0.923	2.916	32.755	-0.336	-1.262	1.359	2.296	33.055
23964	1.000	0.689	0.621	0.922	3.608	36.930	0.577	-0.934	1.168	2.893	30.894
23984	1.000	0.681	0.687	0.932	4.298	33.851	1.199	-0.195	1.266	3.527	34.495
24004	1.000	0.722	0.454	0.875	4.818	24.677	-0.429	-1.009	1.134	4.234	37.933
24024	1.000	0.873	0.369	0.911	5.191	19.604	1.133	0.718	1.382	4.962	38.066
24044	1.000	0.880	0.383	0.957	5.541	19.328	-1.025	0.354	1.113	5.659	36.443
24064	1.000	0.817	0.447	0.909	5.966	24.470	1.024	-0.213	1.036	0.060	36.108
24084	1.000	0.576	0.603	0.878	0.296	37.567	0.379	-1.210	1.323	0.775	37.475
24104	1.000	0.365	0.309	0.481	1.129	45.667	1.163	0.153	1.234	1.463	35.468
24124	1.000	0.540	0.656	0.869	1.922	38.204	0.029	1.208	1.242	2.128	33.401
24144	1.000	0.837	0.696	1.103	2.557	32.169	-0.230	0.998	0.929	2.743	31.556
24164	1.000	0.649	0.384	0.782	3.188	34.975	-0.627	0.994	1.222	3.346	33.802
24184	1.000	0.571	0.716	0.904	3.909	37.451	-0.863	0.639	1.091	4.044	37.541
24204	1.000	0.889	0.472	0.986	4.533	30.863	0.033	1.291	1.350	4.775	38.174
24224	1.000	0.873	0.420	0.944	4.993	21.110	0.428	-1.064	1.167	5.475	36.960
24244	1.000	0.878	0.408	0.961	5.346	17.819	0.259	1.060	1.116	6.162	35.674
24264	1.000	0.968	0.382	0.992	5.716	20.429	-0.488	-1.034	1.181	0.565	37.191
24284	1.000	0.724	0.433	0.907	6.219	30.090	-0.483	1.059	1.199	1.261	36.480
24304	1.000	0.442	0.554	0.813	0.678	42.508	-0.896	0.683	1.218	1.933	35.345
24324	1.000	0.569	0.617	0.871	1.516	43.443	0.055	-1.042	1.052	2.556	31.926
24344	1.000	0.710	0.433	0.840	2.230	35.106	1.149	-0.190	1.197	3.160	32.586
24364	1.000	0.728	0.664	0.931	2.862	32.592	1.287	-0.170	1.360	3.813	36.275
24384	1.000	0.589	0.651	0.878	3.537	36.275	0.714	-0.743	1.032	4.534	38.365
24404	1.000	0.667	0.517	0.845	4.228	35.782	0.532	-1.063	1.244	5.269	37.842
24424	1.000	0.854	0.544	0.963	4.784	26.416	-0.909	-0.558	1.099	5.952	35.881
24444	1.000	0.898	0.410	0.930	5.159	19.608	1.121	0.306	1.202	0.368	37.130
24464	1.000	0.935	0.581	1.059	5.545	2.435	-1.252	-0.020	1.318	1.069	36.828
24484	1.000	0.833	0.461	0.966	5.987	23.261	1.002	0.468	1.119	1.744	35.695
24504	1.000	0.496	0.278	0.580	0.337	38.043	1.317	0.076	1.372	2.393	33.214
24524	1.000	0.147	0.349	0.386	1.195	44.661	-1.034	0.481	1.177	2.990	31.039
24544	1.000	0.679	0.544	0.890	1.970	38.487	-0.180	-1.181	1.245	3.628	35.306
24564	1.000	0.794	0.422	0.913	2.617	31.952	-0.819	-0.691	1.095	4.341	37.437
24584	1.000	0.610	0.459	0.681	3.275	35.134	-1.172	0.056	1.230	5.076	37.861
24604	1.000	0.670	0.729	0.966	3.994	37.489	-1.029	0.072	1.040	5.771	35.936
24624	1.000	0.849	0.487	0.928	4.599	29.411	-0.782	0.887	1.241	0.184	36.101
24644	1.000	0.870	0.259	0.931	5.038	19.537	1.274	-0.138	1.337	0.871	37.354
24664	1.000	0.972	0.350	1.028	5.392	17.466	-0.875	0.795	1.239	1.555	35.738
24684	1.000	0.913	0.413	0.979	5.772	21.484	0.873	-0.900	1.302	2.217	34.171
24704	1.000	0.711	0.501	0.863	0.011	31.837	-0.391	-0.988	1.063	2.821	31.218
24724	1.000	0.443	0.556	0.749	0.776	43.671	1.077	-0.414	1.138	3.439	34.606
24744	1.000	0.561	0.573	0.833	1.603	42.194	0.568	0.833	1.010	4.145	38.012
24764	1.000	0.640	0.621	0.900	2.301	34.320	0.776	0.884	1.225	4.881	38.396
24784	1.000	0.814	0.455	0.926	2.915	32.397	1.115	-0.327	1.086	5.585	36.349
24804	1.000	0.667	0.688	0.939	3.614	37.646	1.162	-0.316	1.247	6.279	36.202
24824	1.000	0.678	0.591	0.888	4.298	34.732	1.192	0.005	1.243	0.661	36.982
24844	1.000	0.777	0.470	0.917	4.824	25.218	-0.390	-0.991	1.087	1.373	36.882
24864	1.000	0.911	0.393	0.960	5.199	19.914	0.500	0.976	1.127	2.040	35.003
24884	1.000	0.884	0.389	0.971	5.551	19.615	-0.469	-0.905	1.053	2.675	31.767
24904	1.000	0.849	0.465	0.956	5.978	24.203	-0.576	0.891	1.074	3.286	33.673
24924	1.000	0.502	0.398	0.617	0.324	36.901	-0.094	1.041	1.044	3.952	37.048
24944	1.000	0.243	0.439	0.555	1.170	45.379	-1.253	0.134	1.310	4.683	37.990
24964	1.000	0.587	0.479	0.831	1.948	37.842	-0.991	-0.338	1.054	5.397	37.774
24984	1.000	0.763	0.556	0.904	2.591	31.888	-1.342	-0.026	1.396	6.098	35.331
25004	1.000	0.757	0.530	0.922	3.214	34.975	-1.116	0.549	1.309	0.477	36.202
25024	1.000	0.590	0.413	0.733	3.958	36.589	-0.791	0.661	1.059	1.209	37.429
25044	1.000	0.882	0.538	0.989	4.582	29.458	-0.544	1.140	1.358	1.905	34.327
25064	1.000	0.922	0.383	1.005	5.015	21.407	1.116	0.069	1.130	2.511	32.749
25084	1.000	0.926	0.382	0.966	5.366	17.607	-0.946	-0.636	1.163	3.108	33.307
25104	1.000	0.876	0.442	0.931	5.746	21.360	0.811	0.712	1.103	3.760	36.065
25124	1.000	0.809	0.476	0.926	6.251	30.937	-0.082	-1.236	1.301	4.495	38.288
25144	1.000	0.284	0.332	0.473	0.709	43.181	-0.369	-0.979	1.046	5.216	38.189
25164	1.000	0.305	0.579	0.588	1.554	42.891	1.126	-0.298	1.248	5.918	35.447
25184	1.000	0.769	0.549	0.930	2.258	34.842	1.110	0.633	1.353	0.290	35.838
25204	1.000	0.652	0.542	0.874	2.885	33.081	1.099	-0.372	1.058	0.996	36.260
25224	1.000	0.584	0.309	0.691	3.573	37.377	0.821	-0.683	1.084	1.689	35.852
25244	1.000	0.742	0.607	0.932	4.260	34.452	1.084	-0.216	1.093	2.324	33.061
25264	1.000	0.818	0.421	0.936	4.794	24.727	0.929	-0.660	1.176	2.916	31.443
25284	1.000	0.906	0.426	0.932	5.174	19.537	-1.192	-0.183	1.277	3.543	33.959
25304	1.000	0.899	0.384	1.011	5.521	19.738	0.797	-0.678	1.027	4.248	38.157
25324	1.000	0.848	0.429	0.931	5.940	24.247	-1.135	-0.246	1.206	4.875	30.692
25344	1.000	0.663	0.554	0.884	0.267	36.806	-0.336	0.986	1.047	5.581	36.112
25364	1.000	0.191	0.234	0.274	1.104	45.135	-0.139	-0.488	0.494	6.266	36.231
25384	1.000	0.602	0.740	0.928	1.907	39.317	0.386	-1.115	1.227	0.663	36.949
25404	1.000	0.806	0.599	0.991	2.543	32.768	-0.445	-1.023	1.135	1.371	36.443
25424	1.000	0.630	0.406	0.814	3.186	34.095	-0.875	-0.720	1.169	2.043	35.024
25444	1.000	0.567	0.694	0.897	3.907	37.676	0.086	-1.191	1.021	2.674	31.932
25464	1.000	0.889	0.482	0.995	4.533	30.925	0.420	-1.011	1.092	3.284	33.680
25484	1.000	0.908	0.406	0.947	4.992	20.502	-1.047	0.089	1.065	3.952	37.184
25504	1.000	0.913	0.363	0.979	5.344	17.561	0.771	-1.054	1.251	4.680	38.597
25524	1.000	0.980	0.380	1.234	5.717	20.725	0.344	1.007	1.067	5.393	37.184
25544	1.000	0.742	0.482	0.861	6.213	30.102	0.755	-1.068	1.366	6.095	35.631
25564	1.000	0.386	0.560	0.767	0.686	42.209	0.897	-0.605	1.083	0.517	37.550
25584	1.000	0.550	0.675	0.896	1.520	43.722	0.869	0.778	1.213	1.227	36.362
25604	1.000	0.707	0.426	0.868	2.229	34.696	0.513	1.110	1.258	1.911	34.919
25624	1.000	0.702	0.641	0.951	2.861	32.827	0.248	1.087	1.127	2.510	33.134
25644	1.000	0.609	0.659	0.928	3.528	36.318	-0.589	0.962	1.168	3.103	32.239
25664	1.000	0.653	0.480	0.888	4.228	35.008	-1.077	0.230	1.132	3.751	35.844
25684	1.000	0.909	0.497	1.073	4.775	26.274	0.370	1.077	1.178	4.465	38.304
25704	1.000	0.923	0.437	0.943	5.154	19.270	-0.932	-0.375	1.030	5.203	38.204
25724	1.000	0.898	0.379	0.982	5.498	19.282	1.276	-0.466	1.411	5.912	35.781
25744	1.000	0.872	0.430	0.961	5.909	23.825	-1.220	0.219	1.281	0.307	36.101
25764	1.000	0.524	0.487	0.739	0.221	35.745	0.177	1.022	1.027	1.012	36.429
25784	1.000	0.456	0.487	0.704	1.043	45.027	-1.179	0.513	1.340	1.713	35.924
25804	1.000	0.458	0.501	0.682	1.845	39.704	-0.037	-1.101	1.176	2.333	33.161
25824	1.000	0.725	0.497	0.927	2.503	32.188	0.775	-0.856	1.132	2.925	31.881
25844	1.000	0.733	0.712	1.012	3.139	34.183	0.833	-0.745	1.118	3.560	34.794
25864	1.000	0.490	0.535	0.695	3.840	38.096	0.707	-0.878	1.150	4.272	37.997
25884	1.000	0.775	0.585	0.922	4.491	31.830	-0.132	-0.991	1.049	5.008	37.921
25904	1.000	0.762	0.451	0.897	4.962	22.383	-0.804	1.041	1.379	5.716	35.574
25924	1.000	0.963	0.403	0.995	5.321	18.166	0.409	-1.213	1.342	0.110	35.746
25944	1.000	0.951	0.389	1.060	5.691	19.986	0.411	0.961	1.052	0.811	37.759
25964	1.000	0.706	0.497	0.919	6.180	28.833	0.350	-1.234	1.334	1.517	36.224
25984	1.000	0.212	0.334	0.393	0.615	42.551	0.707	-0.792	1.210	2.178	34.061
26004	1.000	0.305	0.372	0.516	1.466	42.534	-0.415	1.124	1.092	2.770	32.520
26024	1.000	0.660	0.689	0.930	2.194	35.052	-1.055	-0.265	1.112	3.382	34.744
26044	1.000	0.766	0.357	0.877	2.809	32.559	-0.860	0.518	0.988	4.064	37.384
26064	1.000	0.704	0.526	0.897	3.499	36.825	-0.589	0.842	1.040	4.803	38.674
26084	1.000	0.601	0.643	0.871	4.209	35.539	-0.666	1.032	1.290	5.513	35.859
26104	1.000	0.788	0.454	0.878	4.758	26.590	0.825	0.935	1.257	6.197	35.454
26124	1.000	0.942	0.396	0.926	5.147	19.118	-0.804	-0.591	1.004	0.617	37.296
26144	1.000	0.910	0.382	0.991	5.495	19.021	1.163	-0.337	1.274	1.328	35.895
26164	1.000	0.895	0.426	0.785	5.900	23.501	-1.258	0.206	1.331	1.997	34.849
26184	1.000	0.524	0.553	0.817	0.212	35.838	-1.033	0.646	1.240	2.599	32.252
26204	1.000	0.374	0.303	0.476	1.031	44.179	0.371	-1.102	1.219	3.191	33.134
26224	1.000	0.467	0.546	0.841	1.838	39.606	0.881	0.529	1.049	3.856	36.197
26244	1.000	0.712	0.532	0.930	2.499	32.995	1.186	0.060	1.240	4.587	38.495
26264	1.000	0.777	0.698	1.035	3.135	34.533	0.352	-0.949	0.990	5.300	37.895
26284	1.000	0.463	0.502	0.673	3.841	37.644	0.742	-1.137	1.407	6.004	35.470
26304	1.000	0.789	0.593	0.923	4.495	31.318	0.338	-1.095	1.187	0.411	37.130
26324	1.000	0.772	0.408	0.964	4.961	22.129	-0.705	0.791	1.068	1.120	37.152
26344	1.000	0.909	0.349	0.964	5.317	18.404	0.356	-1.246	1.348	1.818	35.660
26364	1.000	0.954	0.371	1.004	5.686	19.655	-0.162	1.166	1.212	2.454	32.801
26384	1.000	0.761	0.549	0.930	6.171	28.509	1.065	0.309	1.144	3.065	32.488
26404	1.000	0.269	0.462	0.494	0.600	42.094	0.607	1.044	1.245	3.705	35.162
26424	1.000	0.322	0.636	0.708	1.447	43.802	-1.154	0.369	1.279	4.407	37.899
26444	1.000	0.711	0.661	0.949	2.171	35.781	-1.062	0.353	1.146	5.130	38.281
26464	1.000	0.678	0.461	0.864	2.792	32.736	-0.514	1.100	1.264	5.829	35.141
26484	1.000	0.578	0.353	0.703	3.470	36.523	-0.323	1.078	1.139	0.227	36.553
26504	1.000	0.737	0.776	1.063	4.183	35.275	-0.352	1.080	1.169	0.937	36.875
26524	1.000	1.077	0.611	1.286	4.737	26.976	1.083	0.609	1.278	1.638	35.546
26544	1.000	0.987	0.396	1.054	5.131	17.961	-0.963	-1.003	1.423	2.286	33.724
26564	1.000	0.931	0.406	1.039	5.479	18.711	0.536	1.023	1.205	2.878	30.747
26584	1.000	0.845	0.412	0.945	5.875	23.595	0.265	-1.061	1.113	3.501	34.940
26604	1.000	0.758	0.516	0.914	0.175	34.633	-0.993	-0.686	1.261	4.194	37.880
26624	1.000	0.184	0.357	0.406	0.994	45.479	-0.189	-1.028	1.049	4.921	38.641
26644	1.000	0.657	0.719	0.954	1.804	40.134	1.086	-0.648	1.329	5.639	36.334
26664	1.000	0.860	0.676	1.111	2.461	32.384	0.899	-0.686	1.157	0.031	35.155
26684	1.000	0.673	0.414	0.848	3.086	34.306	-0.206	-1.014	1.023	0.736	37.556
26704	1.000	0.679	0.721	0.963	3.803	38.334	-0.064	-1.206	1.268	1.456	36.392
26724	1.000	0.772	0.496	0.924	4.433	32.124	-0.226	-1.370	1.426	2.095	34.516
26744	1.000	0.770	0.402	0.928	4.927	22.767	-1.145	-0.228	1.208	2.703	31.381
26764	1.000	0.939	0.387	0.987	5.289	18.573	0.788	0.809	1.160	3.306	33.791
26784	1.000	0.895	0.373	0.946	5.648	19.386	-0.819	-0.633	1.022	3.964	37.234
26804	1.000	0.805	0.479	1.031	6.124	28.191	0.606	0.927	1.101	4.697	37.997
26824	1.000	0.411	0.201	0.464	0.538	41.434	1.063	0.446	1.190	5.412	37.631
26844	1.000	0.420	0.377	0.590	1.407	43.881	-0.921	0.880	1.222	6.107	35.204
26864	1.000	0.667	0.477	0.856	2.152	36.130	-1.060	0.087	1.052	0.520	36.742
26884	1.000	0.691	0.432	0.894	2.790	32.762	-0.747	0.935	1.259	1.232	37.048
26904	1.000	0.541	0.412	0.671	3.465	36.531	-0.588	1.060	1.313	1.913	34.787
26924	1.000	0.725	0.742	1.021	4.180	36.101	-1.166	-0.239	1.233	2.505	32.814
26944	1.000	1.081	0.625	1.294	4.735	27.316	-1.101	0.068	1.115	3.099	33.141
26964	1.000	0.992	0.386	1.033	5.130	18.338	0.929	0.734	1.216	3.743	36.284
26984	1.000	0.882	0.391	0.932	5.482	19.021	-1.025	0.347	1.106	4.462	38.473
27004	1.000	0.895	0.446	0.950	5.887	23.210	0.521	-0.852	0.983	5.199	38.166
27024	1.000	0.727	0.685	0.964	0.187	34.758	-0.898	-0.815	1.262	5.897	35.516
27044	1.000	0.200	0.411	0.381	0.994	45.564	0.688	-0.909	1.169	0.273	37.153
27064	1.000	0.668	0.695	0.934	1.801	39.104	1.070	0.625	1.304	0.973	36.641
27084	1.000	0.856	0.679	1.096	2.461	32.923	1.046	0.170	1.073	1.658	35.752
27104	1.000	0.696	0.481	0.826	3.085	34.313	1.121	-0.371	1.215	2.313	33.566
27124	1.000	0.686	0.696	0.959	3.801	37.572	0.376	1.030	1.106	2.901	30.980
27144	1.000	0.846	0.668	1.083	4.455	32.449	-0.153	1.247	1.308	3.524	34.034
27164	1.000	0.896	0.460	0.943	4.926	21.532	0.798	-0.756	1.117	4.231	38.073
27184	1.000	0.934	0.362	0.957	5.283	18.625	-0.062	1.295	1.354	4.959	37.869
27204	1.000	0.901	0.384	0.947	5.644	19.706	-0.752	-0.833	1.144	5.657	36.949
27224	1.000	0.799	0.492	0.943	6.118	28.180	0.111	0.990	0.989	0.055	36.144
27244	1.000	0.465	0.200	0.510	0.543	41.604	0.487	1.000	1.152	0.796	37.682
27264	1.000	0.435	0.399	0.622	1.408	44.108	-0.997	0.449	1.108	1.494	36.363
27284	1.000	0.707	0.427	0.853	2.154	34.905	-1.113	-0.459	1.256	2.174	34.293
27304	1.000	0.691	0.496	0.863	2.789	31.939	-0.689	-0.919	1.080	2.761	32.533
27324	1.000	0.476	0.450	0.702	3.464	36.838	0.132	-1.068	1.091	3.367	34.458
27344	1.000	0.759	0.659	0.980	4.172	35.253	0.178	-1.019	1.051	4.073	36.867
27364	1.000	0.859	0.523	0.982	4.735	27.371	-1.031	-0.013	1.028	4.818	38.780
27384	1.000	0.992	0.339	0.982	5.120	19.336	1.286	-0.399	1.396	5.533	36.436
27404	1.000	0.905	0.406	0.931	5.470	19.029	-0.957	0.854	1.333	6.206	35.073
27424	1.000	0.887	0.426	0.968	5.869	22.841	0.582	-0.890	1.055	0.618	37.162
27444	1.000	0.732	0.426	0.878	0.164	34.468	-1.048	-0.595	1.250	1.330	36.749
27464	1.000	0.248	0.471	0.534	0.994	44.326	0.518	-1.148	1.322	2.000	34.766
27484	1.000	0.641	0.656	0.921	1.795	39.396	0.509	1.086	1.232	2.599	32.009
27504	1.000	0.867	0.665	1.096	2.459	33.195	-0.591	0.995	1.189	3.192	32.995
27524	1.000	0.654	0.437	0.858	3.086	34.320	-0.317	1.051	1.139	3.849	36.392
27544	1.000	0.691	0.696	0.958	3.801	38.357	-0.294	1.197	1.293	4.580	38.487
27564	1.000	0.863	0.667	1.100	4.458	31.819	0.583	0.863	1.024	5.298	37.000
27584	1.000	0.844	0.437	0.937	4.929	22.067	0.321	-1.217	1.305	5.992	36.173
27604	1.000	0.980	0.384	1.036	5.288	18.291	-0.130	1.193	1.242	0.373	36.269
27624	1.000	0.889	0.405	0.935	5.651	19.982	-0.679	-0.806	1.065	1.091	37.512
27644	1.000	0.797	0.492	0.943	6.125	28.248	0.306	1.029	1.085	1.779	35.595
27664	1.000	0.450	0.231	0.505	0.543	40.110	-0.090	1.125	1.152	2.437	31.742
27684	1.000	0.425	0.368	0.578	1.407	43.461	-0.034	-1.163	1.191	3.025	32.670
27704	1.000	0.706	0.443	0.858	2.152	35.267	1.033	-0.254	1.083	3.663	35.895
27724	1.000	0.716	0.489	0.860	2.789	32.768	0.805	-1.014	1.350	4.387	38.258
27744	1.000	0.545	0.398	0.649	3.465	37.004	-0.140	-0.996	0.992	5.113	38.625
27764	1.000	0.725	0.765	1.058	4.183	36.043	0.096	-1.262	1.321	5.825	36.144
27784	1.000	1.002	0.462	1.115	4.719	27.043	-1.133	-0.597	1.336	0.195	35.839
27804	1.000	0.967	0.422	1.037	5.128	17.968	0.976	0.373	1.050	0.899	37.392
27824	1.000	0.931	0.405	1.010	5.479	18.972	-1.073	0.469	1.216	1.606	36.195
27844	1.000	0.884	0.437	1.046	5.883	23.214	1.127	-0.212	1.188	2.267	33.905
27864	1.000	0.737	0.657	0.950	0.186	35.190	0.908	-0.509	1.051	2.861	32.259
27884	1.000	0.199	0.382	0.658	1.000	44.223	-0.018	1.095	1.099	3.471	34.926
27904	1.000	0.666	0.740	0.980	1.809	39.498	-0.991	-0.438	1.207	4.131	36.879
27924	1.000	0.876	0.659	1.115	2.464	32.365	-1.110	0.347	1.210	4.854	38.159
27944	1.000	0.681	0.448	0.874	3.088	33.374	-0.209	1.102	1.150	5.567	36.385
27964	1.000	0.694	0.632	0.930	3.795	37.542	-0.300	0.991	1.042	6.254	36.304
27984	1.000	0.842	0.673	1.078	4.456	32.233	0.048	1.138	1.194	0.689	37.766
28004	1.000	0.837	0.450	0.952	4.929	21.540	0.434	-0.945	1.040	1.396	36.926
28024	1.000	0.932	0.379	0.971	5.288	18.584	-0.079	1.233	1.286	2.077	34.454
28044	1.000	0.882	0.388	0.936	5.647	19.978	0.571	-0.980	1.166	2.675	31.964
28064	1.000	0.823	0.499	0.950	6.121	27.218	-0.908	-0.510	1.122	3.281	33.640
28084	1.000	0.359	0.293	0.490	0.532	40.214	-0.816	-0.721	1.099	3.955	37.085
28104	1.000	0.263	0.318	0.454	1.390	43.246	0.761	-0.965	1.288	4.686	38.519
28124	1.000	0.612	0.497	0.874	2.134	35.289	0.748	-0.757	1.074	5.400	37.743
28144	1.000	0.801	0.683	1.017	2.758	31.977	0.296	-1.285	1.383	6.099	35.045
28164	1.000	0.684	0.556	0.901	3.410	36.480	-0.227	-1.129	1.205	0.509	37.354
28184	1.000	0.557	0.459	0.817	4.122	36.385	-0.395	-0.986	1.066	1.213	36.108
28204	1.000	0.904	0.530	0.971	4.705	26.939	-1.218	-0.234	1.273	1.907	35.190
28224	1.000	0.965	0.367	0.974	5.102	19.094	0.584	0.951	1.190	2.508	32.867
28244	1.000	0.879	0.415	0.929	5.450	18.673	-0.017	-1.145	1.167	3.105	31.907
28264	1.000	0.843	0.419	0.943	5.852	23.118	-0.520	0.984	1.149	3.752	36.090
28284	1.000	0.605	0.509	0.891	0.115	33.771	1.207	0.065	1.253	4.478	37.808
28304	1.000	0.272	0.126	0.303	0.919	44.126	0.816	0.634	1.019	5.197	37.444
28324	1.000	0.409	0.454	0.604	1.755	40.931	-0.751	0.990	1.308	5.898	35.517
28344	1.000	0.778	0.423	0.894	2.428	33.501	-0.865	0.689	1.133	0.270	36.487
28364	1.000	0.652	0.542	0.877	3.074	33.535	-0.508	1.159	1.331	0.974	36.289
28384	1.000	0.681	0.394	0.829	3.775	38.197	-0.488	0.983	1.136	1.658	35.331
28404	1.000	0.814	0.686	1.064	4.453	32.262	-0.788	0.919	1.265	2.312	32.690
28424	1.000	0.864	0.414	1.031	4.919	22.098	0.708	0.804	1.111	2.921	31.375
28444	1.000	0.931	0.345	0.994	5.285	18.584	-0.297	-1.177	1.246	3.547	34.732
28464	1.000	0.922	0.381	0.951	5.639	19.105	0.903	0.454	1.019	4.248	37.933
28484	1.000	0.777	0.499	0.886	6.108	27.863	-0.844	-0.661	1.071	4.992	37.354
28504	1.000	0.331	0.449	0.532	0.512	40.448	-1.134	-0.122	1.179	5.697	36.291
28524	1.000	0.247	0.500	0.559	1.364	44.459	0.458	-1.084	1.211	0.104	35.938
28544	1.000	0.650	0.709	0.980	2.106	35.695	0.781	-0.727	1.091	0.811	37.759
28564	1.000	0.772	0.449	0.903	2.724	31.462	-0.106	-1.213	1.286	1.514	36.349
28584	1.000	0.684	0.455	0.854	3.401	36.713	-0.066	-1.209	1.266	2.178	33.878
28604	1.000	0.589	0.557	0.797	4.120	36.487	1.059	-0.310	1.127	2.772	32.468
28624	1.000	0.869	0.400	0.948	4.702	27.623	1.109	-0.202	1.146	3.370	34.375
28644	1.000	1.008	0.344	1.080	5.117	18.004	-1.013	0.206	1.107	4.071	37.162
28664	1.000	0.899	0.383	0.925	5.463	18.101	0.300	-0.994	1.022	4.814	37.519
28684	1.000	0.818	0.421	0.925	5.857	23.387	0.108	1.353	1.408	5.533	36.926
28704	1.000	0.651	0.394	0.748	0.143	34.129	1.279	0.158	1.352	6.205	35.709
28724	1.000	0.429	0.304	0.533	0.940	44.725	0.223	1.055	1.110	0.600	38.151
28744	1.000	0.512	0.412	0.669	1.766	39.466	-0.759	0.730	1.072	1.310	35.910
28764	1.000	0.826	0.442	0.929	2.442	32.066	-0.988	0.789	1.321	1.999	35.148
28784	1.000	0.652	0.473	0.875	3.083	33.768	-1.095	0.493	1.242	2.605	32.533
28804	1.000	0.706	0.570	0.918	3.790	37.160	-0.779	-0.871	1.192	3.204	33.161
28824	1.000	0.871	0.646	1.083	4.453	31.813	-0.575	-0.831	1.139	3.866	36.112
28844	1.000	1.136	0.380	0.939	4.926	21.743	0.024	1.042	1.058	4.600	38.587
28864	1.000	0.932	0.365	0.931	5.288	18.496	-0.936	-0.692	1.202	5.328	37.902
28884	1.000	0.894	0.401	0.953	5.644	19.313	1.193	0.109	1.262	6.015	35.895
28904	1.000	0.829	0.507	0.926	6.114	27.829	-0.846	-0.586	0.999	0.423	37.004
28924	1.000	0.314	0.375	0.547	0.511	40.440	-1.170	-0.147	1.226	1.140	36.296
28944	1.000	0.241	0.487	0.648	1.361	44.064	0.453	-1.255	1.438	1.821	34.654
28964	1.000	0.657	0.729	0.932	2.105	35.574	1.165	-0.261	1.239	2.453	32.742
28984	1.000	0.761	0.457	0.897	2.720	31.933	1.191	-0.003	1.217	3.069	32.237
29004	1.000	0.703	0.404	0.844	3.401	35.752	1.126	0.553	1.303	3.712	35.972
29024	1.000	0.640	0.620	0.852	4.123	35.845	0.918	0.452	1.022	4.435	38.227
29044	1.000	0.891	0.432	0.983	4.702	27.540	0.565	-0.945	1.135	5.170	37.347
29064	1.000	0.936	0.390	0.952	5.116	17.922	-0.599	0.924	1.013	5.863	35.152
29084	1.000	0.879	0.402	0.974	5.464	19.105	-0.084	-1.152	1.200	0.275	36.061
29104	1.000	0.856	0.429	0.849	5.866	22.987	0.051	1.278	1.352	0.968	37.392
29124	1.000	0.702	0.338	0.817	0.150	34.327	1.167	-0.020	1.189	1.652	35.296
29144	1.000	0.341	0.558	0.660	0.977	43.863	-0.016	1.210	1.243	2.306	34.299
29164	1.000	0.615	0.411	0.763	1.778	40.837	-0.850	-0.713	1.121	2.907	30.163
29184	1.000	0.857	0.672	1.088	2.461	33.308	-0.039	-1.176	1.207	3.542	34.968
29204	1.000	0.683	0.516	0.870	3.076	32.873	-0.944	-0.384	1.001	4.246	38.127
29224	1.000	0.666	0.327	0.773	3.771	37.899	-1.115	-0.024	1.063	4.990	38.258
29244	1.000	0.800	0.658	1.028	4.452	32.246	-1.006	0.368	1.084	5.686	35.395
29264	1.000	0.837	0.416	0.979	4.918	21.605	1.014	0.671	1.118	0.100	35.228
29284	1.000	0.875	0.382	0.927	5.277	18.670	-1.044	0.043	1.057	0.807	37.646
29304	1.000	0.909	0.367	0.969	5.636	19.460	0.815	-0.852	1.227	1.506	35.495
29324	1.000	0.850	0.516	0.946	6.101	27.245	-1.256	0.097	1.302	2.177	33.986
29344	1.000	0.347	0.476	0.663	0.502	40.538	-0.879	-0.902	1.316	2.760	31.695
29364	1.000	0.432	0.657	0.810	1.342	43.565	1.079	0.331	1.167	3.369	34.779
29384	1.000	0.757	0.694	1.007	2.085	35.795	0.505	0.877	1.012	4.053	37.601
29404	1.000	0.725	0.434	0.889	2.707	32.436	1.171	0.068	1.210	4.791	38.250
29424	1.000	0.589	0.364	0.725	3.378	35.953	0.806	-0.723	1.091	5.493	37.100
29444	1.000	0.607	0.661	0.920	4.103	37.182	1.326	-0.230	1.392	6.194	34.919
29464	1.000	0.860	0.511	0.943	4.685	28.102	0.247	-1.006	1.042	0.606	37.578
29484	1.000	0.931	0.399	1.045	5.094	17.536	-0.048	1.101	1.133	1.315	36.830
29504	1.000	0.824	0.431	0.936	5.444	18.197	-0.552	-1.161	1.334	1.999	34.406
29524	1.000	0.800	0.427	0.920	5.849	23.238	-0.554	1.074	1.266	2.599	32.021
29544	1.000	0.639	0.471	0.825	0.124	33.227	0.131	1.154	1.202	3.197	32.644
29564	1.000	0.419	0.242	0.493	0.936	45.126	-1.103	0.018	1.145	3.855	35.681
29584	1.000	0.478	0.407	0.661	1.763	40.496	-0.468	-1.003	1.154	4.591	38.792
29604	1.000	0.820	0.441	0.928	2.442	32.443	-0.902	-0.530	1.045	5.309	37.683
29624	1.000	0.675	0.499	0.840	3.085	33.401	-1.334	-0.064	1.376	6.006	35.774
29644	1.000	0.716	0.579	0.925	3.792	37.452	-1.130	-0.208	1.200	0.426	36.224
29664	1.000	0.868	0.641	1.083	4.458	31.933	-1.115	0.357	1.211	1.138	36.879
29684	1.000	0.789	0.440	0.930	4.913	22.019	0.955	0.669	1.207	1.792	35.260
29704	1.000	0.920	0.375	0.947	5.272	18.759	-0.668	-0.903	1.194	2.413	31.730
29724	1.000	0.914	0.387	0.903	5.628	19.037	0.105	1.110	1.124	2.999	32.317
29744	1.000	0.807	0.514	0.911	6.096	27.568	1.119	-0.392	1.212	3.637	34.905
29764	1.000	0.427	0.598	0.698	0.494	39.688	0.624	-0.846	1.053	4.349	37.926
29784	1.000	0.489	0.662	0.847	1.339	44.792	1.016	0.287	1.078	5.093	38.442
29804	1.000	0.654	0.736	0.929	2.106	35.653	0.910	1.013	1.405	5.815	35.866
29824	1.000	0.729	0.520	0.871	2.698	32.645	1.173	0.210	1.241	0.184	37.224
29844	1.000	0.524	0.442	0.695	3.367	36.327	0.998	-0.405	1.096	0.899	37.541
29864	1.000	0.750	0.738	1.052	4.090	36.202	1.053	-0.292	1.126	1.597	35.752
29884	1.000	0.907	0.672	1.081	4.671	27.746	0.667	-0.873	1.064	2.260	33.540
29904	1.000	0.925	0.372	0.972	5.082	18.715	-1.098	-0.175	1.124	2.859	32.265
29924	1.000	0.874	0.439	1.037	5.436	18.570	0.966	0.409	1.052	3.485	34.400
29944	1.000	0.831	0.423	0.933	5.832	22.932	-1.116	-0.293	1.199	4.186	37.511
29964	1.000	0.700	0.619	0.905	0.103	32.847	0.351	0.994	1.073	4.916	38.618
29984	1.000	0.155	0.337	0.329	0.902	44.658	-0.576	1.105	1.303	5.636	36.793
30004	1.000	0.460	0.674	0.856	1.730	40.022	-0.958	-0.601	1.168	0.031	36.051
30024	1.000	0.729	0.612	0.948	2.395	33.235	-1.001	-0.070	0.961	0.738	37.503
30044	1.000	0.800	0.431	0.907	3.016	33.261	-0.896	0.895	1.330	1.451	36.342
30064	1.000	0.546	0.707	0.889	3.720	37.952	-1.246	0.502	1.397	2.109	34.272
30084	1.000	0.792	0.720	1.007	4.390	32.910	-1.127	0.129	1.164	2.730	32.275
30104	1.000	0.747	0.470	0.877	4.884	22.978	-0.296	1.049	1.114	3.370	33.694
30124	1.000	0.941	0.423	0.915	5.249	19.021	-0.285	-0.999	1.025	4.071	37.347
30144	1.000	0.753	0.235	0.932	5.604	19.580	0.995	0.214	0.996	4.817	38.649
30164	1.000	0.811	0.493	0.915	6.062	26.971	-1.170	-0.603	1.376	5.536	36.779
30184	1.000	0.501	0.257	0.592	0.440	39.168	-1.236	-0.144	1.304	6.211	35.831
30204	1.000	0.241	0.277	0.351	1.292	44.759	0.250	-1.014	1.067	0.618	37.059
30224	1.000	0.724	0.414	0.865	2.059	36.450	0.942	-0.736	1.243	1.330	36.808
30244	1.000	0.746	0.502	0.916	2.704	32.301	0.715	-1.075	1.291	2.000	35.043
30264	1.000	0.564	0.482	0.702	3.364	35.282	1.149	-0.418	1.280	2.594	32.214
30284	1.000	0.743	0.689	0.998	4.082	35.974	0.554	1.006	1.171	3.192	32.853
30304	1.000	0.875	0.636	1.054	4.668	28.231	0.919	0.533	1.099	3.850	36.516
30324	1.000	0.962	0.372	1.000	5.076	18.478	-1.086	-0.496	1.241	4.574	38.496
30344	1.000	0.930	0.380	1.002	5.432	18.186	0.875	-0.645	1.083	5.295	36.978
30364	1.000	0.802	0.417	0.928	5.820	22.387	-0.695	1.044	1.305	5.990	34.961
30384	1.000	0.731	0.648	0.964	0.086	33.267	0.842	0.811	1.217	0.374	36.626
30404	1.000	0.477	0.599	0.795	0.861	44.623	-0.083	1.247	1.299	1.068	37.199
30424	1.000	0.551	0.411	0.715	1.686	41.550	-1.092	-0.049	1.098	1.747	35.660
30444	1.000	0.752	0.691	1.095	2.378	33.441	-1.129	-0.661	1.364	2.401	33.055
30464	1.000	0.700	0.462	0.846	2.991	33.294	-0.924	-0.590	1.100	3.000	30.851
30484	1.000	0.621	0.622	0.898	3.697	38.380	-0.168	-1.148	1.183	3.637	35.838
30504	1.000	0.826	0.760	1.131	4.372	33.180	-0.533	-0.897	1.045	4.349	38.311
30524	1.000	0.699	0.480	0.903	4.869	23.666	-0.208	1.058	1.083	5.090	37.497
30544	1.000	0.909	0.394	0.957	5.242	19.734	-0.454	-0.998	1.111	5.783	34.751
30564	1.000	0.891	0.388	0.929	5.596	19.243	0.922	0.722	1.211	0.199	36.072
30584	1.000	0.839	0.501	0.980	6.045	25.679	-0.738	-0.742	1.074	0.910	37.601
30604	1.000	0.357	0.423	0.701	0.413	39.129	-1.279	-0.067	1.347	1.615	35.681
30624	1.000	0.283	0.526	0.578	1.264	44.774	0.533	-0.917	1.127	2.263	32.736
30644	1.000	0.579	0.529	0.772	2.026	37.392	0.713	0.797	1.087	2.861	31.704
30664	1.000	0.783	0.700	1.009	2.666	32.677	0.403	0.972	1.045	3.479	34.732
30684	1.000	0.691	0.567	0.904	3.310	35.731	0.878	0.624	1.097	4.180	37.332
30704	1.000	0.507	0.472	0.769	4.027	37.288	0.916	0.511	1.035	4.907	38.015
30724	1.000	0.973	0.550	1.121	4.630	28.130	1.121	-0.597	1.325	5.614	36.378
30744	1.000	0.955	0.392	0.999	5.056	19.604	-1.292	-0.151	1.371	0.008	36.238
30764	1.000	0.949	0.438	0.943	5.413	18.327	0.841	-0.612	1.036	0.710	37.162
30784	1.000	0.903	0.417	0.992	5.805	22.662	-0.521	1.064	1.227	1.417	36.450
30804	1.000	0.759	0.487	0.909	0.066	32.808	1.194	0.582	1.372	2.091	34.478
30824	1.000	0.445	0.642	0.825	0.862	44.803	-0.919	0.781	1.270	2.686	32.825
30844	1.000	0.537	0.341	0.670	1.681	41.417	0.168	-1.091	1.109	3.298	34.293
30864	1.000	0.822	0.731	1.119	2.381	32.560	0.628	-0.838	1.046	3.964	36.458
30884	1.000	0.722	0.508	0.847	2.990	33.022	-0.647	-0.830	1.092	4.703	38.189
30904	1.000	0.642	0.419	0.793	3.685	37.122	-1.078	-0.532	1.249	5.420	37.646
30924	1.000	0.856	0.746	1.166	4.367	33.141	-1.035	-0.701	1.308	6.105	35.510
30944	1.000	0.924	0.450	0.973	4.854	23.354	0.012	1.039	1.057	0.520	37.774
30964	1.000	0.901	0.438	0.950	5.225	19.121	-0.675	-0.949	1.211	1.232	37.316
30984	1.000	0.920	0.374	0.960	5.576	19.205	1.099	0.525	1.313	1.910	35.036
31004	1.000	0.785	0.490	0.955	6.016	24.771	-0.084	-1.117	1.133	2.514	32.117
31024	1.000	0.653	0.579	0.907	0.373	38.827	0.313	-1.102	1.163	3.111	33.300
31044	1.000	0.354	0.303	0.465	1.221	45.388	0.575	0.932	1.129	3.758	36.582
31064	1.000	0.666	0.767	0.998	2.002	37.771	-0.354	1.242	1.340	4.485	38.030
31084	1.000	0.806	0.385	0.913	2.622	31.869	0.806	0.597	0.971	5.200	38.281
31104	1.000	0.698	0.361	0.815	3.298	34.544	1.222	0.368	1.390	5.907	35.461
31124	1.000	0.473	0.578	0.741	4.021	37.631	0.733	1.035	1.332	0.302	36.195
31144	1.000	0.948	0.508	1.086	4.628	27.741	1.038	-0.148	1.039	1.003	37.184
31164	1.000	0.940	0.383	0.995	5.056	19.580	-1.134	-0.193	1.186	1.700	36.187
31184	1.000	0.911	0.423	1.026	5.412	18.065	1.079	0.200	1.107	2.336	32.989
31204	1.000	0.855	0.397	0.935	5.803	22.396	-0.651	-0.981	1.173	2.924	30.373
31224	1.000	0.773	0.456	0.907	0.063	33.061	-1.172	-0.077	1.160	3.557	35.003
31244	1.000	0.470	0.631	0.817	0.867	44.543	-0.736	-0.844	1.146	4.272	37.992
31264	1.000	0.575	0.407	0.736	1.686	41.858	0.304	-0.992	1.047	5.012	37.444
31284	1.000	0.787	0.735	1.049	2.379	33.667	0.222	-1.190	1.328	5.725	36.036
31304	1.000	0.716	0.387	0.841	2.996	33.528	-0.539	-1.037	1.210	0.120	36.231
31324	1.000	0.673	0.681	0.939	3.711	37.219	-0.665	-0.773	1.026	0.828	38.142
31344	1.000	0.835	0.575	1.006	4.352	33.494	-1.008	-0.683	1.264	1.517	36.253
31364	1.000	0.778	0.490	0.893	4.866	23.436	-0.781	0.787	1.121	2.155	34.120
31384	1.000	0.914	0.395	0.960	5.239	19.635	1.176	-0.146	1.199	2.758	32.117
31404	1.000	0.976	0.388	0.982	5.591	18.980	-1.061	-0.287	1.109	3.367	34.668
31424	1.000	0.864	0.489	0.991	6.050	26.316	0.898	0.480	1.017	4.071	36.742
31444	1.000	0.572	0.355	0.698	0.454	38.986	1.000	-0.280	1.041	4.823	37.880
31464	1.000	0.409	0.292	0.509	1.313	45.126	0.324	1.154	1.265	5.547	36.867
31484	1.000	0.736	0.596	0.929	2.071	36.296	-0.714	0.863	1.142	6.223	36.325
31504	1.000	0.729	0.446	0.901	2.706	32.384	0.218	0.999	1.011	0.640	37.578
31524	1.000	0.563	0.437	0.704	3.372	35.695	0.752	0.849	1.229	1.365	35.866
31544	1.000	0.678	0.728	0.939	4.094	36.860	0.290	1.132	1.200	2.036	34.347
31564	1.000	0.897	0.622	1.101	4.674	27.294	0.659	0.830	1.075	2.660	31.894
31584	1.000	0.938	0.385	0.995	5.077	18.448	0.654	-0.993	1.256	3.254	33.508
31604	1.000	0.960	0.449	1.000	5.430	18.287	-0.684	1.043	1.302	3.907	36.603
31624	1.000	0.863	0.421	0.951	5.825	22.895	-0.121	-0.984	0.975	4.630	38.502
31644	1.000	0.720	0.618	0.914	0.100	32.586	-1.026	0.632	1.251	5.364	36.523
31664	1.000	0.188	0.422	0.494	0.890	44.973	-1.038	-0.489	1.180	6.044	35.489
31684	1.000	0.582	0.709	0.921	1.712	41.177	0.331	-1.086	1.161	0.466	37.399
31704	1.000	0.746	0.680	0.972	2.384	33.741	0.210	-1.067	1.128	1.163	36.683
31724	1.000	0.759	0.350	0.861	3.005	33.673	-0.633	-0.950	1.191	1.844	35.218
31744	1.000	0.482	0.647	0.919	3.721	38.182	0.048	-1.148	1.169	2.482	33.002
31764	1.000	0.726	0.648	1.016	4.387	32.762	0.869	-0.686	1.126	3.080	33.121
31784	1.000	1.112	0.643	1.332	4.832	19.186	-0.991	-0.763	1.307	3.728	36.791
31804	1.000	0.958	0.405	0.983	5.200	19.533	1.026	-0.012	1.013	4.439	38.258
31824	1.000	0.896	0.411	0.949	5.551	19.286	-0.466	0.931	1.039	5.176	38.182
31844	1.000	0.837	0.458	0.940	5.983	24.383	0.470	-0.936	1.052	5.869	35.589
31864	1.000	0.466	0.357	0.659	0.321	37.434	-0.462	-1.109	1.259	0.282	36.987
31884	1.000	0.394	0.606	0.841	1.155	45.749	1.282	-0.291	1.373	0.960	37.369
31904	1.000	0.506	0.604	0.743	1.930	39.206	0.844	0.886	1.279	1.646	35.803
31924	1.000	0.741	0.651	0.990	2.572	32.781	0.974	0.904	1.379	2.292	33.094
31944	1.000	0.739	0.493	0.908	3.211	35.310	0.637	0.954	1.192	2.890	30.391
31964	1.000	0.469	0.560	0.707	3.933	37.918	-0.626	1.030	1.252	3.520	35.143
31984	1.000	0.958	0.693	1.234	4.561	29.388	-0.248	1.227	1.282	4.206	37.653
32004	1.000	0.904	0.408	0.963	4.998	20.713	0.181	-1.024	1.034	4.924	38.075
32024	1.000	0.933	0.419	0.961	5.351	18.452	0.625	0.998	1.188	5.640	36.589
32044	1.000	0.952	0.433	0.963	5.726	21.013	-0.766	-0.780	1.127	0.035	35.929
32064	1.000	0.755	0.429	0.903	6.234	30.276	0.143	1.025	1.052	0.742	37.347
32084	1.000	0.291	0.436	0.438	0.709	42.338	-0.308	1.139	1.251	1.457	36.421
32104	1.000	0.267	0.527	0.658	1.554	42.823	-0.989	-0.735	1.267	2.121	34.489
32124	1.000	0.749	0.496	0.914	2.255	34.940	-0.103	-1.294	1.350	2.749	32.768
32144	1.000	0.700	0.499	0.838	2.885	32.794	0.159	-1.131	1.158	3.369	34.102
32164	1.000	0.580	0.348	0.712	3.576	37.184	-0.227	-1.021	1.042	4.073	37.786
32184	1.000	0.775	0.753	1.095	4.274	34.926	-0.474	-0.906	1.012	4.820	38.327
32204	1.000	0.840	0.511	0.932	4.794	24.761	-0.964	1.039	1.402	5.542	35.425
32224	1.000	0.903	0.416	0.940	5.180	19.576	0.526	-0.978	1.149	6.225	36.159
32244	1.000	0.901	0.389	1.001	5.532	19.063	0.402	1.005	1.114	0.652	36.516
32264	1.000	0.809	0.462	0.929	5.955	24.320	-0.465	-1.029	1.152	1.367	36.949
32284	1.000	0.644	0.692	0.931	0.285	36.982	-1.139	-0.284	1.208	2.036	34.842
32304	1.000	0.279	0.171	0.347	1.112	44.276	0.731	-0.775	1.053	2.660	31.594
32324	1.000	0.570	0.713	0.905	1.913	38.625	0.161	1.111	1.150	3.274	34.095
32344	1.000	0.839	0.652	1.070	2.553	32.690	0.639	0.806	1.009	3.970	37.302
32364	1.000	0.672	0.376	0.765	3.189	34.787	1.017	-0.159	1.068	4.708	36.974
32384	1.000	0.500	0.660	0.855	3.916	37.488	1.244	-0.154	1.303	5.427	37.638
32404	1.000	0.924	0.527	1.062	4.541	30.168	1.036	-0.719	1.320	6.110	35.320
32424	1.000	0.856	0.412	0.927	4.995	20.821	-1.065	-0.023	1.057	0.520	37.668
32444	1.000	0.894	0.378	0.946	5.351	18.419	0.837	-0.853	1.247	1.233	37.130
32464	1.000	0.898	0.439	1.018	5.726	21.009	-0.557	1.082	1.309	1.913	34.739
32484	1.000	0.745	0.412	0.891	6.234	30.288	0.831	0.716	1.123	2.513	32.736
32504	1.000	0.266	0.411	0.461	0.699	43.487	-0.721	0.926	1.202	3.114	33.248
32524	1.000	0.288	0.563	0.612	1.551	43.493	-0.215	-1.038	1.105	3.771	35.989
32544	1.000	0.749	0.523	0.919	2.256	34.752	-0.168	-1.127	1.156	4.502	38.174
32564	1.000	0.649	0.478	0.881	2.887	32.729	-1.042	-0.191	1.075	5.220	37.997
32584	1.000	0.582	0.313	0.703	3.574	37.250	-1.236	-0.076	1.293	5.923	35.738
32604	1.000	0.714	0.710	1.021	4.281	35.015	-0.986	-0.430	1.103	0.327	36.509
32624	1.000	0.810	0.485	0.929	4.803	23.835	0.071	1.140	1.169	1.034	37.280
32644	1.000	0.873	0.420	0.963	5.182	19.882	-0.262	-1.171	1.237	1.726	34.675
32664	1.000	0.896	0.436	0.921	5.532	19.324	0.608	1.137	1.382	2.373	32.716
32684	1.000	0.853	0.469	0.952	5.960	23.897	0.613	-0.990	1.194	2.977	30.336
32704	1.000	0.634	0.697	0.926	0.293	36.349	0.298	-1.163	1.254	3.613	34.523
32724	1.000	0.287	0.168	0.353	1.121	45.279	1.115	0.252	1.192	4.307	38.151
32744	1.000	0.681	0.542	0.898	1.885	38.474	0.650	0.785	0.988	5.008	37.571
32764	1.000	0.795	0.535	0.931	2.537	32.181	1.143	0.618	1.341	5.716	36.140
32784	1.000	0.609	0.478	0.801	3.180	34.293	1.299	0.086	1.356	0.112	35.852
32804	1.000	0.610	0.726	0.930	3.896	37.638	1.031	0.112	1.028	0.811	38.035
32824	1.000	0.953	0.536	1.109	4.545	29.753	0.995	-0.674	1.309	1.540	36.202
32844	1.000	0.865	0.423	0.953	4.981	21.266	-1.119	-0.405	1.242	2.172	34.654
32864	1.000	0.907	0.380	0.923	5.338	18.116	0.952	0.678	1.205	2.790	31.400
32884	1.000	0.895	0.424	0.995	5.709	20.203	-0.559	-0.959	1.128	3.409	35.008
32904	1.000	0.738	0.457	0.869	6.210	30.294	-0.675	1.029	1.273	4.102	37.668
32924	1.000	0.569	0.539	0.824	0.667	42.031	-0.425	0.948	1.033	4.823	37.910
32944	1.000	0.563	0.471	0.772	1.506	43.258	-1.149	-0.347	1.257	5.548	35.982
32964	1.000	0.659	0.469	0.806	2.227	35.588	-0.755	-0.810	1.146	6.226	35.197
32984	1.000	0.805	0.693	1.053	2.859	31.958	-1.015	0.152	1.027	0.644	36.260
33004	1.000	0.721	0.697	0.970	3.517	36.816	-0.852	0.735	1.148	1.367	36.371
33024	1.000	0.606	0.599	0.848	4.214	35.588	-1.081	0.427	1.224	2.034	34.054
33044	1.000	0.944	0.535	1.063	4.765	25.832	-0.428	0.968	1.080	2.658	31.936
33064	1.000	0.914	0.409	0.940	5.159	19.452	0.925	-0.562	1.089	3.292	33.831
33084	1.000	0.895	0.360	0.985	5.512	19.165	-0.588	0.835	1.008	3.971	36.954
33104	1.000	0.878	0.459	0.951	5.930	23.873	0.317	-0.974	1.032	4.708	38.242
33124	1.000	0.558	0.444	0.687	0.229	35.681	-1.035	-0.242	1.065	5.401	37.467
33144	1.000	0.337	0.510	0.670	1.065	45.485	0.272	-1.191	1.278	6.104	35.802
33164	1.000	0.682	0.513	0.883	1.879	38.473	0.949	-0.318	0.982	0.538	37.625
33184	1.000	0.785	0.518	0.927	2.534	32.423	0.758	-0.886	1.238	1.267	36.735
33204	1.000	0.614	0.589	0.901	3.154	33.906	0.296	-1.288	1.376	1.916	34.668
33224	1.000	0.538	0.386	0.728	3.853	36.904	0.772	-0.891	1.215	2.542	32.668
33244	1.000	0.775	0.469	0.895	4.507	31.600	1.161	-0.299	1.231	3.166	32.149
33264	1.000	0.747	0.419	0.889	4.981	21.424	-0.366	-1.284	1.391	3.821	36.349
33284	1.000	0.967	0.364	1.040	5.337	17.823	0.926	0.443	1.010	4.533	37.610
33304	1.000	0.927	0.400	1.050	5.702	19.894	-1.038	0.449	1.213	5.266	37.503
33324	1.000	0.718	0.439	0.898	6.197	29.181	1.013	0.369	1.089	5.946	35.938
33344	1.000	0.552	0.532	0.799	0.664	43.030	0.990	0.811	1.335	0.385	36.377
33364	1.000	0.508	0.326	0.645	1.502	42.448	-0.561	0.948	1.132	1.088	36.692
33384	1.000	0.659	0.459	0.857	2.226	35.503	-0.862	0.603	1.051	1.769	35.667
33404	1.000	0.774	0.649	1.027	2.856	32.404	-0.720	0.854	1.136	2.430	33.041
33424	1.000	0.620	0.667	0.931	3.525	37.362	-1.020	0.107	1.156	3.014	32.384
33444	1.000	0.667	0.536	0.851	4.229	34.613	-0.698	-0.883	1.152	3.645	34.856
33464	1.000	0.916	0.512	1.041	4.778	26.290	-0.704	0.803	1.074	4.360	38.296
33484	1.000	0.871	0.447	0.963	5.157	19.568	0.014	-1.027	1.015	5.105	38.242
33504	1.000	0.924	0.418	0.942	5.509	19.730	0.846	1.003	1.362	5.811	36.076
33524	1.000	0.863	0.428	0.965	5.926	23.854	-0.630	-1.024	1.231	0.213	36.727
33544	1.000	0.627	0.337	0.743	0.250	35.581	-1.188	-0.148	1.246	0.877	30.857
33564	1.000	0.188	0.408	0.372	1.095	44.575	0.197	-1.109	1.173	1.562	36.068
33584	1.000	0.679	0.605	0.920	1.887	37.959	1.151	0.123	1.214	2.224	34.368
33604	1.000	0.796	0.500	0.928	2.539	31.830	0.848	0.545	0.995	2.833	30.606
33624	1.000	0.547	0.515	0.831	3.188	34.794	0.629	0.874	1.077	3.453	34.265
33644	1.000	0.585	0.696	0.928	3.906	37.533	0.641	0.674	0.990	4.166	37.944
33664	1.000	0.871	0.459	0.956	4.531	31.082	1.042	-0.034	1.048	4.906	38.380
33684	1.000	0.903	0.450	0.970	4.993	20.763	-1.148	-0.566	1.335	5.617	36.298
33704	1.000	0.931	0.401	0.962	5.351	18.364	1.260	0.279	1.371	0.009	35.831
33724	1.000	0.950	0.390	0.954	5.723	20.771	-0.985	0.395	1.088	0.709	37.250
33744	1.000	0.742	0.428	0.897	6.225	30.318	1.100	0.316	1.181	1.414	36.363
33764	1.000	0.377	0.507	0.610	0.690	43.250	0.792	1.048	1.358	2.085	34.293
33784	1.000	0.512	0.716	0.912	1.526	43.098	-1.109	-0.507	1.286	2.680	32.246
33804	1.000	0.708	0.397	0.846	2.232	35.278	0.096	-1.069	1.079	3.287	33.704
33824	1.000	0.716	0.576	0.933	2.867	31.945	-0.192	-1.024	1.033	3.959	36.238
33844	1.000	0.549	0.619	0.807	3.548	36.166	-0.795	-0.841	1.204	4.697	37.310
33864	1.000	0.726	0.424	0.870	4.240	35.588	-0.991	-0.444	1.112	5.407	37.646
33884	1.000	0.834	0.524	0.956	4.797	25.812	-1.003	0.967	1.425	6.101	34.716
33904	1.000	0.905	0.405	0.925	5.173	18.968	0.686	-0.957	1.192	0.506	36.793
33924	1.000	0.917	0.406	0.948	5.521	19.666	0.425	0.948	1.031	1.210	35.845
33944	1.000	0.824	0.466	0.930	5.946	24.519	-0.291	-1.324	1.397	1.907	34.606
33964	1.000	0.660	0.615	0.912	0.276	36.453	-0.872	-0.724	1.166	2.539	33.090
33984	1.000	0.217	0.246	0.359	1.111	44.152	1.182	-0.127	1.251	3.168	31.543
34004	1.000	0.653	0.535	0.874	1.881	39.262	-0.064	1.083	1.107	3.787	36.582
34024	1.000	0.823	0.716	1.108	2.559	32.520	0.534	0.853	0.989	4.541	38.350
34044	1.000	0.634	0.405	0.837	3.180	34.183	1.122	-0.267	1.225	5.275	37.638
34064	1.000	0.622	0.675	0.919	3.890	37.921	0.013	-0.360	0.345	5.941	35.232
34084	1.000	0.842	0.348	0.918	4.521	31.017	0.905	-0.622	1.120	0.362	35.931
34104	1.000	0.842	0.401	0.924	4.993	21.127	-1.104	-0.118	1.132	1.083	37.041
34124	1.000	0.898	0.328	0.956	5.346	17.808	0.928	-0.539	1.080	1.764	35.524
34144	1.000	0.912	0.409	0.948	5.725	20.734	-0.997	0.574	1.196	2.422	32.904
34164	1.000	0.736	0.409	0.881	6.228	30.306	0.022	1.150	1.210	3.013	32.742
34184	1.000	0.335	0.489	0.500	0.693	43.003	-0.999	0.527	1.141	3.652	35.824
34204	1.000	0.472	0.711	0.884	1.531	42.200	-0.754	-0.920	1.232	4.376	38.718
34224	1.000	0.705	0.398	0.857	2.232	35.183	-0.849	-0.622	1.044	5.111	37.861
34244	1.000	0.841	0.627	1.033	2.842	32.797	-1.051	0.343	1.139	5.788	35.317
34264	1.000	0.712	0.563	0.914	3.504	35.982	-0.991	0.675	1.250	0.204	36.523
34284	1.000	0.624	0.613	0.855	4.212	35.902	-0.914	0.524	1.058	0.911	37.736
34304	1.000	0.901	0.531	1.009	4.783	26.274	0.611	1.139	1.342	1.635	35.759
34324	1.000	0.847	0.451	0.970	5.166	19.383	-0.464	-1.259	1.387	2.284	34.048
34344	1.000	0.933	0.376	1.040	5.499	19.293	-0.019	1.106	1.145	2.861	30.931
34364	1.000	0.880	0.452	0.948	5.912	23.852	0.793	-0.679	1.028	3.481	35.325
34384	1.000	0.634	0.363	0.767	0.252	35.753	-0.251	-1.167	1.256	4.208	38.088
34404	1.000	0.163	0.233	0.352	1.098	45.315	0.752	-0.737	1.073	4.930	38.541
34424	1.000	0.663	0.718	0.944	1.898	39.036	1.068	0.303	1.110	5.656	36.378
34444	1.000	0.809	0.547	0.951	2.543	31.780	1.008	-0.215	1.013	0.052	36.043
34464	1.000	0.623	0.414	0.798	3.185	34.996	0.808	-0.956	1.312	0.776	37.227
34484	1.000	0.483	0.646	0.867	3.912	37.771	0.937	-0.640	1.171	1.465	36.043
34504	1.000	0.923	0.475	1.024	4.539	30.270	0.670	-0.968	1.205	2.128	33.633
34524	1.000	0.862	0.419	0.957	4.982	20.667	-0.833	-0.569	1.016	2.730	31.988
34544	1.000	0.943	0.413	0.957	5.340	18.408	0.640	1.069	1.296	3.338	33.521
34564	1.000	0.941	0.460	1.033	5.714	20.352	-0.649	-1.125	1.350	4.010	36.755
34584	1.000	0.725	0.465	0.897	6.219	30.204	0.147	0.962	0.939	4.732	38.075
34604	1.000	0.486	0.590	0.829	0.683	41.964	0.113	1.164	1.227	5.456	36.974
34624	1.000	0.578	0.605	0.873	1.516	43.548	-1.063	-0.016	1.061	6.145	35.045
34644	1.000	0.668	0.435	0.847	2.230	35.574	-1.094	-0.387	1.201	0.569	37.325
34664	1.000	0.729	0.671	0.942	2.862	31.888	-0.926	0.645	1.159	1.279	36.793
34684	1.000	0.545	0.630	0.827	3.536	37.122	-0.640	0.857	1.067	1.957	35.503
34704	1.000	0.669	0.437	0.836	4.234	35.774	-1.144	0.214	1.206	2.599	32.028
34724	1.000	0.778	0.536	0.934	4.791	25.838	-0.998	0.560	1.183	3.200	32.605
34744	1.000	0.912	0.397	1.052	5.168	19.545	0.928	-0.418	1.002	3.864	36.727
34764	1.000	0.933	0.415	0.940	5.516	19.604	-0.299	1.056	1.109	4.599	37.736
34784	1.000	0.867	0.488	0.942	5.938	23.925	-0.166	-1.079	1.094	5.315	37.115
34804	1.000	0.649	0.528	0.877	0.267	36.502	-1.195	-0.567	1.373	6.012	35.505
34824	1.000	0.142	0.312	0.414	1.095	45.182	0.558	-1.089	1.295	0.407	36.994
34844	1.000	0.656	0.686	0.929	1.894	39.129	1.015	-0.185	1.025	1.117	37.691
34864	1.000	0.801	0.487	0.929	2.537	31.926	1.069	-0.788	1.386	1.812	35.303
34884	1.000	0.642	0.367	0.777	3.189	35.141	0.798	-0.805	1.174	2.447	32.136
34904	1.000	0.473	0.609	0.863	3.918	37.167	0.956	0.615	1.141	3.062	31.644
34924	1.000	0.950	0.509	1.082	4.542	29.801	0.961	0.659	1.208	3.705	36.253
34944	1.000	0.887	0.394	0.954	4.996	20.204	-0.287	-1.096	1.188	4.409	37.959
34964	1.000	0.925	0.388	0.999	5.351	17.776	1.055	0.343	1.140	5.130	37.399
34984	1.000	0.879	0.448	1.012	5.728	21.076	-1.187	0.145	1.258	5.832	35.404
35004	1.000	0.766	0.407	0.901	6.234	30.600	0.690	0.875	1.127	0.230	36.108
35024	1.000	0.295	0.206	0.413	0.724	43.215	0.406	1.261	1.387	0.960	37.884
35044	1.000	0.275	0.364	0.501	1.568	42.670	-1.238	0.115	1.304	1.644	34.905
35064	1.000	0.790	0.683	1.046	2.273	34.732	-1.111	-0.754	1.391	2.290	33.493
35084	1.000	0.634	0.501	0.879	2.887	32.593	-0.951	-0.630	1.177	2.893	30.857
35104	1.000	0.636	0.317	0.718	3.579	37.593	-0.234	-1.203	1.290	3.524	34.835
35124	1.000	0.700	0.622	0.950	4.287	34.919	-0.119	-1.002	0.998	4.228	38.281
35144	1.000	0.815	0.471	0.927	4.807	23.968	-1.063	0.745	1.343	4.969	38.457
35164	1.000	0.898	0.392	0.977	5.189	19.878	0.486	-0.936	1.037	5.659	36.509
35184	1.000	0.861	0.410	0.911	5.544	19.682	0.148	1.036	1.032	0.066	35.282
35204	1.000	0.844	0.261	0.932	5.967	24.290	0.093	-1.288	1.338	0.773	37.519
35224	1.000	0.415	0.470	0.704	0.311	37.853	-0.903	-0.743	1.217	1.462	36.720
35244	1.000	0.456	0.628	0.812	1.155	44.397	0.841	-0.788	1.180	2.128	34.197
35264	1.000	0.548	0.648	0.784	1.925	38.669	0.509	0.827	0.954	2.747	31.685
35284	1.000	0.722	0.691	0.970	2.571	32.794	-0.024	1.108	1.157	3.355	34.334
35304	1.000	0.743	0.403	0.886	3.201	34.341	0.737	0.649	0.951	4.051	37.713
35324	1.000	0.504	0.574	0.741	3.929	36.919	0.760	0.829	1.165	4.791	38.488
35344	1.000	0.945	0.685	1.202	4.556	30.698	1.095	-0.231	1.135	5.504	37.452
35364	1.000	0.788	0.370	0.921	4.998	21.072	-1.164	-0.550	1.336	6.199	35.752
35384	1.000	0.913	0.377	0.964	5.354	18.108	1.014	-0.149	1.038	0.614	37.429
35404	1.000	0.947	0.428	0.959	5.728	20.988	-0.722	0.883	1.183	1.324	36.473
35424	1.000	0.758	0.420	0.898	6.237	30.765	1.253	0.369	1.353	1.999	35.036
35444	1.000	0.255	0.286	0.456	0.710	43.000	-0.286	1.192	1.276	2.591	32.224
35464	1.000	0.246	0.444	0.591	1.557	43.000	0.016	-1.166	1.201	3.189	32.845
35484	1.000	0.779	0.604	0.958	2.266	35.120	0.899	-0.729	1.191	3.840	36.334
35504	1.000	0.795	0.569	0.960	2.865	32.339	-0.266	-1.003	1.026	4.541	38.166
35524	1.000	0.622	0.690	0.917	3.528	36.816	-0.967	-0.656	1.232	5.271	36.378
35544	1.000	0.657	0.531	0.861	4.228	35.052	-0.908	-0.580	1.100	5.949	35.917
35564	1.000	0.899	0.520	1.042	4.777	26.395	-0.733	0.846	1.139	0.367	37.219
35584	1.000	0.852	0.429	0.957	5.159	19.553	0.658	-1.031	1.278	1.066	36.662
35604	1.000	0.908	0.410	0.934	5.510	19.584	0.013	1.160	1.191	1.743	34.884
35624	1.000	0.877	0.398	0.979	5.929	23.690	0.652	-1.160	1.461	2.390	32.939
35644	1.000	0.627	0.308	0.728	0.247	36.779	0.322	-1.048	1.165	2.984	31.162
35664	1.000	0.135	0.285	0.404	1.092	45.549	0.542	1.165	1.330	3.622	35.510
35684	1.000	0.648	0.617	0.913	1.890	39.020	-0.544	0.898	1.039	4.337	38.197
35704	1.000	0.790	0.522	0.931	2.536	32.320	0.162	1.205	1.293	5.068	37.801
35724	1.000	0.664	0.370	0.769	3.185	35.113	0.846	0.662	1.071	5.759	36.115
35744	1.000	0.514	0.655	0.890	3.910	37.819	0.655	0.844	1.074	0.173	36.619
35764	1.000	0.914	0.486	1.018	4.539	30.796	1.108	0.485	1.301	0.876	37.199
35784	1.000	0.886	0.405	0.943	4.995	20.721	-0.523	-0.945	1.116	1.563	35.957
35804	1.000	0.902	0.415	0.955	5.351	18.430	0.800	0.875	1.230	2.223	34.088
35824	1.000	0.908	0.430	1.040	5.729	20.144	-0.353	-0.936	0.967	2.835	31.742
35844	1.000	0.764	0.414	0.901	6.237	30.000	-1.115	0.073	1.132	3.453	34.592
35864	1.000	0.290	0.399	0.468	0.710	42.492	-0.988	-0.364	1.022	4.159	37.511
35884	1.000	0.334	0.635	0.701	1.554	41.755	-0.026	-1.086	1.103	4.901	38.007
35904	1.000	0.748	0.513	0.916	2.256	35.204	0.040	-1.250	1.301	5.614	36.705
35924	1.000	0.719	0.484	0.889	2.887	32.047	-0.550	-1.080	1.266	0.006	35.788
35944	1.000	0.605	0.373	0.694	3.576	36.662	-0.746	-0.721	1.029	0.716	36.662
35964	1.000	0.784	0.752	1.108	4.275	35.204	-0.824	-0.813	1.196	1.419	36.727
35984	1.000	0.797	0.432	0.899	4.801	25.823	-1.013	0.824	1.356	2.089	34.102
36004	1.000	0.898	0.404	0.974	5.180	19.910	1.142	0.015	1.157	2.688	31.318
36024	1.000	0.930	0.443	0.953	5.530	19.382	-1.032	-0.368	1.109	3.297	33.147
36044	1.000	0.839	0.467	0.932	5.950	24.945	0.817	0.629	1.014	3.970	36.677
36064	1.000	0.643	0.675	0.927	0.285	37.250	0.762	-0.628	1.052	4.705	37.838
36084	1.000	0.275	0.199	0.357	1.117	44.338	1.168	0.423	1.293	5.423	36.860
36104	1.000	0.586	0.713	0.932	1.916	37.541	-0.232	1.254	1.329	6.111	34.272
36124	1.000	0.801	0.649	1.015	2.549	33.174	0.342	0.995	1.062	0.518	36.860
36144	1.000	0.682	0.394	0.814	3.189	34.396	1.095	0.329	1.185	1.227	35.982
36164	1.000	0.521	0.666	0.869	3.912	37.846	0.920	0.791	1.249	1.910	35.183
36184	1.000	0.902	0.460	0.999	4.534	31.011	0.649	0.973	1.201	2.511	31.939
36204	1.000	0.875	0.389	0.939	4.995	20.445	1.038	-0.426	1.152	3.108	32.956
36224	1.000	0.924	0.395	0.965	5.343	18.460	-1.049	0.338	1.142	3.757	35.774
36244	1.000	0.964	0.397	0.964	5.717	20.742	0.686	-1.056	1.330	4.482	38.433
36264	1.000	0.750	0.398	0.904	6.219	30.397	-0.852	0.575	1.017	5.200	37.093
36284	1.000	0.477	0.597	0.710	0.684	43.626	-1.257	0.256	1.328	5.901	35.553
36304	1.000	0.547	0.701	0.909	1.522	43.749	0.266	-1.167	1.243	0.282	37.219
36324	1.000	0.698	0.402	0.854	2.230	35.331	0.627	-0.991	1.197	0.976	37.093
36344	1.000	0.744	0.588	0.959	2.862	32.520	-0.141	-1.079	1.089	1.661	34.975
36364	1.000	0.560	0.637	0.839	3.536	37.399	-0.052	-1.207	1.264	2.312	33.347
36384	1.000	0.658	0.464	0.858	4.232	35.703	0.841	-0.732	1.112	2.925	30.993
36404	1.000	0.860	0.503	0.963	4.788	25.525	0.421	-0.988	1.142	3.550	35.310
36424	1.000	0.913	0.411	0.937	5.165	19.530	0.181	1.005	1.024	4.261	37.990
36444	1.000	0.921	0.415	0.932	5.521	19.267	-0.959	-0.318	0.999	5.008	38.121
36464	1.000	0.875	0.475	0.961	5.937	24.213	1.248	0.342	1.345	5.716	36.180
36484	1.000	0.647	0.467	0.833	0.262	36.779	1.000	-0.756	1.306	0.110	36.137
36504	1.000	0.455	0.600	0.798	1.057	43.488	1.029	0.383	1.133	0.796	37.575
36524	1.000	0.456	0.454	0.719	1.845	39.915	0.224	1.070	1.114	1.491	35.539
36544	1.000	0.769	0.434	0.893	2.523	33.061	0.300	1.138	1.217	2.169	33.788
36564	1.000	0.623	0.443	0.804	3.168	34.599	-0.257	1.090	1.175	2.772	31.638
36584	1.000	0.622	0.577	0.879	3.883	37.511	-1.075	0.064	1.105	3.381	33.620
36604	1.000	0.923	0.540	1.059	4.541	30.306	-1.085	0.492	1.245	4.097	37.339
36624	1.000	0.821	0.439	0.923	4.984	21.493	1.070	0.025	1.111	4.797	38.281
36644	1.000	0.926	0.389	0.978	5.341	18.452	-0.764	0.887	1.206	5.510	37.294
36664	1.000	0.932	0.419	0.952	5.731	20.816	0.357	-1.068	1.139	6.220	36.094
36684	1.000	0.783	0.401	0.900	6.239	30.796	-0.846	0.570	1.019	0.643	37.199
36704	1.000	0.272	0.195	0.406	0.719	43.793	-1.113	0.177	1.147	1.365	36.669
36724	1.000	0.292	0.361	0.557	1.571	41.708	0.221	-1.126	1.191	2.037	34.891
36744	1.000	0.791	0.684	1.033	2.273	34.815	0.963	-0.497	1.108	2.665	31.735
36764	1.000	0.704	0.447	0.863	2.887	32.554	1.027	-0.442	1.160	3.275	33.912
36784	1.000	0.625	0.298	0.706	3.580	37.914	1.059	-0.059	1.088	3.944	36.989
36804	1.000	0.697	0.725	0.948	4.287	34.835	1.183	-0.142	1.228	4.669	37.906
36824	1.000	0.793	0.447	0.913	4.809	24.905	-0.720	-0.764	1.039	5.387	37.534
36844	1.000	0.899	0.383	0.964	5.177	18.885	0.902	0.590	1.082	6.053	35.411
36864	1.000	0.922	0.428	0.944	5.527	19.309	-1.138	-0.126	1.185	0.466	36.698
36884	1.000	0.847	0.475	0.950	5.950	24.475	0.956	0.516	1.107	1.124	28.758
36904	1.000	0.668	0.674	0.931	0.287	36.560	1.185	-0.489	1.330	1.813	34.717
36924	1.000	0.238	0.177	0.283	1.111	45.451	0.254	1.132	1.203	2.450	33.141
36944	1.000	0.524	0.677	0.892	1.916	39.067	-0.987	-0.553	1.147	3.063	31.512
36964	1.000	0.859	0.630	1.061	2.556	31.613	-0.896	-0.733	1.201	3.703	36.216
36984	1.000	0.664	0.368	0.806	3.188	34.451	-1.149	-0.074	1.203	4.409	37.226
37004	1.000	0.537	0.684	0.861	3.913	37.646	-1.126	0.069	1.156	5.131	37.429
37024	1.000	0.912	0.503	1.024	4.538	30.649	-0.926	0.854	1.113	5.832	35.524
37044	1.000	0.855	0.405	0.962	4.996	21.165	1.098	0.004	1.130	0.232	36.137
37064	1.000	0.898	0.367	0.938	5.352	18.508	-0.886	0.833	1.275	0.950	37.941
37084	1.000	0.892	0.440	0.996	5.729	20.510	0.495	-1.091	1.242	1.638	35.503
