--- Terminal on /dev/ttyUSB0 | 115200 8-N-1
--- Available filters and text transformations: colorize, debug, default, direct, esp32_exception_decoder, hexlify, log2file, nocontrol, printable, send_on_enter, time
--- More details at https://bit.ly/pio-monitor-filters
--- Quit: Ctrl+C | Menu: Ctrl+T | Help: Ctrl+T followed by Ctrl+H
CS: Inv B
MOT: Success: 3
MOT: Ready.
0	50.000	0.213	-0.034	0.324	6.240	0.049
8378	50.000	0.153	0.300	0.370	0.673	50.178
8398	50.000	0.230	0.180	0.328	1.663	48.486
8418	50.000	0.563	0.499	0.776	2.511	41.159
8438	50.000	0.272	0.318	0.422	3.359	43.906
8458	50.000	0.490	0.677	0.872	4.246	42.830
8478	50.000	0.754	0.694	0.960	4.941	31.876
8498	50.000	0.836	0.733	1.092	5.499	28.823
8518	50.000	0.594	0.746	0.932	6.151	37.429
8538	50.000	0.070	0.000	0.070	0.796	50.611
8558	50.000	0.372	0.683	0.820	1.786	47.509
8578	50.000	0.633	0.462	0.824	2.609	40.480
8598	50.000	0.128	0.441	0.612	3.451	45.328
8618	50.000	0.590	0.688	0.916	4.338	40.947
8638	50.000	0.859	0.850	1.193	5.008	31.033
8658	50.000	0.933	0.682	1.179	5.564	28.880
8678	50.000	0.610	0.657	0.907	6.248	38.774
8698	50.000	0.172	-0.026	0.178	0.919	51.324
8718	50.000	0.375	0.733	0.836	1.882	46.301
8738	50.000	0.588	0.589	0.865	2.714	38.159
8758	50.000	0.355	0.214	0.434	3.562	45.723
8778	50.000	0.561	0.605	0.850	4.421	40.535
8798	50.000	0.913	0.507	1.031	5.074	30.132
8818	50.000	0.858	0.468	0.950	5.640	30.019
8838	50.000	0.417	0.669	0.692	0.080	40.474
8858	50.000	0.068	0.320	0.337	1.063	50.764
8878	50.000	0.152	0.568	0.486	2.002	45.099
8898	50.000	0.608	0.585	0.874	2.812	40.496
8918	50.000	0.381	0.444	0.617	3.671	45.386
8938	50.000	0.602	0.529	0.838	4.508	39.174
8958	50.000	0.861	0.577	1.016	5.166	-0.909
8978	50.000	0.817	0.626	1.005	5.746	30.430
8998	50.000	0.332	0.354	0.615	0.225	42.821
9018	50.000	0.123	0.378	0.341	1.246	51.123
9038	50.000	0.442	0.766	0.903	2.157	43.612
9058	50.000	0.360	0.594	0.656	2.962	40.991
9078	50.000	0.251	0.260	0.394	3.838	45.108
9098	50.000	0.529	0.805	0.911	4.642	37.333
9118	50.000	0.819	0.529	0.932	5.246	28.777
9138	50.000	0.782	0.458	0.913	5.835	31.926
9158	50.000	0.463	0.743	0.715	0.365	46.007
9178	50.000	-0.010	0.141	0.113	1.367	50.414
9198	50.000	0.364	0.849	0.823	2.266	43.612
9218	50.000	0.373	0.388	0.500	3.068	42.060
9238	50.000	0.452	0.549	0.738	3.962	44.256
9258	50.000	0.598	0.669	0.950	4.745	35.334
9278	50.000	0.826	0.575	0.998	5.321	28.266
9298	50.000	0.669	0.502	0.859	5.915	34.001
9318	50.000	0.201	0.543	0.579	0.474	48.269
9338	50.000	0.241	0.192	0.329	1.486	49.415
9358	0.000	0.411	0.773	0.918	2.361	41.410
9378	0.000	0.148	0.111	0.170	2.913	19.286
9398	0.000	0.022	-0.006	0.012	3.140	2.473
9418	0.000	-0.056	0.005	0.047	3.175	0.898
9438	0.000	0.016	0.011	0.029	3.177	1.796
9458	0.000	0.009	0.015	0.060	3.169	0.642
9478	0.000	0.013	0.044	0.014	3.171	0.598
9498	0.000	0.019	0.014	0.017	3.175	0.599
9518	0.000	-0.010	0.011	0.005	3.171	0.000
9538	0.000	0.009	-0.001	0.014	3.174	0.299
9558	0.000	-0.001	-0.003	0.079	3.171	-0.299
9578	0.000	-0.009	0.017	0.006	3.171	-0.299
9598	0.000	0.015	0.017	0.021	3.169	-0.322
9618	0.000	0.048	0.008	0.010	3.174	0.000
9638	0.000	0.191	-0.051	0.011	3.171	0.299
9658	0.000	0.017	0.006	0.044	3.169	0.299
9678	0.000	0.058	0.007	0.103	3.163	-0.643
9698	0.000	0.015	0.015	0.017	3.169	-1.494
9718	0.000	-0.009	0.015	0.039	3.172	-0.597
9738	0.000	0.016	0.016	0.007	3.175	0.597
9758	0.000	0.007	0.016	0.072	3.171	0.321
9778	0.000	0.018	0.013	0.012	3.171	-0.299
9798	0.000	0.001	-0.003	0.029	3.171	0.000
9818	0.000	0.021	0.013	0.037	3.168	-0.322
9838	0.000	0.047	0.005	0.009	3.172	1.197
9858	0.000	-0.006	-0.031	0.007	3.169	0.000
9878	0.000	-0.000	0.015	0.007	3.172	0.299
9898	0.000	0.012	0.020	0.020	3.172	-0.322
9918	0.000	0.026	0.008	0.009	3.171	0.000
9938	0.000	0.001	-0.003	0.022	3.168	-0.896
9958	0.000	0.019	0.019	0.030	3.174	-0.299
9978	0.000	0.014	0.008	0.016	3.175	0.000
9998	0.000	0.029	0.014	0.003	3.175	1.195
10018	0.000	0.030	0.002	0.014	3.174	0.898
10038	0.000	0.020	0.011	0.031	3.172	0.322
10058	0.000	0.016	-0.003	0.024	3.169	-0.598
10078	0.000	-0.010	-0.007	0.028	3.171	0.000
10098	0.000	-0.025	-0.000	0.226	3.169	-0.299
10118	0.000	0.010	-0.000	0.046	3.171	-0.643
10138	0.000	0.015	0.006	0.021	3.165	-0.642
10158	0.000	-0.025	0.003	0.022	3.168	-1.197
10178	0.000	-0.016	0.009	0.037	3.174	-0.598
10198	0.000	-0.020	0.007	0.162	3.174	0.299
10218	0.000	-0.002	0.011	0.007	3.172	1.288
10238	0.000	0.026	0.013	0.003	3.171	0.000
10258	0.000	0.023	0.012	0.014	3.169	0.000
10278	0.000	-0.001	0.004	0.039	3.168	-0.644
10298	0.000	0.014	0.015	0.022	3.166	-0.643
10318	0.000	0.026	0.018	0.014	3.169	-1.494
10338	0.000	-0.016	0.011	0.035	3.172	-0.299
10358	50.000	0.061	-0.023	0.014	3.166	2.253
10378	50.000	0.270	0.315	0.564	3.843	46.062
10398	50.000	0.590	0.881	0.940	4.645	36.762
10418	50.000	0.824	0.483	0.929	5.245	28.800
10438	50.000	0.776	0.429	0.909	5.831	32.277
10458	50.000	0.411	0.638	0.699	0.362	45.750
10478	50.000	-0.015	0.233	0.220	1.362	50.849
10498	50.000	0.452	0.723	0.881	2.263	43.298
10518	50.000	0.483	0.476	0.796	3.082	41.969
10538	50.000	0.402	0.694	0.789	3.967	45.045
10558	50.000	0.654	0.872	1.067	4.737	35.596
10578	50.000	0.826	0.612	1.043	5.315	28.266
10598	50.000	0.663	0.484	0.869	5.907	32.657
10618	50.000	0.377	0.522	0.615	0.457	47.627
10638	50.000	0.068	0.055	0.080	1.462	49.454
10658	50.000	0.476	0.825	0.905	2.347	42.035
10678	50.000	0.300	0.402	0.461	3.160	42.375
10698	50.000	0.427	0.427	0.627	4.047	44.492
10718	50.000	0.770	0.765	1.092	4.812	34.250
10738	50.000	0.971	0.760	1.272	5.383	27.615
10758	50.000	0.611	0.642	0.841	5.993	33.960
10778	50.000	0.141	0.325	0.348	0.580	49.822
10798	50.000	0.260	0.441	0.534	1.586	48.847
10818	50.000	0.523	0.777	0.899	2.442	41.032
10838	50.000	0.302	0.485	0.494	3.263	42.678
10858	50.000	0.490	0.552	0.775	4.145	43.258
10878	50.000	0.777	0.558	0.928	4.870	33.215
10898	50.000	0.918	0.459	1.012	5.446	28.542
10918	50.000	0.538	0.653	0.807	6.091	36.400
10938	50.000	0.147	-0.028	0.164	0.713	50.441
10958	50.000	0.065	0.527	0.446	1.720	47.596
10978	50.000	0.433	0.714	0.857	2.556	40.567
10998	50.000	0.436	0.424	0.641	3.379	44.150
11018	50.000	0.441	0.813	0.909	4.260	42.611
11038	50.000	0.739	0.688	0.929	4.949	31.485
11058	50.000	0.815	0.625	1.183	5.515	28.531
11078	50.000	0.480	0.755	0.809	6.170	38.235
11098	50.000	0.121	0.008	0.123	0.819	50.189
11118	50.000	0.175	0.664	0.562	1.801	47.364
11138	50.000	0.584	0.754	0.932	2.628	40.633
11158	50.000	0.420	0.481	0.680	3.481	44.481
11178	50.000	0.548	0.746	0.927	4.344	41.789
11198	50.000	0.844	0.794	1.084	5.013	30.971
11218	50.000	0.917	0.716	1.177	5.567	28.846
11238	50.000	0.589	0.670	0.907	6.251	38.621
11258	50.000	0.188	0.005	0.200	0.914	51.374
11278	50.000	0.360	0.688	0.800	1.876	46.080
11298	50.000	0.550	0.599	0.919	2.698	40.034
11318	50.000	0.277	0.235	0.361	3.554	45.480
11338	50.000	0.551	0.740	0.924	4.433	38.934
11358	0.000	0.912	0.552	1.062	5.079	30.013
11378	0.000	0.410	0.347	0.497	5.464	18.614
11398	0.000	0.183	0.154	0.136	5.748	13.229
11418	0.000	0.053	-0.031	0.047	5.920	5.379
11438	0.000	0.114	-0.116	0.012	5.979	1.544
11458	0.000	0.184	-0.150	0.030	5.984	0.000
11478	0.000	-0.009	0.012	0.016	6.006	0.618
11498	0.000	-0.007	0.014	0.008	6.009	-0.598
11518	0.000	-0.025	0.007	0.029	6.002	-1.508
11538	0.000	-0.047	0.004	0.018	6.004	-0.618
11558	0.000	-0.041	0.002	0.008	6.004	-0.309
11578	0.000	0.007	-0.006	0.015	6.006	-0.309
11598	0.000	0.030	0.009	0.015	6.010	0.975
11618	0.000	0.002	-0.006	0.013	6.007	-0.323
11638	0.000	-0.161	0.069	0.072	6.006	-0.900
11658	0.000	-0.060	-0.004	0.019	6.010	-0.597
11678	0.000	0.002	0.007	0.024	6.019	4.275
11698	0.000	0.055	0.002	0.058	6.004	0.928
11718	0.000	0.000	-0.007	0.006	6.004	-2.279
11738	0.000	0.028	0.013	0.017	6.004	-2.391
11758	0.000	-0.029	0.001	0.004	6.009	-0.896
11778	0.000	0.114	0.091	0.042	6.009	-0.299
11798	0.000	-0.008	-0.009	0.147	6.013	0.598
11818	0.000	0.020	0.007	0.015	6.016	0.298
11838	0.000	-0.015	0.010	0.010	6.010	-0.964
11858	0.000	-0.052	-0.004	0.014	6.012	-0.896
11878	0.000	-0.035	0.012	0.012	6.012	-0.299
11898	0.000	-0.029	-0.003	0.162	6.019	0.598
11918	0.000	-0.056	-0.040	0.038	6.018	1.284
11938	0.000	0.016	0.004	0.052	6.010	2.162
11958	0.000	0.015	-0.003	0.119	6.009	0.000
11978	0.000	0.013	-0.004	0.012	6.006	-1.225
11998	0.000	0.038	0.006	0.039	6.001	-2.132
12018	0.000	-0.042	-0.000	0.034	6.009	-2.394
12038	0.000	-0.026	0.003	0.055	6.016	-0.598
12058	0.000	-0.035	0.003	0.005	6.013	3.357
12078	0.000	0.019	0.002	0.020	6.016	3.063
12098	0.000	0.045	0.005	0.030	6.010	0.928
12118	0.000	0.003	-0.001	0.050	6.002	-1.537
12138	0.000	0.000	-0.007	0.015	5.999	-3.034
12158	0.000	-0.047	0.006	0.024	6.012	-2.393
12178	0.000	0.038	0.009	0.232	6.022	2.390
12198	0.000	0.065	-0.018	0.028	6.019	1.792
12218	0.000	0.014	0.004	0.038	6.001	0.309
12238	0.000	-0.043	-0.006	0.009	6.010	-0.643
12258	0.000	-0.208	0.101	0.007	6.006	-0.909
12278	0.000	-0.011	-0.009	0.014	6.004	-1.624
12298	0.000	-0.170	0.069	0.019	6.015	-0.643
12318	0.000	-0.010	0.013	0.007	6.012	0.000
12338	0.000	0.041	0.023	0.049	6.010	2.163
12358	50.000	0.056	0.004	0.043	6.004	0.915
12378	50.000	0.141	0.286	0.464	0.411	47.514
12398	50.000	0.145	0.542	0.506	1.434	50.100
12418	50.000	0.393	0.601	0.838	2.315	42.172
12438	50.000	0.370	0.661	0.765	3.131	41.948
12458	50.000	0.163	0.427	0.454	4.013	44.788
12478	50.000	0.693	0.538	0.896	4.772	35.264
12498	50.000	0.900	0.525	1.023	5.355	28.244
12518	50.000	0.662	0.766	0.998	5.969	34.559
12538	50.000	0.303	0.360	0.462	0.548	49.193
12558	50.000	0.013	0.246	0.228	1.546	49.307
12578	50.000	0.599	0.484	0.802	2.422	41.091
12598	50.000	0.254	0.598	0.667	3.241	43.091
12618	50.000	0.355	0.290	0.464	4.125	43.612
12638	50.000	0.714	0.598	0.924	4.860	33.097
12658	50.000	0.932	0.431	0.996	5.446	27.689
12678	50.000	0.579	0.541	0.760	6.108	36.012
12698	50.000	0.245	0.186	0.327	0.735	51.333
12718	50.000	0.147	0.566	0.514	1.712	47.483
12738	50.000	0.396	0.778	0.841	2.557	40.351
12758	50.000	0.478	0.613	0.800	3.398	44.001
12778	50.000	0.428	0.752	0.887	4.263	42.796
12798	50.000	0.748	0.665	0.932	4.955	31.566
12818	50.000	0.831	0.580	0.931	5.519	28.183
12838	50.000	0.441	0.625	0.788	6.182	37.838
12858	50.000	0.189	0.053	0.215	0.825	50.680
12878	50.000	0.149	0.612	0.534	1.807	46.068
12898	50.000	0.561	0.789	0.936	2.631	40.328
12918	50.000	0.255	0.460	0.647	3.465	44.305
12938	50.000	0.580	0.669	0.902	4.333	42.069
12958	50.000	0.770	0.735	1.091	5.019	31.033
12978	50.000	0.907	0.820	1.258	5.576	28.874
12998	50.000	0.370	0.652	0.676	0.005	42.367
13018	50.000	0.098	0.352	0.319	0.969	51.263
13038	50.000	0.132	0.484	0.438	1.924	45.977
13058	50.000	0.424	0.737	0.794	2.744	40.480
13078	50.000	0.402	0.581	0.727	3.590	45.824
13098	50.000	0.540	0.758	0.925	4.432	41.124
13118	50.000	0.921	0.709	1.189	5.093	29.704
13138	50.000	0.884	0.528	1.017	5.651	29.213
13158	50.000	0.337	0.593	0.716	0.087	40.802
13178	50.000	0.014	0.150	0.116	1.072	51.652
13198	50.000	0.238	0.384	0.427	2.017	45.153
13218	50.000	0.450	0.841	0.874	2.838	40.527
13238	50.000	0.312	0.682	0.670	3.695	46.337
13258	50.000	0.609	0.689	0.922	4.524	39.169
13278	50.000	0.766	0.680	1.079	5.151	29.657
13298	50.000	0.718	0.659	1.046	5.726	29.792
13318	50.000	0.286	0.479	0.626	0.219	43.739
13338	50.000	0.206	0.388	0.388	1.227	51.072
13358	0.000	0.457	0.516	0.723	2.137	44.682
13378	0.000	0.075	0.052	0.112	2.712	17.000
13398	0.000	-0.004	0.002	0.022	2.930	6.887
13418	0.000	-0.173	-0.080	0.027	2.939	0.643
13438	0.000	-0.001	-0.025	0.028	2.939	0.299
13458	0.000	0.002	-0.019	0.019	2.942	0.895
13478	0.000	0.041	-0.014	0.026	2.941	-0.616
13498	0.000	-0.008	-0.010	0.072	2.936	-0.598
13518	0.000	0.005	0.033	0.026	2.939	-0.322
13538	0.000	-0.014	-0.003	0.011	2.941	-0.306
13558	0.000	-0.001	-0.001	0.036	2.941	0.321
13578	0.000	0.016	-0.017	0.027	2.941	0.642
13598	0.000	-0.015	-0.023	0.229	2.947	-0.617
13618	0.000	0.001	-0.018	0.018	2.944	-0.926
13638	0.000	-0.010	-0.009	0.009	2.944	-0.309
13658	0.000	0.041	0.002	0.182	2.944	0.000
13678	0.000	0.008	-0.016	0.007	2.948	0.617
13698	0.000	0.002	0.002	0.027	2.945	0.000
13718	0.000	0.011	-0.013	0.057	2.944	0.000
13738	0.000	-0.005	-0.003	0.043	2.944	0.309
13758	0.000	0.009	-0.000	0.019	2.944	-0.617
13778	0.000	0.015	-0.004	0.026	2.944	-0.309
13798	0.000	-0.012	0.033	0.004	2.947	-0.309
13818	0.000	-0.000	-0.019	0.019	2.945	0.000
13838	0.000	0.015	0.000	0.022	2.948	0.865
13858	0.000	0.022	0.002	0.021	2.942	0.000
13878	0.000	-0.008	-0.020	0.019	2.944	-0.309
13898	0.000	0.005	-0.013	0.021	2.945	-0.309
13918	0.000	0.003	-0.025	0.035	2.947	0.309
13938	0.000	-0.009	-0.021	0.305	2.945	-0.309
13958	0.000	-0.023	-0.010	0.042	2.947	-0.309
13978	0.000	-0.001	-0.012	0.042	2.954	1.236
13998	0.000	-0.007	-0.007	0.022	2.944	0.000
14018	0.000	0.024	0.081	0.023	2.947	0.577
14038	0.000	-0.005	-0.022	0.043	2.942	-0.618
14058	0.000	0.018	0.048	0.039	2.948	0.289
14078	0.000	-0.001	0.003	0.032	2.948	0.309
14098	0.000	0.009	-0.036	0.028	2.948	0.309
14118	0.000	0.023	-0.011	0.029	2.948	0.309
14138	0.000	0.022	0.008	0.022	2.944	-0.309
14158	0.000	0.012	-0.032	0.027	2.945	0.000
14178	0.000	0.018	-0.040	0.036	2.945	0.309
14198	0.000	-0.002	-0.014	0.026	2.945	-0.309
14218	0.000	0.018	0.152	0.029	2.947	0.577
14238	0.000	0.011	-0.026	0.029	2.948	0.309
14258	0.000	0.008	-0.026	0.014	2.948	0.309
14278	0.000	0.017	-0.017	0.034	2.948	1.216
14298	0.000	0.010	-0.010	0.023	2.948	0.617
14318	0.000	-0.006	-0.017	0.024	2.950	-0.309
14338	0.000	0.034	-0.001	0.032	2.953	0.309
14358	50.000	-0.017	-0.003	0.026	2.951	-0.309
14378	50.000	0.219	0.585	0.575	3.611	44.921
14398	50.000	0.392	0.801	0.915	4.453	40.480
14418	50.000	0.922	0.725	1.196	5.094	29.343
14438	50.000	0.907	0.675	1.154	5.665	29.120
14458	50.000	0.321	0.541	0.601	0.098	40.989
14478	50.000	0.028	0.124	0.113	1.072	51.937
14498	50.000	0.237	0.425	0.453	2.016	45.557
14518	50.000	0.317	0.742	0.709	2.847	40.551
14538	50.000	0.226	0.668	0.655	3.712	45.037
14558	50.000	0.614	0.790	0.962	4.533	38.812
14578	50.000	0.762	0.687	1.091	5.153	29.143
14598	50.000	0.744	0.637	1.031	5.731	30.025
14618	50.000	0.202	0.339	0.384	0.206	44.121
14638	50.000	0.198	0.300	0.403	1.221	51.245
14658	50.000	0.447	0.533	0.841	2.134	43.526
14678	50.000	0.319	0.634	0.765	2.945	41.097
14698	50.000	0.167	0.520	0.434	3.821	45.573
14718	50.000	0.661	0.815	1.046	4.625	37.221
14738	50.000	0.786	0.654	0.932	5.225	29.449
14758	50.000	0.720	0.477	0.882	5.815	31.256
14778	50.000	0.349	0.124	0.388	0.333	45.232
14798	50.000	0.114	0.374	0.434	1.331	51.535
14818	50.000	0.515	0.680	0.882	2.244	42.898
14838	50.000	0.303	0.609	0.676	3.051	41.722
14858	50.000	0.196	0.290	0.338	3.927	44.679
14878	50.000	0.680	0.732	0.977	4.711	35.843
14898	50.000	0.908	0.804	1.138	5.297	28.171
14918	50.000	0.672	0.675	0.891	5.887	32.534
14938	50.000	0.251	0.223	0.455	0.425	47.749
14958	50.000	0.027	0.300	0.247	1.440	49.718
14978	50.000	0.513	0.507	0.746	2.322	42.331
14998	50.000	0.302	0.651	0.682	3.139	42.064
15018	50.000	0.235	0.318	0.368	4.022	44.485
15038	50.000	0.742	0.621	0.952	4.783	34.284
15058	50.000	0.938	0.720	1.191	5.375	27.940
15078	50.000	0.644	0.637	0.878	5.992	33.900
15098	50.000	0.204	0.330	0.424	0.575	48.650
15118	50.000	0.051	0.235	0.356	1.555	48.568
15138	50.000	0.553	0.708	0.905	2.441	41.246
15158	50.000	0.292	0.492	0.474	3.251	42.813
15178	50.000	0.420	0.349	0.577	4.131	43.474
15198	50.000	0.779	0.593	0.925	4.867	33.235
15218	50.000	0.893	0.429	0.957	5.441	27.686
15238	50.000	0.530	0.631	0.822	6.087	36.264
15258	50.000	0.105	-0.000	0.116	0.709	50.737
15278	50.000	-0.044	0.730	0.514	1.720	47.861
15298	50.000	0.347	0.716	0.713	2.557	41.459
15318	50.000	0.466	0.481	0.695	3.384	44.071
15338	50.000	0.445	0.828	0.892	4.260	42.813
15358	0.000	0.734	0.689	0.930	4.949	31.528
15378	0.000	0.424	0.270	0.478	5.351	16.763
15398	0.000	0.152	0.134	0.218	5.597	9.239
15418	0.000	0.055	0.032	0.055	5.777	8.667
15438	0.000	0.034	0.005	0.163	5.826	0.926
15458	0.000	0.052	-0.008	0.084	5.837	0.309
15478	0.000	0.052	-0.083	0.035	5.838	-0.928
15498	0.000	0.014	-0.012	0.100	5.841	-0.309
15518	0.000	0.016	0.001	0.034	5.844	0.926
15538	0.000	0.010	-0.017	0.066	5.848	1.235
15558	0.000	0.017	-0.012	0.102	5.849	1.235
15578	0.000	0.033	-0.021	0.048	5.851	1.544
15598	0.000	0.011	-0.025	0.025	5.851	0.617
15618	0.000	0.006	-0.020	0.075	5.849	0.618
15638	0.000	0.011	-0.014	0.089	5.849	0.618
15658	0.000	0.019	-0.010	0.042	5.852	1.544
15678	0.000	0.019	-0.013	0.080	5.849	0.618
15698	0.000	0.023	-0.005	0.115	5.848	0.309
15718	0.000	0.017	-0.008	0.088	5.849	0.309
15738	0.000	0.021	-0.009	0.049	5.851	0.927
15758	0.000	0.028	-0.011	0.043	5.846	0.309
15778	0.000	0.041	-0.010	0.051	5.846	0.000
15798	0.000	0.019	-0.005	0.104	5.848	-0.309
15818	0.000	0.028	0.007	0.042	5.844	-0.618
15838	0.000	-0.089	-0.158	0.039	5.848	0.000
15858	0.000	0.022	0.003	0.039	5.848	0.309
15878	0.000	0.032	-0.011	0.042	5.849	0.000
15898	0.000	0.023	0.001	0.034	5.844	0.000
15918	0.000	0.042	-0.003	0.027	5.846	0.000
15938	0.000	0.035	0.014	0.056	5.844	-0.618
15958	0.000	-0.005	-0.004	0.015	5.843	-0.618
15978	0.000	0.005	0.003	0.035	5.844	-0.309
15998	0.000	0.012	-0.001	0.038	5.846	-0.309
16018	0.000	0.018	-0.046	0.019	5.852	0.618
16038	0.000	0.136	0.170	0.014	5.849	0.309
16058	0.000	0.018	0.002	0.028	5.848	0.309
16078	0.000	-0.053	-0.015	0.033	5.848	0.309
16098	0.000	0.036	-0.011	0.046	5.849	0.926
16118	0.000	0.016	0.008	0.033	5.848	0.618
16138	0.000	-0.015	-0.021	0.024	5.846	0.309
16158	0.000	0.066	-0.058	0.049	5.846	0.617
16178	0.000	0.030	0.002	0.042	5.846	0.618
16198	0.000	-0.019	-0.016	0.021	5.848	0.309
16218	0.000	0.018	-0.011	0.029	5.846	0.309
16238	0.000	0.027	-0.007	0.045	5.846	0.309
16258	0.000	0.020	-0.001	0.032	5.844	0.000
16278	0.000	0.001	-0.010	0.032	5.844	-0.309
16298	0.000	0.004	-0.024	0.019	5.848	-0.618
16318	0.000	0.015	-0.010	0.020	5.852	0.927
16338	0.000	0.028	-0.020	0.020	5.848	0.927
16358	50.000	0.026	-0.014	0.020	5.846	0.618
16378	50.000	0.445	0.635	0.818	0.166	42.467
16398	50.000	-0.018	0.245	0.181	1.160	52.118
16418	50.000	0.219	0.742	0.775	2.097	44.490
16438	50.000	0.545	0.498	0.779	2.899	40.776
16458	50.000	0.491	0.455	0.687	3.771	45.654
16478	50.000	0.573	0.580	0.817	4.582	37.940
16498	50.000	0.871	0.807	1.080	5.206	28.752
16518	50.000	0.768	0.789	0.987	5.785	30.940
16538	50.000	0.325	0.541	0.641	0.282	44.033
16558	50.000	0.006	0.254	0.151	1.267	50.675
16578	50.000	0.256	0.610	0.587	2.200	43.498
16598	50.000	0.588	0.512	0.818	3.004	40.975
16618	50.000	0.422	0.687	0.849	3.878	45.323
16638	50.000	0.557	0.725	0.863	4.665	37.621
16658	50.000	0.949	0.489	1.063	5.266	28.227
16678	50.000	0.772	0.697	1.041	5.858	32.275
16698	50.000	0.149	0.459	0.466	0.390	47.371
16718	50.000	0.179	0.281	0.356	1.397	50.594
16738	50.000	0.316	0.639	0.636	2.289	42.325
16758	50.000	0.467	0.793	0.922	3.120	42.998
16778	50.000	0.206	0.582	0.624	3.994	44.717
16798	50.000	0.666	0.684	0.900	4.760	34.700
16818	50.000	0.868	0.571	1.037	5.349	27.946
16838	50.000	0.735	0.782	1.028	5.964	33.301
16858	50.000	0.184	0.076	0.214	0.522	48.943
16878	50.000	0.082	0.469	0.425	1.528	49.355
16898	50.000	0.413	0.443	0.608	2.402	41.205
16918	50.000	0.294	0.577	0.534	3.243	43.108
16938	50.000	0.310	0.335	0.459	4.125	43.915
16958	50.000	0.738	0.551	0.914	4.860	33.097
16978	50.000	0.873	0.508	0.992	5.438	27.924
16998	50.000	0.531	0.594	0.900	6.082	35.617
17018	50.000	0.057	0.143	0.110	0.695	50.882
17038	50.000	0.241	0.663	0.637	1.703	48.259
17058	50.000	0.502	0.808	0.929	2.539	40.535
17078	50.000	0.296	0.367	0.461	3.364	43.706
17098	50.000	0.500	0.656	0.861	4.245	42.779
17118	50.000	0.752	0.734	0.969	4.941	31.876
17138	50.000	0.857	0.781	1.035	5.499	28.199
17158	50.000	0.505	0.853	0.922	6.167	30.527
17178	50.000	0.133	-0.003	0.141	0.816	51.400
17198	50.000	0.188	0.702	0.630	1.804	47.345
17218	50.000	0.619	0.691	0.925	2.628	40.288
17238	50.000	0.238	0.478	0.593	3.462	43.977
17258	50.000	0.559	0.788	0.929	4.346	41.814
17278	50.000	0.803	0.822	1.063	5.015	31.088
17298	50.000	0.908	0.797	1.248	5.573	29.201
17318	50.000	0.534	0.802	0.899	6.260	39.007
17338	50.000	0.222	0.142	0.255	0.925	51.183
17358	0.000	0.314	0.707	0.828	1.888	46.098
17378	0.000	-0.049	0.173	0.042	2.503	15.226
17398	0.000	-0.056	-0.005	0.207	2.658	5.790
17418	0.000	0.046	-0.082	0.047	2.654	2.092
17438	0.000	-0.005	0.023	0.028	2.645	-0.597
17458	0.000	-0.019	-0.005	0.019	2.649	-1.199
17478	0.000	-0.021	0.014	0.007	2.648	-1.197
17498	0.000	-0.011	0.006	0.028	2.645	-0.322
17518	0.000	0.006	0.021	0.021	2.642	-0.964
17538	0.000	0.038	0.033	0.014	2.648	-0.597
17558	0.000	-0.000	0.009	0.130	2.648	-0.896
17578	0.000	0.001	0.021	0.025	2.646	-0.597
17598	0.000	-0.022	0.008	0.028	2.649	0.322
17618	0.000	0.095	0.025	0.022	2.643	0.299
17638	0.000	0.008	0.003	0.159	2.645	0.000
17658	0.000	0.011	0.023	0.021	2.645	0.966
17678	0.000	0.037	0.022	0.015	2.646	0.300
17698	0.000	0.044	0.043	0.018	2.648	0.597
17718	0.000	0.031	0.054	0.005	2.642	-0.322
17738	0.000	0.012	0.022	0.014	2.643	0.322
17758	0.000	0.090	0.029	0.053	2.648	1.796
17778	0.000	0.050	0.021	0.045	2.643	-0.896
17798	0.000	0.007	0.021	0.012	2.645	-1.287
17818	0.000	-0.021	0.017	0.019	2.661	0.309
17838	0.000	0.015	0.081	0.039	2.655	0.896
17858	0.000	0.010	-0.008	0.043	2.654	1.196
17878	0.000	0.040	0.021	0.056	2.649	0.000
17898	0.000	0.009	0.000	0.053	2.651	-0.322
17918	0.000	0.034	0.015	0.058	2.646	-0.964
17938	0.000	-0.018	0.036	0.026	2.652	-1.534
17958	0.000	-0.016	-0.005	0.030	2.646	-0.299
17978	0.000	-0.005	0.048	0.042	2.646	-0.599
17998	0.000	0.018	0.068	0.021	2.642	0.000
18018	0.000	0.014	0.024	0.013	2.649	0.299
18038	0.000	0.015	-0.013	0.022	2.648	0.597
18058	0.000	-0.010	0.009	0.029	2.643	0.000
18078	0.000	0.036	0.016	0.059	2.640	-0.643
18098	0.000	-0.028	-0.121	0.010	2.652	-0.919
18118	0.000	0.014	0.023	0.004	2.651	-0.598
18138	0.000	0.004	-0.002	0.030	2.649	0.299
18158	0.000	0.029	0.028	0.069	2.645	0.000
18178	0.000	0.043	0.020	0.058	2.642	-0.643
18198	0.000	-0.002	0.002	0.025	2.646	-1.497
18218	0.000	0.004	0.019	0.041	2.652	-0.322
18238	0.000	0.006	0.003	0.015	2.649	0.644
18258	0.000	0.009	0.014	0.019	2.648	0.299
18278	0.000	-0.002	-0.000	0.034	2.648	0.000
18298	0.000	0.010	0.017	0.033	2.645	-0.643
18318	0.000	0.006	-0.001	0.005	2.648	-0.299
18338	0.000	0.035	0.065	0.018	2.649	0.896
18358	50.000	0.014	0.024	0.316	2.646	0.322
18378	50.000	0.472	0.477	0.702	3.286	44.226
18398	50.000	0.355	0.787	0.877	4.169	43.018
18418	50.000	0.832	0.512	0.933	4.881	32.291
18438	50.000	1.000	0.607	1.202	5.466	27.609
18458	50.000	0.594	0.476	0.735	6.110	36.026
18478	50.000	0.258	0.231	0.347	0.736	50.122
18498	50.000	0.079	0.356	0.298	1.732	47.521
18518	50.000	0.388	0.620	0.692	2.572	40.671
18538	50.000	0.385	0.800	0.809	3.412	43.906
18558	50.000	0.239	0.701	0.648	4.274	43.509
18578	50.000	0.758	0.713	1.082	4.962	31.553
18598	50.000	0.842	0.487	0.991	5.536	28.851
18618	50.000	0.527	0.408	0.690	6.214	38.350
18638	50.000	0.105	-0.063	0.129	0.899	52.511
18658	50.000	0.389	0.558	0.708	1.868	47.521
18678	50.000	0.486	0.585	0.890	2.692	40.225
18698	50.000	0.227	0.296	0.261	3.548	44.759
18718	50.000	0.468	0.445	0.867	4.404	41.222
18738	50.000	0.881	0.463	0.963	5.068	30.013
18758	50.000	0.879	0.503	0.994	5.648	29.172
18778	50.000	0.371	0.645	0.655	0.083	40.728
18798	50.000	0.141	0.368	0.314	1.052	52.114
18818	50.000	0.211	0.592	0.583	2.005	45.447
18838	50.000	0.567	0.688	0.911	2.823	40.376
18858	50.000	0.457	0.498	0.700	3.678	44.930
18878	50.000	0.618	0.512	0.831	4.505	39.543
18898	50.000	0.439	-0.149	0.482	5.289	57.760
18918	50.000	0.831	0.633	1.027	5.751	30.370
18938	50.000	0.416	0.330	0.537	0.242	44.349
18958	50.000	0.142	0.400	0.424	1.239	51.123
18978	50.000	0.466	0.736	0.896	2.160	43.915
18998	50.000	0.384	0.673	0.525	2.959	40.615
19018	50.000	0.191	0.379	0.387	3.832	45.197
19038	50.000	0.591	0.855	0.923	4.643	36.687
19058	50.000	0.835	0.483	0.932	5.249	28.553
19078	50.000	0.820	0.476	0.928	5.841	31.914
19098	50.000	0.452	0.579	0.693	0.360	45.890
19118	50.000	0.014	0.264	0.355	1.368	50.220
19138	50.000	0.358	0.790	0.805	2.275	42.577
19158	50.000	0.420	0.412	0.713	3.076	42.069
19178	50.000	0.459	0.569	0.763	3.964	44.670
19198	50.000	0.673	0.889	0.993	4.734	35.264
19218	50.000	0.841	0.640	1.003	5.315	28.497
19238	50.000	0.667	0.480	0.859	5.907	32.380
19258	50.000	0.231	0.468	0.475	0.469	47.421
19278	50.000	0.061	0.076	0.102	1.462	51.011
19298	50.000	0.489	0.815	0.929	2.347	42.102
19318	50.000	0.404	0.305	0.501	3.172	42.560
19338	50.000	0.315	0.421	0.652	4.031	55.057
19358	0.000	0.707	0.667	0.962	4.783	34.656
19378	0.000	0.447	0.297	0.464	5.194	16.881
19398	0.000	0.165	0.131	0.219	5.436	10.809
19418	0.000	0.068	0.024	0.089	5.559	3.401
19438	0.000	0.018	0.013	0.042	5.596	1.195
19458	0.000	0.035	0.009	0.045	5.607	0.643
19478	0.000	0.058	0.022	0.057	5.616	0.322
19498	0.000	0.020	0.056	0.024	5.642	1.497
19518	0.000	0.008	0.010	0.031	5.679	1.854
19538	0.000	0.147	-0.135	0.014	5.696	0.926
19558	0.000	-0.023	-0.002	0.074	5.696	0.309
19578	0.000	-0.028	-0.004	0.058	5.705	-0.309
19598	0.000	-0.106	-0.042	0.055	5.703	-0.309
19618	0.000	-0.030	-0.009	0.034	5.705	-0.309
19638	0.000	-0.068	-0.001	0.029	5.706	0.000
19658	0.000	-0.085	0.035	0.011	5.706	0.618
19678	0.000	-0.040	0.005	0.005	5.705	0.309
19698	0.000	0.078	0.096	0.109	5.693	5.811
19718	0.000	0.006	0.020	0.036	5.682	-2.782
19738	0.000	-0.021	-0.035	0.026	5.700	-2.473
19758	0.000	-0.029	0.000	0.027	5.713	-0.618
19778	0.000	-0.106	0.006	0.057	5.723	0.912
19798	0.000	-0.070	-0.035	0.025	5.716	0.927
19818	0.000	-0.034	0.015	0.115	5.713	-0.309
19838	0.000	-0.232	-0.126	0.055	5.713	-0.927
19858	0.000	-0.036	-0.011	0.105	5.711	-0.618
19878	0.000	-0.091	-0.010	0.057	5.717	-0.618
19898	0.000	-0.052	0.002	0.020	5.722	0.300
19918	0.000	-0.072	0.009	0.050	5.719	0.927
19938	0.000	-0.049	0.009	0.145	5.720	0.866
19958	0.000	-0.095	0.026	0.055	5.717	0.289
19978	0.000	-0.052	0.007	0.045	5.716	0.578
19998	0.000	-0.041	0.004	0.049	5.722	0.866
20018	0.000	0.068	0.060	0.028	5.720	0.618
20038	0.000	-0.000	0.003	0.026	5.719	0.618
20058	0.000	0.008	-0.001	0.021	5.717	0.000
20078	0.000	-0.016	-0.003	0.048	5.714	-0.617
20098	0.000	-0.029	-0.007	0.068	5.714	-0.927
20118	0.000	-0.025	-0.010	0.065	5.719	0.000
20138	0.000	0.030	-0.041	0.056	5.728	0.642
20158	0.000	-0.068	0.007	0.119	5.726	0.902
20178	0.000	-0.042	0.003	0.015	5.717	0.927
20198	0.000	-0.024	0.001	0.005	5.719	0.000
20218	0.000	-0.270	0.104	0.061	5.722	-0.307
20238	0.000	-0.080	-0.009	0.050	5.722	-0.323
20258	0.000	-0.051	0.005	0.047	5.723	0.618
20278	0.000	-0.124	0.042	0.030	5.723	0.304
20298	0.000	-0.057	-0.008	0.080	5.722	0.000
20318	0.000	-0.023	-0.010	0.043	5.723	0.618
20338	0.000	-0.064	0.005	0.018	5.723	0.618
20358	50.000	-0.029	0.000	0.057	5.722	0.927
20378	50.000	0.314	0.474	0.601	0.012	39.745
20398	50.000	0.032	0.199	0.364	0.994	51.824
20418	50.000	0.381	0.435	0.606	1.950	45.904
20438	50.000	0.359	0.583	0.701	2.766	40.528
20458	50.000	0.145	0.520	0.440	3.625	45.431
20478	50.000	0.394	0.734	0.722	4.470	39.967
20498	50.000	0.815	0.803	1.096	5.119	29.201
20518	50.000	0.842	0.830	1.195	5.676	29.430
20538	50.000	0.397	0.263	0.467	0.130	43.215
20558	50.000	0.191	0.342	0.380	1.127	51.480
20578	50.000	0.498	0.689	0.920	2.057	44.750
20598	50.000	0.297	0.605	0.692	2.865	40.527
20618	50.000	0.192	0.308	0.334	3.734	46.010
20638	50.000	0.532	0.559	0.787	4.576	38.007
20658	50.000	0.946	0.855	1.319	5.194	28.582
20678	50.000	0.830	0.765	1.100	5.763	30.783
20698	50.000	0.472	0.538	0.703	0.252	44.022
20718	50.000	0.078	0.386	0.240	1.249	50.970
20738	50.000	0.418	0.862	0.930	2.169	43.620
20758	50.000	0.391	0.536	0.545	2.965	40.951
20778	50.000	0.276	0.381	0.644	3.843	45.019
20798	50.000	0.550	0.778	0.920	4.651	36.748
20818	50.000	0.830	0.481	0.930	5.248	29.149
20838	50.000	0.808	0.480	0.929	5.841	31.813
20858	50.000	0.263	0.540	0.596	0.377	45.899
20878	50.000	0.105	0.016	0.218	1.379	50.051
20898	50.000	0.265	0.760	0.707	2.275	42.283
20918	50.000	0.468	0.550	0.804	3.086	42.069
20938	50.000	0.421	0.707	0.828	3.971	44.885
20958	50.000	0.591	0.770	0.978	4.735	35.437
20978	50.000	0.821	0.511	0.953	5.328	28.278
20998	50.000	0.715	0.568	0.952	5.926	33.064
21018	50.000	0.108	0.328	0.278	0.486	48.238
21038	50.000	0.333	0.578	0.645	1.505	49.660
21058	50.000	0.300	0.686	0.758	2.375	41.952
21078	50.000	0.537	0.431	0.712	3.192	42.721
21098	50.000	0.411	0.820	0.923	4.074	44.534
21118	50.000	0.743	0.793	1.072	4.811	34.801
21138	50.000	0.941	0.804	1.277	5.386	27.626
21158	50.000	0.641	0.523	0.842	5.998	33.653
21178	50.000	0.069	0.128	0.112	0.598	50.571
21198	50.000	0.307	0.559	0.684	1.597	48.818
21218	50.000	0.477	0.761	0.910	2.450	40.867
21238	50.000	0.447	0.316	0.639	3.277	44.130
21258	50.000	0.436	0.749	0.855	4.163	43.612
21278	50.000	0.792	0.529	0.931	4.877	32.897
21298	50.000	0.939	0.469	1.034	5.452	27.979
21318	50.000	0.556	0.620	0.771	6.098	36.538
21338	50.000	0.220	0.037	0.233	0.724	50.300
21358	0.000	0.010	0.539	0.465	1.726	47.956
21378	0.000	-0.004	0.009	0.018	2.347	15.461
21398	0.000	-0.036	-0.018	0.066	2.488	2.696
21418	0.000	-0.198	0.144	0.220	2.431	-20.964
21438	0.000	-0.089	0.001	0.167	2.511	3.596
21458	0.000	0.067	-0.036	0.049	2.471	4.181
21478	0.000	0.026	-0.002	0.042	2.454	-1.194
21498	0.000	0.016	-0.024	0.019	2.456	0.298
21518	0.000	0.035	-0.018	0.037	2.459	0.321
21538	0.000	0.012	-0.026	0.011	2.459	0.898
21558	0.000	0.029	-0.006	0.057	2.451	0.598
21578	0.000	0.035	0.004	0.058	2.451	-0.299
21598	0.000	-0.008	0.008	0.020	2.454	-0.643
21618	0.000	0.034	-0.010	0.024	2.453	-0.642
21638	0.000	0.007	-0.016	0.093	2.453	-0.897
21658	0.000	-0.009	-0.013	0.124	2.454	-0.299
21678	0.000	-0.029	-0.180	0.027	2.456	-0.298
21698	0.000	0.041	-0.005	0.051	2.453	0.000
21718	0.000	0.030	-0.003	0.028	2.451	-0.644
21738	0.000	0.036	-0.012	0.042	2.451	-0.642
21758	0.000	0.010	-0.016	0.108	2.451	-0.598
21778	0.000	-0.012	-0.012	0.136	2.454	0.000
21798	0.000	0.021	-0.020	0.019	2.456	-0.598
21818	0.000	0.019	0.008	0.032	2.454	0.000
21838	0.000	0.023	-0.003	0.025	2.461	0.642
21858	0.000	0.104	-0.051	0.079	2.453	-1.195
21878	0.000	0.001	-0.011	0.096	2.456	-0.897
21898	0.000	0.001	-0.032	0.010	2.457	0.000
21918	0.000	-0.014	0.016	0.021	2.456	0.321
21938	0.000	0.037	-0.022	0.029	2.454	0.000
21958	0.000	0.020	-0.001	0.045	2.453	0.000
21978	0.000	0.026	-0.003	0.025	2.451	0.000
21998	0.000	0.015	-0.014	0.023	2.451	-0.598
22018	0.000	0.002	0.006	0.030	2.451	0.000
22038	0.000	0.013	-0.010	0.079	2.454	0.000
22058	0.000	-0.009	-0.016	0.044	2.453	0.000
22078	0.000	0.027	-0.032	0.019	2.453	-0.598
22098	0.000	0.019	0.005	0.046	2.450	-0.643
22118	0.000	0.019	-0.006	0.008	2.454	-0.642
22138	0.000	-0.003	-0.016	0.010	2.457	-0.897
22158	0.000	0.019	0.003	0.029	2.456	0.299
22178	0.000	0.006	0.009	0.024	2.456	-0.299
22198	0.000	-0.297	-0.176	0.200	2.431	-20.235
22218	0.000	-0.115	0.017	0.144	2.514	1.539
22238	0.000	0.021	-0.008	0.024	2.476	2.395
22258	0.000	0.054	-0.011	0.041	2.461	0.965
22278	0.000	0.020	-0.027	0.012	2.457	-0.599
22298	0.000	0.019	0.004	0.012	2.461	-0.599
22318	0.000	0.005	-0.024	0.013	2.467	1.197
22338	0.000	0.028	-0.027	0.042	2.461	0.643
22358	50.000	0.092	-0.048	0.051	2.462	1.606
22378	50.000	0.548	0.510	0.779	3.097	42.002
22398	50.000	0.344	0.789	0.787	3.978	45.499
22418	50.000	0.646	0.717	0.927	4.745	35.285
22438	50.000	0.821	0.547	0.935	5.334	28.160
22458	50.000	0.724	0.563	0.917	5.938	33.631
22478	50.000	0.094	0.182	0.209	0.500	48.198
22498	50.000	0.226	0.284	0.342	1.425	38.611
22518	50.000	0.364	0.500	0.766	2.312	42.273
22538	50.000	0.309	0.651	0.730	3.137	42.039
22558	50.000	0.123	0.416	0.443	4.014	44.433
22578	50.000	0.703	0.513	0.895	4.774	34.953
22598	50.000	0.891	0.544	1.036	5.357	28.289
22618	50.000	0.631	0.746	0.926	5.970	34.559
22638	50.000	0.283	0.455	0.469	0.552	49.359
22658	50.000	0.022	0.261	0.224	1.555	49.121
22678	50.000	0.555	0.572	0.827	2.427	42.308
22698	50.000	0.209	0.511	0.664	3.243	43.100
22718	50.000	0.390	0.289	0.475	4.128	43.612
22738	50.000	0.747	0.585	0.927	4.860	32.878
22758	50.000	0.864	0.488	0.953	5.436	27.677
22778	50.000	0.540	0.567	0.746	6.093	35.737
22798	50.000	0.142	-0.084	0.172	0.715	49.890
22818	50.000	0.255	0.757	0.686	1.706	47.956
22838	50.000	0.526	0.822	0.922	2.543	40.535
22858	50.000	0.314	0.320	0.448	3.366	44.867
22878	50.000	0.384	0.789	0.827	4.260	42.493
22898	50.000	0.739	0.665	0.979	4.953	31.641
22918	50.000	0.819	0.619	0.968	5.516	28.250
22938	50.000	0.463	0.672	0.795	6.176	36.938
22958	50.000	0.136	0.055	0.167	0.819	51.755
22978	50.000	0.161	0.593	0.644	1.804	47.565
22998	50.000	0.557	0.755	0.931	2.628	40.617
23018	50.000	0.238	0.291	0.522	3.464	44.375
23038	50.000	0.590	0.619	0.883	4.330	41.698
23058	50.000	0.758	0.753	1.106	5.019	31.033
23078	50.000	0.909	0.813	1.219	5.578	28.886
23098	50.000	0.509	0.839	0.893	6.265	38.984
23118	50.000	0.232	0.204	0.296	0.928	51.173
23138	50.000	0.291	0.740	0.812	1.890	46.365
23158	50.000	0.568	0.525	0.900	2.701	39.930
23178	50.000	0.280	0.246	0.388	3.556	44.726
23198	50.000	0.545	0.599	0.842	4.418	41.320
23218	50.000	0.888	0.526	1.017	5.073	29.971
23238	50.000	0.871	0.450	0.944	5.644	29.079
23258	50.000	0.264	0.462	0.643	0.091	41.233
23278	50.000	0.039	0.202	0.137	1.072	51.591
23298	50.000	0.236	0.489	0.506	2.014	44.581
23318	50.000	0.397	0.696	0.773	2.844	40.631
23338	50.000	0.288	0.704	0.729	3.700	46.283
23358	0.000	0.615	0.725	0.932	4.528	39.177
23378	0.000	0.256	0.294	0.371	4.956	16.220
23398	0.000	0.149	0.124	0.190	5.186	9.730
23418	0.000	0.103	-0.030	0.063	5.285	2.472
23438	0.000	0.026	-0.011	0.020	5.317	0.322
23458	0.000	0.026	-0.026	0.020	5.321	0.000
23478	0.000	0.035	0.009	0.061	5.321	0.000
23498	0.000	0.043	0.007	0.065	5.320	0.299
23518	0.000	-0.007	0.002	0.025	5.321	0.000
23538	0.000	0.066	-0.032	0.054	5.320	0.299
23558	0.000	0.022	-0.021	0.037	5.320	-0.598
23578	0.000	0.049	-0.011	0.042	5.320	-0.299
23598	0.000	0.026	-0.002	0.055	5.318	-0.643
23618	0.000	0.023	-0.025	0.024	5.321	-0.321
23638	0.000	0.055	-0.030	0.043	5.318	0.000
23658	0.000	0.066	0.006	0.047	5.318	0.000
23678	0.000	0.041	-0.001	0.058	5.321	0.000
23698	0.000	0.041	-0.011	0.029	5.320	-0.644
23718	0.000	0.067	0.001	0.057	5.321	-0.321
23738	0.000	-0.051	0.049	0.056	5.324	0.000
23758	0.000	0.030	0.001	0.058	5.323	0.000
23778	0.000	0.024	0.005	0.049	5.321	-0.321
23798	0.000	0.041	-0.002	0.029	5.328	0.321
23818	0.000	0.109	-0.043	0.022	5.329	0.896
23838	0.000	0.062	0.008	0.059	5.326	0.597
23858	0.000	0.018	0.002	0.043	5.326	0.000
23878	0.000	0.059	0.002	0.103	5.326	0.000
23898	0.000	0.047	-0.024	0.027	5.329	0.597
23918	0.000	0.021	-0.003	0.028	5.328	0.597
23938	0.000	0.046	-0.028	0.025	5.326	0.298
23958	0.000	0.054	-0.021	0.040	5.328	0.321
23978	0.000	0.045	-0.025	0.033	5.329	0.299
23998	0.000	0.020	-0.003	0.037	5.326	0.000
24018	0.000	0.040	0.007	0.059	5.326	0.000
24038	0.000	-0.009	-0.001	0.024	5.328	-0.321
24058	0.000	0.060	-0.007	0.080	5.328	-0.321
24078	0.000	-0.003	-0.022	0.021	5.331	-0.299
24098	0.000	0.023	-0.003	0.033	5.332	0.000
24118	0.000	0.029	-0.005	0.053	5.331	-0.299
24138	0.000	0.013	-0.000	0.104	5.338	0.598
24158	0.000	0.033	0.000	0.022	5.337	0.643
24178	0.000	0.085	-0.040	0.024	5.341	0.597
24198	0.000	0.014	0.010	0.039	5.340	-0.299
24218	0.000	0.036	0.004	0.056	5.341	0.321
24238	0.000	0.066	-0.031	0.028	5.346	0.644
24258	0.000	0.102	-0.045	0.040	5.347	0.598
24278	0.000	0.013	0.001	0.038	5.347	0.299
24298	0.000	0.006	-0.005	0.019	5.349	0.644
24318	0.000	0.010	-0.010	0.049	5.347	0.322
24338	0.000	0.047	-0.040	0.026	5.351	-0.598
24358	50.000	0.009	-0.018	0.014	5.357	0.299
24378	50.000	0.729	0.500	0.895	5.817	31.491
24398	50.000	0.356	0.187	0.429	0.331	45.516
24418	50.000	0.030	0.229	0.216	1.353	50.504
24438	50.000	0.511	0.725	0.895	2.252	42.906
24458	50.000	0.257	0.444	0.518	3.053	41.814
24478	50.000	0.239	0.370	0.436	3.939	45.037
24498	50.000	0.693	0.831	1.038	4.723	35.621
24518	50.000	0.825	0.617	1.021	5.315	27.924
24538	50.000	0.659	0.539	0.833	5.906	32.904
24558	50.000	0.370	0.496	0.643	0.451	47.102
24578	50.000	0.058	0.226	0.186	1.443	50.353
24598	50.000	0.496	0.800	0.900	2.345	42.119
24618	50.000	0.251	0.445	0.461	3.152	42.459
24638	50.000	0.303	0.451	0.689	4.041	44.644
24658	50.000	0.902	0.347	0.960	4.766	31.446
24678	50.000	0.821	0.534	0.932	5.338	28.255
24698	50.000	0.737	0.617	0.932	5.947	33.321
24718	50.000	0.174	0.058	0.208	0.522	47.701
24738	50.000	0.093	0.594	0.524	1.531	49.385
24758	50.000	0.376	0.498	0.497	2.398	42.383
24778	50.000	0.409	0.803	0.776	3.226	43.043
24798	50.000	0.218	0.649	0.674	4.097	44.036
24818	50.000	0.729	0.716	1.005	4.832	34.233
24838	50.000	0.819	0.658	1.082	5.404	27.334
24858	50.000	0.694	0.446	0.846	6.019	35.286
24878	50.000	0.243	0.205	0.340	0.637	49.415
24898	50.000	0.049	0.406	0.338	1.631	48.678
24918	50.000	0.357	0.536	0.666	2.484	40.954
24938	50.000	0.224	0.647	0.714	3.326	43.463
24958	50.000	0.231	0.547	0.503	4.203	43.314
24978	50.000	0.865	0.880	1.216	4.915	31.945
24998	50.000	0.992	0.688	1.244	5.472	27.680
25018	50.000	0.569	0.575	0.915	6.114	37.134
25038	50.000	0.143	0.377	0.315	0.769	51.694
25058	50.000	0.087	0.287	0.452	1.746	47.605
25078	50.000	0.498	0.482	0.698	2.595	40.583
25098	50.000	0.100	0.433	0.439	3.441	45.046
25118	50.000	0.457	0.405	0.638	4.309	42.189
25138	50.000	0.830	0.832	1.116	5.008	31.318
25158	50.000	0.928	0.692	1.185	5.570	28.880
25178	50.000	0.598	0.651	0.906	6.248	38.789
25198	50.000	0.127	-0.136	0.198	0.897	51.592
25218	50.000	0.296	0.787	0.737	1.887	46.374
25238	50.000	0.572	0.512	0.804	2.709	40.264
25258	50.000	0.368	0.157	0.431	3.563	44.752
25278	50.000	0.545	0.603	0.851	4.418	41.329
25298	50.000	0.897	0.519	1.020	5.077	30.013
25318	50.000	0.872	0.459	0.956	5.645	29.048
25338	50.000	0.333	0.582	0.558	0.097	41.047
25358	0.000	0.040	0.191	0.121	1.074	52.093
25378	0.000	-0.242	-0.047	0.233	1.816	18.150
25398	0.000	-0.058	-0.011	0.074	1.850	3.396
25418	0.000	0.368	-0.033	0.361	1.824	-4.939
25438	0.000	-0.029	0.114	0.136	1.871	-11.904
25458	0.000	-0.098	0.073	0.105	1.855	-2.103
25478	0.000	0.029	-0.133	0.035	1.838	1.236
25498	0.000	0.020	-0.005	0.044	1.835	1.235
25518	0.000	-0.029	0.016	0.007	1.833	-1.236
25538	0.000	-0.023	-0.007	0.022	1.838	-0.309
25558	0.000	-0.116	-0.106	0.010	1.838	0.000
25578	0.000	-0.005	0.006	0.026	1.838	0.000
25598	0.000	-0.014	-0.013	0.015	1.838	-0.309
25618	0.000	-0.002	0.002	0.038	1.835	-0.618
25638	0.000	0.100	0.116	0.030	1.838	-0.309
25658	0.000	-0.020	-0.016	0.038	1.839	0.000
25678	0.000	-0.028	-0.015	0.021	1.839	-0.309
25698	0.000	0.014	-0.004	0.034	1.839	0.309
25718	0.000	-0.010	0.012	0.040	1.836	-0.618
25738	0.000	-0.028	-0.012	0.014	1.838	-0.618
25758	0.000	-0.023	-0.006	0.039	1.841	0.309
25778	0.000	-0.047	-0.009	0.021	1.835	-0.309
25798	0.000	-0.029	0.003	0.027	1.838	0.000
25818	0.000	-0.023	-0.031	0.015	1.838	0.618
25838	0.000	-0.010	0.010	0.036	1.838	0.309
25858	0.000	-0.042	0.025	0.010	1.836	0.000
25878	0.000	-0.028	-0.010	0.303	1.838	-0.309
25898	0.000	-0.008	-0.033	0.034	1.836	0.000
25918	0.000	-0.035	-0.020	0.017	1.841	0.309
25938	0.000	0.015	0.004	0.029	1.838	0.618
25958	0.000	0.007	-0.020	0.023	1.838	0.309
25978	0.000	0.001	0.015	0.032	1.836	0.000
25998	0.000	-0.006	-0.012	0.059	1.838	0.309
26018	0.000	-0.041	-0.013	0.030	1.838	0.000
26038	0.000	-0.015	-0.004	0.040	1.838	-0.309
26058	0.000	-0.025	-0.013	0.042	1.845	0.309
26078	0.000	-0.033	-0.005	0.015	1.841	-0.309
26098	0.000	0.007	0.005	0.029	1.842	0.000
26118	0.000	0.003	-0.025	0.113	1.841	-0.309
26138	0.000	-0.024	-0.008	0.141	1.839	-0.928
26158	0.000	-0.019	-0.012	0.079	1.836	-0.309
26178	0.000	-0.009	0.004	0.039	1.839	-0.309
26198	0.000	-0.034	-0.023	0.029	1.836	-0.926
26218	0.000	-0.039	-0.018	0.056	1.841	-0.309
26238	0.000	-0.051	0.020	0.031	1.836	-0.618
26258	0.000	-0.024	-0.012	0.008	1.838	0.309
26278	0.000	-0.030	0.062	0.047	1.838	0.926
26298	0.000	0.000	-0.012	0.034	1.833	0.618
26318	0.000	-0.002	0.032	0.018	1.839	-1.236
26338	0.000	0.013	0.004	0.028	1.838	-0.309
26358	50.000	-0.020	-0.011	0.014	1.839	-0.309
26378	50.000	0.509	0.730	0.912	2.447	40.975
26398	50.000	0.314	0.398	0.483	3.261	42.918
26418	50.000	0.494	0.513	0.723	4.142	44.312
26438	50.000	0.791	0.486	0.923	4.870	32.596
26458	50.000	0.965	0.508	1.116	5.456	27.891
26478	50.000	0.534	0.563	0.778	6.102	36.062
26498	50.000	0.237	0.120	0.284	0.733	50.973
26518	50.000	0.100	0.557	0.544	1.713	47.480
26538	50.000	0.462	0.502	0.670	2.566	40.567
26558	50.000	0.465	0.608	0.774	3.393	44.001
26578	50.000	0.355	0.807	0.823	4.261	42.779
26598	50.000	0.757	0.636	0.930	4.958	31.819
26618	50.000	0.799	0.567	0.925	5.521	29.086
26638	50.000	0.538	0.391	0.676	6.214	38.935
26658	50.000	0.099	-0.078	0.141	0.897	50.752
26678	50.000	0.418	0.535	0.710	1.870	46.264
26698	50.000	0.472	0.616	0.904	2.686	40.886
26718	50.000	0.187	0.281	0.299	3.542	45.732
26738	50.000	0.514	0.695	0.960	4.407	40.308
26758	50.000	0.900	0.544	1.054	5.077	30.108
26778	50.000	0.861	0.459	0.947	5.640	29.704
26798	50.000	0.436	0.696	0.768	0.075	40.906
26818	50.000	0.079	0.256	0.233	1.057	52.323
26838	50.000	0.190	0.576	0.619	2.005	45.002
26858	50.000	0.551	0.655	0.885	2.815	41.623
26878	50.000	0.401	0.483	0.661	3.677	45.233
26898	50.000	0.626	0.486	0.822	4.505	39.583
26918	50.000	0.815	0.566	0.962	5.143	29.057
26938	50.000	0.754	0.546	0.920	5.713	29.751
26958	50.000	0.312	0.559	0.586	0.181	42.881
26978	50.000	-0.060	0.253	0.265	1.178	51.916
26998	50.000	0.267	0.558	0.550	2.115	44.358
27018	50.000	0.515	0.812	0.936	2.925	39.911
27038	50.000	0.329	0.660	0.807	3.789	45.350
27058	50.000	0.588	0.678	0.947	4.600	37.255
27078	50.000	0.793	0.671	1.006	5.229	28.868
27098	50.000	0.709	0.572	0.882	5.806	31.275
27118	50.000	0.189	0.197	0.237	0.305	44.472
27138	50.000	0.174	0.373	0.453	1.327	50.255
27158	50.000	0.453	0.406	0.631	2.221	43.279
27178	50.000	0.398	0.696	0.738	3.033	41.410
27198	50.000	0.144	0.563	0.475	3.904	45.341
27218	50.000	0.663	0.553	0.880	4.689	36.019
27238	50.000	0.963	0.786	1.236	5.291	28.323
27258	50.000	0.677	0.724	0.979	5.874	32.901
27278	50.000	0.148	0.347	0.527	0.411	46.805
27298	50.000	0.054	0.435	0.331	1.431	51.163
27318	50.000	0.462	0.444	0.711	2.315	42.248
27338	50.000	0.309	0.762	0.753	3.139	41.998
27358	0.000	0.104	0.448	0.439	4.013	44.228
27378	0.000	0.155	0.109	0.155	4.576	14.685
27398	0.000	0.029	0.001	0.023	4.763	3.854
27418	0.000	0.087	-0.030	0.074	4.775	1.494
27438	0.000	0.027	-0.015	0.042	4.780	0.896
27458	0.000	0.036	0.004	0.070	4.777	0.321
27478	0.000	0.021	-0.009	0.038	4.783	0.000
27498	0.000	0.033	-0.020	0.016	4.786	1.195
27518	0.000	-0.034	-0.003	0.009	4.792	0.896
27538	0.000	0.047	-0.004	0.029	4.794	0.299
27558	0.000	0.066	0.006	0.052	4.791	1.287
27578	0.000	0.025	0.008	0.051	4.788	-0.598
27598	0.000	0.012	-0.003	0.036	4.794	-0.970
27618	0.000	0.011	0.001	0.040	4.798	0.000
27638	0.000	0.011	-0.015	0.021	4.795	0.322
27658	0.000	0.052	0.003	0.039	4.798	0.599
27678	0.000	-0.052	-0.000	0.178	4.798	0.305
27698	0.000	0.022	-0.007	0.037	4.792	1.195
27718	0.000	0.088	-0.027	0.021	4.797	-0.926
27738	0.000	0.023	-0.018	0.019	4.801	-0.618
27758	0.000	-0.090	0.149	0.017	4.806	-0.619
27778	0.000	-0.069	0.166	0.010	4.806	0.619
27798	0.000	0.029	-0.017	0.005	4.803	0.000
27818	0.000	0.049	-0.014	0.019	4.800	0.000
27838	0.000	0.021	0.006	0.053	4.797	0.299
27858	0.000	0.048	-0.003	0.031	4.798	-0.309
27878	0.000	0.018	0.009	0.021	4.792	-0.962
27898	0.000	-0.023	-0.004	0.026	4.797	-0.618
27918	0.000	0.022	0.007	0.019	4.798	0.309
27938	0.000	-0.032	-0.004	0.033	4.800	-0.289
27958	0.000	-0.004	0.009	0.022	4.800	0.611
27978	0.000	0.020	0.000	0.031	4.800	0.308
27998	0.000	-0.028	-0.003	0.048	4.798	0.000
28018	0.000	0.083	-0.022	0.019	4.801	0.309
28038	0.000	-0.011	-0.016	0.039	4.801	0.309
28058	0.000	0.029	-0.023	0.016	4.801	0.000
28078	0.000	0.013	0.011	0.042	4.804	0.618
28098	0.000	0.017	-0.015	0.020	4.803	0.309
28118	0.000	0.054	-0.074	0.044	4.801	0.309
28138	0.000	0.128	-0.267	0.034	4.798	-0.618
28158	0.000	-0.014	-0.004	0.024	4.803	-0.618
28178	0.000	0.042	-0.010	0.018	4.798	-0.926
28198	0.000	0.020	0.003	0.050	4.811	1.854
28218	0.000	0.002	-0.011	0.014	4.803	0.617
28238	0.000	0.024	-0.008	0.039	4.803	0.618
28258	0.000	0.024	-0.011	0.066	4.801	0.000
28278	0.000	0.006	-0.014	0.087	4.803	-0.309
28298	0.000	0.041	0.001	0.032	4.801	-0.309
28318	0.000	0.013	-0.006	0.027	4.803	-1.236
28338	0.000	0.112	-0.226	0.014	4.804	-0.309
28358	50.000	0.013	-0.006	0.024	4.804	0.000
28378	50.000	0.836	0.463	0.930	5.249	28.455
28398	50.000	0.796	0.510	0.928	5.841	32.367
28418	50.000	0.285	0.552	0.663	0.379	45.817
28438	50.000	0.046	0.096	0.282	1.373	50.299
28458	50.000	0.387	0.742	0.808	2.276	42.142
28478	50.000	0.430	0.447	0.735	3.079	42.077
28498	50.000	0.406	0.658	0.808	3.979	44.494
28518	50.000	0.629	0.817	0.922	4.740	35.320
28538	50.000	0.803	0.609	0.941	5.321	28.565
28558	50.000	0.724	0.531	0.938	5.924	32.696
28578	50.000	0.078	0.241	0.210	0.500	49.018
28598	50.000	0.292	0.634	0.693	1.505	49.710
28618	50.000	0.303	0.664	0.802	2.379	41.533
28638	50.000	0.542	0.410	0.705	3.189	41.410
28658	50.000	0.370	0.822	0.915	4.071	44.499
28678	50.000	0.732	0.861	1.079	4.821	34.560
28698	50.000	0.861	0.758	1.182	5.393	27.566
28718	50.000	0.617	0.456	0.763	6.007	35.152
28738	50.000	0.010	0.233	0.293	0.603	50.122
28758	50.000	0.094	0.490	0.419	1.621	48.640
28778	50.000	0.365	0.630	0.727	2.471	41.105
28798	50.000	0.486	0.454	0.690	3.287	43.108
28818	50.000	0.381	0.832	0.900	4.165	43.629
28838	50.000	0.817	0.541	0.950	4.884	32.812
28858	50.000	0.956	0.525	1.119	5.458	27.689
28878	50.000	0.620	0.439	0.881	6.121	36.300
28898	50.000	0.218	0.392	0.411	0.756	51.603
28918	50.000	0.299	0.293	0.447	1.671	47.176
28938	50.000	0.546	0.592	0.837	2.519	41.089
28958	50.000	0.207	0.407	0.450	3.352	43.872
28978	50.000	0.449	0.473	0.687	4.229	44.019
28998	50.000	0.716	0.766	1.067	4.935	32.645
29018	50.000	0.797	0.688	1.130	5.505	28.519
29038	50.000	0.581	0.822	0.919	6.164	37.325
29058	50.000	0.081	-0.005	0.174	0.802	51.907
29078	50.000	0.391	0.558	0.714	1.778	47.220
29098	50.000	0.633	0.598	0.898	2.620	40.569
29118	50.000	0.182	0.280	0.464	3.459	44.209
29138	50.000	0.584	0.592	0.867	4.327	41.994
29158	50.000	0.878	0.854	1.182	5.005	31.014
29178	50.000	0.893	0.664	1.134	5.564	28.593
29198	50.000	0.599	0.631	0.891	6.242	39.107
29218	50.000	0.168	-0.029	0.183	0.919	50.892
29238	50.000	0.348	0.694	0.791	1.876	46.420
29258	50.000	0.550	0.609	0.923	2.698	39.734
29278	50.000	0.426	0.289	0.512	3.571	44.708
29298	50.000	0.543	0.658	0.890	4.422	40.511
29318	50.000	0.898	0.526	1.031	5.077	30.078
29338	50.000	0.876	0.439	0.955	5.644	29.161
29358	0.000	0.410	0.764	0.821	0.077	41.684
29378	0.000	0.136	-0.163	0.225	0.660	19.884
29398	0.000	0.042	-0.015	0.036	0.848	1.537
29418	0.000	0.027	0.005	0.029	0.854	0.000
29438	0.000	-0.029	-0.022	0.065	0.856	0.307
29458	0.000	0.056	-0.000	0.098	0.854	0.000
29478	0.000	0.081	0.002	0.087	0.854	0.000
29498	0.000	0.066	0.003	0.053	0.856	0.000
29518	0.000	0.086	0.008	0.085	0.854	-0.307
29538	0.000	0.061	0.009	0.061	0.854	0.307
29558	0.000	0.142	-0.012	0.114	0.856	0.000
29578	0.000	0.072	-0.016	0.043	0.856	0.000
29598	0.000	0.050	0.002	0.092	0.857	0.307
29618	0.000	0.066	-0.011	0.090	0.857	0.000
29638	0.000	0.090	-0.003	0.056	0.857	0.307
29658	0.000	0.090	-0.006	0.344	0.856	0.000
29678	0.000	0.110	-0.003	0.063	0.857	0.307
29698	0.000	0.089	0.006	0.080	0.857	0.000
29718	0.000	0.063	-0.004	0.153	0.856	0.000
29738	0.000	0.050	0.008	0.086	0.856	-0.307
29758	0.000	0.245	-0.103	0.113	0.854	-0.614
29778	0.000	0.087	-0.000	0.050	0.856	0.000
29798	0.000	0.063	-0.005	0.098	0.853	0.000
29818	0.000	0.086	0.003	0.086	0.853	-0.307
29838	0.000	0.077	0.002	0.111	0.854	-0.308
29858	0.000	0.111	0.021	0.100	0.856	0.000
29878	0.000	0.069	-0.002	0.111	0.859	0.308
29898	0.000	0.069	-0.008	0.079	0.859	0.000
29918	0.000	0.066	-0.009	0.123	0.861	0.000
29938	0.000	0.085	0.003	0.053	0.861	0.000
29958	0.000	0.069	0.004	0.069	0.861	0.000
29978	0.000	0.035	-0.005	0.029	0.857	-0.307
29998	0.000	0.097	0.001	0.066	0.857	0.000
30018	0.000	0.079	0.011	0.087	0.857	0.000
30038	0.000	0.081	-0.012	0.108	0.857	0.000
30058	0.000	0.081	-0.012	0.076	0.857	0.000
30078	0.000	0.085	0.000	0.043	0.857	0.307
30098	0.000	0.089	-0.006	0.057	0.859	0.000
30118	0.000	0.071	-0.007	0.058	0.859	0.307
30138	0.000	0.094	-0.010	0.061	0.859	0.614
30158	0.000	0.056	-0.010	0.098	0.856	0.307
30178	0.000	0.040	0.011	0.061	0.857	0.000
30198	0.000	0.063	0.002	0.051	0.857	0.000
30218	0.000	0.089	0.006	0.274	0.857	0.000
30238	0.000	0.068	-0.016	0.070	0.857	0.000
30258	0.000	0.076	-0.013	0.200	0.857	0.307
30278	0.000	0.099	0.029	0.078	0.859	0.308
30298	0.000	0.033	0.010	0.066	0.861	0.000
30318	0.000	0.092	0.001	0.084	0.861	0.307
30338	0.000	0.079	0.003	0.036	0.861	0.307
30358	50.000	0.017	0.017	0.022	0.861	0.000
30378	50.000	0.014	0.282	0.291	1.542	48.967
30398	50.000	0.561	0.577	0.842	2.427	42.636
30418	50.000	0.264	0.475	0.582	3.243	43.125
30438	50.000	0.371	0.377	0.517	4.128	43.707
30458	50.000	0.729	0.567	0.916	4.861	33.142
30478	50.000	0.861	0.497	0.962	5.435	27.587
30498	50.000	0.607	0.716	0.910	6.075	35.229
30518	50.000	0.088	0.261	0.252	0.681	50.106
30538	50.000	0.335	0.491	0.633	1.683	48.403
30558	50.000	0.581	0.616	0.879	2.525	40.680
30578	50.000	0.216	0.324	0.413	3.350	42.849
30598	50.000	0.514	0.621	0.848	4.243	42.788
30618	50.000	0.774	0.824	0.932	4.939	31.763
30638	50.000	0.822	0.678	1.112	5.504	28.255
30658	50.000	0.626	0.693	0.920	6.153	36.668
30678	50.000	0.062	0.055	0.077	0.795	50.359
30698	50.000	0.392	0.583	0.742	1.779	47.358
30718	50.000	0.611	0.432	0.776	2.606	40.368
30738	50.000	0.100	0.370	0.363	3.451	44.600
30758	50.000	0.598	0.513	0.819	4.327	41.977
30778	50.000	0.877	0.824	1.187	5.007	31.002
30798	50.000	0.930	0.635	1.139	5.561	28.874
30818	50.000	0.624	0.595	0.888	6.243	38.439
30838	50.000	0.180	-0.001	0.183	0.914	50.812
30858	50.000	0.374	0.748	0.794	1.884	46.319
30878	50.000	0.564	0.514	0.896	2.698	39.708
30898	50.000	0.268	0.244	0.357	3.553	45.490
30918	50.000	0.567	0.512	0.804	4.415	40.076
30938	50.000	0.897	0.626	1.104	5.082	30.601
30958	50.000	0.874	0.501	0.975	5.645	29.120
30978	50.000	0.359	0.680	0.749	0.081	40.802
30998	50.000	0.021	0.232	0.224	1.071	51.958
31018	50.000	0.235	0.520	0.555	2.014	45.099
31038	50.000	0.543	0.716	0.909	2.827	40.432
31058	50.000	0.421	0.618	0.776	3.682	44.912
31078	50.000	0.630	0.542	0.864	4.513	39.520
31098	50.000	0.826	0.530	0.939	5.147	28.383
31118	50.000	0.721	0.670	1.030	5.728	29.816
31138	50.000	0.219	0.320	0.347	0.204	43.277
31158	50.000	0.111	0.050	0.129	1.200	51.480
31178	50.000	0.349	0.617	0.847	2.128	43.179
31198	50.000	0.347	0.556	0.523	2.954	40.991
31218	50.000	0.157	0.344	0.408	3.826	45.591
31238	50.000	0.578	0.870	1.147	4.639	37.221
31258	50.000	0.801	0.575	0.930	5.239	28.610
31278	50.000	0.745	0.476	0.882	5.818	31.207
31298	50.000	0.341	0.147	0.413	0.328	45.637
31318	50.000	0.041	0.274	0.240	1.350	50.235
31338	50.000	0.497	0.697	0.882	2.246	42.813
31358	0.000	0.294	0.546	0.582	3.056	41.780
31378	0.000	0.147	0.001	0.182	3.652	20.676
31398	0.000	-0.077	-0.016	0.056	3.879	3.318
31418	0.000	-0.004	-0.003	0.028	3.889	0.000
31438	0.000	0.003	-0.001	0.028	3.889	0.299
31458	0.000	-0.020	0.001	0.044	3.889	0.322
31478	0.000	0.002	0.004	0.028	3.889	0.000
31498	0.000	-0.026	0.002	0.037	3.890	0.000
31518	0.000	-0.010	-0.049	0.035	3.889	-0.299
31538	0.000	0.015	-0.004	0.029	3.890	0.000
31558	0.000	0.002	0.006	0.026	3.890	0.321
31578	0.000	-0.082	0.038	0.058	3.889	0.299
31598	0.000	-0.051	-0.204	0.020	3.886	1.197
31618	0.000	-0.036	0.038	0.116	3.887	0.643
31638	0.000	0.013	0.020	0.231	3.887	0.000
31658	0.000	-0.014	0.014	0.034	3.887	0.000
31678	0.000	-0.010	-0.041	0.009	3.887	0.598
31698	0.000	0.009	-0.004	0.019	3.889	0.321
31718	0.000	0.028	-0.014	0.042	3.890	0.643
31738	0.000	0.034	0.001	0.026	3.890	1.195
31758	0.000	0.003	-0.013	0.032	3.892	0.299
31778	0.000	0.003	-0.007	0.026	3.890	1.287
31798	0.000	0.011	0.023	0.023	3.890	0.898
31818	0.000	-0.010	0.043	0.023	3.890	0.000
31838	0.000	-0.026	0.003	0.048	3.895	0.643
31858	0.000	0.017	-0.002	0.038	3.892	0.643
31878	0.000	0.003	0.025	0.026	3.890	0.597
31898	0.000	-0.004	-0.010	0.030	3.892	0.299
31918	0.000	0.002	-0.029	0.021	3.892	0.322
31938	0.000	-0.008	0.024	0.024	3.890	0.000
31958	0.000	0.021	0.127	0.019	3.892	0.299
31978	0.000	-0.019	0.004	0.022	3.893	0.599
31998	0.000	-0.012	0.019	0.003	3.890	0.000
32018	0.000	-0.013	0.024	0.011	3.890	-0.299
32038	0.000	0.018	0.014	0.010	3.890	-0.598
32058	0.000	-0.036	0.013	0.028	3.890	-0.299
32078	0.000	-0.003	0.007	0.023	3.892	0.322
32098	0.000	-0.011	0.020	0.007	3.890	0.299
32118	0.000	0.027	0.155	0.011	3.890	0.299
32138	0.000	-0.020	0.000	0.047	3.893	0.643
32158	0.000	0.003	0.005	0.027	3.893	0.643
32178	0.000	0.164	0.026	0.190	3.932	23.342
32198	0.000	0.087	-0.029	0.087	3.875	-1.198
32218	0.000	-0.018	0.012	0.028	3.890	-2.095
32238	0.000	0.017	0.015	0.041	3.896	-0.965
32258	0.000	-0.003	0.015	0.016	3.896	1.497
32278	0.000	0.012	-0.019	0.018	3.896	1.196
32298	0.000	-0.013	0.010	0.014	3.899	1.495
32318	0.000	-0.002	0.022	0.009	3.896	0.643
32338	0.000	0.011	0.013	0.028	3.893	0.598
32358	50.000	0.006	0.033	0.013	3.895	0.000
32378	50.000	0.602	0.520	0.824	4.504	39.231
32398	50.000	0.780	0.612	0.990	5.145	29.213
32418	50.000	0.759	0.587	0.916	5.713	29.488
32438	50.000	0.274	0.465	0.578	0.179	43.236
32458	50.000	-0.053	0.185	0.284	1.175	52.235
32478	50.000	0.218	0.540	0.619	2.112	44.019
32498	50.000	0.541	0.752	0.921	2.921	41.211
32518	50.000	0.476	0.690	0.813	3.783	44.490
32538	50.000	0.536	0.704	0.940	4.588	38.038
32558	50.000	0.840	0.771	1.013	5.214	28.413
32578	50.000	0.699	0.651	1.030	5.794	30.607
32598	50.000	0.312	0.576	0.664	0.276	44.311
32618	50.000	0.018	0.031	0.021	1.270	50.778
32638	50.000	0.230	0.679	0.603	2.186	43.067
32658	50.000	0.557	0.591	0.850	3.005	41.205
32678	50.000	0.381	0.749	0.847	3.884	45.153
32698	50.000	0.590	0.733	0.883	4.668	36.293
32718	50.000	0.927	0.523	1.058	5.265	28.553
32738	50.000	0.803	0.673	1.045	5.860	31.945
32758	50.000	0.162	0.388	0.553	0.391	46.128
32778	50.000	0.170	0.177	0.261	1.393	50.210
32798	50.000	0.310	0.640	0.668	2.281	43.492
32818	50.000	0.509	0.442	0.701	3.088	41.697
32838	50.000	0.367	0.682	0.824	3.978	44.974
32858	50.000	0.561	0.749	0.950	4.740	35.617
32878	50.000	0.797	0.603	0.971	5.321	29.017
32898	50.000	0.721	0.514	0.903	5.933	33.064
32918	50.000	0.107	0.205	0.218	0.497	48.022
32938	50.000	0.294	0.450	0.532	1.499	50.520
32958	50.000	0.337	0.609	0.622	2.382	41.557
32978	50.000	0.545	0.550	0.806	3.195	42.619
32998	50.000	0.342	0.821	0.864	4.074	44.632
33018	50.000	0.791	0.801	1.089	4.815	33.820
33038	50.000	0.929	0.786	1.241	5.387	27.913
33058	50.000	0.620	0.518	0.853	6.001	34.406
33078	50.000	0.010	0.238	0.315	0.607	48.874
33098	50.000	0.220	0.696	0.751	1.611	48.534
33118	50.000	0.434	0.778	0.816	2.459	41.024
33138	50.000	0.390	0.440	0.732	3.272	42.854
33158	50.000	0.451	0.751	0.869	4.162	43.577
33178	50.000	0.781	0.530	0.930	4.873	33.084
33198	50.000	0.959	0.561	1.119	5.458	27.885
33218	50.000	0.533	0.529	0.823	6.104	36.047
33238	50.000	0.241	0.142	0.290	0.735	51.033
33258	50.000	0.065	0.384	0.457	1.727	47.558
33278	50.000	0.409	0.551	0.720	2.574	40.583
33298	50.000	0.421	0.759	0.830	3.407	43.906
33318	50.000	0.332	0.664	0.777	4.277	42.242
33338	50.000	0.743	0.664	1.052	4.962	32.323
33358	0.000	0.818	0.529	0.983	5.536	28.599
33378	0.000	0.379	0.301	0.465	5.986	23.902
33398	0.000	0.099	0.020	0.113	0.069	16.001
33418	0.000	-0.037	-0.013	0.093	0.178	-1.180
33438	0.000	0.019	-0.022	0.011	0.178	-1.481
33458	0.000	0.008	-0.019	0.006	0.179	-0.631
33478	0.000	0.034	-0.008	0.051	0.181	-0.315
33498	0.000	0.010	-0.033	0.006	0.181	0.000
33518	0.000	0.039	-0.004	0.145	0.179	0.631
33538	0.000	0.032	-0.035	0.019	0.183	0.631
33558	0.000	0.029	-0.003	0.058	0.183	0.315
33578	0.000	0.019	-0.018	0.020	0.184	0.631
33598	0.000	0.018	-0.002	0.028	0.181	0.315
33618	0.000	0.011	-0.050	0.032	0.183	0.631
33638	0.000	0.063	-0.005	0.115	0.184	0.000
33658	0.000	0.023	0.010	0.048	0.179	-0.296
33678	0.000	0.007	-0.032	0.039	0.181	0.296
33698	0.000	-0.018	-0.016	0.159	0.181	0.295
33718	0.000	-0.024	-0.001	0.010	0.183	-0.295
33738	0.000	0.016	-0.008	0.007	0.183	0.000
33758	0.000	0.018	-0.001	0.086	0.187	-0.315
33778	0.000	0.015	-0.027	0.257	0.186	0.315
33798	0.000	0.002	-0.003	0.044	0.183	-0.630
33818	0.000	0.019	0.007	0.056	0.186	0.945
33838	0.000	0.022	0.006	0.076	0.181	0.000
33858	0.000	0.043	0.002	0.058	0.179	-0.315
33878	0.000	0.007	-0.016	0.010	0.179	-0.947
33898	0.000	0.004	0.008	0.044	0.184	-0.631
33918	0.000	0.021	-0.025	0.143	0.184	0.295
33938	0.000	0.026	-0.005	0.046	0.184	0.296
33958	0.000	0.002	-0.028	0.028	0.184	0.296
33978	0.000	0.008	-0.019	0.020	0.183	0.295
33998	0.000	0.025	-0.002	0.023	0.184	-0.296
34018	0.000	0.036	-0.027	0.034	0.184	0.000
34038	0.000	0.013	-0.021	0.023	0.181	-0.629
34058	0.000	0.027	0.001	0.057	0.181	-0.630
34078	0.000	0.037	-0.005	0.030	0.181	-0.946
34098	0.000	0.010	-0.027	0.015	0.184	-0.315
34118	0.000	-0.026	-0.010	0.010	0.186	-0.315
34138	0.000	0.003	-0.015	0.008	0.189	0.631
34158	0.000	0.016	0.013	0.029	0.186	0.000
34178	0.000	0.001	0.004	0.026	0.183	-0.315
34198	0.000	-0.002	-0.046	0.019	0.186	-1.894
34218	0.000	0.039	-0.028	0.019	0.184	-0.887
34238	0.000	0.018	-0.020	0.019	0.184	-0.885
34258	0.000	-0.027	0.000	0.007	0.187	-0.592
34278	0.000	-0.011	-0.009	0.004	0.186	-0.629
34298	0.000	0.014	-0.020	0.011	0.186	-0.315
34318	0.000	-0.004	-0.014	0.015	0.186	-0.315
34338	0.000	-0.010	-0.010	0.004	0.184	0.000
34358	50.000	0.010	0.004	0.058	0.189	0.000
34378	50.000	0.220	0.277	0.390	0.942	51.999
34398	50.000	0.227	0.654	0.663	1.896	46.078
34418	50.000	0.574	0.570	0.850	2.709	40.872
34438	50.000	0.424	0.396	0.602	3.576	44.859
34458	50.000	0.541	0.681	0.895	4.422	40.352
34478	50.000	0.887	0.525	1.008	5.076	30.132
34498	50.000	0.880	0.437	0.949	5.644	29.097
34518	50.000	0.372	0.682	0.860	0.078	41.359
34538	50.000	0.059	0.208	0.136	1.062	52.260
34558	50.000	0.182	0.473	0.480	2.006	45.384
34578	50.000	0.548	0.703	0.907	2.826	40.317
34598	50.000	0.419	0.598	0.716	3.682	45.931
34618	50.000	0.605	0.710	0.926	4.522	38.843
34638	50.000	0.829	0.548	0.962	5.151	29.086
34658	50.000	0.783	0.507	0.932	5.725	30.078
34678	50.000	0.226	0.369	0.410	0.198	43.000
34698	50.000	0.125	0.108	0.180	1.203	51.357
34718	50.000	0.352	0.559	0.820	2.128	43.932
34738	50.000	0.353	0.638	0.825	2.941	41.072
34758	50.000	0.201	0.598	0.522	3.807	45.368
34778	50.000	0.672	0.692	0.935	4.616	37.831
34798	50.000	0.829	0.709	0.937	5.223	28.401
34818	50.000	0.699	0.466	0.889	5.808	31.201
34838	50.000	0.207	0.215	0.267	0.307	44.533
34858	50.000	0.219	0.343	0.387	1.312	50.992
34878	50.000	0.484	0.453	0.694	2.226	43.194
34898	50.000	0.342	0.686	0.693	3.043	41.722
34918	50.000	0.123	0.468	0.464	3.916	45.072
34938	50.000	0.704	0.554	0.913	4.699	35.998
34958	50.000	0.932	0.819	1.181	5.294	28.278
34978	50.000	0.702	0.757	0.966	5.883	32.314
34998	50.000	0.184	0.340	0.468	0.419	46.678
35018	50.000	0.056	0.439	0.338	1.437	49.551
35038	50.000	0.380	0.544	0.810	2.316	43.134
35058	50.000	0.371	0.669	0.771	3.137	42.275
35078	50.000	0.108	0.421	0.422	4.014	44.503
35098	50.000	0.691	0.544	0.893	4.772	34.633
35118	50.000	0.925	0.589	1.106	5.364	27.979
35138	50.000	0.672	0.694	0.930	5.981	33.617
35158	50.000	0.313	0.503	0.566	0.557	48.483
35178	50.000	0.053	0.440	0.430	1.539	48.589
35198	50.000	0.467	0.436	0.652	2.405	42.005
35218	50.000	0.317	0.582	0.713	3.263	43.620
35238	50.000	0.490	0.634	0.841	4.154	43.500
35258	50.000	0.764	0.540	0.926	4.870	32.761
35278	50.000	0.911	0.456	1.003	5.449	27.874
35298	50.000	0.534	0.586	0.839	6.096	35.815
35318	50.000	0.164	-0.063	0.184	0.718	49.900
35338	50.000	0.099	0.471	0.437	1.720	47.890
35358	0.000	0.394	0.639	0.695	2.566	40.447
35378	0.000	0.173	0.047	0.132	3.143	21.507
35398	0.000	0.027	-0.035	0.022	3.362	3.583
35418	0.000	0.023	0.018	0.061	3.382	-0.617
35438	0.000	-0.015	0.005	0.022	3.384	-0.617
35458	0.000	0.025	0.005	0.064	3.384	0.000
35478	0.000	-0.003	-0.002	0.014	3.385	0.617
35498	0.000	0.023	-0.006	0.023	3.387	1.236
35518	0.000	0.013	-0.010	0.019	3.385	1.544
35538	0.000	0.047	-0.014	0.093	3.381	0.927
35558	0.000	0.047	-0.008	0.025	3.381	0.309
35578	0.000	0.008	0.001	0.023	3.382	0.309
35598	0.000	0.024	0.010	0.029	3.382	0.309
35618	0.000	0.010	0.001	0.028	3.381	-0.309
35638	0.000	0.018	0.003	0.019	3.382	-0.617
35658	0.000	-0.064	0.136	0.016	3.382	0.000
35678	0.000	-0.126	0.237	0.014	3.384	0.618
35698	0.000	-0.056	0.122	0.004	3.389	1.236
35718	0.000	-0.020	0.073	0.007	3.385	1.545
35738	0.000	-0.036	0.133	0.055	3.381	1.236
35758	0.000	-0.017	0.118	0.038	3.376	0.309
35778	0.000	-0.073	0.204	0.029	3.378	0.000
35798	0.000	-0.082	0.216	0.010	3.379	0.000
35818	0.000	-0.090	0.232	0.014	3.376	-0.927
35838	0.000	-0.000	0.006	0.023	3.379	-0.618
35858	0.000	0.017	0.002	0.029	3.382	-0.309
35878	0.000	0.014	0.005	0.021	3.382	-0.309
35898	0.000	0.019	0.002	0.025	3.384	-0.309
35918	0.000	0.002	0.008	0.028	3.384	-0.309
35938	0.000	0.010	0.002	0.030	3.390	1.545
35958	0.000	0.035	0.007	0.013	3.382	1.236
35978	0.000	0.016	-0.011	0.023	3.384	0.927
35998	0.000	-0.100	-0.000	0.043	3.384	0.309
36018	0.000	-0.131	0.259	0.007	3.382	-0.309
36038	0.000	-0.002	0.006	0.025	3.382	0.000
36058	0.000	0.015	-0.003	0.017	3.382	0.000
36078	0.000	0.010	0.002	0.027	3.385	0.618
36098	0.000	0.029	0.013	0.048	3.382	0.618
36118	0.000	0.001	0.006	0.172	3.384	0.309
