--- Terminal on /dev/ttyUSB0 | 115200 8-N-1
--- Available filters and text transformations: colorize, debug, default, direct, esp32_exception_decoder, hexlify, log2file, nocontrol, printable, send_on_enter, time
--- More details at https://bit.ly/pio-monitor-filters
--- Quit: Ctrl+C | Menu: Ctrl+T | Help: Ctrl+T followed by Ctrl+H
MOT: Align sensor.
MOT: sensor_direction==CW
MOT: PP check: OK!
MOT: Zero elec. angle: 4.08
MOT: Align current sense.
CS: Inv B
MOT: Success: 3
MOT: Ready.
MOT: Monitor enabled!
ESP32-DRV: Configuring 3PWM in group: 1 on timer: 0
ESP32-DRV: Configuring 2 operators.
ESP32-DRV: Configuring 3 comparators.
ESP32-DRV: Configuring 3 generators.
ESP32-DRV: Configuring center-aligned pwm.
ESP32-DRV: Enabling timer: 0
ESP32-DRV: MCPWM configured!
MOT: Init
MOT: Enable driver.
MOT: Align sensor.
MOT: sensor_direction==CW
MOT: PP check: OK!
MOT: Zero elec. angle: 0.86
MOT: Align current sense.
CS: Inv B
MOT: Success: 3
MOT: Ready.
0	50.000	-0.042	0.002	0.040	3.942	0.003
0.112	-0.013	0.113	5.393	0.044
16724	50.000	0.787	0.613	0.965	4.304	30.091
1.262	-0.167	1.326	5.808	32.132
16744	50.000	0.998	0.563	1.166	4.769	22.494
0.251	-1.279	1.368	0.126	31.839
16764	50.000	0.961	0.373	1.051	5.107	15.952
-0.050	1.168	1.198	0.755	32.527
16784	50.000	1.002	0.344	1.078	5.406	15.330
-0.340	-1.162	1.288	1.378	31.742
16804	50.000	0.955	0.423	1.041	5.746	18.368
0.401	1.153	1.272	1.980	31.593
16824	50.000	0.862	0.507	0.965	6.193	27.315
1.187	0.201	1.262	2.516	28.753
16844	50.000	0.536	0.265	0.629	0.552	38.248
0.216	1.235	1.325	3.034	28.821
16864	50.000	0.334	0.548	0.672	1.374	41.117
-0.498	-1.035	1.181	3.602	31.282
16884	50.000	0.736	0.416	0.880	2.051	33.666
0.768	-1.152	1.428	4.214	33.000
16904	50.000	0.806	0.432	0.922	2.622	29.050
-0.275	-1.117	1.183	4.849	35.083
16924	50.000	0.849	0.605	1.030	3.232	32.291
-0.983	-0.725	1.269	5.512	32.243
16944	50.000	0.704	0.387	0.720	3.876	34.133
-0.420	-1.237	1.361	6.107	30.972
16964	50.000	0.971	0.644	1.198	4.465	28.501
0.060	-1.386	1.431	0.402	32.566
16984	50.000	0.849	0.405	1.086	4.895	19.847
-0.857	0.798	1.211	1.039	32.772
17004	50.000	0.949	0.347	0.983	5.211	17.269
0.878	-0.863	1.241	1.655	31.516
17024	50.000	0.999	0.358	1.029	5.513	16.584
-1.046	0.709	1.282	2.217	28.905
17044	50.000	0.998	0.374	1.080	5.881	20.384
0.983	0.603	1.156	2.752	28.694
17064	50.000	0.788	0.644	1.093	0.110	30.061
1.149	0.359	1.236	3.278	29.964
17084	50.000	0.450	0.337	0.578	0.845	41.624
-0.101	1.095	1.112	3.884	32.948
17104	50.000	0.606	0.692	0.920	1.621	38.522
-1.099	-0.046	1.133	4.534	33.878
17124	50.000	0.778	0.389	0.889	2.246	31.394
-1.215	0.012	1.261	5.179	34.423
17144	50.000	0.791	0.394	0.893	2.807	29.365
-0.925	0.657	1.156	5.782	30.386
17164	50.000	0.659	0.663	0.925	3.439	34.018
-1.308	0.407	1.415	0.107	31.059
17184	50.000	0.765	0.454	0.907	4.068	33.517
-1.307	-0.223	1.304	0.699	33.207
17204	50.000	1.002	0.447	1.116	4.631	25.025
-1.005	0.751	1.312	1.331	32.503
17224	50.000	1.039	0.274	1.113	5.012	17.827
1.244	0.366	1.355	1.925	30.726
17244	50.000	1.078	0.322	1.160	5.309	15.377
-0.868	-0.830	1.254	2.454	29.031
17264	50.000	1.010	0.394	1.088	5.630	16.618
-0.056	1.201	1.274	2.985	27.745
17284	50.000	0.913	0.475	1.017	6.036	22.917
1.289	0.003	1.350	3.536	31.224
17304	50.000	0.574	0.402	0.737	0.331	34.909
1.171	-0.286	1.206	4.131	33.583
17324	50.000	0.420	0.257	0.494	1.129	42.193
0.419	1.248	1.342	4.789	34.024
17344	50.000	0.607	0.435	0.795	1.865	36.070
-0.811	0.872	1.243	5.416	33.086
17364	50.000	0.889	0.658	1.119	2.480	30.101
-0.741	0.913	1.219	6.055	31.236
17384	50.000	0.851	0.371	0.922	3.019	30.061
0.096	1.161	1.202	0.368	31.697
17404	50.000	0.601	0.540	0.851	3.662	34.022
-0.140	1.157	1.235	1.002	32.375
17424	50.000	0.764	0.636	0.958	4.303	30.737
-0.471	1.283	1.413	1.623	30.932
17444	50.000	1.009	0.572	1.175	4.768	23.125
0.706	1.017	1.278	2.175	29.448
17464	50.000	1.029	0.362	1.090	5.102	16.358
0.626	-0.968	1.221	2.692	28.419
17484	50.000	1.028	0.352	1.139	5.416	15.779
-1.137	0.543	1.331	3.246	29.577
17504	50.000	1.068	0.441	1.128	5.746	18.669
1.286	0.246	1.363	3.812	31.904
17524	50.000	0.878	0.537	1.007	6.194	27.464
-0.455	-0.936	1.084	4.444	33.865
17544	50.000	0.612	0.633	0.904	0.584	38.589
-0.595	-0.898	1.076	5.116	34.276
17564	50.000	0.484	0.671	0.868	1.355	41.414
1.182	-0.543	1.322	5.732	31.333
17584	50.000	0.725	0.446	0.878	2.051	34.452
0.851	0.821	1.211	0.044	31.224
17604	50.000	0.800	0.477	0.924	2.614	28.162
1.114	0.201	1.172	0.655	33.274
17624	50.000	0.732	0.407	0.866	3.192	31.666
1.082	-0.389	1.231	1.289	32.326
17644	50.000	0.676	0.383	0.710	3.870	35.053
1.229	0.292	1.302	1.899	30.737
17664	50.000	0.970	0.599	1.166	4.461	28.030
0.619	0.990	1.179	2.427	29.082
17684	50.000	0.965	0.417	1.032	4.883	19.878
1.220	0.052	1.272	2.942	28.245
17704	0.000	1.011	0.356	1.075	5.214	16.835
-0.963	-0.723	1.238	3.514	31.004
17724	0.000	0.711	0.287	0.786	5.452	14.089
-0.695	0.249	0.768	3.863	26.690
17744	0.000	0.431	0.219	0.479	5.662	11.958
-0.256	0.354	0.462	4.125	20.329
17764	0.000	0.346	0.171	0.404	5.874	10.340
-0.263	0.095	0.299	4.264	10.611
17784	0.000	0.121	0.094	0.217	6.045	8.466
-0.107	-0.067	0.120	4.341	3.101
17804	0.000	0.062	0.043	0.074	6.153	4.940
0.030	0.002	0.055	4.424	-2.307
17824	0.000	0.013	0.037	0.031	6.173	0.657
0.002	0.016	0.027	4.429	0.657
17844	0.000	0.053	0.025	0.058	6.179	1.130
0.020	0.015	0.087	4.422	1.129
17864	0.000	0.060	0.018	0.065	6.183	0.332
-0.032	-0.020	0.046	4.404	2.325
17884	0.000	-0.044	-0.180	0.052	6.193	0.331
0.019	0.026	0.025	4.401	-0.996
17904	0.000	0.029	-0.017	0.034	6.183	-1.981
0.024	-0.014	0.027	4.406	-0.660
17924	0.000	-0.020	0.008	0.029	6.193	-1.000
0.009	0.032	0.019	4.406	0.334
17944	0.000	0.018	0.009	0.075	6.211	3.004
-0.005	0.003	0.019	4.409	1.001
17964	0.000	0.009	0.008	0.007	6.214	0.287
0.007	-0.025	0.013	4.407	0.000
17984	0.000	0.040	0.051	0.033	6.214	0.287
0.022	-0.027	0.007	4.409	0.573
18004	0.000	0.035	0.012	0.037	6.214	0.000
0.024	-0.009	0.100	4.410	-1.002
18024	0.000	0.018	0.068	0.030	6.213	-0.573
0.022	-0.027	0.026	4.409	-1.146
18044	0.000	-0.014	0.008	0.039	6.217	-0.287
0.002	0.136	0.010	4.416	0.000
18064	0.000	0.020	0.016	0.300	6.220	0.334
-0.005	0.018	0.017	4.416	0.668
18084	0.000	0.020	0.038	0.023	6.217	-0.334
-0.023	-0.050	0.063	4.409	0.334
18104	0.000	-0.008	0.008	0.017	6.222	0.574
0.012	0.028	0.036	4.415	-2.296
18124	0.000	-0.008	0.036	0.028	6.216	0.000
0.037	-0.006	0.039	4.413	-0.862
18144	0.000	0.025	-0.006	0.007	6.217	0.000
0.022	0.041	0.022	4.436	0.668
18164	0.000	0.028	0.026	0.027	6.214	0.000
0.017	-0.002	0.015	4.430	1.145
18184	0.000	0.082	-0.030	0.031	6.217	-1.434
0.029	0.004	0.024	4.430	-0.860
18204	0.000	0.016	-0.001	0.057	6.217	-2.005
0.028	-0.006	0.089	4.426	-0.669
18224	0.000	-0.000	-0.001	0.013	6.220	0.334
0.006	0.007	0.041	4.429	-0.334
18244	0.000	0.087	-0.053	0.016	6.219	0.574
-0.056	0.048	0.020	4.424	0.287
18264	0.000	0.003	0.045	0.003	6.219	0.000
0.009	-0.019	0.002	4.421	-0.287
18284	0.000	0.080	-0.027	0.026	6.219	-0.334
0.025	0.059	0.060	4.418	-0.334
18304	0.000	0.027	0.042	0.029	6.214	-1.436
0.004	0.034	0.116	4.421	1.148
18324	0.000	0.089	-0.066	0.043	6.229	-1.145
-0.018	-0.012	0.026	4.422	0.573
18344	0.000	-0.001	-0.016	0.044	6.237	1.334
0.026	-0.019	0.032	4.422	0.668
18364	0.000	0.004	0.007	0.010	6.237	3.338
0.021	0.005	0.018	4.416	-0.667
18384	0.000	0.028	0.051	0.033	6.229	0.574
0.015	-0.009	0.022	4.418	-0.287
18404	0.000	0.028	-0.005	0.057	6.234	0.000
-0.013	0.021	0.015	4.422	0.573
18424	0.000	-0.011	0.054	0.054	6.228	0.000
-0.018	-0.041	0.065	4.407	-0.669
18444	0.000	-0.020	0.016	0.010	6.237	0.000
-0.008	0.022	0.009	4.407	-1.337
18464	0.000	0.006	0.004	0.005	6.228	-0.286
-0.014	0.011	0.014	4.407	-1.719
18484	0.000	-0.020	0.012	0.163	6.225	-1.148
0.007	0.018	0.007	4.413	-0.861
18504	0.000	-0.012	0.012	0.025	6.231	-0.334
0.002	0.007	0.030	4.415	1.002
18524	0.000	-0.004	0.015	0.260	6.229	-0.862
0.017	-0.033	0.025	4.406	0.860
18544	0.000	0.008	0.020	0.028	6.233	0.000
0.010	-0.012	0.023	4.393	0.291
18564	0.000	-0.045	-0.004	0.046	6.229	-1.012
0.019	-0.018	0.007	4.398	-0.675
18584	0.000	0.005	0.016	0.063	6.231	-1.433
0.026	-0.007	0.022	4.399	-1.146
18604	0.000	-0.019	0.018	0.021	6.240	0.861
0.010	0.004	0.031	4.409	-0.574
18624	0.000	0.113	-0.034	0.040	6.236	0.668
0.039	0.010	0.029	4.419	1.671
18644	0.000	0.005	-0.002	0.010	6.234	-0.287
-0.012	-0.022	0.041	4.421	2.006
18664	0.000	-0.048	0.009	0.190	6.234	-0.860
0.017	-0.049	0.029	4.409	0.287
18684	0.000	0.017	0.012	0.087	6.233	0.287
-0.009	-0.018	0.018	4.401	-1.149
18704	50.000	0.031	-0.003	0.018	6.242	2.003
0.009	0.030	0.014	4.424	-2.672
18724	50.000	0.623	0.678	0.923	0.492	37.549
0.296	-1.127	1.219	4.942	34.850
18744	50.000	0.466	0.666	0.879	1.259	41.279
1.171	0.348	1.244	5.573	31.694
18764	50.000	0.717	0.429	0.869	1.974	35.267
0.236	1.270	1.348	6.188	31.557
18784	50.000	0.871	0.524	1.004	2.551	29.225
0.120	1.335	1.399	0.494	33.628
18804	50.000	0.827	0.660	1.060	3.142	31.557
0.851	0.773	1.190	1.134	32.406
18824	50.000	0.563	0.444	0.790	3.769	35.247
0.496	1.220	1.373	1.726	31.732
18844	50.000	0.884	0.687	1.115	4.386	29.718
-0.386	0.066	0.406	2.260	28.716
18864	50.000	1.057	0.437	1.168	4.841	21.162
0.423	1.106	1.196	2.801	29.467
18884	50.000	0.970	0.411	1.020	5.163	16.952
0.351	-1.166	1.282	3.358	29.616
18904	50.000	0.988	0.368	1.059	5.461	16.404
-0.384	1.094	1.217	3.952	32.446
18924	50.000	1.002	0.429	1.077	5.803	20.302
0.357	-1.282	1.388	4.585	34.606
18944	50.000	0.795	0.593	0.940	0.009	28.656
-1.228	0.271	1.308	5.240	33.777
18964	50.000	0.516	0.647	0.851	0.692	39.993
-1.113	-0.579	1.269	5.843	31.243
18984	50.000	0.473	0.345	0.615	1.489	40.468
0.922	-0.576	1.132	0.160	31.879
19004	50.000	0.745	0.509	0.916	2.146	31.944
1.402	0.167	1.437	0.782	32.931
19024	50.000	0.856	0.361	0.923	2.727	29.202
0.926	-0.647	1.158	1.408	31.779
19044	50.000	0.776	0.647	0.995	3.329	33.273
1.257	-0.645	1.440	2.006	30.359
19064	50.000	0.721	0.395	0.861	3.975	34.704
0.894	0.797	1.217	2.526	29.031
19084	50.000	1.062	0.639	1.283	4.561	26.107
0.286	1.155	1.214	3.068	29.538
19104	50.000	1.021	0.422	1.154	4.952	19.121
1.279	-0.394	1.389	3.636	31.928
19124	50.000	1.020	0.317	1.074	5.262	16.369
-1.022	0.451	1.194	4.246	33.144
19144	50.000	1.004	0.351	1.039	5.568	16.768
0.763	-0.998	1.325	4.896	33.880
19164	50.000	0.965	0.435	1.058	5.960	22.016
-1.036	0.962	1.445	5.541	32.006
19184	50.000	0.611	0.523	0.835	0.224	32.836
-0.207	1.217	1.310	6.125	31.602
19204	50.000	0.302	0.467	0.670	0.991	42.724
-1.046	-0.211	1.139	0.451	32.458
19224	50.000	0.629	0.663	0.927	1.732	37.185
0.033	-1.292	1.361	1.083	32.859
19244	50.000	0.843	0.496	0.948	2.355	29.675
-0.092	-1.169	1.213	1.700	31.946
19264	50.000	0.829	0.405	0.922	2.915	28.900
-0.273	-1.077	1.131	2.279	29.186
19284	50.000	0.645	0.649	0.910	3.548	34.343
0.930	-0.722	1.238	2.792	28.646
19304	50.000	0.806	0.579	0.957	4.179	32.723
1.148	0.592	1.351	3.333	30.726
19324	50.000	0.889	0.391	0.968	4.700	24.290
1.135	-0.260	1.224	3.948	33.397
19344	50.000	1.013	0.339	1.067	5.059	16.615
-1.293	-0.051	1.345	4.582	34.610
19364	50.000	1.006	0.315	1.037	5.363	15.595
0.838	-0.672	1.095	5.216	33.571
19384	50.000	1.027	0.360	1.084	5.683	17.651
-1.031	0.882	1.414	5.838	30.726
19404	50.000	0.859	0.458	0.969	6.125	25.408
0.997	0.464	1.107	0.156	31.777
19424	50.000	0.623	0.472	0.826	0.472	37.295
1.245	0.598	1.423	0.776	33.500
19444	50.000	0.280	0.528	0.551	1.281	41.397
-0.722	0.855	1.145	1.399	32.303
19464	50.000	0.717	0.448	0.873	1.974	35.310
-1.194	-0.412	1.316	1.988	31.067
19484	50.000	0.892	0.595	1.081	2.557	28.308
-0.651	-1.014	1.253	2.520	28.968
19504	50.000	0.852	0.674	1.093	3.143	30.703
-0.216	-1.198	1.287	3.062	28.970
19524	50.000	0.716	0.350	0.832	3.771	34.362
0.865	-1.056	1.412	3.628	32.029
19544	50.000	0.991	0.788	1.217	4.387	29.647
0.960	-0.722	1.216	4.237	32.992
19564	50.000	1.113	0.422	1.223	4.821	21.582
-0.904	-0.599	1.089	4.837	33.290
19584	50.000	0.990	0.382	1.054	5.162	16.689
1.150	0.175	1.231	5.505	32.216
19604	50.000	1.002	0.336	1.060	5.463	16.658
-1.295	-0.131	1.370	6.111	30.662
19624	50.000	1.008	0.378	0.923	5.798	19.931
1.086	0.794	1.406	0.403	32.437
19644	50.000	0.844	0.620	1.030	0.008	28.402
0.328	-1.139	1.223	1.040	32.699
19664	50.000	0.385	0.512	0.658	0.712	39.564
0.958	-0.640	1.162	1.674	32.031
19684	50.000	0.438	0.333	0.569	1.488	40.719
-0.211	1.201	1.241	2.237	29.031
19704	0.000	0.752	0.436	0.899	2.151	32.680
-0.910	-0.150	1.160	2.755	28.716
19724	0.000	0.378	0.230	0.458	2.565	15.228
-0.382	-0.300	0.547	3.119	22.436
19744	0.000	0.159	0.378	0.182	2.809	11.163
-0.281	-0.158	0.348	3.398	15.776
19764	0.000	0.021	0.017	0.047	2.981	8.492
-0.156	-0.078	0.172	3.563	8.835
19784	0.000	0.049	-0.010	0.066	3.022	1.315
-0.101	-0.021	0.104	3.599	0.000
19804	0.000	0.048	-0.001	0.058	3.020	-1.670
-0.045	-0.010	0.054	3.614	-1.337
19824	0.000	0.005	-0.028	0.029	3.031	-1.001
-0.032	0.044	0.060	3.622	0.000
19844	0.000	0.012	-0.002	0.025	3.037	-1.147
-0.039	0.028	0.069	3.629	1.433
19864	0.000	0.047	-0.036	0.045	3.057	-0.291
-0.049	-0.037	0.180	3.629	0.874
19884	0.000	0.069	-0.014	0.074	3.051	-0.292
-0.036	-0.001	0.072	3.629	-0.583
19904	0.000	-0.010	-0.006	0.032	3.045	-1.007
-0.012	-0.002	0.016	3.640	0.000
19924	0.000	-0.028	0.083	0.029	3.039	-0.287
-0.034	0.038	0.054	3.640	0.000
19944	0.000	-0.028	0.128	0.047	3.025	-2.006
-0.049	0.032	0.060	3.640	-0.573
19964	0.000	-0.009	-0.000	0.014	3.046	0.000
-0.032	0.003	0.027	3.652	0.291
19984	0.000	0.011	-0.019	0.010	3.048	3.009
-0.004	-0.027	0.027	3.651	-0.334
20004	0.000	0.063	0.015	0.121	3.039	0.573
-0.059	0.020	0.060	3.659	1.145
20024	0.000	-0.007	-0.040	0.287	3.028	-2.674
0.017	0.006	0.020	3.663	0.000
20044	0.000	0.009	-0.001	0.009	3.031	-1.004
0.002	-0.026	0.022	3.659	1.004
20064	0.000	0.019	-0.012	0.029	3.033	-0.287
-0.039	0.006	0.028	3.666	1.432
20084	0.000	0.013	0.009	0.021	3.033	0.000
-0.025	-0.011	0.035	3.668	0.000
20104	0.000	0.002	-0.047	0.028	3.042	2.006
-0.019	-0.005	0.039	3.675	0.334
20124	0.000	0.039	-0.051	0.019	3.036	2.669
-0.022	0.002	0.019	3.671	0.668
20144	0.000	-0.009	0.132	0.053	3.028	0.573
-0.009	-0.001	0.036	3.675	1.146
20164	0.000	0.058	-0.000	0.058	3.025	0.000
-0.015	-0.009	0.029	3.675	-0.573
20184	0.000	-0.044	-0.038	0.073	3.048	-2.676
-0.031	0.006	0.028	3.695	2.006
20204	0.000	-0.044	-0.005	0.042	3.045	1.315
-0.019	-0.079	0.007	3.689	-0.987
20224	0.000	0.063	-0.169	0.090	3.063	4.317
0.023	-0.013	0.166	3.689	0.333
20244	0.000	0.065	-0.033	0.125	3.028	1.313
0.014	-0.020	0.013	3.689	0.000
20264	0.000	0.025	-0.002	0.024	3.027	-0.659
0.002	-0.049	0.033	3.691	0.000
20284	0.000	0.038	-0.007	0.048	3.033	-0.332
-0.006	0.010	0.028	3.689	2.321
20304	0.000	0.081	0.015	0.071	3.030	0.997
-0.027	0.003	0.028	3.686	0.997
20324	0.000	0.029	0.000	0.035	3.023	-2.339
-0.051	-0.004	0.041	3.680	0.000
20344	0.000	-0.020	-0.015	0.035	3.036	-0.335
-0.024	-0.011	0.028	3.682	0.000
20364	0.000	0.012	-0.033	0.033	3.036	1.663
0.007	-0.046	0.023	3.675	-1.332
20384	0.000	-0.106	-0.212	0.047	3.031	0.987
0.010	-0.041	0.038	3.682	-1.646
20404	0.000	-0.117	-0.177	0.049	3.014	-1.975
0.001	-0.001	0.014	3.689	-0.988
20424	0.000	-0.017	-0.023	0.044	3.025	-2.304
-0.006	0.015	0.011	3.683	0.658
20444	0.000	-0.029	-0.030	0.035	3.039	-0.657
-0.034	0.002	0.030	3.695	1.972
20464	0.000	-0.015	-0.037	0.019	3.039	0.658
-0.026	0.024	0.029	3.689	0.986
20484	0.000	0.008	0.018	0.036	3.034	3.341
-0.061	0.120	0.013	3.677	-1.002
20504	0.000	0.044	-0.018	0.056	3.025	0.000
-0.013	-0.037	0.018	3.685	0.000
20524	0.000	0.017	-0.027	0.038	3.031	-0.658
0.054	-0.084	0.023	3.682	-0.329
20544	0.000	0.026	-0.014	0.073	3.028	-0.334
-0.037	0.024	0.024	3.678	0.668
20564	0.000	0.030	-0.008	0.029	3.028	-0.287
-0.042	0.028	0.028	3.675	-0.287
20584	0.000	-0.026	0.001	0.028	3.030	-0.282
-0.014	-0.003	0.036	3.682	0.000
20604	0.000	0.008	-0.006	0.018	3.033	0.565
0.007	-0.022	0.014	3.685	0.565
20624	0.000	0.010	0.011	0.013	3.028	0.285
-0.027	-0.017	0.183	3.691	1.707
20644	0.000	0.037	-0.019	0.156	3.043	1.995
-0.026	-0.010	0.074	3.677	-1.426
20664	0.000	0.033	0.013	0.027	3.034	-0.283
0.004	0.017	0.116	3.685	-1.413
20684	0.000	-0.086	-0.024	0.084	3.069	-0.861
0.014	0.004	0.021	3.692	-0.861
20704	50.000	0.003	-0.005	0.060	3.040	0.659
-0.016	0.002	0.024	3.685	0.659
20724	50.000	0.772	0.615	0.963	3.519	33.710
-1.073	0.522	1.247	4.191	34.749
20744	50.000	0.817	0.586	1.004	4.180	32.388
-1.129	0.525	1.307	4.861	34.069
20764	50.000	0.937	0.573	1.083	4.683	23.789
0.137	1.138	1.198	5.486	31.779
20784	50.000	1.007	0.322	1.102	5.035	16.996
0.377	-1.165	1.290	6.082	31.292
20804	50.000	0.965	0.359	1.024	5.347	15.392
-0.454	1.174	1.333	0.411	33.045
20824	50.000	1.002	0.344	1.067	5.660	17.251
-0.038	-1.084	1.090	1.026	32.907
20844	50.000	1.045	0.505	1.189	6.079	24.731
-1.051	0.755	1.348	1.638	31.020
20864	50.000	0.483	0.515	0.630	0.416	36.350
-1.232	0.396	1.320	2.209	30.266
20884	50.000	0.244	0.428	0.551	1.190	41.812
0.891	-0.672	1.110	2.715	28.327
20904	50.000	0.637	0.661	0.921	1.927	35.921
0.002	1.218	1.277	3.267	30.129
20924	50.000	0.804	0.586	0.975	2.499	29.775
-0.192	1.228	1.319	3.847	32.352
20944	50.000	0.867	0.677	1.117	3.051	30.854
0.875	0.850	1.269	4.476	33.530
20964	50.000	0.695	0.492	0.883	3.695	34.981
1.062	0.601	1.273	5.142	34.184
20984	50.000	0.819	0.546	0.952	4.318	30.766
0.899	0.635	1.110	5.752	32.143
21004	50.000	0.948	0.454	1.043	4.784	22.004
0.898	-0.650	1.118	0.061	31.618
21024	50.000	1.052	0.359	1.138	5.128	16.328
-0.978	0.566	1.260	0.696	32.998
21044	50.000	1.037	0.383	1.120	5.429	16.108
0.611	-0.910	1.109	1.308	32.859
21064	50.000	0.991	0.393	1.075	5.759	19.434
-0.935	1.021	1.425	1.910	30.773
21084	50.000	0.813	0.414	0.915	6.231	28.078
0.462	1.124	1.273	2.461	28.624
21104	50.000	0.363	0.405	0.544	0.623	39.707
-1.185	0.298	1.276	2.961	28.094
21124	50.000	0.547	0.655	0.889	1.436	41.467
1.161	-0.631	1.365	3.531	30.359
21144	50.000	0.852	0.755	1.154	2.098	33.000
1.080	0.565	1.291	4.126	33.718
21164	50.000	0.924	0.478	1.041	2.643	28.747
1.038	-0.624	1.262	4.765	33.776
21184	50.000	0.753	0.655	0.962	3.257	31.732
0.418	-1.157	1.282	5.423	32.924
21204	50.000	0.696	0.620	0.929	3.896	34.152
1.054	-0.838	1.393	6.019	30.668
21224	50.000	0.947	0.662	1.190	4.467	28.847
1.138	-0.679	1.384	0.313	32.241
21244	50.000	0.937	0.417	1.022	4.895	19.773
-1.171	-0.322	1.272	0.946	32.930
21264	50.000	1.032	0.378	1.095	5.212	17.280
1.123	0.401	1.275	1.555	30.886
21284	50.000	1.143	0.370	1.136	5.513	16.886
-1.119	-0.694	1.378	2.118	29.212
21304	50.000	0.992	0.390	1.063	5.886	20.695
-0.141	1.174	1.230	2.655	28.157
21324	50.000	0.695	0.577	0.948	0.118	30.293
0.006	1.243	1.289	3.168	28.970
21344	50.000	0.542	0.510	0.781	0.864	41.065
-1.222	-0.235	1.296	3.758	31.800
21364	50.000	0.601	0.739	0.937	1.628	38.278
0.196	-1.308	1.381	4.389	33.329
21384	50.000	0.789	0.405	0.901	2.247	30.720
-0.064	-1.081	1.089	5.028	34.088
21404	50.000	0.784	0.373	0.894	2.812	29.666
-0.742	-0.995	1.298	5.656	31.659
21424	50.000	0.574	0.584	0.860	3.456	34.082
-0.433	-1.056	1.182	6.263	31.148
21444	50.000	0.765	0.639	0.971	4.085	32.949
0.103	-1.256	1.313	0.577	32.956
21464	50.000	1.002	0.447	1.112	4.631	25.260
-1.021	-0.495	1.172	1.223	32.394
21484	50.000	1.062	0.362	1.135	5.013	17.794
0.219	1.226	1.314	1.825	31.276
21504	50.000	1.120	0.340	1.194	5.317	15.373
0.271	-1.234	1.300	2.368	29.019
21524	50.000	0.984	0.343	1.017	5.628	16.967
-1.170	0.393	1.299	2.876	27.565
21544	50.000	0.896	0.468	0.991	6.053	23.578
0.476	1.182	1.312	3.447	30.179
21564	50.000	0.697	0.295	0.798	0.359	35.603
0.518	1.067	1.258	4.039	33.274
21584	50.000	0.400	0.535	0.705	1.173	41.870
-1.169	0.416	1.312	4.692	34.668
21604	50.000	0.700	0.417	0.852	1.881	35.072
-1.080	-0.458	1.225	5.326	33.916
21624	50.000	0.923	0.691	1.178	2.479	29.339
-1.194	-0.576	1.342	5.937	31.367
21644	50.000	0.897	0.584	1.084	3.042	29.667
-1.052	0.300	1.115	0.265	32.545
21664	50.000	0.609	0.461	0.794	3.668	34.795
-1.227	0.246	1.289	0.893	33.486
21684	50.000	0.868	0.629	1.110	4.291	30.746
-1.118	0.053	1.161	1.496	31.101
21704	0.000	0.962	0.473	1.085	4.772	22.874
-0.360	1.331	1.421	2.111	29.428
21724	0.000	0.590	0.313	0.672	5.022	13.822
0.056	0.788	0.777	2.402	25.590
21744	0.000	0.405	0.177	0.542	5.225	10.993
0.148	0.502	0.567	2.629	16.670
21764	0.000	0.334	0.089	0.352	5.381	7.179
0.188	0.189	0.287	2.806	10.932
21784	0.000	0.066	0.120	0.256	5.502	4.867
0.132	0.071	0.074	2.938	7.740
21804	0.000	0.154	0.077	0.175	5.579	2.006
0.060	0.067	0.057	2.965	0.334
21824	0.000	0.074	0.010	0.110	5.634	2.341
0.029	-0.028	0.048	2.968	-2.341
21844	0.000	0.111	0.067	0.069	5.700	3.429
0.003	0.019	0.013	2.968	-1.712
21864	0.000	0.000	0.008	0.173	5.745	2.543
0.017	0.044	0.056	2.971	-1.130
21884	0.000	0.034	0.020	0.016	5.755	0.847
-0.057	0.079	0.048	2.974	0.282
21904	0.000	-0.026	-0.007	0.024	5.755	0.000
-0.004	0.014	0.039	2.976	1.131
21924	0.000	-0.014	0.005	0.011	5.757	-0.284
-0.058	0.036	0.064	2.979	1.989
21944	0.000	0.001	0.007	0.007	5.755	-0.287
-0.033	0.053	0.087	2.974	0.861
21964	0.000	-0.003	-0.008	0.020	5.757	0.333
-0.065	0.035	0.058	2.962	-2.003
21984	0.000	0.094	0.038	0.038	5.763	0.660
-0.002	0.010	0.028	2.987	-3.299
22004	0.000	0.004	0.002	0.013	5.763	-0.330
0.008	0.018	0.057	2.984	-0.330
22024	0.000	0.073	0.007	0.041	5.763	0.000
0.026	0.032	0.043	2.985	2.300
22044	0.000	-0.005	0.007	0.078	5.759	-0.850
-0.058	0.045	0.076	2.984	2.265
22064	0.000	-0.182	0.065	0.024	5.760	-0.284
-0.011	0.041	0.058	2.976	0.568
22084	0.000	-0.055	-0.017	0.033	5.763	-0.287
-0.023	0.008	0.021	2.971	-0.574
22104	0.000	-0.008	-0.016	0.074	5.763	-0.573
-0.027	0.016	0.040	2.974	0.000
22124	0.000	0.021	-0.005	0.025	5.763	-0.574
0.056	-0.014	0.012	2.970	-0.859
22144	0.000	0.026	-0.005	0.026	5.763	0.847
-0.030	0.027	0.045	2.973	-0.564
22164	0.000	0.016	-0.010	0.009	5.763	0.282
-0.016	0.026	0.032	2.973	-0.282
22184	0.000	-0.076	0.058	0.038	5.763	0.282
-0.018	0.018	0.045	2.979	1.129
22204	0.000	0.044	0.007	0.022	5.765	0.283
-0.003	0.042	0.062	2.976	1.128
22224	0.000	0.007	0.011	0.072	5.765	0.669
-0.066	0.039	0.075	2.970	1.342
22244	0.000	-0.028	-0.012	0.040	5.768	0.671
-0.059	0.013	0.023	2.970	-1.008
22264	0.000	0.060	-0.007	0.179	5.768	0.577
-0.023	0.041	0.042	2.967	-0.577
22284	0.000	0.009	0.005	0.127	5.762	-0.282
-0.045	0.030	0.148	2.964	-1.413
22304	0.000	0.002	0.011	0.033	5.766	0.569
-0.003	0.016	0.024	2.970	-0.855
22324	0.000	-0.018	0.018	0.022	5.763	1.316
-0.036	0.049	0.036	2.981	1.644
22344	0.000	0.010	0.017	0.043	5.763	0.329
-0.049	0.037	0.039	2.984	1.973
22364	0.000	-0.025	-0.011	0.021	5.766	-2.319
-0.060	0.030	0.040	2.976	1.448
22384	0.000	-0.049	-0.025	0.101	5.774	0.000
-0.147	-0.051	0.071	2.971	0.291
22404	0.000	0.022	0.003	0.018	5.775	0.676
-0.042	0.044	0.059	2.962	-1.692
22424	0.000	0.046	0.013	0.047	5.772	0.287
-0.079	0.066	0.031	2.964	-2.299
22444	0.000	0.048	0.017	0.037	5.774	0.334
0.020	0.030	0.017	2.971	-1.003
22464	0.000	0.018	0.005	0.028	5.772	0.287
-0.053	-0.060	0.001	2.982	-2.009
22484	0.000	-0.017	-0.008	0.025	5.775	0.574
-0.044	0.041	0.113	2.974	0.000
22504	0.000	-0.012	0.013	0.027	5.775	1.670
0.019	0.031	0.056	2.979	1.336
22524	0.000	0.022	0.028	0.033	5.769	0.853
-0.025	0.018	0.041	2.977	1.420
22544	0.000	0.004	0.009	0.093	5.771	0.290
-0.057	0.030	0.058	2.976	1.739
22564	0.000	0.044	-0.013	0.015	5.772	0.667
-0.056	0.055	0.070	2.974	0.000
22584	0.000	0.020	0.026	0.029	5.763	1.651
-0.014	0.005	0.006	2.965	-1.984
22604	0.000	-0.025	0.001	0.019	5.766	0.283
0.028	0.028	0.148	2.973	-1.134
22624	0.000	-0.010	0.007	0.018	5.765	0.000
0.020	0.040	0.048	2.971	-0.565
22644	0.000	0.026	0.007	0.168	5.766	-0.334
-0.025	0.020	0.013	2.974	0.668
22664	0.000	-0.049	0.037	0.042	5.766	-0.288
0.019	0.033	0.042	2.976	1.437
22684	0.000	0.021	-0.003	0.058	5.768	0.000
-0.034	0.052	0.088	2.977	1.344
22704	50.000	0.031	-0.007	0.020	5.763	1.316
-0.032	0.053	0.061	2.973	-0.329
22724	50.000	0.917	0.599	1.078	6.111	25.745
-0.290	1.266	1.363	3.451	31.449
22744	50.000	0.626	0.403	0.776	0.463	36.440
-0.034	1.092	1.105	4.074	33.714
22764	50.000	0.539	0.678	0.902	1.250	42.278
-1.072	-0.141	1.135	4.722	32.978
22784	50.000	0.724	0.384	0.850	1.971	35.129
-0.772	-0.799	1.129	5.381	33.726
22804	50.000	0.882	0.562	1.038	2.554	28.598
-1.056	-0.628	1.265	5.987	31.177
22824	50.000	0.785	0.423	0.907	3.116	30.870
-1.220	-0.459	1.351	0.291	32.595
22844	50.000	0.766	0.438	0.900	3.790	34.863
-0.987	-0.583	1.199	0.937	32.541
22864	50.000	0.839	0.655	1.063	4.393	29.327
-1.058	-0.740	1.266	1.554	31.340
22884	50.000	1.106	0.489	1.236	4.831	21.296
-0.895	0.839	1.325	2.115	29.358
22904	50.000	1.006	0.374	1.066	5.165	16.708
1.337	0.059	1.390	2.652	28.450
22924	50.000	1.016	0.345	1.071	5.464	16.696
-0.822	-0.871	1.257	3.183	29.323
22944	50.000	1.019	0.416	1.088	5.802	20.228
0.243	1.111	1.199	3.764	32.200
22964	50.000	0.804	0.614	0.971	0.014	28.862
0.968	-0.612	1.238	4.424	33.428
22984	50.000	0.485	0.602	0.854	0.692	40.395
1.277	-0.293	1.359	5.058	34.353
23004	50.000	0.489	0.368	0.644	1.491	40.149
0.181	1.102	1.143	5.690	32.041
23024	50.000	0.745	0.450	0.896	2.152	32.191
-0.919	0.894	1.357	0.005	31.353
23044	50.000	0.852	0.365	0.923	2.727	28.915
-0.390	1.026	1.102	0.620	33.570
23064	50.000	0.771	0.615	0.983	3.332	33.079
-0.108	1.279	1.331	1.241	32.439
23084	50.000	0.715	0.425	0.863	3.975	34.096
-0.832	0.993	1.301	1.829	30.078
23104	50.000	1.044	0.659	1.282	4.562	26.310
-0.982	0.713	1.286	2.390	28.576
23124	50.000	1.023	0.423	1.083	4.950	19.146
0.350	1.150	1.222	2.899	28.275
23144	50.000	1.042	0.356	1.119	5.258	16.031
0.382	-1.137	1.210	3.450	30.472
23164	50.000	1.005	0.334	1.049	5.565	16.462
-0.437	1.064	1.162	4.048	32.989
23184	50.000	0.925	0.434	1.008	5.960	22.016
0.699	-1.018	1.223	4.711	33.161
23204	50.000	0.602	0.527	0.849	0.222	33.325
-0.751	-1.043	1.324	5.335	33.266
23224	50.000	0.313	0.479	0.647	0.988	42.055
0.789	-0.772	1.118	5.955	32.236
23244	50.000	0.588	0.688	0.963	1.730	37.646
0.798	0.860	1.218	0.278	32.587
23264	50.000	0.815	0.454	0.926	2.349	30.920
0.877	0.693	1.131	0.920	33.472
23284	50.000	0.800	0.415	0.911	2.913	29.075
1.360	0.184	1.414	1.542	31.415
23304	50.000	0.664	0.661	0.927	3.542	33.413
0.987	0.965	1.428	2.094	30.065
23324	50.000	0.813	0.739	1.111	4.195	32.113
-0.524	1.107	1.274	2.634	28.370
23344	50.000	0.898	0.526	1.004	4.685	24.390
-0.422	1.263	1.364	3.151	28.981
23364	50.000	1.041	0.399	1.125	5.042	17.378
1.231	-0.226	1.308	3.712	31.701
23384	50.000	1.015	0.308	1.062	5.346	15.572
-0.885	0.626	1.137	4.352	33.743
23404	50.000	1.029	0.357	1.091	5.679	17.461
0.286	-1.034	1.072	5.024	33.534
23424	50.000	0.984	0.501	1.082	6.099	24.645
-1.150	0.594	1.353	5.648	32.065
23444	50.000	0.526	0.570	0.780	0.416	35.894
-1.063	0.538	1.221	6.225	31.824
23464	50.000	0.345	0.286	0.463	1.216	41.975
-0.214	-1.166	1.236	0.568	33.797
23484	50.000	0.652	0.650	0.924	1.931	35.410
0.815	-0.697	1.093	1.193	33.064
23504	50.000	0.800	0.382	0.906	2.526	29.197
0.803	-1.062	1.380	1.819	30.662
23524	50.000	0.753	0.385	0.878	3.102	30.336
0.893	-0.743	1.196	2.352	29.235
23544	50.000	0.558	0.555	0.818	3.751	34.393
0.946	0.754	1.244	2.870	27.672
23564	50.000	0.894	0.461	0.995	4.353	29.025
0.093	1.210	1.268	3.421	30.039
23584	50.000	1.188	0.462	1.318	4.832	20.861
1.131	0.306	1.241	4.042	32.912
23604	50.000	0.986	0.402	1.045	5.154	16.460
-1.262	0.011	1.310	4.676	33.492
23624	50.000	1.041	0.356	1.115	5.455	16.390
0.818	-0.711	1.090	5.312	33.420
23644	50.000	0.979	0.431	1.040	5.808	20.274
-0.967	0.709	1.211	5.941	31.690
23664	50.000	0.846	0.618	1.047	6.282	28.800
0.516	0.969	1.102	0.249	32.273
23684	50.000	0.315	0.428	0.574	0.709	40.836
-0.090	1.227	1.260	0.904	33.518
23704	0.000	0.438	0.310	0.571	1.488	40.870
-1.132	-0.289	1.203	1.506	31.777
23724	0.000	0.035	0.081	0.088	2.043	19.012
0.577	-0.098	0.652	1.870	24.328
23744	0.000	0.080	0.020	0.101	2.217	7.400
0.208	-0.270	0.339	2.114	16.547
23764	0.000	0.026	0.016	0.044	2.289	3.312
-0.015	-0.251	0.270	2.235	7.630
23784	0.000	-0.030	-0.016	0.068	2.335	0.986
-0.049	-0.031	0.074	2.319	2.630
23804	0.000	-0.022	-0.009	0.035	2.344	0.000
0.012	0.024	0.013	2.382	1.018
23824	0.000	0.166	0.004	0.168	2.281	-10.039
0.036	0.010	0.035	2.391	0.573
23844	0.000	0.042	-0.022	0.044	2.335	-6.695
-0.011	0.036	0.042	2.391	0.582
23864	0.000	-0.104	-0.049	0.089	2.373	1.456
0.002	-0.025	0.020	2.390	0.583
23884	0.000	-0.032	0.017	0.058	2.367	4.078
-0.026	0.015	0.021	2.395	0.872
23904	0.000	0.048	0.006	0.026	2.347	0.582
0.019	0.017	0.013	2.391	0.291
23924	0.000	0.003	0.006	0.010	2.352	-1.164
-0.009	-0.009	0.018	2.393	0.582
23944	0.000	-0.020	-0.016	0.061	2.358	-1.693
0.016	0.012	0.021	2.395	1.017
23964	0.000	-0.046	-0.034	0.085	2.361	-2.036
-0.035	-0.006	0.103	2.395	0.872
23984	0.000	-0.034	0.002	0.020	2.365	2.712
-0.003	0.015	0.029	2.388	0.678
24004	0.000	-0.009	0.004	0.008	2.364	0.292
-0.020	-0.012	0.032	2.390	0.000
24024	0.000	-0.024	-0.005	0.014	2.355	-0.678
-0.019	0.024	0.012	2.390	-0.679
24044	0.000	-0.042	-0.019	0.071	2.352	-1.744
-0.019	-0.001	0.159	2.385	-1.453
24064	0.000	-0.080	-0.011	0.056	2.361	-0.673
0.062	0.064	0.052	2.387	-2.022
24084	0.000	-0.024	-0.017	0.055	2.367	1.440
0.039	0.029	0.036	2.387	-1.441
24104	0.000	-0.034	-0.012	0.044	2.353	1.017
0.045	0.027	0.035	2.390	0.000
24124	0.000	0.057	-0.001	0.278	2.358	0.864
-0.011	0.001	0.113	2.395	0.288
24144	0.000	0.098	-0.024	0.027	2.353	-0.580
0.020	0.004	0.045	2.390	-0.290
24164	0.000	-0.013	-0.005	0.008	2.356	-1.008
0.013	0.000	0.020	2.393	0.336
24184	0.000	-0.059	-0.010	0.079	2.364	0.000
0.027	0.025	0.028	2.396	0.287
24204	0.000	-0.028	-0.010	0.046	2.368	2.371
-0.006	-0.020	0.022	2.398	2.034
24224	0.000	0.018	0.021	0.007	2.355	0.291
-0.026	0.023	0.047	2.399	1.747
24244	0.000	0.008	-0.009	0.014	2.355	-2.034
-0.061	-0.006	0.052	2.391	0.678
24264	0.000	-0.056	-0.031	0.082	2.349	-3.199
-0.017	-0.011	0.016	2.396	0.291
24284	0.000	-0.048	-0.017	0.058	2.358	1.165
0.007	0.011	0.017	2.393	0.291
24304	0.000	-0.030	0.007	0.009	2.359	1.354
0.046	0.020	0.028	2.390	-1.015
24324	0.000	-0.007	0.004	0.012	2.356	0.860
0.009	-0.002	0.043	2.396	0.000
24344	0.000	-0.007	-0.003	0.029	2.359	1.017
-0.014	0.042	0.042	2.396	0.678
24364	0.000	-0.032	0.002	0.039	2.358	1.165
0.002	0.017	0.015	2.393	0.000
24384	0.000	0.008	0.034	0.029	2.356	1.165
-0.008	0.002	0.024	2.395	0.291
24404	0.000	0.043	-0.006	0.007	2.349	-1.017
0.008	0.024	0.037	2.395	0.339
24424	0.000	-0.060	-0.004	0.044	2.356	-0.875
-0.007	0.021	0.021	2.390	0.000
24444	0.000	-0.014	-0.014	0.009	2.355	-1.018
-0.024	0.003	0.010	2.393	0.000
24464	0.000	-0.056	-0.001	0.032	2.349	-2.010
-0.007	-0.006	0.032	2.393	-1.149
24484	0.000	-0.055	-0.023	0.047	2.367	0.580
-0.015	-0.004	0.027	2.393	-0.580
24504	0.000	-0.079	-0.053	0.040	2.361	0.338
-0.012	0.007	0.013	2.384	-1.688
24524	0.000	-0.028	-0.018	0.066	2.358	0.000
-0.017	0.027	0.046	2.391	-0.573
24544	0.000	-0.072	-0.016	0.056	2.362	0.334
0.004	0.005	0.041	2.393	0.000
24564	0.000	-0.035	-0.018	0.047	2.364	0.291
0.016	0.024	0.023	2.390	0.291
24584	0.000	-0.022	-0.002	0.090	2.372	1.455
-0.003	0.031	0.026	2.390	-0.872
24604	0.000	-0.030	-0.003	0.015	2.367	0.339
-0.016	-0.009	0.015	2.388	-1.359
24624	0.000	0.025	0.060	0.035	2.352	1.999
0.033	0.005	0.058	2.390	-1.335
24644	0.000	0.014	0.031	0.052	2.365	2.018
-0.014	0.012	0.005	2.398	1.153
24664	0.000	0.053	0.011	0.026	2.442	-3.004
0.158	0.096	0.067	2.393	0.000
24684	0.000	-0.026	-0.025	0.035	2.352	-3.012
-0.005	-0.007	0.032	2.395	0.670
24704	50.000	-0.187	-0.016	0.037	2.362	-2.886
0.017	0.005	0.043	2.396	1.154
24724	50.000	0.888	0.553	1.049	2.746	28.954
-1.048	0.654	1.278	2.839	29.268
24744	50.000	0.774	0.702	1.042	3.338	33.579
-1.161	0.157	1.210	3.410	29.596
24764	50.000	0.611	0.549	0.845	3.947	32.695
-1.208	-0.132	1.265	4.002	33.718
24784	50.000	0.922	0.332	0.943	4.530	27.127
-0.924	0.747	1.241	4.666	34.215
24804	50.000	0.907	0.418	0.955	4.950	20.003
1.068	0.040	1.079	5.306	33.434
24824	50.000	0.961	0.296	1.009	5.260	16.674
-1.354	0.030	1.378	5.920	32.104
24844	50.000	1.004	0.370	1.066	5.576	16.718
1.115	-0.061	1.194	0.236	32.756
24864	50.000	0.932	0.427	1.011	5.949	21.966
-1.210	-0.399	1.324	0.859	33.630
24884	50.000	0.649	0.598	0.901	0.216	33.051
-1.068	0.674	1.296	1.465	31.944
24904	50.000	0.466	0.610	0.785	0.980	42.087
-0.316	-1.129	1.247	2.054	30.232
24924	50.000	0.650	0.721	0.944	1.721	38.333
1.129	0.487	1.302	2.580	28.345
24944	50.000	0.840	0.450	0.931	2.350	30.548
0.349	0.137	0.373	3.069	24.530
24964	50.000	0.809	0.399	0.909	2.916	29.467
-0.434	1.124	1.246	3.663	32.321
24984	50.000	0.629	0.612	0.917	3.548	33.427
-0.449	1.210	1.343	4.292	34.118
25004	50.000	0.758	0.691	1.019	4.202	32.887
-0.405	1.232	1.345	4.961	34.006
25024	50.000	0.899	0.478	1.010	4.691	23.785
1.010	0.609	1.092	5.578	31.540
25044	50.000	0.902	0.413	0.966	5.047	16.936
-0.547	-1.023	1.185	6.168	31.528
25064	50.000	1.041	0.325	1.088	5.358	15.360
0.620	1.175	1.364	0.505	32.706
25084	50.000	1.026	0.378	1.110	5.679	17.380
-0.786	-0.720	1.094	1.115	33.372
25104	50.000	0.952	0.507	1.074	6.098	24.973
-0.267	1.360	1.423	1.726	31.666
25124	50.000	0.564	0.356	0.699	0.445	35.850
-0.705	0.964	1.245	2.283	29.729
25144	50.000	0.472	0.336	0.630	1.229	42.453
0.525	-1.067	1.245	2.795	28.036
25164	50.000	0.701	0.396	0.845	1.965	35.084
0.547	1.171	1.355	3.352	29.966
25184	50.000	0.870	0.544	1.020	2.549	29.538
0.255	1.210	1.310	3.935	32.936
25204	50.000	0.792	0.489	0.926	3.119	31.463
0.012	0.476	0.465	4.564	33.858
25224	50.000	0.686	0.373	0.822	3.771	34.303
0.630	1.060	1.300	5.179	33.992
25244	50.000	0.871	0.662	1.145	4.401	28.954
0.785	1.018	1.336	5.808	30.949
25264	50.000	1.174	0.508	1.326	4.835	20.843
1.015	-0.765	1.345	0.127	31.615
25284	50.000	1.017	0.359	1.087	5.163	16.394
-0.693	0.916	1.192	0.756	33.589
25304	50.000	1.009	0.341	1.068	5.461	16.383
0.399	-1.133	1.271	1.376	31.415
25324	50.000	1.001	0.396	1.052	5.803	20.228
-0.693	0.887	1.141	1.957	30.839
25344	50.000	0.769	0.613	0.935	0.020	28.948
0.268	1.166	1.229	2.519	28.349
25364	50.000	0.381	0.528	0.749	0.699	40.323
-1.166	0.172	1.188	3.033	28.879
25384	50.000	0.539	0.276	0.647	1.502	41.148
0.898	-0.794	1.260	3.611	31.306
25404	50.000	0.776	0.534	0.931	2.172	33.004
1.181	0.243	1.270	4.225	33.783
25424	50.000	0.838	0.425	0.928	2.730	29.724
1.019	-0.768	1.329	4.864	34.719
25444	50.000	0.643	0.591	0.903	3.366	32.765
0.548	-1.115	1.295	5.515	32.735
25464	50.000	0.672	0.872	0.981	4.002	34.798
1.129	-0.592	1.341	6.110	31.341
25484	50.000	0.981	0.449	1.095	4.544	26.710
0.896	-0.895	1.335	0.417	32.465
25504	50.000	0.926	0.419	1.011	4.964	19.754
-1.302	0.012	1.372	1.055	32.376
25524	50.000	1.033	0.337	1.094	5.274	16.390
1.217	-0.084	1.296	1.655	31.881
25544	50.000	1.027	0.328	1.107	5.581	17.115
-1.202	-0.105	1.233	2.221	30.512
25564	50.000	1.009	0.472	1.134	5.976	22.086
0.131	1.145	1.194	2.763	28.094
25584	50.000	0.616	0.376	0.767	0.245	33.525
-0.164	1.180	1.205	3.286	29.712
25604	50.000	0.435	0.226	0.504	1.032	41.624
-1.080	-0.422	1.195	3.895	33.158
25624	50.000	0.658	0.412	0.812	1.786	37.463
0.174	-1.054	1.071	4.545	33.962
25644	50.000	0.815	0.668	1.049	2.396	29.987
0.007	-1.114	1.107	5.191	32.985
25664	50.000	0.867	0.558	1.015	2.936	29.724
-1.054	-0.593	1.262	5.800	31.074
25684	50.000	0.653	0.354	0.789	3.585	34.069
-0.667	-0.992	1.268	0.133	31.694
25704	0.000	0.678	0.514	0.889	4.223	32.241
-0.385	-0.998	1.121	0.744	33.266
25724	0.000	0.431	0.324	0.599	4.573	16.664
-0.370	-0.370	0.542	1.152	22.123
25744	0.000	0.222	0.141	0.284	4.783	9.944
-0.252	-0.081	0.237	1.399	14.635
25764	0.000	0.073	0.099	0.097	4.919	6.680
-0.018	-0.040	0.216	1.537	8.037
25784	0.000	-0.319	-0.122	0.303	4.944	-36.611
-0.053	-0.039	0.057	1.598	3.335
25804	0.000	0.111	-0.033	0.115	4.975	-1.973
-0.070	0.004	0.047	1.609	0.986
25824	0.000	0.080	0.020	0.105	5.021	1.694
-0.008	-0.018	0.026	1.603	-0.846
