--- Terminal on /dev/ttyUSB0 | 115200 8-N-1
--- Available filters and text transformations: colorize, debug, default, direct, esp32_exception_decoder, hexlify, log2file, nocontrol, printable, send_on_enter, time
--- More details at https://bit.ly/pio-monitor-filters
--- Quit: Ctrl+C | Menu: Ctrl+T | Help: Ctrl+T followed by Ctrl+H
MOT: Init
MOT: Enable driver.
MOT: Align sensor.
MOT: sensor_direction==CW
MOT: PP check: OK!
MOT: Zero elec. angle: 3.32
MOT: Align current sense.
CS: Inv B
MOT: Success: 3
MOT: Ready.
0	1.000	-0.005	-0.008	0.060	5.630	0.051
8377	1.000	0.433	0.610	0.752	6.236	45.313
8397	1.000	0.149	-0.078	0.222	1.019	56.435
8417	1.000	0.297	0.687	0.668	2.052	51.082
8437	1.000	0.272	0.702	0.637	3.013	49.162
8457	1.000	0.052	0.187	0.149	4.002	51.034
8477	1.000	0.478	0.897	0.904	4.898	41.015
8497	1.000	0.697	0.665	0.940	5.640	37.688
8517	1.000	0.240	0.404	0.443	0.249	50.159
8537	1.000	0.045	0.008	0.116	1.344	53.699
8557	1.000	0.063	0.497	0.473	2.362	49.374
8577	1.000	0.121	0.370	0.328	3.316	49.872
8597	1.000	0.352	0.449	0.613	4.315	48.215
8617	1.000	0.648	0.594	0.932	5.136	38.342
8637	1.000	0.492	0.612	0.761	5.900	40.376
8657	1.000	0.180	0.055	0.200	0.627	55.424
8677	1.000	0.187	0.504	0.494	1.680	52.127
8697	1.000	0.137	0.518	0.420	2.655	48.223
8717	1.000	0.127	0.129	0.207	3.652	52.565
8737	1.000	0.462	0.853	0.912	4.608	45.063
8757	1.000	0.608	0.849	0.932	5.369	36.605
8777	1.000	0.221	0.340	0.363	6.174	45.692
8797	1.000	0.091	-0.142	0.061	0.973	55.716
8817	1.000	0.111	0.129	0.181	2.023	50.547
8837	1.000	0.277	0.174	0.349	2.964	49.313
8857	1.000	0.086	0.338	0.283	3.988	50.961
8877	1.000	0.568	0.787	0.929	4.886	41.451
8897	1.000	0.743	0.463	0.895	5.622	37.451
8917	1.000	0.275	0.384	0.446	0.242	50.357
8937	1.000	0.041	-0.008	0.065	1.331	53.407
8957	1.000	0.363	0.773	0.884	2.333	48.973
8977	1.000	0.262	0.551	0.482	3.300	50.384
8997	1.000	0.169	0.187	0.268	4.297	48.620
9017	1.000	0.662	0.770	0.963	5.136	38.243
9037	1.000	0.467	0.482	0.813	5.897	41.140
9057	1.000	0.177	0.027	0.182	0.626	55.284
9077	1.000	0.205	0.319	0.383	1.686	52.102
9097	1.000	0.133	0.316	0.351	2.665	48.118
9117	1.000	0.228	0.353	0.443	3.665	51.756
9137	1.000	0.321	0.839	0.911	4.620	45.521
9157	1.000	0.576	0.646	0.874	5.383	36.866
9177	1.000	0.219	0.390	0.439	6.174	44.115
9197	1.000	0.130	-0.168	0.255	0.956	55.411
9217	1.000	0.018	0.140	0.116	2.006	52.046
9237	1.000	0.371	0.386	0.562	2.982	48.351
9257	1.000	0.052	0.180	0.139	3.998	50.981
9277	1.000	0.578	0.744	0.817	4.883	41.033
9297	1.000	0.727	0.461	0.891	5.621	37.466
9317	1.000	0.273	0.401	0.465	0.242	50.389
9337	1.000	0.042	-0.013	0.063	1.331	53.310
9357	0.000	0.179	0.682	0.625	2.352	48.824
9377	0.000	0.012	-0.057	0.032	3.085	30.587
9397	0.000	-0.029	0.039	0.124	3.527	15.014
9417	0.000	-0.009	-0.039	0.029	3.651	2.897
9437	0.000	0.032	-0.017	0.015	3.649	0.000
9457	0.000	0.037	-0.016	0.022	3.649	0.000
9477	0.000	-0.126	-0.022	0.019	3.645	-0.322
9497	0.000	-0.025	-0.005	0.055	3.642	-0.303
9517	0.000	-0.123	-0.010	0.019	3.640	0.000
9537	0.000	0.057	-0.006	0.073	3.640	0.000
9557	0.000	-0.078	0.027	0.050	3.579	-12.469
9577	0.000	0.005	0.002	0.032	3.639	-0.299
9597	0.000	-0.038	0.005	0.010	3.640	-0.301
9617	0.000	-0.027	-0.012	0.038	3.640	-0.296
9637	0.000	-0.008	-0.011	0.174	3.646	-0.300
9657	0.000	0.011	-0.020	0.021	3.645	-0.323
9677	0.000	0.019	-0.013	0.210	3.643	-0.299
9697	0.000	-0.019	-0.004	0.145	3.643	-0.647
9717	0.000	-0.035	0.027	0.008	3.643	-0.302
9737	0.000	-0.009	-0.001	0.023	3.645	0.000
9757	0.000	-0.074	-0.020	0.017	3.639	0.000
9777	0.000	-0.000	-0.008	0.030	3.639	-0.305
9797	0.000	0.017	0.004	0.014	3.637	0.000
9817	0.000	-0.009	0.003	0.048	3.639	0.296
9837	0.000	0.023	-0.015	0.011	3.637	0.000
9857	0.000	0.003	-0.022	0.022	3.642	-0.300
9877	0.000	-0.007	-0.004	0.023	3.642	0.000
9897	0.000	0.023	-0.026	0.013	3.640	0.000
9917	0.000	-0.127	-0.015	0.028	3.639	-0.298
9937	0.000	0.016	-0.041	0.014	3.639	-0.327
9957	0.000	0.001	-0.016	0.025	3.640	0.000
9977	0.000	-0.001	-0.002	0.018	3.640	0.297
9997	0.000	-0.064	-0.010	0.159	3.639	0.300
10017	0.000	-0.010	-0.005	0.021	3.639	0.321
10037	0.000	-0.040	-0.002	0.034	3.636	-0.300
10057	0.000	0.025	-0.023	0.023	3.639	0.000
10077	0.000	-0.025	0.000	0.005	3.639	0.000
10097	0.000	-0.005	-0.016	0.012	3.639	0.321
10117	0.000	-0.005	-0.007	0.045	3.639	0.642
10137	0.000	-0.001	-0.002	0.071	3.639	-0.297
10157	0.000	-0.062	-0.022	0.022	3.634	-0.297
10177	0.000	0.016	0.005	0.014	3.632	-0.654
10197	0.000	0.087	-0.016	0.009	3.632	-0.979
10217	0.000	0.028	-0.078	0.005	3.631	-0.322
10237	0.000	0.014	-0.027	0.030	3.634	-0.598
10257	0.000	-0.021	0.004	0.005	3.636	0.000
10277	0.000	0.020	-0.008	0.025	3.636	0.297
10297	0.000	-0.016	-0.002	0.019	3.636	0.322
10317	0.000	-0.014	-0.002	0.026	3.634	0.000
10337	0.000	0.045	-0.056	0.019	3.637	0.000
10357	1.000	-0.003	-0.013	0.033	3.637	0.000
10377	1.000	0.212	0.225	0.325	4.295	47.985
10397	1.000	0.636	0.556	0.871	5.130	38.662
10417	1.000	0.377	0.443	0.554	5.886	41.050
10437	1.000	0.142	-0.095	0.165	0.612	54.271
10457	1.000	0.171	0.258	0.285	1.669	53.532
10477	1.000	0.135	0.537	0.533	2.646	46.716
10497	1.000	0.064	0.251	0.336	3.640	51.515
10517	1.000	0.485	0.823	0.905	4.608	45.456
10537	1.000	0.540	0.825	0.900	5.372	36.977
10557	1.000	0.277	0.581	0.544	6.159	44.026
10577	1.000	0.149	-0.106	0.215	0.930	56.085
10597	1.000	0.035	0.538	0.435	1.974	51.184
10617	1.000	0.114	0.458	0.389	2.936	48.849
10637	1.000	0.265	0.405	0.461	3.950	51.042
10657	1.000	0.484	0.486	0.689	4.847	41.584
10677	1.000	0.577	0.582	0.779	5.588	37.684
10697	1.000	0.078	0.211	0.205	0.186	50.069
10717	1.000	0.120	-0.089	0.152	1.281	53.525
10737	1.000	0.150	0.386	0.583	2.299	48.925
10757	1.000	0.144	0.326	0.450	3.252	49.325
10777	1.000	0.073	0.465	0.424	4.261	49.243
10797	1.000	0.629	0.700	0.912	5.096	37.808
10817	1.000	0.568	0.726	0.919	5.841	39.341
10837	1.000	0.201	0.087	0.233	0.535	53.400
10857	1.000	0.059	0.140	0.119	1.611	52.333
10877	1.000	0.365	0.329	0.492	2.597	48.590
10897	1.000	0.249	0.315	0.431	3.570	51.030
10917	1.000	0.192	0.702	0.593	4.538	47.511
10937	1.000	0.613	0.621	0.871	5.315	36.870
10957	1.000	0.511	0.473	0.714	6.122	43.672
10977	1.000	0.125	-0.249	0.325	0.868	55.926
10997	1.000	0.085	0.242	0.430	1.928	51.133
11017	1.000	0.393	0.664	0.832	2.896	48.060
11037	1.000	0.043	0.083	0.066	3.910	50.942
11057	1.000	0.361	0.586	0.706	4.829	43.006
11077	1.000	0.586	0.749	0.889	5.573	36.387
11097	1.000	0.259	0.400	0.464	0.158	48.628
11117	1.000	0.136	0.027	0.116	1.221	53.393
11137	1.000	0.295	0.635	0.772	2.241	49.679
11157	1.000	0.236	0.549	0.509	3.203	50.064
11177	1.000	0.131	0.352	0.473	4.206	49.184
11197	1.000	0.691	0.609	0.922	5.059	38.930
11217	1.000	0.602	0.393	0.736	5.805	38.800
11237	1.000	0.128	-0.088	0.178	0.491	54.077
11257	1.000	0.143	0.218	0.277	1.586	53.824
11277	1.000	0.111	0.228	0.226	2.571	48.967
11297	1.000	0.284	0.332	0.453	3.567	50.700
11317	1.000	0.215	0.776	0.697	4.538	46.623
11337	1.000	0.591	0.552	0.846	5.308	36.833
11357	0.000	0.294	0.264	0.400	6.088	43.627
11377	0.000	-0.009	0.029	0.055	6.056	-8.888
11397	0.000	0.010	-0.041	0.044	6.010	-0.621
11417	0.000	0.006	-0.012	0.048	6.033	0.625
11437	0.000	0.001	-0.013	0.062	6.035	0.307
11457	0.000	-0.004	-0.016	0.060	6.038	0.307
11477	0.000	-0.005	-0.036	0.025	6.035	0.000
11497	0.000	0.018	-0.027	0.169	6.061	0.598
11517	0.000	0.010	-0.009	0.028	6.064	-0.920
11537	0.000	-0.008	-0.008	0.018	6.059	0.000
11557	0.000	0.030	-0.014	0.230	6.061	0.000
11577	0.000	-0.008	-0.026	0.176	6.052	-1.223
11597	0.000	0.003	-0.038	0.118	6.058	0.301
11617	0.000	0.000	-0.021	0.039	6.056	0.000
11637	0.000	0.007	-0.016	0.027	6.056	-0.306
11657	0.000	0.007	-0.001	0.027	6.064	-0.920
11677	0.000	0.018	-0.005	0.043	6.059	0.000
11697	0.000	-0.010	-0.134	0.024	6.052	-0.302
11717	0.000	0.015	-0.011	0.034	6.055	-0.305
11737	0.000	-0.028	-0.041	0.013	6.059	-0.306
11757	0.000	0.029	-0.032	0.015	6.038	0.000
11777	0.000	0.057	-0.023	0.022	6.047	0.000
11797	0.000	-0.008	-0.035	0.021	6.047	0.309
11817	0.000	-0.049	-0.022	0.025	6.047	-0.310
11837	0.000	0.009	-0.015	0.045	6.048	0.610
11857	0.000	-0.145	-0.070	0.038	6.045	0.309
11877	0.000	0.014	-0.032	0.015	6.050	0.305
11897	0.000	0.003	-0.026	0.029	6.050	0.000
11917	0.000	0.026	-0.013	0.044	6.053	0.594
11937	0.000	0.003	-0.028	0.018	6.050	-0.613
11957	0.000	-0.014	-0.019	0.021	6.055	0.300
11977	0.000	0.024	-0.031	0.018	6.053	0.000
11997	0.000	0.017	-0.008	0.029	6.055	0.299
12017	0.000	-0.021	-0.023	0.010	6.050	-0.327
12037	0.000	-0.005	-0.032	0.043	6.052	0.000
12057	0.000	0.032	-0.019	0.021	6.052	-0.306
12077	0.000	-0.020	-0.039	0.013	6.053	-0.306
12097	0.000	-0.023	-0.035	0.008	6.052	0.000
12117	0.000	-0.028	-0.002	0.053	6.053	0.000
12137	0.000	0.012	-0.019	0.041	6.032	0.918
12157	0.000	-0.021	-0.036	0.010	6.055	0.306
12177	0.000	0.004	-0.021	0.043	6.050	0.608
12197	0.000	0.008	-0.030	0.106	6.050	0.000
12217	0.000	-0.001	0.033	0.019	6.050	-0.303
12237	0.000	-0.013	-0.037	0.034	6.050	-0.306
12257	0.000	-0.039	-0.076	0.058	6.048	0.000
12277	0.000	-0.014	-0.012	0.011	6.053	0.307
12297	0.000	0.007	-0.011	0.044	6.052	0.975
12317	0.000	0.006	-0.011	0.025	6.042	-1.246
12337	0.000	0.021	-0.071	0.044	6.052	0.603
12357	1.000	0.021	-0.021	0.136	6.047	-0.618
12377	1.000	0.221	0.031	0.224	0.525	52.785
12397	1.000	0.057	0.232	0.161	1.605	52.885
12417	1.000	0.328	0.283	0.459	2.588	47.477
12437	1.000	0.208	0.366	0.402	3.588	52.457
12457	1.000	0.221	0.592	0.637	4.542	47.465
12477	1.000	0.605	0.590	0.859	5.315	36.863
12497	1.000	0.506	0.510	0.751	6.124	44.115
12517	1.000	0.184	-0.320	0.372	0.890	55.987
12537	1.000	0.179	0.301	0.388	1.944	52.489
12557	1.000	0.385	0.484	0.653	2.888	48.307
12577	1.000	0.040	0.177	0.156	3.899	52.377
12597	1.000	0.353	0.770	0.875	4.814	42.550
12617	1.000	0.698	0.758	0.999	5.551	36.380
12637	1.000	0.328	0.288	0.455	0.127	49.463
12657	1.000	0.155	-0.101	0.221	1.224	54.763
12677	1.000	0.385	0.528	0.695	2.226	49.294
12697	1.000	0.326	0.422	0.513	3.188	50.194
12717	1.000	-0.012	0.217	0.191	4.191	49.523
12737	1.000	0.690	0.526	0.896	5.053	39.859
12757	1.000	0.534	0.456	0.702	5.797	39.301
12777	1.000	0.171	-0.179	0.237	0.497	54.434
12797	1.000	0.120	0.090	0.166	1.568	53.043
12817	1.000	0.102	0.464	0.386	2.554	47.821
12837	1.000	0.162	0.039	0.190	3.547	51.153
12857	1.000	0.330	0.766	0.787	4.528	46.586
12877	1.000	0.562	0.735	0.845	5.301	37.754
12897	1.000	0.292	0.386	0.491	6.076	42.331
12917	1.000	0.135	-0.071	0.162	0.848	55.735
12937	1.000	-0.049	0.192	0.180	1.902	51.463
12957	1.000	0.228	0.510	0.620	2.875	48.336
12977	1.000	0.056	0.281	0.255	3.893	51.052
12997	1.000	0.508	0.724	0.934	4.804	42.747
13017	1.000	0.679	0.579	0.906	5.533	37.612
13037	1.000	0.273	0.115	0.323	0.117	48.609
13057	1.000	0.248	-0.192	0.323	1.181	68.577
13077	1.000	0.104	0.255	0.237	2.195	49.600
13097	1.000	0.273	0.185	0.351	3.171	50.148
13117	1.000	0.004	0.431	0.349	4.179	49.984
13137	1.000	0.504	0.591	0.814	5.021	39.873
13157	1.000	0.475	0.751	0.901	5.763	39.112
13177	1.000	0.233	0.257	0.341	0.440	54.070
13197	1.000	0.051	0.194	0.077	1.517	53.221
13217	1.000	0.342	0.709	0.720	2.516	48.178
13237	1.000	0.216	0.500	0.560	3.493	51.459
13257	1.000	0.056	0.491	0.463	4.455	48.171
13277	1.000	0.701	0.677	0.947	5.252	37.020
13297	1.000	0.547	0.634	0.856	6.032	43.077
13317	1.000	0.112	-0.135	0.070	0.787	56.020
13337	1.000	0.169	0.231	0.316	1.844	52.875
13357	0.000	0.307	0.679	0.762	2.816	48.145
13377	0.000	-0.012	-0.124	0.138	3.461	24.157
13397	0.000	0.015	-0.063	0.070	3.698	6.236
13417	0.000	-0.014	-0.025	0.031	3.706	-0.621
13437	0.000	0.012	-0.018	0.041	3.706	0.000
13457	0.000	0.006	0.001	0.023	3.701	0.000
13477	0.000	-0.011	-0.022	0.042	3.703	0.000
13497	0.000	-0.004	-0.017	0.026	3.703	-0.630
13517	0.000	-0.020	-0.028	0.038	3.701	-0.293
13537	0.000	-0.001	-0.030	0.029	3.703	0.313
13557	0.000	-0.008	-0.021	0.014	3.701	0.000
13577	0.000	0.225	-0.098	0.017	3.700	-0.309
13597	0.000	0.042	0.019	0.030	3.705	0.306
13617	0.000	-0.039	-0.023	0.014	3.701	0.000
13637	0.000	-0.004	-0.031	0.014	3.698	0.000
13657	0.000	-0.021	-0.007	0.027	3.705	0.307
13677	0.000	0.031	-0.021	0.110	3.703	0.000
13697	0.000	0.029	-0.012	0.045	3.697	-0.938
13717	0.000	-0.019	-0.026	0.013	3.700	0.000
13737	0.000	0.029	-0.031	0.022	3.703	0.000
13757	0.000	0.003	-0.014	0.052	3.700	-0.289
13777	0.000	0.020	-0.021	0.039	3.703	0.000
13797	0.000	0.040	0.029	0.038	3.703	0.000
13817	0.000	-0.082	-0.015	0.113	3.701	0.000
13837	0.000	-0.021	-0.029	0.014	3.703	0.307
13857	0.000	0.001	-0.008	0.031	3.705	-0.312
13877	0.000	-0.004	-0.012	0.047	3.701	-0.291
13897	0.000	0.047	0.006	0.036	3.706	0.306
13917	0.000	-0.018	-0.027	0.011	3.705	-0.287
13937	0.000	-0.003	-0.034	0.049	3.703	0.313
13957	0.000	-0.067	0.003	0.058	3.706	-0.312
13977	0.000	-0.022	-0.027	0.043	3.694	0.326
13997	0.000	-0.098	-0.116	0.055	3.697	0.322
14017	0.000	-0.014	-0.010	0.061	3.698	0.000
14037	0.000	-0.022	-0.013	0.002	3.698	0.000
14057	0.000	-0.018	-0.023	0.027	3.703	0.000
14077	0.000	0.003	-0.015	0.030	3.698	-0.308
14097	0.000	0.073	0.081	0.042	3.703	0.615
14117	0.000	0.011	-0.018	0.025	3.697	-0.303
14137	0.000	-0.024	-0.028	0.018	3.700	0.306
14157	0.000	-0.029	-0.020	0.017	3.697	-0.310
14177	0.000	0.023	-0.016	0.024	3.700	0.000
14197	0.000	-0.013	-0.009	0.082	3.698	-0.577
14217	0.000	-0.025	-0.021	0.018	3.703	0.000
14237	0.000	0.015	-0.028	0.053	3.701	0.306
14257	0.000	0.224	-0.096	0.019	3.703	-0.308
14277	0.000	0.019	-0.015	0.034	3.703	0.000
14297	0.000	0.007	-0.007	0.042	3.701	-0.289
14317	0.000	-0.005	-0.013	0.027	3.701	0.611
14337	0.000	-0.010	-0.029	0.016	3.701	0.613
14357	1.000	-0.002	-0.032	0.039	3.698	0.000
14377	1.000	0.127	0.427	0.605	4.383	47.613
14397	1.000	0.548	0.767	0.941	5.199	38.211
14417	1.000	0.361	0.622	0.665	5.961	42.282
14437	1.000	0.141	-0.183	0.240	0.689	55.495
14457	1.000	0.147	0.151	0.228	1.750	52.284
14477	1.000	0.220	0.587	0.630	2.729	47.436
14497	1.000	0.052	-0.001	0.067	3.729	52.960
14517	1.000	0.513	0.612	0.835	4.685	44.616
14537	1.000	0.725	0.605	0.930	5.439	35.738
14557	1.000	0.309	0.541	0.526	6.260	46.206
14577	1.000	0.151	-0.164	0.257	1.048	55.287
14597	1.000	-0.000	0.201	0.174	2.094	50.950
14617	1.000	0.212	0.286	0.481	3.065	49.303
14637	1.000	0.030	0.282	0.202	4.079	51.092
14657	1.000	0.593	0.620	0.893	4.964	40.256
14677	1.000	0.558	0.508	0.772	5.693	38.046
14697	1.000	0.222	0.220	0.384	0.342	52.393
14717	1.000	0.042	0.012	0.115	1.420	54.300
14737	1.000	0.341	0.678	0.714	2.428	48.275
14757	1.000	0.244	0.467	0.508	3.402	50.941
14777	1.000	0.238	0.497	0.636	4.390	48.223
14797	1.000	0.544	0.756	0.884	5.203	37.617
14817	1.000	0.330	0.565	0.670	5.970	41.529
14837	1.000	0.191	-0.250	0.316	0.693	56.183
14857	1.000	0.185	0.346	0.351	1.766	52.087
14877	1.000	0.173	0.563	0.465	2.737	47.570
14897	1.000	0.131	-0.036	0.147	3.738	51.133
14917	1.000	0.529	0.582	0.820	4.682	44.092
14937	1.000	0.711	0.519	0.900	5.427	36.974
14957	1.000	0.215	0.381	0.384	6.272	46.706
14977	1.000	0.175	-0.303	0.362	1.066	55.242
14997	1.000	0.112	0.373	0.424	2.115	50.940
15017	1.000	0.307	0.345	0.465	3.077	48.684
15037	1.000	0.092	0.442	0.444	4.067	50.756
15057	1.000	0.563	0.666	0.931	4.950	40.504
15077	1.000	0.575	0.485	0.761	5.697	37.962
15097	1.000	0.176	0.204	0.294	0.360	52.332
15117	1.000	0.040	-0.052	0.115	1.436	52.705
15137	1.000	0.143	0.640	0.688	2.444	48.351
15157	1.000	0.177	0.435	0.441	3.402	50.708
15177	1.000	0.218	0.507	0.607	4.392	48.490
15197	1.000	0.548	0.735	0.810	5.199	37.647
15217	1.000	0.331	0.458	0.492	5.972	42.035
15237	1.000	0.156	-0.200	0.254	0.687	54.451
15257	1.000	0.210	0.228	0.276	1.759	52.161
15277	1.000	0.206	0.575	0.551	2.732	47.570
15297	1.000	0.066	0.000	0.075	3.729	51.287
15317	1.000	0.519	0.572	0.808	4.682	44.244
15337	1.000	0.693	0.659	0.932	5.446	36.930
15357	0.000	0.239	0.435	0.478	6.262	46.315
15377	0.000	-0.001	0.058	0.036	0.038	-2.911
15397	0.000	0.005	0.045	0.040	0.041	0.304
15417	0.000	0.008	0.040	0.022	0.038	0.000
15437	0.000	0.001	0.038	0.032	0.043	0.000
15457	0.000	-0.019	-0.046	0.022	0.043	-0.303
15477	0.000	-0.009	0.012	0.038	0.043	0.304
15497	0.000	0.004	0.033	0.204	0.043	0.000
15517	0.000	0.020	0.034	0.023	0.043	0.000
15537	0.000	-0.020	-0.015	0.023	0.043	-0.304
15557	0.000	0.018	0.037	0.014	0.048	0.607
15577	0.000	-0.142	-0.017	0.014	0.048	0.000
15597	0.000	-0.009	-0.029	0.052	0.044	0.000
15617	0.000	0.001	0.038	0.024	0.046	-0.304
15637	0.000	-0.028	0.022	0.059	0.046	0.000
15657	0.000	-0.003	0.023	0.033	0.051	0.319
15677	0.000	-0.001	0.032	0.028	0.048	0.000
15697	0.000	-0.005	0.015	0.044	0.048	0.303
15717	0.000	-0.027	0.021	0.075	0.048	0.000
15737	0.000	0.010	0.033	0.016	0.049	0.324
15757	0.000	-0.004	0.048	0.034	0.046	-0.607
15777	0.000	0.158	0.066	0.044	0.044	0.000
15797	0.000	-0.243	-0.039	0.018	0.044	0.000
15817	0.000	-0.024	0.034	0.024	0.044	-0.304
15837	0.000	-0.023	0.031	0.031	0.046	0.000
15857	0.000	0.009	0.032	0.015	0.048	0.607
15877	0.000	0.005	0.015	0.030	0.044	0.304
15897	0.000	-0.001	0.032	0.015	0.046	0.000
15917	0.000	-0.056	0.015	0.017	0.043	0.000
15937	0.000	-0.001	0.024	0.019	0.048	0.606
15957	0.000	-0.023	0.022	0.036	0.046	-0.304
15977	0.000	-0.028	0.008	0.031	0.044	0.000
15997	0.000	-0.004	0.016	0.043	0.048	0.000
16017	0.000	-0.001	0.030	0.021	0.046	-0.304
16037	0.000	-0.026	0.020	0.073	0.048	0.304
16057	0.000	0.009	0.036	0.208	0.049	-0.294
16077	0.000	-0.013	0.011	0.030	0.048	0.000
16097	0.000	-0.001	0.011	0.019	0.048	0.000
16117	0.000	0.022	0.017	0.023	0.049	0.000
16137	0.000	0.022	0.020	0.029	0.048	0.000
16157	0.000	-0.035	0.023	0.058	0.048	0.326
16177	0.000	0.000	0.038	0.071	0.048	-0.326
16197	0.000	-0.000	0.032	0.030	0.046	-0.303
16217	0.000	0.015	0.084	0.040	0.048	0.000
16237	0.000	0.007	0.009	0.029	0.048	-0.303
16257	0.000	0.001	0.014	0.023	0.049	0.303
16277	0.000	0.034	0.023	0.022	0.046	0.000
16297	0.000	-0.007	0.027	0.048	0.048	0.000
16317	0.000	-0.037	0.015	0.045	0.048	0.000
16337	0.000	0.009	0.036	0.014	0.049	0.302
16357	1.000	-0.028	0.026	0.016	0.048	0.000
16377	1.000	0.130	-0.023	0.193	0.828	55.019
16397	1.000	0.076	0.313	0.306	1.795	48.522
16417	1.000	0.228	0.254	0.346	2.766	47.505
16437	1.000	0.095	0.122	0.404	3.758	51.670
16457	1.000	0.492	0.757	0.907	4.694	44.005
16477	1.000	0.678	0.730	0.974	5.453	36.574
16497	1.000	0.155	0.307	0.501	0.008	46.751
16517	1.000	0.171	-0.154	0.219	1.092	55.187
16537	1.000	0.099	0.120	0.401	2.111	50.814
16557	1.000	0.290	0.262	0.429	3.073	48.266
16577	1.000	0.025	0.228	0.154	4.082	51.020
16597	1.000	0.612	0.666	0.916	4.969	40.017
16617	1.000	0.569	0.739	0.930	5.709	37.872
16637	1.000	0.157	0.205	0.299	0.362	52.346
16657	1.000	0.084	-0.188	0.201	1.457	52.620
16677	1.000	0.205	0.738	0.637	2.445	48.986
16697	1.000	0.100	0.151	0.148	3.422	52.112
16717	1.000	0.324	0.735	0.773	4.426	47.908
16737	1.000	0.587	0.519	0.829	5.216	36.967
16757	1.000	0.403	0.308	0.479	5.998	42.388
16777	1.000	0.152	-0.028	0.169	0.742	54.530
16797	1.000	-0.006	0.091	0.231	1.733	50.285
16817	1.000	0.389	0.731	0.874	2.715	47.965
16837	1.000	0.042	0.206	0.179	3.708	51.742
16857	1.000	0.237	0.602	0.677	4.645	45.045
16877	1.000	0.623	0.510	0.815	5.409	37.085
16897	1.000	0.405	0.719	0.732	6.245	45.597
16917	1.000	0.154	0.006	0.144	1.029	54.616
16937	1.000	0.249	0.623	0.757	2.054	49.838
16957	1.000	0.256	0.633	0.674	3.010	48.246
16977	1.000	0.067	0.157	0.122	4.002	50.859
16997	1.000	0.547	0.928	0.928	4.900	41.024
17017	1.000	0.731	0.595	0.927	5.634	37.532
17037	1.000	0.289	0.446	0.534	0.252	50.539
17057	1.000	0.067	-0.057	0.083	1.339	54.840
17077	1.000	0.059	0.475	0.396	2.358	49.751
17097	1.000	0.090	0.326	0.309	3.324	49.693
17117	1.000	0.363	0.583	0.722	4.326	48.853
17137	1.000	0.735	0.554	0.925	5.143	37.985
17157	1.000	0.509	0.623	0.857	5.906	40.629
17177	1.000	0.179	0.074	0.166	0.627	54.239
17197	1.000	0.087	0.143	0.162	1.706	52.226
17217	1.000	0.177	0.463	0.669	2.672	47.813
17237	1.000	0.158	0.352	0.344	3.691	51.364
17257	1.000	0.238	0.752	0.698	4.625	45.306
17277	1.000	0.567	0.663	0.828	5.389	36.347
17297	1.000	0.443	0.303	0.555	6.211	45.295
17317	1.000	0.170	-0.178	0.263	1.000	56.498
17337	1.000	0.222	0.322	0.409	2.034	51.614
17357	0.000	0.410	0.570	0.712	2.994	48.275
17377	0.000	-0.156	-0.133	0.195	3.637	23.303
17397	0.000	0.007	-0.051	0.078	3.850	5.700
17417	0.000	-0.002	0.024	0.018	3.861	-1.262
17437	0.000	-0.016	0.010	0.027	3.855	0.000
17457	0.000	-0.010	-0.020	0.015	3.852	-0.632
17477	0.000	-0.021	0.020	0.016	3.856	0.000
17497	0.000	0.010	-0.020	0.013	3.852	0.294
17517	0.000	0.037	-0.003	0.022	3.852	0.000
17537	0.000	-0.006	-0.017	0.013	3.852	0.000
17557	0.000	-0.020	-0.005	0.032	3.849	-0.588
17577	0.000	0.025	-0.028	0.020	3.850	0.000
17597	0.000	-0.008	0.015	0.029	3.850	0.294
17617	0.000	-0.013	-0.030	0.016	3.847	0.000
17637	0.000	0.013	-0.001	0.027	3.847	0.000
17657	0.000	0.105	-0.169	0.040	3.847	-0.294
17677	0.000	0.022	-0.037	0.015	3.849	0.000
17697	0.000	0.014	-0.004	0.029	3.849	0.000
17717	0.000	-0.001	0.003	0.014	3.849	0.000
17737	0.000	0.004	-0.036	0.169	3.849	0.000
17757	0.000	-0.023	0.007	0.014	3.849	0.000
17777	0.000	-0.053	-0.011	0.041	3.849	0.000
17797	0.000	-0.001	-0.032	0.014	3.847	0.000
17817	0.000	-0.013	0.010	0.014	3.849	0.000
17837	0.000	0.000	-0.005	0.012	3.849	0.000
17857	0.000	0.027	-0.022	0.022	3.849	0.000
17877	0.000	0.012	0.008	0.028	3.849	-0.316
17897	0.000	0.009	0.003	0.051	3.849	0.288
17917	0.000	0.002	-0.013	0.029	3.849	-0.588
17937	0.000	0.001	-0.030	0.022	3.850	-0.294
17957	0.000	0.023	0.000	0.039	3.850	0.308
17977	0.000	-0.007	-0.009	0.056	3.850	0.000
17997	0.000	0.029	-0.033	0.014	3.849	-0.313
18017	0.000	-0.004	-0.026	0.013	3.849	-0.315
18037	0.000	0.112	-0.128	0.014	3.850	0.000
18057	0.000	-0.030	0.036	0.028	3.846	-0.630
18077	0.000	-0.058	0.025	0.017	3.846	-0.316
18097	0.000	0.028	0.115	0.015	3.849	0.000
18117	0.000	0.021	0.205	0.053	3.847	0.000
18137	0.000	0.002	-0.034	0.005	3.849	0.312
18157	0.000	-0.008	-0.017	0.007	3.847	0.000
18177	0.000	0.001	-0.001	0.032	3.847	0.000
18197	0.000	0.001	0.009	0.021	3.846	-0.294
18217	0.000	0.029	-0.049	0.016	3.849	0.293
18237	0.000	-0.046	-0.014	0.034	3.846	-0.631
18257	0.000	0.023	-0.022	0.019	3.844	0.629
18277	0.000	0.016	-0.018	0.178	3.846	0.312
18297	0.000	0.015	-0.004	0.029	3.846	0.000
18317	0.000	0.009	0.002	0.035	3.844	0.000
18337	0.000	-0.002	0.008	0.028	3.850	0.000
18357	1.000	-0.021	0.065	0.207	3.847	0.000
18377	1.000	0.133	0.501	0.465	4.547	45.515
18397	1.000	0.648	0.648	0.921	5.343	37.322
18417	1.000	0.465	0.677	0.825	6.137	45.606
18437	1.000	0.212	-0.171	0.245	0.904	56.956
18457	1.000	0.327	0.218	0.550	1.950	51.205
18477	1.000	0.258	0.666	0.689	2.911	48.615
18497	1.000	0.149	0.031	0.165	3.925	50.832
18517	1.000	0.404	0.510	0.659	4.838	42.816
18537	1.000	0.560	0.728	0.902	5.571	36.763
18557	1.000	0.229	0.415	0.411	0.158	49.634
18577	1.000	0.120	-0.269	0.317	1.244	53.415
18597	1.000	0.094	0.310	0.314	2.278	49.493
18617	1.000	0.150	0.083	0.326	3.252	50.134
18637	1.000	0.084	0.403	0.431	4.261	50.244
18657	1.000	0.690	0.791	1.025	5.082	38.471
18677	1.000	0.645	0.579	0.895	5.826	39.396
18697	1.000	0.197	-0.005	0.205	0.522	54.487
18717	1.000	0.091	0.242	0.195	1.601	52.240
18737	1.000	0.135	0.303	0.321	2.568	47.608
18757	1.000	0.255	0.279	0.404	3.563	52.141
18777	1.000	0.258	0.727	0.691	4.536	46.291
18797	1.000	0.572	0.586	0.802	5.305	37.407
18817	1.000	0.454	0.327	0.694	6.107	44.055
18837	1.000	0.167	-0.325	0.373	0.884	56.372
18857	1.000	0.151	0.267	0.338	1.934	51.470
18877	1.000	0.391	0.733	0.870	2.905	45.633
18897	1.000	0.064	0.330	0.333	3.890	51.072
18917	1.000	0.445	0.829	0.930	4.804	42.619
18937	1.000	0.707	0.655	0.940	5.542	36.380
18957	1.000	0.293	0.156	0.355	0.124	48.861
18977	1.000	0.152	-0.051	0.169	1.221	54.927
18997	1.000	0.377	0.471	0.646	2.224	49.715
19017	1.000	0.328	0.451	0.586	3.186	50.134
19037	1.000	-0.018	0.260	0.228	4.189	49.503
19057	1.000	0.693	0.497	0.883	5.048	38.915
19077	1.000	0.537	0.471	0.718	5.805	39.333
19097	1.000	0.135	-0.071	0.178	0.479	53.645
19117	1.000	0.162	0.142	0.200	1.571	52.969
19137	1.000	0.054	0.463	0.412	2.556	47.976
19157	1.000	0.156	0.055	0.177	3.545	50.876
19177	1.000	0.440	0.674	0.805	4.511	46.474
19197	1.000	0.521	0.731	0.919	5.291	37.800
19217	1.000	0.288	0.446	0.467	6.071	42.872
19237	1.000	0.249	-0.256	0.164	0.839	56.150
19257	1.000	-0.007	0.449	0.349	1.891	51.795
19277	1.000	0.177	0.414	0.426	2.844	47.718
19297	1.000	0.279	0.357	0.460	3.855	51.315
19317	1.000	0.530	0.511	0.766	4.768	42.896
19337	1.000	0.656	0.643	0.926	5.527	37.955
19357	0.000	0.229	0.143	0.271	0.112	48.648
19377	0.000	-0.001	-0.010	0.042	0.485	4.838
19397	0.000	0.026	-0.054	0.028	0.479	-0.883
19417	0.000	0.005	0.009	0.054	0.479	0.000
19437	0.000	-0.008	0.013	0.012	0.477	0.000
19457	0.000	-0.023	0.016	0.008	0.476	-0.303
19477	0.000	-0.018	0.026	0.026	0.469	-0.303
19497	0.000	-0.050	0.039	0.013	0.468	-0.304
19517	0.000	0.041	0.013	0.031	0.466	-0.653
19537	0.000	0.007	-0.004	0.014	0.463	-0.304
19557	0.000	-0.009	-0.007	0.023	0.454	0.000
19577	0.000	0.011	-0.020	0.016	0.451	-0.607
19597	0.000	-0.008	-0.020	0.040	0.448	-0.303
19617	0.000	0.013	0.011	0.021	0.445	0.000
19637	0.000	0.013	-0.018	0.005	0.445	0.299
