--- Terminal on /dev/ttyUSB0 | 115200 8-N-1
--- Available filters and text transformations: colorize, debug, default, direct, esp32_exception_decoder, hexlify, log2file, nocontrol, printable, send_on_enter, time
--- More details at https://bit.ly/pio-monitor-filters
--- Quit: Ctrl+C | Menu: Ctrl+T | Help: Ctrl+T followed by Ctrl+H
MOT: Init
MOT: Enable driver.
MOT: Align sensor.
MOT: sensor_direction==CW
MOT: PP check: OK!
MOT: Zero elec. angle: 3.81
MOT: Align current sense.
CS: Inv B
MOT: Success: 3
MOT: Ready.
0	0.000	-0.189	0.029	0.292	2.818	0.027
8377	0.000	-0.030	0.028	0.010	2.600	-11.193
8397	0.000	0.029	-0.003	0.057	2.471	-5.460
8417	0.000	0.010	0.016	0.010	2.413	-1.836
8437	0.000	-0.000	-0.013	0.029	2.407	0.613
8457	0.000	-0.210	-0.221	0.010	2.424	-0.306
8477	0.000	-0.043	-0.071	0.075	2.413	0.000
8497	0.000	-0.003	-0.015	0.078	2.430	0.000
8517	0.000	-0.011	0.014	0.029	2.413	-0.612
8537	0.000	-0.016	-0.004	0.015	2.421	0.919
8557	0.000	0.013	0.016	0.014	2.402	-0.612
8577	0.000	0.006	0.009	0.022	2.410	0.306
8597	0.000	0.018	0.007	0.064	2.407	0.000
8617	0.000	0.040	0.031	0.028	2.408	-0.917
8637	0.000	-0.005	-0.006	0.187	2.408	0.306
8657	0.000	-0.067	-0.036	0.031	2.411	-0.917
8677	0.000	-0.012	-0.009	0.116	2.390	0.612
8697	0.000	-0.024	0.015	0.022	2.395	0.000
8717	0.000	-0.019	0.007	0.007	2.395	0.000
8737	0.000	-0.004	-0.006	0.229	2.395	0.306
8757	0.000	0.102	0.061	0.031	2.393	-0.306
8777	0.000	0.022	-0.009	0.010	2.396	0.306
8797	0.000	0.023	-0.009	0.052	2.395	0.306
8817	0.000	0.007	-0.011	0.075	2.391	0.000
8837	0.000	-0.006	-0.004	0.053	2.393	0.000
8857	0.000	0.002	0.010	0.024	2.395	0.000
8877	0.000	-0.017	-0.002	0.019	2.390	-0.613
8897	0.000	-0.025	-0.002	0.232	2.402	0.918
8917	0.000	0.009	-0.006	0.014	2.396	0.000
8937	0.000	-0.012	0.015	0.011	2.401	-0.306
8957	0.000	0.007	0.028	0.010	2.399	0.918
8977	0.000	-0.053	-0.016	0.006	2.399	0.306
8997	0.000	-0.001	-0.001	0.078	2.398	0.306
9017	0.000	0.010	0.190	0.015	2.401	0.000
9037	0.000	0.013	0.005	0.086	2.398	0.000
9057	0.000	0.032	0.020	0.042	2.398	-0.306
9077	0.000	-0.015	-0.010	0.218	2.396	-0.306
9097	0.000	0.029	0.020	0.248	2.396	0.000
9117	0.000	-0.002	-0.009	0.021	2.401	0.611
9137	0.000	0.017	0.003	0.008	2.399	0.306
9157	0.000	-0.195	-0.133	0.042	2.395	-0.919
9177	0.000	0.002	0.016	0.023	2.398	0.000
9197	0.000	0.017	0.026	0.011	2.398	0.000
9217	0.000	-0.010	0.011	0.006	2.399	0.306
9237	0.000	-0.009	0.053	0.025	2.398	0.000
9257	0.000	-0.007	0.003	0.026	2.398	-0.306
9277	0.000	0.012	0.006	0.071	2.401	0.306
9297	0.000	0.052	0.032	0.047	2.398	0.000
9317	0.000	-0.003	0.013	0.010	2.398	-0.306
9337	0.000	-0.008	0.010	0.018	2.399	-0.611
9357	0.000	0.010	0.007	0.060	2.401	0.306
9377	0.000	0.007	0.026	0.009	2.399	-0.306
9397	0.000	-0.005	-0.013	0.008	2.398	0.306
9417	0.000	0.022	-0.005	0.167	2.398	0.612
9437	0.000	0.014	0.024	0.003	2.401	0.612
9457	0.000	-0.081	-0.032	0.010	2.399	0.000
9477	0.000	0.009	0.003	0.020	2.398	-0.306
9497	0.000	0.016	0.009	0.009	2.399	0.306
9517	0.000	0.016	0.007	0.067	2.401	0.306
9537	0.000	0.026	0.029	0.017	2.399	0.306
9557	0.000	0.016	0.023	0.019	2.384	-0.306
9577	0.000	-0.006	0.007	0.158	2.395	-0.306
9597	0.000	0.031	0.036	0.017	2.401	0.919
9617	0.000	0.011	0.029	0.011	2.396	0.000
9637	0.000	-0.005	-0.017	0.025	2.396	0.000
9657	0.000	0.007	0.020	0.014	2.399	0.000
9677	0.000	0.013	0.003	0.041	2.399	0.000
9697	0.000	-0.009	0.013	0.015	2.396	-18.775
9717	0.000	-0.007	0.007	0.021	2.393	-0.306
9737	0.000	-0.000	0.019	0.012	2.398	-0.306
9757	0.000	-0.045	0.005	0.026	2.398	0.306
9777	0.000	-0.006	0.017	0.020	2.402	0.917
9797	0.000	0.014	0.024	0.008	2.395	0.000
9817	0.000	0.002	0.010	0.021	2.393	0.306
9837	0.000	0.007	0.006	0.015	2.395	-0.306
9857	0.000	0.021	0.027	0.011	2.385	0.306
9877	0.000	-0.007	0.007	0.018	2.393	0.612
9897	0.000	0.017	0.003	0.013	2.388	-0.612
9917	0.000	0.021	-0.020	0.015	2.396	0.306
9937	0.000	0.009	-0.006	0.038	2.395	0.306
9957	0.000	0.116	0.060	0.077	2.390	0.000
9977	0.000	0.017	0.003	0.008	2.401	0.000
9997	0.000	0.010	0.016	0.016	2.398	0.000
10017	0.000	-0.005	0.023	0.021	2.398	0.000
10037	0.000	0.143	0.093	0.030	2.396	-0.611
10057	0.000	0.002	0.009	0.009	2.398	0.306
10077	0.000	-0.016	0.006	0.010	2.402	1.224
10097	0.000	0.093	0.043	0.052	2.396	-0.612
10117	0.000	-0.008	0.004	0.014	2.396	0.000
10137	0.000	-0.009	-0.008	0.010	2.398	-0.612
10157	0.000	-0.009	0.023	0.144	2.398	0.306
10177	0.000	-0.009	0.023	0.007	2.402	0.612
10197	0.000	0.009	0.007	0.020	2.396	0.306
10217	0.000	0.084	0.047	0.027	2.398	-0.613
10237	0.000	-0.007	0.010	0.021	2.395	-0.611
10257	0.000	0.002	0.018	0.012	2.395	-0.306
10277	0.000	0.018	0.009	0.008	2.398	0.000
10297	0.000	-0.004	-0.003	0.026	2.398	0.331
10317	0.000	-0.229	-0.140	0.025	2.396	0.306
10337	0.000	0.007	0.002	0.007	2.395	0.000
10357	0.000	0.004	0.010	0.021	2.395	-0.306
10377	0.000	-0.006	0.013	0.162	2.398	-0.306
10397	0.000	-0.007	-0.007	0.017	2.398	-0.306
10417	0.000	0.144	0.086	0.016	2.396	-0.306
10437	0.000	0.018	0.005	0.006	2.402	-0.306
10457	0.000	-0.008	0.010	0.024	2.404	0.612
10477	0.000	0.007	0.024	0.010	2.399	0.306
10497	0.000	0.001	0.018	0.009	2.399	0.306
10517	0.000	-0.004	-0.010	0.027	2.398	0.306
10537	0.000	0.012	0.027	0.006	2.398	0.000
10557	0.000	0.011	0.025	0.008	2.401	0.612
10577	0.000	-0.004	-0.007	0.014	2.396	0.000
10597	0.000	0.035	-0.004	0.104	2.399	0.000
10617	0.000	0.014	0.017	0.014	2.399	0.612
10637	0.000	-0.020	0.013	0.008	2.401	0.306
10657	0.000	-0.008	-0.017	0.020	2.393	0.000
10677	0.000	-0.001	-0.005	0.032	2.393	-0.306
10697	0.000	-0.003	0.006	0.028	2.398	-0.306
10717	0.000	-0.008	-0.008	0.028	2.405	0.918
10737	0.000	-0.007	-0.009	0.026	2.398	0.000
10757	0.000	0.018	0.004	0.038	2.408	-0.918
10777	0.000	0.001	-0.002	0.016	2.405	0.000
10797	0.000	0.008	0.006	0.019	2.402	-0.306
10817	0.000	0.012	-0.000	0.008	2.396	0.306
10837	0.000	-0.029	0.006	0.098	2.396	-0.306
10857	0.000	-0.002	-0.006	0.024	2.402	0.917
10877	0.000	0.007	0.020	0.176	2.399	0.000
10897	0.000	0.021	0.012	0.011	2.404	1.226
10917	0.000	0.017	-0.018	0.012	2.401	-1.225
10937	0.000	-0.022	-0.025	0.014	2.399	-0.307
10957	0.000	-0.009	-0.008	0.021	2.396	-0.918
10977	0.000	0.129	0.092	0.018	2.401	0.306
10997	0.000	-0.018	-0.012	0.018	2.396	0.000
11017	0.000	0.015	-0.010	0.011	2.402	0.000
11037	0.000	-0.004	-0.007	0.027	2.399	0.000
11057	0.000	-0.006	-0.000	0.017	2.399	0.306
11077	0.000	0.017	0.023	0.017	2.402	0.000
11097	0.000	0.016	0.009	0.010	2.402	0.306
11117	0.000	-0.018	-0.010	0.025	2.398	-0.611
11137	0.000	-0.007	0.000	0.055	2.401	0.612
11157	0.000	-0.008	0.010	0.011	2.398	0.306
11177	0.000	-0.007	0.013	0.161	2.399	0.613
11197	0.000	0.006	0.021	0.012	2.396	-0.306
11217	0.000	-0.034	0.009	0.016	2.398	-0.306
11237	0.000	0.022	0.011	0.001	2.407	1.226
11257	0.000	0.020	-0.009	0.006	2.395	-1.837
11277	0.000	-0.006	0.003	0.036	2.401	0.306
11297	0.000	0.018	0.023	0.014	2.388	0.306
11317	0.000	-0.036	-0.002	0.008	2.395	0.306
11337	0.000	0.012	0.009	0.056	2.393	0.306
11357	-1.000	0.015	0.023	0.011	2.393	0.305
11377	-1.000	-0.650	0.705	0.944	1.825	-35.071
11397	-1.000	-0.851	0.560	1.001	1.239	-28.595
11417	-1.000	-0.882	0.530	0.997	0.753	-24.831
11437	-1.000	-0.752	0.507	0.895	0.187	-31.861
11457	-1.000	-0.281	0.579	0.558	5.633	-47.335
11477	-1.000	-0.319	0.739	0.721	4.689	-47.033
11497	-1.000	-0.663	0.751	0.940	3.890	-37.386
11517	-1.000	-0.694	0.723	1.039	3.194	-35.813
11537	-1.000	-0.644	0.587	0.894	2.439	-39.729
11557	-1.000	-0.717	0.529	0.889	1.715	-33.970
11577	-1.000	-0.841	0.593	1.025	1.149	-26.481
11597	-1.000	-0.859	0.757	0.969	0.673	-25.391
11617	-1.000	-0.714	0.497	0.919	0.072	-34.661
11637	-1.000	-0.310	0.268	0.441	5.476	-48.518
11657	-1.000	-0.490	0.456	0.698	4.534	-45.614
11677	-1.000	-0.655	0.833	0.966	3.744	-37.393
11697	-1.000	-0.545	0.477	0.778	3.051	-37.031
11717	-1.000	-0.457	0.497	0.697	2.287	-39.765
11737	-1.000	-0.843	0.690	1.108	1.585	-31.890
11757	-1.000	-0.798	0.535	0.927	1.057	-25.091
11777	-1.000	-0.835	0.579	0.978	0.568	-26.299
11797	-1.000	-0.448	0.492	0.736	6.197	-36.574
11817	-1.000	-0.227	0.031	0.233	5.297	-48.398
11837	-1.000	-0.427	0.459	0.654	4.358	-44.450
11857	-1.000	-0.634	0.554	0.879	3.629	-34.992
11877	-1.000	-0.619	0.640	0.906	2.916	-37.628
11897	-1.000	-0.598	0.809	0.993	2.141	-38.157
11917	-1.000	-0.896	0.675	1.143	1.491	-31.248
11937	-1.000	-0.914	0.495	1.048	0.983	-23.590
11957	-1.000	-0.803	0.564	1.005	0.482	-27.047
11977	-1.000	-0.476	0.435	0.639	6.081	-39.218
11997	-1.000	-0.085	0.398	0.341	5.137	-49.758
12017	-1.000	-0.548	0.787	0.923	4.235	-41.443
12037	-1.000	-0.626	0.577	0.891	3.534	-35.108
12057	-1.000	-0.607	0.755	0.931	2.806	-37.608
12077	-1.000	-0.639	0.737	0.952	2.052	-37.973
12097	-1.000	-0.887	0.515	1.031	1.422	-29.372
12117	-1.000	-0.930	0.516	1.026	0.916	-23.199
12137	-1.000	-0.811	0.519	0.966	0.399	-28.064
12157	-1.000	-0.549	0.538	0.802	5.952	-42.831
12177	-1.000	-0.326	0.432	0.562	4.992	-48.982
12197	-1.000	-0.578	0.912	1.021	4.131	-40.042
12217	-1.000	-0.635	0.589	0.843	3.435	-35.402
12237	-1.000	-0.439	0.712	0.864	2.691	-38.839
12257	-1.000	-0.706	0.818	1.080	1.951	-35.842
12277	-1.000	-0.835	0.530	0.947	1.335	-29.372
12297	-1.000	-1.012	0.426	0.999	0.842	-23.178
12317	-1.000	-0.705	0.608	0.929	0.310	-29.660
12337	-1.000	-0.269	0.561	0.483	5.811	-45.108
12357	-1.000	-0.087	0.445	0.463	4.858	-47.986
12377	-1.000	-0.513	0.834	0.891	4.028	-39.325
12397	-1.000	-0.643	0.528	0.907	3.332	-35.429
12417	-1.000	-0.439	0.469	0.688	2.576	-39.178
12437	-1.000	-0.633	0.749	1.017	1.844	-35.858
12457	-1.000	-0.846	0.616	0.995	1.249	-27.671
12477	-1.000	-0.867	0.551	1.012	0.767	-24.475
12497	-1.000	-0.678	0.542	0.888	0.210	-32.138
12517	-1.000	-0.397	0.264	0.466	5.673	-47.062
12537	-1.000	-0.422	0.434	0.643	4.717	-46.656
12557	-1.000	-0.611	0.625	0.846	3.904	-36.627
12577	-1.000	-0.736	0.509	0.910	3.212	-34.923
12597	-1.000	-0.674	0.435	0.819	2.453	-38.847
12617	-1.000	-0.651	0.628	0.924	1.730	-33.471
12637	-1.000	-0.892	0.580	0.974	1.167	-26.675
12657	-1.000	-0.868	0.584	0.999	0.687	-25.122
12677	-1.000	-0.671	0.628	0.874	0.100	-33.200
12697	-1.000	-0.116	0.346	0.353	5.516	-48.652
12717	-1.000	-0.188	0.441	0.466	4.571	-45.489
12737	-1.000	-0.696	0.502	0.884	3.790	-36.162
12757	-1.000	-0.666	0.801	1.019	3.089	-36.456
12777	-1.000	-0.573	0.797	0.928	2.333	-38.632
12797	-1.000	-0.735	0.781	0.954	1.644	-32.129
12817	-1.000	-0.788	0.521	0.925	1.092	-25.287
12837	-1.000	-0.736	0.608	0.893	0.611	-25.203
12857	-1.000	-0.600	0.424	0.732	6.280	-35.285
12877	-1.000	-0.329	0.390	0.518	5.367	-49.854
12897	-1.000	-0.444	0.462	0.666	4.447	-45.071
12917	-1.000	-0.722	0.659	0.937	3.700	-34.798
12937	-1.000	-0.551	0.731	0.893	2.977	-37.017
12957	-1.000	-0.723	0.504	0.895	2.256	-31.499
12977	-1.000	-0.805	0.828	1.136	1.572	-32.406
12997	-1.000	-0.797	0.520	0.916	1.045	-25.147
13017	-1.000	-0.863	0.571	1.023	0.557	-25.437
13037	-1.000	-0.481	0.489	0.701	6.191	-37.222
13057	-1.000	-0.318	0.261	0.433	5.280	-49.402
13077	-1.000	-0.506	0.490	0.723	4.355	-43.215
13097	-1.000	-0.657	0.527	0.876	3.620	-34.813
13117	-1.000	-0.595	0.793	0.962	2.902	-37.926
13137	-1.000	-0.583	0.798	0.937	2.146	-39.145
13157	-1.000	-0.896	0.791	1.169	1.479	-30.504
13177	-1.000	-0.875	0.529	1.035	0.969	-24.480
13197	-1.000	-0.843	0.567	0.995	0.465	-27.177
13217	-1.000	-0.569	0.535	0.825	6.055	-40.558
13237	-1.000	-0.092	0.182	0.191	5.117	-48.758
13257	-1.000	-0.407	0.695	0.815	4.212	-40.930
13277	-1.000	-0.692	0.698	1.023	3.513	-34.011
13297	-1.000	-0.398	0.638	0.876	2.784	-38.835
13317	-1.000	-0.581	0.675	0.868	2.020	-36.942
13337	-1.000	-0.956	0.706	1.207	1.394	-29.805
13357	-1.000	-0.941	0.405	1.018	0.905	-23.100
13377	-1.000	-0.770	0.568	0.929	0.382	-29.369
13397	-1.000	-0.292	0.559	0.684	5.918	-42.182
13417	-1.000	-0.085	0.497	0.383	4.952	-48.847
13437	-1.000	-0.508	0.582	0.849	4.100	-39.522
13457	-1.000	-0.732	0.482	0.899	3.410	-34.525
13477	-1.000	-0.513	0.448	0.699	2.652	-38.805
13497	-1.000	-0.666	0.527	0.847	1.899	-36.659
13517	-1.000	-0.928	0.764	1.195	1.279	-27.987
13537	-1.000	-0.895	0.508	1.104	0.807	-24.068
13557	-1.000	-0.805	0.622	1.014	0.262	-30.421
13577	-1.000	-0.329	0.686	0.698	5.734	-45.529
13597	-1.000	-0.339	0.772	0.719	4.788	-47.501
13617	-1.000	-0.660	0.534	0.877	3.978	-38.755
13637	-1.000	-0.639	0.734	0.913	3.269	-35.078
13657	-1.000	-0.591	0.697	0.916	2.523	-39.909
13677	-1.000	-0.719	0.628	0.931	1.787	-35.294
13697	-1.000	-0.909	0.684	1.148	1.204	-27.581
13717	-1.000	-0.838	0.508	0.986	0.733	-25.147
13737	-1.000	-0.816	0.623	1.016	0.156	-32.559
13757	-1.000	-0.180	0.167	0.230	5.599	-46.467
13777	-1.000	-0.271	0.581	0.759	4.640	-46.066
13797	-1.000	-0.703	0.836	1.113	3.853	-36.071
13817	-1.000	-0.520	0.577	0.838	3.154	-36.523
13837	-1.000	-0.412	0.635	0.840	2.398	-38.771
13857	-1.000	-0.812	0.633	1.008	1.686	-33.659
13877	-1.000	-0.787	0.563	0.930	1.129	-26.306
13897	-1.000	-0.804	0.566	0.950	0.655	-25.411
13917	-1.000	-0.684	0.805	1.056	0.046	-34.555
13937	-1.000	-0.268	0.520	0.634	5.446	-48.795
13957	-1.000	-0.365	0.688	0.862	4.513	-46.130
13977	-1.000	-0.707	0.759	1.020	3.764	-35.805
13997	-1.000	-0.514	0.584	0.812	3.060	-36.773
14017	-1.000	-0.505	0.524	0.751	2.303	-38.790
14037	-1.000	-0.725	0.588	0.921	1.615	-31.978
14057	-1.000	-0.760	0.538	0.930	1.068	-25.786
14077	-1.000	-0.813	0.544	0.966	0.586	-26.119
14097	-1.000	-0.526	0.719	0.878	6.220	-37.103
14117	-1.000	-0.144	0.067	0.166	5.308	-48.623
14137	-1.000	-0.255	0.556	0.618	4.381	-44.116
14157	-1.000	-0.650	0.751	0.922	3.649	-35.206
14177	-1.000	-0.597	0.518	0.897	2.935	-37.108
14197	-1.000	-0.623	0.572	0.880	2.163	-38.278
14217	-1.000	-0.881	0.576	1.052	1.500	-31.570
14237	-1.000	-0.890	0.538	0.987	0.977	-24.204
14257	-1.000	-0.795	0.577	0.971	0.480	-27.360
14277	-1.000	-0.464	0.423	0.641	6.079	-39.521
14297	-1.000	-0.057	0.212	0.176	5.125	-49.900
14317	-1.000	-0.499	0.859	0.975	4.228	-42.330
14337	-1.000	-0.695	0.597	0.962	3.511	-34.949
14357	-1.000	-0.479	0.698	0.784	2.780	-37.911
14377	-1.000	-0.470	0.895	0.922	2.031	-37.422
14397	-1.000	-0.966	0.713	1.221	1.394	-29.020
14417	-1.000	-0.858	0.534	1.044	0.902	-24.150
14437	-1.000	-0.772	0.598	0.933	0.377	-28.739
14457	-1.000	-0.361	0.655	0.571	5.920	-42.667
14477	-1.000	-0.293	0.708	0.692	4.973	-50.149
14497	-1.000	-0.512	0.799	0.953	4.128	-39.472
14517	-1.000	-0.683	0.464	0.840	3.425	-34.749
14537	-1.000	-0.419	0.666	0.700	2.684	-39.284
14557	-1.000	-0.600	0.707	0.968	1.931	-35.471
14577	-1.000	-0.950	0.458	1.047	1.324	-28.467
14597	-1.000	-1.034	0.446	1.020	0.839	-23.119
14617	-1.000	-0.701	0.565	0.925	0.304	-30.513
14637	-1.000	-0.231	0.489	0.519	5.805	-43.668
14657	-1.000	-0.002	0.497	0.379	4.847	-48.583
14677	-1.000	-0.509	0.730	0.837	4.017	-39.219
14697	-1.000	-0.711	0.609	0.933	3.323	-34.192
14717	-1.000	-0.473	0.531	0.696	2.565	-39.178
14737	-1.000	-0.626	0.774	0.922	1.829	-35.608
14757	-1.000	-0.872	0.557	1.018	1.236	-27.645
14777	-1.000	-0.831	0.508	0.929	0.753	-24.578
14797	-1.000	-0.738	0.473	0.894	0.190	-31.804
14817	-1.000	-0.322	0.591	0.664	5.639	-47.494
14837	-1.000	-0.309	0.714	0.834	4.692	-47.459
14857	-1.000	-0.659	0.742	0.931	3.890	-37.357
14877	-1.000	-0.692	0.717	0.964	3.195	-36.068
14897	-1.000	-0.646	0.586	0.899	2.439	-39.778
14917	-1.000	-0.678	0.537	0.887	1.727	-33.898
14937	-1.000	-0.828	0.562	0.978	1.158	-26.840
14957	-1.000	-0.865	0.624	1.016	0.676	-25.391
14977	-1.000	-0.685	0.639	0.939	0.081	-33.829
14997	-1.000	-0.261	0.149	0.318	5.484	-47.258
15017	-1.000	-0.415	0.392	0.597	4.541	-45.624
15037	-1.000	-0.699	0.758	1.005	3.766	-35.769
15057	-1.000	-0.523	0.541	0.767	3.057	-37.092
15077	-1.000	-0.412	0.609	0.762	2.292	-39.699
15097	-1.000	-0.824	0.611	1.003	1.594	-32.142
15117	-1.000	-0.751	0.574	0.915	1.058	-25.373
15137	-1.000	-0.841	0.554	0.958	0.571	-25.628
15157	-1.000	-0.459	0.635	0.839	6.205	-37.162
15177	-1.000	-0.122	0.133	0.165	5.305	-49.798
15197	-1.000	-0.385	0.523	0.783	4.459	-36.649
15217	-1.000	-0.661	0.501	0.854	3.712	-35.523
15237	-1.000	-0.713	0.644	0.931	3.007	-36.569
15257	-1.000	-0.517	0.809	0.931	2.229	-39.513
15277	-1.000	-0.749	0.761	1.130	1.560	-32.328
15297	-1.000	-0.782	0.524	0.923	1.028	-24.822
15317	-1.000	-0.813	0.552	0.975	0.546	-26.000
15337	-1.000	-0.610	0.497	0.905	6.174	-37.636
15357	-1.000	-0.199	0.528	0.545	5.245	-48.950
15377	-1.000	-0.529	0.611	0.843	4.341	-43.506
15397	-1.000	-0.696	0.559	0.888	3.617	-34.242
15417	-1.000	-0.458	0.826	0.924	2.887	-38.151
15437	-1.000	-0.550	0.786	0.907	2.132	-38.253
15457	-1.000	-0.906	0.783	1.193	1.482	-30.617
15477	-1.000	-0.843	0.553	0.999	0.960	-24.218
15497	-1.000	-0.864	0.549	1.003	0.460	-27.145
15517	-1.000	-0.477	0.691	0.895	6.032	-39.775
15537	-1.000	-0.260	0.173	0.340	5.099	-48.960
15557	-1.000	-0.346	0.701	0.878	4.217	-40.940
15577	-1.000	-0.738	0.551	0.934	3.504	-34.127
15597	-1.000	-0.413	0.541	0.699	2.772	-38.772
15617	-1.000	-0.498	0.638	0.875	2.017	-37.298
15637	-1.000	-0.941	0.747	1.242	1.391	-29.737
15657	-1.000	-0.918	0.546	1.001	0.890	-23.703
15677	-1.000	-0.823	0.571	0.975	0.362	-29.048
15697	-1.000	-0.273	0.366	0.429	5.895	-43.071
15717	-1.000	-0.062	0.302	0.265	4.935	-49.132
15737	-1.000	-0.565	0.668	0.946	4.080	-39.558
15757	-1.000	-0.708	0.843	0.996	3.372	-34.173
15777	-1.000	-0.600	0.524	0.824	2.634	-39.836
15797	-1.000	-0.704	0.541	0.904	1.888	-36.253
15817	-1.000	-0.876	0.695	1.206	1.285	-28.325
15837	-1.000	-0.896	0.569	1.008	0.798	-24.073
15857	-1.000	-0.846	0.659	1.029	0.250	-30.723
15877	-1.000	-0.345	0.664	0.741	5.737	-44.150
15897	-1.000	-0.142	0.580	0.557	4.769	-47.542
15917	-1.000	-0.671	0.673	0.930	3.964	-38.318
15937	-1.000	-0.566	0.687	0.914	3.261	-35.233
15957	-1.000	-0.575	0.815	0.915	2.516	-38.962
15977	-1.000	-0.740	0.622	0.992	1.792	-34.130
15997	-1.000	-0.961	0.637	1.205	1.206	-26.746
16017	-1.000	-0.763	0.456	0.678	0.721	-25.582
16037	-1.000	-0.703	0.725	1.032	0.143	-33.045
16057	-1.000	-0.267	0.260	0.479	5.585	-47.599
16077	-1.000	-0.421	0.460	0.662	4.628	-45.987
16097	-1.000	-0.661	0.859	1.011	3.844	-36.266
16117	-1.000	-0.554	0.600	0.824	3.158	-36.410
16137	-1.000	-0.464	0.678	0.732	2.388	-39.144
16157	-1.000	-0.798	0.608	0.979	1.687	-33.822
16177	-1.000	-0.778	0.548	0.946	1.120	-25.865
16197	-1.000	-0.775	0.617	0.945	0.643	-26.225
16217	-1.000	-0.559	0.755	0.857	0.034	-35.897
16237	-1.000	-0.277	0.569	0.576	5.447	-47.310
16257	-1.000	-0.244	0.785	0.821	4.498	-45.290
16277	-1.000	-0.634	0.864	0.969	3.748	-35.857
16297	-1.000	-0.543	0.597	0.851	3.059	-36.815
16317	-1.000	-0.625	-0.308	0.682	2.384	-18.307
16337	-1.000	-0.748	0.837	1.008	1.647	-33.443
16357	-1.000	-0.828	0.545	0.928	1.101	-26.360
16377	-1.000	-0.759	0.554	0.913	0.620	-26.114
16397	-1.000	-0.596	0.448	0.753	6.276	-36.997
16417	-1.000	-0.352	0.664	0.705	5.354	-48.609
16437	-1.000	-0.464	0.643	0.824	4.432	-44.523
16457	-1.000	-0.758	0.528	0.942	3.698	-35.030
16477	-1.000	-0.575	0.736	0.878	2.976	-37.046
16497	-1.000	-0.463	0.735	0.923	2.221	-38.803
16517	-1.000	-0.725	0.714	0.948	1.551	-32.564
16537	-1.000	-0.728	0.486	0.869	1.020	-25.420
16557	-1.000	-0.651	0.432	0.689	0.538	-26.299
16577	-1.000	-0.629	0.448	0.809	6.160	-37.805
16597	-1.000	-0.126	0.506	0.406	5.234	-50.404
16617	-1.000	-0.463	0.693	0.902	4.326	-43.356
16637	-1.000	-0.785	0.486	0.924	3.599	-34.330
16657	-1.000	-0.405	0.702	0.794	2.879	-37.731
16677	-1.000	-0.473	0.736	0.908	2.121	-38.533
16697	-1.000	-0.790	0.663	1.082	1.465	-30.332
16717	-1.000	-0.843	0.527	0.969	0.959	-24.162
16737	-1.000	-0.859	0.601	1.010	0.448	-27.305
16757	-1.000	-0.445	0.710	0.868	6.030	-39.905
16777	-1.000	-0.266	0.157	0.336	5.100	-48.909
16797	-1.000	-0.405	0.582	0.720	4.197	-40.922
16817	-1.000	-0.742	0.651	0.956	3.491	-34.270
16837	-1.000	-0.455	0.604	0.689	2.764	-38.803
16857	-1.000	-0.539	0.582	0.822	2.010	-37.630
16877	-1.000	-0.859	0.755	1.012	1.367	-29.578
16897	-1.000	-0.863	0.535	1.026	0.879	-23.367
16917	-1.000	-0.855	0.688	1.064	0.348	-29.879
16937	-1.000	-0.497	0.297	0.614	5.867	-43.677
16957	-1.000	-0.269	0.250	0.401	4.907	-49.483
16977	-1.000	-0.623	0.664	0.916	4.064	-39.188
16997	-1.000	-0.618	0.709	0.883	3.344	-36.307
17017	-1.000	-0.382	0.684	0.740	2.591	-38.753
17037	-1.000	-0.723	0.824	1.048	1.856	-35.585
17057	-1.000	-0.850	0.634	1.023	1.256	-27.597
17077	-1.000	-0.873	0.576	0.913	0.784	-24.349
17097	-1.000	-0.742	0.390	0.866	0.186	-32.723
17117	-1.000	-0.211	0.525	0.464	5.627	-46.084
17137	-1.000	-0.156	0.610	0.617	4.674	-47.239
17157	-1.000	-0.653	0.766	0.932	3.887	-36.891
17177	-1.000	-0.612	0.721	0.884	3.181	-35.277
17197	-1.000	-0.636	0.729	0.932	2.428	-38.803
17217	-1.000	-0.697	0.515	0.879	1.712	-34.266
17237	-1.000	-0.828	0.582	0.968	1.147	-25.887
17257	-1.000	-0.811	0.558	0.949	0.666	-25.142
17277	-1.000	-0.687	0.612	0.922	0.066	-34.975
17297	-1.000	-0.209	0.172	0.279	5.487	-47.180
17317	-1.000	-0.466	0.582	0.784	4.525	-45.760
17337	-1.000	-0.720	0.704	0.984	3.774	-35.740
17357	-1.000	-0.545	0.698	0.874	3.074	-36.456
17377	-1.000	-0.374	0.828	0.854	2.313	-39.664
17397	-1.000	-0.693	0.608	0.904	1.626	-32.752
17417	-1.000	-0.777	0.525	0.950	1.068	-25.229
17437	-1.000	-0.803	0.587	0.937	0.586	-26.151
17457	-1.000	-0.579	0.808	0.903	6.220	-36.813
17477	-1.000	-0.076	0.271	0.239	5.321	-49.862
17497	-1.000	-0.273	0.650	0.758	4.399	-44.102
17517	-1.000	-0.645	0.740	0.967	3.655	-35.194
17537	-1.000	-0.516	0.635	0.773	2.958	-37.680
17557	-1.000	-0.475	0.555	0.760	2.195	-38.970
17577	-1.000	-0.804	0.489	0.923	1.517	-31.538
17597	-1.000	-0.820	0.552	0.932	0.991	-24.793
17617	-1.000	-0.827	0.577	0.974	0.497	-26.901
17637	-1.000	-0.418	0.464	0.569	6.093	-39.149
17657	-1.000	-0.232	0.579	0.491	5.159	-50.042
17677	-1.000	-0.546	0.715	0.892	4.257	-42.271
17697	-1.000	-0.680	0.737	0.927	3.542	-34.425
17717	-1.000	-0.628	0.502	0.848	2.826	-39.080
17737	-1.000	-0.656	0.765	0.929	2.049	-37.911
17757	-1.000	-0.850	0.506	0.962	1.417	-30.407
17777	-1.000	-0.748	0.493	0.695	0.913	-23.180
17797	-1.000	-0.790	0.515	0.928	0.391	-28.493
17817	-1.000	-0.492	0.741	0.902	5.937	-42.900
17837	-1.000	-0.310	0.638	0.701	4.978	-48.726
17857	-1.000	-0.489	0.785	0.930	4.126	-40.711
17877	-1.000	-0.695	0.444	0.833	3.425	-34.468
17897	-1.000	-0.384	0.625	0.755	2.684	-39.691
17917	-1.000	-0.617	0.808	1.044	1.942	-36.933
17937	-1.000	-0.914	0.455	1.016	1.322	-29.059
17957	-1.000	-0.976	0.538	1.029	0.833	-23.569
17977	-1.000	-0.746	0.520	0.910	0.284	-29.645
17997	-1.000	-0.285	0.383	0.641	5.782	-45.303
18017	-1.000	-0.289	0.236	0.389	4.821	-47.937
18037	-1.000	-0.631	0.526	0.858	3.981	-37.905
18057	-1.000	-0.700	0.735	0.985	3.287	-34.682
18077	-1.000	-0.597	0.672	0.913	2.530	-39.545
18097	-1.000	-0.680	0.623	0.955	1.798	-35.923
18117	-1.000	-0.985	0.667	1.180	1.210	-27.810
18137	-1.000	-0.884	0.504	0.946	0.726	-24.598
18157	-1.000	-0.795	0.707	1.016	0.147	-33.133
18177	-1.000	-0.186	0.476	0.463	5.590	-47.289
18197	-1.000	-0.361	0.419	0.567	4.630	-47.827
18217	-1.000	-0.659	0.784	0.938	3.850	-36.243
18237	-1.000	-0.503	0.552	0.793	3.154	-36.867
18257	-1.000	-0.421	0.604	0.796	2.391	-38.935
18277	-1.000	-0.814	0.701	1.087	1.680	-33.137
18297	-1.000	-0.961	0.676	0.924	1.127	-26.246
18317	-1.000	-0.820	0.553	0.929	0.638	-26.185
18337	-1.000	-0.515	0.724	0.919	0.026	-35.193
18357	-1.000	-0.052	0.369	0.328	5.420	-49.097
18377	-1.000	-0.145	0.630	0.672	4.484	-45.664
18397	-1.000	-0.597	0.731	0.885	3.732	-35.733
18417	-1.000	-0.678	0.462	0.853	3.027	-37.493
18437	-1.000	-0.635	0.525	0.857	2.255	-39.699
18457	-1.000	-0.743	0.760	1.075	1.562	-31.841
18477	-1.000	-0.742	0.471	0.916	1.039	-24.762
18497	-1.000	-0.860	0.524	1.004	0.552	-25.716
18517	-1.000	-0.552	0.545	0.902	6.176	-37.510
18537	-1.000	-0.313	0.688	0.639	5.255	-49.278
18557	-1.000	-0.509	0.700	0.892	4.337	-43.728
18577	-1.000	-0.727	0.476	0.889	3.614	-34.131
18597	-1.000	-0.590	0.849	1.018	2.898	-37.437
18617	-1.000	-0.495	0.798	0.888	2.126	-37.913
18637	-1.000	-0.832	0.738	1.166	1.480	-31.054
18657	-1.000	-0.857	0.515	0.989	0.968	-24.157
18677	-1.000	-0.802	0.625	1.052	0.460	-27.706
18697	-1.000	-0.539	0.663	0.885	6.041	-40.442
18717	-1.000	-0.142	0.161	0.216	5.110	-50.445
18737	-1.000	-0.332	0.605	0.701	4.203	-41.868
18757	-1.000	-0.724	0.587	0.926	3.499	-34.877
18777	-1.000	-0.411	0.547	0.706	2.772	-38.553
18797	-1.000	-0.537	0.737	0.844	2.016	-37.576
18817	-1.000	-0.908	0.725	1.223	1.378	-28.618
18837	-1.000	-0.919	0.559	0.983	0.891	-24.155
18857	-1.000	-0.825	0.563	0.965	0.364	-29.048
18877	-1.000	-0.315	0.288	0.421	5.887	-42.957
18897	-1.000	-0.148	0.155	0.220	4.919	-49.874
18917	-1.000	-0.619	0.603	0.888	4.067	-39.502
18937	-1.000	-0.659	0.778	1.032	3.373	-34.277
18957	-1.000	-0.562	0.704	0.909	2.620	-39.863
18977	-1.000	-0.729	0.565	0.920	1.881	-36.283
18997	-1.000	-0.888	0.698	1.193	1.278	-27.862
19017	-1.000	-0.936	0.549	1.023	0.790	-24.422
19037	-1.000	-0.731	0.660	0.951	0.230	-31.733
19057	-1.000	-0.137	0.493	0.469	5.709	-46.092
19077	-1.000	-0.200	0.225	0.300	4.738	-48.521
19097	-1.000	-0.520	0.680	0.912	3.922	-37.261
19117	-1.000	-0.588	0.508	0.797	3.237	-35.725
19137	-1.000	-0.405	0.381	0.605	2.480	-39.710
19157	-1.000	-0.671	0.659	0.922	1.741	-34.049
19177	-1.000	-0.851	0.596	1.010	1.178	-26.635
19197	-1.000	-0.892	0.586	1.020	0.693	-25.422
19217	-1.000	-0.660	0.577	0.852	0.107	-33.167
19237	-1.000	-0.191	0.486	0.539	5.530	-48.465
19257	-1.000	-0.164	0.671	0.726	4.590	-46.418
19277	-1.000	-0.626	0.586	0.864	3.806	-35.810
19297	-1.000	-0.710	0.587	0.924	3.109	-36.012
19317	-1.000	-0.582	0.664	0.903	2.344	-39.469
19337	-1.000	-0.695	0.676	0.957	1.635	-32.383
19357	-1.000	-0.848	0.516	1.053	1.091	-25.215
19377	-1.000	-0.869	0.533	0.935	0.609	-25.198
19397	-1.000	-0.676	0.424	0.833	6.260	-36.454
19417	-1.000	-0.374	0.524	0.675	5.363	-47.917
19437	-1.000	-0.484	0.538	0.758	4.439	-44.262
19457	-1.000	-0.734	0.615	0.935	3.686	-35.284
19477	-1.000	-0.572	0.751	0.919	2.982	-36.910
19497	-1.000	-0.434	0.671	0.768	2.206	-38.923
19517	-1.000	-0.726	0.640	0.925	1.537	-32.464
19537	-1.000	-0.718	0.496	0.856	1.009	-25.813
19557	-1.000	-0.849	0.517	1.013	0.511	-26.165
19577	-1.000	-0.473	0.749	0.842	6.118	-39.620
19597	-1.000	-0.147	0.292	0.429	5.197	-49.942
19617	-1.000	-0.326	0.663	0.678	4.297	-41.876
19637	-1.000	-0.779	0.805	1.068	3.568	-34.462
19657	-1.000	-0.506	0.479	0.670	2.864	-38.469
19677	-1.000	-0.569	0.537	0.807	2.083	-37.714
19697	-1.000	-0.792	0.519	0.926	1.433	-29.963
19717	-1.000	-0.869	0.504	0.935	0.919	-24.105
19737	-1.000	-0.766	0.569	0.933	0.403	-29.118
19757	-1.000	-0.531	0.528	0.785	5.953	-42.893
19777	-1.000	-0.318	0.417	0.525	4.993	-48.540
19797	-1.000	-0.600	0.847	0.944	4.136	-40.189
19817	-1.000	-0.595	0.613	0.906	3.445	-34.138
19837	-1.000	-0.487	0.773	0.920	2.698	-38.816
19857	-1.000	-0.654	0.730	0.978	1.956	-36.546
19877	-1.000	-0.814	0.542	0.941	1.344	-28.985
19897	-1.000	-0.893	0.538	1.009	0.844	-24.067
19917	-1.000	-0.682	0.539	0.910	0.305	-30.593
19937	-1.000	-0.262	0.381	0.403	5.797	-44.073
19957	-1.000	-0.085	0.297	0.283	4.843	-48.065
19977	-1.000	-0.486	0.711	0.886	4.011	-38.911
19997	-1.000	-0.671	0.692	0.951	3.320	-35.586
20017	-1.000	-0.577	0.638	0.872	2.549	-39.790
20037	-1.000	-0.651	0.645	0.894	1.812	-35.754
20057	-1.000	-0.926	0.566	1.092	1.224	-28.173
20077	-1.000	-0.903	0.518	1.026	0.742	-24.529
20097	-1.000	-0.800	0.449	0.922	0.170	-32.067
20117	-1.000	-0.138	0.375	0.274	5.610	-47.624
20137	-1.000	-0.182	0.439	0.439	4.651	-46.292
20157	-1.000	-0.627	0.820	1.047	3.847	-36.383
20177	-1.000	-0.508	0.651	0.823	3.160	-36.403
20197	-1.000	-0.445	0.661	0.859	2.407	-38.722
20217	-1.000	-0.777	0.564	0.933	1.692	-33.481
20237	-1.000	-0.892	0.590	1.066	1.134	-26.124
20257	-1.000	-0.832	0.573	0.982	0.647	-25.602
20277	-1.000	-0.568	0.713	0.897	0.034	-35.129
20297	-1.000	-0.309	0.643	0.621	5.447	-48.603
20317	-1.000	-0.474	0.684	0.870	4.519	-45.015
20337	-1.000	-0.674	0.803	1.025	3.754	-35.483
20357	-1.000	-0.564	0.650	0.814	3.065	-35.939
20377	-1.000	-0.365	0.796	0.847	2.304	-39.625
20397	-1.000	-0.713	0.724	1.014	1.615	-33.176
20417	-1.000	-0.758	0.557	0.931	1.057	-26.074
20437	-1.000	-0.819	0.568	0.965	0.568	-26.267
20457	-1.000	-0.472	0.637	0.765	6.203	-37.191
20477	-1.000	-0.164	0.088	0.211	5.297	-49.584
20497	-1.000	-0.313	0.593	0.691	4.381	-43.519
20517	-1.000	-0.670	0.675	0.876	3.632	-35.254
20537	-1.000	-0.616	0.588	0.882	2.922	-37.797
20557	-1.000	-0.605	0.663	0.916	2.155	-37.731
20577	-1.000	-0.885	0.636	1.097	1.496	-31.518
20597	-1.000	-0.899	0.534	1.013	0.974	-24.208
20617	-1.000	-0.809	0.590	0.941	0.477	-27.617
20637	-1.000	-0.562	0.395	0.703	6.067	-39.114
20657	-1.000	-0.146	0.160	0.226	5.107	-50.396
20677	-1.000	-0.431	0.762	0.923	4.223	-40.864
20697	-1.000	-0.711	0.580	0.941	3.504	-34.982
20717	-1.000	-0.417	0.595	0.771	2.773	-38.982
20737	-1.000	-0.502	0.703	0.879	2.017	-37.970
20757	-1.000	-0.931	0.761	1.186	1.390	-29.676
20777	-1.000	-0.927	0.546	0.973	0.893	-23.397
20797	-1.000	-0.796	0.542	0.931	0.371	-29.577
20817	-1.000	-0.270	0.352	0.439	5.897	-42.898
20837	-1.000	-0.127	0.290	0.274	4.926	-48.314
20857	-1.000	-0.597	0.738	0.949	4.073	-39.116
20877	-1.000	-0.702	0.801	0.956	3.369	-33.956
20897	-1.000	-0.597	0.480	0.802	2.638	-39.648
20917	-1.000	-0.692	0.515	0.887	1.893	-35.564
20937	-1.000	-0.872	0.739	1.113	1.273	-28.683
20957	-1.000	-0.878	0.531	1.071	0.782	-24.500
20977	-1.000	-0.747	0.591	0.932	0.232	-30.877
20997	-1.000	-0.210	0.390	0.416	5.714	-44.931
21017	-1.000	-0.066	0.400	0.421	4.757	-48.468
21037	-1.000	-0.539	0.765	0.965	3.936	-37.157
21057	-1.000	-0.587	0.651	0.812	3.252	-34.978
21077	-1.000	-0.395	0.652	0.778	2.500	-40.145
21097	-1.000	-0.762	0.757	1.072	1.772	-34.088
21117	-1.000	-0.935	0.623	1.166	1.197	-27.555
21137	-1.000	-0.925	0.567	1.004	0.723	-24.950
21157	-1.000	-0.781	0.758	1.015	0.141	-32.889
21177	-1.000	-0.245	0.377	0.452	5.587	-46.370
21197	-1.000	-0.366	0.700	0.833	4.614	-56.292
21217	-1.000	-0.626	0.806	0.961	3.841	-36.425
21237	-1.000	-0.521	0.609	0.813	3.160	-35.674
21257	-1.000	-0.417	0.667	0.748	2.388	-39.832
21277	-1.000	-0.797	0.610	0.991	1.686	-34.194
21297	-1.000	-0.923	0.603	1.069	1.120	-25.831
21317	-1.000	-0.818	0.558	0.977	0.643	-26.193
21337	-1.000	-0.503	0.778	0.877	0.028	-35.803
21357	-1.000	-0.193	0.508	0.522	5.443	-48.623
21377	-1.000	-0.226	0.686	0.710	4.495	-44.773
21397	-1.000	-0.665	0.831	0.944	3.746	-35.945
21417	-1.000	-0.547	0.539	0.712	3.056	-36.703
21437	-1.000	-0.543	0.436	0.701	2.279	-39.090
21457	-1.000	-0.809	0.664	1.026	1.589	-32.624
21477	-1.000	-0.744	0.552	0.919	1.055	-25.436
21497	-1.000	-0.841	0.552	0.967	0.568	-26.288
21517	-1.000	-0.422	0.526	0.738	6.200	-37.355
21537	-1.000	-0.363	0.324	0.494	5.278	-48.642
21557	-1.000	-0.368	0.489	0.609	4.369	-44.098
21577	-1.000	-0.707	0.766	0.884	3.631	-35.550
21597	-1.000	-0.623	0.607	0.892	2.919	-37.903
21617	-1.000	-0.559	0.816	0.924	2.143	-39.227
21637	-1.000	-0.900	0.705	1.166	1.489	-30.585
21657	-1.000	-0.850	0.561	1.000	0.974	-24.819
21677	-1.000	-0.812	0.585	0.961	0.468	-27.952
21697	-1.000	-0.572	0.519	0.805	6.052	-40.625
21717	-1.000	-0.257	0.148	0.315	5.102	-48.913
21737	-1.000	-0.422	0.827	0.796	4.217	-41.340
21757	-1.000	-0.676	0.578	0.938	3.514	-35.307
21777	-1.000	-0.398	0.624	0.703	2.784	-38.545
21797	-1.000	-0.528	0.716	0.822	2.014	-37.858
21817	-1.000	-0.955	0.746	1.219	1.391	-28.794
21837	-1.000	-0.911	0.489	1.004	0.896	-23.817
21857	-1.000	-0.787	0.552	0.932	0.370	-29.060
21877	-1.000	-0.261	0.352	0.452	5.900	-42.968
21897	-1.000	-0.048	0.336	0.243	4.941	-49.011
21917	-1.000	-0.598	0.646	0.932	4.074	-39.468
21937	-1.000	-0.701	0.806	0.976	3.376	-34.777
21957	-1.000	-0.571	0.454	0.749	2.645	-39.510
21977	-1.000	-0.665	0.509	0.862	1.896	-35.681
21997	-1.000	-0.889	0.758	1.151	1.275	-28.549
22017	-1.000	-0.913	0.542	1.024	0.787	-24.334
22037	-1.000	-0.820	0.752	1.089	0.241	-31.017
22057	-1.000	-0.130	0.437	0.473	5.709	-45.795
22077	-1.000	-0.065	0.322	0.267	4.758	-48.260
22097	-1.000	-0.603	0.849	1.030	3.938	-36.665
22117	-1.000	-0.610	0.639	0.842	3.244	-35.210
22137	-1.000	-0.425	0.620	0.622	2.488	-39.389
22157	-1.000	-0.734	0.819	1.032	1.766	-34.799
22177	-1.000	-0.937	0.636	1.134	1.193	-27.348
22197	-1.000	-0.915	0.543	1.039	0.706	-25.365
22217	-1.000	-0.606	0.767	0.877	0.114	-35.253
22237	-1.000	-0.173	0.487	0.410	5.525	-47.753
22257	-1.000	-0.163	0.627	0.570	4.585	-46.914
22277	-1.000	-0.613	0.591	0.837	3.812	-35.506
22297	-1.000	-0.705	0.614	0.926	3.105	-36.733
22317	-1.000	-0.607	0.639	0.899	2.347	-38.240
22337	-1.000	-0.701	0.667	0.955	1.644	-32.417
22357	-1.000	-0.869	0.533	1.058	1.101	-25.308
22377	-1.000	-0.775	0.553	0.929	0.618	-26.109
22397	-1.000	-0.597	0.384	0.725	6.274	-36.130
22417	-1.000	-0.320	0.615	0.714	5.354	-49.692
22437	-1.000	-0.448	0.666	0.822	4.429	-44.987
22457	-1.000	-0.771	0.502	0.933	3.694	-34.892
22477	-1.000	-0.519	0.659	0.909	2.976	-36.967
22497	-1.000	-0.408	0.687	0.891	2.217	-38.827
22517	-1.000	-0.749	0.672	0.950	1.540	-31.066
22537	-1.000	-0.691	0.458	0.903	1.017	-25.519
22557	-1.000	-0.802	0.545	0.975	0.529	-26.673
22577	-1.000	-0.607	0.652	0.913	6.141	-38.372
22597	-1.000	-0.072	0.284	0.277	5.228	-49.031
22617	-1.000	-0.305	0.805	0.749	4.303	-43.586
22637	-1.000	-0.775	0.609	0.951	3.593	-35.659
22657	-1.000	-0.424	0.706	0.793	2.873	-37.653
22677	-1.000	-0.500	0.538	0.790	2.100	-37.644
22697	-1.000	-0.745	0.614	0.988	1.456	-29.991
22717	-1.000	-0.814	0.482	0.928	0.946	-24.435
22737	-1.000	-0.800	0.593	0.925	0.437	-27.723
22757	-1.000	-0.365	0.590	0.700	6.013	-40.434
22777	-1.000	-0.155	0.550	0.553	5.058	-50.299
22797	-1.000	-0.454	0.481	0.876	4.189	-41.281
22817	-1.000	-0.692	0.854	0.978	3.478	-35.007
22837	-1.000	-0.509	0.528	0.847	2.749	-39.018
22857	-1.000	-0.679	0.599	0.916	1.973	-37.177
22877	-1.000	-0.791	0.577	0.994	1.353	-28.489
22897	-1.000	-0.885	0.534	1.038	0.854	-23.959
22917	-1.000	-0.763	0.529	0.939	0.328	-29.654
22937	-1.000	-0.464	0.645	0.843	5.840	-43.166
22957	-1.000	-0.300	0.549	0.649	4.887	-49.210
22977	-1.000	-0.614	0.874	0.969	4.042	-38.284
22997	-1.000	-0.591	0.665	0.925	3.358	-34.863
23017	-1.000	-0.575	0.685	0.914	2.620	-39.656
23037	-1.000	-0.729	0.695	0.987	1.867	-36.460
23057	-1.000	-0.890	0.724	1.102	1.272	-27.896
23077	-1.000	-0.901	0.523	1.021	0.784	-24.422
23097	-1.000	-0.710	0.621	0.923	0.225	-31.657
23117	-1.000	-0.143	0.339	0.336	5.703	-46.503
23137	-1.000	-0.102	0.267	0.236	4.751	-47.898
23157	-1.000	-0.581	0.769	0.874	3.919	-37.457
23177	-1.000	-0.617	0.505	0.821	3.231	-35.798
23197	-1.000	-0.500	0.462	0.663	2.468	-39.518
23217	-1.000	-0.669	0.741	0.926	1.744	-34.813
23237	-1.000	-0.798	0.612	1.020	1.172	-27.298
23257	-1.000	-0.875	0.596	0.988	0.684	-25.076
23277	-1.000	-0.640	0.645	0.955	0.087	-34.578
23297	-1.000	-0.210	0.094	0.235	5.486	-47.316
23317	-1.000	-0.433	0.338	0.567	4.544	-45.601
23337	-1.000	-0.736	0.672	0.968	3.774	-36.344
23357	-1.000	-0.543	0.654	0.845	3.065	-36.176
23377	-1.000	-0.364	0.697	0.716	2.299	-40.221
23397	-1.000	-0.729	0.717	0.969	1.612	-32.799
23417	-1.000	-0.763	0.577	0.948	1.063	-25.707
23437	-1.000	-0.834	0.542	0.938	0.580	-25.786
23457	-1.000	-0.577	0.805	0.911	6.217	-37.295
23477	-1.000	-0.175	0.071	0.199	5.297	-49.992
23497	-1.000	-0.331	0.646	0.663	4.381	-43.727
23517	-1.000	-0.672	0.777	1.121	3.648	-35.120
23537	-1.000	-0.610	0.542	0.910	2.931	-37.912
23557	-1.000	-0.604	0.593	0.881	2.160	-38.987
23577	-1.000	-0.878	0.623	1.074	1.496	-31.589
23597	-1.000	-0.866	0.466	0.996	0.980	-24.087
23617	-1.000	-0.801	0.539	0.935	0.477	-27.349
23637	-1.000	-0.564	0.398	0.714	6.065	-39.462
23657	-1.000	-0.049	0.274	0.238	5.125	-48.698
23677	-1.000	-0.421	0.806	0.815	4.215	-42.195
23697	-1.000	-0.679	0.612	0.960	3.513	-35.127
23717	-1.000	-0.396	0.603	0.785	2.781	-38.553
23737	-1.000	-0.552	0.615	0.894	2.028	-37.892
23757	-1.000	-0.944	0.741	1.205	1.391	-29.054
23777	-1.000	-0.926	0.535	1.000	0.904	-23.441
23797	-1.000	-0.781	0.543	0.929	0.371	-29.316
23817	-1.000	-0.261	0.419	0.476	5.903	-42.455
23837	-1.000	-0.064	0.430	0.338	4.950	-49.646
23857	-1.000	-0.555	0.587	0.815	4.087	-39.325
23877	-1.000	-0.731	0.732	0.995	3.385	-35.341
23897	-1.000	-0.517	0.438	0.689	2.649	-39.180
23917	-1.000	-0.672	0.496	0.864	1.901	-35.630
23937	-1.000	-0.926	0.794	1.222	1.281	-27.896
23957	-1.000	-0.925	0.528	0.995	0.793	-24.422
23977	-1.000	-0.823	0.610	1.011	0.253	-30.704
23997	-1.000	-0.243	0.610	0.523	5.731	-45.542
24017	-1.000	-0.221	0.691	0.547	4.777	-47.495
24037	-1.000	-0.599	0.782	0.994	3.950	-37.586
24057	-1.000	-0.574	0.705	0.925	3.264	-35.138
24077	-1.000	-0.593	0.748	0.921	2.520	-39.042
24097	-1.000	-0.713	0.673	0.954	1.782	-35.715
24117	-1.000	-0.937	0.699	1.164	1.203	-27.230
24137	-1.000	-0.801	0.498	0.932	0.726	-25.495
24157	-1.000	-0.773	0.687	1.021	0.147	-32.915
24177	-1.000	-0.195	0.258	0.464	5.590	-47.624
24197	-1.000	-0.366	0.370	0.522	4.630	-47.267
24217	-1.000	-0.594	0.682	0.904	3.836	-36.024
24237	-1.000	-0.530	0.555	0.799	3.149	-36.448
24257	-1.000	-0.468	0.705	0.742	2.391	-38.674
24277	-1.000	-0.787	0.715	1.062	1.677	-34.069
24297	-1.000	-0.836	0.575	0.982	1.123	-25.757
24317	-1.000	-0.862	0.414	1.005	0.640	-25.263
24337	-1.000	-0.549	0.623	0.820	0.023	-35.214
24357	-1.000	-0.170	0.567	0.507	5.433	-48.504
24377	-1.000	-0.198	0.690	0.729	4.490	-44.867
24397	-1.000	-0.553	0.731	0.915	3.741	-36.432
24417	-1.000	-0.622	0.397	0.770	3.045	-35.894
24437	-1.000	-0.544	0.477	0.724	2.273	-38.730
24457	-1.000	-0.830	0.807	1.196	1.574	-32.179
24477	-1.000	-0.769	0.556	0.920	1.042	-25.771
24497	-1.000	-0.856	0.532	0.975	0.555	-26.000
24517	-1.000	-0.517	0.401	0.686	6.179	-37.407
24537	-1.000	-0.306	0.650	0.635	5.255	-50.087
24557	-1.000	-0.528	0.669	0.874	4.337	-42.676
24577	-1.000	-0.688	0.507	0.865	3.616	-34.404
24597	-1.000	-0.556	0.867	0.928	2.895	-38.531
24617	-1.000	-0.537	0.757	0.895	2.125	-37.920
24637	-1.000	-0.876	0.817	1.138	1.476	-31.344
24657	-1.000	-0.856	0.537	0.988	0.965	-24.495
24677	-1.000	-0.832	0.736	1.033	0.453	-27.486
24697	-1.000	-0.522	0.673	0.889	6.038	-40.697
24717	-1.000	-0.182	0.159	0.242	5.107	-48.920
24737	-1.000	-0.376	0.659	0.740	4.203	-41.608
24757	-1.000	-0.717	0.553	0.916	3.502	-34.820
24777	-1.000	-0.404	0.556	0.749	2.775	-38.561
24797	-1.000	-0.481	0.670	0.885	2.017	-37.135
24817	-1.000	-0.924	0.747	1.085	1.381	-28.915
24837	-1.000	-0.834	0.501	0.999	0.888	-23.846
24857	-1.000	-0.844	0.564	0.981	0.357	-29.095
24877	-1.000	-0.338	0.275	0.436	5.889	-43.211
24897	-1.000	-0.129	0.188	0.226	4.924	-48.085
24917	-1.000	-0.592	0.751	0.938	4.071	-39.685
24937	-1.000	-0.657	0.777	1.054	3.373	-34.863
24957	-1.000	-0.590	0.663	0.907	2.622	-39.199
24977	-1.000	-0.730	0.540	0.913	1.882	-36.644
24997	-1.000	-0.883	0.703	1.197	1.279	-27.856
25017	-1.000	-0.914	0.508	0.992	0.792	-23.811
25037	-1.000	-0.789	0.696	0.941	0.238	-30.735
25057	-1.000	-0.210	0.559	0.694	5.722	-45.997
25077	-1.000	-0.081	0.276	0.280	4.749	-48.842
25097	-1.000	-0.507	0.753	0.934	3.938	-37.575
25117	-1.000	-0.571	0.629	0.903	3.255	-35.286
25137	-1.000	-0.511	0.795	0.944	2.505	-39.002
25157	-1.000	-0.755	0.705	1.012	1.776	-34.413
25177	-1.000	-0.944	0.629	1.108	1.201	-26.818
25197	-1.000	-0.691	0.411	0.681	0.721	-25.577
25217	-1.000	-0.772	0.766	0.998	0.141	-32.902
25237	-1.000	-0.232	0.432	0.464	5.582	-47.388
25257	-1.000	-0.352	0.722	0.802	4.613	-47.379
25277	-1.000	-0.648	0.819	0.957	3.841	-36.206
25297	-1.000	-0.510	0.710	0.820	3.157	-35.674
25317	-1.000	-0.457	0.674	0.738	2.387	-39.250
25337	-1.000	-0.795	0.642	1.003	1.683	-33.648
25357	-1.000	-0.978	0.613	1.122	1.117	-25.900
25377	-1.000	-0.769	0.608	0.955	0.640	-26.146
25397	-1.000	-0.508	0.732	0.900	0.023	-36.076
25417	-1.000	-0.151	0.513	0.402	5.436	-47.456
25437	-1.000	-0.169	0.625	0.733	4.488	-44.705
25457	-1.000	-0.649	0.815	0.927	3.741	-35.282
25477	-1.000	-0.575	0.535	0.765	3.050	-36.105
25497	-1.000	-0.575	0.450	0.749	2.267	-39.188
25517	-1.000	-0.835	0.756	1.147	1.578	-32.025
25537	-1.000	-0.776	0.551	0.929	1.048	-25.235
25557	-1.000	-0.861	0.553	0.988	0.558	-25.932
25577	-1.000	-0.504	0.471	0.704	6.183	-37.532
25597	-1.000	-0.375	0.512	0.612	5.268	-48.698
25617	-1.000	-0.526	0.534	0.773	4.346	-44.162
25637	-1.000	-0.749	0.774	0.879	3.617	-35.322
25657	-1.000	-0.571	0.817	0.929	2.899	-38.090
25677	-1.000	-0.503	0.731	0.892	2.126	-38.179
25697	-1.000	-0.839	0.792	1.192	1.477	-30.732
25717	-1.000	-0.844	0.516	0.980	0.966	-23.894
25737	-1.000	-0.867	0.612	1.092	0.459	-27.393
25757	-1.000	-0.544	0.674	0.914	6.039	-40.237
25777	-1.000	-0.190	0.100	0.231	5.110	-48.829
25797	-1.000	-0.368	0.721	0.867	4.206	-41.687
25817	-1.000	-0.702	0.644	0.987	3.504	-34.806
25837	-1.000	-0.448	0.702	0.713	2.777	-38.914
25857	-1.000	-0.578	0.693	0.836	2.022	-36.757
25877	-1.000	-0.939	0.817	1.215	1.385	-29.974
25897	-1.000	-0.934	0.500	0.978	0.896	-23.143
25917	-1.000	-0.791	0.543	0.932	0.368	-29.630
25937	-1.000	-0.274	0.341	0.400	5.895	-43.244
25957	-1.000	-0.059	0.243	0.234	4.941	-48.712
25977	-1.000	-0.558	0.595	0.851	4.085	-39.365
25997	-1.000	-0.731	0.754	0.999	3.382	-35.070
26017	-1.000	-0.594	0.558	0.846	2.631	-39.572
26037	-1.000	-0.706	0.509	0.898	1.890	-36.440
26057	-1.000	-0.903	0.763	1.197	1.278	-27.804
26077	-1.000	-0.893	0.514	1.071	0.788	-24.402
26097	-1.000	-0.761	0.681	0.914	0.235	-31.155
26117	-1.000	-0.121	0.503	0.401	5.714	-46.168
26137	-1.000	-0.146	0.197	0.259	4.745	-47.307
26157	-1.000	-0.571	0.831	0.895	3.930	-37.544
26177	-1.000	-0.634	0.494	0.824	3.229	-31.592
26197	-1.000	-0.551	0.389	0.693	2.467	-38.780
26217	-1.000	-0.626	0.695	0.947	1.741	-33.962
26237	-1.000	-0.870	0.570	0.994	1.177	-26.372
26257	-1.000	-0.893	0.564	0.983	0.687	-24.852
26277	-1.000	-0.628	0.545	0.874	0.094	-34.238
26297	-1.000	-0.131	0.311	0.264	5.502	-47.725
26317	-1.000	-0.280	0.382	0.462	4.553	-45.681
26337	-1.000	-0.715	0.596	0.927	3.780	-36.561
26357	-1.000	-0.561	0.744	0.948	3.082	-36.665
26377	-1.000	-0.431	0.787	0.804	2.310	-38.738
26397	-1.000	-0.689	0.573	0.909	1.623	-32.952
26417	-1.000	-0.878	0.601	1.025	1.071	-25.540
26437	-1.000	-0.833	0.520	0.942	0.588	-26.177
26457	-1.000	-0.554	0.784	0.917	6.222	-37.103
26477	-1.000	-0.093	0.216	0.200	5.312	-48.503
26497	-1.000	-0.268	0.567	0.573	4.383	-43.769
26517	-1.000	-0.683	0.751	1.110	3.652	-34.305
26537	-1.000	-0.561	0.580	0.915	2.941	-37.807
26557	-1.000	-0.606	0.712	0.918	2.166	-39.295
26577	-1.000	-0.865	0.549	1.007	1.502	-31.466
26597	-1.000	-0.804	0.529	0.954	0.973	-28.082
26617	-1.000	-0.810	0.554	0.950	0.471	-27.437
26637	-1.000	-0.570	0.385	0.708	6.062	-40.401
26657	-1.000	-0.220	0.112	0.244	5.100	-49.217
26677	-1.000	-0.440	0.829	0.852	4.217	-40.923
26697	-1.000	-0.679	0.703	0.996	3.516	-34.242
26717	-1.000	-0.425	0.481	0.681	2.764	-39.012
26737	-1.000	-0.527	0.551	0.794	2.011	-38.062
26757	-1.000	-0.918	0.787	1.019	1.381	-28.355
26777	-1.000	-0.848	0.555	1.030	0.879	-24.358
26797	-1.000	-0.810	0.589	0.974	0.357	-29.464
26817	-1.000	-0.350	0.251	0.436	5.889	-42.087
26837	-1.000	-0.101	0.239	0.229	4.927	-48.451
26857	-1.000	-0.613	0.677	0.921	4.062	-39.281
26877	-1.000	-0.714	0.890	0.957	3.367	-34.913
26897	-1.000	-0.608	0.558	0.854	2.632	-39.212
26917	-1.000	-0.750	0.600	0.933	1.876	-35.667
26937	-1.000	-0.899	0.752	1.076	1.276	-28.530
26957	-1.000	-0.878	0.519	1.071	0.788	-24.456
26977	-1.000	-0.710	0.660	0.995	0.229	-31.727
26997	-1.000	-0.137	0.436	0.366	5.709	-46.007
27017	-1.000	-0.084	0.329	0.323	4.757	-47.996
27037	-1.000	-0.620	0.821	0.935	3.936	-36.948
27057	-1.000	-0.604	0.565	0.857	3.241	-35.076
27077	-1.000	-0.390	0.529	0.670	2.487	-39.550
27097	-1.000	-0.742	0.840	1.140	1.764	-34.892
27117	-1.000	-0.961	0.834	1.253	1.284	-26.812
27137	-1.000	-0.820	0.358	1.156	0.792	-24.407
27157	-1.000	-0.739	0.676	1.038	0.241	-31.829
27177	-1.000	-0.177	0.791	0.729	5.728	-45.856
27197	-1.000	-0.070	0.400	0.408	4.765	-48.954
27217	-1.000	-0.610	0.800	0.927	3.947	-37.306
27237	-1.000	-0.573	0.715	0.868	3.264	-35.888
27257	-1.000	-0.485	0.763	0.768	2.505	-39.889
27277	-1.000	-0.724	0.670	0.952	1.782	-35.228
27297	-1.000	-0.948	0.754	1.227	1.203	-27.639
27317	-1.000	-0.888	0.514	0.962	0.718	-25.330
27337	-1.000	-0.712	0.677	1.001	0.138	-32.805
27357	-1.000	-0.281	0.265	0.496	5.581	-47.745
27377	-1.000	-0.388	0.482	0.653	4.623	-47.248
27397	-1.000	-0.632	0.755	1.000	3.847	-35.903
27417	-1.000	-0.528	0.613	0.804	3.151	-36.537
27437	-1.000	-0.924	0.097	0.931	2.485	-19.971
27457	-1.000	-0.642	0.586	0.879	1.724	-34.641
27477	-1.000	-0.842	0.531	0.964	1.157	-26.785
27497	-1.000	-0.849	0.599	0.985	0.673	-25.081
27517	-1.000	-0.682	0.555	0.929	0.074	-34.689
27537	-1.000	-0.302	0.238	0.415	5.473	-48.833
27557	-1.000	-0.450	0.443	0.668	4.533	-46.513
27577	-1.000	-0.731	0.821	1.076	3.760	-35.194
27597	-1.000	-0.561	0.713	0.817	3.069	-37.069
27617	-1.000	-0.630	0.596	0.897	2.345	-47.243
27637	-1.000	-0.667	0.745	1.030	1.655	-33.354
27657	-1.000	-0.917	0.529	0.798	1.095	-25.517
27677	-1.000	-0.786	0.559	0.942	0.621	-25.828
27697	-1.000	-0.551	0.494	0.749	6.280	-35.660
27717	-1.000	-0.324	0.376	0.481	5.370	-48.712
27737	-1.000	-0.410	0.651	0.814	4.445	-44.822
27757	-1.000	-0.729	0.581	0.925	3.689	-35.284
27777	-1.000	-0.576	0.780	0.898	2.981	-37.038
27797	-1.000	-0.394	0.691	0.913	2.223	-39.252
27817	-1.000	-0.715	0.603	0.899	1.539	-32.507
27837	-1.000	-0.808	0.549	0.923	1.011	-26.176
27857	-1.000	-0.884	0.597	1.003	0.511	-26.572
27877	-1.000	-0.519	0.715	0.901	6.127	-38.456
27897	-1.000	-0.222	0.214	0.340	5.189	-50.203
27917	-1.000	-0.276	0.571	0.667	4.294	-43.828
27937	-1.000	-0.780	0.735	1.042	3.574	-35.246
27957	-1.000	-0.534	0.470	0.701	2.852	-38.224
27977	-1.000	-0.567	0.486	0.765	2.083	-37.973
27997	-1.000	-0.849	0.483	0.992	1.425	-30.621
28017	-1.000	-0.927	0.530	0.976	0.913	-24.165
28037	-1.000	-0.785	0.526	0.925	0.387	-28.739
28057	-1.000	-0.414	0.654	0.706	5.929	-41.783
28077	-1.000	-0.323	0.563	0.627	4.982	-49.146
28097	-1.000	-0.593	0.831	0.937	4.133	-39.765
28117	-1.000	-0.623	0.501	0.843	3.433	-34.917
28137	-1.000	-0.510	0.796	0.903	2.695	-39.382
28157	-1.000	-0.683	0.565	0.924	1.990	-36.826
28177	-1.000	-0.784	0.592	0.947	1.358	-28.325
28197	-1.000	-0.917	0.534	1.003	0.857	-24.235
28217	-1.000	-0.695	0.618	0.931	0.319	-30.217
28237	-1.000	-0.513	0.661	0.823	5.843	-43.006
28257	-1.000	-0.226	0.555	0.660	4.878	-48.211
28277	-1.000	-0.610	0.859	1.041	4.045	-39.341
28297	-1.000	-0.656	0.800	1.190	3.358	-34.333
28317	-1.000	-0.446	0.844	0.892	2.603	-39.609
28337	-1.000	-0.732	0.678	0.979	1.868	-35.770
28357	-1.000	-0.827	0.658	1.127	1.270	-28.115
28377	-1.000	-0.887	0.506	1.022	0.781	-24.397
28397	-1.000	-0.708	0.671	0.905	0.221	-32.086
28417	-1.000	-0.178	0.278	0.297	5.699	-46.590
28437	-1.000	-0.409	0.447	0.637	4.715	-46.923
28457	-1.000	-0.584	0.734	0.857	3.915	-37.353
28477	-1.000	-0.650	0.510	0.846	3.224	-35.783
28497	-1.000	-0.642	0.486	0.836	2.447	-39.958
28517	-1.000	-0.694	0.546	0.889	1.732	-33.582
28537	-1.000	-0.821	0.614	0.966	1.167	-26.995
28557	-1.000	-0.865	0.598	1.018	0.678	-25.473
28577	-1.000	-0.660	0.639	0.936	0.081	-34.703
28597	-1.000	-0.130	0.198	0.216	5.499	-48.628
28617	-1.000	-0.486	0.484	0.711	4.528	-45.975
28637	-1.000	-0.743	0.691	1.002	3.771	-35.184
28657	-1.000	-0.579	0.751	0.959	3.079	-35.827
28677	-1.000	-0.437	0.910	0.937	2.318	-38.696
28697	-1.000	-0.707	0.605	0.912	1.618	-32.288
28717	-1.000	-0.854	0.565	1.070	1.068	-25.263
28737	-1.000	-0.812	0.537	0.954	0.586	-25.551
28757	-1.000	-0.495	0.728	0.907	6.220	-37.088
28777	-1.000	-0.076	0.191	0.177	5.328	-49.331
28797	-1.000	-0.300	0.741	0.736	4.401	-43.710
28817	-1.000	-0.699	0.804	0.945	3.657	-35.321
28837	-1.000	-0.498	0.537	0.782	2.959	-37.522
28857	-1.000	-0.475	0.495	0.712	2.198	-37.981
28877	-1.000	-0.794	0.497	0.926	1.517	-31.848
28897	-1.000	-0.818	0.544	0.922	0.988	-25.074
28917	-1.000	-0.834	0.607	1.282	0.494	-27.128
28937	-1.000	-0.451	0.525	0.656	6.087	-39.623
28957	-1.000	-0.114	0.565	0.617	5.150	-49.756
28977	-1.000	-0.578	0.628	0.875	4.249	-42.355
28997	-1.000	-0.651	0.650	0.885	3.534	-35.387
29017	-1.000	-0.647	0.593	0.897	2.819	-37.978
29037	-1.000	-0.561	0.884	0.960	2.043	-38.021
29057	-1.000	-0.878	0.548	1.020	1.410	-29.651
29077	-1.000	-0.919	0.421	1.013	0.905	-23.561
29097	-1.000	-0.784	0.504	0.927	0.380	-28.774
29117	-1.000	-0.333	0.634	0.638	5.917	-42.856
29137	-1.000	-0.257	0.698	0.710	4.969	-49.708
29157	-1.000	-0.511	0.710	0.887	4.106	-39.537
29177	-1.000	-0.711	0.485	0.873	3.413	-34.201
29197	-1.000	-0.489	0.514	0.708	2.660	-38.724
29217	-1.000	-0.624	0.568	0.848	1.907	-35.491
29237	-1.000	-0.995	0.743	1.268	1.298	-28.699
29257	-1.000	-0.903	0.518	1.035	0.807	-23.792
29277	-1.000	-0.783	0.577	0.949	0.259	-31.375
29297	-1.000	-0.428	0.595	0.762	5.752	-44.998
29317	-1.000	-0.264	0.625	0.596	4.781	-47.542
29337	-1.000	-0.673	0.613	0.917	3.970	-38.040
29357	-1.000	-0.626	0.769	0.994	3.281	-35.910
29377	-1.000	-0.564	0.757	0.931	2.519	-40.352
29397	-1.000	-0.697	0.633	0.973	1.798	-34.570
29417	-1.000	-0.988	0.689	1.217	1.209	-27.067
29437	-1.000	-0.592	0.350	0.704	0.718	-25.926
29457	-1.000	-0.694	0.677	0.989	0.137	-32.816
29477	-1.000	-0.326	0.244	0.433	5.574	-46.688
29497	-1.000	-0.381	0.511	0.671	4.622	-47.219
29517	-1.000	-0.636	0.807	0.929	3.846	-36.281
29537	-1.000	-0.519	0.598	0.766	3.146	-36.038
29557	-1.000	-0.429	0.650	0.774	2.385	-38.943
29577	-1.000	-0.779	0.758	1.109	1.671	-33.570
29597	-1.000	-0.953	0.567	1.110	1.123	-25.720
29617	-1.000	-0.822	0.534	0.931	0.638	-25.828
29637	-1.000	-0.545	0.620	0.791	0.021	-35.681
29657	-1.000	-0.092	0.523	0.458	5.430	-48.633
29677	-1.000	-0.214	0.720	0.821	4.498	-46.111
29697	-1.000	-0.643	0.662	0.903	3.738	-35.217
29717	-1.000	-0.589	0.480	0.770	3.043	-36.688
29737	-1.000	-0.575	0.415	0.725	2.272	-39.251
29757	-1.000	-0.827	0.832	1.199	1.572	-31.884
29777	-1.000	-0.628	0.476	0.903	1.042	-25.718
29797	-1.000	-0.831	0.562	0.996	0.552	-26.052
29817	-1.000	-0.566	0.393	0.702	6.177	-37.517
29837	-1.000	-0.227	0.506	0.605	5.251	-50.445
29857	-1.000	-0.522	0.719	0.910	4.332	-42.586
29877	-1.000	-0.714	0.471	0.881	3.614	-34.496
29897	-1.000	-0.543	0.737	0.931	2.895	-37.460
29917	-1.000	-0.465	0.749	0.924	2.123	-37.883
29937	-1.000	-0.830	0.817	1.121	1.473	-31.294
29957	-1.000	-0.811	0.542	0.927	0.960	-25.434
29977	-1.000	-0.836	0.574	0.964	0.449	-28.031
29997	-1.000	-0.441	0.714	0.883	6.029	-41.145
30017	-1.000	-0.276	0.208	0.356	5.096	-50.118
30037	-1.000	-0.379	0.660	0.730	4.202	-40.945
30057	-1.000	-0.720	0.565	0.923	3.501	-35.021
30077	-1.000	-0.421	0.536	0.730	2.772	-38.451
30097	-1.000	-0.523	0.773	0.872	2.020	-36.810
30117	-1.000	-0.918	0.785	1.254	1.384	-29.663
30137	-1.000	-0.861	0.518	1.031	0.890	-23.807
30157	-1.000	-0.863	0.539	0.994	0.359	-29.233
30177	-1.000	-0.322	0.337	0.450	5.889	-42.586
30197	-1.000	-0.374	0.494	0.651	4.992	-42.479
30217	-1.000	-0.499	0.807	0.895	4.122	-40.696
30237	-1.000	-0.659	0.491	0.823	3.433	-34.442
30257	-1.000	-0.494	0.759	0.849	2.698	-38.771
30277	-1.000	-0.630	0.813	0.922	1.940	-36.544
30297	-1.000	-0.865	0.497	0.950	1.331	-28.233
30317	-1.000	-0.932	0.539	1.012	0.825	-23.366
30337	-1.000	-0.747	0.481	0.894	0.282	-30.442
30357	-1.000	-0.307	0.314	0.576	5.783	-43.575
30377	-1.000	-0.289	0.461	0.569	4.818	-48.056
30397	-1.000	-0.674	0.482	0.858	3.981	-38.468
30417	-1.000	-0.669	0.751	1.003	3.281	-34.798
30437	-1.000	-0.570	0.726	0.925	2.522	-40.291
30457	-1.000	-0.684	0.749	1.001	1.802	-34.340
30477	-1.000	-0.974	0.682	1.198	1.212	-27.730
