--- Terminal on /dev/ttyUSB0 | 115200 8-N-1
--- Available filters and text transformations: colorize, debug, default, direct, esp32_exception_decoder, hexlify, log2file, nocontrol, printable, send_on_enter, time
--- More details at https://bit.ly/pio-monitor-filters
--- Quit: Ctrl+C | Menu: Ctrl+T | Help: Ctrl+T followed by Ctrl+H
MOT: Init
MOT: Enable driver.
MOT: Align sensor.
MOT: sensor_direction==CW
MOT: PP check: OK!
MOT: Zero elec. angle: 3.95
MOT: Align current sense.
CS: Inv B
MOT: Success: 3
MOT: Ready.
MOT: Monitor enabled!
ESP32-DRV: Configuring 3PWM in group: 1 on timer: 0
ESP32-DRV: Configuring 2 operators.
ESP32-DRV: Configuring 3 comparators.
ESP32-DRV: Configuring 3 generators.
ESP32-DRV: Configuring center-aligned pwm.
ESP32-DRV: Enabling timer: 0
ESP32-DRV: MCPWM configured!
MOT: Init
MOT: Enable driver.
MOT: Align sensor.
MOT: sensor_direction==CW
MOT: PP check: OK!
MOT: Zero elec. angle: 0.65
MOT: Align current sense.
CS: Inv B
MOT: Success: 3
MOT: Ready.
0	1.000	0.057	0.028	0.061	2.212	0.007	-0.173	0.036	0.183	2.505	0.043
16723	1.000	0.759	0.567	0.928	2.692	32.051	1.021	0.299	1.063	3.004	34.510
16743	1.000	0.549	0.605	0.855	3.346	36.976	1.088	-0.050	1.110	3.689	37.642
16763	1.000	0.736	0.635	0.939	4.071	37.516	0.999	-0.061	0.978	4.432	37.784
16783	1.000	0.928	0.589	1.139	4.665	28.095	-0.038	-1.010	1.026	5.177	38.712
16803	1.000	0.946	0.431	0.993	5.059	19.627	0.363	1.065	1.155	5.881	36.976
16823	1.000	0.867	0.396	0.965	5.424	18.581	-0.966	-0.323	1.015	0.334	37.996
16843	1.000	0.932	0.454	0.996	5.814	22.476	1.228	-0.125	1.297	1.066	37.587
16863	1.000	0.777	0.622	0.958	0.075	32.707	-0.567	-0.882	1.048	1.753	36.601
16883	1.000	0.373	0.199	0.448	0.833	44.006	0.287	-1.052	1.102	2.425	34.596
16903	1.000	0.608	0.593	0.884	1.698	41.587	0.314	1.091	1.150	3.057	33.805
16923	1.000	0.815	0.777	1.150	2.372	33.367	-0.309	1.268	1.359	3.721	36.523
16943	1.000	0.671	0.443	0.886	2.982	33.405	0.949	0.284	0.962	4.439	38.697
16963	1.000	0.578	0.348	0.692	3.672	38.756	0.928	-0.369	0.989	5.194	38.410
16983	1.000	0.755	0.674	1.142	4.383	32.505	0.910	-0.627	1.134	5.932	36.630
17003	1.000	0.828	0.488	0.993	4.863	22.802	-1.052	-0.147	1.067	0.356	37.327
17023	1.000	0.945	0.420	1.004	5.231	18.956	0.860	-0.638	1.077	1.095	37.704
17043	1.000	0.932	0.432	0.989	5.578	19.495	-0.134	1.194	1.253	1.795	36.752
17063	1.000	0.835	0.506	0.998	6.032	25.453	0.533	-0.970	1.107	2.476	34.358
17083	1.000	0.562	0.658	0.858	0.391	38.587	0.579	-0.925	1.110	3.100	34.062
17103	1.000	0.459	0.409	0.653	1.223	44.926	0.817	0.651	1.042	3.774	37.031
17123	1.000	0.696	0.728	0.986	1.990	37.761	0.226	0.997	1.020	4.515	38.462
17143	1.000	0.872	0.608	1.057	2.642	32.366	0.995	0.116	0.987	5.274	39.158
17163	1.000	0.716	0.399	0.817	3.292	35.881	0.930	-0.684	1.194	5.979	36.446
17183	1.000	0.517	0.666	0.827	4.017	37.400	0.973	-0.427	1.098	0.411	37.726
17203	1.000	0.918	0.422	0.980	4.617	28.140	-0.054	-1.185	1.232	1.135	37.063
17223	1.000	0.936	0.424	0.995	5.064	19.368	-0.005	1.008	0.990	1.853	36.339
17243	1.000	0.973	0.393	0.999	5.410	17.772	-0.413	-1.020	1.117	2.520	34.010
17263	1.000	0.891	0.445	0.925	5.794	22.240	-0.268	1.219	1.306	3.143	33.759
17283	1.000	0.713	0.441	0.884	0.041	32.069	1.010	-0.069	1.020	3.835	37.385
17303	1.000	0.445	0.424	0.652	0.848	44.099	0.955	0.415	1.071	4.594	38.644
17323	1.000	0.487	0.388	0.633	1.674	41.483	0.269	1.222	1.295	5.331	38.179
17343	1.000	0.791	0.717	1.071	2.361	33.567	0.291	1.089	1.149	6.019	36.538
17363	1.000	0.694	0.522	0.912	2.976	32.800	0.985	0.184	0.990	0.445	37.355
17383	1.000	0.641	0.545	0.872	3.691	38.779	0.962	-0.402	1.031	1.207	37.508
17403	1.000	0.857	0.781	1.191	4.367	33.463	1.050	-0.518	1.201	1.911	35.529
17423	1.000	0.886	0.492	0.981	4.847	23.417	-0.874	-0.982	1.381	2.560	33.694
17443	1.000	0.887	0.402	0.974	5.219	19.473	0.298	1.081	1.166	3.188	32.738
17463	1.000	0.906	0.348	0.961	5.570	19.583	-0.739	-0.873	1.060	3.869	36.802
17483	1.000	0.880	0.481	0.951	6.002	24.819	0.888	0.385	0.964	4.617	38.135
17503	1.000	0.696	0.579	0.913	0.370	38.431	0.485	-0.911	1.015	5.380	37.858
17523	1.000	0.254	0.159	0.310	1.204	45.108	1.188	0.459	1.336	6.087	36.580
17543	1.000	0.672	0.639	0.923	1.979	38.315	0.321	1.046	1.101	0.511	37.288
17563	1.000	0.873	0.531	0.996	2.638	31.635	1.127	0.471	1.282	1.253	36.737
17583	1.000	0.638	0.507	0.891	3.267	34.648	0.949	-0.481	1.087	1.934	35.888
17603	1.000	0.672	0.553	0.901	3.975	38.041	1.180	0.242	1.259	2.592	32.937
17623	1.000	0.821	0.555	1.027	4.590	28.598	1.095	-0.044	1.133	3.232	34.456
17643	1.000	0.888	0.420	0.998	5.028	20.682	-0.910	-0.487	1.029	3.939	37.993
17663	1.000	0.953	0.348	1.001	5.380	17.601	1.062	-0.569	1.256	4.671	38.722
17683	1.000	0.867	0.440	0.931	5.755	21.388	0.035	1.011	1.007	5.390	38.372
17703	0.000	0.709	0.495	0.913	0.011	31.046	0.766	-0.718	1.042	6.137	36.326
17723	0.000	-0.024	0.020	0.088	6.237	-9.257	-0.094	0.116	0.160	5.858	-22.940
17743	0.000	0.032	0.016	0.014	6.134	-3.930	0.009	-0.020	0.082	5.657	-6.349
17763	0.000	0.004	0.018	0.047	6.105	-0.688	0.007	0.021	0.024	5.594	-2.753
17783	0.000	-0.038	-0.081	0.017	6.101	0.346	0.004	-0.025	0.041	5.573	0.000
17803	0.000	-0.006	-0.000	0.026	6.098	0.297	0.009	0.015	0.025	5.574	-0.297
17823	0.000	-0.008	0.014	0.066	6.102	1.187	-0.005	-0.005	0.180	5.574	0.000
17843	0.000	0.021	0.021	0.032	6.101	0.000	0.010	-0.030	0.023	5.576	0.000
17863	0.000	-0.017	0.010	0.042	6.096	-0.891	-0.018	-0.019	0.030	5.579	0.892
17883	0.000	-0.009	0.011	0.019	6.102	0.891	-0.011	-0.033	0.045	5.574	-0.594
17903	0.000	0.011	0.020	0.029	6.095	0.297	0.087	0.008	0.028	5.579	0.297
17923	0.000	-0.007	0.038	0.028	6.095	0.000	-0.015	-0.015	0.034	5.579	0.688
17943	0.000	0.002	-0.001	0.022	6.096	0.594	0.007	0.011	0.014	5.576	0.000
17963	0.000	-0.018	0.013	0.023	6.078	-0.892	-0.042	-0.013	0.019	5.578	0.000
17983	0.000	-0.024	-0.010	0.030	6.082	0.595	-0.035	0.038	0.057	5.578	-0.297
18003	0.000	-0.008	0.005	0.113	6.075	0.346	-0.017	-0.052	0.046	5.576	-0.346
18023	0.000	0.015	0.008	0.081	6.062	-0.594	0.005	-0.039	0.022	5.559	-0.297
18043	0.000	-0.015	-0.007	0.031	6.067	0.000	-0.009	0.010	0.010	5.571	0.000
18063	0.000	-0.001	-0.010	0.029	6.071	0.298	-0.005	-0.014	0.007	5.567	0.000
18083	0.000	-0.026	-0.005	0.165	6.065	0.000	0.014	-0.007	0.028	5.570	0.346
18103	0.000	-0.016	0.004	0.040	6.065	0.000	0.007	0.032	0.034	5.568	0.297
18123	0.000	0.007	0.019	0.100	6.061	0.297	0.014	0.011	0.019	5.568	-0.297
18143	0.000	0.059	0.004	0.109	6.052	-1.733	-0.003	-0.007	0.004	5.567	-0.347
18163	0.000	0.001	0.006	0.018	6.064	-0.297	-0.047	-0.036	0.030	5.567	0.000
18183	0.000	-0.014	0.018	0.006	6.065	0.000	-0.033	-0.014	0.045	5.573	0.892
18203	0.000	-0.017	-0.003	0.157	6.055	0.297	0.024	0.009	0.023	5.565	-0.593
18223	0.000	-0.030	-0.002	0.015	6.058	0.000	0.016	0.008	0.022	5.574	1.038
18243	0.000	-0.014	-0.011	0.033	6.056	0.000	-0.011	0.013	0.019	5.562	-0.297
18263	0.000	0.015	0.009	0.094	6.055	0.297	-0.034	-0.005	0.015	5.567	0.297
18283	0.000	-0.034	-0.019	0.055	6.048	-0.594	-0.015	-0.034	0.027	5.567	-0.297
18303	0.000	0.017	0.008	0.007	6.042	0.692	-0.010	-0.015	0.089	5.555	0.346
18323	0.000	0.006	-0.002	0.108	6.047	0.297	-0.008	-0.009	0.022	5.568	-0.593
18343	0.000	0.032	0.008	0.011	6.045	0.297	0.009	-0.038	0.029	5.565	0.000
18363	0.000	0.012	0.064	0.272	6.042	-0.297	-0.036	-0.019	0.032	5.567	-0.297
18383	0.000	-0.021	0.002	0.021	6.036	0.601	-0.020	0.019	0.037	5.565	0.000
18403	0.000	0.027	0.002	0.141	6.038	-0.297	0.014	0.037	0.077	5.565	-0.297
18423	0.000	0.015	0.005	0.137	6.036	0.000	-0.033	0.001	0.057	5.565	-0.592
18443	0.000	-0.021	-0.021	0.022	6.036	0.000	0.014	0.026	0.029	5.567	0.000
18463	0.000	-0.047	0.025	0.013	6.038	-0.693	-0.041	-0.020	0.039	5.567	0.000
18483	0.000	-0.007	0.006	0.014	6.041	0.587	-0.054	0.006	0.012	5.551	0.000
18503	0.000	0.017	0.010	0.026	6.042	-0.595	-0.020	-0.005	0.014	5.558	0.297
18523	0.000	-0.023	-0.005	0.025	6.042	-0.297	-0.008	0.021	0.039	5.556	0.000
18543	0.000	-0.016	0.002	0.167	6.042	0.346	-0.019	-0.036	0.051	5.579	1.385
18563	0.000	-0.007	-0.001	0.029	6.042	0.000	-0.042	0.025	0.042	5.570	0.000
18583	0.000	0.004	0.014	0.017	6.032	0.603	-0.014	-0.025	0.027	5.576	0.302
18603	0.000	-0.011	-0.009	0.037	6.036	-0.346	0.039	0.019	0.011	5.562	-0.345
18623	0.000	-0.003	0.011	0.014	6.038	0.295	-0.016	0.015	0.029	5.565	-0.295
18643	0.000	-0.025	-0.003	0.021	6.038	0.000	0.017	0.008	0.014	5.564	-0.297
18663	0.000	0.019	0.006	0.035	6.038	0.589	0.025	-0.016	0.128	5.573	0.294
18683	0.000	-0.004	-0.010	0.013	6.036	-0.594	0.073	-0.059	0.028	5.568	0.000
18703	1.000	-0.007	0.014	0.015	6.041	0.000	-0.017	0.047	0.051	5.570	0.000
18723	1.000	0.675	0.657	0.932	0.288	37.320	-0.474	0.896	1.052	6.147	37.291
18743	1.000	0.188	0.344	0.362	1.101	44.650	-1.137	-0.124	1.197	0.591	38.559
18763	1.000	0.661	0.614	0.916	1.885	38.563	-0.795	-0.627	1.006	1.305	37.407
18783	1.000	0.778	0.464	0.915	2.530	32.116	-1.220	-0.381	1.344	2.005	35.578
18803	1.000	0.781	0.399	0.902	3.206	34.802	-1.267	-0.284	1.328	2.672	33.296
18823	1.000	0.470	0.604	0.815	3.922	37.327	-0.686	-1.081	1.328	3.326	35.295
18843	1.000	0.953	0.604	1.154	4.544	30.455	-0.973	-0.213	1.004	4.039	38.446
18863	1.000	0.878	0.417	0.957	4.990	20.734	1.090	0.325	1.195	4.780	38.695
18883	1.000	0.902	0.401	0.950	5.352	18.159	-0.909	0.968	1.386	5.530	36.935
18903	1.000	0.856	0.453	0.999	5.723	20.810	0.278	-1.075	1.120	6.214	37.189
18923	1.000	0.756	0.474	0.913	6.220	30.447	-0.798	0.749	1.123	0.649	38.178
18943	1.000	0.553	0.646	0.874	0.676	42.957	-0.688	0.824	1.070	1.378	37.043
18963	1.000	0.495	0.733	0.886	1.536	41.917	-0.977	-0.964	1.413	2.095	35.301
18983	1.000	0.696	0.480	0.860	2.226	34.937	-0.349	-1.118	1.222	2.732	34.594
19003	1.000	0.801	0.714	1.054	2.856	32.669	-0.542	-0.937	1.086	3.396	34.755
19023	1.000	0.675	0.665	0.929	3.510	37.372	-0.890	-0.778	1.226	4.091	38.073
19043	1.000	0.681	0.442	0.863	4.228	35.695	-1.209	-0.384	1.324	4.861	39.447
19063	1.000	0.783	0.489	0.919	4.780	26.045	0.111	1.017	1.017	5.579	36.960
19083	1.000	0.821	0.445	0.932	5.157	19.504	-0.397	-1.254	1.358	0.003	36.615
19103	1.000	0.926	0.401	0.970	5.507	19.426	0.958	0.321	1.016	0.713	37.727
19123	1.000	0.734	0.039	0.934	5.932	23.987	-1.078	0.226	1.125	1.460	37.291
19143	1.000	0.666	0.299	0.758	0.253	36.094	-0.139	1.060	1.068	2.141	35.695
19163	1.000	0.147	0.354	0.456	1.092	45.352	-0.958	-0.587	1.136	2.798	33.547
19183	1.000	0.668	0.523	0.874	1.881	38.643	0.940	-0.725	1.238	3.438	35.634
19203	1.000	0.861	0.680	1.113	2.556	32.913	0.310	-1.120	1.190	4.188	39.363
19223	1.000	0.607	0.511	0.842	3.162	33.701	-1.037	-0.108	1.044	4.924	40.001
19243	1.000	0.659	0.402	0.814	3.872	37.616	-1.037	0.209	1.053	5.663	37.349
19263	1.000	0.808	0.406	0.915	4.516	31.886	-0.926	0.700	1.199	0.084	36.746
19283	1.000	0.841	0.446	0.932	4.992	21.297	1.000	-0.540	1.168	0.842	39.219
19303	1.000	0.958	0.400	0.990	5.341	18.464	-0.180	1.007	1.060	1.560	36.949
19323	1.000	0.971	0.399	1.027	5.714	20.449	-0.352	-1.000	1.064	2.243	34.971
19343	1.000	0.748	0.499	0.874	6.202	30.424	-0.890	0.642	1.101	2.890	33.250
19363	1.000	0.568	0.638	0.891	0.673	43.165	-1.031	-0.322	1.113	3.556	35.978
19383	1.000	0.523	0.376	0.686	1.500	43.319	0.055	-1.206	1.253	4.281	38.899
19403	1.000	0.675	0.548	0.845	2.218	35.281	-0.298	-1.004	1.052	5.025	38.809
19423	1.000	0.852	0.649	1.064	2.842	32.302	-1.016	-0.083	0.996	5.752	37.464
19443	1.000	0.693	0.736	0.999	3.524	35.971	-1.077	0.497	1.210	0.207	37.335
19463	1.000	0.610	0.586	0.873	4.209	35.770	-0.652	0.839	1.071	0.928	38.143
19483	1.000	0.932	0.518	1.081	4.760	26.709	0.932	0.688	1.179	1.649	36.523
19503	1.000	1.074	0.471	1.015	5.137	19.583	-0.927	-0.605	1.119	2.312	34.035
19523	1.000	0.924	0.391	1.044	5.499	19.316	1.056	0.334	1.117	2.976	32.941
19543	1.000	0.859	0.403	0.966	5.907	23.686	-0.695	-0.949	1.211	3.623	36.495
19563	1.000	0.490	0.509	0.834	0.213	35.785	-0.665	0.786	1.019	4.343	38.835
19583	1.000	0.346	0.226	0.443	1.026	45.930	-0.973	0.257	0.991	5.105	38.678
19603	1.000	0.535	0.381	0.703	1.859	39.211	-0.781	-0.755	1.080	5.851	36.467
19623	1.000	0.770	0.436	0.891	2.516	32.777	-1.080	-0.388	1.188	0.275	37.704
19643	1.000	0.633	0.513	0.869	3.157	34.188	-0.882	0.678	1.057	1.000	38.023
19663	1.000	0.609	0.338	0.705	3.861	38.332	-0.996	0.780	1.318	1.712	36.293
19683	1.000	0.907	0.523	1.041	4.534	30.763	-0.787	0.869	1.157	2.399	33.938
19703	0.000	0.804	0.439	0.793	4.979	21.668	1.206	0.304	1.292	3.034	33.489
19723	0.000	-0.126	0.221	0.264	4.548	-40.578	0.205	-0.024	0.233	2.706	-28.182
19743	0.000	-0.066	0.246	0.173	3.962	-22.232	-0.150	-0.042	0.097	2.361	-15.340
19763	0.000	-0.044	0.043	0.029	3.691	-9.790	-0.008	-0.010	0.018	2.221	-4.461
19783	0.000	-0.007	0.004	0.017	3.571	-3.562	0.008	-0.042	0.046	2.174	-2.670
19803	0.000	0.019	0.009	0.025	3.568	0.302	-0.037	0.005	0.031	2.160	-0.604
19823	0.000	0.007	0.008	0.029	3.580	0.302	0.006	-0.019	0.029	2.161	0.302
19843	0.000	0.022	-0.005	0.173	3.565	-0.302	0.015	0.029	0.038	2.154	-0.603
19863	0.000	-0.004	0.000	0.029	3.579	0.302	0.016	-0.006	0.028	2.157	0.302
19883	0.000	0.004	0.005	0.029	3.579	0.905	0.006	-0.016	0.029	2.155	-0.301
19903	0.000	0.017	-0.024	0.021	3.580	0.603	0.036	-0.004	0.049	2.161	0.000
19923	0.000	0.057	-0.011	0.045	3.600	1.207	-0.011	-0.013	0.021	2.155	0.000
19943	0.000	-0.091	0.100	0.020	3.616	-0.297	-0.025	0.017	0.029	2.158	0.297
19963	0.000	-0.014	-0.000	0.014	3.614	0.000	0.006	-0.013	0.012	2.158	0.346
19983	0.000	-0.007	-0.052	0.020	3.614	0.000	-0.022	0.040	0.045	2.154	-0.297
20003	0.000	0.009	-0.024	0.045	3.614	0.000	-0.001	-0.018	0.025	2.154	0.000
20023	0.000	-0.010	-0.055	0.020	3.611	0.294	0.012	-0.021	0.017	2.157	0.000
20043	0.000	-0.006	-0.033	0.024	3.611	-0.343	-0.015	-0.017	0.027	2.140	0.000
20063	0.000	-0.010	0.001	0.028	3.623	1.038	-0.004	0.031	0.037	2.148	0.692
20083	0.000	-0.007	0.004	0.026	3.599	-0.302	-0.002	0.021	0.023	2.151	0.604
20103	0.000	-0.001	-0.016	0.048	3.609	0.346	-0.017	0.017	0.021	2.149	-0.691
20123	0.000	-0.024	-0.017	0.037	3.608	0.000	0.038	0.025	0.050	2.151	0.000
20143	0.000	0.011	0.003	0.021	3.614	0.594	0.001	-0.019	0.026	2.146	-0.892
20163	0.000	-0.026	-0.014	0.026	3.591	-0.907	-0.077	0.190	0.030	2.149	0.000
20183	0.000	0.035	0.016	0.022	3.608	1.208	-0.092	-0.092	0.058	2.149	0.302
20203	0.000	0.004	-0.015	0.027	3.605	-1.182	0.002	-0.021	0.020	2.143	0.000
20223	0.000	0.021	0.009	0.219	3.617	1.180	0.001	-0.015	0.013	2.145	-0.295
20243	0.000	0.038	0.009	0.055	3.611	-0.594	-0.013	0.042	0.035	2.148	0.000
20263	0.000	-0.011	0.002	0.036	3.631	1.731	0.001	0.028	0.033	2.146	0.000
20283	0.000	0.012	0.006	0.060	3.620	-0.296	0.013	-0.010	0.018	2.149	0.000
20303	0.000	-0.010	-0.003	0.042	3.628	-0.593	0.011	-0.015	0.140	2.149	-0.296
20323	0.000	0.022	0.004	0.039	3.616	0.891	0.016	-0.021	0.053	2.151	0.000
20343	0.000	0.018	-0.043	0.007	3.616	-0.692	0.041	0.013	0.044	2.143	-0.693
20363	0.000	0.017	0.005	0.032	3.617	0.297	0.020	-0.015	0.029	2.152	0.297
20383	0.000	-0.001	-0.003	0.032	3.611	-0.593	0.001	-0.018	0.114	2.152	0.296
20403	0.000	-0.001	0.006	0.011	3.629	0.890	-0.008	0.032	0.022	2.152	-0.297
20423	0.000	-0.035	-0.046	0.063	3.616	-0.346	-0.054	-0.001	0.068	2.148	-0.346
20443	0.000	-0.012	-0.008	0.006	3.625	1.729	0.002	-0.014	0.017	2.151	0.000
20463	0.000	0.004	-0.015	0.032	3.606	-0.880	0.036	-0.018	0.042	2.145	0.586
20483	0.000	-0.003	-0.012	0.029	3.619	-0.296	-0.010	-0.017	0.017	2.134	0.000
20503	0.000	-0.017	0.013	0.007	3.609	0.295	-0.000	0.038	0.039	2.138	0.294
20523	0.000	-0.013	0.007	0.027	3.625	0.891	-0.130	0.137	0.030	2.148	0.297
20543	0.000	-0.007	-0.006	0.030	3.617	13.873	-0.016	0.011	0.021	2.145	0.000
20563	0.000	0.012	0.014	0.040	3.626	-1.186	0.016	0.005	0.019	2.143	-0.297
20583	0.000	0.001	0.003	0.014	3.617	1.183	-0.019	-0.093	0.011	2.149	0.000
20603	0.000	0.020	-0.023	0.026	3.616	0.000	0.013	0.010	0.036	2.149	0.297
20623	0.000	-0.002	-0.029	0.011	3.619	0.000	-0.003	0.027	0.029	2.140	-1.038
20643	0.000	0.098	0.140	0.030	3.616	0.000	-0.016	0.006	0.021	2.138	-0.890
20663	0.000	-0.006	-0.026	0.035	3.622	0.000	-0.003	0.033	0.032	2.155	0.890
20683	0.000	0.056	0.136	0.026	3.614	-0.297	0.009	-0.014	0.017	2.149	0.000
20703	1.000	0.011	-0.016	0.028	3.620	0.000	-0.003	-0.031	0.019	2.152	-27.714
20723	1.000	0.717	0.784	1.052	4.182	35.957	0.218	1.109	1.217	2.689	34.154
20743	1.000	1.081	0.584	1.263	4.731	27.308	1.032	0.563	1.233	3.341	35.363
20763	1.000	0.938	0.421	1.000	5.123	18.036	-0.973	-0.113	0.949	4.047	39.560
20783	1.000	0.899	0.387	0.999	5.470	19.387	0.482	-0.887	0.998	4.806	39.270
20803	1.000	0.903	0.457	0.955	5.881	23.417	0.288	1.049	1.127	5.561	37.335
20823	1.000	0.758	0.595	0.932	0.181	34.681	1.072	-0.349	1.156	6.266	37.110
20843	1.000	0.215	0.263	0.333	1.003	44.603	0.929	0.357	1.019	0.732	38.132
20863	1.000	0.642	0.791	1.003	1.810	39.667	0.215	1.090	1.137	1.456	37.256
20883	1.000	0.861	0.555	1.013	2.453	32.795	0.649	0.817	1.035	2.143	34.883
20903	1.000	0.634	0.465	0.887	3.073	33.942	0.959	0.695	1.211	2.790	33.272
20923	1.000	0.705	0.686	0.948	3.798	37.774	0.255	1.067	1.116	3.458	35.291
20943	1.000	0.851	0.650	1.089	4.452	32.136	0.863	0.704	1.136	4.179	38.386
20963	1.000	0.916	0.448	1.027	4.923	22.046	-0.674	-0.794	1.033	4.924	39.310
20983	1.000	0.911	0.404	0.950	5.274	19.170	1.051	-0.118	1.057	5.657	37.581
21003	1.000	0.854	0.392	0.924	5.644	19.190	-0.661	0.894	1.161	0.110	37.713
21023	1.000	0.850	0.507	0.930	6.107	27.749	0.611	-0.825	1.021	0.827	38.491
21043	1.000	0.410	0.573	0.676	0.503	40.295	0.044	-1.210	1.076	1.557	36.171
21063	1.000	0.212	0.490	0.607	1.368	44.261	1.171	0.052	1.217	2.261	35.025
21083	1.000	0.624	0.706	0.931	2.098	36.481	0.306	1.015	1.095	2.901	32.625
21103	1.000	0.781	0.433	0.912	2.718	32.360	0.562	0.900	1.050	3.556	35.888
21123	1.000	0.699	0.360	0.820	3.390	35.770	1.049	0.555	1.241	4.283	39.589
21143	1.000	0.544	0.584	0.868	4.114	36.761	1.030	0.138	1.061	5.022	39.509
21163	1.000	0.952	0.413	1.033	4.712	27.788	-0.019	-1.033	1.044	5.779	36.699
21183	1.000	1.008	0.376	0.992	5.117	18.689	-0.202	1.107	1.155	0.198	36.707
21203	1.000	0.898	0.401	0.954	5.470	19.534	-0.801	-0.677	1.045	0.919	38.565
21223	1.000	0.859	0.440	0.930	5.864	23.446	1.078	0.367	1.196	1.638	37.279
21243	1.000	0.713	0.636	0.932	0.183	35.336	0.434	-0.943	1.028	2.327	34.836
21263	1.000	0.216	0.371	0.466	0.985	45.240	0.956	0.573	1.129	2.981	33.238
21283	1.000	0.625	0.602	0.891	1.789	40.391	-1.089	0.665	1.308	3.625	35.722
21303	1.000	0.806	0.705	1.091	2.470	33.146	-0.452	1.110	1.234	4.376	39.394
21323	1.000	0.682	0.383	0.833	3.088	34.492	0.918	0.402	0.986	5.114	39.173
21343	1.000	0.703	0.701	0.968	3.800	38.119	1.075	0.434	1.160	5.834	36.191
21363	1.000	0.858	0.652	1.080	4.452	31.814	0.981	-0.235	0.974	0.250	37.321
21383	1.000	1.206	0.421	0.992	4.939	21.635	-1.013	-0.048	1.017	1.015	37.898
21403	1.000	0.930	0.368	0.952	5.294	18.869	0.949	-0.571	1.156	1.730	36.236
21423	1.000	0.853	0.434	0.948	5.653	19.689	-0.770	0.921	1.299	2.390	34.301
21443	1.000	0.830	0.506	0.953	6.124	27.909	1.148	0.216	1.206	3.022	34.487
21463	1.000	0.553	0.409	0.713	0.555	41.242	1.067	0.212	1.112	3.737	36.721
21483	1.000	0.431	0.349	0.586	1.404	43.929	-0.004	1.235	1.299	4.478	38.828
21503	1.000	0.703	0.454	0.867	2.145	35.701	0.158	1.029	1.036	5.211	38.682
21523	1.000	0.737	0.652	0.923	2.769	31.864	0.922	0.483	1.038	5.932	37.448
21543	1.000	0.527	0.553	0.726	3.448	36.813	1.246	-0.048	1.299	0.393	38.134
21563	1.000	0.735	0.448	0.885	4.157	36.332	0.944	-0.419	1.021	1.112	38.327
21583	1.000	0.810	0.433	0.935	4.729	27.181	-0.087	-1.217	1.283	1.825	36.038
21603	1.000	0.921	0.377	0.966	5.110	19.308	-0.068	1.327	1.383	2.477	33.790
21623	1.000	0.897	0.398	0.932	5.473	19.245	-0.027	-1.192	1.240	3.123	34.062
21643	1.000	0.828	0.421	0.922	5.867	23.399	-0.204	1.135	1.190	3.795	37.017
21663	1.000	0.745	0.364	0.872	0.161	34.775	0.946	-0.263	0.954	4.534	39.234
21683	1.000	0.394	0.587	0.689	0.977	44.709	0.969	0.324	1.045	5.285	38.047
21703	0.000	0.624	0.690	0.926	1.795	40.149	0.133	1.156	1.211	6.019	36.892
21723	0.000	0.021	0.073	0.340	2.186	11.818	0.005	-0.032	0.037	6.160	-1.182
21743	0.000	0.001	0.006	0.020	2.261	2.091	-0.002	-0.018	0.024	6.127	-1.798
21763	0.000	0.066	0.018	0.014	2.269	0.603	0.004	-0.000	0.007	6.114	0.604
21783	0.000	0.034	0.023	0.038	2.316	3.614	-0.016	-0.001	0.018	6.114	-0.301
21803	0.000	-0.012	-0.003	0.012	2.382	2.673	0.023	0.038	0.052	6.116	0.594
21823	0.000	0.002	-0.017	0.020	2.393	-0.297	-0.008	-0.026	0.010	6.114	0.296
21843	0.000	-0.012	-0.017	0.002	2.373	-1.188	-0.008	-0.000	0.014	6.111	-0.297
21863	0.000	0.012	0.005	0.023	2.381	-0.346	-0.021	0.032	0.039	6.113	-0.692
21883	0.000	-0.008	-0.002	0.007	2.381	-0.297	0.031	0.028	0.036	6.110	0.593
21903	0.000	-0.012	-0.019	0.055	2.384	0.593	0.021	0.018	0.047	6.113	-0.297
21923	0.000	-0.012	-0.022	0.011	2.398	0.000	0.016	-0.038	0.040	6.110	-0.905
21943	0.000	0.047	0.001	0.011	2.391	-0.296	-0.028	-0.008	0.014	6.114	0.000
21963	0.000	0.007	-0.013	0.024	2.390	-0.594	0.005	0.015	0.022	6.110	0.297
21983	0.000	0.017	-0.005	0.037	2.393	0.296	-0.004	0.028	0.079	6.113	0.296
22003	0.000	0.030	0.124	0.018	2.396	0.302	-0.002	0.023	0.011	6.116	0.302
22023	0.000	-0.041	0.003	0.065	2.396	0.000	0.023	0.033	0.040	6.116	0.906
22043	0.000	-0.262	-0.059	0.014	2.381	0.297	-0.059	-0.022	0.005	6.105	-1.188
22063	0.000	-0.003	0.009	0.014	2.385	0.692	0.002	0.027	0.024	6.113	-0.346
22083	0.000	0.004	0.002	0.017	2.393	0.592	0.006	-0.005	0.017	6.114	0.886
22103	0.000	0.010	0.002	0.021	2.418	0.302	0.006	-0.006	0.010	6.110	0.000
22123	0.000	0.007	-0.015	0.027	2.381	-2.670	-0.003	0.026	0.020	6.114	-0.296
22143	0.000	-0.058	0.000	0.033	2.391	2.080	-0.024	-0.005	0.020	6.114	0.000
22163	0.000	-0.173	-0.075	0.017	2.388	-0.586	0.035	0.028	0.044	6.114	0.881
22183	0.000	-0.009	-0.015	0.156	2.385	0.000	0.005	0.037	0.038	6.110	-0.297
22203	0.000	-0.036	-0.011	0.060	2.385	-0.691	0.087	0.030	0.005	6.110	-0.692
22223	0.000	0.010	-0.013	0.017	2.373	-0.297	0.008	0.016	0.019	6.114	-0.297
22243	0.000	-0.013	0.005	0.075	2.382	0.000	0.026	0.008	0.044	6.113	0.000
22263	0.000	-0.007	0.001	0.012	2.384	0.891	-0.002	0.029	0.013	6.107	-0.891
22283	0.000	-0.020	-0.022	0.009	2.381	-0.346	-0.008	0.017	0.073	6.111	0.346
22303	0.000	0.030	-0.004	0.011	2.388	0.594	-0.063	0.009	0.067	6.114	0.891
22323	0.000	-0.007	-0.012	0.017	2.393	-0.296	0.052	0.027	0.043	6.111	0.594
22343	0.000	0.010	-0.017	0.022	2.393	0.296	-0.006	-0.020	0.058	6.110	-1.479
22363	0.000	0.057	0.008	0.045	2.396	0.294	-0.018	-0.020	0.105	6.110	-0.294
22383	0.000	-0.002	0.044	0.107	2.398	-0.302	-0.022	-0.014	0.104	6.118	0.000
22403	0.000	0.011	0.007	0.027	2.401	0.000	-0.005	-0.008	0.068	6.116	-0.352
22423	0.000	-0.032	-0.013	0.012	2.395	0.000	0.002	0.001	0.007	6.118	0.297
22443	0.000	-0.014	-0.060	0.007	2.393	0.294	0.008	0.006	0.026	6.114	0.000
22463	0.000	0.001	0.001	0.026	2.407	0.351	0.002	-0.016	0.042	6.113	0.000
22483	0.000	-0.020	-0.002	0.048	2.372	-1.781	0.016	0.022	0.038	6.113	-0.593
22503	0.000	0.020	-0.010	0.021	2.379	0.593	0.015	0.033	0.033	6.114	0.594
22523	0.000	-0.011	-0.045	0.026	2.388	-0.691	-0.019	-0.075	0.005	6.114	0.346
22543	0.000	-0.017	-0.026	0.011	2.404	-0.301	0.007	0.037	0.028	6.114	0.000
22563	0.000	0.008	-0.012	0.022	2.390	0.000	0.046	0.127	0.043	6.114	0.594
22583	0.000	0.028	0.002	0.014	2.402	0.302	-0.001	0.016	0.023	6.116	0.302
22603	0.000	0.018	0.010	0.025	2.401	0.000	-0.001	-0.015	0.020	6.114	0.000
22623	0.000	-0.023	-0.081	0.007	2.393	-0.592	0.017	0.024	0.023	6.116	0.590
22643	0.000	-0.008	-0.019	0.014	2.395	0.000	-0.015	0.030	0.042	6.116	0.297
22663	0.000	0.015	0.001	0.029	2.401	0.000	-0.004	-0.013	0.014	6.111	0.301
22683	0.000	-0.010	0.004	0.015	2.398	0.000	-0.012	0.030	0.032	6.113	-0.301
22703	1.000	-0.012	-0.022	0.007	2.391	0.000	0.007	-0.001	0.029	6.113	-0.297
22723	1.000	0.660	0.613	0.929	2.869	32.782	1.182	-0.122	1.258	0.396	38.187
22743	1.000	0.489	0.538	0.821	3.543	37.407	0.702	-0.757	1.034	1.109	38.238
22763	1.000	0.696	0.437	0.864	4.235	35.698	0.790	-0.914	1.263	1.822	36.053
22783	1.000	0.673	0.499	0.873	4.806	25.289	-0.577	-1.048	1.233	2.499	34.532
22803	1.000	1.163	0.677	1.366	5.219	24.981	-0.198	1.116	1.232	3.132	33.560
22823	1.000	0.866	0.372	0.956	5.561	18.967	-0.027	-1.191	1.226	3.797	37.854
22843	1.000	0.876	0.450	0.932	5.990	25.209	0.448	0.869	0.953	4.536	39.669
22863	1.000	0.686	0.443	0.847	0.360	38.047	1.040	-0.463	1.167	5.323	38.091
22883	1.000	0.251	0.213	0.327	1.200	44.725	0.549	1.045	1.231	6.019	36.219
22903	1.000	0.696	0.593	0.918	1.979	38.194	-0.165	0.983	0.970	0.445	37.810
22923	1.000	0.775	0.404	0.907	2.611	32.367	0.663	0.709	0.967	1.180	38.591
22943	1.000	0.709	0.567	0.817	3.286	34.554	1.321	0.225	1.386	1.908	35.763
22963	1.000	0.697	0.747	0.998	3.996	37.112	0.952	0.814	1.307	2.549	34.756
22983	1.000	0.807	0.533	0.968	4.594	29.374	1.014	0.548	1.165	3.192	33.257
23003	1.000	0.851	0.405	0.924	5.030	18.862	-0.579	-0.856	1.021	3.879	38.169
23023	1.000	0.945	0.325	0.945	5.395	18.110	1.067	-0.276	1.128	4.656	39.150
23043	1.000	0.896	0.427	0.932	5.772	21.982	-0.366	0.960	1.008	5.387	38.089
23063	1.000	0.715	0.455	0.866	0.012	31.638	1.324	-0.139	1.381	6.101	36.128
23083	1.000	0.255	0.463	0.461	0.795	43.543	0.979	0.127	0.966	0.538	39.053
23103	1.000	0.547	0.747	0.925	1.618	42.011	0.286	1.023	1.072	1.273	38.172
23123	1.000	0.709	0.554	0.932	2.295	34.213	0.534	0.929	1.083	1.965	36.038
23143	1.000	0.762	0.465	0.914	2.911	33.482	0.949	0.658	1.194	2.629	32.462
23163	1.000	0.465	0.576	0.826	3.631	37.832	0.316	1.013	1.065	3.286	34.890
23183	1.000	0.632	0.540	0.885	4.310	34.411	0.338	1.075	1.169	3.987	37.971
23203	1.000	0.726	0.462	0.902	4.837	24.513	0.435	-0.878	0.950	4.729	38.423
23223	1.000	0.923	0.421	0.954	5.205	19.724	0.424	1.009	1.098	5.470	37.709
23243	1.000	0.880	0.381	0.930	5.570	19.560	-1.129	-0.574	1.322	6.199	36.763
23263	1.000	0.792	0.513	0.955	6.006	25.336	0.939	0.292	0.957	0.621	38.269
23283	1.000	0.630	0.319	0.756	0.353	37.979	0.801	-0.839	1.211	1.350	37.465
23303	1.000	0.205	0.171	0.294	1.201	45.775	0.450	1.192	1.322	2.005	35.858
23323	1.000	0.582	0.655	0.889	2.005	37.667	-1.239	0.436	1.373	2.672	33.238
23343	1.000	0.844	0.457	0.933	2.626	31.668	-0.996	0.664	1.254	3.316	34.897
23363	1.000	0.639	0.372	0.791	3.281	35.090	-0.517	0.878	1.027	4.030	38.582
23383	1.000	0.578	0.689	0.870	4.005	37.221	-0.364	1.107	1.204	4.769	39.669
23403	1.000	0.932	0.510	1.052	4.620	29.100	1.097	0.615	1.304	5.515	37.436
23423	1.000	0.941	0.412	0.962	5.048	18.689	-0.774	-0.886	1.204	6.213	36.870
23443	1.000	0.954	0.368	1.020	5.401	17.596	1.016	-0.208	1.030	0.643	37.987
23463	1.000	0.902	0.445	0.902	5.798	22.012	-0.445	0.975	1.080	1.399	37.139
23483	1.000	0.725	0.440	0.894	0.051	32.486	1.210	0.435	1.341	2.082	35.236
23503	1.000	0.280	0.185	0.348	0.828	43.930	-0.355	1.131	1.150	2.698	32.979
23523	1.000	0.331	0.414	0.556	1.658	42.283	-0.481	-1.171	1.325	3.326	36.045
23543	1.000	0.846	0.714	1.133	2.368	32.638	-0.714	-0.686	0.959	4.064	38.231
23563	1.000	0.682	0.516	0.822	2.979	33.122	-0.716	0.693	0.973	4.824	38.756
23583	1.000	0.568	0.350	0.699	3.669	37.501	-0.400	1.025	1.119	5.559	37.407
23603	1.000	0.834	0.626	1.047	4.353	33.137	-0.174	1.028	1.038	6.257	36.285
23623	1.000	0.952	0.469	1.000	4.866	22.715	0.626	-0.779	0.996	0.736	37.745
23643	1.000	0.927	0.417	0.945	5.235	19.022	-0.054	1.110	1.163	1.459	37.096
23663	1.000	0.942	0.378	1.030	5.584	19.750	-0.548	-0.947	1.084	2.143	34.756
23683	1.000	0.835	0.465	0.989	6.024	25.522	-0.170	1.108	1.150	2.792	33.535
23703	0.000	0.467	0.556	0.689	0.414	38.704	-0.348	1.108	1.172	3.444	35.084
23723	0.000	-0.012	0.104	0.029	0.545	-2.673	0.039	-0.015	0.021	3.435	-7.426
23743	0.000	0.019	-0.012	0.017	0.538	0.292	0.019	-0.010	0.043	3.398	0.292
23763	0.000	0.040	0.027	0.076	0.529	-0.881	-0.024	0.011	0.022	3.479	4.702
23783	0.000	-0.001	0.009	0.029	0.545	1.180	-0.006	0.003	0.013	3.522	0.591
23803	0.000	0.012	-0.005	0.027	0.532	-0.586	-0.020	0.019	0.024	3.490	-1.463
23823	0.000	0.017	0.026	0.009	0.537	-0.592	-0.037	0.012	0.011	3.510	1.181
23843	0.000	-0.005	0.021	0.038	0.537	-0.887	0.031	-0.008	0.040	3.496	0.295
23863	0.000	-0.003	0.013	0.004	0.537	0.579	0.007	-0.001	0.010	3.507	0.000
23883	0.000	-0.002	-0.012	0.017	0.534	0.341	0.038	-0.020	0.108	3.501	0.000
23903	0.000	0.003	0.017	0.007	0.523	0.000	0.190	-0.080	0.044	3.504	-0.341
23923	0.000	-0.007	0.008	0.018	0.523	-0.585	0.038	-0.002	0.027	3.517	0.878
23943	0.000	0.121	-0.033	0.035	0.523	-0.585	0.026	0.002	0.074	3.504	-0.878
23963	0.000	-0.034	0.033	0.028	0.520	-0.292	0.002	0.021	0.064	3.505	0.584
23983	0.000	-0.021	-0.014	0.107	0.517	0.000	-0.001	0.005	0.010	3.507	0.000
24003	0.000	0.018	-0.003	0.024	0.517	0.000	-0.014	0.005	0.014	3.504	0.292
24023	0.000	0.008	-0.012	0.022	0.525	0.293	0.025	0.039	0.053	3.508	-0.585
24043	0.000	-0.015	0.008	0.030	0.511	-0.877	0.040	0.013	0.113	3.508	-1.461
24063	0.000	0.018	0.002	0.072	0.505	-0.341	0.000	-0.015	0.034	3.499	0.000
24083	0.000	0.007	0.023	0.022	0.508	-0.341	0.002	0.026	0.025	3.514	1.023
24103	0.000	0.004	0.016	0.036	0.515	1.022	0.028	-0.015	0.093	3.514	1.023
24123	0.000	0.002	0.031	0.021	0.505	-1.020	0.021	-0.006	0.069	3.501	-1.022
24143	0.000	-0.005	0.006	0.025	0.500	0.293	-0.005	-0.005	0.005	3.499	1.172
24163	0.000	0.098	-0.059	0.017	0.502	0.000	-0.012	0.010	0.017	3.504	-0.293
24183	0.000	0.013	0.010	0.007	0.503	0.000	0.001	0.004	0.002	3.504	0.292
24203	0.000	-0.009	0.007	0.086	0.497	-0.585	0.018	-0.027	0.033	3.499	0.293
24223	0.000	-0.051	0.034	0.028	0.502	-0.293	-0.007	-0.008	0.170	3.505	-0.878
24243	0.000	-0.006	-0.008	0.030	0.502	0.585	0.038	0.016	0.041	3.502	1.170
24263	0.000	-0.023	0.008	0.018	0.502	0.585	0.008	0.129	0.014	3.499	-0.876
24283	0.000	-0.063	0.045	0.016	0.506	0.340	0.025	0.002	0.113	3.504	-0.681
24303	0.000	-0.003	0.021	0.015	0.502	-0.341	-0.007	0.003	0.024	3.499	1.023
24323	0.000	-0.001	0.006	0.048	0.494	-0.681	0.033	0.009	0.039	3.510	1.363
24343	0.000	0.003	0.003	0.024	0.506	0.292	0.029	-0.002	0.034	3.507	-0.584
24363	0.000	0.012	0.049	0.022	0.503	0.292	0.023	0.123	0.029	3.508	0.000
24383	0.000	-0.013	0.100	0.037	0.503	0.000	0.002	0.039	0.034	3.501	0.292
24403	0.000	0.023	0.006	0.006	0.502	0.000	-0.002	-0.003	0.010	3.505	0.000
24423	0.000	0.018	-0.005	0.179	0.503	0.000	0.023	-0.028	0.047	3.504	0.000
24443	0.000	0.002	-0.000	0.026	0.503	0.000	0.012	0.063	0.060	3.510	0.585
24463	0.000	0.002	0.002	0.027	0.505	0.292	0.009	0.020	0.025	3.508	0.585
24483	0.000	-0.006	0.023	0.008	0.503	0.293	0.027	-0.003	0.013	3.502	-1.172
24503	0.000	0.000	0.019	0.066	0.499	-0.586	0.032	0.012	0.064	3.507	1.170
24523	0.000	0.001	0.018	0.004	0.497	0.000	0.021	-0.018	0.043	3.499	0.341
24543	0.000	0.001	-0.008	0.027	0.499	-0.680	-0.004	-0.026	0.025	3.499	-1.021
24563	0.000	0.003	0.016	0.069	0.500	-0.341	0.024	-0.009	0.024	3.505	1.024
24583	0.000	-0.025	-0.020	0.020	0.499	0.000	0.018	-0.046	0.052	3.505	0.292
24603	0.000	0.000	0.008	0.029	0.499	0.585	0.034	0.146	0.034	3.502	0.292
24623	0.000	-0.058	0.030	0.035	0.500	0.000	-0.000	0.011	0.012	3.499	-0.585
24643	0.000	-0.040	0.030	0.034	0.497	0.000	0.034	-0.012	0.028	3.502	0.000
24663	0.000	0.013	-0.009	0.035	0.499	-0.292	0.022	-0.005	0.018	3.511	2.043
24683	0.000	0.013	-0.001	0.029	0.500	0.293	0.014	0.087	0.076	3.508	0.292
24703	1.000	-0.010	0.014	0.029	0.495	0.292	-0.001	-0.006	0.005	3.502	-1.460
24723	1.000	0.464	0.422	0.667	1.132	44.812	-1.007	0.413	1.110	4.080	39.105
24743	1.000	0.566	0.703	0.917	1.916	38.520	-1.002	-0.000	0.984	4.827	39.203
24763	1.000	0.831	0.575	0.985	2.545	31.886	-0.492	0.929	1.036	5.562	38.116
24783	1.000	0.787	0.446	0.911	3.209	34.708	0.153	1.133	1.182	0.009	37.031
24803	1.000	0.537	0.674	0.822	3.924	37.162	0.384	0.932	0.919	0.730	38.113
24823	1.000	0.948	0.622	1.160	4.545	30.751	1.037	0.356	1.136	1.454	37.284
24843	1.000	1.063	0.497	0.947	4.992	20.688	-0.727	-0.818	1.107	2.135	34.707
24863	1.000	0.914	0.372	0.947	5.355	17.917	0.922	0.624	1.118	2.807	34.009
24883	1.000	0.900	0.450	0.948	5.729	20.733	-0.649	-0.916	1.150	3.447	35.247
24903	1.000	0.797	0.507	0.917	6.234	30.090	0.178	0.839	0.896	4.131	35.893
24923	1.000	0.447	0.571	0.729	0.678	43.828	-0.046	1.073	1.098	4.880	39.128
24943	1.000	0.582	0.516	0.818	1.508	42.324	-1.094	0.459	1.247	5.605	36.843
24963	1.000	0.744	0.416	0.883	2.241	35.079	-0.974	0.252	0.992	0.049	37.081
24983	1.000	0.638	0.615	0.920	2.872	32.347	-0.441	1.023	1.153	0.775	38.067
25003	1.000	0.515	0.588	0.823	3.540	36.696	0.383	0.990	1.062	1.480	36.788
25023	1.000	0.727	0.626	0.939	4.258	35.418	0.192	1.196	1.272	2.204	35.039
25043	1.000	0.729	0.461	0.899	4.794	25.532	1.160	0.389	1.273	2.836	33.528
25063	1.000	0.830	0.394	0.927	5.170	19.234	-1.021	-0.326	1.073	3.501	35.295
25083	1.000	0.910	0.405	0.955	5.522	19.556	1.072	-0.196	1.117	4.209	38.490
25103	1.000	0.897	0.403	0.931	5.955	24.160	-0.736	0.728	1.006	4.975	39.058
25123	1.000	0.651	0.639	0.918	0.276	36.849	0.772	0.775	1.111	5.690	37.031
25143	1.000	0.164	0.242	0.265	1.100	45.644	-0.601	0.990	1.213	0.115	37.269
25163	1.000	0.652	0.680	0.930	1.890	38.332	-1.013	0.310	1.061	0.836	38.098
25183	1.000	0.841	0.711	1.123	2.557	32.400	-0.329	0.973	1.013	1.586	36.481
25203	1.000	0.669	0.371	0.829	3.186	35.012	0.299	1.128	1.205	2.260	34.418
25223	1.000	0.661	0.755	0.978	3.898	37.682	-0.691	0.851	1.101	2.885	33.283
25243	1.000	0.855	0.395	0.926	4.521	30.555	-0.839	0.877	1.267	3.534	35.779
25263	1.000	0.899	0.409	0.956	5.002	21.199	1.108	-0.447	1.237	4.280	39.649
25283	1.000	0.856	0.155	0.957	5.354	18.120	0.139	1.010	1.018	5.021	38.929
25303	1.000	0.926	0.425	0.987	5.728	20.359	-0.864	-0.573	1.021	5.752	36.889
25323	1.000	0.766	0.481	0.912	6.229	30.997	0.201	1.116	1.171	0.176	38.298
25343	1.000	0.242	0.354	0.492	0.704	43.420	0.367	1.003	1.078	0.928	38.268
25363	1.000	0.406	0.667	0.759	1.539	42.660	-1.061	0.491	1.224	1.644	36.115
25383	1.000	0.738	0.402	0.879	2.241	34.801	-1.100	0.113	1.172	2.309	35.554
25403	1.000	0.740	0.462	0.875	2.896	32.594	-1.021	0.313	1.108	2.976	33.225
25423	1.000	0.639	0.320	0.742	3.582	36.896	-1.143	-0.408	1.278	3.626	36.601
25443	1.000	0.697	0.705	0.957	4.284	35.052	-1.021	-0.046	1.002	4.346	39.241
25463	1.000	0.835	0.495	0.942	4.801	23.866	0.738	0.664	0.981	5.099	39.839
25483	1.000	0.890	0.435	0.990	5.191	19.602	-1.022	0.038	1.010	5.846	36.545
25503	1.000	0.864	0.427	0.925	5.539	19.368	0.853	-0.820	1.223	0.278	38.327
25523	1.000	0.842	0.465	0.932	5.963	24.387	-0.338	0.939	0.975	1.003	38.632
25543	1.000	0.610	0.627	0.902	0.288	37.944	0.927	0.826	1.289	1.724	36.268
25563	1.000	0.484	0.488	0.708	1.138	45.328	-0.845	0.832	1.231	2.404	34.201
25583	1.000	0.534	0.692	0.868	1.911	38.490	-0.938	-0.924	1.367	3.045	34.722
25603	1.000	0.798	0.610	0.977	2.543	32.217	-1.020	-0.525	1.196	3.729	37.212
25623	1.000	0.586	0.433	0.817	3.177	34.604	-0.757	0.718	1.042	4.455	39.830
25643	1.000	0.490	0.612	0.858	3.921	37.241	-0.601	1.038	1.237	5.235	38.557
25663	1.000	0.949	0.546	1.110	4.539	30.620	0.403	0.969	1.077	5.935	36.573
25683	1.000	0.858	0.406	0.958	4.989	21.046	0.007	-1.081	1.097	0.360	37.263
25703	0.000	0.908	0.406	0.932	5.344	18.096	0.856	0.519	0.985	1.095	38.010
25723	0.000	0.014	-0.050	0.044	4.912	-37.342	0.012	-0.002	0.013	1.203	-0.586
25743	0.000	-0.092	0.165	0.162	4.304	-27.945	-0.025	-0.025	0.028	1.247	1.783
25763	0.000	0.020	0.100	0.158	3.838	-19.421	0.012	0.013	0.019	1.236	-0.898
25783	0.000	-0.013	0.057	0.056	3.585	-11.044	-0.017	0.029	0.043	1.239	0.581
25803	0.000	-0.012	-0.007	0.017	3.493	-2.075	-0.005	0.000	0.011	1.250	-0.346
25823	0.000	0.049	0.015	0.233	3.531	2.973	-0.007	-0.009	0.010	1.247	0.594
25843	0.000	-0.011	-0.026	0.012	3.609	3.622	0.015	0.010	0.022	1.238	-0.904
25863	0.000	0.075	-0.036	0.058	3.617	-0.893	0.003	0.039	0.042	1.239	0.000
25883	0.000	-0.014	-0.024	0.027	3.616	-0.888	0.004	-0.006	0.007	1.246	1.185
25903	0.000	-0.008	0.002	0.018	3.623	1.755	-0.013	0.008	0.033	1.236	0.000
25923	0.000	-0.005	-0.102	0.040	3.619	0.000	0.060	-0.061	0.014	1.236	-0.883
25943	0.000	-0.014	-0.024	0.032	3.616	-0.881	-0.022	0.005	0.014	1.239	0.294
25963	0.000	0.007	-0.012	0.025	3.617	-0.876	-0.024	0.041	0.030	1.238	0.876
25983	0.000	0.004	-0.005	0.024	3.617	0.296	-0.009	0.008	0.007	1.236	-1.182
26003	0.000	-0.008	0.008	0.014	3.614	0.584	-0.028	0.022	0.037	1.238	0.000
26023	0.000	0.021	-0.009	0.022	3.614	0.000	0.009	0.010	0.014	1.235	-0.585
26043	0.000	-0.043	0.014	0.121	3.613	-0.874	0.061	-0.066	0.014	1.238	0.000
26063	0.000	-0.004	-0.022	0.006	3.608	0.887	-0.011	-0.027	0.005	1.239	0.590
26083	0.000	0.009	-0.018	0.014	3.616	0.289	-0.015	0.017	0.016	1.238	-0.288
26103	0.000	-0.061	-0.115	0.001	3.606	-0.996	-0.003	0.010	0.039	1.238	0.000
26123	0.000	-0.012	0.010	0.007	3.614	0.339	-0.023	0.023	0.034	1.232	-1.016
26143	0.000	-0.004	0.008	0.015	3.614	0.000	-0.020	0.029	0.029	1.238	0.296
26163	0.000	-0.005	-0.003	0.150	3.609	0.293	-0.021	0.020	0.052	1.243	0.292
26183	0.000	-0.030	-0.015	0.036	3.600	0.000	0.002	-0.003	0.016	1.226	0.000
26203	0.000	-0.004	-0.009	0.060	3.609	0.679	-0.015	-0.030	0.043	1.230	0.000
26223	0.000	0.011	-0.030	0.019	3.629	-0.346	-0.037	0.011	0.063	1.239	0.000
26243	0.000	0.004	-0.029	0.003	3.606	-0.343	-0.048	-0.092	0.010	1.233	-0.689
26263	0.000	0.005	-0.043	0.019	3.622	0.579	-0.010	-0.028	0.031	1.236	-0.290
26283	0.000	-0.032	0.012	0.014	3.617	-1.163	0.051	-0.056	0.009	1.235	-0.291
26303	0.000	-0.006	0.001	0.020	3.622	1.023	-0.028	0.028	0.093	1.235	-0.681
26323	0.000	0.058	-0.066	0.039	3.619	0.000	0.002	0.012	0.014	1.236	-0.339
26343	0.000	-0.012	0.006	0.014	3.617	-0.594	0.013	-0.020	0.010	1.246	0.297
26363	0.000	-0.036	0.003	0.021	3.620	0.291	0.027	-0.058	0.023	1.239	0.582
26383	0.000	-0.052	0.008	0.057	3.616	0.000	-0.022	-0.023	0.041	1.238	0.000
26403	0.000	-0.008	0.000	0.003	3.619	-0.892	-0.025	-0.116	0.013	1.241	-0.892
26423	0.000	0.007	-0.016	0.017	3.617	0.000	0.002	-0.004	0.030	1.236	0.292
26443	0.000	0.005	-0.016	0.056	3.613	-0.594	-0.030	0.012	0.035	1.247	-0.594
26463	0.000	-0.007	-0.012	0.088	3.626	1.349	0.005	0.009	0.018	1.236	-0.675
26483	0.000	0.018	-0.026	0.003	3.622	0.297	-0.007	-0.015	0.016	1.238	-0.297
26503	0.000	0.000	-0.019	0.017	3.622	0.346	0.004	-0.012	0.014	1.243	-0.346
26523	0.000	-0.006	-0.012	0.024	3.609	-1.188	-0.081	-0.099	0.047	1.246	0.890
26543	0.000	-0.009	0.002	0.009	3.617	0.293	-0.027	0.020	0.039	1.238	-0.586
26563	0.000	0.005	0.000	0.108	3.616	0.675	-0.003	-0.010	0.008	1.239	0.675
26583	0.000	0.012	-0.024	0.016	3.591	-2.695	-0.010	0.020	0.031	1.239	-0.601
26603	0.000	0.033	-0.053	0.039	3.596	1.200	0.002	0.039	0.030	1.241	0.600
26623	0.000	0.018	-0.037	0.003	3.623	1.036	0.003	-0.016	0.020	1.243	0.346
26643	0.000	0.032	-0.005	0.018	3.617	0.340	-0.012	-0.017	0.010	1.232	0.000
26663	0.000	-0.010	0.007	0.020	3.628	0.692	-0.012	0.025	0.048	1.241	-0.346
26683	0.000	-0.089	0.086	0.030	3.617	0.340	-0.023	-0.052	0.060	1.236	0.681
26703	1.000	-0.005	0.008	0.024	3.620	0.595	-0.015	0.038	0.037	1.241	-0.892
26723	1.000	0.717	0.404	0.860	4.151	36.191	-0.178	-1.191	1.258	1.799	37.132
26743	1.000	1.014	0.556	1.170	4.725	27.265	-1.022	-0.648	1.262	2.457	34.069
26763	1.000	0.928	0.415	1.011	5.107	19.583	0.318	1.075	1.200	3.071	33.799
26783	1.000	0.888	0.402	0.916	5.458	19.256	-0.528	-0.939	1.091	3.740	37.582
26803	1.000	0.802	0.402	0.953	5.871	23.327	1.016	0.392	1.101	4.510	39.007
26823	1.000	0.728	0.372	0.853	0.158	34.425	-0.051	-1.302	1.359	5.243	38.617
26843	1.000	0.325	0.516	0.708	0.973	44.898	0.873	-0.657	1.115	5.940	36.849
26863	1.000	0.533	0.357	0.676	1.767	40.056	1.034	0.469	1.181	0.365	37.652
26883	1.000	0.828	0.722	1.094	2.465	33.296	1.087	-0.134	1.123	1.126	37.964
26903	1.000	0.642	0.444	0.871	3.074	33.639	-0.259	-0.454	0.517	1.801	33.018
26923	1.000	0.615	0.301	0.722	3.766	38.074	0.295	-1.073	1.123	2.507	34.261
26943	1.000	0.849	0.754	1.143	4.462	32.082	0.874	-0.719	1.169	3.169	33.844
26963	1.000	0.888	0.453	0.952	4.915	22.227	-1.029	-0.130	1.053	3.850	37.342
26983	1.000	0.872	0.375	0.938	5.274	19.444	0.863	-0.684	1.144	4.591	38.489
27003	1.000	0.930	0.396	0.955	5.625	19.212	0.353	1.080	1.174	5.320	38.216
27023	1.000	0.829	0.495	0.928	6.091	27.101	0.050	-1.120	1.153	6.022	36.490
27043	1.000	0.344	0.518	0.670	0.500	40.305	-0.559	-1.029	1.218	0.471	37.333
27063	1.000	0.500	0.643	0.849	1.336	44.692	0.553	-0.811	0.951	1.189	38.599
27083	1.000	0.718	0.788	1.052	2.095	36.262	0.965	-0.623	1.166	1.924	36.254
27103	1.000	0.773	0.452	0.852	2.704	31.970	0.733	-1.137	1.399	2.574	33.779
27123	1.000	0.534	0.491	0.694	3.364	36.254	0.852	-0.749	1.151	3.200	33.309
27143	1.000	0.719	0.684	0.952	4.076	36.334	0.979	-0.347	1.037	3.881	37.068
27163	1.000	0.894	0.580	1.062	4.682	28.215	-0.357	-1.042	1.123	4.656	38.906
27183	1.000	0.890	0.404	0.931	5.079	19.930	0.851	0.588	1.036	5.390	37.472
27203	1.000	0.789	0.439	0.964	5.432	18.297	-1.244	0.106	1.312	6.105	36.298
27223	1.000	0.699	0.484	0.945	5.817	23.546	0.793	-0.585	0.953	0.532	39.085
27243	1.000	0.616	0.538	0.803	0.109	33.431	-0.997	-0.297	1.171	1.292	37.198
27263	1.000	0.201	0.157	0.304	0.908	44.647	-0.418	-1.197	1.315	1.991	36.087
27283	1.000	0.394	0.628	0.810	1.732	40.796	1.116	0.244	1.188	2.617	33.078
27303	1.000	0.696	0.577	0.918	2.401	33.541	0.724	0.995	1.420	3.240	34.188
27323	1.000	0.777	0.485	0.918	3.017	34.165	0.998	0.083	0.988	3.939	38.800
27343	1.000	0.411	0.454	0.664	3.744	37.847	0.883	-0.436	0.975	4.714	39.052
27363	1.000	0.725	0.496	0.922	4.409	32.425	0.535	-1.067	1.237	5.446	37.694
27383	1.000	0.776	0.458	1.040	4.904	23.107	-1.064	0.082	1.088	6.136	36.467
27403	1.000	0.907	0.375	1.036	5.265	19.002	1.001	-0.738	1.293	0.574	37.919
27423	1.000	0.925	0.410	1.050	5.634	18.722	0.311	1.057	1.110	1.313	37.443
27443	1.000	0.866	0.512	0.943	6.096	27.271	0.275	-1.222	1.311	2.010	35.812
27463	1.000	0.555	0.623	0.874	0.480	40.329	0.288	-1.255	1.339	2.646	32.966
27483	1.000	0.419	0.281	0.524	1.310	43.779	0.790	0.710	1.079	3.292	34.142
27503	1.000	0.733	0.793	1.084	2.089	36.390	-0.209	1.130	1.134	4.014	38.098
27523	1.000	0.777	0.508	0.883	2.701	31.995	1.024	0.331	1.087	4.748	39.947
27543	1.000	0.546	0.442	0.770	3.362	36.240	0.818	-0.635	1.020	5.481	38.023
27563	1.000	0.715	0.662	0.940	4.074	36.326	1.190	-0.581	1.379	6.193	36.738
27583	1.000	0.863	0.517	1.019	4.682	28.063	-0.340	-0.990	1.030	0.644	37.854
27603	1.000	0.890	0.404	0.946	5.079	19.666	0.688	0.739	1.009	1.376	37.269
27623	1.000	0.896	0.424	0.995	5.432	18.251	-1.142	-0.121	1.197	2.068	36.530
27643	1.000	0.909	0.479	0.915	5.817	22.553	1.016	0.341	1.074	2.721	32.933
27663	1.000	0.626	0.549	0.869	0.106	33.717	0.821	-0.660	1.050	3.373	35.771
27683	1.000	0.151	0.206	0.309	0.905	45.082	1.165	0.275	1.245	4.090	38.037
27703	0.000	0.448	0.705	0.840	1.724	41.330	0.555	0.850	1.016	4.829	39.188
27723	0.000	0.243	0.215	0.088	2.138	12.720	-0.015	0.167	0.154	4.659	-16.561
27743	0.000	-0.018	0.028	0.011	2.212	1.189	-0.011	0.012	0.004	4.557	-3.567
27763	0.000	-0.040	0.034	0.069	2.194	-1.188	0.016	-0.017	0.111	4.542	0.297
27783	0.000	-0.025	0.031	0.080	2.168	-0.302	0.010	-0.005	0.021	4.553	0.906
27803	0.000	-0.012	0.006	0.013	2.152	-1.208	0.006	-0.003	0.057	4.564	0.302
27823	0.000	-0.219	-0.027	0.021	2.088	-3.258	0.020	0.018	0.034	4.557	0.296
27843	0.000	-0.001	0.018	0.026	2.080	1.782	0.008	0.014	0.007	4.551	-0.891
27863	0.000	0.061	0.021	0.041	2.108	1.183	-0.019	-0.042	0.045	4.553	0.295
27883	0.000	-0.010	0.013	0.007	2.125	-0.302	-0.003	-0.033	0.042	4.545	0.000
27903	0.000	-0.001	-0.011	0.014	2.103	-0.589	0.002	-0.002	0.006	4.551	0.000
27923	0.000	0.010	0.023	0.015	2.123	1.811	0.003	0.006	0.031	4.562	-0.906
27943	0.000	-0.030	0.005	0.018	2.103	-1.785	0.008	0.002	0.015	4.561	0.297
27963	0.000	0.013	0.019	0.017	2.102	1.038	0.029	0.004	0.056	4.561	1.039
27983	0.000	0.032	0.026	0.011	2.114	0.302	-0.005	-0.013	0.014	4.550	-0.603
28003	0.000	-0.035	0.010	0.035	2.085	-0.594	0.019	-0.015	0.020	4.553	0.594
28023	0.000	-0.042	0.003	0.007	2.100	1.040	0.010	0.003	0.008	4.550	-0.693
28043	0.000	0.008	0.019	0.018	2.109	0.342	0.012	-0.007	0.028	4.545	0.000
28063	0.000	0.002	-0.006	0.024	2.112	0.603	-0.016	-0.048	0.044	4.547	-0.604
28083	0.000	0.010	0.010	0.020	2.112	0.884	-0.004	-0.007	0.013	4.547	-0.591
28103	0.000	0.214	0.112	0.025	2.117	-0.302	-0.015	-0.044	0.054	4.545	0.000
28123	0.000	0.012	0.054	0.044	2.108	-0.301	0.027	0.107	0.029	4.534	0.902
28143	0.000	0.014	0.029	0.011	2.105	0.000	-0.013	-0.042	0.028	4.542	-0.297
28163	0.000	0.009	-0.000	0.006	2.106	0.000	0.010	-0.032	0.020	4.541	0.000
28183	0.000	0.023	0.008	0.004	2.109	-0.296	0.021	-0.010	0.015	4.541	-0.296
28203	0.000	0.009	0.016	0.014	2.111	0.000	-0.009	-0.046	0.050	4.541	-0.297
28223	0.000	0.007	0.009	0.041	2.103	-0.591	-0.015	-0.049	0.028	4.538	0.000
28243	0.000	-0.018	0.008	0.056	2.106	-0.599	0.013	-0.019	0.018	4.539	-0.299
28263	0.000	-0.030	0.001	0.022	2.109	0.000	-0.015	-0.045	0.042	4.534	-0.302
28283	0.000	0.030	0.000	0.017	2.115	0.703	-0.002	-0.003	0.015	4.534	0.000
28303	0.000	-0.007	-0.013	0.019	2.103	-0.887	-0.006	-0.014	0.019	4.551	1.184
28323	0.000	-0.023	0.024	0.046	2.114	0.000	0.030	0.060	0.064	4.548	-0.604
28343	0.000	0.009	0.017	0.039	2.105	0.000	0.014	0.033	0.027	4.538	-0.892
28363	0.000	-0.003	0.008	0.047	2.105	-0.880	0.115	0.032	0.010	4.542	-0.293
28383	0.000	0.024	0.003	0.002	2.109	0.293	-0.004	0.013	0.007	4.545	-0.293
28403	0.000	0.005	-0.001	0.014	2.111	0.000	-0.015	-0.051	0.038	4.542	-0.302
28423	0.000	-0.032	0.017	0.033	2.112	0.893	-0.093	-0.018	0.040	4.539	0.298
28443	0.000	0.023	0.016	0.006	2.089	-1.487	0.016	0.006	0.021	4.539	-0.297
28463	0.000	-0.001	-0.007	0.019	2.102	0.692	0.045	0.027	0.017	4.539	-0.693
28483	0.000	0.011	0.019	0.009	2.103	0.297	0.006	-0.016	0.017	4.539	0.297
28503	0.000	0.024	0.021	0.010	2.118	0.000	-0.006	-0.016	0.024	4.545	0.302
28523	0.000	-0.002	0.013	0.029	2.092	-1.486	-0.029	-0.050	0.056	4.542	0.000
28543	0.000	-0.006	0.013	0.028	2.103	0.892	-0.001	0.015	0.088	4.542	0.297
28563	0.000	-0.051	-0.026	0.019	2.105	-0.879	-0.017	-0.040	0.115	4.544	0.293
28583	0.000	-0.023	0.001	0.019	2.117	1.500	-0.004	0.016	0.011	4.541	-0.301
28603	0.000	0.026	0.025	0.034	2.105	-0.882	0.057	0.032	0.014	4.541	-0.882
28623	0.000	0.030	-0.001	0.058	2.102	0.891	-0.004	-0.014	0.033	4.541	0.297
28643	0.000	-0.027	0.007	0.014	2.117	-0.703	-0.007	-0.017	0.017	4.539	0.704
28663	0.000	0.010	-0.004	0.019	2.112	0.597	-0.018	-0.061	0.057	4.527	-0.299
28683	0.000	-0.015	-0.013	0.022	2.114	0.000	0.012	0.017	0.020	4.525	0.000
28703	1.000	-0.022	-0.003	0.025	2.111	-0.302	-0.120	-0.113	0.078	4.541	0.603
28723	1.000	0.701	0.608	0.934	2.582	32.341	0.395	0.903	0.956	5.108	40.149
28743	1.000	0.796	0.556	0.933	3.220	34.895	1.077	0.215	1.088	5.840	36.268
28763	1.000	0.576	0.394	0.704	3.952	38.156	1.175	0.389	1.282	0.287	37.711
28783	1.000	0.735	0.778	1.029	4.582	29.997	0.810	-0.612	1.002	1.003	37.726
28803	1.000	0.874	0.430	0.951	5.007	21.780	-1.182	0.509	1.337	1.717	36.467
28823	1.000	0.914	0.404	0.972	5.358	17.978	0.963	-0.948	1.403	2.378	34.895
28843	1.000	0.868	0.454	0.930	5.751	21.272	-0.954	0.791	1.292	3.036	33.694
28863	1.000	0.815	0.558	0.956	6.260	30.473	0.993	0.734	1.285	3.711	36.066
28883	1.000	0.239	0.243	0.416	0.715	42.832	0.917	0.402	0.976	4.444	38.607
28903	1.000	0.297	0.540	0.560	1.555	42.093	0.206	0.943	0.944	5.194	39.377
28923	1.000	0.773	0.752	1.073	2.278	34.187	0.384	0.941	1.013	5.941	36.243
28943	1.000	0.661	0.533	0.897	2.884	32.960	1.195	0.217	1.263	0.376	37.814
28963	1.000	0.576	0.413	0.683	3.570	37.139	0.993	-0.392	1.075	1.097	36.870
28983	1.000	0.741	0.699	0.988	4.266	35.586	1.144	-0.453	1.270	1.804	36.301
29003	1.000	0.776	0.474	0.916	4.800	25.142	-0.252	-1.242	1.315	2.462	33.430
29023	1.000	0.908	0.416	1.060	5.188	19.260	-0.015	1.146	1.191	3.114	33.193
29043	1.000	0.888	0.401	0.969	5.538	19.384	-0.304	-1.133	1.213	3.798	37.552
29063	1.000	0.814	0.453	0.926	5.960	24.358	0.735	0.634	0.949	4.536	38.944
29083	1.000	0.674	0.681	0.938	0.287	36.976	0.515	-0.838	0.957	5.292	37.667
29103	1.000	0.470	0.454	0.686	1.138	44.295	1.140	0.211	1.187	6.025	36.488
29123	1.000	0.548	0.717	0.891	1.911	38.854	0.562	0.859	1.038	0.451	37.971
29143	1.000	0.811	0.648	1.027	2.546	31.908	0.993	0.022	0.970	1.189	37.448
29163	1.000	0.757	0.480	0.908	3.208	34.829	0.961	-0.764	1.260	1.913	36.020
29183	1.000	0.447	0.570	0.780	3.922	37.631	1.276	-0.080	1.328	2.554	34.398
29203	1.000	0.948	0.607	1.160	4.544	30.443	1.118	-0.149	1.157	3.198	33.425
29223	1.000	0.860	0.419	0.933	4.987	20.943	-0.903	-0.488	1.022	3.879	38.410
29243	1.000	0.941	0.372	0.966	5.340	17.620	0.711	-0.610	0.929	4.626	40.186
29263	1.000	0.892	0.454	1.009	5.729	20.725	0.328	1.038	1.103	5.401	37.927
29283	1.000	0.778	0.454	0.916	6.233	29.740	0.756	-0.964	1.287	6.104	35.971
29303	1.000	0.545	0.628	0.853	0.672	43.325	0.693	-0.758	1.005	0.525	38.692
29323	1.000	0.504	0.715	0.905	1.532	42.403	0.892	0.118	1.027	1.279	38.126
29343	1.000	0.693	0.461	0.885	2.229	35.390	1.112	0.263	1.179	1.976	35.819
29363	1.000	0.787	0.698	1.023	2.852	33.122	1.151	-0.173	1.198	2.632	33.820
29383	1.000	0.538	0.600	0.837	3.536	37.139	1.075	0.222	1.086	3.287	34.661
29403	1.000	0.637	0.450	0.838	4.225	35.605	1.051	0.374	1.150	3.987	38.172
29423	1.000	0.842	0.518	0.961	4.780	26.030	-0.291	-0.919	0.939	4.735	38.779
29443	1.000	0.839	0.455	0.949	5.156	19.509	0.921	0.582	1.102	5.473	36.687
29463	1.000	0.915	0.380	1.026	5.519	19.814	-1.151	0.221	1.202	6.200	37.342
29483	1.000	0.874	0.469	0.974	5.933	24.075	0.789	-0.554	0.953	0.629	38.060
29503	1.000	0.652	0.296	0.741	0.253	35.848	-0.573	-0.878	1.052	1.367	37.574
29523	1.000	0.142	0.338	0.335	1.091	45.837	0.799	-0.747	1.098	2.054	35.538
29543	1.000	0.601	0.737	0.932	1.904	38.876	0.584	0.854	1.025	2.735	33.302
29563	1.000	0.784	0.521	0.928	2.534	32.625	0.477	1.030	1.154	3.361	35.315
29583	1.000	0.654	0.417	0.776	3.178	34.926	1.037	0.276	1.076	4.074	39.519
29603	1.000	0.462	0.590	0.849	3.921	37.595	1.220	0.015	1.268	4.858	39.143
29623	1.000	0.962	0.563	1.129	4.544	30.148	0.327	-0.941	0.981	5.579	36.896
29643	1.000	0.886	0.439	0.922	4.992	21.050	-1.004	0.700	1.280	0.002	36.974
29663	1.000	0.928	0.378	0.957	5.343	18.436	0.014	-0.978	0.958	0.719	38.245
29683	1.000	0.846	0.483	0.954	5.731	21.510	0.891	0.623	1.099	1.470	36.818
29703	0.000	0.778	0.473	0.915	6.233	30.177	-0.112	-1.056	1.082	2.155	34.951
29723	0.000	0.062	-0.035	0.048	5.903	-31.016	0.081	-0.206	0.222	1.875	-25.108
29743	0.000	0.042	-0.137	0.156	5.473	-18.610	-0.091	-0.059	0.113	1.555	-13.282
29763	0.000	0.018	-0.018	0.025	5.349	-1.705	-0.005	0.008	0.042	1.486	-1.706
29783	0.000	0.044	0.116	0.030	5.364	0.584	-0.027	0.017	0.023	1.514	0.876
29803	0.000	-0.016	0.011	0.016	5.378	0.878	-0.126	0.036	0.030	1.499	-0.877
29823	0.000	-0.015	0.048	0.025	5.398	1.457	-0.027	-0.007	0.029	1.514	0.876
29843	0.000	-0.010	-0.014	0.066	5.409	0.000	0.001	-0.004	0.011	1.500	-0.297
29863	0.000	-0.003	-0.006	0.015	5.416	0.346	0.005	-0.012	0.066	1.496	0.346
29883	0.000	-0.021	0.006	0.017	5.416	0.000	-0.164	-0.033	0.031	1.503	-0.297
29903	0.000	-0.005	0.017	0.012	5.415	-0.297	-0.030	-0.008	0.042	1.502	0.594
29923	0.000	-0.032	0.005	0.011	5.416	-0.297	0.000	-0.016	0.014	1.505	0.594
29943	0.000	0.025	-0.047	0.009	5.421	1.037	-0.027	-0.013	0.032	1.488	-1.384
29963	0.000	-0.029	-0.010	0.040	5.418	0.000	0.059	-0.074	0.007	1.497	-0.297
29983	0.000	0.006	-0.026	0.017	5.418	0.000	-0.033	-0.013	0.036	1.500	0.594
30003	0.000	-0.007	0.001	0.026	5.421	0.000	-0.051	0.015	0.053	1.502	0.891
30023	0.000	0.012	0.023	0.022	5.439	1.732	-0.023	-0.022	0.021	1.509	-0.693
30043	0.000	0.013	-0.012	0.022	5.450	0.000	-0.025	-0.019	0.033	1.500	0.594
30063	0.000	-0.009	-0.013	0.025	5.450	-0.297	-0.039	-0.008	0.067	1.502	0.594
30083	0.000	-0.033	-0.017	0.044	5.455	0.297	-0.000	0.000	0.008	1.496	-0.297
30103	0.000	0.032	-0.047	0.026	5.455	0.691	-0.031	-0.025	0.034	1.497	-0.692
30123	0.000	0.039	0.027	0.029	5.456	1.188	-0.019	-0.023	0.040	1.499	-0.297
30143	0.000	-0.009	0.012	0.014	5.456	-0.297	-0.032	-0.019	0.036	1.500	0.297
30163	0.000	-0.015	-0.003	0.019	5.453	-0.594	0.002	-0.002	0.113	1.502	0.297
30183	0.000	0.023	0.003	0.058	5.456	-0.691	-0.051	0.010	0.057	1.500	0.346
30203	0.000	-0.046	-0.029	0.041	5.456	0.000	0.043	-0.029	0.008	1.496	-1.484
30223	0.000	-0.023	0.004	0.029	5.453	0.297	-0.011	-0.040	0.038	1.499	-0.297
30243	0.000	0.003	0.020	0.021	5.456	0.890	0.006	-0.003	0.019	1.505	0.593
30263	0.000	0.053	-0.017	0.023	5.458	0.000	-0.046	-0.017	0.029	1.500	0.000
30283	0.000	0.005	0.014	0.085	5.456	0.000	0.091	0.024	0.029	1.500	-0.297
30303	0.000	-0.023	-0.002	0.005	5.458	0.000	0.055	-0.043	0.068	1.503	0.297
30323	0.000	0.019	-0.003	0.015	5.459	-0.589	-0.005	0.003	0.014	1.497	0.296
30343	0.000	0.021	0.007	0.017	5.463	-0.288	-0.001	-0.006	0.015	1.499	-0.288
30363	0.000	-0.003	-0.037	0.044	5.461	-1.450	-0.032	-0.019	0.058	1.491	-0.580
30383	0.000	-0.031	-0.007	0.028	5.455	0.000	0.047	-0.036	0.059	1.503	0.000
30403	0.000	-0.015	-0.000	0.160	5.463	0.890	-0.030	-0.022	0.040	1.499	-0.296
30423	0.000	-0.019	-0.021	0.032	5.456	-0.885	-0.025	-0.022	0.032	1.497	-0.295
30443	0.000	-0.019	-0.013	0.036	5.463	0.889	-0.001	0.006	0.012	1.506	0.000
30463	0.000	-0.028	-0.015	0.019	5.455	-0.691	-0.151	0.082	0.005	1.502	0.000
30483	0.000	-0.064	-0.052	0.041	5.464	0.587	0.009	-0.035	0.042	1.506	-0.585
30503	0.000	0.010	0.006	0.022	5.461	0.000	-0.011	-0.011	0.041	1.502	0.297
30523	0.000	0.004	0.007	0.033	5.458	-0.297	-0.032	-0.016	0.041	1.503	0.297
30543	0.000	0.016	0.009	0.027	5.464	0.000	0.032	-0.023	0.106	1.493	0.000
30563	0.000	0.024	0.011	0.042	5.463	0.000	0.012	-0.010	0.018	1.514	0.583
30583	0.000	-0.004	-0.009	0.203	5.450	-1.483	-0.002	-0.006	0.028	1.496	-0.297
30603	0.000	0.015	0.003	0.017	5.458	0.000	-0.040	-0.012	0.039	1.500	-0.594
30623	0.000	-0.020	-0.000	0.016	5.456	0.000	-0.017	-0.024	0.029	1.502	-0.297
30643	0.000	0.018	0.005	0.116	5.455	-0.594	-0.027	-0.022	0.046	1.500	0.297
30663	0.000	0.005	0.014	0.006	5.459	0.347	-0.013	-0.026	0.079	1.502	-0.693
30683	0.000	-0.033	0.000	0.227	5.458	-0.594	0.029	-0.021	0.028	1.503	-0.297
30703	1.000	-0.023	0.010	0.011	5.459	0.297	0.033	0.005	0.056	1.503	0.297
30723	1.000	1.167	0.524	1.331	5.779	23.107	0.684	0.814	1.058	2.046	36.212
30743	1.000	0.666	0.509	0.908	0.012	30.783	0.799	-0.709	1.052	2.706	34.211
30763	1.000	0.195	0.205	0.329	0.811	44.468	0.782	0.811	1.147	3.359	35.521
30783	1.000	0.306	0.543	0.725	1.646	41.683	-0.614	0.894	1.114	4.082	38.490
30803	1.000	0.738	0.472	0.900	2.327	33.910	0.122	0.991	0.987	4.829	39.318
30823	1.000	0.706	0.546	0.845	2.981	32.922	1.067	0.171	1.096	5.594	37.053
30843	1.000	0.579	0.314	0.690	3.672	38.052	1.095	0.319	1.173	0.006	36.481
30863	1.000	0.849	0.671	1.092	4.360	33.450	0.986	-0.157	0.947	0.726	38.453
30883	1.000	0.947	0.412	1.038	4.847	22.396	-0.946	-0.594	1.137	1.456	36.835
30903	1.000	0.902	0.364	0.931	5.245	19.056	1.090	0.173	1.119	2.155	34.755
30923	1.000	0.971	0.417	0.990	5.597	19.541	-1.114	-0.210	1.162	2.806	32.928
30943	1.000	0.822	0.489	0.930	6.047	26.305	0.328	1.043	1.127	3.447	35.454
30963	1.000	0.422	0.419	0.509	0.422	40.027	0.976	0.226	0.987	4.162	39.062
30983	1.000	0.268	0.200	0.369	1.296	44.653	0.173	1.224	1.284	4.950	39.226
31003	1.000	0.730	0.411	0.871	2.057	37.060	-0.223	1.030	1.047	5.663	37.450
31023	1.000	0.750	0.529	0.915	2.698	32.379	0.452	1.135	1.311	0.097	37.458
31043	1.000	0.496	0.559	0.830	3.350	36.901	0.960	0.273	0.992	0.811	39.359
31063	1.000	0.713	0.746	1.029	4.083	36.792	0.990	0.081	1.036	1.565	36.995
31083	1.000	0.922	0.664	1.187	4.663	28.165	0.524	-0.955	1.106	2.252	35.267
31103	1.000	0.895	0.319	0.929	5.067	18.740	-1.063	0.275	1.102	2.878	33.315
31123	1.000	0.931	0.413	1.035	5.421	17.917	1.235	-0.136	1.307	3.530	35.498
31143	1.000	0.858	0.439	0.939	5.834	22.860	-0.843	0.778	1.193	4.277	38.809
31163	1.000	0.621	0.541	0.913	0.103	33.135	1.024	-0.035	1.023	5.022	38.726
31183	1.000	0.226	0.271	0.297	0.900	45.716	0.811	0.608	0.997	5.752	36.867
31203	1.000	0.486	0.712	0.871	1.720	41.009	-0.409	1.058	1.171	0.178	38.246
31223	1.000	0.759	0.717	0.960	2.385	32.594	0.287	1.025	1.098	0.908	37.397
31243	1.000	0.791	0.477	0.921	3.016	33.470	1.089	0.227	1.170	1.644	36.481
31263	1.000	0.544	0.616	0.879	3.718	38.423	1.004	0.469	1.121	2.313	34.617
31283	1.000	0.766	0.714	1.004	4.383	33.322	0.887	0.709	1.134	2.953	33.567
31303	1.000	0.813	0.421	0.911	4.872	23.456	0.724	-0.802	1.110	3.599	36.943
31323	1.000	0.911	0.397	0.989	5.252	18.989	0.217	1.029	1.053	4.358	38.816
31343	1.000	0.971	0.414	0.955	5.605	19.335	-0.998	-0.127	1.008	5.110	38.126
31363	1.000	0.804	0.485	0.937	6.061	27.276	1.019	0.299	1.109	5.831	36.763
31383	1.000	0.551	0.361	0.691	0.454	40.709	1.005	-0.515	1.165	0.273	37.783
31403	1.000	0.264	0.266	0.345	1.296	44.269	0.787	0.640	1.034	0.999	38.238
31423	1.000	0.703	0.387	0.840	2.051	37.591	0.147	1.231	1.286	1.710	37.279
31443	1.000	0.777	0.454	0.909	2.720	32.600	0.476	1.181	1.273	2.398	34.016
31463	1.000	0.608	0.368	0.721	3.379	35.881	0.357	1.197	1.296	3.031	34.062
31483	1.000	0.693	0.757	0.975	4.097	36.601	-0.310	1.142	1.211	3.717	36.792
31503	1.000	0.904	0.668	1.068	4.671	28.133	0.993	0.087	0.974	4.447	39.060
31523	1.000	0.920	0.404	0.932	5.074	18.745	-0.829	0.507	0.953	5.203	38.549
