--- Terminal on /dev/ttyUSB0 | 115200 8-N-1
--- Available filters and text transformations: colorize, debug, default, direct, esp32_exception_decoder, hexlify, log2file, nocontrol, printable, send_on_enter, time
--- More details at https://bit.ly/pio-monitor-filters
--- Quit: Ctrl+C | Menu: Ctrl+T | Help: Ctrl+T followed by Ctrl+H
MOT: Init
MOT: Enable driver.
MOT: Align sensor.
MOT: sensor_direction==CCW
MOT: PP check: OK!
MOT: Zero elec. angle: 1.82
MOT: Align current sense.
CS: Inv B
MOT: Success: 3
MOT: Ready.
0	0.00000	-0.01170	-0.01286	0.01701	-0.01772	-0.01170	-0.02160	0.03223	0.80994	-0.00018
8377	0.00000	-0.01815	-0.01286	0.02319	-0.02080	-0.01815	-0.02532	0.01572	0.81608	0.00000
8397	0.00000	-0.00042	-0.02414	0.00368	-0.02787	-0.00042	-0.02812	0.01584	0.82375	4.05816
8417	0.00000	0.00281	-0.01447	-0.00309	-0.01503	0.00281	-0.01509	0.01960	0.83755	0.00000
8437	0.00000	-0.00525	0.00809	0.00719	0.00397	-0.00525	0.00631	0.01584	0.87130	0.00000
8457	0.00000	0.02376	-0.02092	-0.02454	0.00841	0.02376	-0.01044	0.03294	0.90351	0.00000
8477	0.00000	0.00120	-0.01286	-0.01138	-0.00850	0.00120	-0.01416	0.02882	0.90965	0.00000
8497	0.00000	0.01087	-0.00158	-0.00406	0.01102	0.01087	0.00445	0.00169	0.90965	0.00000
8517	0.00000	0.00764	0.01132	0.00742	0.01758	0.00764	0.01748	0.01211	0.90658	0.00000
8537	0.00000	0.01087	-0.00480	-0.00709	0.00826	0.01087	0.00073	0.01696	0.90658	0.00000
8557	0.00000	-0.01976	0.00165	0.00635	-0.02098	-0.01976	-0.00950	0.03885	0.90812	0.00000
8577	0.00000	-0.01170	-0.01286	-0.00722	-0.02348	-0.01170	-0.02160	0.00751	0.90658	0.00000
8597	0.00000	-0.04877	0.01132	0.02416	-0.04496	-0.04877	-0.01509	0.04111	0.90505	0.00000
8617	0.00000	0.00120	-0.02092	-0.01784	-0.01529	0.00120	-0.02346	0.02177	0.90812	0.00000
8637	0.00000	-0.00042	-0.02253	-0.01812	-0.01900	-0.00042	-0.02625	0.01995	0.90505	0.00000
8657	0.00000	-0.01331	0.00487	0.00785	-0.01094	-0.01331	-0.00206	0.02706	0.90658	0.00000
8677	0.00000	-0.00525	-0.01447	-0.01041	-0.01758	-0.00525	-0.01974	0.00708	0.90658	0.00000
8697	0.00000	-0.04554	0.00809	0.01981	-0.04437	-0.04554	-0.01695	0.03482	0.90658	0.00000
8717	0.00000	0.00120	-0.02253	-0.01919	-0.01657	0.00120	-0.02532	0.01814	0.90812	0.00000
8737	0.00000	-0.00848	-0.01286	-0.00815	-0.01988	-0.00848	-0.01974	0.00649	0.90812	0.00000
8757	0.00000	-0.05038	0.00809	0.02204	-0.04941	-0.05038	-0.01974	0.04452	0.90505	0.00000
8777	0.00000	-0.00203	-0.01447	-0.01110	-0.01416	-0.00203	-0.01788	0.01299	0.90658	0.00000
8797	0.00000	-0.03104	0.00971	0.01695	-0.02685	-0.03104	-0.00671	0.02067	0.90505	0.00000
8817	0.00000	-0.00525	-0.01447	-0.01041	-0.01758	-0.00525	-0.01974	0.01483	0.90658	0.00000
8837	0.00000	0.01248	0.00326	-0.00092	0.01658	0.01248	0.01097	0.05578	0.90505	3.77829
8857	0.00000	-0.01815	-0.01608	-0.00745	-0.03342	-0.01815	-0.02905	0.02317	0.90505	0.00000
8877	0.00000	-0.00848	0.01132	0.01177	-0.00012	-0.00848	0.00818	0.00872	0.90505	0.00000
8897	0.00000	0.01731	-0.00319	-0.00790	0.01664	0.01731	0.00631	0.03207	0.90658	0.00000
8917	0.00000	0.01087	0.04194	0.03064	0.04659	0.01087	0.05470	0.03282	0.90505	0.00000
8937	0.00000	-0.00203	0.00487	0.00460	0.00167	-0.00203	0.00445	0.01452	0.90658	0.00000
8957	0.00000	-0.01653	-0.01286	-0.00582	-0.02888	-0.01653	-0.02439	0.01572	0.90658	0.00000
8977	0.00000	-0.01170	0.01132	0.01276	-0.00371	-0.01170	0.00631	0.01090	0.90505	0.00000
8997	0.00000	0.01892	-0.16275	-0.13767	-0.11282	0.01892	-0.17700	0.01823	0.90505	0.00000
9017	0.00000	0.00764	0.00487	0.00181	0.01248	0.00764	0.01004	0.00841	0.90658	0.00000
9037	0.00000	0.00764	0.01454	0.00943	0.02047	0.00764	0.02120	0.00712	0.90505	0.00000
9057	0.00000	0.01087	0.00971	0.00452	0.02008	0.01087	0.01748	0.10984	0.90505	0.00000
9077	0.00000	-0.00203	0.00487	0.00448	0.00198	-0.00203	0.00445	0.02121	0.90045	0.00000
9097	0.00000	-0.00525	-0.01286	-0.00853	-0.01657	-0.00525	-0.01788	0.00787	0.90351	0.00000
9117	0.00000	0.06405	0.01132	-0.01188	0.08041	0.06405	0.05005	0.02043	0.90351	0.00000
9137	0.00000	0.00120	0.00809	0.00619	0.00799	0.00120	0.01004	0.02042	0.90505	3.75057
9157	0.00000	0.03343	0.01132	-0.00111	0.04652	0.03343	0.03237	0.01584	0.90351	0.00000
9177	0.00000	0.02376	0.00326	-0.00466	0.02912	0.02376	0.01748	0.01203	0.90505	0.00000
9197	0.00000	-0.01492	-0.01608	-0.00844	-0.02984	-0.01492	-0.02718	0.03104	0.90505	0.00000
9217	0.00000	0.01248	0.01454	0.00751	0.02598	0.01248	0.02399	0.01823	0.90351	0.00000
9237	0.00000	-0.00686	-0.01125	-0.00672	-0.01701	-0.00686	-0.01695	0.00456	0.90351	0.00000
9257	0.00000	-0.01492	-0.00158	0.00331	-0.01790	-0.01492	-0.01043	0.01958	0.90505	0.00000
9277	0.00000	-0.01009	-0.01286	-0.00695	-0.02193	-0.01009	-0.02067	0.13253	0.90351	0.00000
9297	0.00000	0.03021	-0.01447	-0.02101	0.02171	0.03021	0.00073	0.04290	0.90505	0.00000
9317	0.00000	0.01087	-0.01286	-0.01376	0.00151	0.01087	-0.00857	0.01689	0.90505	0.00000
9337	0.00000	-0.00525	0.00487	0.00553	-0.00193	-0.00525	0.00259	0.01483	0.90658	0.00000
9357	0.00000	0.05761	0.01615	-0.00462	0.07740	0.05761	0.05191	0.03147	0.90505	0.00000
9377	0.00000	0.02054	-0.01286	-0.01673	0.01228	0.02054	-0.00299	0.02766	0.90505	0.00000
9397	0.00000	-0.00848	0.01132	0.01177	-0.00012	-0.00848	0.00818	0.01458	0.90505	0.00000
9417	0.00000	0.01570	0.01454	0.00646	0.02955	0.01570	0.02586	0.01370	0.90351	0.00000
9437	0.00000	-0.01492	-0.01930	-0.01105	-0.03249	-0.01492	-0.03091	0.00169	0.90505	0.00000
9457	0.00000	-0.02298	-0.01125	-0.00146	-0.03486	-0.02298	-0.02625	0.00700	0.90351	0.00000
9477	0.00000	0.01409	0.00809	0.00223	0.02234	0.01409	0.01748	0.00551	0.90505	0.00000
9497	0.00000	-0.02459	0.02099	0.02473	-0.00969	-0.02459	0.01004	0.02107	0.90351	0.00000
9517	0.00000	-0.01815	0.02099	0.02270	-0.00179	-0.01815	0.01376	0.01103	0.90045	0.00000
9537	0.00000	0.01087	-0.00802	-0.01002	0.00516	0.01087	-0.00299	0.05390	0.90198	0.00000
9557	0.00000	-0.00203	-0.00158	-0.00065	-0.00355	-0.00203	-0.00299	0.01921	0.90505	0.00000
9577	0.00000	0.01087	-0.01608	-0.01640	-0.00031	0.01087	-0.01230	0.02173	0.90965	0.00000
9597	0.00000	0.00442	0.01615	0.01111	0.01859	0.00442	0.02120	0.33244	0.90198	0.00000
9617	0.00000	0.00442	0.02099	0.01411	0.02319	0.00442	0.02679	0.01244	0.89891	0.00000
9637	0.00000	0.02054	-0.00319	-0.00889	0.02023	0.02054	0.00818	0.01114	0.90505	0.00000
9657	0.00000	0.02054	0.01132	0.00231	0.03221	0.02054	0.02493	0.01154	0.90351	0.00000
9677	0.00000	-0.00686	0.00487	0.00612	-0.00353	-0.00686	0.00166	0.02450	0.90351	0.00000
9697	0.00000	0.03182	0.01454	0.00120	0.04740	0.03182	0.03516	0.02348	0.90351	0.00000
9717	0.00000	-0.02782	-0.00319	0.00597	-0.03358	-0.02782	-0.01974	0.02727	0.90505	0.00000
9737	0.00000	-0.01815	0.01132	0.01510	-0.01038	-0.01815	0.00259	0.22932	0.90198	0.00000
9757	0.00000	0.00764	0.00326	0.00029	0.01119	0.00764	0.00818	0.00505	0.90505	0.00000
9777	0.00000	0.00281	-0.00802	-0.00730	-0.00360	0.00281	-0.00764	0.01455	0.90351	0.00000
9797	0.00000	0.00281	-0.01608	-0.01389	-0.01011	0.00281	-0.01695	0.02570	0.90351	0.00000
9817	0.00000	0.03665	0.00971	-0.00423	0.04872	0.03665	0.03237	0.01458	0.90351	0.00000
9837	0.00000	-0.00525	-0.00158	-0.00039	-0.00714	-0.00525	-0.00485	0.02467	0.91425	0.00000
9857	0.00000	0.01409	-0.00802	-0.00878	0.01107	0.01409	-0.00113	0.01385	0.92346	0.00000
9877	0.00000	0.00281	-0.01286	-0.01218	-0.00587	0.00281	-0.01323	0.00292	0.91579	0.00000
9897	0.00000	0.01248	0.01454	0.01094	0.02473	0.01248	0.02399	0.01232	0.91579	0.00000
9917	0.00000	-0.06166	0.00487	0.01513	-0.06687	-0.06166	-0.02998	0.01870	0.91579	0.00000
9937	0.00000	0.01248	-0.01286	-0.01376	0.00496	0.01248	-0.00764	0.01304	0.91425	0.00000
9957	0.00000	-0.01653	-0.01286	-0.00919	-0.02800	-0.01653	-0.02439	0.09753	0.91732	0.00000
9977	0.00000	0.05761	0.01132	-0.00107	0.07391	0.05761	0.04633	0.01454	0.91425	0.00000
9997	0.00000	0.00281	-0.00963	-0.00924	-0.00359	0.00281	-0.00950	0.02188	0.91732	0.00000
10017	0.00000	-0.01170	0.01454	0.01514	-0.00286	-0.01170	0.01004	0.02201	0.91579	0.00000
10037	0.00000	0.00442	0.05000	0.04289	0.04259	0.00442	0.06028	0.02190	0.91272	0.00000
10057	0.00000	0.00764	0.00809	0.00597	0.01456	0.00764	0.01376	0.01411	0.91425	0.00000
10077	0.00000	0.01248	0.00971	0.00622	0.02135	0.01248	0.01841	0.04437	0.91425	0.00000
10097	0.00000	-0.00203	0.00326	0.00095	0.00315	-0.00203	0.00259	0.22819	0.91579	0.00000
10117	0.00000	-0.00686	0.00165	0.00257	-0.00669	-0.00686	-0.00206	0.02212	0.91732	0.00000
10137	0.00000	-0.00686	0.00648	0.00698	-0.00328	-0.00686	0.00352	0.02380	0.91732	0.00000
10157	0.00000	0.00281	0.00809	0.00665	0.00916	0.00281	0.01097	0.01463	0.91425	0.00000
10177	0.00000	0.02054	0.00165	-0.00209	0.02463	0.02054	0.01376	0.02296	0.91425	0.00000
10197	0.00000	0.01087	0.01132	0.00796	0.02070	0.01087	0.01934	0.00549	0.91425	0.00000
10217	0.00000	-0.01492	0.00487	0.00722	-0.01340	-0.01492	-0.00299	0.01385	0.91425	0.00000
10237	0.00000	0.00120	-0.01286	-0.01180	-0.00791	0.00120	-0.01416	0.07348	0.91425	0.00000
10257	0.00000	0.01409	-0.01286	-0.01404	0.00680	0.01409	-0.00671	0.01959	0.91579	0.00000
10277	0.00000	-0.01976	-0.01125	-0.00670	-0.03067	-0.01976	-0.02439	0.01913	0.91579	0.00000
10297	0.00000	0.00281	-0.00480	-0.00481	-0.00034	0.00281	-0.00392	0.02752	0.91425	0.00000
10317	0.00000	-0.01815	0.00487	0.00841	-0.01679	-0.01815	-0.00485	0.17011	0.91118	0.00000
10337	0.00000	0.01248	0.01454	0.01010	0.02509	0.01248	0.02399	0.05364	0.91272	0.00000
10357	0.00000	0.00120	0.02099	0.01632	0.01888	0.00120	0.02492	0.22609	0.90198	0.00000
10377	0.00000	0.05277	-0.00480	-0.01918	0.05511	0.05277	0.02492	0.01584	0.90658	0.00000
10397	0.00000	-0.01653	0.00809	0.01144	-0.01194	-0.01653	-0.00020	0.02360	0.90505	0.00000
10417	0.00000	0.00120	-0.01608	-0.01359	-0.01167	0.00120	-0.01788	0.01390	0.90812	0.00000
10437	0.00000	0.01409	0.01776	0.01057	0.03012	0.01409	0.02865	0.01673	0.90658	0.00000
10457	0.00000	-0.08906	0.00326	0.02838	-0.09693	-0.08906	-0.04766	0.05099	0.90658	0.00000
10477	0.00000	0.02054	0.04678	0.03261	0.06079	0.02054	0.06587	0.04390	0.90658	0.00000
10497	0.00000	0.00120	-0.00641	-0.00575	-0.00366	0.00120	-0.00671	0.02394	0.90965	0.00000
10517	0.00000	-0.00525	0.00487	0.00546	-0.00212	-0.00525	0.00259	0.02887	0.90965	0.00000
10537	0.00000	0.00764	0.06289	0.05061	0.05857	0.00764	0.07703	0.02168	0.90658	0.00000
10557	0.00000	0.00442	0.01776	0.01336	0.01931	0.00442	0.02306	0.01860	0.90658	0.00000
10577	0.00000	-0.00203	-0.01608	-0.01292	-0.01506	-0.00203	-0.01974	0.00623	0.90812	0.00000
10597	0.00000	-0.07133	0.00487	0.02460	-0.07580	-0.07133	-0.03556	0.04280	0.90658	0.00000
10617	0.00000	-0.00042	-0.02092	-0.01741	-0.01709	-0.00042	-0.02439	0.02426	0.90965	0.00000
10637	0.00000	-0.03426	0.01454	0.02187	-0.02654	-0.03426	-0.00299	0.01633	0.90658	0.00000
10657	0.00000	-0.01331	-0.01930	-0.01258	-0.03029	-0.01331	-0.02998	0.02415	0.90812	0.00000
10677	0.00000	-0.00364	-0.00963	-0.00709	-0.01175	-0.00364	-0.01323	0.08315	0.90658	0.00000
10697	0.00000	-0.01170	-0.01286	-0.00761	-0.02336	-0.01170	-0.02160	0.01428	0.90812	0.00000
10717	0.00000	0.00442	-0.00963	-0.00916	-0.00301	0.00442	-0.00857	0.01854	0.90658	0.00000
10737	0.00000	-0.00525	-0.01447	-0.01099	-0.01721	-0.00525	-0.01974	0.03695	0.90965	0.00000
10757	0.00000	-0.01331	-0.05637	-0.04362	-0.05976	-0.01331	-0.07278	0.03015	0.90658	0.00000
10777	0.00000	-0.01492	0.21762	0.18628	0.15623	-0.01492	0.24267	0.00802	0.90812	0.00000
10797	0.00000	0.01892	-0.00480	-0.00912	0.01743	0.01892	0.00538	0.01581	0.90812	0.00000
10817	0.00000	0.01248	0.00648	0.00206	0.01916	0.01248	0.01469	0.00459	0.90812	0.00000
10837	0.00000	0.01892	0.05322	0.04053	0.06288	0.01892	0.07238	0.03651	0.90965	0.00000
10857	0.00000	-0.00364	-0.00480	-0.00317	-0.00785	-0.00364	-0.00764	0.01802	0.90965	0.00000
10877	0.00000	0.00281	-0.01286	-0.01153	-0.00707	0.00281	-0.01323	0.08105	0.90812	0.00000
10897	0.00000	0.01409	0.00326	-0.00107	0.01841	0.01409	0.01190	0.00893	0.90812	0.00000
10917	0.00000	-0.02137	-0.01286	-0.00501	-0.03421	-0.02137	-0.02718	0.00497	0.90658	0.00000
10937	0.00000	0.00281	0.00326	0.00178	0.00581	0.00281	0.00538	0.01842	0.90505	0.00000
10957	0.00000	0.00764	-0.00158	-0.00363	0.00721	0.00764	0.00259	0.03181	0.90505	0.00000
10977	0.00000	-0.00364	-0.00802	-0.00556	-0.01056	-0.00364	-0.01137	0.02171	0.90505	0.00000
10997	0.00000	0.00603	0.00487	0.00227	0.01068	0.00603	0.00911	0.12154	0.90658	0.00000
11017	0.00000	0.01731	0.01132	0.00433	0.02851	0.01731	0.02306	0.01244	0.90658	0.00000
11037	0.00000	-0.01170	0.07901	0.06847	0.05083	-0.01170	0.08448	0.03763	0.90658	0.00000
11057	0.00000	0.00764	0.05806	0.04469	0.05627	0.00764	0.07145	0.03410	0.90658	0.00000
11077	0.00000	-0.00203	-0.00480	-0.00357	-0.00603	-0.00203	-0.00671	0.02415	0.90965	0.00000
11097	0.00000	0.00442	-0.00480	-0.00521	0.00115	0.00442	-0.00299	0.04661	0.90658	0.00000
11117	0.00000	-0.00203	-0.00319	-0.00220	-0.00477	-0.00203	-0.00485	0.01934	0.90965	0.00000
11137	0.00000	0.00764	-0.01447	-0.01418	-0.00292	0.00764	-0.01230	0.09144	0.90812	0.00000
11157	0.00000	0.01248	0.01132	0.00611	0.02301	0.01248	0.02027	0.01630	0.90658	0.00000
11177	0.00000	-0.00525	0.01454	-0.00082	0.01470	-0.00525	0.01376	0.05623	0.90965	-3.68746
11197	0.00000	-0.00203	-0.01286	-0.01022	-0.01250	-0.00203	-0.01602	0.01304	0.90812	0.00000
11217	0.00000	0.00764	0.06773	0.05466	0.06242	0.00764	0.08262	0.01866	0.90658	0.00000
11237	0.00000	0.02054	0.01132	0.00394	0.03205	0.02054	0.02493	0.01353	0.90812	0.00000
11257	0.00000	0.00442	0.01132	0.00829	0.01396	0.00442	0.01562	0.02499	0.90812	0.00000
11277	0.00000	0.02698	-0.01286	-0.01805	0.02007	0.02698	0.00073	0.06358	0.90812	0.00000
11297	0.00000	-0.01170	-0.00802	-0.00356	-0.01951	-0.01170	-0.01602	0.00169	0.90812	0.00000
11317	0.00000	0.03988	0.02421	0.00844	0.06416	0.03988	0.05098	0.01493	0.90658	0.00000
11337	0.00000	0.05438	0.01132	-0.00519	0.07005	0.05438	0.04447	0.03526	0.90812	-3.71425
11357	0.00000	0.00281	-0.01447	-0.01288	-0.00835	0.00281	-0.01509	0.02467	0.90812	0.00000
11377	1.00000	0.26229	0.26919	0.47638	0.23563	0.26229	0.46227	0.62695	0.32520	-43.60157
11397	1.00000	0.32837	-0.32392	0.33440	0.17325	0.32837	-0.18444	0.33781	5.59596	-51.66271
11417	1.00000	-0.16965	-0.34648	0.41182	0.32749	-0.16965	-0.49803	0.46454	4.55746	-51.52798
11437	1.00000	-0.40657	0.39974	0.38719	0.25849	-0.40657	0.22685	0.39018	3.58491	-52.61628
11457	1.00000	-0.10840	-0.06443	-0.04468	-0.16886	-0.10840	-0.13699	0.21850	2.52340	-59.92129
11477	1.00000	-0.10840	0.06450	0.00523	-0.10892	-0.10840	0.01190	0.10934	1.44961	-54.92530
11497	1.00000	0.09629	0.04678	0.12680	-0.07214	0.09629	0.10960	0.16206	0.42338	-51.93163
11517	1.00000	0.06405	0.04194	0.00024	-0.10676	0.06405	0.08541	0.11240	5.64658	-53.02665
11537	1.00000	0.08823	-0.11601	0.06421	-0.10273	0.08823	-0.08302	0.12242	4.61268	-53.28981
11557	1.00000	-0.54840	0.66890	0.64639	0.30091	-0.54840	0.45576	0.69954	3.61713	-48.99707
11577	1.00000	-0.11807	0.13703	0.09799	-0.11157	-0.11807	0.09006	0.13885	2.57402	-55.34998
11597	1.00000	0.01731	0.08223	0.07341	-0.07697	0.01731	0.10495	0.11307	1.53858	-52.06738
11617	1.00000	0.07695	-0.05637	0.06638	-0.04405	0.07695	-0.02067	0.09677	0.52309	-49.97932
11637	1.00000	0.22684	-0.13696	-0.02250	-0.22735	0.22684	-0.02718	0.22358	5.74322	-53.15672
11657	1.00000	-0.21800	0.01776	0.24162	0.01542	-0.21800	-0.10535	0.27167	4.69091	-55.49300
11677	1.00000	0.25907	0.60443	0.77935	0.42181	0.25907	0.84751	0.78394	3.72297	-52.06738
11697	1.00000	-0.12613	0.24663	-0.05219	-0.24106	-0.12613	0.21196	0.23553	2.69520	-56.51524
11717	1.00000	0.30742	-0.42062	0.36928	0.23048	0.30742	-0.30820	0.35170	1.60761	-52.76578
11737	1.00000	-0.03910	-0.30619	0.37814	-0.00027	-0.03910	-0.37613	0.41316	0.59825	-51.39626
11757	1.00000	0.10273	-0.22561	-0.04467	-0.22144	0.10273	-0.20119	0.23137	5.84140	-55.92654
11777	1.00000	-0.12774	0.04678	0.08651	-0.09603	-0.12774	-0.01974	0.12959	4.79062	-49.48339
11797	1.00000	0.75548	-0.25139	0.66255	0.39111	0.75548	0.14589	0.75878	3.81194	-51.00206
11817	1.00000	0.13013	-0.06121	0.11185	-0.06664	0.13013	0.00445	0.13522	2.77651	-71.61110
11837	1.00000	0.08500	-0.13857	0.11961	-0.07227	0.08500	-0.11093	0.14597	1.72419	-56.96497
11857	1.00000	-0.05038	-0.04348	0.06961	-0.06309	-0.05038	-0.07929	0.10937	0.70717	-52.75595
11877	1.00000	-0.11485	-0.11117	-0.04633	-0.22121	-0.11485	-0.19468	0.22175	5.93344	-54.36909
11897	1.00000	-0.07617	0.08707	0.04515	-0.08344	-0.07617	0.05656	0.09772	4.88419	-51.52922
11917	1.00000	0.41380	-0.62209	0.49578	0.39398	0.41380	-0.47942	0.47052	3.90245	-49.97887
11937	1.00000	0.14141	-0.19176	0.12806	-0.15210	0.14141	-0.13978	0.20359	2.88082	-56.07256
11957	1.00000	-0.25668	-0.01286	0.28999	0.09143	-0.25668	-0.16304	0.30274	1.79783	-52.63675
11977	1.00000	-0.39690	0.46743	0.48943	0.12011	-0.39690	0.31060	0.52175	0.77926	-49.48324
11997	1.00000	-0.15675	0.11124	0.01183	-0.16084	-0.15675	0.03795	0.16289	6.03161	-57.09622
12017	1.00000	-0.02137	0.13059	0.04089	-0.13398	-0.02137	0.13845	0.11855	4.98084	-57.26878
12037	1.00000	-0.20027	-0.41418	0.47390	0.41010	-0.20027	-0.59388	0.51723	3.98528	-52.47844
12057	1.00000	-0.28569	-0.00802	0.33442	0.01077	-0.28569	-0.17421	0.34949	2.95905	-55.49300
12077	1.00000	-0.16642	0.10641	0.16457	-0.03642	-0.16642	0.02679	0.17802	1.90367	-49.60648
12097	1.00000	-0.04393	0.11447	0.09992	-0.05790	-0.04393	0.10681	0.12552	0.89431	-51.93163
12117	1.00000	-0.01653	0.07579	-0.00942	-0.07914	-0.01653	0.07797	0.10184	6.14513	-55.92654
12137	1.00000	0.06566	0.00487	0.02612	-0.07433	0.06566	0.04354	0.08489	5.08054	-53.82284
12157	1.00000	-0.07617	-0.10473	0.18146	0.00809	-0.07617	-0.16490	0.17613	4.05738	-48.99590
12177	1.00000	-0.30664	0.34494	0.37432	0.05343	-0.30664	0.22127	0.40541	3.05722	-53.28921
12197	1.00000	-0.12291	0.10641	0.06743	-0.11511	-0.12291	0.05191	0.12480	2.00798	-56.66436
12217	1.00000	0.41380	-0.11440	0.40052	0.14905	0.41380	0.10681	0.44195	0.96334	-54.92499
12237	1.00000	-0.05360	-0.26590	0.26064	0.22174	-0.05360	-0.33798	0.35469	6.24637	-60.49502
12257	1.00000	0.03343	-0.16758	0.17595	-0.02241	0.03343	-0.17421	0.18935	5.15878	-54.92530
12277	1.00000	-0.30664	0.41908	0.29021	0.32244	-0.30664	0.30687	0.33459	4.16629	-52.20368
12297	1.00000	-0.03426	0.28853	0.31076	-0.05294	-0.03426	0.31339	0.34494	3.16153	-51.52860
12317	1.00000	0.05599	0.08868	0.13511	-0.05505	0.05599	0.13473	0.16757	2.09082	-71.78748
12337	1.00000	0.27519	-0.39806	0.37396	0.16229	0.27519	-0.30076	0.41801	1.05691	-53.42207
12357	1.00000	-0.04877	-0.06443	0.11355	0.00146	-0.04877	-0.10256	0.08651	0.05369	-57.11631
12377	1.00000	-0.11807	-0.04348	0.16441	-0.03032	-0.11807	-0.11838	0.19976	5.24468	-54.92408
12397	1.00000	-0.05199	0.09513	0.09514	0.00477	-0.05199	0.07983	0.08992	4.24759	-47.07883
12417	1.00000	0.41380	-0.03865	0.45669	0.01952	0.41380	0.19428	0.46551	3.25818	-56.66436
12437	1.00000	0.07533	0.03872	0.01891	-0.11444	0.07533	0.08820	0.10876	2.20433	-53.15790
12457	1.00000	0.05599	-0.16758	0.15834	-0.06359	0.05599	-0.16118	0.20147	1.16429	-56.07256
12477	1.00000	-0.16642	0.19022	0.14444	0.14864	-0.16642	0.12356	0.17864	0.15033	-56.81414
12497	1.00000	-0.11646	-0.01769	0.04980	-0.13699	-0.11646	-0.08767	0.14163	5.35052	-52.76608
12517	1.00000	0.12852	0.01132	0.12768	0.08848	0.12852	0.08727	0.23284	4.33810	-53.28981
12537	1.00000	0.52662	-0.73169	0.67854	0.33075	0.52662	-0.54084	0.68863	3.34101	-48.87639
12557	1.00000	0.07533	-0.15147	0.14296	-0.05002	0.07533	-0.13140	0.16268	2.27950	-57.26878
12577	1.00000	-0.17932	-0.00480	0.20963	0.01022	-0.17932	-0.10907	0.22931	1.24713	-51.39641
12597	1.00000	-0.09390	0.03872	0.04941	-0.08040	-0.09390	-0.00950	0.10623	0.24390	-54.33718
12617	1.00000	-0.21961	0.08385	-0.07385	-0.20897	-0.21961	-0.02998	0.21630	5.45790	-48.87698
12637	1.00000	-0.04554	0.10157	-0.02917	-0.09748	-0.04554	0.09099	0.11101	4.43781	-52.06738
12657	1.00000	-0.20027	-0.49476	0.61713	0.36213	-0.20027	-0.68693	0.70225	3.42998	-52.06738
12677	1.00000	-0.14225	-0.04348	0.19411	-0.00790	-0.14225	-0.13233	0.18050	2.37460	-54.23120
12697	1.00000	-0.22767	0.24179	0.26800	0.04281	-0.22767	0.14775	0.29980	1.34070	-53.28951
12717	1.00000	0.41541	-0.05637	0.32090	0.31642	0.41541	0.17474	0.32279	0.34668	-67.84195
12737	1.00000	-0.11485	0.31754	0.01274	-0.32130	-0.11485	0.30036	0.31836	5.55915	-52.06738
12757	1.00000	0.06566	-0.07249	0.07763	-0.01957	0.06566	-0.04580	0.21187	4.52985	-50.48558
12777	1.00000	-0.61287	0.09029	0.65954	0.05365	-0.61287	-0.24958	0.69468	3.54810	-32.72502
12797	1.00000	-0.13097	-0.03542	0.06359	-0.16334	-0.13097	-0.11652	0.16501	2.48198	-52.76608
12817	1.00000	-0.08745	0.12091	0.09532	-0.08065	-0.08745	0.08913	0.11744	1.44348	-56.66404
12837	1.00000	0.05922	-0.05154	0.05650	0.03091	0.05922	-0.02532	0.04836	0.44332	-52.47828
12857	1.00000	0.07533	0.07901	-0.02021	-0.15303	0.07533	0.13473	0.14758	5.64812	-53.28981
12877	1.00000	0.09145	-0.13696	0.08733	-0.10878	0.09145	-0.10535	0.15211	4.61115	-53.28981
12897	1.00000	-0.37272	0.48839	0.42727	0.27923	-0.37272	0.34875	0.44332	3.61559	-49.97947
12917	1.00000	-0.02782	0.16927	0.18060	0.01825	-0.02782	0.17939	0.17987	2.56482	-60.55141
12937	1.00000	0.31548	-0.03865	0.30071	0.16733	0.31548	0.13752	0.31868	1.50944	-49.97947
12957	1.00000	0.36867	-0.50766	0.43259	0.29687	0.36867	-0.37334	0.43624	0.47093	-48.99693
12977	1.00000	0.02376	-0.16758	0.17452	0.04926	0.02376	-0.17979	0.13311	5.69414	-56.66436
12997	1.00000	-0.15192	0.01776	0.14134	0.08725	-0.15192	-0.06720	0.09533	4.64796	-49.60648
13017	1.00000	-0.40979	0.45938	0.50421	-0.00350	-0.40979	0.29385	0.50696	3.65548	-46.13489
13037	1.00000	-0.02620	0.04355	0.02268	-0.03752	-0.02620	0.03516	0.11374	2.62311	-53.28981
13057	1.00000	0.12207	0.01132	0.14626	0.02208	0.12207	0.08355	0.19836	1.52478	-69.20203
13077	1.00000	0.11079	-0.15952	0.16298	0.01293	0.11079	-0.12024	0.17852	0.52155	-54.36894
13097	1.00000	0.20911	-0.13857	0.00392	-0.21273	0.20911	-0.03928	0.21480	5.74016	-56.95372
13117	1.00000	0.00281	-0.09344	0.02988	-0.10202	0.00281	-0.10628	0.10242	4.70779	-52.61691
13137	1.00000	0.13013	0.34656	0.38650	0.30567	0.13013	0.47530	0.42154	3.70456	-52.06738
13157	1.00000	0.18654	0.02421	0.22906	0.02686	0.18654	0.13566	0.42336	2.65685	-58.25260
13177	1.00000	0.37834	-0.55601	0.44736	0.34988	0.37834	-0.42359	0.46588	1.60301	-53.68918
13197	1.00000	-0.12130	-0.43513	0.56606	0.14838	-0.12130	-0.57247	0.61412	0.58445	-52.61674
13217	1.00000	0.09790	-0.23044	-0.01841	-0.23056	0.09790	-0.20957	0.22940	5.84140	-55.49300
13237	1.00000	-0.25829	0.29659	0.31425	0.07306	-0.25829	0.19335	0.33745	4.77528	-67.34569
13257	1.00000	0.57819	-0.16920	0.48826	0.33915	0.57819	0.13845	0.52399	3.80120	-46.13489
13277	1.00000	0.00281	-0.17081	0.11878	0.15545	0.00281	-0.19561	0.35516	2.78264	-111.77219
13297	1.00000	0.08178	-0.13696	0.12153	-0.06499	0.08178	-0.11093	0.14389	1.72113	-55.49300
13317	1.00000	-0.34371	0.04516	0.37009	0.05063	-0.34371	-0.14629	0.41573	0.69183	-55.49285
13337	1.00000	-0.11485	-0.10473	-0.05216	-0.21335	-0.11485	-0.18724	0.21053	5.93804	-54.92530
13357	1.00000	-0.08423	0.07901	0.03019	-0.08943	-0.08423	0.04260	0.09803	4.88419	-54.36789
13377	1.00000	0.41057	-0.57535	0.48292	0.34338	0.41057	-0.42731	0.51253	3.90245	-60.75130
13397	1.00000	0.14625	-0.16758	0.08642	-0.16068	0.14625	-0.10907	0.18515	2.88082	-54.92530
13417	1.00000	-0.20833	-0.03381	0.25857	0.04378	-0.20833	-0.15932	0.24479	1.79629	-53.28981
13437	1.00000	-0.27602	0.34333	0.35762	0.06695	-0.27602	0.23709	0.40303	0.78693	-64.70890
13457	1.00000	-0.22122	0.10480	-0.06808	-0.21058	-0.22122	-0.00671	0.22284	6.03621	-57.09622
13477	1.00000	-0.06650	0.16604	-0.01582	-0.16638	-0.06650	0.15334	0.15756	4.98544	-36.42709
13497	1.00000	-0.11163	-0.25300	0.27543	0.25250	-0.11163	-0.35659	0.29347	3.98835	-53.17815
13517	1.00000	-0.43558	0.05322	0.46012	0.11884	-0.43558	-0.19003	0.42977	2.95138	-53.82404
13537	1.00000	-0.20349	0.18216	0.21982	0.04130	-0.20349	0.09285	0.22361	1.89293	-53.28951
13557	1.00000	0.04632	0.26436	0.33115	0.05191	0.04632	0.33200	0.38786	0.88051	-51.26413
13577	1.00000	-0.02620	0.10641	-0.01266	-0.11016	-0.02620	0.10774	0.14052	6.14206	-56.07256
13597	1.00000	0.07695	0.04355	-0.00192	-0.12201	0.07695	0.09471	0.11636	5.08515	-52.63675
13617	1.00000	-0.40174	0.09996	0.32048	0.26881	-0.40174	-0.11652	0.32878	4.08192	-64.70905
13637	1.00000	-0.24701	0.19183	0.25174	-0.06204	-0.24701	0.07890	0.27360	3.06950	-53.42178
13657	1.00000	-0.12935	0.08062	0.03080	-0.12697	-0.12935	0.01841	0.11932	2.01105	-55.78128
13677	1.00000	0.09790	-0.00802	0.04033	-0.10095	0.09790	0.04726	0.11396	1.08913	-49.36091
13697	1.00000	-0.19705	-0.01286	0.22030	0.08268	-0.19705	-0.12861	0.19405	0.07210	-36.81556
13717	1.00000	-0.10034	0.12414	0.08823	0.09786	-0.10034	0.08541	0.13055	5.29377	-56.81427
13737	1.00000	-0.14386	0.08546	0.11220	-0.09136	-0.14386	0.01562	0.15887	4.24146	-64.70905
13757	1.00000	0.42024	-0.04993	0.45809	0.03075	0.42024	0.18498	0.47190	3.25664	-52.34070
13777	1.00000	0.08178	0.07901	0.00118	-0.16079	0.08178	0.13845	0.15019	2.21047	-53.28981
13797	1.00000	-0.04877	-0.31103	0.37689	0.10157	-0.04877	-0.38730	0.42402	1.14742	-56.07225
13817	1.00000	-0.20349	0.30787	0.19721	0.24324	-0.20349	0.23802	0.42138	0.16414	-59.65481
13837	1.00000	-0.12291	-0.03059	0.04769	-0.15532	-0.12291	-0.10628	0.15618	5.34899	-53.42237
13857	1.00000	0.30420	0.02905	0.30108	0.21360	0.30420	0.20917	0.19521	4.34270	-49.23903
13877	1.00000	0.52339	-0.62209	0.62569	0.23574	0.52339	-0.41615	0.67725	3.33794	-64.07250
13897	1.00000	0.00281	-0.20626	0.22882	0.06004	0.00281	-0.23655	0.19526	2.27950	-57.11647
13917	1.00000	-0.37917	0.06934	0.32969	0.23309	-0.37917	-0.13885	0.34041	1.22105	-49.11745
13937	1.00000	-0.40174	0.45938	0.48768	0.11233	-0.40174	0.29850	0.53252	0.20402	-58.04252
13957	1.00000	-0.04393	0.14187	0.14213	-0.02993	-0.04393	0.13845	0.15243	5.43183	-55.78128
13977	1.00000	0.04632	0.05483	0.07025	-0.07295	0.04632	0.09006	0.10507	4.42553	-51.93179
13997	1.00000	-0.22928	-0.55601	0.70829	0.38797	-0.22928	-0.77440	0.77325	3.42691	-50.74251
14017	1.00000	-0.05038	-0.09828	0.12841	-0.07982	-0.05038	-0.14257	0.19681	2.37767	-54.50648
14037	1.00000	-0.22928	0.24341	0.27053	0.03843	-0.22928	0.14869	0.30463	1.34070	-49.48309
14057	1.00000	0.33966	-0.07249	0.28382	0.21778	0.33966	0.11239	0.27395	0.36509	-49.11760
14077	1.00000	0.01892	0.12575	0.02154	-0.15578	0.01892	0.15613	0.18741	5.58829	-54.23059
14097	1.00000	0.10757	-0.12407	0.13452	-0.00779	0.10757	-0.08116	0.16239	4.51604	-48.99707
14117	1.00000	-0.74503	0.16443	0.74989	0.22449	-0.74503	-0.24028	0.77255	3.53583	-51.79690
14137	1.00000	-0.12774	-0.16758	-0.07212	-0.28728	-0.12774	-0.26726	0.29783	2.50192	-54.36909
14157	1.00000	-0.05360	0.12575	0.11933	-0.04106	-0.05360	0.11426	0.14010	1.44041	-52.61659
14177	1.00000	0.14625	0.01132	0.17007	-0.04438	0.14625	0.09751	0.19836	0.42184	-51.39626
14197	1.00000	0.05761	0.03872	0.00607	-0.09674	0.05761	0.07797	0.08839	5.64045	-68.51546
14217	1.00000	-0.49199	0.09029	0.49514	0.17087	-0.49199	-0.17979	0.46477	4.67557	-50.23125
14237	1.00000	0.14141	0.34656	0.38808	0.31860	0.14141	0.48181	0.40578	3.70456	-52.61691
14257	1.00000	0.34610	-0.01286	0.37223	0.12424	0.34610	0.18498	0.25725	2.65685	-54.23180
14277	1.00000	-0.03104	0.10157	-0.01660	-0.10277	-0.03104	0.09937	0.14610	1.57386	-55.92654
14297	1.00000	-0.06166	-0.26106	0.25033	0.23395	-0.06166	-0.33705	0.44115	0.54456	-53.17799
14317	1.00000	0.27196	-0.14985	-0.05220	-0.26737	0.27196	-0.01602	0.27257	5.74629	-52.76490
14337	1.00000	0.04955	-0.12729	-0.01950	-0.12683	0.04955	-0.11838	0.12084	4.70779	-36.81564
14357	1.00000	0.22039	0.51901	0.66845	0.35993	0.22039	0.72654	0.73125	3.72451	-51.52922
14377	1.00000	0.02698	0.11124	0.10116	-0.10601	0.02698	0.14403	0.14977	2.67986	-56.07256
14397	1.00000	0.13658	-0.02092	0.10649	-0.10150	0.13658	0.05470	0.15867	1.62755	-53.68948
14417	1.00000	0.06244	-0.14663	0.10818	-0.09976	0.06244	-0.13326	0.16167	0.61666	-49.23888
14437	1.00000	0.05761	-0.11117	-0.03698	-0.10486	0.05761	-0.09511	0.10332	5.84907	-56.51524
14457	1.00000	-0.26313	0.31271	0.33109	0.05789	-0.26313	0.20917	0.37467	4.77375	-48.52021
14477	1.00000	0.69746	-0.21916	0.59656	0.39101	0.69746	0.14962	0.56450	3.80581	-46.25081
14497	1.00000	0.10112	0.07579	-0.02361	-0.17593	0.10112	0.14589	0.18048	2.79798	-54.92530
14517	1.00000	0.10112	-0.13374	0.10659	-0.08992	0.10112	-0.09604	0.14657	1.72419	-55.63677
14537	1.00000	-0.35338	0.06289	0.37284	0.05582	-0.35338	-0.13140	0.41934	0.69336	-52.06722
14557	1.00000	-0.10840	-0.10473	-0.04357	-0.20861	-0.10840	-0.18351	0.22056	5.93344	-54.50708
14577	1.00000	-0.07294	0.08062	0.04142	-0.07876	-0.07294	0.05098	0.08970	4.88419	-55.49300
14597	1.00000	0.41541	-0.60275	0.49304	0.37082	0.41541	-0.45616	0.47750	3.90245	-49.85392
14617	1.00000	0.15270	-0.17242	0.09841	-0.16104	0.15270	-0.11093	0.18894	2.88235	-59.45679
14637	1.00000	-0.23250	-0.01608	0.27135	0.06136	-0.23250	-0.15281	0.25196	1.79629	-53.28981
14657	1.00000	-0.27441	0.32722	0.34894	0.04070	-0.27441	0.21941	0.38679	0.79000	-49.23888
14677	1.00000	0.01409	0.04678	0.06333	-0.00699	0.01409	0.06215	0.11448	6.03928	-53.28981
14697	1.00000	-0.10034	0.19022	-0.05161	-0.18317	-0.10034	0.16171	0.17844	4.98851	-57.26878
14717	1.00000	-0.32760	1.03315	-0.04961	-1.05476	-0.32760	1.00384	1.07198	3.96994	-51.93179
14737	1.00000	-0.16320	-0.03703	0.20439	0.06020	-0.16320	-0.13699	0.13804	2.91917	-53.28981
14757	1.00000	0.13658	-0.25945	-0.03580	-0.25708	0.13658	-0.22073	0.24817	1.84078	-56.36691
14777	1.00000	-0.11646	0.03066	0.06239	-0.10336	-0.11646	-0.03184	0.11990	0.80074	-50.48544
14797	1.00000	0.05922	0.03066	0.08268	0.03889	0.05922	0.06959	0.13910	6.04082	-72.14287
14817	1.00000	-0.07939	0.15315	-0.02993	-0.15023	-0.07939	0.13101	0.14420	4.99004	-56.66436
14837	1.00000	-0.00042	-0.38839	0.36383	0.26259	-0.00042	-0.44871	0.40082	3.96381	-49.48339
14857	1.00000	-0.43719	0.04839	0.45899	0.13812	-0.43719	-0.19654	0.41339	2.95291	-69.55096
14877	1.00000	-0.20188	0.11124	0.20198	-0.00980	-0.20188	0.01190	0.16197	1.88680	-56.07225
14897	1.00000	0.09629	0.15798	0.16811	0.19404	0.09629	0.23802	0.16818	0.83909	-56.07241
14917	1.00000	0.16237	-0.01447	0.14738	0.10283	0.16237	0.07703	0.34718	6.06229	-53.28981
14937	1.00000	-0.10518	0.17733	-0.06116	-0.16752	-0.10518	0.14403	0.17182	4.98851	-56.96497
14957	1.00000	-0.17609	-0.38517	0.45139	0.35469	-0.17609	-0.54642	0.44017	3.98988	-52.61691
14977	1.00000	0.00764	-0.16597	0.04674	-0.18146	0.00764	-0.18724	0.19463	2.98513	-56.36628
14997	1.00000	-0.22445	0.20150	0.24091	0.05437	-0.22445	0.10309	0.21490	1.89600	-52.89574
15017	1.00000	0.08662	0.32560	0.42279	0.10093	0.08662	0.42598	0.45952	0.87284	-32.72502
15037	1.00000	-0.07939	0.18700	-0.04861	-0.18130	-0.07939	0.17009	0.19605	6.13746	-55.78128
15057	1.00000	0.08017	-0.00480	0.04073	-0.08017	0.08017	0.04074	0.09372	5.07901	-53.02547
15077	1.00000	-0.06005	-0.11762	0.18072	0.00325	-0.06005	-0.17049	0.19286	4.05585	-64.07192
15097	1.00000	-0.32115	0.33850	0.37923	0.03912	-0.32115	0.20545	0.42252	3.05416	-53.15790
15117	1.00000	-0.10195	0.10802	0.07855	-0.09253	-0.10195	0.06587	0.11644	2.00031	-56.51524
15137	1.00000	0.23651	-0.06766	0.23023	0.07962	0.23651	0.05842	0.35393	0.97408	-55.49269
15157	1.00000	-0.10034	-0.31425	0.31713	0.29423	-0.10034	-0.42080	0.28792	6.24944	-60.32509
15177	1.00000	0.03021	-0.17081	0.18099	-0.02190	0.03021	-0.17979	0.20160	5.15264	-54.36909
15197	1.00000	-0.25668	0.36590	0.24201	0.28731	-0.25668	0.27431	0.41121	4.16629	-52.47844
15217	1.00000	0.00442	0.34011	0.39505	0.01412	0.00442	0.39527	0.42685	3.16153	-55.34937
15237	1.00000	0.20911	-0.01769	0.21842	0.07794	0.20911	0.10030	0.20156	2.08928	-53.82404
15257	1.00000	0.25585	-0.26268	0.29639	0.04263	0.25585	-0.15560	0.35787	1.06151	-68.51517
15277	1.00000	0.00281	-0.07410	0.07509	-0.03762	0.00281	-0.08395	0.09397	0.05216	-56.66420
15297	1.00000	-0.12291	-0.04026	0.16786	-0.02681	-0.12291	-0.11745	0.20047	5.24315	-54.92408
15317	1.00000	-0.05844	0.08707	0.08850	-0.00660	-0.05844	0.06680	0.09313	4.24759	-50.61372
15337	1.00000	0.37189	-0.02092	0.41750	0.01750	0.37189	0.19056	0.44889	3.26124	-52.61691
15357	1.00000	0.06566	0.06612	-0.00504	-0.13168	0.06566	0.11426	0.11694	2.20586	-53.95927
15377	1.00000	0.06244	-0.17564	0.16361	-0.07029	0.06244	-0.16676	0.18585	1.16429	-55.63677
15397	1.00000	-0.25668	0.23051	0.24452	0.14144	-0.25668	0.11798	0.20190	0.15647	-55.85923
15417	1.00000	-0.10034	-0.04026	0.02956	-0.14176	-0.10034	-0.10442	0.12994	5.35666	-67.67582
15437	1.00000	0.02054	0.20150	0.24525	-0.00768	0.02054	0.24453	0.26766	4.32122	-50.48558
15457	1.00000	0.43636	-0.57857	0.58456	0.14791	0.43636	-0.41615	0.64631	3.35021	-49.85452
15477	1.00000	0.21555	-0.12568	0.01668	-0.21589	0.21555	-0.02067	0.21611	2.30557	-55.06552
15497	1.00000	-0.37595	0.09029	0.36073	0.15463	-0.37595	-0.11279	0.45485	1.23946	-53.28981
15517	1.00000	-0.10195	-0.01125	0.01104	-0.12423	-0.10195	-0.07185	0.12913	0.24544	-54.18953
15537	1.00000	-0.29697	0.13864	-0.09060	-0.28304	-0.29697	-0.01137	0.29462	5.46711	-48.52021
15557	1.00000	0.02376	-0.01769	0.02292	0.00918	0.02376	-0.00671	0.00647	4.43627	-52.47844
15577	1.00000	-0.06166	-0.44641	0.55234	0.04893	-0.06166	-0.55107	0.58213	3.45606	-51.26429
15597	1.00000	0.06405	-0.21271	0.06296	-0.20897	0.06405	-0.20864	0.21035	2.39301	-56.07194
15617	1.00000	-0.17287	0.12736	0.17428	-0.04170	-0.17287	0.04726	0.20438	1.34837	-53.28951
15637	1.00000	0.45087	-0.09989	0.31899	0.35000	0.45087	0.14496	0.42851	0.34821	-68.51524
15657	1.00000	-0.09551	0.19344	-0.00523	-0.19338	-0.09551	0.16823	0.19126	5.54534	-56.66436
15677	1.00000	0.09629	-0.06443	0.08389	-0.05086	0.09629	-0.01881	0.11218	4.52064	-53.68948
15697	1.00000	-0.67412	0.12253	0.69862	0.16641	-0.67412	-0.24772	0.71601	3.54503	-53.17815
15717	1.00000	-0.12774	-0.00802	0.08468	-0.12663	-0.12774	-0.08302	0.14069	2.48198	-70.91357
15737	1.00000	-0.06327	0.12736	0.11666	-0.05107	-0.06327	0.11053	0.14651	1.44194	-56.66404
15757	1.00000	0.04632	-0.03059	0.04528	0.01300	0.04632	-0.00857	0.02132	0.44332	-52.61674
15777	1.00000	0.07050	0.08223	-0.02972	-0.14996	0.07050	0.13566	0.14620	5.65119	-53.82404
15797	1.00000	0.08984	-0.12729	0.07576	-0.10667	0.08984	-0.09511	0.13531	4.61268	-49.48339
15817	1.00000	-0.45492	0.67374	0.54411	0.41998	-0.45492	0.51531	0.52159	3.61713	-68.00919
15837	1.00000	-0.00203	0.19183	0.21616	0.04263	-0.00203	0.22034	0.18105	2.56175	-57.11583
15857	1.00000	0.23973	-0.02898	0.24053	0.10306	0.23973	0.10495	0.23703	1.51864	-50.87165
15877	1.00000	0.46537	-0.67528	0.62044	0.30455	0.46537	-0.51106	0.63766	0.48934	-52.25239
15897	1.00000	0.06889	-0.16758	0.15711	-0.06079	0.06889	-0.15374	0.17876	5.72021	-55.49300
15917	1.00000	-0.02459	-0.07249	0.05766	-0.08285	-0.02459	-0.09790	0.11288	4.69705	-56.66436
15937	1.00000	0.23328	0.57542	0.74966	0.36184	0.23328	0.79912	0.75883	3.72604	-48.82711
15957	1.00000	-0.02782	0.15960	0.05228	-0.16229	-0.02782	0.16823	0.16259	2.67986	-56.07256
15977	1.00000	0.14625	-0.11117	0.15259	-0.00580	0.14625	-0.04393	0.15957	1.62295	-72.32188
15997	1.00000	0.00120	-0.19659	0.22341	-0.03610	0.00120	-0.22632	0.24029	0.61052	-50.87181
16017	1.00000	0.12691	-0.26912	-0.07139	-0.25963	0.12691	-0.23748	0.26210	5.84754	-55.92654
16037	1.00000	-0.10840	0.01454	0.05152	-0.10579	-0.10840	-0.04580	0.12102	4.79522	-53.95927
16057	1.00000	0.72325	-0.22238	0.62262	0.40151	0.72325	0.16078	0.73674	3.81348	-66.69501
16077	1.00000	0.08984	0.03066	0.02224	-0.12325	0.08984	0.08727	0.11086	2.78878	-71.61110
16097	1.00000	-0.09873	-0.27073	0.32125	0.20772	-0.09873	-0.36962	0.33876	1.69965	-56.07256
16117	1.00000	-0.38723	0.07256	0.40652	0.06485	-0.38723	-0.13978	0.44944	0.68722	-53.17799
16137	1.00000	-0.12291	-0.14341	-0.08579	-0.25238	-0.12291	-0.23655	0.25786	5.93957	-54.50708
16157	1.00000	-0.07939	0.07579	0.02995	-0.08451	-0.07939	0.04167	0.09590	4.88419	-54.36789
16177	1.00000	0.40574	-0.55601	0.47991	0.31708	0.40574	-0.40777	0.56307	3.90398	-45.45082
16197	1.00000	0.07695	-0.21916	0.21464	-0.05810	0.07695	-0.20864	0.22960	2.86701	-54.92530
16217	1.00000	-0.06327	-0.07894	0.12881	-0.06094	-0.06327	-0.12768	0.14243	1.81010	-54.92499
16237	1.00000	-0.14386	0.10802	0.13624	-0.06220	-0.14386	0.04167	0.17094	0.79614	-49.73004
16257	1.00000	0.11402	0.03872	0.13656	0.08103	0.11402	0.11053	0.10459	6.03928	-68.17712
16277	1.00000	0.15914	-0.00158	0.18242	0.01269	0.15914	0.09006	0.21662	4.96856	-56.07256
16297	1.00000	-0.18415	-0.37388	0.42833	0.37406	-0.18415	-0.53804	0.48292	3.98682	-52.34070
16317	1.00000	-0.03104	-0.14341	0.10179	-0.15581	-0.03104	-0.18351	0.19322	2.98206	-56.96434
16337	1.00000	-0.12452	-0.00319	0.07572	-0.12442	-0.12452	-0.07557	0.14683	1.91441	-52.89604
16357	1.00000	-0.03104	0.13220	0.12847	-0.05106	-0.03104	0.13473	0.15010	0.88971	-50.23110
16377	1.00000	-0.04071	0.11447	-0.02884	-0.11240	-0.04071	0.10867	0.14633	6.14973	-56.07256
16397	1.00000	0.18332	-0.22399	0.23309	0.05118	0.18332	-0.15281	0.25912	5.05753	-52.76490
16417	1.00000	-0.32921	0.05000	0.28630	0.20953	-0.32921	-0.13233	0.25438	4.07119	-49.48339
16437	1.00000	-0.26313	0.24824	0.29532	-0.01292	-0.26313	0.13473	0.32914	3.06643	-52.76549
16457	1.00000	-0.02943	0.14348	0.15013	0.02077	-0.02943	0.14869	0.16192	1.98957	-55.49300
16477	1.00000	0.40090	-0.09183	0.39114	0.15316	0.40090	0.12542	0.42376	0.96334	-50.48558
16497	1.00000	0.10273	-0.05637	0.08213	-0.06197	0.10273	-0.00578	0.11087	6.22489	-57.88606
16517	1.00000	0.14303	-0.11601	0.03847	-0.14701	0.14303	-0.05138	0.14854	5.17105	-55.49300
16537	1.00000	-0.25507	0.12736	0.25506	0.00020	-0.25507	-0.00020	0.22703	4.18163	-43.15559
16557	1.00000	0.16076	0.05645	0.20639	0.09057	0.16076	0.15799	0.23630	3.19835	-49.85452
16577	1.00000	-0.14064	0.25308	-0.02571	-0.25229	-0.14064	0.21103	0.23695	2.11689	-57.26878
16597	1.00000	0.14947	-0.13857	0.16524	-0.02175	0.14947	-0.07371	0.18480	1.07072	-48.87698
16617	1.00000	0.02859	-0.08539	0.06263	-0.06027	0.02859	-0.08209	0.10522	0.05829	-51.39626
16637	1.00000	-0.07617	-0.07088	0.13314	-0.06250	-0.07617	-0.12582	0.16804	5.25235	-50.48558
16657	1.00000	-0.09067	0.06289	0.07266	-0.05790	-0.09067	0.02027	0.10403	4.24452	-50.48558
16677	1.00000	0.44442	-0.05960	0.47923	0.05568	0.44442	0.18777	0.49213	3.25971	-52.61691
16697	1.00000	0.08178	0.03711	0.02949	-0.11802	0.08178	0.09006	0.11577	2.20740	-56.53508
16717	1.00000	-0.04877	-0.31747	0.37647	0.12828	-0.04877	-0.39474	0.37327	1.14742	-51.00176
16737	1.00000	-0.04554	-0.08700	0.07685	-0.11060	-0.04554	-0.12675	0.13488	0.13346	-39.33282
16757	1.00000	-0.15192	0.07579	0.13724	-0.06514	-0.15192	-0.00020	0.16986	5.34592	-52.25254
16777	1.00000	0.21072	0.02743	0.21648	0.14506	0.21072	0.15334	0.18628	4.34117	-49.60648
16797	1.00000	0.34933	-0.40128	0.43602	0.01949	0.34933	-0.26168	0.45974	3.36402	-49.36091
16817	1.00000	0.08500	-0.14502	0.13192	-0.06191	0.08500	-0.11838	0.15421	2.28717	-55.49300
16837	1.00000	-0.18254	0.00165	0.20941	0.01313	-0.18254	-0.10349	0.22753	1.24866	-52.89604
16857	1.00000	0.00603	0.06450	0.06250	0.04700	0.00603	0.07797	0.03727	0.26538	-61.35924
16877	1.00000	-0.07939	0.11286	0.08568	-0.07808	-0.07939	0.08448	0.12075	5.43796	-55.49300
16897	1.00000	0.03182	0.05322	0.04994	-0.06993	0.03182	0.07983	0.08946	4.42553	-36.81564
16917	1.00000	-0.08584	-0.47220	0.59530	0.08218	-0.08584	-0.59481	0.63215	3.44839	-51.52922
16937	1.00000	0.15431	-0.30136	-0.05489	-0.29632	0.15431	-0.25889	0.30209	2.40682	-56.36691
16957	1.00000	-0.33243	0.35623	0.37832	0.12453	-0.33243	0.21941	0.37030	1.33303	-52.89604
16977	1.00000	-0.00525	0.18538	0.20756	-0.03839	-0.00525	0.21103	0.22781	0.32367	-50.87188
16997	1.00000	-0.05038	0.16604	0.02630	-0.16821	-0.05038	0.16264	0.15892	5.54227	-56.51524
17017	1.00000	0.08500	-0.08539	0.09584	-0.02217	0.08500	-0.04952	0.11112	4.51451	-54.23180
17037	1.00000	-0.72086	0.14348	0.74220	0.17736	-0.72086	-0.25051	0.78052	3.53889	-53.17815
17057	1.00000	-0.12774	-0.16597	-0.08054	-0.28329	-0.12774	-0.26540	0.29163	2.50499	-54.78519
17077	1.00000	-0.05844	0.12091	0.10989	-0.05049	-0.05844	0.10588	0.14073	1.44501	-55.92623
17097	1.00000	0.11079	0.04033	0.14195	-0.06588	0.11079	0.11053	0.18151	0.42184	-51.52906
17117	1.00000	0.07856	0.05645	-0.00088	-0.13560	0.07856	0.11053	0.12941	5.64658	-53.42237
17137	1.00000	0.07695	-0.11601	0.07435	-0.09169	0.07695	-0.08953	0.12634	4.61115	-49.23903
17157	1.00000	-0.56774	0.73659	0.74081	0.21613	-0.56774	0.52276	0.79372	3.63553	-48.87698
17177	1.00000	-0.17771	0.09513	0.00151	-0.17783	-0.17771	0.00725	0.17179	2.59089	-54.92530
17197	1.00000	-0.01653	0.11447	0.05164	-0.11245	-0.01653	0.12263	0.11571	1.54165	-56.07256
17217	1.00000	0.01731	-0.29491	0.26619	0.19672	0.01731	-0.33054	0.28145	0.52769	-50.35795
17237	1.00000	0.26068	-0.14341	-0.05030	-0.25621	0.26068	-0.01509	0.24796	5.74629	-53.28862
17257	1.00000	-0.19543	0.21762	0.20750	0.11958	-0.19543	0.13845	0.15278	4.74614	-55.06613
17277	1.00000	0.18493	0.53674	0.70046	0.26709	0.18493	0.72654	0.71027	3.73218	-47.07883
17297	1.00000	-0.14869	0.32399	-0.09727	-0.30944	-0.14869	0.28826	0.34916	2.71668	-56.66436
17317	1.00000	0.10596	-0.04026	0.08813	-0.06063	0.10596	0.01469	0.11517	1.63522	-52.89604
17337	1.00000	-0.13097	-0.07088	0.19744	0.05439	-0.13097	-0.15746	0.16075	0.64274	-60.30379
17357	1.00000	-0.09551	0.08223	0.09246	0.04645	-0.09551	0.03981	0.13176	5.86748	-55.63677
17377	1.00000	-0.09551	-0.07249	-0.03344	-0.16516	-0.09551	-0.13885	0.17061	4.80289	-54.78519
17397	1.00000	0.74259	-0.23044	0.66399	0.37002	0.74259	0.16264	0.66757	3.81961	-51.00206
17417	1.00000	0.12691	-0.00802	0.07221	-0.12242	0.12691	0.06401	0.14639	2.78418	-56.53508
17437	1.00000	0.07856	-0.14018	0.12659	-0.06100	0.07856	-0.11652	0.15457	1.72113	-56.66436
17457	1.00000	-0.04554	-0.05799	0.06995	-0.07666	-0.04554	-0.09325	0.10201	0.71177	-53.17799
17477	1.00000	-0.14225	-0.15308	-0.08377	-0.28324	-0.14225	-0.25889	0.27788	5.93957	-54.92530
17497	1.00000	-0.10195	0.07417	0.01201	-0.10472	-0.10195	0.02679	0.10787	4.89186	-54.92408
17517	1.00000	0.43636	-0.61081	0.53647	0.32881	0.43636	-0.45337	0.64611	3.90398	-49.11716
17537	1.00000	0.11240	-0.19821	0.15656	-0.12249	0.11240	-0.16397	0.21597	2.87315	-54.36909
17557	1.00000	-0.01815	-0.11923	0.10248	-0.10851	-0.01815	-0.14815	0.15428	1.81317	-54.50678
17577	1.00000	0.00603	0.51095	0.57793	0.13502	0.00603	0.59348	0.57247	0.87590	-48.18786
17597	1.00000	0.36867	-0.40451	0.41964	0.15639	0.36867	-0.25423	0.43149	6.18501	-57.57569
17617	1.00000	-0.04877	-0.19821	0.19022	0.17959	-0.04877	-0.25703	0.28266	5.11122	-55.63677
17637	1.00000	-0.43397	0.10963	0.36348	0.26753	-0.43397	-0.12396	0.43943	4.08192	-49.97947
17657	1.00000	-0.15031	-0.00158	0.04622	-0.16823	-0.15031	-0.08860	0.17169	3.08330	-54.64578
17677	1.00000	-0.12935	0.07417	0.01473	-0.12897	-0.12935	0.01097	0.12716	2.00798	-55.49300
17697	1.00000	0.34288	-0.06927	0.34698	0.10523	0.34288	0.11798	0.36121	0.96794	-54.78488
17717	1.00000	-0.01976	-0.21593	0.20972	0.15619	-0.01976	-0.26075	0.17636	6.24484	-41.79784
17737	1.00000	0.14625	-0.10634	0.02770	-0.14863	0.14625	-0.03835	0.14533	5.16952	-55.34998
17757	1.00000	-0.11646	-0.01286	0.13421	-0.04784	-0.11646	-0.08209	0.16215	4.14482	-52.06738
17777	1.00000	0.05438	0.37879	0.46731	0.06587	0.05438	0.46879	0.47394	3.15386	-36.33060
17797	1.00000	-0.06327	0.17249	0.03171	-0.17160	-0.06327	0.16264	0.15343	2.10462	-56.66436
17817	1.00000	0.15270	-0.19498	0.20063	0.04269	0.15270	-0.13699	0.22713	1.07225	-53.82374
17837	1.00000	0.00442	-0.06282	0.06117	-0.03429	0.00442	-0.06999	0.07142	0.06136	-56.66420
17857	1.00000	-0.01815	-0.12407	0.09422	-0.12282	-0.01815	-0.15374	0.15989	5.25849	-55.92654
17877	1.00000	-0.05199	0.09835	0.09802	0.00861	-0.05199	0.08355	0.09740	4.24606	-50.35810
17897	1.00000	0.39284	-0.04026	0.43166	0.02218	0.39284	0.18032	0.46168	3.25818	-56.51524
17917	1.00000	0.14786	-0.13857	0.16349	0.02650	0.14786	-0.07464	0.13965	2.19052	-52.76608
17937	1.00000	-0.04716	-0.28524	0.34670	0.09575	-0.04716	-0.35659	0.36127	1.15355	-52.89573
17957	1.00000	-0.15514	0.13542	0.13927	0.09557	-0.15514	0.06680	0.18662	0.14726	-56.17393
17977	1.00000	-0.12613	0.01776	0.08462	-0.10716	-0.12613	-0.05231	0.14143	5.35206	-52.76608
17997	1.00000	0.11079	0.02743	0.12670	0.07326	0.11079	0.09565	0.23143	4.34117	-49.36091
18017	1.00000	0.33805	-0.41418	0.43875	0.04353	0.33805	-0.28308	0.45935	3.36402	-49.11775
18037	1.00000	0.08339	-0.14018	0.12705	-0.06117	0.08339	-0.11372	0.15043	2.28717	-56.07256
18057	1.00000	-0.18093	-0.00480	0.21101	0.01749	-0.18093	-0.11000	0.23283	1.25173	-51.13284
18077	1.00000	0.01087	0.08223	0.08057	0.06222	0.01087	0.10123	0.04497	0.25924	-56.01623
18097	1.00000	-0.07939	0.11447	0.09261	-0.07197	-0.07939	0.08634	0.11842	5.43950	-55.49300
18117	1.00000	0.02054	0.08223	0.05198	-0.09554	0.02054	0.10681	0.10331	4.42553	-53.17815
18137	1.00000	-0.08584	-0.46092	0.58360	0.07239	-0.08584	-0.58178	0.62949	3.44839	-51.39641
18157	1.00000	0.03021	-0.17081	0.07220	-0.16739	0.03021	-0.17979	0.18320	2.38687	-55.49239
18177	1.00000	-0.17448	0.14187	0.18376	-0.02551	-0.17448	0.06308	0.21016	1.34530	-49.48309
18197	1.00000	0.41057	-0.07894	0.31856	0.29723	0.41057	0.14589	0.37967	0.34668	-49.36076
18217	1.00000	-0.07133	0.17894	0.00567	-0.18007	-0.07133	0.16543	0.16999	5.54227	-55.92654
18237	1.00000	0.07211	-0.04026	0.05427	-0.04773	0.07211	-0.00485	0.08783	4.51757	-50.87196
18257	1.00000	-0.63221	0.10802	0.66423	0.12709	-0.63221	-0.24028	0.70663	3.54810	-52.61691
18277	1.00000	-0.13580	-0.17564	-0.07993	-0.30187	-0.13580	-0.28122	0.30740	2.50346	-58.25260
18297	1.00000	-0.05522	0.12253	0.11488	-0.04316	-0.05522	0.10960	0.13028	1.44194	-56.51493
18317	1.00000	0.15109	0.01132	0.17630	-0.04246	0.15109	0.10030	0.20047	0.42031	-51.52906
18337	1.00000	0.06566	0.05483	-0.00793	-0.12040	0.06566	0.10123	0.11532	5.64045	-53.82404
18357	1.00000	0.11563	-0.11440	0.02856	-0.12970	0.11563	-0.06534	0.12435	4.61575	-53.15790
18377	1.00000	-0.54357	0.66245	0.64053	0.29764	-0.54357	0.45111	0.69932	3.61559	-48.99707
18397	1.00000	-0.10518	0.13381	0.10081	-0.09845	-0.10518	0.09378	0.14713	2.57402	-55.49300
18417	1.00000	0.02054	0.08062	0.07733	-0.07386	0.02054	0.10495	0.11404	1.53858	-55.49300
18437	1.00000	0.20911	-0.29169	0.29620	0.05172	0.20911	-0.21608	0.33984	0.51235	-52.25239
18457	1.00000	0.23973	-0.14018	-0.03292	-0.23860	0.23973	-0.02346	0.23242	5.74476	-52.76490
18477	1.00000	-0.49683	0.39813	0.52599	0.00266	-0.49683	0.17288	0.55800	4.77835	-42.39657
18497	1.00000	0.54435	-0.11440	0.57130	0.05572	0.54435	0.18218	0.61339	3.83955	-49.08689
18517	1.00000	0.01087	-0.16275	0.15161	0.10063	0.01087	-0.18165	0.14372	2.81639	-58.84792
18537	1.00000	0.11563	-0.12246	0.07953	-0.11232	0.11563	-0.07464	0.12624	1.72419	-55.06583
18557	1.00000	-0.06327	-0.02736	0.07908	-0.04890	-0.06327	-0.06813	0.10995	0.70870	-56.36675
18577	1.00000	-0.10840	-0.11601	-0.05601	-0.21734	-0.10840	-0.19654	0.22697	5.93497	-54.36909
18597	1.00000	-0.06972	0.07417	0.03501	-0.07547	-0.06972	0.04540	0.09229	4.88419	-51.52922
18617	1.00000	0.36544	-0.47703	0.42669	0.25873	0.36544	-0.33984	0.46574	3.90552	-49.36032
18637	1.00000	0.16559	-0.16436	0.00939	-0.19027	0.16559	-0.09418	0.19200	2.88542	3.79699
18657	1.00000	-0.20349	-0.01447	0.23870	0.04937	-0.20349	-0.13420	0.29227	1.79936	-53.82404
18677	1.00000	-0.25507	0.30626	0.32680	0.02888	-0.25507	0.20638	0.35887	0.78693	-49.85437
18697	1.00000	0.05438	0.03872	0.08969	0.02653	0.05438	0.07610	0.10769	6.03928	-53.28981
18717	1.00000	-0.07778	0.16927	-0.01892	-0.16839	-0.07778	0.15055	0.16884	4.98851	-57.26878
18737	1.00000	-0.14708	-0.32231	0.35679	0.32134	-0.14708	-0.45709	0.41493	3.98988	-52.20368
18757	1.00000	-0.43558	0.03549	0.47437	0.09477	-0.43558	-0.21050	0.44240	2.95138	-49.97947
18777	1.00000	-0.17609	0.12736	0.18170	-0.00739	-0.17609	0.04540	0.20008	1.89600	-53.15790
18797	1.00000	0.12691	0.36912	0.48409	0.17673	0.12691	0.49949	0.46587	0.87437	-56.07241
18817	1.00000	-0.05360	0.17088	-0.00032	-0.17478	-0.05360	0.16637	0.18045	6.13286	-57.26878
18837	1.00000	0.07211	-0.02253	0.04996	-0.05430	0.07211	0.01562	0.08285	5.07594	-53.28862
18857	1.00000	-0.43558	0.10157	0.35879	0.28105	-0.43558	-0.13420	0.32677	4.07579	-49.60648
18877	1.00000	-0.22122	0.15315	0.21293	-0.07751	-0.22122	0.04912	0.23145	3.07256	-72.14228
18897	1.00000	0.02698	0.19344	0.21700	0.10357	0.02698	0.23895	0.17250	1.98957	-55.49300
18917	1.00000	0.41380	-0.10473	0.40446	0.14677	0.41380	0.11798	0.46147	0.96181	-55.49269
18937	1.00000	0.10435	-0.01769	0.04719	-0.10122	0.10435	0.03981	0.11420	6.22489	-57.26862
18957	1.00000	0.16881	-0.12407	0.02769	-0.17270	0.16881	-0.04580	0.17197	5.17258	-56.07256
18977	1.00000	-0.10034	-0.02736	0.11964	-0.06137	-0.10034	-0.08953	0.15176	4.14635	-52.06738
18997	1.00000	0.05277	0.37396	0.45544	0.09498	0.05277	0.46227	0.45777	3.15540	-52.61628
19017	1.00000	0.01248	0.09190	0.08030	-0.08092	0.01248	0.11332	0.12440	2.10155	-54.36909
19037	1.00000	0.16237	-0.17081	0.19252	0.00234	0.16237	-0.10349	0.22346	1.07379	-48.99707
19057	1.00000	-0.11001	-0.01769	0.12727	0.05434	-0.11001	-0.08395	0.07250	0.06136	-55.92638
19077	1.00000	-0.04877	-0.09828	0.11101	-0.10056	-0.04877	-0.14164	0.14516	5.25388	-56.07256
19097	1.00000	-0.09551	0.05483	0.06627	-0.06925	-0.09551	0.00818	0.10484	4.24299	-50.48558
19117	1.00000	0.39284	-0.03542	0.43344	0.03187	0.39284	0.18591	0.46056	3.26124	-52.20368
19137	1.00000	0.16237	-0.11440	0.16678	-0.00404	0.16237	-0.03835	0.17817	2.18592	-52.76608
19157	1.00000	-0.05199	-0.30136	0.36723	0.10349	-0.05199	-0.37799	0.42152	1.14742	-57.26846
19177	1.00000	0.00281	-0.11601	0.03160	-0.12853	0.00281	-0.13233	0.13500	0.14266	-61.18438
19197	1.00000	-0.13419	0.03711	0.10344	-0.09221	-0.13419	-0.03463	0.14488	5.34899	-71.08711
19217	1.00000	0.27680	-0.02253	0.21356	0.22116	0.27680	0.13380	0.31500	4.34117	-68.51546
19237	1.00000	0.34933	-0.40773	0.44021	0.02564	0.34933	-0.26912	0.46206	3.36402	-49.97947
19257	1.00000	0.11724	-0.14341	0.11932	-0.09534	0.11724	-0.09790	0.16110	2.28563	-55.49300
19277	1.00000	-0.34371	0.14187	0.29114	-0.18591	-0.34371	-0.03463	0.35626	1.36064	-42.29002
19297	1.00000	0.57497	-0.18370	0.48477	0.33153	0.57497	0.11984	0.47605	0.37889	-51.00191
19317	1.00000	0.21394	-0.20143	0.21919	0.09810	0.21394	-0.10907	0.16283	5.59596	-74.16213
19337	1.00000	-0.09873	-0.37227	0.47592	0.14233	-0.09873	-0.48687	0.46927	4.58047	-36.42709
19357	1.00000	-0.49038	0.58509	0.56980	0.26418	-0.49038	0.39248	0.62036	3.62173	-49.60648
19377	1.00000	0.00603	0.24179	0.26623	0.09519	0.00603	0.28268	0.20513	2.55868	-55.49239
19397	1.00000	0.15109	-0.02898	0.11962	0.10679	0.15109	0.05377	0.05965	1.49563	-68.17712
19417	1.00000	-0.11001	-0.43352	0.54772	0.17404	-0.11001	-0.56410	0.60742	0.58905	-51.52906
19437	1.00000	0.09629	-0.20788	-0.03610	-0.20489	0.09629	-0.18444	0.21539	5.83833	-56.07256
19457	1.00000	0.07050	-0.13051	-0.11556	-0.06096	0.07050	-0.11000	0.11477	4.81210	-45.22807
19477	1.00000	0.14947	-0.16436	0.14607	0.10823	0.14947	-0.10349	0.12132	3.88251	-51.52922
19497	1.00000	-0.02943	-0.29652	0.33113	0.14270	-0.02943	-0.35938	0.26518	2.83786	-61.19621
19517	1.00000	0.05761	-0.08539	0.03541	-0.07958	0.05761	-0.06534	0.11611	1.76715	-53.68918
19537	1.00000	-0.13580	0.01293	0.14936	-0.01264	-0.13580	-0.06348	0.17236	0.70717	-52.06722
19557	1.00000	-0.14064	-0.14341	-0.07631	-0.27358	-0.14064	-0.24679	0.26457	5.93957	-58.40045
19577	1.00000	-0.09551	0.07579	0.01845	-0.09914	-0.09551	0.03237	0.10248	4.89033	-51.52922
19597	1.00000	0.47826	-0.77359	0.59335	0.50740	0.47826	-0.61714	0.58889	3.90398	-61.51259
19617	1.00000	0.16559	-0.16758	0.06650	-0.18050	0.16559	-0.09790	0.19597	2.88388	-53.55500
19637	1.00000	-0.32437	0.05483	0.31181	0.15277	-0.32437	-0.12396	0.37085	1.79629	-53.28981
19657	1.00000	-0.30664	0.38201	0.39764	0.07496	-0.30664	0.26407	0.43792	0.78693	-49.48339
19677	1.00000	0.00925	0.04678	0.05912	-0.01065	0.00925	0.05935	0.11157	6.03928	-53.28981
19697	1.00000	-0.07939	0.16443	-0.02275	-0.16288	-0.07939	0.14403	0.16349	4.98697	-53.03672
19717	1.00000	-0.12774	-0.26590	0.29509	0.27246	-0.12774	-0.38079	0.32306	3.98988	-53.03672
19737	1.00000	-0.34049	-0.03381	0.41226	0.03831	-0.34049	-0.23562	0.43192	2.95445	-68.51546
19757	1.00000	-0.22122	0.14187	0.22368	-0.01430	-0.22122	0.03609	0.22466	1.89753	-53.95898
19777	1.00000	0.09145	0.31754	0.40806	0.13336	0.09145	0.41947	0.41991	0.87284	-52.61674
19797	1.00000	-0.04877	0.15315	-0.00640	-0.15634	-0.04877	0.14869	0.15942	6.12825	-56.66436
19817	1.00000	0.09629	-0.07410	0.09742	-0.02605	0.09629	-0.02998	0.11493	5.07134	-49.23785
19837	1.00000	-0.30664	0.05483	0.25858	0.20021	-0.30664	-0.11372	0.23662	4.07732	-49.97947
19857	1.00000	-0.40012	0.47711	0.46969	0.20442	-0.40012	0.31990	0.40746	3.04342	-52.76608
19877	1.00000	-0.02298	0.15960	0.17171	0.01689	-0.02298	0.17102	0.16150	1.99264	-56.36691
19897	1.00000	0.26552	-0.05799	0.27092	0.06744	0.26552	0.08634	0.33525	0.97254	-53.17783
19917	1.00000	0.08017	0.00809	0.01558	-0.09633	0.08017	0.05563	0.10247	6.23256	-59.16180
19937	1.00000	0.14786	-0.12084	0.04082	-0.15208	0.14786	-0.05417	0.14800	5.17105	-56.07256
19957	1.00000	-0.30664	0.39813	0.29147	0.29828	-0.30664	0.28268	0.31888	4.16629	-51.52922
19977	1.00000	0.10596	0.45132	0.53525	0.25249	0.10596	0.58231	0.46517	3.14006	-55.92654
19997	1.00000	0.24134	0.00165	0.25426	0.11638	0.24134	0.14124	0.10088	2.07394	-53.28981
20017	1.00000	0.20105	-0.22722	0.21669	0.12190	0.20105	-0.14629	0.19937	1.03544	-51.52922
20037	1.00000	-0.04071	-0.30458	0.33931	0.16526	-0.04071	-0.37520	0.24760	6.27245	-61.18442
20057	1.00000	-0.13258	-0.01286	0.14454	0.07096	-0.13258	-0.09139	0.06821	5.20173	-53.28981
20077	1.00000	-0.22767	0.30143	0.24809	0.19287	-0.22767	0.21661	0.23194	4.17703	-51.13284
20097	1.00000	-0.03910	0.26597	0.28258	-0.05131	-0.03910	0.28454	0.31905	3.16767	-54.92469
20117	1.00000	-0.12774	0.24018	-0.01377	-0.23993	-0.12774	0.20359	0.22678	2.11076	-56.66436
20137	1.00000	0.16076	-0.16114	0.18583	0.00076	0.16076	-0.09325	0.20854	1.07225	-68.68561
20157	1.00000	-0.02298	-0.05637	0.08035	-0.01458	-0.02298	-0.07836	0.06591	0.06289	-56.21920
20177	1.00000	-0.04716	-0.09183	0.10714	-0.09221	-0.04716	-0.13326	0.14876	5.25082	-51.39641
20197	1.00000	-0.12291	0.02421	0.04772	-0.12115	-0.12291	-0.04300	0.12800	4.24759	-51.00206
20217	1.00000	0.39768	-0.02898	0.44217	0.03280	0.39768	0.19614	0.46291	3.25971	-52.61691
20237	1.00000	0.07533	0.03388	0.03096	-0.10743	0.07533	0.08262	0.09805	2.20433	-71.08711
20257	1.00000	-0.07456	-0.33843	0.41213	0.15456	-0.07456	-0.43383	0.43073	1.14282	-52.06707
20277	1.00000	-0.04071	-0.09989	0.07739	-0.12224	-0.04071	-0.13885	0.15220	0.13959	-56.81414
20297	1.00000	-0.14225	0.03066	0.09952	-0.11184	-0.14225	-0.04673	0.15059	5.34746	-52.76608
20317	1.00000	0.08017	0.03066	0.10507	0.04539	0.08017	0.08169	0.34748	4.34423	-49.48339
20337	1.00000	0.35255	-0.42385	0.45290	0.02998	0.35255	-0.28587	0.46477	3.35942	-53.55559
20357	1.00000	0.07856	-0.15630	0.14537	-0.05743	0.07856	-0.13513	0.15433	2.28256	-55.92654
20377	1.00000	-0.13097	-0.03059	0.16992	-0.02418	-0.13097	-0.11093	0.19181	1.25173	-57.11647
20397	1.00000	-0.00042	0.04355	0.04242	0.02655	-0.00042	0.05005	0.02221	0.25771	-61.18442
20417	1.00000	0.00281	0.11447	0.12638	-0.04398	0.00281	0.13380	0.15005	5.48705	-46.13489
20437	1.00000	0.22684	-0.31747	0.24851	0.21263	0.22684	-0.23562	0.25954	4.45468	-51.39641
20457	1.00000	0.02376	-0.28363	0.30053	-0.09331	0.02376	-0.31379	0.34018	3.47447	-49.60648
20477	1.00000	0.07856	-0.21916	0.02828	-0.22025	0.07856	-0.20771	0.22064	2.39454	-54.92469
20497	1.00000	-0.00203	0.26919	0.30109	0.07235	-0.00203	0.30967	0.29390	1.43274	-48.56945
20517	1.00000	0.02376	0.03711	0.03180	-0.05247	0.02376	0.05656	0.07231	0.44025	-51.79675
20537	1.00000	0.13336	-0.11762	0.14570	0.00397	0.13336	-0.05882	0.14570	5.62511	-71.61110
20557	1.00000	0.03021	-0.19821	0.20760	-0.05014	0.03021	-0.21143	0.22940	4.60348	-51.79690
20577	1.00000	-0.58869	0.65762	0.70150	0.17410	-0.58869	0.41947	0.75001	3.63400	-49.97947
20597	1.00000	-0.22283	0.09190	-0.05198	-0.21784	-0.22283	-0.02253	0.22650	2.60010	-53.82404
20617	1.00000	0.25746	-0.03865	0.24997	0.12090	0.25746	0.10402	0.23811	1.51711	-53.28951
20637	1.00000	0.25585	-0.39161	0.37868	0.12152	0.25585	-0.30448	0.42991	0.50468	-53.15775
20657	1.00000	0.20911	-0.13857	0.01111	-0.21246	0.20911	-0.03928	0.21125	5.74322	-54.92408
20677	1.00000	-0.02620	-0.07410	0.06016	-0.08489	-0.02620	-0.10070	0.11441	4.69705	-52.61691
20697	1.00000	0.23006	0.57059	0.73673	0.36983	0.23006	0.79168	0.75551	3.72451	-52.34070
20717	1.00000	-0.14547	0.28692	-0.07806	-0.27609	-0.14547	0.24732	0.26864	2.69981	-55.06613
20737	1.00000	0.26229	-0.37388	0.32599	0.20268	0.26229	-0.28029	0.36371	1.60915	-52.76578
20757	1.00000	-0.02137	-0.26268	0.31636	-0.00094	-0.02137	-0.31565	0.35281	0.60285	-69.90297
20777	1.00000	0.12369	-0.27396	-0.04396	-0.27082	0.12369	-0.24493	0.27797	5.84600	-55.78128
20797	1.00000	-0.11485	-0.00158	0.03953	-0.12755	-0.11485	-0.06813	0.12479	4.79676	-53.82404
20817	1.00000	0.28486	-0.06443	0.23082	0.18965	0.28486	0.09006	0.22715	3.79507	-48.52021
20837	1.00000	0.31226	-0.39161	0.37588	0.17359	0.31226	-0.27191	0.32586	2.75810	-56.95490
20857	1.00000	-0.03104	-0.20949	0.19102	0.17882	-0.03104	-0.25982	0.19679	1.67051	-53.82404
20877	1.00000	-0.05683	-0.03542	0.09093	0.01986	-0.05683	-0.07371	0.06295	0.62893	-49.48324
20897	1.00000	-0.17932	0.09029	0.17901	0.01036	-0.17932	0.00073	0.11610	5.86901	-54.50708
20917	1.00000	-0.19221	0.15315	0.19671	-0.05081	-0.19221	0.06587	0.22588	4.78142	-48.52021
20937	1.00000	0.66522	-0.20788	0.57616	0.36228	0.66522	0.14403	0.67825	3.81348	-46.48440
20957	1.00000	0.08984	0.07579	-0.03579	-0.16191	0.08984	0.13938	0.17381	2.79645	-53.55559
20977	1.00000	0.40413	-0.29813	0.05933	-0.41486	0.40413	-0.11093	0.41514	1.75794	-46.60178
20997	1.00000	-0.35500	0.44971	0.39446	0.26303	-0.35500	0.31432	0.41511	0.74398	-51.79675
21017	1.00000	0.06244	0.28853	0.32989	0.17712	0.06244	0.36922	0.28180	5.98713	-61.35941
21037	1.00000	0.19460	-0.03703	0.16502	0.12440	0.19460	0.06959	0.04142	4.93021	-49.97947
21057	1.00000	0.42024	-0.59791	0.51947	0.32747	0.42024	-0.44778	0.63877	3.90091	-45.22748
21077	1.00000	0.23328	-0.16758	-0.01255	-0.24025	0.23328	-0.05882	0.23248	2.89462	-53.68888
21097	1.00000	0.03988	-0.15630	0.05101	-0.15420	0.03988	-0.15746	0.15409	1.82544	-56.66404
21117	1.00000	-0.28247	0.35461	0.37102	0.05306	-0.28247	0.24639	0.41528	0.78540	-49.11760
21137	1.00000	-0.10840	0.07579	-0.01000	-0.11078	-0.10840	0.02493	0.28201	6.03775	-53.42237
21157	1.00000	-0.08906	0.16443	-0.03918	-0.15988	-0.08906	0.13845	0.16327	4.99004	-52.61691
21177	1.00000	-0.15998	-0.32714	0.36907	0.33221	-0.15998	-0.47012	0.45002	3.98375	-52.61691
21197	1.00000	-0.07617	-0.10634	0.13646	-0.12242	-0.07617	-0.16676	0.19255	2.97285	-56.66373
21217	1.00000	-0.12774	0.00971	0.08839	-0.11142	-0.12774	-0.06254	0.15245	1.90981	-52.50805
21237	1.00000	0.08500	0.32399	0.41242	0.12733	0.08500	0.42319	0.41610	0.87284	-51.00191
21257	1.00000	-0.06327	0.16765	-0.01808	-0.16835	-0.06327	0.15706	0.17340	6.12825	-56.66436
21277	1.00000	0.10112	-0.06443	0.09472	-0.03884	0.10112	-0.01602	0.11461	5.07134	-69.20114
21297	1.00000	-0.20349	0.01132	0.19418	0.12086	-0.20349	-0.10442	0.17284	4.06965	-49.97947
21317	1.00000	-0.28569	0.29659	0.33580	0.01877	-0.28569	0.17753	0.36836	3.06489	-53.15731
21337	1.00000	-0.16320	0.10802	0.04611	-0.15949	-0.16320	0.03051	0.15990	2.01105	-56.66436
21357	1.00000	0.39768	-0.10150	0.39049	0.13525	0.39768	0.11239	0.42887	0.96181	-50.48528
21377	1.00000	-0.03104	-0.23366	0.22648	0.18016	-0.03104	-0.28773	0.36929	6.25251	-61.18442
21397	1.00000	0.05277	-0.15630	0.15302	-0.04323	0.05277	-0.15001	0.17834	5.15724	-54.78519
21417	1.00000	-0.27763	0.40297	0.26668	0.31459	-0.27763	0.30501	0.45916	4.16016	-51.93179
21437	1.00000	-0.02459	0.29498	0.32565	-0.03313	-0.02459	0.32642	0.35109	3.16614	-55.34937
21457	1.00000	0.06889	0.05000	0.11660	-0.02563	0.06889	0.09751	0.23217	2.08775	-53.82404
21477	1.00000	0.22039	-0.28685	0.29029	0.07690	0.22039	-0.20398	0.33346	1.06765	-49.97916
21497	1.00000	-0.07133	-0.03703	0.10783	0.02251	-0.07133	-0.08395	0.07280	0.05983	-56.36675
21517	1.00000	-0.05683	-0.09183	0.11830	-0.09225	-0.05683	-0.13885	0.17274	5.25235	-55.49300
21537	1.00000	-0.10357	0.09513	0.01328	-0.11425	-0.10357	0.05005	0.12626	4.34270	-46.13489
21557	1.00000	0.36222	-0.43835	0.46658	0.04145	0.36222	-0.29704	0.47311	3.35788	-49.73019
21577	1.00000	0.22684	-0.12084	-0.01094	-0.22672	0.22684	-0.00857	0.22358	2.30404	-55.34937
21597	1.00000	-0.33404	0.06934	0.32639	0.13328	-0.33404	-0.11279	0.34097	1.24406	-53.28981
21617	1.00000	-0.07456	0.03066	0.04023	-0.06323	-0.07456	-0.00764	0.08031	0.24850	-54.93602
21637	1.00000	-0.18576	0.06934	-0.05827	-0.17846	-0.18576	-0.02718	0.17711	5.45484	-52.63675
21657	1.00000	0.15270	0.00809	0.17934	-0.02561	0.15270	0.09751	0.20847	4.41480	-56.07256
21677	1.00000	-0.11485	-0.50121	0.63930	0.14343	-0.11485	-0.64506	0.69961	3.44225	-51.66271
21697	1.00000	0.00120	-0.14985	0.10212	-0.13884	0.00120	-0.17235	0.17541	2.38841	-53.82344
21717	1.00000	-0.17609	0.11930	0.17420	-0.04427	-0.17609	0.03609	0.20172	1.34990	-53.95898
21737	1.00000	0.24295	-0.03381	0.19886	0.17240	0.24295	0.10123	0.46037	0.35128	-53.15775
21757	1.00000	-0.11968	0.23051	-0.04387	-0.22634	-0.11968	0.19707	0.22138	5.54994	-36.42709
21777	1.00000	0.07856	-0.06282	0.07465	-0.03656	0.07856	-0.02718	0.10326	4.51757	-54.92530
21797	1.00000	-0.69023	0.13864	0.71523	0.14707	-0.69023	-0.23841	0.77616	3.54196	-52.34070
21817	1.00000	-0.11807	-0.12729	-0.08224	-0.23120	-0.11807	-0.21515	0.26481	2.51573	-54.36909
21837	1.00000	-0.07939	0.08223	0.05223	-0.07737	-0.07939	0.04912	0.09952	1.44808	-54.50678
21857	1.00000	0.11240	0.01776	0.13173	-0.05072	0.11240	0.08541	0.16992	0.42798	-52.06722
21877	1.00000	0.09790	0.12253	-0.06887	-0.20986	0.09790	0.19800	0.21585	5.65272	-54.92530
21897	1.00000	0.09468	-0.11762	0.05366	-0.11256	0.09468	-0.08116	0.12153	4.61115	-49.60648
21917	1.00000	-0.54034	0.64795	0.62374	0.30526	-0.54034	0.43622	0.64929	3.61099	-45.22807
21937	1.00000	-0.06005	0.14993	0.14599	-0.03819	-0.06005	0.13845	0.14692	2.57402	-61.35941
21957	1.00000	0.16881	-0.01125	0.18197	0.05020	0.16881	0.08448	0.24072	1.52631	-51.00176
21977	1.00000	0.09145	-0.09989	0.10825	-0.02360	0.09145	-0.06254	0.12255	0.52155	-53.55544
21997	1.00000	0.26391	-0.14663	-0.04930	-0.25980	0.26391	-0.01695	0.25732	5.74629	-52.89486
22017	1.00000	-0.24379	0.02905	0.26394	0.03538	-0.24379	-0.10721	0.30691	4.68785	-56.07256
22037	1.00000	0.26068	0.57864	0.73626	0.44266	0.26068	0.81867	0.74664	3.72144	-52.61691
22057	1.00000	-0.12130	0.25308	-0.03166	-0.25115	-0.12130	0.22220	0.23519	2.69060	-55.92654
22077	1.00000	-1.20921	-0.55601	1.78401	0.27440	-1.20921	-1.34016	1.80170	1.62295	-49.11745
22097	1.00000	-0.10034	0.03549	0.05535	-0.08539	-0.10034	-0.01695	0.11332	0.81148	-51.00191
22117	1.00000	0.09790	0.00809	0.09771	0.06613	0.09790	0.06587	0.11531	6.05002	-53.28981
22137	1.00000	-0.09712	0.16443	-0.05362	-0.15639	-0.09712	0.13380	0.17138	4.98697	-57.26878
22157	1.00000	-0.20511	-0.42062	0.49543	0.40191	-0.20511	-0.60411	0.55716	3.98835	-51.39641
22177	1.00000	-0.16804	-0.06282	0.22957	-0.06540	-0.16804	-0.16956	0.27088	2.96518	-55.49300
22197	1.00000	-0.14225	0.03227	0.11079	-0.09984	-0.14225	-0.04486	0.15772	1.90981	-53.42237
22217	1.00000	0.09790	0.20472	0.19784	-0.23714	0.09790	0.29292	0.31727	1.00169	-44.99690
22237	1.00000	-0.05360	-0.37872	0.44923	0.14256	-0.05360	-0.46825	0.42389	0.00153	-60.83777
22257	1.00000	-0.38401	0.07256	0.32948	0.24065	-0.38401	-0.13792	0.31884	5.21707	-67.84209
22277	1.00000	-0.46137	0.67535	0.59326	0.35280	-0.46137	0.51345	0.61385	4.18930	-49.36091
22297	1.00000	0.26068	-0.01608	0.25605	0.14067	0.26068	0.13194	0.14644	3.21829	-52.50805
22317	1.00000	-0.11807	0.22084	-0.00217	-0.22099	-0.11807	0.18684	0.20834	2.11229	-55.92654
22337	1.00000	0.11724	-0.13374	0.14553	0.00944	0.11724	-0.08674	0.17447	1.07532	-49.97947
22357	1.00000	-0.09551	-0.01769	0.11121	0.04963	-0.09551	-0.07557	0.07319	0.05676	-56.66420
22377	1.00000	-0.03749	-0.11117	0.10517	-0.11334	-0.03749	-0.15001	0.14699	5.25388	-55.34998
22397	1.00000	-0.07939	0.05645	0.06401	-0.05079	-0.07939	0.01934	0.09846	4.25219	-50.48558
22417	1.00000	0.36544	-0.02092	0.41028	0.01064	0.36544	0.18684	0.44651	3.26278	-52.47844
22437	1.00000	0.06566	0.05322	0.01287	-0.11840	0.06566	0.09937	0.11678	2.20586	-72.32188
22457	1.00000	0.05922	-0.16758	0.15517	-0.06934	0.05922	-0.15932	0.17900	1.16429	-51.39641
22477	1.00000	-0.16642	0.18861	0.15883	0.13143	-0.16642	0.12170	0.20388	0.15953	-39.33278
22497	1.00000	0.50405	0.62861	1.06315	0.39703	0.50405	1.01687	1.16560	5.37047	-51.39641
22517	1.00000	0.23973	-0.28685	0.25432	0.17309	0.23973	-0.19282	0.21948	4.46235	-50.48558
22537	1.00000	0.03343	-0.27073	0.27492	-0.10752	0.03343	-0.29332	0.33065	3.47140	-49.97947
22557	1.00000	0.05277	-0.11440	-0.02186	-0.11240	0.05277	-0.10163	0.15201	2.42062	-60.23502
22577	1.00000	-0.31148	0.29820	0.34495	0.07123	-0.31148	0.16450	0.37315	1.33456	-49.11775
22597	1.00000	-0.03265	0.13864	0.12698	-0.06992	-0.03265	0.14124	0.15382	0.32827	-53.68933
22617	1.00000	-0.02620	0.14026	0.04825	-0.14112	-0.02620	0.14682	0.13765	5.53767	-56.07256
22637	1.00000	0.08500	-0.05315	0.06950	-0.05045	0.08500	-0.01230	0.10255	4.51604	-50.48558
22657	1.00000	-0.61609	0.09835	0.65791	0.07279	-0.61609	-0.24214	0.70624	3.54810	-36.42709
22677	1.00000	-0.12130	-0.16436	-0.10000	-0.26870	-0.12130	-0.25982	0.29182	2.51113	-53.95927
22697	1.00000	-0.08745	0.11286	0.08180	-0.08560	-0.08745	0.07983	0.11667	1.44041	-51.00176
22717	1.00000	0.11563	0.03711	0.14508	-0.06582	0.11563	0.10960	0.19301	0.42338	-51.52906
22737	1.00000	0.07211	0.05000	-0.00165	-0.12276	0.07211	0.09937	0.11440	5.64045	-53.42237
22757	1.00000	0.09790	-0.11601	0.05495	-0.11207	0.09790	-0.07743	0.13489	4.61421	-49.60648
22777	1.00000	-0.54034	0.63344	0.62001	0.28892	-0.54034	0.41947	0.64323	3.61866	-48.99707
22797	1.00000	-0.07133	0.14670	0.13581	-0.05552	-0.07133	0.12821	0.15078	2.57095	-56.07256
22817	1.00000	0.15592	0.01293	0.18745	0.01374	0.15592	0.10495	0.18259	1.53245	-50.48528
22837	1.00000	0.07211	-0.06443	0.07280	-0.03121	0.07211	-0.03277	0.08964	0.52922	-55.06598
22857	1.00000	0.23812	-0.14018	-0.02365	-0.23819	0.23812	-0.02439	0.22861	5.74169	-52.50688
22877	1.00000	0.00281	-0.07894	0.02475	-0.08608	0.00281	-0.08953	0.09602	4.70165	-52.34070
22897	1.00000	0.12691	0.37557	0.42213	0.30799	0.12691	0.50694	0.42154	3.70763	-52.06738
22917	1.00000	0.25101	-0.00158	0.28255	0.06034	0.25101	0.14310	0.23101	2.66452	-54.36909
22937	1.00000	0.32999	-0.06443	0.27088	-0.22133	0.32999	0.11612	0.38955	1.65517	-37.41427
22957	1.00000	-0.84657	0.24824	0.75385	0.43504	-0.84657	-0.20212	0.83076	0.66421	-49.60633
22977	1.00000	-0.21800	0.20956	0.24603	0.02156	-0.21800	0.11612	0.27358	5.90429	-53.82284
22997	1.00000	-0.01976	0.15798	0.17084	-0.02107	-0.01976	0.17102	0.18856	4.87346	-55.49300
23017	1.00000	0.33482	-0.44158	0.38788	0.24869	0.33482	-0.31658	0.45133	3.90245	-46.60147
23037	1.00000	0.03021	-0.24656	0.26874	-0.01090	0.03021	-0.26726	0.29300	2.86087	-54.36909
23057	1.00000	-0.02459	-0.11440	0.10830	-0.10136	-0.02459	-0.14629	0.14984	1.81777	-54.92499
23077	1.00000	-0.10034	0.03711	0.05814	-0.08316	-0.10034	-0.01509	0.11498	0.80687	-49.73004
23097	1.00000	0.04310	0.02260	0.06304	0.02196	0.04310	0.05098	0.19571	6.05002	-57.09622
23117	1.00000	0.10596	-1.53271	1.66399	0.40209	0.10596	-1.70865	1.70345	5.00998	-52.47844
23137	1.00000	-0.19382	0.22407	0.20080	0.13714	-0.19382	0.14682	0.16475	4.16936	-50.48558
23157	1.00000	-0.05199	0.24985	0.25372	-0.07168	-0.05199	0.25849	0.28243	3.17074	-51.52860
23177	1.00000	0.12691	0.04678	0.17953	-0.00853	0.12691	0.12728	0.15009	2.09388	-53.82404
23197	1.00000	0.19138	-0.24656	0.25363	0.05142	0.19138	-0.17421	0.29457	1.06765	-53.02665
23217	1.00000	-0.70474	0.12414	0.68466	0.31197	-0.70474	-0.26354	0.63562	0.09357	-57.73046
23237	1.00000	-0.07939	-0.04187	0.08067	-0.09308	-0.07939	-0.09418	0.13558	5.30451	-54.92530
23257	1.00000	-0.07456	0.50289	0.53898	-0.06382	-0.07456	0.53765	0.54305	4.31969	-36.81564
23277	1.00000	0.31226	-0.40612	0.41947	0.06974	0.31226	-0.28866	0.45220	3.36249	-63.44951
23297	1.00000	0.26229	-0.13535	-0.02651	-0.26099	0.26229	-0.00485	0.25445	2.30864	-58.69780
23317	1.00000	-0.00525	-0.10150	0.05986	-0.10440	-0.00525	-0.12024	0.11433	1.26553	-57.11615
23337	1.00000	-0.11163	0.00165	0.02651	-0.12516	-0.11163	-0.06254	0.13237	0.24390	-54.33718
23357	1.00000	-0.17126	0.06934	-0.04194	-0.16709	-0.17126	-0.01881	0.16393	5.45177	-53.02665
23377	1.00000	0.00120	0.02421	0.00517	-0.02820	0.00120	0.02865	0.04113	4.43474	-51.66271
23397	1.00000	-0.15998	-0.52377	0.65737	0.28186	-0.15998	-0.69716	0.65960	3.42998	-52.06738
23417	1.00000	-0.02298	-0.12568	0.11504	-0.11126	-0.02298	-0.15839	0.15785	2.38074	-54.36849
23437	1.00000	-0.19543	0.17088	0.21270	-0.00915	-0.19543	0.08448	0.23168	1.34377	-53.02635
23457	1.00000	0.36383	-0.08216	0.27431	0.26530	0.36383	0.11519	0.58641	0.35435	-53.68926
23477	1.00000	-0.11485	0.21762	-0.02543	-0.21624	-0.11485	0.18498	0.22020	5.55148	-56.81427
23497	1.00000	0.08823	-0.06443	0.08034	-0.04336	0.08823	-0.02346	0.10427	4.52064	-49.97947
23517	1.00000	-0.71924	0.17249	0.66025	0.35782	-0.71924	-0.21608	0.67230	3.52662	-49.97947
23537	1.00000	-0.15514	0.08868	0.14993	-0.04181	-0.15514	0.01283	0.18029	2.47124	-53.28921
23557	1.00000	-0.00525	0.16604	0.18755	0.02132	-0.00525	0.18870	0.19030	1.43734	-52.61659
23577	1.00000	0.22845	-0.02092	0.25215	-0.01444	0.22845	0.10774	0.29118	0.41264	-55.49285
23597	1.00000	0.07050	0.04516	0.00292	-0.11654	0.07050	0.09285	0.11643	5.64505	-53.82404
23617	1.00000	0.08178	-0.11440	0.06729	-0.09677	0.08178	-0.08488	0.11852	4.61268	-49.36091
23637	1.00000	-0.55485	0.71080	0.71934	0.20185	-0.55485	0.50042	0.76263	3.63400	-49.48339
23657	1.00000	-0.19221	0.09835	-0.01332	-0.19175	-0.19221	0.00259	0.19465	2.58783	-54.36909
23677	1.00000	0.03021	0.08223	0.08952	-0.07436	0.03021	0.11239	0.11075	1.53858	-55.20769
23697	1.00000	0.05438	-0.18692	0.17431	0.08117	0.05438	-0.18444	0.26157	0.53229	-54.36894
23717	1.00000	0.26068	-0.14018	-0.04092	-0.25769	0.26068	-0.01137	0.24796	5.74936	-72.32069
23737	1.00000	0.03343	-0.11440	-0.00322	-0.11759	0.03343	-0.11279	0.11475	4.70625	-51.93179
23757	1.00000	0.16720	0.37718	0.44201	0.34004	0.16720	0.53206	0.48489	3.70917	-51.52922
23777	1.00000	0.07050	0.07901	0.13451	-0.06543	0.07050	0.13194	0.15739	2.67373	-55.20769
23797	1.00000	0.21072	-0.25945	0.22905	0.15359	0.21072	-0.17793	0.18921	1.60301	-54.92499
23817	1.00000	-0.12130	-0.43513	0.55153	0.19548	-0.12130	-0.57247	0.56429	0.58445	-52.75595
23837	1.00000	-0.02137	-0.14502	0.11120	-0.14288	-0.02137	-0.17979	0.17878	5.82453	-57.42191
23857	1.00000	-0.12613	0.02743	0.06793	-0.11395	-0.12613	-0.04114	0.13693	4.79522	-49.48339
23877	1.00000	0.72808	-0.16920	0.71847	0.25402	0.72808	0.22499	0.81825	3.82421	-46.13489
23897	1.00000	-0.04554	-0.22399	0.22324	0.18279	-0.04554	-0.28494	0.17623	2.81792	-57.11583
23917	1.00000	0.11724	-0.10956	0.05990	-0.11669	0.11724	-0.05882	0.12844	1.72573	-55.49269
23937	1.00000	-0.05199	-0.05315	0.07804	-0.07047	-0.05199	-0.09139	0.11454	0.71023	-57.26862
23957	1.00000	-0.13258	-0.14018	-0.07604	-0.26196	-0.13258	-0.23841	0.25331	5.93804	-54.23180
23977	1.00000	-0.07939	0.07579	0.02995	-0.08451	-0.07939	0.04167	0.08983	4.88419	-51.13284
23997	1.00000	0.34288	-0.44802	0.40045	0.24325	0.34288	-0.31937	0.46158	3.90398	-45.90420
24017	1.00000	0.05922	-0.23366	0.24110	-0.02995	0.05922	-0.23562	0.23273	2.86241	-54.36909
24037	1.00000	-0.23573	-0.04026	0.29760	0.01801	-0.23573	-0.18258	0.20955	1.80550	-54.36879
24057	1.00000	-0.19866	0.19505	0.22616	-0.02297	-0.19866	0.11053	0.24175	0.79460	-49.48324
24077	1.00000	0.00764	0.05000	0.06123	-0.01308	0.00764	0.06215	0.09739	6.04695	-53.28981
24097	1.00000	-0.07939	0.16604	-0.02209	-0.16462	-0.07939	0.14589	0.15940	4.98697	-52.61691
24117	1.00000	-0.11485	-0.27073	0.29868	0.25993	-0.11485	-0.37892	0.31113	3.98988	-52.20368
24137	1.00000	-0.33565	0.00809	0.38127	0.03605	-0.33565	-0.18444	0.39255	2.95752	-56.07256
24157	1.00000	-0.17287	0.06289	0.15765	-0.07595	-0.17287	-0.02718	0.18065	1.90367	-53.15790
24177	1.00000	0.00120	0.16282	0.18784	-0.01790	0.00120	0.18870	0.21404	0.88511	-56.07225
24197	1.00000	-0.06972	0.16282	-0.04825	-0.15608	-0.06972	0.14775	0.18254	6.14820	-56.07256
24217	1.00000	0.21394	-0.28202	0.27337	0.10904	0.21394	-0.20212	0.24076	5.05600	-71.60993
24237	1.00000	-0.06972	-0.09344	0.16370	0.00294	-0.06972	-0.14815	0.13645	4.05891	-49.97827
24257	1.00000	-0.31793	0.33366	0.37523	0.03088	-0.31793	0.20173	0.39982	3.05569	-53.15731
24277	1.00000	-0.12130	0.10157	0.06069	-0.11516	-0.12130	0.04726	0.12073	2.00951	-55.92654
24297	1.00000	0.33805	-0.07572	0.34063	0.09925	0.33805	0.10774	0.39377	0.97101	-55.92623
24317	1.00000	0.08823	0.01776	0.01359	-0.11271	0.08823	0.07145	0.11266	6.23103	-58.99926
24337	1.00000	0.11079	-0.11278	0.05220	-0.11808	0.11079	-0.06627	0.12435	5.16645	-51.39641
24357	1.00000	-0.32760	0.46099	0.32705	0.34366	-0.32760	0.34317	0.42679	4.16783	-48.06220
24377	1.00000	0.12046	0.46743	0.57071	0.24489	0.12046	0.60930	0.51083	3.14466	-55.49300
24397	1.00000	0.28486	-0.01769	0.29320	0.12611	0.28486	0.14403	0.21497	2.08315	-53.28981
24417	1.00000	0.42347	-0.63176	0.53085	0.36430	0.42347	-0.48500	0.46529	1.04771	-53.15790
24437	1.00000	-0.06005	-0.37388	0.45708	0.11039	-0.06005	-0.46639	0.46270	0.00307	-39.78625
24457	1.00000	-0.06327	-0.09022	0.13066	-0.08204	-0.06327	-0.14071	0.17127	5.25388	-56.66436
24477	1.00000	-0.05360	0.08223	0.08337	-0.00441	-0.05360	0.06401	0.08883	4.24759	-50.48558
24497	1.00000	0.41541	-0.05315	0.45079	0.03428	0.41541	0.17846	0.46585	3.25664	-52.61691
24517	1.00000	0.14141	-0.07894	0.13822	-0.03132	0.14141	-0.00950	0.16058	2.18899	-52.76608
24537	1.00000	-0.03749	-0.28846	0.34468	0.09175	-0.03749	-0.35473	0.35257	1.15202	-56.96465
24557	1.00000	-0.01170	-0.10634	0.04075	-0.12351	-0.01170	-0.12954	0.13818	0.14419	-56.17393
24577	1.00000	-0.14064	0.04194	0.11002	-0.09351	-0.14064	-0.03277	0.15292	5.34899	-67.18183
24597	1.00000	0.09790	0.01454	0.10471	0.06319	0.09790	0.07331	0.36371	4.33963	-49.48339
24617	1.00000	0.36706	-0.44158	0.46952	0.05536	0.36706	-0.29797	0.47870	3.36095	-49.48339
24637	1.00000	0.23328	-0.12084	-0.00337	-0.23330	0.23328	-0.00485	0.23056	2.30711	-55.49239
24657	1.00000	-0.38723	0.08868	0.37733	0.14910	-0.38723	-0.12117	0.39765	1.24099	-49.48339
24677	1.00000	-0.07456	0.03066	0.04129	-0.06254	-0.07456	-0.00764	0.08934	0.24697	-58.35797
24697	1.00000	-0.18254	0.06773	-0.05772	-0.17529	-0.18254	-0.02718	0.18020	5.45484	-52.76608
24717	1.00000	0.13980	0.02099	0.16775	-0.04915	0.13980	0.10495	0.18222	4.41480	-36.04665
24737	1.00000	-0.11485	-0.50443	0.64047	0.15442	-0.11485	-0.64878	0.66691	3.44225	-55.06613
24757	1.00000	0.10596	-0.27073	-0.02590	-0.27160	0.10596	-0.25144	0.21916	2.42369	-55.78128
24777	1.00000	-0.25023	0.09029	0.21917	-0.12725	-0.25023	-0.04021	0.31179	1.33456	-52.37998
24797	1.00000	0.20427	0.02905	0.21608	0.13407	0.20427	0.15148	0.26659	0.34361	-50.10489
24817	1.00000	-0.19221	0.34656	-0.11922	-0.32612	-0.19221	0.28919	0.34921	5.56988	-55.06491
24837	1.00000	0.18332	-0.24333	0.25153	0.03186	0.18332	-0.17514	0.28117	4.50377	-48.52021
24857	1.00000	-0.75148	0.15637	0.76258	0.21742	-0.75148	-0.25330	0.81256	3.53583	-52.06738
24877	1.00000	-0.12935	-0.16920	-0.07266	-0.29046	-0.12935	-0.27005	0.30163	2.50192	-53.95927
24897	1.00000	-0.06650	0.11769	0.09900	-0.06425	-0.06650	0.09751	0.13541	1.44194	-36.33091
24917	1.00000	0.24457	-0.30458	0.32231	0.01548	0.24457	-0.21050	0.35119	0.51082	-45.22792
24937	1.00000	0.28486	-0.15952	-0.05181	-0.28078	0.28486	-0.01974	0.28157	5.74629	-53.28862
24957	1.00000	0.03826	-0.12729	-0.00698	-0.13043	0.03826	-0.12489	0.12171	4.70779	-36.42709
24977	1.00000	0.21072	0.57542	0.75666	0.29954	0.21072	0.78610	0.78165	3.73064	-32.37963
24997	1.00000	-0.10034	0.24341	0.00056	-0.24464	-0.10034	0.22313	0.23224	2.69214	-56.07256
25017	1.00000	0.12369	-0.09344	0.12817	-0.01421	0.12369	-0.03649	0.14800	1.62909	-68.34587
25037	1.00000	0.08984	-0.13696	0.07218	-0.11898	0.08984	-0.10628	0.14701	0.61819	-49.48324
25057	1.00000	0.13336	-0.27396	-0.07284	-0.26411	0.13336	-0.23934	0.26882	5.84447	-56.07256
25077	1.00000	-0.12774	0.03066	0.07475	-0.11045	-0.12774	-0.03835	0.13066	4.79216	-52.76608
25097	1.00000	0.43797	-0.09828	0.36531	0.27890	0.43797	0.13938	0.42138	3.79047	-45.22807
25117	1.00000	0.20911	-0.18370	0.22778	0.01386	0.20911	-0.09139	0.22574	2.76423	-57.09622
25137	1.00000	0.02376	-0.21755	0.23237	0.05441	0.02376	-0.23748	0.20322	1.70425	-52.61659
25157	1.00000	-0.81595	0.23696	0.73528	0.40504	-0.81595	-0.19747	0.82690	0.66421	-49.48324
25177	1.00000	-0.20349	0.18861	0.22685	0.00121	-0.20349	0.10030	0.23581	5.90736	-53.28862
25197	1.00000	-0.05360	0.12736	0.11175	-0.06218	-0.05360	0.11612	0.14692	4.87806	-55.49300
25217	1.00000	0.42024	-0.57696	0.49172	0.33793	0.42024	-0.42359	0.56253	3.89631	-49.97887
25237	1.00000	0.19460	-0.18854	0.07915	-0.20663	0.19460	-0.10535	0.21883	2.88695	-55.34998
25257	1.00000	-0.31470	0.06289	0.28890	0.16572	-0.31470	-0.10907	0.22449	1.79936	-53.28981
25277	1.00000	-0.36950	0.48194	0.47783	0.16106	-0.36950	0.34317	0.46917	0.77773	-49.48324
25297	1.00000	-0.15675	0.11124	0.00637	-0.16115	-0.15675	0.03795	0.16238	6.06536	-53.82404
25317	1.00000	-0.13419	0.23051	-0.07666	-0.21847	-0.13419	0.18870	0.22534	4.99618	-56.51524
25337	1.00000	-0.18093	-0.40773	0.48896	0.35296	-0.18093	-0.57527	0.50304	3.99295	-36.71773
25357	1.00000	-0.07778	-0.09506	0.13310	-0.11069	-0.07778	-0.15467	0.19247	2.97439	-56.07194
25377	1.00000	-0.13097	0.00971	0.09242	-0.11294	-0.13097	-0.06441	0.13680	1.90981	-53.42237
25397	1.00000	-0.02459	0.11286	0.11303	-0.03621	-0.02459	0.11612	0.14347	0.89278	-55.49269
25417	1.00000	0.02054	0.02421	0.02405	-0.03779	0.02054	0.03981	0.06169	6.15280	-59.45679
25437	1.00000	0.06244	0.03872	-0.00578	-0.10192	0.06244	0.08076	0.09650	5.07901	-53.68948
25457	1.00000	0.00120	-0.11762	0.12548	-0.05014	0.00120	-0.13513	0.15091	4.06198	-48.99590
25477	1.00000	-0.34371	0.40135	0.42468	0.08931	-0.34371	0.26500	0.44332	3.05262	-53.28981
25497	1.00000	-0.08423	0.11769	0.09868	-0.07051	-0.08423	0.08727	0.11814	2.00031	-57.26878
25517	1.00000	0.36383	-0.07410	0.36380	0.12458	0.36383	0.12449	0.40087	0.96487	-53.28981
25537	1.00000	-0.04071	-0.21916	0.20876	0.18590	-0.04071	-0.27657	0.36612	6.24177	-60.66589
25557	1.00000	0.01731	-0.16758	0.18423	-0.00574	0.01731	-0.18351	0.21608	5.15724	-54.36909
25577	1.00000	-0.30664	0.35784	0.28962	0.25671	-0.30664	0.23615	0.31141	4.16476	-52.06738
25597	1.00000	0.00442	0.32399	0.37644	0.01366	0.00442	0.37666	0.41677	3.16153	-55.49239
25617	1.00000	0.16398	0.04355	0.21811	0.01813	0.16398	0.14496	0.15902	2.08928	-53.28981
25637	1.00000	0.28163	-0.38355	0.37382	0.13465	0.28163	-0.28029	0.41801	1.05845	-53.02635
25657	1.00000	-0.02620	-0.05960	0.08701	-0.01273	-0.02620	-0.08395	0.07020	0.05522	-57.26862
25677	1.00000	-0.10357	-0.05960	0.15749	-0.04964	-0.10357	-0.12861	0.17736	5.24468	-51.00206
25697	1.00000	-0.06327	0.07256	0.07540	-0.02348	-0.06327	0.04726	0.08007	4.24759	-47.07883
25717	1.00000	0.42991	-0.05315	0.46689	0.04146	0.42991	0.18684	0.48926	3.25664	-52.61691
25737	1.00000	0.07695	0.07579	-0.00488	-0.15265	0.07695	0.13194	0.14780	2.21200	-52.76608
25757	1.00000	-0.10518	-0.35615	0.44386	0.19179	-0.10518	-0.47198	0.44522	1.14282	-51.39610
25777	1.00000	-0.25507	0.34978	0.23463	0.27541	-0.25507	0.25663	0.24121	0.15800	-58.83762
25797	1.00000	-0.23895	0.22084	0.26312	0.03939	-0.23895	0.11705	0.23660	5.33519	-71.61110
25817	1.00000	0.03665	0.19344	0.24721	-0.00418	0.03665	0.24453	0.25920	4.31969	-51.00206
25837	1.00000	0.40413	-0.50282	0.52079	0.11258	0.40413	-0.34729	0.58968	3.35635	-68.51546
25857	1.00000	0.23973	-0.14018	0.01902	-0.24011	0.23973	-0.02346	0.22636	2.30557	-59.15049
25877	1.00000	-0.40335	0.07256	0.40741	0.13751	-0.40335	-0.14908	0.41179	1.24099	-49.60648
25897	1.00000	-0.10034	0.00165	0.02208	-0.11278	-0.10034	-0.05603	0.11411	0.24544	-54.78502
25917	1.00000	-0.17448	0.07579	-0.03685	-0.17104	-0.17448	-0.01323	0.17196	5.45330	-53.82404
25937	1.00000	0.15270	0.00971	0.17786	-0.03939	0.15270	0.09937	0.20440	4.41480	-36.04665
25957	1.00000	-0.10679	-0.50282	0.63446	0.14598	-0.10679	-0.64226	0.67217	3.44225	-51.66271
25977	1.00000	0.13336	-0.27235	-0.02900	-0.27080	0.13336	-0.23748	0.27294	2.40988	-55.92654
25997	1.00000	-0.30987	0.29982	0.34288	0.08016	-0.30987	0.16730	0.35586	1.33303	-52.76608
26017	1.00000	-0.23895	0.00809	-0.05738	-0.26521	-0.23895	-0.12861	0.35687	0.32674	-34.08847
26037	1.00000	0.26068	-0.02736	0.26763	0.10227	0.26068	0.11891	0.26482	5.51159	-54.92530
26057	1.00000	0.36222	-0.43513	0.45199	0.11371	0.36222	-0.29332	0.48263	4.49303	-49.36091
26077	1.00000	-0.84818	0.19183	0.82579	0.33077	-0.84818	-0.26819	0.80576	3.52816	-50.35810
26097	1.00000	-0.23250	0.14670	0.23457	-0.01630	-0.23250	0.03516	0.21442	2.46664	-71.61052
26117	1.00000	0.06405	0.26919	0.29972	0.18769	0.06405	0.34782	0.26274	1.41740	-56.66436
26137	1.00000	0.50244	-0.10956	0.51556	0.11561	0.50244	0.16357	0.55510	0.40497	-53.03672
26157	1.00000	0.07856	0.02905	0.02132	-0.10928	0.07856	0.07890	0.10718	5.64198	-53.15790
26177	1.00000	-0.05360	-0.27557	0.34553	0.07332	-0.05360	-0.34915	0.38738	4.59120	-54.92530
26197	1.00000	-0.00042	0.22245	0.22072	0.13089	-0.00042	0.25663	0.20189	3.69383	-53.17815
26217	1.00000	-0.02620	0.10157	0.07426	-0.07489	-0.02620	0.10216	0.13652	2.63691	-56.53450
26237	1.00000	0.10596	0.00971	0.12787	0.01066	0.10596	0.07238	0.15419	1.53091	-53.82374
26257	1.00000	0.03343	-0.29652	0.26445	0.18856	0.03343	-0.32309	0.27621	0.52462	-54.78503
26277	1.00000	0.28163	-0.14985	-0.06466	-0.27431	0.28163	-0.01044	0.26871	5.74783	-53.28862
26297	1.00000	0.00603	-0.10956	0.03396	-0.11840	0.00603	-0.12303	0.11594	4.70779	-52.61691
26317	1.00000	0.11724	0.31271	0.37073	0.24521	0.11724	0.42877	0.45344	3.71223	-32.04147
26337	1.00000	0.03021	0.14187	0.12641	-0.13336	0.03021	0.18125	0.16770	2.67986	-56.66436
26357	1.00000	0.08984	-0.04348	0.07811	-0.04441	0.08984	0.00166	0.10407	1.63216	-52.76608
26377	1.00000	-0.01170	-0.25623	0.30182	-0.02497	-0.01170	-0.30262	0.32820	0.59979	-51.00191
26397	1.00000	0.09145	-0.20626	-0.02774	-0.20483	0.09145	-0.18537	0.20947	5.83680	-60.07775
26417	1.00000	-0.13097	0.04194	0.08431	-0.10383	-0.13097	-0.02718	0.14702	4.79216	-49.60648
26437	1.00000	0.90376	-0.27235	0.81430	0.44332	0.90376	0.20731	0.79920	3.81348	-51.00206
26457	1.00000	0.08017	-0.02414	0.03853	-0.07267	0.08017	0.01841	0.12265	2.80258	-58.25200
26477	1.00000	0.10596	-0.12729	0.09199	-0.10063	0.10596	-0.08581	0.13743	1.72266	-55.20739
26497	1.00000	-0.38078	0.07901	0.39664	0.06486	-0.38078	-0.12861	0.44478	0.68876	-52.06722
26517	1.00000	-0.02943	0.02421	0.02495	-0.01907	-0.02943	0.01097	0.06991	5.95798	-54.50708
26537	1.00000	0.02698	0.18377	0.22425	0.04812	0.02698	0.22778	0.22787	4.87039	-54.92530
26557	1.00000	0.25262	-0.33198	0.27567	0.21028	0.25262	-0.23748	0.29620	3.88864	-51.39580
