18977	1.00000	-0.76574	0.22652	0.68265	0.39099	-0.76574	-0.18054	0.66401	1.77635	-55.63646
18997	1.00000	-0.02757	0.30549	0.30331	0.14905	-0.02757	0.33684	0.27569	0.81301	-50.85017
19017	1.00000	0.49463	-0.68410	0.59718	0.37730	0.49463	-0.50436	0.57248	6.16200	-50.48558
19037	1.00000	0.03367	-0.17319	0.16586	-0.07882	0.03367	-0.18054	0.21112	5.16338	-51.52922
19057	1.00000	-0.31123	0.44410	0.45394	-0.04185	-0.31123	0.33311	0.46522	4.22765	-47.81129
19077	1.00000	0.48657	-0.60191	0.63761	-0.04049	0.48657	-0.41410	0.67774	3.35482	-43.26625
19097	1.00000	-0.05336	-0.08938	0.09455	-0.10892	-0.05336	-0.13401	0.15431	2.39301	-57.72998
19117	1.00000	-0.02274	0.14110	0.13678	0.06515	-0.02274	0.14980	0.11353	1.36524	-53.46329
19137	1.00000	0.33346	-0.10550	0.33925	-0.03300	0.33346	0.07070	0.35156	0.42491	-50.29443
19157	1.00000	0.04657	-0.20703	0.19846	-0.08830	0.04657	-0.21218	0.23080	5.72635	-50.61372
19177	1.00000	-0.54332	0.64395	0.69116	0.04711	-0.54332	0.42989	0.72381	4.76301	-45.90479
19197	1.00000	0.62518	-0.80659	0.74255	0.40597	0.62518	-0.57043	0.73765	3.88864	-43.37747
19217	1.00000	-0.38215	0.37641	0.36573	0.24098	-0.38215	0.21401	0.45953	2.99280	-55.23980
19237	1.00000	0.11426	0.28615	0.32088	0.25921	0.11426	0.39639	0.31094	1.95736	-59.48973
19257	1.00000	0.66869	-0.14579	0.69449	0.11042	0.66869	0.21773	0.74202	0.96027	-55.08786
19277	1.00000	-0.34347	-0.03780	0.38304	0.17257	-0.34347	-0.24195	0.34142	0.04909	-50.85017
19297	1.00000	-0.46757	0.57143	0.59204	0.14165	-0.46757	0.38988	0.70704	5.32445	-50.74251
19317	1.00000	0.48818	-0.07326	0.52555	-0.03181	0.48818	0.19726	0.55622	4.40406	-49.21750
19337	1.00000	-0.76735	0.10725	0.83018	-0.03818	-0.76735	-0.31919	0.87695	3.54196	-29.33851
19357	0.00000	-0.13394	0.15721	0.05936	-0.15896	-0.13394	0.10420	0.17811	2.59396	-55.06613
19377	0.00000	0.33184	-0.08616	0.23880	-0.24814	0.33184	0.09211	0.32423	1.62142	-43.71429
19397	0.00000	0.20613	0.31516	-0.50266	0.15164	0.20613	0.48293	0.40098	0.63814	212.71198
19417	0.00000	-0.12911	-0.03780	-0.10172	-0.14245	-0.12911	-0.11819	0.16924	5.99480	-49.75087
19437	0.00000	0.12877	0.00894	-0.15387	-0.00845	0.12877	0.08466	0.15808	5.26155	-31.46636
19457	0.00000	0.01111	-0.16674	0.06713	-0.17394	0.01111	-0.18612	0.01530	4.71546	-16.95011
19477	0.00000	-0.05013	0.01377	0.03566	-0.03756	-0.05013	-0.01304	0.06941	4.24452	-23.53941
19497	0.00000	-0.00017	0.02183	0.01306	-0.02144	-0.00017	0.02511	0.06733	3.86870	-15.77363
19517	0.00000	0.00305	-0.01685	0.00749	-0.01632	0.00305	-0.01770	0.04884	3.58185	-19.03148
19537	0.00000	0.00305	0.00410	0.00321	-0.00642	0.00305	0.00650	0.02223	3.35482	-8.24723
19557	0.00000	-0.02435	-0.15062	-0.14799	-0.11843	-0.02435	-0.18798	0.09324	3.16920	-7.96813
19577	0.00000	-0.02435	0.00571	0.02299	-0.01095	-0.02435	-0.00746	0.01519	3.10171	-4.17980
19597	0.00000	-0.00017	0.00410	0.00093	0.00455	-0.00017	0.00464	0.02908	3.10785	0.00000
19617	0.00000	-0.00017	0.00249	0.00168	0.00222	-0.00017	0.00278	0.00476	3.14773	0.00000
19637	0.00000	0.01756	0.00894	0.01374	0.02319	0.01756	0.02046	0.00731	3.20755	4.14591
19657	0.00000	-0.01468	0.04762	0.04552	-0.01750	-0.01468	0.04651	0.03465	3.23823	0.00000
19677	0.00000	-0.01468	0.00571	-0.00104	-0.01476	-0.01468	-0.00188	0.01932	3.22750	0.00000
19697	0.00000	-0.01629	-0.00396	-0.01093	-0.01847	-0.01629	-0.01397	0.00148	3.21676	0.00000
19717	0.00000	0.02400	-0.00396	0.00666	0.02486	0.02400	0.00929	0.02910	3.22289	0.00000
19737	0.00000	-0.00501	-0.01846	-0.02366	-0.00717	-0.00501	-0.02421	0.02908	3.22443	0.00000
19757	0.00000	-0.04369	-0.01202	-0.03419	-0.04762	-0.04369	-0.03910	0.01105	3.22289	0.00000
19777	0.00000	-0.00017	-0.00557	-0.00647	-0.00087	-0.00017	-0.00653	0.03653	3.22289	0.00000
19797	0.00000	0.00466	-0.01685	-0.01717	0.00284	0.00466	-0.01677	0.04245	3.22289	0.00000
19817	0.00000	-0.00017	0.00571	0.00648	0.00053	-0.00017	0.00650	0.01775	3.22289	0.00000
19837	0.00000	0.00789	0.00249	0.00654	0.00864	0.00789	0.00743	0.01455	3.22289	4.14591
19857	0.00000	-0.00017	0.01538	0.01755	0.00202	-0.00017	0.01766	0.08175	3.22136	0.00000
19877	0.00000	-0.00017	0.02667	0.03041	0.00415	-0.00017	0.03069	0.02744	3.21983	0.00000
19897	0.00000	0.00305	0.00410	0.00613	0.00373	0.00305	0.00650	0.03412	3.22289	0.00000
19917	0.00000	0.00950	-0.02169	-0.02046	0.00735	0.00950	-0.01956	0.02416	3.22289	0.00000
19937	0.00000	-0.02757	0.00410	-0.00864	-0.02847	-0.02757	-0.01118	0.01215	3.22443	0.00000
19957	0.00000	0.00628	0.00571	0.00949	0.00733	0.00628	0.01022	0.01448	3.22443	0.00000
19977	0.00000	-0.00017	-0.01685	-0.01946	-0.00194	-0.00017	-0.01956	0.01540	3.22443	0.00000
19997	0.00000	-0.00178	-0.01202	-0.01468	-0.00312	-0.00178	-0.01490	0.01416	3.22443	0.00000
20017	0.00000	-0.00984	0.01055	0.00767	-0.00896	-0.00984	0.00650	0.00444	3.22289	0.00000
20037	0.00000	0.01111	-0.01202	-0.00861	0.01025	0.01111	-0.00746	0.01395	3.22289	0.00000
20057	0.00000	-0.00017	0.00571	0.00648	0.00053	-0.00017	0.00650	0.01190	3.22289	0.00000
20077	0.00000	0.00144	0.00571	0.00719	0.00235	0.00144	0.00743	0.01540	3.22289	0.00000
20097	0.00000	0.00466	0.00571	0.00874	0.00563	0.00466	0.00929	0.05900	3.22289	0.00000
20117	0.00000	-0.00823	-0.01202	-0.01746	-0.01047	-0.00823	-0.01863	0.01683	3.22289	0.00000
20137	0.00000	-0.01145	0.01055	0.00676	-0.01079	-0.01145	0.00557	0.01020	3.22289	0.00000
20157	0.00000	0.01111	-0.01524	-0.01214	0.01005	0.01111	-0.01118	0.01259	3.22443	0.00000
20177	0.00000	0.00789	0.17011	0.19943	0.02602	0.00789	0.20098	0.02884	3.22443	4.19122
20197	0.00000	-0.00017	0.02183	0.02488	0.00336	-0.00017	0.02511	0.02728	3.21983	0.00000
20217	0.00000	-0.01145	0.00410	-0.00083	-0.01157	-0.01145	-0.00188	0.02424	3.22443	0.00000
20237	0.00000	-0.01145	0.00249	-0.00229	-0.01183	-0.01145	-0.00374	0.22932	3.22289	0.00000
20257	0.00000	0.01756	-0.02330	-0.01828	0.01597	0.01756	-0.01677	0.00887	3.22443	0.00000
20277	0.00000	0.00305	-0.02330	-0.02531	0.00077	0.00305	-0.02514	0.02548	3.22443	0.00000
20297	0.00000	0.00305	0.00571	0.00798	0.00393	0.00305	0.00836	0.00600	3.22289	-4.12362
20317	0.00000	0.01595	-0.02652	-0.02277	0.01394	0.01595	-0.02142	0.02725	3.22443	0.00000
20337	0.00000	-0.00017	0.00410	0.00463	0.00025	-0.00017	0.00464	0.14910	3.22443	0.00000
20357	1.00000	-0.00178	-0.00235	-0.00352	-0.00217	-0.00178	-0.00374	0.07426	3.22443	0.00000
20377	1.00000	0.34151	0.05890	0.34667	0.25841	0.34151	0.26518	0.35380	2.60010	-47.19954
20397	1.00000	0.32217	-0.36982	0.40064	0.03680	0.32217	-0.24102	0.44264	1.61988	-51.13253
20417	1.00000	-0.73189	0.15883	0.76589	0.07913	-0.73189	-0.23916	0.81933	0.67495	-50.85017
20437	1.00000	0.37375	-0.02974	0.35818	0.21050	0.37375	0.18144	0.31369	6.04235	-49.48339
20457	1.00000	0.49140	-0.66637	0.65667	0.21496	0.49140	-0.48575	0.69260	5.03913	-47.19954
20477	1.00000	-0.47241	0.19267	0.47411	0.02979	-0.47241	-0.05026	0.70358	4.13561	-50.29459
20497	1.00000	0.54943	-0.01363	0.61328	-0.12900	0.54943	0.30148	0.66443	3.25511	-33.89957
20517	1.00000	-0.14523	-0.43429	0.52120	0.30330	-0.14523	-0.58532	0.46281	2.25342	-58.67703
20537	1.00000	-0.17907	0.03956	0.18800	-0.00728	-0.17907	-0.05771	0.22096	1.26093	-53.32034
20557	1.00000	0.38664	0.13465	0.51444	0.16797	0.38664	0.37871	0.79274	0.33441	-47.68858
20577	1.00000	0.31411	-0.34081	0.37880	0.01353	0.31411	-0.21218	0.42544	5.61744	-51.13284
20597	1.00000	-0.67065	0.15721	0.68996	0.12630	-0.67065	-0.20566	0.74507	4.67251	-48.56945
20617	1.00000	0.97653	-0.20220	0.97563	0.33288	0.97653	0.33032	0.92904	3.80734	-43.60164
20637	1.00000	-0.47402	0.08630	0.42675	0.26991	-0.47402	-0.17402	0.43868	2.90689	-51.66209
20657	1.00000	-0.43695	0.49245	0.50370	0.19299	-0.43695	0.31636	0.46344	1.87452	-51.26398
20677	1.00000	0.61712	-0.10550	0.55150	0.36276	0.61712	0.23448	0.46171	0.90965	-46.01955
20697	1.00000	-0.16940	-0.45846	0.53961	0.36173	-0.16940	-0.62719	0.60352	6.25404	-59.70583
20717	1.00000	-0.66098	1.32894	1.32864	-0.02315	-0.66098	1.15291	1.35857	5.26309	-54.48581
20737	1.00000	0.05140	-0.61963	0.66015	0.19273	0.05140	-0.68581	0.64629	4.56052	-32.72502
20757	1.00000	0.19807	0.72615	0.92926	0.28906	0.19807	0.95284	0.94461	3.71530	-50.29459
20777	1.00000	-0.07753	-0.25377	0.26481	0.22357	-0.07753	-0.33780	0.24825	2.80258	-54.93611
20797	1.00000	-0.38376	0.11692	0.28805	0.26791	-0.38376	-0.08655	0.26251	1.75641	-51.13284
20817	1.00000	-0.50786	0.63428	0.66981	0.04612	-0.50786	0.43919	0.71909	0.77773	-47.56528
20837	1.00000	0.41082	-0.31663	0.42401	0.07391	0.41082	-0.12843	0.40446	6.15126	-51.93179
20857	1.00000	-0.06142	-0.33436	0.42433	0.03741	-0.06142	-0.42154	0.46008	5.14497	-53.89677
20877	1.00000	-0.43050	0.53113	0.55987	-0.06978	-0.43050	0.36475	0.59817	4.21845	-48.18801
20897	1.00000	0.56715	-0.66637	0.71898	0.00829	0.56715	-0.44202	0.74255	3.35021	-47.56482
20917	1.00000	-0.45951	0.07663	0.47838	0.11636	-0.45951	-0.17682	0.46533	2.36080	-57.42191
20937	1.00000	0.02400	0.17494	0.16763	0.13809	0.02400	0.21587	0.16428	1.37445	-53.89677
20957	1.00000	0.33668	-0.17480	0.33556	0.02809	0.33668	-0.00746	0.33711	0.42951	-50.57077
20977	1.00000	0.04012	-0.19253	0.18422	-0.08561	0.04012	-0.19915	0.22095	5.72482	-36.14101
20997	1.00000	-0.62230	0.76000	0.76178	0.27477	-0.62230	0.51829	0.79045	4.74614	-47.19832
21017	1.00000	0.49785	-0.64865	0.67743	-0.04438	0.49785	-0.46156	0.71057	3.93619	-42.39657
21037	1.00000	-0.59167	0.70359	0.74512	0.12832	-0.59167	0.47083	0.79890	3.04035	-51.00206
21057	1.00000	0.22386	-0.04909	0.18581	0.14438	0.22386	0.07257	0.15716	2.04786	-55.06552
21077	1.00000	0.59133	-0.87106	0.77794	0.43114	0.59133	-0.66441	0.78752	1.03390	-51.13253
21097	1.00000	-0.29995	0.15721	0.29652	0.04592	-0.29995	0.00836	0.50242	0.13346	-54.62248
21117	1.00000	0.02078	0.30872	0.36885	-0.01148	0.02078	0.36847	0.39726	5.43183	-52.89604
21137	1.00000	0.56715	-0.76953	0.77745	0.17898	0.56715	-0.56112	0.84115	4.47616	-46.83924
21157	1.00000	-0.71255	0.86637	0.91235	0.14870	-0.71255	0.58901	0.92584	3.62786	-43.48927
21177	1.00000	0.11748	-0.02652	0.12024	-0.02699	0.11748	0.03721	0.10833	2.70287	-57.88623
21197	1.00000	-0.09526	-0.20220	0.20814	0.22127	-0.09526	-0.28848	0.19424	1.65670	-54.48549
21217	1.00000	-0.60779	0.14271	0.63468	0.03439	-0.60779	-0.18612	0.68346	0.68876	-50.43223
21237	1.00000	0.36569	-0.03619	0.35055	0.19874	0.36569	0.16934	0.33093	6.05309	-50.61372
21257	1.00000	0.42371	-0.56322	0.57689	0.10636	0.42371	-0.40573	0.63109	5.04373	-47.19954
21277	1.00000	-0.54332	0.33289	0.52881	0.14318	-0.54332	0.07070	0.63500	4.13868	-46.10338
21297	1.00000	0.56715	-0.02169	0.63745	-0.08201	0.56715	0.30241	0.68721	3.25664	-50.29395
21317	1.00000	-0.01468	-0.26183	0.31056	0.01897	-0.01468	-0.31081	0.34630	2.27796	-55.92654
21337	1.00000	-0.10332	0.13143	0.09822	0.09752	-0.10332	0.09211	0.36516	1.27320	-38.13742
21357	0.00000	0.36247	0.08630	0.45245	0.14859	0.36247	0.30892	0.39679	0.33441	-47.32072
21377	0.00000	0.10298	-0.01685	0.08502	-0.07054	0.10298	0.04000	0.10147	5.58216	-54.23180
21397	0.00000	0.00466	-0.12484	0.13742	0.03387	0.00466	-0.14146	0.33392	4.54058	-58.51714
21417	0.00000	0.14005	-0.12645	-0.05517	-0.14426	0.14005	-0.06515	0.15249	3.48214	-55.63615
21437	0.00000	-0.00501	-0.26183	-0.15302	-0.26413	-0.00501	-0.30523	0.32958	2.48658	-47.32088
21457	0.00000	0.08525	-0.03297	-0.00037	-0.08598	0.08525	0.01115	0.11122	1.72726	-36.71741
21477	0.00000	0.05463	-0.05070	0.05965	0.01246	0.05463	-0.02700	0.07606	1.05538	-32.81220
21497	0.00000	-0.02757	0.05568	-0.02539	-0.04955	-0.02757	0.04837	0.05691	0.46019	-16.76470
21517	0.00000	0.02239	0.04117	-0.01584	-0.06250	0.02239	0.06047	0.10579	6.24637	-25.14723
21537	0.00000	0.01111	-0.03942	0.01129	-0.03904	0.01111	-0.03910	0.05574	5.86594	-15.89622
21557	0.00000	-0.00178	0.03795	0.02470	-0.03498	-0.00178	0.04279	0.03056	5.57755	-11.89136
21577	0.00000	-0.04046	0.00410	0.04038	-0.01881	-0.04046	-0.01863	0.07690	5.35973	-8.47506
21597	0.00000	0.03045	-0.00718	-0.00636	-0.03120	0.03045	0.00929	0.04714	5.21093	-8.11632
21617	0.00000	0.00305	-0.01846	0.01120	0.01632	0.00305	-0.01956	0.03634	5.12656	-3.89336
21637	0.00000	0.00628	-0.01040	0.00812	0.00663	0.00628	-0.00839	0.02229	5.11276	0.00000
21657	0.00000	-0.00017	0.00571	-0.00296	-0.00579	-0.00017	0.00650	0.01522	5.13117	3.89336
21677	0.00000	0.01917	0.00410	0.00325	-0.02463	0.01917	0.01580	0.00718	5.16185	0.00000
21697	0.00000	-0.03563	0.02344	-0.02182	0.02890	-0.03563	0.00650	0.03810	5.19099	0.00000
21717	0.00000	-0.00339	0.01538	-0.01597	-0.00247	-0.00339	0.01580	0.00814	5.19866	0.00000
21737	0.00000	0.01756	-0.01363	0.01174	-0.01420	0.01756	-0.00560	0.17801	5.19713	0.00000
21757	0.00000	0.02078	-0.01846	0.01666	-0.01553	0.02078	-0.00932	0.01441	5.19559	0.00000
21777	0.00000	0.00305	0.00088	-0.00137	-0.00389	0.00305	0.00278	0.02716	5.19559	0.00000
21797	0.00000	0.00789	-0.01040	0.00994	-0.00437	0.00789	-0.00746	0.00392	5.19559	0.00000
21817	0.00000	-0.02757	-0.00718	0.01042	0.03518	-0.02757	-0.02421	0.00604	5.19252	0.00000
21837	0.00000	0.00305	-0.01363	0.01406	0.00261	0.00305	-0.01397	0.00887	5.19559	3.91323
21857	0.00000	-0.00017	-0.01202	0.01271	0.00580	-0.00017	-0.01397	0.01374	5.19406	0.00000
21877	0.00000	0.00305	-0.02007	0.02092	0.00550	0.00305	-0.02142	0.04455	5.19559	0.00000
21897	0.00000	-0.02274	-0.01363	0.01777	0.03216	-0.02274	-0.02886	0.02946	5.19559	0.00000
21917	0.00000	0.00144	-0.02652	0.02765	0.01118	0.00144	-0.02979	0.04363	5.19252	0.00000
21937	0.00000	-0.00823	0.00894	-0.00842	0.00528	-0.00823	0.00557	0.08599	5.19406	0.00000
21957	0.00000	-0.00501	0.00410	-0.00371	0.00383	-0.00501	0.00185	0.00265	5.19406	0.00000
21977	0.00000	-0.00017	0.00571	-0.00597	-0.00257	-0.00017	0.00650	0.03318	5.19252	0.00000
21997	0.00000	-0.00984	0.00088	0.00066	0.01087	-0.00984	-0.00467	0.18417	5.19713	0.00000
22017	0.00000	0.00950	0.00894	-0.01087	-0.01489	0.00950	0.01580	0.02074	5.19559	0.00000
22037	0.00000	0.00144	-0.01363	0.01429	0.00446	0.00144	-0.01490	0.01292	5.19559	0.00000
22057	0.00000	0.00144	-0.02007	0.02103	0.00771	0.00144	-0.02235	0.01688	5.19406	0.00000
22077	0.00000	-0.00178	-0.01040	0.01133	0.00671	-0.00178	-0.01304	0.02167	5.19713	0.00000
22097	0.00000	0.08847	-0.00718	-0.00673	-0.09804	0.08847	0.04279	0.02873	5.19713	0.00000
22117	0.00000	0.00789	-0.02007	0.02023	-0.00003	0.00789	-0.01863	0.00880	5.19559	0.00000
22137	0.00000	-0.00178	-0.03619	0.03595	0.02332	-0.00178	-0.04282	0.09760	5.18332	-3.89336
22157	0.00000	0.00305	0.00249	-0.00252	-0.00495	0.00305	0.00464	0.02750	5.18485	0.00000
22177	0.00000	0.00789	-0.02169	0.02136	0.00508	0.00789	-0.02049	0.02660	5.17872	0.00000
22197	0.00000	-0.00017	-0.00557	0.00559	0.00338	-0.00017	-0.00653	0.00766	5.18485	0.00000
22217	0.00000	0.00789	-0.02007	0.02005	0.00269	0.00789	-0.01863	0.05067	5.18332	0.00000
22237	0.00000	-0.00017	-0.01363	0.01354	0.00820	-0.00017	-0.01583	0.01107	5.18332	0.00000
22257	0.00000	0.03045	-0.01363	0.01391	-0.02715	0.03045	0.00185	0.02356	5.18332	0.00000
22277	0.00000	0.05140	-0.02007	0.02216	-0.04684	0.05140	0.00650	0.02935	5.18025	-3.89336
22297	0.00000	-0.00017	-0.03942	0.03878	0.02401	-0.00017	-0.04561	0.00600	5.18179	0.00000
22317	0.00000	-0.00017	-0.02974	0.02863	0.01914	-0.00017	-0.03445	0.04226	5.17872	0.00000
22337	0.00000	-0.02112	-0.02491	0.02318	0.03983	-0.02112	-0.04096	0.02877	5.18025	0.00000
22357	1.00000	-0.00017	-0.01040	0.01023	0.00648	-0.00017	-0.01211	0.05560	5.18332	0.00000
22377	1.00000	-0.08720	-0.50681	0.64046	0.03628	-0.08720	-0.63557	0.69587	4.59120	-41.91086
22397	1.00000	0.64291	0.11531	0.75425	0.31418	0.64291	0.50433	0.83329	3.77819	-54.50648
22417	1.00000	-0.15973	-0.57773	0.71586	0.29931	-0.15973	-0.75933	0.68511	2.83633	-55.08786
22437	1.00000	-0.10977	-0.03619	0.13897	-0.06161	-0.10977	-0.10517	0.17577	1.81317	-55.08754
22457	1.00000	0.25770	0.65201	0.83202	0.43246	0.25770	0.90167	0.84443	0.84522	-54.48565
22477	1.00000	0.16906	-0.37788	0.36662	0.09436	0.16906	-0.33873	0.40586	6.21876	-55.85924
22497	1.00000	-0.82215	0.23780	0.74962	0.39233	-0.82215	-0.20008	0.71688	5.21553	-52.20368
22517	1.00000	0.21258	0.66491	0.87817	0.25869	0.21258	0.89050	0.91034	4.28748	-33.52973
22537	1.00000	-0.15490	-0.65832	0.85525	0.11960	-0.15490	-0.84959	0.89131	3.43918	-50.29395
22557	1.00000	-0.23226	0.18300	0.23218	-0.07742	-0.23226	0.07722	0.26536	2.47431	-51.79628
22577	1.00000	0.39148	-0.10227	0.30641	0.26647	0.39148	0.10793	0.27882	1.47876	-50.35780
22597	1.00000	0.07719	-0.37143	0.37601	0.11079	0.07719	-0.38432	0.35992	0.52769	-33.52957
22617	1.00000	-0.18874	0.15560	0.17402	0.10166	-0.18874	0.07070	0.31705	5.83680	-55.24046
22637	1.00000	0.60261	-0.10711	0.57039	0.29676	0.60261	0.22424	0.59711	4.92715	-41.66380
22657	1.00000	-0.14523	-0.61480	0.80541	0.04937	-0.14523	-0.79376	0.84873	4.02056	-46.10338
22677	1.00000	0.05302	0.54403	0.66082	-0.00987	0.05302	0.65880	0.69715	3.15386	-49.75087
22697	1.00000	0.40437	-0.45846	0.44552	0.22928	0.40437	-0.29592	0.38935	2.15064	-56.66373
22717	1.00000	-0.17585	-0.53905	0.71728	0.20127	-0.17585	-0.72397	0.77862	1.13361	-50.43239
22737	1.00000	-0.08237	0.35062	0.34773	0.11623	-0.08237	0.35731	0.32793	0.24083	-54.62244
22757	1.00000	0.28188	0.00410	0.32498	-0.04338	0.28188	0.16748	0.36710	5.52233	-33.52973
22777	1.00000	-0.19035	-0.56322	0.73585	0.26960	-0.19035	-0.76026	0.81021	4.56513	-55.08655
22797	1.00000	0.19807	0.71487	0.93359	0.22534	0.19807	0.93982	0.92997	3.71990	-44.99690
22817	1.00000	-0.05980	-0.25861	0.27886	0.19182	-0.05980	-0.33314	0.25087	2.81485	-54.93611
22837	1.00000	-0.51431	0.12820	0.42989	0.31914	-0.51431	-0.14890	0.32192	1.76868	-55.06613
22857	1.00000	-0.38215	0.47472	0.50200	-0.03554	-0.38215	0.32753	0.53072	0.78386	-51.13269
22877	1.00000	0.49140	-0.58579	0.54375	0.31628	0.49140	-0.39270	0.51363	6.15433	-53.17815
22897	1.00000	-0.02757	-0.29407	0.35636	-0.01068	-0.02757	-0.35548	0.39599	5.15111	-54.04284
22917	1.00000	-0.36120	0.46022	0.47914	-0.07144	-0.36120	0.32288	0.48468	4.22305	-47.81129
22937	1.00000	0.45595	-0.56322	0.59612	-0.04867	0.45595	-0.38712	0.63687	3.35788	-47.19954
22957	1.00000	-0.04369	-0.08132	0.07885	-0.09941	-0.04369	-0.11912	0.14421	2.39301	-53.46265
22977	1.00000	-0.00017	0.18784	0.18162	0.11835	-0.00017	0.21680	0.16206	1.36678	-54.63509
22997	1.00000	0.31895	-0.09905	0.32473	-0.03370	0.31895	0.06977	0.33974	0.42338	-50.85017
23017	1.00000	0.05302	-0.22315	0.21337	-0.09400	0.05302	-0.22706	0.24864	5.72482	-50.74251
23037	1.00000	-0.49980	0.62300	0.65451	0.08356	-0.49980	0.43082	0.70678	4.76761	-45.67698
23057	1.00000	0.66547	-0.87268	0.80893	0.42089	0.66547	-0.62347	0.81989	3.88711	-43.26625
23077	1.00000	-0.26449	0.14110	0.26466	0.00249	-0.26449	0.01022	0.21660	2.99586	-33.16660
23097	1.00000	0.05463	0.15883	0.16984	0.14257	0.05463	0.21494	0.14298	1.95276	-55.08786
23117	1.00000	0.73316	-0.17802	0.73390	0.21503	0.73316	0.21773	0.86236	0.95260	-55.08754
23137	1.00000	-0.72545	0.15883	0.66163	0.37940	-0.72545	-0.23544	0.59567	0.06903	-54.33718
23157	1.00000	-0.26288	0.26359	0.30176	-0.03635	-0.26288	0.15259	0.34931	5.34132	-51.13284
23177	1.00000	0.35763	-0.04264	0.38217	-0.08097	0.35763	0.15724	0.43077	4.41480	-48.69668
23197	1.00000	-0.75446	0.10242	0.81742	-0.04083	-0.75446	-0.31733	0.86268	3.54196	-46.61281
23217	1.00000	-0.13878	0.16205	0.06335	-0.16337	-0.13878	0.10700	0.18008	2.59089	-51.66271
23237	1.00000	0.03529	0.00410	0.03741	-0.02182	0.03529	0.02511	0.05064	1.55852	-54.48581
23257	1.00000	-0.08720	-0.45524	0.58160	-0.03309	-0.08720	-0.57601	0.62391	0.59518	-47.81237
23277	1.00000	0.31089	0.68425	0.93191	0.41011	0.31089	0.96959	0.94454	5.95645	-53.46329
23297	1.00000	0.36247	-0.62125	0.43101	0.45137	0.36247	-0.50808	0.37203	5.01152	-49.75087
23317	1.00000	-0.99783	0.24747	0.96698	0.38054	-0.99783	-0.29034	0.91600	4.09113	-43.71460
23337	1.00000	0.87338	-0.15868	0.89854	0.24179	0.87338	0.32102	0.89587	3.22750	-32.12534
23357	0.00000	-0.11460	-0.30051	0.33087	0.27272	-0.11460	-0.41317	0.29893	2.23501	-58.67703
23377	0.00000	-0.56427	0.12982	0.53806	0.24450	-0.56427	-0.17589	0.38111	1.21491	-69.02904
23397	0.00000	-0.09849	0.02828	0.07828	-0.06447	-0.09849	-0.02421	0.06924	0.17334	-58.19982
23417	0.00000	0.02562	-0.13289	-0.12664	-0.06203	0.02562	-0.13866	0.20302	5.35819	-51.52922
23437	0.00000	-0.80926	-0.43106	0.00758	-1.25928	-0.80926	-0.96497	1.10561	4.37031	-47.81252
23457	0.00000	-0.05658	-0.01685	0.03103	-0.07039	-0.05658	-0.05213	0.07271	3.62940	-38.63942
23477	0.00000	0.09492	-0.06198	-0.02954	-0.09175	0.09492	-0.01677	0.12480	2.93757	-31.71029
23497	0.00000	0.00466	-0.09583	0.04316	-0.09905	0.00466	-0.10796	0.20063	2.43903	-25.14730
23517	0.00000	-0.03563	0.00732	-0.00929	-0.03646	-0.03563	-0.01211	0.02278	2.04633	-20.18402
23537	0.00000	0.02400	-0.00073	0.00047	-0.02730	0.02400	0.01301	0.02912	1.73186	-15.65261
23557	0.00000	-0.00017	0.01216	0.01388	0.00130	-0.00017	0.01394	0.01455	1.48950	-12.74780
23577	0.00000	-0.02274	0.00088	0.02573	-0.00123	-0.02274	-0.01211	0.04109	1.32383	-3.94310
23597	0.00000	0.00789	-0.01363	0.01255	-0.00546	0.00789	-0.01118	0.01286	1.20571	-4.19122
23617	0.00000	0.00789	0.02667	0.03302	-0.01487	0.00789	0.03534	0.06485	1.14742	0.00000
23637	0.00000	0.00628	0.00894	0.01507	-0.00257	0.00628	0.01394	0.01526	1.14588	-369.72882
23657	0.00000	0.01756	-0.00557	0.01116	-0.01406	0.01756	0.00371	0.02074	1.15355	0.00000
23677	0.00000	-0.00339	-0.00396	0.00167	0.00717	-0.00339	-0.00653	0.02598	1.15509	0.00000
23697	0.00000	-0.08882	-0.00718	-0.02691	0.10350	-0.08882	-0.05957	0.01441	1.15662	0.00000
23717	0.00000	-0.08720	-0.00235	-0.02838	0.09805	-0.08720	-0.05306	0.04090	1.15816	0.00000
23737	0.00000	-0.00017	-0.01040	0.00821	0.00890	-0.00017	-0.01211	0.00836	1.15969	0.00000
23757	0.00000	-0.00984	-0.01524	0.00889	0.02366	-0.00984	-0.02328	0.05026	1.15969	0.00000
23777	0.00000	0.00950	-0.01685	0.01606	0.00525	0.00950	-0.01397	0.02224	1.15049	0.00000
23797	0.00000	-0.00339	0.00088	-0.00196	0.00293	-0.00339	-0.00095	0.00766	1.15662	0.00000
23817	0.00000	-0.00501	-0.01040	0.00826	0.01338	-0.00501	-0.01490	0.00329	1.17196	0.00000
23837	0.00000	-0.00017	-0.01685	0.01575	0.01159	-0.00017	-0.01956	0.04448	1.17656	0.00000
23857	0.00000	0.02723	-0.00073	0.00441	-0.03071	0.02723	0.01487	0.03031	1.17503	0.00000
23877	0.00000	0.00144	-0.01363	0.01279	0.00778	0.00144	-0.01490	0.02545	1.17503	0.00000
23897	0.00000	0.02078	0.00410	-0.00094	-0.02666	0.02078	0.01673	0.00600	1.17503	0.00000
23917	0.00000	-0.00017	0.02022	-0.01894	-0.01348	-0.00017	0.02325	0.00589	1.17656	0.00000
23937	0.00000	-0.01468	-0.02007	0.01654	0.03072	-0.01468	-0.03165	0.01251	1.17503	0.00000
23957	0.00000	-0.00178	-0.01040	0.00953	0.00908	-0.00178	-0.01304	0.01374	1.17656	0.00000
23977	0.00000	-0.00017	-0.02169	0.02002	0.01521	-0.00017	-0.02514	0.08531	1.17503	0.00000
23997	0.00000	0.01756	-0.00396	0.00607	-0.01739	0.01756	0.00557	0.02074	1.17503	0.00000
24017	0.00000	-0.00017	-0.01363	0.01273	0.00941	-0.00017	-0.01583	0.02053	1.17503	0.00000
24037	0.00000	-0.08076	-0.00557	-0.00431	0.09653	-0.08076	-0.05306	0.00731	1.17656	0.00000
24057	0.00000	0.02078	-0.00073	0.00353	-0.02332	0.02078	0.01115	0.04051	1.17503	0.00000
24077	0.00000	0.00628	-0.02169	0.02077	0.00817	0.00628	-0.02142	0.00656	1.17350	0.00000
24097	0.00000	-0.01145	-0.00073	-0.01360	-0.00133	-0.01145	-0.00746	0.00518	1.17503	0.00000
24117	0.00000	0.02239	-0.01202	0.01388	-0.01759	0.02239	-0.00095	0.02763	1.17656	0.00000
24137	0.00000	0.00144	0.00894	-0.00819	-0.00770	0.00144	0.01115	0.00814	1.17656	0.00000
24157	0.00000	0.00144	0.00410	-0.00359	-0.00449	0.00144	0.00557	0.01396	1.17503	0.00000
24177	0.00000	0.01433	-0.02652	0.02648	0.00192	0.01433	-0.02235	0.00721	1.17503	0.00000
24197	0.00000	0.00789	-0.01685	0.01644	0.00374	0.00789	-0.01490	0.02581	1.17043	0.00000
24217	0.00000	-0.01145	0.00249	-0.00368	0.01147	-0.01145	-0.00374	0.00093	1.17810	0.00000
24237	0.00000	-0.00339	-0.00235	0.00198	0.00542	-0.00339	-0.00467	0.01148	1.17810	0.00000
24257	0.00000	-0.00017	-0.01685	0.01594	0.01133	-0.00017	-0.01956	0.11198	1.17810	0.00000
24277	0.00000	0.01595	-0.01040	0.01162	-0.01128	0.01595	-0.00281	0.01752	1.17810	0.00000
24297	0.00000	-0.00017	0.00571	-0.00543	-0.00358	-0.00017	0.00650	0.03565	1.17810	0.00000
24317	0.00000	-0.01629	-0.02007	0.01741	0.03200	-0.01629	-0.03258	0.01836	1.17810	0.00000
24337	0.00000	-0.00178	-0.01040	0.00983	0.00876	-0.00178	-0.01304	0.00286	1.17810	0.00000
24357	1.00000	-0.00339	-0.01685	0.01563	0.01504	-0.00339	-0.02142	0.17852	1.17810	0.00000
24377	1.00000	-0.15651	-0.49553	0.67673	0.07423	-0.15651	-0.66255	0.70213	0.52002	-46.10322
24397	1.00000	0.04979	0.46828	0.57069	0.03223	0.04979	0.56947	0.60818	6.00093	-53.89677
24417	1.00000	0.51558	-0.76791	0.65726	0.42512	0.51558	-0.58904	0.70282	5.02379	-51.66271
24437	1.00000	-0.77541	0.16366	0.81559	0.05398	-0.77541	-0.25870	0.85824	4.11567	-46.61281
24457	1.00000	0.77346	-0.12161	0.82404	0.11360	0.77346	0.30613	0.87613	3.24130	-49.75087
24477	1.00000	-0.18391	-0.47458	0.58831	0.34005	-0.18391	-0.65418	0.57789	2.25035	-57.57585
24497	1.00000	-0.45468	0.09919	0.47317	0.06864	-0.45468	-0.14797	0.49479	1.24406	-55.08754
24517	1.00000	0.61551	-0.04747	0.61136	0.30877	0.61551	0.30054	0.45132	0.34208	-46.25066
24537	1.00000	0.11910	-0.05553	0.08012	-0.08823	0.11910	0.00464	0.12416	5.63891	-52.20368
24557	1.00000	-0.60134	0.12982	0.63005	0.05947	-0.60134	-0.19729	0.67638	4.67711	-49.08752
24577	1.00000	0.92012	-0.16835	0.91880	0.34028	0.92012	0.33684	0.92654	3.80427	-44.17235
24597	1.00000	-0.30156	-0.02169	0.32265	0.16275	-0.30156	-0.19915	0.23739	2.89462	-51.13223
24617	1.00000	-0.42728	0.50535	0.47532	0.26466	-0.42728	0.33684	0.43443	1.86532	-69.20203
24637	1.00000	0.07880	0.36513	0.47335	-0.01748	0.07880	0.46711	0.47909	0.88051	-51.66271
24657	1.00000	-0.12911	-0.46330	0.53580	0.31790	-0.12911	-0.60951	0.47497	6.25404	-40.60538
24677	1.00000	-0.13072	-0.02813	0.15200	-0.07505	-0.13072	-0.10796	0.19567	5.25388	-53.89677
24697	1.00000	0.10459	0.45216	0.59080	-0.03374	0.10459	0.58249	0.62336	4.31355	-42.93597
24717	1.00000	-0.10332	-0.59224	0.75009	-0.02875	-0.10332	-0.74351	0.79950	3.44379	-46.10338
24737	1.00000	-0.23226	0.17978	0.23254	-0.07257	-0.23226	0.07350	0.25916	2.47891	-55.63615
24757	1.00000	0.46884	-0.12967	0.37598	0.30509	0.46884	0.12095	0.38160	1.48336	-50.23095
24777	1.00000	-0.04046	-0.43268	0.44851	0.27197	-0.04046	-0.52297	0.45389	0.52922	-50.85017
24797	1.00000	-0.20647	0.17656	0.18913	0.11842	-0.20647	0.08466	0.29478	5.83680	-55.08786
24817	1.00000	0.13038	0.46022	0.61171	0.10413	0.13038	0.60669	0.65833	4.85965	-52.61691
24837	1.00000	-0.05013	-0.50520	0.54820	0.27728	-0.05013	-0.61230	0.56124	3.97454	-46.35669
24857	1.00000	-0.30962	0.32322	0.35617	-0.08252	-0.30962	0.19446	0.40535	3.07103	-52.20368
24877	1.00000	0.38664	-0.09905	0.31163	0.25344	0.38664	0.10886	0.24852	2.04786	-51.13223
24897	1.00000	0.57521	-0.82432	0.76694	0.35597	0.57521	-0.61975	0.78770	1.03697	-47.32088
24917	1.00000	-0.42244	0.40703	0.41677	0.23640	-0.42244	0.22610	0.60539	0.14266	-54.46083
24937	1.00000	0.15939	0.48923	0.63022	0.24438	0.15939	0.65694	0.62765	5.41188	-54.48451
24957	1.00000	0.64935	-0.94037	0.84667	0.45841	0.64935	-0.71094	0.86016	4.46388	-47.68866
24977	1.00000	-0.71094	0.79546	0.82247	0.29497	-0.71094	0.50805	0.86387	3.60639	-47.81190
24997	1.00000	0.51880	-0.02330	0.57868	0.09266	0.51880	0.27263	0.58351	2.65072	-52.20306
25017	1.00000	-0.06625	-0.28279	0.26411	0.26018	-0.06625	-0.36478	0.30779	1.64750	-52.20337
25037	1.00000	-0.69482	0.14432	0.73115	0.05599	-0.69482	-0.23451	0.77693	0.68262	-50.71009
25057	1.00000	0.46562	-0.07648	0.41312	0.28049	0.46562	0.18051	0.44256	6.05002	-50.35810
25077	1.00000	0.46884	-0.63092	0.62727	0.18949	0.46884	-0.45784	0.82633	5.04066	-46.95873
25097	1.00000	-0.44823	0.22168	0.44449	0.05754	-0.44823	-0.00281	0.69668	4.14021	-50.15755
25117	1.00000	0.53009	-0.01685	0.59045	-0.12037	0.53009	0.28659	0.65493	3.25664	-33.89957
25137	1.00000	-0.01468	-0.25861	0.30605	0.02926	-0.01468	-0.30709	0.33085	2.27489	-56.81427
25157	1.00000	-0.25805	0.31516	0.22598	0.24839	-0.25805	0.21494	0.34190	1.27320	-55.08754
25177	1.00000	0.39792	0.06696	0.46932	0.17983	0.39792	0.30706	0.40414	0.34054	-46.95858
25197	1.00000	0.13360	-0.06843	0.09650	-0.09240	0.13360	-0.00188	0.14291	5.63738	-50.61372
25217	1.00000	-0.85600	0.23297	0.82953	0.30876	-0.85600	-0.22520	0.91350	4.65410	-47.68866
25237	1.00000	0.66869	-0.08777	0.66816	0.28589	0.66869	0.28473	0.69536	3.79353	-43.15559
25257	1.00000	0.06752	-0.23605	0.20310	-0.13366	0.06752	-0.23358	0.25731	2.87468	-51.66271
25277	1.00000	-0.38698	0.52791	0.44872	0.31224	-0.38698	0.38615	0.43346	1.86685	-50.23095
25297	1.00000	0.05785	0.31839	0.40186	-0.05184	0.05785	0.40104	0.44080	0.88511	-47.56528
25317	1.00000	-0.14361	-0.48586	0.57501	0.32347	-0.14361	-0.64394	0.54133	6.24944	-35.77797
25337	1.00000	-0.09849	-0.03619	0.11972	-0.07139	-0.09849	-0.09865	0.14513	5.26002	-55.08786
25357	0.00000	0.11104	0.40864	0.54620	-0.03511	0.11104	0.53597	0.58613	4.31509	-47.19954
25377	0.00000	0.20613	-0.12322	0.15776	-0.13469	0.20613	-0.02328	0.17402	3.35175	-55.63677
25397	0.00000	0.26899	-0.02652	-0.15628	-0.25195	0.26899	0.12468	0.28742	2.29944	-50.29459
25417	0.00000	-0.10332	0.11209	0.08501	-0.09118	-0.10332	0.06977	0.13152	1.42814	-44.63947
25437	0.00000	-0.10332	-0.05553	0.15126	0.05582	-0.10332	-0.12378	0.06390	0.61666	-39.43407
25457	0.00000	-0.05013	0.10403	-0.05125	-0.09055	-0.05013	0.09118	0.11353	6.17274	-32.98893
25477	0.00000	-0.00823	0.07341	0.00791	-0.08004	-0.00823	0.08001	0.10490	5.59596	-25.35513
25497	0.00000	0.02562	-0.01202	0.01337	-0.02187	0.02562	0.00091	0.03487	5.14190	-23.59855
25517	0.00000	-0.03402	0.01377	0.03397	-0.00410	-0.03402	-0.00374	0.03910	4.77375	-16.76487
25537	0.00000	0.02239	0.00571	0.02401	-0.01749	0.02239	0.01953	0.05728	4.48536	-12.20678
25557	0.00000	-0.04046	0.00571	0.03005	-0.03186	-0.04046	-0.01677	0.02343	4.25219	-7.84647
25577	0.00000	0.00466	-0.14901	0.16864	-0.01635	0.00466	-0.16937	0.05362	4.08192	-8.47506
25597	0.00000	0.01756	0.00249	0.01189	-0.01833	0.01756	0.01301	0.02223	3.97148	-4.00518
25617	0.00000	-0.01468	0.01538	-0.00963	-0.01445	-0.01468	0.00929	0.02910	3.90245	-3.85423
25637	0.00000	-0.00017	-0.01685	-0.01760	0.00853	-0.00017	-0.01956	0.02966	3.84109	0.00000
25657	0.00000	-0.01145	0.00732	0.00121	-0.01154	-0.01145	0.00185	0.01190	3.80734	0.00000
25677	0.00000	-0.00823	-0.01363	-0.02124	-0.00602	-0.00823	-0.02049	0.02018	3.81501	0.00000
25697	0.00000	0.03045	-0.01363	0.00707	0.02968	0.03045	0.00185	0.05762	3.81961	0.00000
25717	0.00000	0.00628	0.00249	0.00748	0.00506	0.00628	0.00650	0.01535	3.81961	0.00000
25737	0.00000	-0.01468	-0.01363	-0.02638	-0.01028	-0.01468	-0.02421	0.01416	3.81961	0.00000
25757	0.00000	-0.00017	-0.02169	-0.02486	0.00375	-0.00017	-0.02514	0.04294	3.81808	0.00000
25777	0.00000	0.00466	0.00732	0.01174	0.00287	0.00466	0.01115	0.01070	3.81808	-4.19122
25797	0.00000	0.00628	-0.00718	-0.00352	0.00699	0.00628	-0.00467	0.01070	3.81961	0.00000
25817	0.00000	-0.00501	-0.00718	-0.01182	-0.00320	-0.00501	-0.01118	0.01410	3.81808	0.00000
25837	0.00000	-0.01468	-0.01846	-0.03203	-0.00878	-0.01468	-0.02979	0.06613	3.82115	216.92659
25857	0.00000	-0.00823	0.01216	0.00773	-0.00971	-0.00823	0.00929	0.01989	3.81961	0.00000
25877	0.00000	-0.05175	0.00410	-0.03369	-0.04663	-0.05175	-0.02514	0.08790	3.82115	0.00000
25897	0.00000	0.00466	0.01216	0.01729	0.00171	0.00466	0.01673	0.01427	3.81961	0.00000
25917	0.00000	-0.04369	0.00410	-0.02772	-0.03950	-0.04369	-0.02049	0.00814	3.81961	0.00000
25937	0.00000	-0.01629	-0.00718	-0.02024	-0.01299	-0.01629	-0.01770	0.01026	3.81961	0.00000
25957	0.00000	-0.00017	0.01377	0.01554	-0.00289	-0.00017	0.01580	0.01213	3.81961	0.00000
25977	0.00000	-0.00339	-0.01685	-0.02168	0.00035	-0.00339	-0.02142	0.01416	3.81961	0.00000
25997	0.00000	0.00144	-0.00718	-0.00710	0.00271	0.00144	-0.00746	0.01715	3.81961	0.00000
26017	0.00000	0.00466	0.00894	0.01362	0.00235	0.00466	0.01301	0.01026	3.81961	0.00000
26037	0.00000	-0.00823	0.00571	0.00040	-0.00842	-0.00823	0.00185	0.01335	3.82115	0.00000
26057	0.00000	0.00950	0.02344	0.03315	0.00713	0.00950	0.03255	0.02259	3.81041	0.00000
26077	0.00000	-0.03079	-0.00235	-0.02457	-0.02764	-0.03079	-0.02049	0.00355	3.81654	0.00000
26097	0.00000	-0.00984	-0.03942	-0.05206	-0.00262	-0.00984	-0.05119	0.02860	3.81654	0.00000
26117	0.00000	-0.00339	0.00249	0.00037	-0.00350	-0.00339	0.00091	0.15525	3.81961	0.00000
26137	0.00000	0.01595	0.00571	0.01809	0.01329	0.01595	0.01580	0.04545	3.81808	0.00000
26157	0.00000	0.02400	-0.01524	-0.00036	0.02429	0.02400	-0.00374	0.03883	3.81654	0.00000
26177	0.00000	0.00950	-0.01685	-0.01213	0.01177	0.00950	-0.01397	0.00589	3.81961	0.00000
26197	0.00000	0.00950	0.00410	0.01102	0.00855	0.00950	0.01022	0.02900	3.81041	0.00000
26217	0.00000	-0.01145	0.02828	0.02393	-0.01537	-0.01145	0.02604	0.02280	3.81961	0.00000
26237	0.00000	-0.00178	-0.01202	-0.01497	0.00107	-0.00178	-0.01490	0.01756	3.82115	0.00000
26257	0.00000	0.00466	0.01538	0.02097	0.00071	0.00466	0.02046	0.02016	3.82115	0.00000
26277	0.00000	-0.03079	0.00249	-0.02137	-0.02671	-0.03079	-0.01490	0.01109	3.82421	0.00000
26297	0.00000	-0.01629	-0.00073	-0.01315	-0.01406	-0.01629	-0.01025	0.01519	3.82115	0.00000
26317	0.00000	0.00144	0.00732	0.00939	-0.00050	0.00144	0.00929	0.00920	3.82115	0.00000
26337	0.00000	0.00950	0.00410	0.01183	0.00739	0.00950	0.01022	0.01259	3.82268	-4.19122
26357	1.00000	0.00144	-0.00235	-0.00157	0.00177	0.00144	-0.00188	0.00476	3.82115	0.00000
26377	1.00000	0.65580	-0.54711	0.65807	0.24705	0.65580	-0.25312	0.67126	3.30266	-41.91216
26397	1.00000	-0.47563	0.05568	0.50509	0.12372	-0.47563	-0.21031	0.60387	2.36540	-47.68866
26417	1.00000	-0.02918	0.12498	0.12109	0.04935	-0.02918	0.12747	0.09316	1.37138	-51.66240
26437	1.00000	0.33507	-0.16835	0.33435	0.02149	0.33507	-0.00095	0.32947	0.42951	-50.85017
26457	1.00000	-0.17746	-0.02652	0.19926	0.09744	-0.17746	-0.13308	0.15899	5.74476	-51.00084
26477	1.00000	-0.61101	0.80835	0.79342	0.28443	-0.61101	0.58063	0.82669	4.75227	-46.95873
26497	1.00000	0.57844	-0.66637	0.63283	0.35172	0.57844	-0.43550	0.60855	3.87944	-45.97776
26517	1.00000	-0.35797	0.01216	0.40073	-0.06816	-0.35797	-0.19264	0.44381	2.96212	-54.48581
26537	1.00000	0.03690	0.10886	0.11130	0.10286	0.03690	0.14701	0.06150	1.94969	-58.67703
26557	1.00000	0.67031	-0.14579	0.68987	0.14541	0.67031	0.21866	0.74304	0.95567	-49.48339
26577	1.00000	-0.30962	-0.04747	0.35607	0.15373	-0.30962	-0.23358	0.31417	0.04755	-50.85021
26597	1.00000	-0.46112	0.55692	0.57302	0.16204	-0.46112	0.37685	0.79467	5.31985	-50.61372
26617	1.00000	0.83954	-0.20542	0.83863	0.25034	0.83954	0.24750	0.88165	4.38258	-49.35073
26637	1.00000	-0.79959	0.12820	0.85879	0.00706	-0.79959	-0.31360	0.89007	3.53889	-29.33851
26657	1.00000	0.21096	0.00410	0.21499	0.11953	0.21096	0.12654	0.44375	2.61390	-49.48339
26677	1.00000	0.12393	-0.15868	0.12324	0.11243	0.12393	-0.11168	0.09089	1.56773	-58.04236
26697	1.00000	-0.10332	-0.42462	0.55734	-0.04966	-0.10332	-0.54996	0.58460	0.59518	-47.68850
26717	1.00000	-0.13394	0.10725	0.12023	-0.07514	-0.13394	0.04651	0.15943	5.92730	-51.13161
26737	1.00000	0.62034	-0.12645	0.63981	0.14282	0.62034	0.21214	0.69727	4.94862	-49.35073
26757	1.00000	-0.24676	-0.20059	0.44626	0.04126	-0.24676	-0.37409	0.44341	4.05431	-43.71460
26777	1.00000	0.04979	0.47956	0.58352	-0.03534	0.04979	0.58249	0.62458	3.15693	-49.48339
26797	1.00000	0.30606	-0.39561	0.34595	0.22898	0.30606	-0.28010	0.27017	2.15064	-56.81363
26817	1.00000	-0.54332	-0.04747	0.65605	-0.02366	-0.54332	-0.36850	0.68707	1.25019	-41.01533
26837	1.00000	0.66869	-0.06198	0.65462	0.34270	0.66869	0.31450	0.54808	0.34208	-47.32072
26857	1.00000	-0.04208	-0.21670	0.21678	0.17358	-0.04208	-0.27452	0.46444	5.66192	-53.17815
26877	1.00000	-0.74317	0.18945	0.75081	0.18101	-0.74317	-0.21031	0.83039	4.66330	-54.48581
26897	1.00000	0.90078	-0.17964	0.93393	0.19205	0.90078	0.31264	0.93131	3.81808	-44.52200
26917	1.00000	-0.87695	0.20879	0.83022	0.38733	-0.87695	-0.26522	0.76834	2.92377	-51.66271
26937	1.00000	-0.20647	0.16689	0.21103	-0.05912	-0.20647	0.07350	0.23817	1.90674	-51.13284
26957	1.00000	0.50107	-0.56161	0.56305	0.25107	0.50107	-0.35920	0.55758	1.02470	-43.71429
26977	1.00000	-0.73350	0.10886	0.78924	0.06139	-0.73350	-0.29778	0.83495	0.09664	-35.88261
26997	1.00000	0.12071	0.46667	0.58735	0.19968	0.12071	0.60855	0.60671	5.41188	-53.89549
27017	1.00000	0.63646	-0.91458	0.82716	0.44155	0.63646	-0.68861	0.88518	4.46388	-43.82815
27037	1.00000	-0.60457	0.69553	0.69074	0.30739	-0.60457	0.45408	0.67615	3.60179	-47.07822
27057	1.00000	0.52364	-0.05070	0.56527	0.11865	0.52364	0.24378	0.54249	2.64918	-51.52860
27077	1.00000	0.14488	-0.15062	0.16964	-0.01901	0.14488	-0.09028	0.20131	1.62755	-51.66271
27097	1.00000	-0.48691	0.12176	0.50671	-0.00711	-0.48691	-0.14053	0.58396	0.69489	-49.21862
27117	1.00000	0.13521	0.09275	0.22491	0.04444	0.13521	0.18516	0.45868	6.03468	-50.61372
27137	1.00000	0.56232	-0.79854	0.73130	0.37193	0.56232	-0.59741	0.71852	5.02992	-51.00206
27157	1.00000	-0.67065	0.15560	0.70185	0.01442	-0.67065	-0.20752	0.74648	4.12181	-46.61281
27177	1.00000	0.57038	-0.04425	0.62814	-0.09013	0.57038	0.27821	0.67743	3.25818	-50.84968
27197	1.00000	-0.15651	-0.40205	0.48857	0.30553	-0.15651	-0.55461	0.46533	2.25188	-55.08786
27217	1.00000	-0.50786	0.11370	0.52703	0.07968	-0.50786	-0.16193	0.58504	1.23639	-50.29427
27237	1.00000	0.52041	-0.00073	0.54064	0.26127	0.52041	0.29961	0.45913	0.34515	-46.13482
27257	1.00000	0.15455	-0.14740	0.16928	-0.04224	0.15455	-0.08097	0.20445	5.62818	-55.06613
27277	1.00000	-0.86244	0.24102	0.83675	0.30297	-0.86244	-0.21962	0.91374	4.65563	-47.81252
27297	1.00000	0.44628	-0.22315	0.44617	-0.00889	0.44628	-0.00002	0.44260	3.86256	-28.63439
27317	1.00000	-0.69966	0.10564	0.74234	0.13384	-0.69966	-0.28197	0.78592	2.94064	-54.33735
27337	1.00000	-0.05980	0.00410	0.01371	-0.06539	-0.05980	-0.02979	0.08745	1.92668	-55.78128
27357	0.00000	0.74606	-0.18447	0.74473	0.22202	0.74606	0.21773	0.79829	0.95107	-53.75118
27377	0.00000	0.07880	-0.02974	0.00139	-0.07957	0.07880	0.01115	0.10431	6.26631	-63.53767
27397	0.00000	0.11104	-0.08132	-0.02846	-0.11138	0.11104	-0.02979	0.14869	5.18179	-55.06613
27417	0.00000	-0.12750	0.15883	0.14833	0.07940	-0.12750	0.10979	0.39265	4.15095	-51.79690
27437	0.00000	0.01111	-0.10388	-0.11357	-0.01073	0.01111	-0.11354	0.17734	3.12012	-54.93611
27457	0.00000	-0.36120	-0.12322	0.50328	-0.01504	-0.36120	-0.35082	0.49909	2.29177	-35.76649
27477	0.00000	0.08042	-0.03136	0.01892	-0.07882	0.08042	0.01022	0.11110	1.72419	-29.66270
27497	0.00000	-0.05336	-0.01040	0.06489	0.02167	-0.05336	-0.04282	0.05268	1.24099	-23.00978
27517	0.00000	-0.04369	0.02828	0.03904	-0.02096	-0.04369	0.00743	0.04274	0.83295	-19.66648
27537	0.00000	0.03529	0.00732	0.03199	-0.03244	0.03529	0.02883	0.01414	0.50315	-12.64273
27557	0.00000	-0.02757	0.01538	0.02691	-0.00628	-0.02757	0.00185	0.05769	0.24237	-13.41678
27577	0.00000	0.00789	-0.00718	0.00586	-0.00647	0.00789	-0.00374	0.02279	0.04909	-13.65561
27597	0.00000	0.00950	-0.00073	0.01005	-0.00327	0.00950	0.00464	0.03799	6.20955	-4.14591
27617	0.00000	-0.01468	0.00410	-0.01090	-0.01052	-0.01468	-0.00374	0.03286	6.13132	-3.89336
27637	0.00000	-0.01629	0.27165	0.29495	0.07635	-0.01629	0.30427	0.01522	6.05616	-4.10156
27657	0.00000	-0.00017	0.01216	0.01247	0.00623	-0.00017	0.01394	0.02811	6.04695	0.00000
27677	0.00000	0.00628	0.06212	0.07211	0.02274	0.00628	0.07536	0.02767	6.06843	0.00000
27697	0.00000	-0.00823	0.01216	0.01097	-0.00579	-0.00823	0.00929	0.05532	6.06689	0.00000
27717	0.00000	-0.11944	-0.01202	-0.05216	-0.13566	-0.11944	-0.08283	0.01685	6.06689	0.00000
27737	0.00000	-0.00017	0.17656	0.19950	0.04142	-0.00017	0.20377	0.08677	6.06996	0.00000
27757	0.00000	-0.02757	0.01055	0.00244	-0.02772	-0.02757	-0.00374	0.02016	6.06843	0.00000
27777	0.00000	-0.01468	0.00410	-0.00041	-0.01514	-0.01468	-0.00374	0.02910	6.06843	0.00000
27797	0.00000	0.01595	0.01216	0.01916	0.02068	0.01595	0.02325	0.01414	6.06689	0.00000
27817	0.00000	-0.00984	-0.03136	-0.03869	-0.01884	-0.00984	-0.04189	0.02440	6.06996	0.00000
27837	0.00000	-0.00178	-0.01202	-0.01414	-0.00503	-0.00178	-0.01490	0.01054	6.06843	0.00000
27857	0.00000	-0.01145	0.00249	-0.00112	-0.01200	-0.01145	-0.00374	0.03063	6.06843	0.00000
27877	0.00000	0.01595	-0.01202	-0.00807	0.01452	0.01595	-0.00467	0.02933	6.06843	0.00000
27897	0.00000	-0.01790	0.01377	0.00992	-0.01590	-0.01790	0.00557	0.02764	6.06536	0.00000
27917	0.00000	-0.03402	0.00249	-0.00885	-0.03688	-0.03402	-0.01677	0.02631	6.06843	0.00000
27937	0.00000	-0.00662	0.00571	0.00417	-0.00584	-0.00662	0.00278	0.02782	6.06689	0.00000
27957	0.00000	0.00950	-0.01040	-0.00846	0.00782	0.00950	-0.00653	0.01717	6.06689	0.00000
27977	0.00000	-0.00339	0.00410	0.00346	-0.00270	-0.00339	0.00278	0.02506	6.06843	0.00000
27997	0.00000	0.00950	-0.00396	-0.00136	0.00944	0.00950	0.00091	0.01180	6.06689	0.00000
28017	0.00000	-0.00017	0.21363	0.24053	0.05422	-0.00017	0.24657	0.07492	6.06843	0.00000
28037	0.00000	-0.01790	0.00249	-0.00365	-0.01904	-0.01790	-0.00746	0.02167	6.06996	4.19122
28057	0.00000	0.00144	0.01377	0.01591	0.00537	0.00144	0.01673	0.01535	6.06689	0.00000
28077	0.00000	-0.00178	-0.01040	-0.01233	-0.00462	-0.00178	-0.01304	0.02127	6.06843	0.00000
28097	0.00000	-0.05497	0.00410	-0.01421	-0.05957	-0.05497	-0.02700	0.16716	6.06843	0.00000
28117	0.00000	-0.00017	0.00410	0.00456	0.00086	-0.00017	0.00464	0.01408	6.06843	0.00000
28137	0.00000	-0.00017	0.00410	0.00456	0.00086	-0.00017	0.00464	0.00589	6.06843	0.00000
28157	0.00000	0.00789	0.02183	0.02729	0.01426	0.00789	0.02976	0.00444	6.06843	0.00000
28177	0.00000	0.00305	-0.01363	-0.01430	-0.00011	0.00305	-0.01397	0.01524	6.06843	0.00000
28197	0.00000	-0.02596	-0.00557	-0.01516	-0.03004	-0.02596	-0.02142	0.02380	6.06843	0.00000
28217	0.00000	-0.02274	0.00894	0.00228	-0.02279	-0.02274	-0.00281	0.03452	6.06843	0.00000
28237	0.00000	0.07074	-0.00557	0.01796	0.07659	0.07074	0.03441	0.00797	6.06843	0.00000
28257	0.00000	0.00466	0.00894	0.01166	0.00742	0.00466	0.01301	0.00476	6.06843	0.00000
28277	0.00000	-0.00017	-0.01363	-0.01534	-0.00392	-0.00017	-0.01583	0.09512	6.06689	0.00000
28297	0.00000	0.00144	-0.02007	-0.02212	-0.00352	0.00144	-0.02235	0.01680	6.06843	0.00000
28317	0.00000	-0.00017	-0.00718	-0.00815	-0.00202	-0.00017	-0.00839	0.02622	6.06843	0.00000
28337	0.00000	-0.04046	-0.00073	-0.01469	-0.04481	-0.04046	-0.02421	0.02976	6.06843	0.00000
28357	1.00000	0.00305	0.00410	0.00566	0.00441	0.00305	0.00650	0.00286	6.06843	0.00000
28377	1.00000	0.19001	0.23135	0.39197	0.15636	0.19001	0.37685	0.52689	5.44256	-45.60497
28397	1.00000	0.02884	-0.49553	0.49010	0.26312	0.02884	-0.55554	0.52303	4.52064	-45.72856
28417	1.00000	-0.61424	0.72132	0.77828	-0.01519	-0.61424	0.47828	0.81628	3.64474	-59.15110
28437	1.00000	0.48173	-0.64703	0.58330	0.33430	0.48173	-0.46900	0.64963	2.73355	-50.61312
28457	1.00000	-0.10010	-0.33920	0.44687	0.11110	-0.10010	-0.44946	0.47458	1.69965	-37.31283
28477	1.00000	-0.59651	0.80513	0.78948	0.27406	-0.59651	0.58529	0.84535	0.75932	-47.07867
28497	1.00000	0.30928	-0.25055	0.30876	0.11216	0.30928	-0.11075	0.23069	6.13899	-53.75150
28517	1.00000	-0.20647	-0.53905	0.70378	0.31199	-0.20647	-0.74165	0.69168	5.12810	-54.48581
28537	1.00000	-0.58523	0.70842	0.75686	0.00910	-0.58523	0.48014	0.79861	4.20618	-47.07883
28557	1.00000	0.56715	-0.66637	0.71898	0.00829	0.56715	-0.44202	0.75807	3.35175	-47.68804
28577	1.00000	-0.09687	-0.07971	0.14203	-0.10537	-0.09687	-0.14797	0.18387	2.38381	-57.26814
28597	1.00000	-0.07753	0.09113	0.09537	-0.02392	-0.07753	0.06047	0.10598	1.36678	-51.66240
28617	1.00000	0.33668	-0.13934	0.33747	-0.02418	0.33668	0.03348	0.33335	0.42645	-33.80667
28637	1.00000	0.03529	-0.22315	0.22670	-0.07846	0.03529	-0.23730	0.25701	5.72482	-50.74251
28657	1.00000	-0.49175	0.60850	0.64232	0.06708	-0.49175	0.41872	0.68911	4.76915	-49.36091
28677	1.00000	0.61389	-0.80015	0.73137	0.40774	0.61389	-0.56950	0.72543	3.88864	-43.15559
28697	1.00000	-0.18391	0.08791	0.18276	0.02096	-0.18391	-0.00467	0.39845	2.98513	-55.08786
28717	1.00000	0.02723	0.13626	0.13880	0.10687	0.02723	0.17306	0.08067	1.94816	-54.48581
28737	1.00000	0.61389	-0.85656	0.78262	0.40882	0.61389	-0.63464	0.77035	1.03544	-47.19924
28757	1.00000	-0.33219	0.20234	0.32564	0.07772	-0.33219	0.04186	0.55808	0.13499	-54.46083
28777	1.00000	0.17712	0.51502	0.66755	0.26722	0.17712	0.69695	0.72511	5.41035	-32.81252
28797	1.00000	0.64291	-0.92909	0.84505	0.43755	0.64291	-0.70163	0.87063	4.46542	-47.68866
28817	1.00000	-0.72383	0.89055	0.91992	0.22402	-0.72383	0.61041	0.92521	3.62326	-42.82700
28837	1.00000	0.04657	0.10242	0.06588	-0.13745	0.04657	0.14515	0.15805	2.69674	-54.48581
28857	1.00000	-0.00823	-0.11194	0.10610	0.08227	-0.00823	-0.13401	0.34548	1.65363	-53.60669
28877	1.00000	-0.70772	0.14916	0.74464	0.04675	-0.70772	-0.23637	0.80518	0.67802	-33.90006
28897	1.00000	-0.05980	0.20718	0.17779	-0.11774	-0.05980	0.20470	0.22130	6.02241	-51.13284
28917	1.00000	0.46723	-0.61963	0.62320	0.16903	0.46723	-0.44574	0.68783	5.04373	-49.73019
28937	1.00000	-0.41277	0.09597	0.42353	-0.08512	-0.41277	-0.12750	0.45630	4.13561	-29.25857
28957	1.00000	0.79118	-0.14257	0.82160	0.19031	0.79118	0.29217	0.86104	3.23363	-49.21878
28977	1.00000	-0.10332	-0.31985	0.37528	0.23211	-0.10332	-0.42899	0.37478	2.24882	-54.48581
28997	1.00000	-0.63519	0.15883	0.63852	0.17127	-0.63519	-0.18333	0.71055	1.23639	-50.99086
29017	1.00000	0.59294	-0.02169	0.60129	0.30115	0.59294	0.31729	0.46866	0.34668	-46.13482
29037	1.00000	0.11748	-0.10388	0.11869	-0.04933	0.11748	-0.05213	0.14105	5.63278	-51.93179
29057	1.00000	-0.86244	0.23941	0.82717	0.32952	-0.86244	-0.22148	0.85091	4.65870	-47.81252
29077	1.00000	0.98137	-0.20220	0.98669	0.31704	0.98137	0.33311	0.93212	3.80887	-43.15559
29097	1.00000	-0.42083	0.03150	0.40911	0.22888	-0.42083	-0.20659	0.36265	2.90996	-51.66209
29117	1.00000	-0.42728	0.60205	0.49933	0.36654	-0.42728	0.44850	0.45227	1.86839	-55.63646
29137	1.00000	0.09814	0.28615	0.39899	-0.01600	0.09814	0.38708	0.43951	0.88664	-47.68850
29157	1.00000	-0.15490	-0.46491	0.53134	0.36583	-0.15490	-0.62626	0.54019	6.24944	-54.30021
29177	1.00000	-0.21775	0.01861	0.24027	-0.02333	-0.21775	-0.10423	0.25173	5.25082	-54.63378
29197	1.00000	0.14005	0.42476	0.58816	-0.00659	0.14005	0.57133	0.62986	4.30895	-47.19954
29217	1.00000	-0.02596	-0.42784	0.48779	-0.14778	-0.02596	-0.50901	0.53217	3.46680	-46.36731
29237	1.00000	-0.19841	0.13143	0.17636	-0.09819	-0.19841	0.03721	0.21573	2.47891	-55.20708
29257	1.00000	-0.04208	0.06535	0.03268	-0.05762	-0.04208	0.05116	0.25993	1.45882	-51.13284
29277	1.00000	0.32056	-0.42300	0.44010	-0.03311	0.32056	-0.30337	0.46110	0.51082	-47.68850
29297	1.00000	-0.15167	0.14754	0.14399	0.09550	-0.15167	0.08280	0.41574	5.84447	-53.32034
29317	1.00000	0.22386	0.58271	0.76208	0.33559	0.22386	0.80210	0.84792	4.84431	-55.08786
29337	1.00000	0.19807	-0.69700	0.68415	0.21891	0.19807	-0.69047	0.64272	3.95614	-43.71460
29357	0.00000	-0.55783	0.65201	0.70085	0.07415	-0.55783	0.43082	0.73511	3.04495	-51.13284
29377	0.00000	-0.19197	0.10725	-0.05242	-0.18513	-0.19197	0.01301	0.19301	2.02179	-55.78128
29397	0.00000	0.18195	-0.12161	0.00773	-0.18520	0.18195	-0.03538	0.21323	1.15969	-28.71063
29417	0.00000	-0.01790	-0.07810	-0.07638	-0.06773	-0.01790	-0.10051	0.15439	0.23930	-53.82387
29437	0.00000	-0.03402	0.05568	-0.05611	-0.00134	-0.03402	0.04465	0.08528	5.66959	-35.30912
29457	0.00000	0.00789	0.04117	0.02743	-0.04498	0.00789	0.05209	0.06673	4.99464	-37.72095
29477	0.00000	0.05463	0.01216	0.07098	0.00476	0.05463	0.04558	0.07782	4.39946	-31.79244
29497	0.00000	-0.00017	0.04117	0.00844	-0.04668	-0.00017	0.04744	0.03642	3.88711	-25.42517
29517	0.00000	0.02400	-0.00557	0.00159	-0.02508	0.02400	0.00743	0.08708	3.44992	-21.18764
29537	0.00000	-0.01951	-0.17319	-0.06777	-0.20103	-0.01951	-0.21125	0.02811	3.09864	-11.83022
29557	0.00000	0.03690	-0.00073	0.01804	-0.03814	0.03690	0.02046	0.06972	2.83940	-7.76701
29577	0.00000	-0.02274	-0.00396	-0.01919	-0.02149	-0.02274	-0.01770	0.02906	2.65072	-12.71258
29597	0.00000	-0.01629	0.00571	0.01548	-0.00579	-0.01629	-0.00281	0.02811	2.52953	-4.14591
29617	0.00000	-0.03402	0.01861	0.03406	-0.00051	-0.03402	0.00185	0.02899	2.52800	4.14591
29637	0.00000	-0.02112	-0.00073	0.00986	-0.02278	-0.02112	-0.01304	0.01266	2.58016	3.90327
29657	0.00000	0.01756	0.00571	0.01180	0.02119	0.01756	0.01673	0.00887	2.64305	0.00000
29677	0.00000	0.00789	-0.00073	0.00317	0.00812	0.00789	0.00371	0.02731	2.65379	0.00000
29697	0.00000	0.00466	-0.00557	-0.00447	0.00397	0.00466	-0.00374	0.05396	2.64612	0.00000
29717	0.00000	0.00144	-0.02330	-0.02602	-0.00208	0.00144	-0.02607	0.01310	2.64918	0.00000
29737	0.00000	-0.00501	-0.00879	-0.01202	-0.00712	-0.00501	-0.01304	0.00330	2.64612	0.00000
29757	0.00000	-0.00501	0.00410	0.00266	-0.00463	-0.00501	0.00185	0.02389	2.64612	0.00000
29777	0.00000	0.00144	-0.01524	-0.01677	-0.00139	0.00144	-0.01677	0.00718	2.64612	0.00000
29797	0.00000	0.00950	0.01055	0.01561	0.01259	0.00950	0.01766	0.04576	2.64458	0.00000
29817	0.00000	-0.03724	0.00249	-0.01211	-0.03984	-0.03724	-0.01863	0.04388	2.64612	0.00000
29837	0.00000	-0.02435	0.02183	0.01508	-0.02213	-0.02435	0.01115	0.04507	2.64612	0.00000
29857	0.00000	0.00305	0.00410	0.00589	0.00410	0.00305	0.00650	0.01927	2.64612	0.00000
29877	0.00000	-0.00662	-0.02007	-0.02551	-0.01106	-0.00662	-0.02700	0.00589	2.64612	0.00000
29897	0.00000	-0.00501	0.01377	0.01371	-0.00252	-0.00501	0.01301	0.01695	2.64458	-4.13473
29917	0.00000	-0.01468	-0.01040	-0.01743	-0.01820	-0.01468	-0.02049	0.01250	2.64458	0.00000
29937	0.00000	0.00305	-0.01363	-0.01429	0.00066	0.00305	-0.01397	0.00921	2.64612	0.00000
29957	0.00000	-0.00017	-0.01685	-0.01925	-0.00345	-0.00017	-0.01956	0.02548	2.64612	0.00000
29977	0.00000	-0.02918	0.00249	-0.00887	-0.03111	-0.02918	-0.01397	0.04819	2.64612	0.00000
29997	0.00000	0.03367	0.00410	0.01818	0.03725	0.03367	0.02418	0.00093	2.64458	0.00000
30017	0.00000	0.04012	-0.02974	-0.01648	0.03825	0.04012	-0.01118	0.03701	2.64918	0.00000
30037	0.00000	-0.02757	-0.01040	-0.02397	-0.03108	-0.02757	-0.02793	0.04381	2.64765	0.00000
30057	0.00000	0.03206	0.00894	0.02304	0.03645	0.03206	0.02883	0.14742	2.64612	0.00000
30077	0.00000	-0.02435	0.00894	0.00040	-0.02463	-0.02435	-0.00374	0.04004	2.64765	0.00000
30097	0.00000	-0.00178	0.11047	0.12468	0.02159	-0.00178	0.12654	0.01724	2.64458	0.00000
30117	0.00000	-0.00339	0.00894	0.00884	-0.00179	-0.00339	0.00836	0.01836	2.64458	0.00000
30137	0.00000	0.01433	-0.02169	-0.01912	0.01099	0.01433	-0.01677	0.02686	2.64458	0.00000
30157	0.00000	-0.00339	0.00894	0.00884	-0.00179	-0.00339	0.00836	0.01054	2.64458	0.00000
30177	0.00000	-0.02596	0.00249	-0.00758	-0.02762	-0.02596	-0.01211	0.02388	2.64612	0.00000
30197	0.00000	0.01111	-0.01846	-0.01670	0.00817	0.01111	-0.01490	0.00983	2.64458	0.00000
30217	0.00000	0.00628	-0.02330	-0.02391	0.00309	0.00628	-0.02328	0.02287	2.64765	4.19122
30237	0.00000	-0.00339	0.00249	0.00168	-0.00309	-0.00339	0.00091	0.13432	2.63998	0.00000
30257	0.00000	0.01756	-0.02007	-0.01679	0.01402	0.01756	-0.01304	0.03831	2.64152	0.00000
30277	0.00000	-0.00501	0.00410	0.00281	-0.00453	-0.00501	0.00185	0.00091	2.64305	0.00000
30297	0.00000	-0.00662	-0.01363	-0.01782	-0.01041	-0.00662	-0.01956	0.00718	2.64305	0.00000
30317	0.00000	-0.00501	0.16044	0.17908	0.03480	-0.00501	0.18237	0.02599	2.64152	0.00000
30337	0.00000	-0.00017	-0.02491	-0.02824	-0.00597	-0.00017	-0.02886	0.02548	2.64305	0.00000
30357	1.00000	-0.01145	0.01216	0.00990	-0.00940	-0.01145	0.00743	0.03434	2.63998	0.00000
30377	1.00000	0.01595	0.35707	0.41896	0.04884	0.01595	0.42151	0.45410	1.99878	-50.29459
30397	1.00000	0.45433	-0.56645	0.59554	0.07242	0.45433	-0.39177	0.64222	1.05845	-47.56543
30417	1.00000	-0.26288	0.14432	0.26317	0.00802	-0.26288	0.01487	0.22848	0.14880	-35.98783
30437	1.00000	0.02723	0.23458	0.28777	-0.00762	0.02723	0.28659	0.32380	5.43489	-58.35813
30457	1.00000	0.56877	-0.76953	0.77526	0.19046	0.56877	-0.56019	0.83987	4.48229	-47.19954
30477	1.00000	-0.69805	0.84864	0.89608	0.13046	-0.69805	0.57691	0.92033	3.63093	-43.15559
30497	1.00000	0.12877	-0.06681	0.12844	0.00952	0.12877	-0.00281	0.10867	2.69827	-58.04268
30517	1.00000	-0.11944	-0.29084	0.34871	0.23771	-0.11944	-0.40480	0.40953	1.67511	-36.91408
30537	1.00000	-0.34991	0.36513	0.34299	0.23020	-0.34991	0.21959	0.64201	0.71637	-50.43223
30557	1.00000	0.38987	-0.00073	0.38044	0.23986	0.38987	0.22424	0.43404	6.03928	-50.61372
30577	1.00000	0.39309	-0.50037	0.52239	0.06845	0.39309	-0.35082	0.57248	5.04680	-50.10504
30597	1.00000	-0.59651	0.41509	0.57642	0.20427	-0.59651	0.13491	0.60922	4.14021	-50.85034
30617	1.00000	0.55265	-0.01846	0.61528	-0.12451	0.55265	0.29775	0.67194	3.25664	-33.52908
30637	1.00000	-0.10010	-0.35854	0.43234	0.21372	-0.10010	-0.47179	0.42040	2.25649	-58.04268
30657	1.00000	-0.33219	0.07018	0.34931	0.02428	-0.33219	-0.11075	0.39202	1.25019	-50.29459
30677	1.00000	0.25448	0.17656	0.42753	0.07089	0.25448	0.35079	0.65150	0.33287	-47.68850
30697	1.00000	0.13844	-0.09744	0.03491	-0.13786	0.13844	-0.03258	0.22526	5.63585	137.66533
30717	1.00000	-0.56266	0.74227	0.71556	0.29628	-0.56266	0.53225	0.71303	4.74920	-47.19832
30737	1.00000	0.51719	-0.43268	0.53007	0.16403	0.51719	-0.20101	0.46255	3.86870	-45.60497
30757	1.00000	-0.27255	-0.01685	0.31184	-0.09106	-0.27255	-0.17682	0.35394	2.97132	-49.21878
30777	1.00000	0.03367	0.12498	0.12571	0.11020	0.03367	0.16376	0.06280	1.94509	-54.48581
30797	1.00000	0.79763	-0.21670	0.75410	0.33420	0.79763	0.21028	0.85935	0.94186	-47.68835
30817	1.00000	-0.04046	-0.22637	0.27930	-0.06859	-0.04046	-0.28476	0.31118	0.03528	-50.43227
30837	1.00000	-0.49819	0.65846	0.65276	0.21329	-0.49819	0.47269	0.68555	5.32138	-50.61372
30857	1.00000	0.77346	-0.17641	0.79878	0.13808	0.77346	0.24285	0.86123	4.39025	-50.85034
30877	1.00000	-0.64808	0.10725	0.69090	-0.07263	-0.64808	-0.25033	0.71933	3.55577	-45.11721
30897	1.00000	0.07880	0.08952	0.16655	0.02507	0.07880	0.14887	0.22647	2.59550	-55.20769
30917	1.00000	0.10137	-0.08132	0.09849	0.04274	0.10137	-0.03538	0.05403	1.56159	-58.04268
30937	1.00000	-0.07270	-0.40850	0.51520	-0.06062	-0.07270	-0.51367	0.54800	0.59979	-43.71445
30957	1.00000	-0.18068	0.08146	0.11265	-0.14162	-0.18068	-0.01025	0.19027	5.92884	-51.66148
30977	1.00000	0.62357	-0.12967	0.64620	0.12438	0.62357	0.21028	0.70295	4.95169	-53.89677
30997	1.00000	-0.46435	-0.11517	0.58613	0.18133	-0.46435	-0.40107	0.53174	4.05431	-43.48927
31017	1.00000	0.04335	0.41993	0.50631	-0.07415	0.04335	0.50991	0.53322	3.16460	-47.19893
31037	1.00000	0.32056	-0.30535	0.34975	0.09213	0.32056	-0.16751	0.31822	2.15064	-36.52346
31057	1.00000	0.00144	-0.21670	0.24118	-0.06347	0.00144	-0.24940	0.26561	1.16583	-50.23125
31077	1.00000	-0.07109	0.32000	0.32547	0.08368	-0.07109	0.32846	0.29611	0.24697	-36.41499
31097	1.00000	0.21419	0.04117	0.26157	-0.08225	0.21419	0.17120	0.31144	5.53153	-53.89677
31117	1.00000	-0.22420	-0.61480	0.82567	0.27019	-0.22420	-0.83935	0.88817	4.56359	-33.52973
31137	1.00000	0.20613	0.75678	0.95186	0.34958	0.20613	0.99286	0.91735	3.71070	-46.10338
31157	1.00000	0.05140	-0.28762	0.27502	0.13590	0.05140	-0.30244	0.32346	2.79491	-51.66271
31177	1.00000	-0.58361	0.18623	0.48172	0.35129	-0.58361	-0.12191	0.46372	1.93435	-49.72989
31197	1.00000	-0.25482	0.28615	0.30358	-0.07977	-0.25482	0.18330	0.35043	0.79920	-48.18786
31217	1.00000	0.22869	-0.16029	0.22750	0.05795	0.22869	-0.05306	0.18804	6.13899	-54.48581
31237	1.00000	-0.18068	-0.46491	0.60810	0.27188	-0.18068	-0.64115	0.64856	5.12043	-55.08786
31257	1.00000	-0.40310	0.49245	0.51748	-0.08667	-0.40310	0.33590	0.55160	4.22305	-46.25081
31277	1.00000	0.53976	-0.65187	0.69705	0.00068	0.53976	-0.44109	0.72561	3.35328	-43.26564
31297	1.00000	-0.45951	0.06051	0.48324	0.12568	-0.45951	-0.19543	0.45931	2.36233	-55.78128
31317	1.00000	-0.01790	0.16044	0.15345	0.08585	-0.01790	0.17492	0.13857	1.36524	-49.72989
31337	1.00000	0.36085	-0.12484	0.36575	-0.02347	0.36085	0.06419	0.38216	0.42338	-50.29443
31357	0.00000	0.03529	-0.21670	0.21938	-0.07709	0.03529	-0.22986	0.24234	5.71868	-54.64578
31377	0.00000	0.01111	-0.10227	-0.01420	-0.11132	0.01111	-0.11168	0.11373	4.71086	-54.48581
31397	0.00000	-0.01468	0.07663	0.08040	-0.01234	-0.01468	0.08001	0.04382	3.70150	-56.81427
31417	0.00000	-0.29028	-0.02330	-0.27239	-0.21880	-0.29028	-0.19450	0.57033	2.59243	-51.52922
31437	0.00000	0.15617	-0.03780	0.00632	-0.16282	0.15617	0.04651	0.13428	1.69965	-41.91216
31457	0.00000	-0.00017	0.07663	0.08169	-0.03373	-0.00017	0.08838	0.14637	0.90812	-39.33280
31477	0.00000	-0.00017	-0.03297	-0.00531	-0.03779	-0.00017	-0.03817	0.05282	0.18101	-40.72514
31497	0.00000	0.08203	-0.08938	-0.04150	-0.09013	0.08203	-0.05585	0.11909	5.85060	-27.81838
31517	0.00000	0.00144	-0.00718	-0.00490	-0.00580	0.00144	-0.00746	0.05581	5.38274	-19.92188
31537	0.00000	0.02078	0.02022	0.02923	-0.02875	0.02078	0.03534	0.02789	5.03759	-16.58362
31557	0.00000	-0.02435	-0.01363	0.02958	-0.02460	-0.02435	-0.02979	0.11623	4.76454	-12.67756
31577	0.00000	0.01756	0.12176	-0.08650	-0.12467	0.01756	0.15073	0.02326	4.57126	-7.82646
31597	0.00000	-0.01468	-0.00235	-0.01821	-0.00297	-0.01468	-0.01118	0.01441	4.43167	-7.86659
31617	0.00000	-0.08559	0.04923	0.04690	-0.07198	-0.08559	0.00743	0.03915	4.32429	-3.96379
31637	0.00000	-0.01145	0.00088	0.00445	-0.01195	-0.01145	-0.00560	0.00356	4.30282	0.00000
31657	0.00000	-0.01468	-0.01685	-0.01452	-0.02801	-0.01468	-0.02793	0.00546	4.32276	0.00000
31677	0.00000	-0.01629	0.00249	-0.00192	-0.01744	-0.01629	-0.00653	0.03296	4.35497	0.00000
31697	0.00000	-0.00017	0.20073	-0.01936	0.23085	-0.00017	0.23169	0.02415	4.38105	0.00000
31717	0.00000	-0.01629	-0.01363	-0.02686	-0.01325	-0.01629	-0.02514	0.00588	4.38565	0.00000
31737	0.00000	0.00305	0.00410	0.00685	0.00216	0.00305	0.00650	0.00920	4.38719	0.00000
31757	0.00000	-0.00984	-0.01040	-0.01885	-0.00740	-0.00984	-0.01770	0.00411	4.38565	0.00000
31777	0.00000	-0.00178	-0.01202	-0.01501	-0.00004	-0.00178	-0.01490	0.01350	4.38565	0.00000
31797	0.00000	0.00466	0.00410	0.00792	0.00377	0.00466	0.00743	0.01263	4.38565	0.00000
31817	0.00000	0.01111	0.00410	0.01237	0.00974	0.01111	0.01115	0.00814	4.38565	0.00000
31837	0.00000	-0.00017	-0.02330	-0.02608	0.00700	-0.00017	-0.02700	0.01455	4.39946	4.12362
31857	0.00000	-0.00339	0.00894	0.00716	-0.00549	-0.00339	0.00836	0.02506	4.39946	0.00000
31877	0.00000	0.01917	-0.02007	-0.00659	0.02170	0.01917	-0.01211	0.20037	4.39946	0.00000
31897	0.00000	-0.00017	0.02022	0.02311	-0.00248	-0.00017	0.02325	0.01506	4.38412	-4.14591
31917	0.00000	0.03045	0.00410	0.02751	0.02585	0.03045	0.02232	0.21982	4.39179	0.00000
31937	0.00000	-0.00178	-0.01685	-0.02047	0.00200	-0.00178	-0.02049	0.14517	4.39179	0.00000
31957	0.00000	0.00144	0.00732	0.00940	-0.00028	0.00144	0.00929	0.01054	4.39179	0.00000
31977	0.00000	0.01111	0.00410	0.01300	0.00888	0.01111	0.01115	0.00832	4.39179	0.00000
31997	0.00000	-0.00178	0.00410	0.00332	-0.00243	-0.00178	0.00371	0.01456	4.39179	0.00000
32017	0.00000	0.00466	0.00410	0.00810	0.00336	0.00466	0.00743	0.00476	4.39025	0.00000
32037	0.00000	-0.00984	-0.01685	-0.02651	-0.00507	-0.00984	-0.02514	0.09208	4.39179	0.00000
32057	0.00000	-0.00178	0.00249	0.00149	-0.00209	-0.00178	0.00185	0.01102	4.39179	0.00000
32077	0.00000	-0.02918	-0.00557	-0.02823	-0.02443	-0.02918	-0.02328	0.00547	4.39179	0.00000
32097	0.00000	-0.00017	-0.01202	-0.01381	0.00216	-0.00017	-0.01397	0.00476	4.39179	0.00000
32117	0.00000	-0.01145	0.00088	-0.00760	-0.01023	-0.01145	-0.00560	0.01693	4.39179	0.00000
32137	0.00000	-0.00339	0.00894	0.00768	-0.00474	-0.00339	0.00836	0.01456	4.39025	0.00000
32157	0.00000	0.01756	-0.00396	0.00869	0.01624	0.01756	0.00557	0.01352	4.39179	0.00000
32177	0.00000	-0.01145	-0.00557	-0.01477	-0.00912	-0.01145	-0.01304	0.00519	4.39179	0.00000
32197	0.00000	0.00466	0.01055	0.01544	0.00212	0.00466	0.01487	0.07260	4.39179	0.00000
32217	0.00000	-0.00339	-0.08938	-0.10426	0.01416	-0.00339	-0.10517	0.01250	4.39025	0.00000
32237	0.00000	-0.01790	0.00410	-0.00878	-0.01657	-0.01790	-0.00560	0.02421	4.39179	0.00000
32257	0.00000	-0.00984	0.02667	0.02046	-0.01757	-0.00984	0.02511	0.02453	4.40713	0.00000
32277	0.00000	-0.00501	-0.00557	-0.01027	-0.00253	-0.00501	-0.00932	0.01072	4.39792	0.00000
32297	0.00000	0.01433	-0.01202	-0.00160	0.01531	0.01433	-0.00560	0.13662	4.39946	0.00000
32317	0.00000	-0.00178	0.00732	0.00669	-0.00369	-0.00178	0.00743	0.02897	4.39946	0.00000
32337	0.00000	-0.00823	0.00571	-0.00040	-0.00842	-0.00823	0.00185	0.01922	4.39946	0.00000
32357	1.00000	0.01433	0.00732	0.01994	0.00938	0.01433	0.01673	0.00973	4.39946	0.00000
32377	1.00000	0.70737	-0.53905	0.69209	0.25911	0.70737	-0.21404	0.71437	3.87177	-37.31251
32397	1.00000	-0.60779	0.68586	0.74493	0.09446	-0.60779	0.44105	0.78844	3.04342	-46.36731
32417	1.00000	0.34151	-0.09421	0.28012	0.21442	0.34151	0.08838	0.27129	2.04633	-51.13223
32437	1.00000	0.38020	-0.48103	-0.08347	0.50040	0.38020	-0.33594	0.10239	1.04924	-405.12833
32457	1.00000	-0.37087	0.04762	0.39715	-0.07156	-0.37087	-0.15914	0.44041	0.12579	-41.33479
32477	1.00000	0.20291	0.53113	0.66378	0.36608	0.20291	0.73045	0.63520	5.40421	-56.66436
32497	1.00000	0.46239	-0.39883	0.48983	0.10639	0.46239	-0.19357	0.50518	4.45008	-49.21878
32517	1.00000	-0.49497	0.38769	0.49317	0.16714	-0.49497	0.16190	0.71595	3.57878	-46.61281
32537	1.00000	0.38825	-0.03780	0.34182	0.25783	0.38825	0.18051	0.32402	2.60163	-51.26429
32557	1.00000	0.39470	-0.53905	0.45335	0.32543	0.39470	-0.39456	0.45096	1.58153	-51.79659
32577	1.00000	-0.30962	-0.06843	0.11019	0.38752	-0.30962	-0.25777	0.08931	0.53996	-255.66344
32597	1.00000	-0.41116	0.46667	0.50887	0.03083	-0.41116	0.30148	0.52013	5.89816	-51.66271
32617	1.00000	0.12071	0.14432	0.16062	-0.21123	0.12071	0.23634	0.26723	4.98851	-49.61677
32637	1.00000	-0.48691	0.07985	0.45215	0.26140	-0.48691	-0.18891	0.62648	4.06505	-47.31965
32657	1.00000	0.39470	0.02183	0.43499	0.17495	0.39470	0.25309	0.40635	3.20142	-46.25081
32677	1.00000	0.29961	-0.35854	0.37806	0.07017	0.29961	-0.24102	0.42291	2.17518	-54.78519
32697	1.00000	-0.11138	-0.04909	0.15675	0.04968	-0.11138	-0.12098	0.14515	1.17656	-51.13284
32717	1.00000	0.18518	0.62139	0.76706	0.35423	0.18518	0.82443	0.80913	0.27151	-35.77799
32737	1.00000	0.17873	-0.15224	0.17759	0.07531	0.17873	-0.07260	0.11523	5.56528	-53.89677
32757	1.00000	-0.14684	-0.53905	0.71501	0.10203	-0.14684	-0.70722	0.74395	4.57433	-49.88440
32777	1.00000	0.13360	0.63428	0.82020	0.01966	0.13360	0.80954	0.86333	3.73678	-49.21878
32797	1.00000	-0.13072	-0.42945	0.47836	0.33870	-0.13072	-0.57136	0.42780	2.81025	-54.93545
32817	1.00000	-0.79636	0.23135	0.71328	0.40306	-0.79636	-0.19264	0.68117	1.77635	-51.66240
32837	1.00000	0.00144	0.31033	0.31366	0.17492	0.00144	0.35917	0.28615	0.81608	-50.71009
32857	1.00000	0.57038	-0.70344	0.66599	0.33908	0.57038	-0.48296	0.69196	6.16200	-50.35810
32877	1.00000	-0.07270	-0.19092	0.25791	-0.08732	-0.07270	-0.26242	0.23703	5.20786	-39.13227
32897	1.00000	0.25448	0.62461	0.78375	0.45176	0.25448	0.86817	0.83734	4.27214	-50.43239
32917	1.00000	-0.15973	-0.56484	0.67155	0.35868	-0.15973	-0.74444	0.75521	3.41004	-50.57094
32937	1.00000	-0.15167	0.08952	0.15212	0.01045	-0.15167	0.01580	0.09627	2.42522	-53.89677
32957	1.00000	0.08203	0.21040	0.23362	0.19084	0.08203	0.29031	0.22836	1.38979	-38.13775
32977	1.00000	0.67514	-0.96132	0.85438	0.49455	0.67514	-0.72024	0.91669	0.46019	-46.48425
32997	1.00000	-0.80764	0.19267	0.76537	0.35469	-0.80764	-0.24381	0.79338	5.77851	-52.20368
33017	1.00000	-0.05175	0.21524	0.21113	0.07683	-0.05175	0.21866	0.19142	4.80443	-49.21878
33037	1.00000	0.73155	-0.99517	0.94658	0.40896	0.73155	-0.72676	0.93494	3.89631	-43.37747
33057	1.00000	-0.57717	0.69069	0.71243	0.20263	-0.57717	0.46432	0.71582	3.03728	-49.97947
33077	1.00000	0.12715	0.02022	0.13538	0.08484	0.12715	0.09676	0.13678	2.02485	-50.74251
33097	1.00000	0.43499	-0.65187	0.53373	0.39489	0.43499	-0.50157	0.50918	1.02163	-47.68835
33117	1.00000	-0.73028	0.11853	0.77591	0.11100	-0.73028	-0.28476	0.82860	0.09971	-54.46083
33137	1.00000	0.14488	0.46667	0.60173	0.21531	0.14488	0.62251	0.59999	5.41342	-54.48451
33157	1.00000	0.63646	-0.89524	0.83359	0.39256	0.63646	-0.66627	0.84777	4.46849	-47.19954
33177	1.00000	-0.69643	0.88088	0.86854	0.32985	-0.69643	0.61506	0.89084	3.60792	-43.71460
33197	1.00000	0.11104	0.11209	0.16406	-0.15121	0.11104	0.19353	0.23250	2.68140	-59.32539
33217	1.00000	-0.00178	-0.22799	0.20948	0.16111	-0.00178	-0.26429	0.30805	1.64289	-55.63646
33237	1.00000	0.15294	0.45377	0.52167	0.35504	0.15294	0.61227	0.56936	0.83142	-49.75071
33257	1.00000	0.60100	-0.79692	0.76101	0.33256	0.60100	-0.57322	0.73964	6.17274	-55.85940
33277	1.00000	-0.16457	0.00571	0.15602	0.10274	-0.16457	-0.08842	0.11380	5.18332	-51.13284
33297	1.00000	-0.24032	0.43282	0.43358	0.00936	-0.24032	0.36103	0.44779	4.23072	-43.71337
33317	1.00000	0.15455	-0.59546	0.59100	0.18048	0.15455	-0.59835	0.68813	3.38396	-44.75819
33337	1.00000	-0.23226	-0.01846	0.27842	-0.02373	-0.23226	-0.15541	0.31291	2.37614	-54.48581
33357	0.00000	-0.07915	0.06212	0.06506	-0.05204	-0.07915	0.02604	0.10040	1.36678	-31.71029
33377	0.00000	0.20935	-0.02007	0.22788	0.03787	0.20935	0.09769	0.16659	0.36662	-53.89661
33397	0.00000	-0.05175	0.15883	-0.06221	-0.14958	-0.05175	0.15352	0.20348	5.56835	-57.42191
33417	0.00000	0.04979	-0.04909	0.03684	-0.04361	0.04979	-0.02793	0.05281	4.54979	-53.46329
33437	0.00000	-0.05175	-0.12322	0.08965	-0.15581	-0.05175	-0.17216	0.13090	3.54503	-53.32034
33457	0.00000	-0.16457	0.08146	-0.07076	-0.14857	-0.16457	-0.00095	0.19185	2.63231	-39.13227
33477	0.00000	-0.05336	0.00894	0.01975	-0.05363	-0.05336	-0.02049	0.02850	1.96503	-31.87502
33497	0.00000	-0.05175	0.02022	0.01878	-0.04865	-0.05175	-0.00653	0.02567	1.42814	-23.36018
33517	0.00000	0.02078	0.02828	0.04639	-0.01652	0.02078	0.04465	0.04068	0.98175	-19.71703
33537	0.00000	0.02562	-0.02974	0.02272	-0.02285	0.02562	-0.01956	0.05324	0.61973	-21.18764
33557	0.00000	-0.02757	0.02667	0.02151	-0.02277	-0.02757	0.01487	0.03956	0.32827	-18.15358
33577	0.00000	0.04012	-0.02007	-0.01239	-0.03816	0.04012	-0.00002	0.05455	0.12118	-8.97065
33597	0.00000	0.03367	-0.00396	0.02697	-0.02506	0.03367	0.01487	0.04718	6.25097	-4.13473
33617	0.00000	0.00950	0.00732	0.01623	-0.00460	0.00950	0.01394	0.01353	6.16047	-3.92324
33637	0.00000	-0.00501	0.01538	0.01558	-0.00186	-0.00501	0.01487	0.00282	6.06076	-4.19122
33657	0.00000	0.10298	0.01538	-0.01096	0.12823	0.10298	0.07722	0.03520	6.02241	0.00000
33677	0.00000	-0.00178	-0.00073	-0.00081	-0.00246	-0.00178	-0.00188	0.00912	6.04542	3.86394
33697	0.00000	0.04657	-0.03780	-0.02301	0.04382	0.04657	-0.01677	0.04494	6.07763	0.00000
33717	0.00000	-0.00501	0.00571	0.00436	-0.00445	-0.00501	0.00371	0.08580	6.07610	0.00000
33737	0.00000	-0.05175	-0.00557	-0.02693	-0.05719	-0.05175	-0.03631	0.00904	6.07303	0.00000
33757	0.00000	-0.00339	-0.17964	-0.20634	-0.03566	-0.00339	-0.20938	0.06313	6.07456	0.00000
33777	0.00000	0.00466	-0.01363	-0.01365	0.00237	0.00466	-0.01304	0.01688	6.07303	0.00000
33797	0.00000	0.00950	0.00410	0.00863	0.01096	0.00950	0.01022	0.00718	6.07456	0.00000
33817	0.00000	-0.04208	0.00410	-0.01132	-0.04499	-0.04208	-0.01956	0.04839	6.07150	0.00000
33837	0.00000	0.01111	0.01216	0.01826	0.01444	0.01111	0.02046	0.02695	6.07303	0.00000
33857	0.00000	0.01111	-0.00235	0.00156	0.01161	0.01111	0.00371	0.00282	6.07150	0.00000
33877	0.00000	-0.00017	0.01377	0.01560	0.00253	-0.00017	0.01580	0.00724	6.07150	0.00000
33897	0.00000	-0.03563	0.00410	-0.00951	-0.03781	-0.03563	-0.01583	0.26462	6.07303	0.00000
33917	0.00000	0.00628	0.00894	0.01266	0.00857	0.00628	0.01394	0.01455	6.07303	0.00000
33937	0.00000	0.00789	-0.01202	-0.01053	0.00618	0.00789	-0.00932	0.03224	6.07303	0.00000
33957	0.00000	-0.00017	0.00410	0.00459	0.00070	-0.00017	0.00464	0.02101	6.07303	0.00000
33977	0.00000	0.00305	0.00732	0.00955	0.00475	0.00305	0.01022	0.05623	6.07303	0.00000
33997	0.00000	-0.00501	-0.02330	-0.02897	-0.00857	-0.00501	-0.02979	0.04118	6.07763	0.00000
34017	0.00000	-0.00017	0.01700	0.01876	0.00542	-0.00017	0.01953	0.02831	6.06229	0.00000
34037	0.00000	-0.00017	-0.02491	-0.02822	-0.00606	-0.00017	-0.02886	0.00880	6.07150	0.00000
34057	0.00000	-0.00501	0.06374	0.07052	0.00715	-0.00501	0.07070	0.05755	6.07303	0.00000
34077	0.00000	-0.01629	0.00410	-0.00181	-0.01685	-0.01629	-0.00467	0.02000	6.07303	4.19122
34097	0.00000	-0.00017	-0.01040	-0.01182	-0.00264	-0.00017	-0.01211	0.01791	6.06843	0.00000
34117	0.00000	-0.00501	0.09758	0.10849	0.01751	-0.00501	0.10979	0.07426	6.06996	0.00000
34137	0.00000	-0.02112	0.00410	-0.00337	-0.02215	-0.02112	-0.00746	0.01695	6.07303	0.00000
34157	0.00000	0.00789	-0.00073	0.00216	0.00844	0.00789	0.00371	0.01373	6.07303	0.00000
34177	0.00000	0.00466	0.01055	0.01361	0.00760	0.00466	0.01487	0.01451	6.06996	0.00000
34197	0.00000	-0.00501	-0.01040	-0.01357	-0.00794	-0.00501	-0.01490	0.00887	6.06996	0.00000
34217	0.00000	-0.00823	0.20395	0.22819	0.03517	-0.00823	0.23076	0.04114	6.07150	0.00000
34237	0.00000	0.02400	-0.00235	0.00688	0.02556	0.02400	0.01115	0.00267	6.07303	0.00000
34257	0.00000	-0.01145	0.01055	0.00761	-0.01021	-0.01145	0.00557	0.01437	6.07150	-4.14591
34277	0.00000	0.00144	0.00088	0.00154	0.00176	0.00144	0.00185	0.00480	6.07150	0.00000
34297	0.00000	-0.00017	-0.00718	-0.00821	-0.00174	-0.00017	-0.00839	0.00754	6.07150	0.00000
34317	0.00000	0.02400	0.00894	0.01877	0.02843	0.02400	0.02418	0.00476	6.06996	0.00000
34337	0.00000	0.00466	-0.02169	-0.02283	0.00000	0.00466	-0.02235	0.02088	6.06996	0.00000
34357	1.00000	-0.00823	0.00410	0.00166	-0.00806	-0.00823	-0.00002	0.05656	6.06996	0.00000
34377	1.00000	0.12715	0.15883	0.27853	0.06736	0.12715	0.25681	0.28439	5.45484	-33.34750
34397	1.00000	-0.11621	-0.39399	0.42720	0.32174	-0.11621	-0.52204	0.46239	4.53752	-50.85034
34417	1.00000	-0.44178	0.56659	0.58548	-0.10807	-0.44178	0.39918	0.62532	3.65854	-44.17235
34437	1.00000	0.26093	-0.25216	0.26531	0.13204	0.26093	-0.14053	0.17915	2.71361	-58.04268
34457	1.00000	-0.10816	-0.20220	0.21249	0.23260	-0.10816	-0.29592	0.21247	1.65823	-54.48549
34477	1.00000	-0.28061	0.11047	0.28261	0.00754	-0.28061	-0.03445	0.45401	0.70563	-49.88554
34497	1.00000	0.45272	-0.01202	0.43038	0.28455	0.45272	0.24750	0.41957	6.03928	-50.61372
34517	1.00000	0.55587	-0.80337	0.72181	0.39502	0.55587	-0.60672	0.71365	5.02839	-51.13284
34537	1.00000	-0.72706	0.14432	0.76873	0.04085	-0.72706	-0.25312	0.81453	4.11720	-50.85034
34557	1.00000	0.42855	-0.04425	0.46172	-0.09483	0.42855	0.19633	0.48571	3.24437	-51.66271
34577	1.00000	-0.17585	-0.46007	0.57498	0.31728	-0.17585	-0.63277	0.53540	2.25188	-58.04268
34597	1.00000	-0.38376	0.07018	0.40754	0.03018	-0.38376	-0.14053	0.44564	1.24559	-55.08786
34617	1.00000	0.42371	-0.02169	0.46056	-0.12494	0.42371	0.21959	0.48094	0.41571	-46.74193
34637	1.00000	0.03206	-0.20381	0.20465	-0.07849	0.03206	-0.21683	0.23201	5.72175	-51.13284
34657	1.00000	-0.48852	0.60850	0.64183	0.05961	-0.48852	0.42058	0.68807	4.76454	-49.73019
34677	1.00000	0.69448	-0.76953	0.78495	0.32239	0.69448	-0.48761	0.78044	3.88864	-42.93597
34697	1.00000	-0.28061	0.22974	0.27029	0.12779	-0.28061	0.10327	0.46434	2.98973	-50.57028
34717	1.00000	0.02239	0.15883	0.17056	0.09976	0.02239	0.19633	0.11391	1.94816	-37.72095
34737	1.00000	0.19485	-0.23282	0.24630	-0.04164	0.19485	-0.15634	0.27195	1.07379	-48.18770
34757	1.00000	-0.42889	0.45055	0.47353	0.18444	-0.42889	0.27263	0.46296	0.16260	-35.77799
34777	1.00000	-0.05658	0.12982	0.09616	-0.08773	-0.05658	0.11723	0.14368	5.45023	-51.26429
34797	1.00000	0.25770	-0.37304	0.38184	-0.01038	0.25770	-0.28197	0.41970	4.50377	-46.13489
34817	1.00000	-0.66581	0.92762	0.92133	0.25663	-0.66581	0.68671	0.93211	3.61866	-47.68866
34837	1.00000	0.04818	0.08630	0.06709	-0.11860	0.04818	0.12747	0.15384	2.69520	-54.33735
34857	1.00000	-0.09204	-0.28440	0.27310	0.28188	-0.09204	-0.38153	0.28998	1.65670	-54.33702
34877	1.00000	-0.66904	0.13304	0.70793	0.02373	-0.66904	-0.23265	0.74693	0.68109	-50.29443
34897	1.00000	0.52364	-0.08777	0.46822	0.30873	0.52364	0.20098	0.41544	6.04542	-49.85452
34917	1.00000	0.41565	-0.56161	0.56522	0.14190	0.41565	-0.40852	0.62627	5.04680	-51.52922
34937	1.00000	0.15455	0.63751	0.82756	0.14185	0.15455	0.82536	0.87323	4.29515	-45.48204
34957	1.00000	-0.10171	-0.56967	0.72193	-0.04999	-0.10171	-0.71652	0.76466	3.44839	-29.02134
34977	1.00000	-0.19035	0.09919	0.14935	-0.11808	-0.19035	0.00464	0.20545	2.48505	-51.79628
34997	1.00000	0.55910	-0.17480	0.42963	0.37767	0.55910	0.12095	0.40618	1.48336	-53.82374
35017	1.00000	-0.04691	-0.46007	0.47716	0.29367	-0.04691	-0.55833	0.46420	0.52922	-50.85017
35037	1.00000	-0.24676	0.24586	0.22520	0.17368	-0.24676	0.14142	0.27292	5.83833	-54.63509
35057	1.00000	0.13038	0.44732	0.59850	0.09474	0.13038	0.59180	0.66176	4.86119	-48.56945
35077	1.00000	-0.06948	-0.63253	0.68742	0.35483	-0.06948	-0.77049	0.62596	3.97454	-46.48440
35097	1.00000	-0.23226	0.27971	0.29296	-0.06150	-0.23226	0.18888	0.31791	3.07563	-52.06676
35117	1.00000	0.34957	0.08630	0.46081	-0.02685	0.34957	0.30148	0.46447	2.08775	-47.68866
35137	1.00000	-0.15651	-0.32952	0.38152	0.31724	-0.15651	-0.47086	0.39215	1.10907	-54.33702
35157	1.00000	-0.63841	0.79384	0.82561	0.16220	-0.63841	0.54807	0.88006	0.19328	-34.37485
35177	1.00000	0.27543	0.01538	0.32503	-0.03810	0.27543	0.17678	0.36947	5.52540	-54.33735
35197	1.00000	-0.20647	-0.57128	0.75742	0.27479	-0.20647	-0.77887	0.81550	4.56666	-50.29329
35217	1.00000	0.21096	0.74872	0.94470	0.35340	0.21096	0.98634	0.92911	3.71070	-45.85281
35237	1.00000	0.03045	-0.30535	0.29194	0.16711	0.03045	-0.33501	0.34454	2.79798	-53.32034
35257	1.00000	-0.12105	0.01377	0.10108	0.08572	-0.12105	-0.05399	0.06370	1.74260	-55.20739
35277	1.00000	-0.38537	0.48601	0.51155	-0.03849	-0.38537	0.33870	0.54660	0.78540	-46.13474
35297	1.00000	0.18034	-0.08454	0.18042	0.00346	0.18034	0.00650	0.15842	6.13439	-50.15755
35317	1.00000	-0.23709	-0.55355	0.71490	0.38395	-0.23709	-0.77608	0.69537	5.12196	-53.89677
35337	1.00000	-0.46274	0.58593	0.61634	-0.04242	-0.46274	0.40942	0.65234	4.21538	-46.13489
35357	0.00000	0.55265	-0.66315	0.71052	0.00886	0.55265	-0.44667	0.73626	3.35175	-43.60103
35377	0.00000	0.18357	-0.10388	-0.08838	-0.16148	0.18357	-0.01397	0.21795	2.31938	-55.06613
35397	0.00000	-0.19519	0.13465	0.19260	0.05320	-0.19519	0.04279	0.18549	1.26860	-38.13742
35417	0.00000	-0.05013	0.04439	0.03309	-0.04377	-0.05013	0.02232	0.11657	0.25464	-56.36675
35437	0.00000	-0.15812	0.16044	-0.10602	-0.15031	-0.15812	0.09397	0.26350	5.54074	-45.60497
35457	0.00000	-0.00017	-0.21348	0.04717	-0.24204	-0.00017	-0.24661	0.18884	4.71392	-41.91216
35477	0.00000	0.04979	-0.01040	0.01630	-0.04994	0.04979	0.01673	0.08293	3.96687	-36.14101
35497	0.00000	-0.12589	0.12176	-0.09368	-0.10808	-0.12589	0.06791	0.13592	3.28118	-33.52908
35517	0.00000	-0.00017	0.04117	0.00390	-0.04728	-0.00017	0.04744	0.05376	2.75503	-24.09401
35537	0.00000	0.03206	-0.03942	0.02524	-0.03346	0.03206	-0.02700	0.05311	2.34852	-20.95608
35557	0.00000	-0.05658	0.03795	0.02725	-0.05082	-0.05658	0.01115	0.06684	2.03866	-16.76487
35577	0.00000	0.00144	-0.02330	0.02016	-0.01659	0.00144	-0.02607	0.06101	1.84998	-7.86659
35597	0.00000	0.01111	0.08469	-0.07509	-0.07310	0.01111	0.10420	0.02643	1.73647	-3.91323
35617	0.00000	0.03367	-0.00396	0.02658	-0.02547	0.03367	0.01487	0.06547	1.69198	0.00000
35637	0.00000	0.00305	0.00249	0.00110	-0.00544	0.00305	0.00464	0.02840	1.69812	0.00000
35657	0.00000	-0.00984	-0.01846	0.00527	0.02825	-0.00984	-0.02700	0.08342	1.71192	3.89336
35677	0.00000	-0.00501	0.00571	-0.00622	0.00030	-0.00501	0.00371	0.14505	1.72419	0.00000
35697	0.00000	-0.00823	0.01055	-0.01108	0.00021	-0.00823	0.00743	0.01086	1.73033	0.00000
35717	0.00000	-0.00501	-0.00396	0.00145	0.00887	-0.00501	-0.00746	0.00329	1.73033	0.00000
35737	0.00000	0.00466	-0.01363	0.01243	0.00612	0.00466	-0.01304	0.01674	1.73186	0.00000
35757	0.00000	0.01433	-0.01524	0.01678	-0.00329	0.01433	-0.00932	0.02909	1.73033	0.00000
35777	0.00000	0.00305	0.08952	-0.07100	-0.07759	0.00305	0.10513	0.01092	1.73186	0.00000
35797	0.00000	-0.12105	-0.01846	-0.02340	0.14974	-0.12105	-0.09121	0.01288	1.73186	0.00000
35817	0.00000	0.00305	-0.00557	0.00544	0.00123	0.00305	-0.00467	0.02764	1.73033	0.00000
35837	0.00000	0.00789	-0.01363	0.01345	0.00254	0.00789	-0.01118	0.00797	1.73186	0.00000
35857	0.00000	-0.00823	-0.00718	0.00317	0.01509	-0.00823	-0.01304	0.00519	1.73186	0.00000
35877	0.00000	0.00144	-0.02169	0.01789	0.01638	0.00144	-0.02421	0.02213	1.73186	0.00000
35897	0.00000	0.00305	-0.01363	0.01192	0.00791	0.00305	-0.01397	0.01408	1.73186	0.00000
35917	0.00000	-0.00339	-0.00557	0.00340	0.00839	-0.00339	-0.00839	0.09237	1.73186	0.00000
35937	0.00000	0.00466	-0.01363	0.01232	0.00632	0.00466	-0.01304	0.03283	1.73033	0.00000
35957	0.00000	-0.00017	0.00894	-0.00736	-0.00709	-0.00017	0.01022	0.01775	1.73340	0.00000
35977	0.00000	-0.00984	-0.01202	0.00690	0.02078	-0.00984	-0.01956	0.01433	1.73340	0.00000
35997	0.00000	-0.00017	0.00088	-0.00077	-0.00052	-0.00017	0.00091	0.01127	1.73340	0.00000
36017	0.00000	0.00466	-0.01040	0.00989	0.00328	0.00466	-0.00932	0.01414	1.73340	0.00000
36037	0.00000	-0.00017	-0.01202	0.00960	0.01015	-0.00017	-0.01397	0.01720	1.73186	0.00000
36057	0.00000	0.00144	0.00410	-0.00293	-0.00495	0.00144	0.00557	0.01350	1.73493	0.00000
36077	0.00000	0.02400	-0.01846	0.02242	-0.01136	0.02400	-0.00746	0.02874	1.73186	0.00000
36097	0.00000	-0.00017	-0.00073	0.00054	0.00080	-0.00017	-0.00095	0.01285	1.73186	0.00000
36117	0.00000	-0.00017	-0.02491	0.01926	0.02150	-0.00017	-0.02886	0.02767	1.72880	0.00000
36137	0.00000	-0.00017	-0.00557	0.00442	0.00481	-0.00017	-0.00653	0.01648	1.73186	0.00000
36157	0.00000	-0.00017	-0.02330	0.01144	-0.02446	-0.00017	-0.02700	0.22887	1.73340	0.00000
36177	0.00000	0.00144	-0.02007	0.01659	0.01504	0.00144	-0.02235	0.05638	1.73033	0.00000
36197	0.00000	-0.01790	0.00410	-0.00867	0.01663	-0.01790	-0.00560	0.03908	1.73340	0.00000
36217	0.00000	-0.01145	-0.00396	0.00064	0.01599	-0.01145	-0.01118	0.00392	1.73800	0.00000
36237	0.00000	-0.00501	-0.00557	0.00357	0.00996	-0.00501	-0.00932	0.01072	1.73647	0.00000
36257	0.00000	0.00628	-0.02007	0.01873	0.00843	0.00628	-0.01956	0.02767	1.73647	0.00000
36277	0.00000	-0.00501	0.04601	-0.04067	-0.02990	-0.00501	0.05023	0.01394	1.73647	0.00000
36297	0.00000	-0.01468	-0.00557	0.00090	0.02090	-0.01468	-0.01490	0.01724	1.73647	0.00000
36317	0.00000	-0.02112	-0.02652	0.01617	0.04492	-0.02112	-0.04282	0.02833	1.73493	0.00000
36337	0.00000	-0.00178	-0.01524	0.01217	0.01421	-0.00178	-0.01863	0.09124	1.73493	0.00000
36357	1.00000	-0.00017	-0.02491	0.02066	0.02015	-0.00017	-0.02886	0.15293	1.73493	0.00000
36377	1.00000	-0.14845	-0.64059	0.78331	0.29943	-0.14845	-0.82539	0.86867	1.13668	-44.52200
36397	1.00000	0.17067	0.66652	0.85635	0.22226	0.17067	0.86817	0.90460	0.28532	-46.10322
36417	1.00000	0.19001	-0.22154	0.23951	-0.00907	0.19001	-0.14611	0.26210	5.62357	-53.28981
36437	1.00000	-0.86567	0.24102	0.82405	0.34536	-0.86567	-0.22148	0.83690	4.65563	-48.18801
36457	1.00000	0.74606	-0.05876	0.76796	0.31376	0.74606	0.36289	0.77335	3.79047	-43.71460
36477	1.00000	0.03690	-0.26183	0.26135	-0.10971	0.03690	-0.28104	0.30831	2.87161	-51.66271
36497	1.00000	-0.42728	0.51985	0.48267	0.27310	-0.42728	0.35358	0.44413	1.86685	-53.42207
36517	1.00000	0.06752	0.30227	0.39190	-0.03903	0.06752	0.38801	0.42053	0.88511	-47.44269
36537	1.00000	-0.05497	-0.46813	0.46623	0.33635	-0.05497	-0.57229	0.46195	6.23410	-58.65220
36557	1.00000	-0.72222	0.18139	0.70414	0.26240	-0.72222	-0.20752	0.70572	5.21860	-51.79690
36577	1.00000	0.16906	0.26198	0.43193	-0.04548	0.16906	0.40011	0.41424	4.34423	-39.33295
36597	1.00000	-0.48046	-0.03136	0.52970	0.22040	-0.48046	-0.31360	0.47080	3.48367	-46.72036
36617	1.00000	-0.15490	0.04601	0.08713	-0.13310	-0.15490	-0.03631	0.16428	2.48505	-55.78066
36637	1.00000	0.31411	-0.07648	0.25816	0.20165	0.31411	0.09304	0.22863	1.48183	-49.48309
36657	1.00000	0.00305	-0.56000	0.56162	0.31691	0.00305	-0.64487	0.56160	0.52922	-46.48423
36677	1.00000	-0.07915	-0.08132	0.10373	-0.12242	-0.07915	-0.13959	0.17182	5.82759	-49.88570
36697	1.00000	0.12393	0.46989	0.61520	0.11826	0.12393	0.61413	0.67388	4.85658	-48.31450
36717	1.00000	-0.13072	-0.62931	0.71417	0.38783	-0.13072	-0.80213	0.77693	3.97301	-46.22969
36737	1.00000	-0.15490	0.28615	0.28622	0.01209	-0.15490	0.24099	0.27566	3.08790	-47.56482
36757	1.00000	0.46400	-0.07810	0.41708	0.27002	0.46400	0.17772	0.24032	2.05093	-55.06552
36777	1.00000	0.53653	-0.76630	0.73944	0.26790	0.53653	-0.57508	0.80241	1.04464	-47.81252
36797	1.00000	-0.37731	0.36513	0.40011	0.15421	-0.37731	0.20377	0.41287	0.15800	-36.20015
36817	1.00000	-0.10332	0.12498	0.04740	-0.12488	-0.10332	0.08466	0.14501	5.45177	-50.23125
36837	1.00000	0.51558	-0.65832	0.68841	0.07597	0.51558	-0.46249	0.71680	4.48996	-47.19954
36857	1.00000	-0.68838	0.84058	0.89144	0.08730	-0.68838	0.57319	0.91245	3.62940	-43.71460
36877	1.00000	0.10137	0.00410	0.10146	-0.06311	0.10137	0.06326	0.11012	2.70134	-33.16725
36897	1.00000	-0.10977	-0.37788	0.47901	0.17970	-0.10977	-0.49971	0.48440	1.69658	-59.32507
36917	1.00000	-0.56750	0.81319	0.71854	0.42358	-0.56750	0.61134	0.78017	0.73938	-47.19939
36937	1.00000	0.18840	0.05084	0.22088	-0.12145	0.18840	0.16748	0.26511	6.11905	-49.08752
36957	1.00000	-0.27255	-0.57128	0.73329	0.45171	-0.27255	-0.81702	0.71474	5.11889	-54.48581
36977	1.00000	-0.64647	0.83091	0.85854	0.15599	-0.64647	0.58622	0.90549	4.19544	-43.37747
36997	1.00000	0.56554	-0.66637	0.71826	0.01000	0.56554	-0.44295	0.75795	3.35021	-43.37686
37017	1.00000	-0.10171	-0.09421	0.15536	-0.11944	-0.10171	-0.16751	0.21535	2.38227	-57.42127
37037	1.00000	-0.05497	0.10242	0.10217	0.00817	-0.05497	0.08652	0.10645	1.36678	-51.79659
37057	1.00000	0.28188	-0.05876	0.28582	-0.08227	0.28188	0.09490	0.31041	0.42338	-29.33835
37077	1.00000	0.05140	-0.22315	0.21612	-0.08896	0.05140	-0.22799	0.24342	5.72482	-52.20368
37097	1.00000	-0.62068	0.79384	0.77906	0.29990	-0.62068	0.55830	0.81825	4.74920	-51.66148
37117	1.00000	0.72027	-0.82110	0.83160	0.33237	0.72027	-0.53228	0.89106	3.89018	-42.39657
37137	1.00000	-0.36603	0.35707	0.36508	0.20265	-0.36603	0.20098	0.42910	2.99280	-37.92755
37157	1.00000	0.03045	0.12820	0.13250	0.10390	0.03045	0.16562	0.07756	1.94969	-58.51714
37177	1.00000	0.86532	-0.24410	0.83476	0.31510	0.86532	0.21773	0.87181	0.94033	-47.68835
37197	1.00000	-0.05175	-0.19575	0.25296	-0.06457	-0.05175	-0.25591	0.25184	0.03528	-38.13767
37217	1.00000	-0.46435	0.58593	0.60002	0.14965	-0.46435	0.40849	0.66680	5.31831	-50.61372
37237	1.00000	0.72672	-0.14901	0.76409	0.07399	0.72672	0.24750	0.80959	4.38872	-33.52973
37257	1.00000	-0.63519	0.10725	0.67757	-0.05739	-0.63519	-0.24288	0.71351	3.55423	-44.63978
37277	1.00000	0.00305	0.10725	0.12016	-0.03669	0.00305	0.12561	0.23208	2.59396	-55.06613
37297	1.00000	0.04818	-0.01685	0.04823	-0.00806	0.04818	0.00836	0.03338	1.55852	-38.13775
37317	1.00000	-0.08237	-0.45202	0.57423	-0.03648	-0.08237	-0.56950	0.60634	0.59672	-47.81237
37337	1.00000	-0.10171	0.15399	0.15630	-0.00979	-0.10171	0.11909	0.15891	5.93037	-51.26429
37357	0.00000	0.85565	-0.24572	0.80223	0.36431	0.85565	0.21028	0.82620	4.93021	-47.81252
37377	0.00000	-0.10654	-0.30051	0.41489	0.07808	-0.10654	-0.40852	0.35949	3.99602	-52.75610
37397	0.00000	0.22225	-0.17802	-0.14071	-0.18856	0.22225	-0.07725	0.25320	2.92377	-62.86824
37417	0.00000	-0.12589	-0.02652	-0.02759	-0.16048	-0.12589	-0.10330	0.15727	1.96503	-46.10338
37437	0.00000	0.04979	-0.09744	0.08384	-0.04966	0.04979	-0.08376	0.10173	1.15509	-41.12561
37457	0.00000	-0.00017	0.07179	0.03955	-0.07274	-0.00017	0.08280	0.05531	0.40190	-37.11246
37477	0.00000	-0.10332	0.02828	-0.01787	-0.10528	-0.10332	-0.02700	0.14304	6.02394	-32.81252
37497	0.00000	-0.03241	0.08146	0.03958	-0.07185	-0.03241	0.07536	0.06216	5.53767	-23.12540
37517	0.00000	0.00628	-0.02652	0.02527	0.01139	0.00628	-0.02700	0.02890	5.14037	-15.73318
37537	0.00000	-0.04208	0.01377	0.03510	-0.02467	-0.04208	-0.00839	0.03721	4.81363	-15.89622
37557	0.00000	0.04173	-0.16835	0.13683	0.10963	0.04173	-0.17030	0.05475	4.55899	-11.92216
37577	0.00000	0.00466	0.02505	0.03195	0.00095	0.00466	0.03162	0.03292	4.37031	-8.09491
37597	0.00000	-0.03079	-0.00396	0.01433	-0.03524	-0.03079	-0.02235	0.04152	4.27827	0.00000
37617	0.00000	-0.01468	-0.01040	0.00583	-0.02452	-0.01468	-0.02049	0.01415	4.26907	0.00000
37637	0.00000	-0.00178	0.18139	0.12611	0.16594	-0.00178	0.20842	0.01836	4.29208	3.94341
37657	0.00000	-0.01951	-0.00718	-0.00442	-0.02727	-0.01951	-0.01956	0.00392	4.32122	3.88351
37677	0.00000	-0.00339	-0.00718	-0.00907	-0.00587	-0.00339	-0.01025	0.01756	4.35497	4.13473
37697	0.00000	-0.03563	-0.00396	-0.02800	-0.03342	-0.03563	-0.02514	0.02659	4.38565	4.11256
37717	0.00000	0.03206	-0.02652	-0.00260	0.03417	0.03206	-0.01211	0.02548	4.40099	0.00000
37737	0.00000	0.00466	-0.00396	-0.00066	0.00498	0.00466	-0.00188	0.00671	4.39792	0.00000
37757	0.00000	-0.00017	0.01377	0.01526	-0.00410	-0.00017	0.01580	0.01989	4.39792	0.00000
37777	0.00000	0.00950	-0.02007	-0.01454	0.01385	0.00950	-0.01770	0.21067	4.39946	0.00000
37797	0.00000	-0.00017	0.01055	0.01160	-0.00337	-0.00017	0.01208	0.01506	4.39946	0.00000
37817	0.00000	-0.00017	0.00410	0.00447	-0.00124	-0.00017	0.00464	0.00977	4.39639	0.00000
37837	0.00000	-0.00339	-0.00718	-0.01076	-0.00092	-0.00339	-0.01025	0.00592	4.39639	0.00000
37857	0.00000	0.00305	-0.01524	-0.01458	0.00690	0.00305	-0.01583	0.01247	4.39792	0.00000
37877	0.00000	-0.00984	-0.01040	-0.01959	-0.00513	-0.00984	-0.01770	0.01795	4.39792	0.00000
37897	0.00000	-0.00501	0.00410	0.00054	-0.00531	-0.00501	0.00185	0.01437	4.39792	0.00000
37917	0.00000	-0.00178	-0.01040	-0.01310	0.00130	-0.00178	-0.01304	0.01180	4.39639	0.00000
37937	0.00000	-0.01145	-0.01363	-0.02440	-0.00594	-0.01145	-0.02235	0.03063	4.39639	0.00000
37957	0.00000	-0.00823	0.00249	-0.00387	-0.00750	-0.00823	-0.00188	0.07429	4.39792	0.00000
37977	0.00000	-0.00017	-0.00557	-0.00637	0.00146	-0.00017	-0.00653	0.01535	4.39639	4.13473
37997	0.00000	-0.00339	0.00410	0.00178	-0.00401	-0.00339	0.00278	0.02599	4.39946	0.00000
38017	0.00000	-0.00017	0.00410	0.00443	-0.00140	-0.00017	0.00464	0.00476	4.39946	0.00000
38037	0.00000	0.00305	0.00410	0.00705	0.00134	0.00305	0.00650	0.00814	4.39946	0.00000
38057	0.00000	-0.00178	-0.00718	-0.00947	0.00059	-0.00178	-0.00932	0.02189	4.39792	0.00000
38077	0.00000	-0.00017	0.00571	0.00625	-0.00178	-0.00017	0.00650	0.01414	4.39792	0.00000
38097	0.00000	-0.00017	0.00410	0.00443	-0.00140	-0.00017	0.00464	0.02419	4.39792	4.13473
38117	0.00000	-0.00178	0.22168	0.24752	-0.06102	-0.00178	0.25495	0.05364	4.39792	0.00000
38137	0.00000	0.06913	-0.00235	0.05324	0.05769	0.06913	0.03721	0.00267	4.39792	0.00000
38157	0.00000	0.00144	0.00410	0.00575	0.00001	0.00144	0.00557	0.02412	4.39792	0.00000
38177	0.00000	-0.00662	-0.01846	-0.02599	-0.00015	-0.00662	-0.02514	0.01356	4.39792	0.00000
38197	0.00000	-0.00823	0.02344	0.01979	-0.01319	-0.00823	0.02232	0.01250	4.39639	0.00000
38217	0.00000	0.01111	-0.01040	-0.00286	0.01211	0.01111	-0.00560	0.03156	4.39639	0.00000
38237	0.00000	0.00144	0.00571	-0.00081	0.00752	0.00144	0.00743	0.02692	4.39639	0.00000
38257	0.00000	0.00144	0.00732	0.00935	-0.00092	0.00144	0.00929	0.01026	4.39792	0.00000
38277	0.00000	0.00789	0.00410	0.01096	0.00533	0.00789	0.00929	0.01259	4.39792	0.00000
38297	0.00000	-0.00823	-0.00718	-0.01468	-0.00472	-0.00823	-0.01304	0.01397	4.39792	0.00000
38317	0.00000	0.00305	0.00571	0.00886	0.00088	0.00305	0.00836	0.05978	4.39792	0.00000
38337	0.00000	-0.00984	-0.01040	-0.01950	-0.00546	-0.00984	-0.01770	0.01374	4.39639	0.00000
38357	1.00000	-0.00017	-0.01040	-0.01177	0.00285	-0.00017	-0.01211	0.00832	4.39792	0.00000
38377	1.00000	0.70737	-0.56161	0.71923	0.20177	0.70737	-0.24009	0.78884	3.87790	-25.42517
38397	1.00000	-0.59490	0.66007	0.72143	0.09327	-0.59490	0.41872	0.76672	3.04802	-47.19954
38417	1.00000	0.40437	-0.06843	0.36313	0.23556	0.40437	0.15445	0.31120	2.05093	-55.06552
38437	1.00000	0.53492	-0.76953	0.74012	0.27277	0.53492	-0.57973	0.81184	1.04004	-51.66271
38457	1.00000	-0.44823	0.46505	0.46821	0.24303	-0.44823	0.27821	0.41622	0.15340	-54.62248
38477	1.00000	0.03690	0.33612	0.41004	0.02872	0.03690	0.40942	0.44406	5.42569	-52.75610
38497	1.00000	0.55587	-0.74374	0.76080	0.13957	0.55587	-0.53786	0.82489	4.47922	-47.19954
38517	1.00000	-0.62068	0.69714	0.76147	-0.06955	-0.62068	0.44664	0.80405	3.64627	-42.50337
38537	1.00000	0.15294	-0.10066	0.15290	0.02816	0.15294	-0.02793	0.10775	2.70901	-53.60701
38557	1.00000	-0.07915	-0.23605	0.23439	0.22934	-0.07915	-0.31826	0.44744	1.66130	-55.08754
38577	1.00000	-0.31446	0.25392	0.30878	0.12647	-0.31446	0.11165	0.54483	0.71790	-46.10322
38597	1.00000	0.84921	-0.21832	0.77086	0.42847	0.84921	0.23820	0.77014	6.06689	-51.13284
38617	1.00000	0.05140	-0.31018	0.29231	0.15841	0.05140	-0.32849	0.33484	5.08054	-47.68742
38637	1.00000	-0.59328	0.54080	0.57823	0.31160	-0.59328	0.28193	0.57381	4.14635	-50.02125
38657	1.00000	0.52686	-0.01685	0.58468	-0.12946	0.52686	0.28473	0.64121	3.25818	-33.52908
