0	1.00000	-0.02581	-0.06200	0.05651	-0.07038	-0.02581	-0.08650	0.11194	4.78755	-0.00129
8377	1.00000	0.14987	0.65521	0.73400	0.44097	0.14987	0.84310	0.80774	4.28748	-41.45906
8397	1.00000	-0.48999	-0.16999	0.60326	0.32517	-0.48999	-0.47918	0.63856	3.48367	-43.04550
8417	1.00000	0.28364	0.06210	0.24700	0.27363	0.28364	0.23547	0.43471	2.60010	-51.66271
8437	1.00000	0.45771	-0.63739	0.53746	0.37831	0.45771	-0.47173	0.66371	1.60148	-51.66271
8457	1.00000	-0.67211	0.44247	0.56697	0.38122	-0.67211	0.12287	0.72465	0.70410	-50.29443
8477	1.00000	0.39001	-0.02977	0.31057	0.30341	0.39001	0.19080	0.33020	6.04695	-51.00206
8497	1.00000	0.25463	-0.34405	0.33860	0.11319	0.25463	-0.25027	0.38864	5.06060	-50.61372
8517	1.00000	-0.50449	0.28452	0.46848	0.19077	-0.50449	0.03726	0.69665	4.14175	-50.71025
8537	1.00000	0.56730	-0.05072	0.62370	0.07147	0.56730	0.26897	0.67632	3.25664	-52.34008
8557	1.00000	-0.14508	-0.35534	0.35322	0.37464	-0.14508	-0.49407	0.42921	2.24882	-53.89677
8577	1.00000	-0.47065	0.49243	0.53850	0.14005	-0.47065	0.29688	0.59275	1.33763	-47.32088
8597	1.00000	0.59309	-0.09585	0.63078	0.08682	0.59309	0.23174	0.67840	0.39730	-38.13759
8617	1.00000	-0.19988	-0.42464	0.45944	0.44243	-0.19988	-0.60573	0.49294	5.67726	-53.75150
8637	1.00000	-0.25629	0.03631	0.27733	0.00309	-0.25629	-0.10604	0.30322	4.69398	-53.89677
8657	1.00000	0.06767	0.41990	0.52629	-0.04561	0.06767	0.52393	0.56434	3.74905	-46.95873
8677	1.00000	0.28042	-0.33277	0.34432	0.09759	0.28042	-0.22235	0.37467	2.76117	-55.06613
8697	1.00000	-1.80676	1.50298	1.87493	0.47749	-1.80676	0.69236	1.85444	1.73340	-53.89677
8717	1.00000	0.33360	-0.09746	0.25439	0.23015	0.33360	0.08007	0.30101	0.93113	-51.26398
8737	1.00000	0.15148	-0.19094	0.20100	0.01538	0.15148	-0.13302	0.22206	6.21109	-59.16179
8757	1.00000	0.07412	-0.12002	0.08075	-0.09027	0.07412	-0.09580	0.11646	5.17105	-51.66271
8777	1.00000	-0.57702	0.75514	0.73535	0.28708	-0.57702	0.53882	0.75572	4.19697	-46.36731
8797	1.00000	0.54796	-0.05717	0.60133	0.03652	0.54796	0.25036	0.64204	3.25511	-50.84968
8817	1.00000	0.04994	0.05404	-0.01233	-0.10327	0.04994	0.09124	0.10431	2.20893	-59.61082
8837	1.00000	-0.08867	-0.30215	0.39748	0.09968	-0.08867	-0.40008	0.44796	1.15509	-53.32002
8857	1.00000	-0.59475	0.75192	0.70100	0.37106	-0.59475	0.52486	0.66618	0.17948	-55.70321
8877	1.00000	0.02899	0.26357	0.29020	0.14033	0.02899	0.32108	0.21504	5.40575	-58.67572
8897	1.00000	0.29331	-0.47944	0.34391	0.33970	0.29331	-0.38426	0.32945	4.45928	-53.17815
8917	1.00000	-0.80588	0.19748	0.73999	0.39755	-0.80588	-0.23724	0.70765	3.51895	-47.07883
8937	1.00000	-0.20149	0.11368	0.18546	-0.08012	-0.20149	0.01493	0.22171	2.47431	-59.76504
8957	1.00000	0.04188	0.30547	0.36958	0.08486	0.04188	0.37691	0.39379	1.42967	-37.82429
8977	1.00000	0.05316	0.05727	0.06448	-0.08968	0.05316	0.09682	0.12562	0.42951	-37.92804
8997	1.00000	0.00965	-0.06684	0.06222	0.03673	0.00965	-0.07161	0.15643	5.66192	-55.63677
9017	1.00000	-0.33687	0.10400	0.24194	0.24592	-0.33687	-0.07440	0.26069	4.62955	-49.97947
9037	1.00000	-0.43841	0.46825	0.51768	-0.08293	-0.43841	0.28758	0.53072	3.66008	-47.68866
9057	1.00000	0.14826	0.02664	0.18229	0.04780	0.14826	0.11636	0.16396	2.63845	-59.15049
9077	1.00000	-0.13057	0.19265	-0.08390	-0.17786	-0.13057	0.14707	0.19541	1.54932	-58.35813
9097	1.00000	-0.05160	-0.32632	0.32529	0.24930	-0.05160	-0.40660	0.43714	0.53383	-36.91408
9117	1.00000	-0.34493	0.02825	0.34679	0.16259	-0.34493	-0.16652	0.32431	5.78464	-53.95927
9137	1.00000	-0.27079	0.37800	0.27588	0.27508	-0.27079	0.28013	0.46582	4.72926	-53.31907
9157	1.00000	0.25463	0.18943	0.43269	0.10659	0.25463	0.36574	0.45757	3.76899	-46.01896
9177	1.00000	0.32877	-0.42786	0.41205	0.17570	0.32877	-0.30424	0.46444	2.75503	-54.78519
9197	1.00000	-0.06288	-0.19578	0.21362	0.16479	-0.06288	-0.26237	0.17951	1.68584	-58.67670
9217	1.00000	-0.64632	0.17814	0.53947	0.39338	-0.64632	-0.16745	0.62197	0.64427	-51.52906
9237	1.00000	-0.23211	0.13785	0.20970	-0.10261	-0.23211	0.02517	0.23498	5.91656	-70.07933
9257	1.00000	-0.02903	0.15719	0.16017	-0.04826	-0.02903	0.16475	0.18894	4.87959	-53.32034
9277	1.00000	0.59309	-0.88237	0.80246	0.40660	0.59309	-0.67645	0.83487	3.91319	-47.19954
9297	1.00000	-0.79944	0.17170	0.75600	0.36984	-0.79944	-0.26330	0.67506	2.93297	-55.92654
9317	1.00000	-0.21599	0.22327	0.21578	0.13344	-0.21599	0.13311	0.30688	1.86532	-57.42159
9337	1.00000	0.07250	0.21199	0.22072	0.19669	0.07250	0.28665	0.20779	0.82988	-53.46329
9357	1.00000	0.44642	-0.05556	0.43112	0.22557	0.44642	0.19359	0.38206	6.07150	-54.23180
9377	0.00000	-0.16603	0.23455	-0.16280	-0.17798	-0.16603	0.17498	0.23610	5.00078	-37.21258
9397	0.00000	-0.46742	0.07499	0.50186	-0.01354	-0.46742	-0.18327	0.46520	4.12948	-52.34070
9417	0.00000	-0.18215	0.02664	0.10657	-0.16538	-0.18215	-0.07440	0.16073	3.06029	-58.39985
9437	0.00000	-0.27079	-0.10230	-0.13842	-0.35983	-0.27079	-0.27446	0.42546	1.96350	-54.33670
9457	0.00000	0.07573	0.00408	0.08386	0.03236	0.07573	0.04843	0.11809	0.92652	-49.60619
9477	0.00000	-0.22244	0.20393	-0.14662	-0.19859	-0.22244	0.10705	0.23928	6.09451	-41.34731
9497	0.00000	0.04833	0.04115	0.01034	-0.08897	0.04833	0.07542	0.18862	5.05140	-53.82404
9517	0.00000	0.00320	0.62137	-0.71706	-0.05724	0.00320	0.71934	0.58478	4.01750	289.66144
9537	0.00000	0.05639	-0.21028	-0.04273	-0.21343	0.05639	-0.21026	0.23379	2.99126	-57.26878
9557	0.00000	-0.23372	-0.08940	-0.03889	-0.33139	-0.23372	-0.23817	0.35491	1.94816	-52.20368
9577	0.00000	-0.13218	0.05888	-0.08149	-0.10440	-0.13218	-0.00833	0.14297	0.91732	-51.13253
9597	0.00000	-0.23372	0.27001	-0.17880	-0.23222	-0.23372	0.17684	0.33007	6.12212	-58.04268
9617	0.00000	0.08056	0.09111	-0.04296	-0.16632	0.08056	0.15172	0.23534	5.08208	-51.52798
9637	0.00000	0.02415	-0.07167	0.04116	-0.06020	0.02415	-0.06882	0.08282	4.07119	-53.82404
9657	0.00000	-0.05321	-0.02171	0.06089	-0.04728	-0.05321	-0.05579	0.05872	2.98666	-58.67638
9677	0.00000	-0.36266	0.11368	-0.08920	-0.36006	-0.36266	-0.07812	0.42509	2.02792	-45.60497
9697	0.00000	0.13214	-0.07973	0.06971	-0.11335	0.13214	-0.01578	0.14400	1.12594	-50.71025
9717	0.00000	-0.11929	0.16847	0.07095	0.15806	-0.11929	0.12566	0.07845	0.12272	-58.65220
9737	0.00000	-0.33687	-0.02010	-0.17428	-0.36125	-0.33687	-0.21770	0.44219	5.43796	-45.11721
9757	0.00000	0.23045	-0.07651	0.00181	-0.23474	0.23045	0.04471	0.18361	4.58200	-45.60368
9777	0.00000	-0.18537	0.08144	0.13266	-0.13010	-0.18537	-0.01298	0.17305	3.65394	-51.79690
9797	0.00000	-0.15152	0.30063	-0.14430	-0.26374	-0.15152	0.25966	0.35338	2.74736	-44.52200
9817	0.00000	-0.30141	0.09917	-0.02264	-0.30639	-0.30141	-0.05951	0.36494	2.04019	-33.52973
9837	0.00000	-0.17409	-0.04427	0.03243	-0.22856	-0.17409	-0.15163	0.22708	1.39592	-31.14660
9857	0.00000	-0.02259	-0.08940	0.09203	-0.07456	-0.02259	-0.11627	0.16784	0.68722	-35.49066
9877	0.00000	-0.02742	0.18459	-0.09472	-0.17524	-0.02742	0.19732	0.39792	6.20955	-29.02126
9897	0.00000	-0.18376	0.17170	-0.00723	-0.20543	-0.18376	0.09217	0.19540	5.51926	-31.54725
9917	0.00000	-0.17248	0.07338	0.00266	-0.17309	-0.17248	-0.01485	0.21988	4.89493	-33.52973
9937	0.00000	-0.09350	0.02987	0.04972	-0.08154	-0.09350	-0.01950	0.11126	4.26293	-31.79120
9957	0.00000	0.00642	-0.08618	0.01166	-0.09530	0.00642	-0.09580	0.09150	3.60179	-32.12534
9977	0.00000	0.12247	-0.11197	0.00268	-0.13572	0.12247	-0.05858	0.13015	2.94831	-31.38527
9997	0.00000	0.13697	-0.21673	0.03484	-0.21644	0.13697	-0.17117	0.23136	2.42062	-19.61618
10017	0.00000	-0.16120	-0.04266	0.05144	-0.20878	-0.16120	-0.14233	0.22414	1.98190	-23.59977
10037	0.00000	-0.17892	0.18781	-0.11401	-0.17863	-0.17892	0.11357	0.16562	1.60915	-20.56280
10057	0.00000	0.09668	-0.10068	0.02621	-0.11096	0.09668	-0.06044	0.11942	1.24866	-15.85514
10077	0.00000	-0.09673	0.05727	0.04240	-0.08754	-0.09673	0.01028	0.09630	0.90198	-20.95608
10097	0.00000	-0.02098	0.03631	-0.02960	-0.02128	-0.02098	0.02982	0.05608	0.53536	-15.89622
10117	0.00000	0.04349	-0.11519	0.02778	-0.11296	0.04349	-0.10790	0.08272	0.16567	-21.18760
10137	0.00000	-0.09673	0.08144	0.00001	-0.10399	-0.09673	0.03819	0.10956	6.10985	-15.73318
10157	0.00000	0.09185	-0.09263	0.01613	-0.10527	0.09185	-0.05393	0.09067	5.83373	-11.67888
10177	0.00000	-0.03709	0.10562	0.01533	-0.10606	-0.03709	0.10054	0.13003	5.61744	-11.79989
10197	0.00000	-0.10801	-0.03783	0.06513	-0.13662	-0.10801	-0.10604	0.10800	5.41035	-8.03134
10217	0.00000	0.05155	-0.09585	0.02969	-0.09123	0.05155	-0.08091	0.06946	5.30451	-3.85423
10237	0.00000	0.08379	-0.01687	-0.00224	-0.08859	0.08379	0.02889	0.06080	5.21707	-4.13473
10257	0.00000	0.03543	0.01052	0.00655	-0.04771	0.03543	0.03261	0.04838	5.16952	-3.93330
10277	0.00000	0.04511	0.01697	0.00894	-0.06354	0.04511	0.04564	0.03739	5.16798	0.00000
10297	0.00000	-0.00325	0.00730	-0.00663	-0.00310	-0.00325	0.00656	0.02012	5.16952	0.00000
10317	0.00000	0.07573	0.02181	0.01621	-0.10109	0.07573	0.06890	0.02164	5.16952	0.00000
10337	0.00000	0.01932	0.02825	-0.01221	-0.04627	0.01932	0.04378	0.02458	5.16952	0.00000
10357	0.00000	0.08056	0.01052	0.02638	-0.09610	0.08056	0.05867	0.01753	5.16952	0.00000
10377	1.00000	-0.51577	0.38928	0.45218	0.29075	-0.51577	0.15172	0.46482	4.72006	-44.87722
10397	1.00000	0.64950	-0.69541	0.63949	0.44281	0.64950	-0.42800	0.80386	3.88864	-42.25854
10417	1.00000	-0.68662	0.76481	0.76565	0.34927	-0.68662	0.48671	0.87844	3.04188	-48.18801
10437	1.00000	0.51573	-0.08295	0.47907	0.27789	0.51573	0.20197	0.57128	2.07854	-51.52922
10457	1.00000	-0.26435	-0.54391	0.61672	0.54675	-0.26435	-0.78067	0.85323	1.12287	-50.02125
10477	1.00000	-0.19665	0.36672	0.35440	0.09538	-0.19665	0.30991	0.35489	0.23470	-50.99103
10497	1.00000	0.35778	-0.02010	0.39178	0.09004	0.35778	0.18336	0.43546	5.52386	-52.20368
10517	1.00000	-0.13057	-0.46332	0.60349	0.15945	-0.13057	-0.61038	0.65893	4.58200	-32.98893
10537	1.00000	0.02415	0.46825	0.47199	0.29221	0.02415	0.55464	0.50919	3.70150	-45.35913
10557	1.00000	0.22401	-0.20706	0.21890	0.11961	0.22401	-0.10976	0.21443	2.72282	-53.75150
10577	1.00000	-0.16120	-0.29893	0.29909	0.35855	-0.16120	-0.43824	0.40340	1.67357	-58.67703
10597	1.00000	-0.57057	0.10400	0.59990	0.09726	-0.57057	-0.20933	0.64807	0.68876	-50.29443
10617	1.00000	-0.03548	0.32320	0.35396	-0.01922	-0.03548	0.35271	0.38544	6.00707	-55.92654
10637	1.00000	-0.00647	0.04276	0.00213	-0.04604	-0.00647	0.04564	0.05801	4.99618	-54.93611
10657	1.00000	-0.21599	-0.58581	0.79943	0.22206	-0.21599	-0.80114	0.86883	4.01443	-33.71396
10677	1.00000	-0.28046	0.22005	0.27622	-0.10413	-0.28046	0.09217	0.32221	3.07717	-55.78066
10697	1.00000	-0.10640	0.05565	-0.02533	-0.10337	-0.10640	0.00283	0.09279	2.03252	-53.95927
10717	1.00000	0.00320	0.07983	0.02442	-0.09085	0.00320	0.09403	0.08808	0.99555	-37.11254
10737	1.00000	-0.13541	-0.27475	0.29595	0.29512	-0.13541	-0.39543	0.34261	6.25404	-64.29860
10757	1.00000	-0.36266	0.07499	0.29921	0.23887	-0.36266	-0.12279	0.28216	5.20480	-53.82404
10777	1.00000	-0.67211	0.92598	0.84842	0.44245	-0.67211	0.68119	0.83458	4.19084	-47.68866
10797	1.00000	0.72203	-0.12808	0.73951	0.21633	0.72203	0.26897	0.72013	3.24284	-52.20306
10817	1.00000	0.13536	-0.15065	0.16071	0.04091	0.13536	-0.09580	0.15059	2.18592	-74.73261
10837	1.00000	-0.60603	0.56012	0.64813	0.18791	-0.60603	0.29688	0.56252	1.33303	-40.90595
10857	1.00000	0.44642	-0.10230	0.38306	0.26837	0.44642	0.13962	0.40791	0.36049	-50.74236
10877	1.00000	0.37551	-0.55680	0.47838	0.30613	0.37551	-0.42614	0.56735	5.60670	-53.95927
10897	1.00000	-0.20632	-0.46171	0.62425	0.27977	-0.20632	-0.65226	0.68885	4.56819	-32.98764
10917	1.00000	-0.66405	0.83250	0.84981	0.22936	-0.66405	0.57790	0.88144	3.63247	-47.32088
10937	1.00000	0.08540	0.03148	0.11656	0.03226	0.08540	0.08565	0.26616	2.62618	-55.06613
10957	1.00000	0.04188	0.05727	0.08130	-0.05743	0.04188	0.09030	0.11622	1.53398	-54.33702
10977	1.00000	-0.21277	-0.40691	0.45894	0.43120	-0.21277	-0.59270	0.46398	0.55070	-52.47828
10997	1.00000	-0.51094	0.09756	0.48582	0.24133	-0.51094	-0.18234	0.44291	5.79231	-55.49300
11017	1.00000	-0.57057	0.70034	0.01764	-0.74488	-0.57057	0.47927	0.80522	4.75074	424.12384
11037	1.00000	0.42708	-0.58742	0.60274	0.07390	0.42708	-0.43172	0.64899	3.93926	-47.68866
11057	1.00000	-0.14669	-0.07328	0.19779	-0.10519	-0.14669	-0.16931	0.23520	2.97746	-52.89604
11077	1.00000	-0.20955	0.15074	0.21230	-0.04062	-0.20955	0.05308	0.22959	1.90520	-55.20769
11097	1.00000	0.01609	0.31675	0.37531	-0.00637	0.01609	0.37505	0.41935	0.87744	-53.60685
11117	1.00000	0.48672	-0.64867	0.59489	0.31940	0.48672	-0.46801	0.57956	6.17734	-58.67703
11137	1.00000	-0.14508	-0.29409	0.35522	0.27219	-0.14508	-0.42335	0.39915	5.12350	-54.33735
11157	1.00000	-0.53995	0.14269	0.55588	0.06403	-0.53995	-0.14698	0.60847	4.12794	-50.85034
11177	1.00000	-0.04515	0.32642	0.33629	-0.10964	-0.04515	0.35085	0.37915	3.16614	-37.21193
11197	1.00000	-0.09673	0.19748	-0.01019	-0.19723	-0.09673	0.17219	0.18987	2.10922	-59.16196
11217	1.00000	0.07734	-0.12808	0.12564	0.02920	0.07734	-0.10325	0.15138	1.07839	-49.23903
11237	1.00000	-0.64632	0.15074	0.57830	0.35051	-0.64632	-0.19909	0.48093	0.07977	-54.63493
11257	1.00000	-0.38845	0.41346	0.42138	0.19341	-0.38845	0.25315	0.33437	5.30911	-56.36691
11277	1.00000	0.17727	0.57302	0.73484	0.27394	0.17727	0.76401	0.72018	4.29208	-55.08786
11297	1.00000	0.48833	-0.65350	0.65623	0.17661	0.48833	-0.47266	0.70638	3.35021	-50.61372
11317	1.00000	0.18694	-0.11197	-0.01870	-0.18721	0.18694	-0.02136	0.19419	2.30557	-40.58099
11337	1.00000	-0.30947	0.06049	0.32167	0.06428	-0.30947	-0.10883	0.36164	1.24406	-58.67703
11357	1.00000	0.15309	0.53111	0.64043	0.32486	0.15309	0.70166	0.60067	0.28532	-57.13968
11377	0.00000	0.07573	0.00408	0.08277	0.03504	0.07573	0.04843	0.23875	5.49012	-54.50708
11397	0.00000	-0.08061	0.14591	-0.07278	-0.12676	-0.08061	0.12194	0.13728	4.43474	-52.20368
11417	0.00000	0.07734	-0.04266	0.04381	-0.06390	0.07734	-0.00461	0.08819	3.37783	-58.67703
11437	0.00000	0.31426	0.03631	-0.16529	-0.34833	0.31426	0.22337	0.44174	2.27796	-58.67703
11457	0.00000	0.12247	-0.09585	-0.04606	-0.12031	0.12247	-0.03997	0.17408	1.21031	-55.06613
11477	0.00000	-0.02098	-0.10874	0.03478	-0.13484	-0.02098	-0.13767	0.14336	0.13959	-64.29860
11497	0.00000	-0.10317	-0.12808	-0.01319	-0.23131	-0.10317	-0.20746	0.23152	5.33672	-55.49300
11517	0.00000	-0.07900	0.18620	0.17391	-0.06846	-0.07900	0.16940	0.11581	4.29208	-57.88623
11537	0.00000	-0.13057	0.08789	-0.06535	-0.11601	-0.13057	0.02610	0.11257	3.21062	-60.87243
11557	0.00000	-0.33687	0.39411	-0.22995	-0.35849	-0.33687	0.26059	0.42991	2.12610	-54.48581
11577	0.00000	0.00804	-0.12164	0.12581	0.05177	0.00804	-0.13581	0.13513	1.11674	-56.96497
11597	0.00000	0.13536	-0.12647	0.03160	-0.14809	0.13536	-0.06789	0.16174	0.02915	-58.67686
11617	0.00000	0.18855	-0.26024	-0.07080	-0.25934	0.18855	-0.19165	0.25437	5.25082	-54.33605
11637	0.00000	-0.23372	0.08789	0.17155	-0.16221	-0.23372	-0.03346	0.23174	4.21231	-55.20769
11657	0.00000	-0.16764	0.12657	0.01143	-0.17439	-0.16764	0.04936	0.20224	3.16000	-57.66861
11677	0.00000	-0.08544	0.40379	-0.09055	-0.41581	-0.08544	0.41692	0.42779	2.17212	-49.75087
11697	0.00000	0.08540	-0.23607	0.00435	-0.23900	0.08540	-0.22328	0.25906	1.27474	-50.71025
11717	0.00000	-0.08383	0.05243	0.04307	-0.07294	-0.08383	0.01214	0.09678	0.26078	-62.79454
11737	0.00000	-0.28046	0.28129	-0.13006	-0.29710	-0.28046	0.16289	0.32142	5.52847	-47.81252
11757	0.00000	0.11119	-0.12969	0.08333	-0.11286	0.11119	-0.08557	0.15986	4.59427	-53.89677
11777	0.00000	-0.21599	0.07822	0.18334	-0.11924	-0.21599	-0.03439	0.23223	3.63553	-43.15559
11797	0.00000	-0.26112	0.28452	-0.18479	-0.25619	-0.26112	0.17777	0.35221	2.70594	-33.90023
11817	0.00000	-0.09673	-0.22801	-0.01949	-0.33286	-0.09673	-0.31913	0.21757	1.92821	-35.76619
11837	0.00000	0.21111	-0.11358	-0.02052	-0.21031	0.21111	-0.00926	0.22147	1.19497	-40.15668
11857	0.00000	-0.33204	-0.09424	-0.24624	-0.37403	-0.33204	-0.30052	0.47628	0.35282	-35.36557
11877	0.00000	0.12569	-0.20867	0.06835	-0.19868	0.12569	-0.16838	0.19307	5.80458	-39.33295
11897	0.00000	-0.02742	0.21360	-0.10550	-0.20710	-0.02742	0.23081	0.27203	5.08361	-34.77548
11917	0.00000	-0.03387	0.13463	0.02873	-0.13707	-0.03387	0.13590	0.16422	4.43014	-33.52843
11937	0.00000	-0.06772	0.12657	0.12199	-0.03410	-0.06772	0.10705	0.05745	3.72911	-42.25854
11957	0.00000	0.09829	-0.16354	-0.04148	-0.15933	0.09829	-0.13209	0.19877	3.01427	-37.82429
11977	0.00000	0.15148	-0.24896	0.01710	-0.25031	0.15148	-0.20002	0.28053	2.42676	-27.81838
11997	0.00000	-0.11446	-0.14259	0.04060	-0.25432	-0.11446	-0.23073	0.23234	1.95276	-23.84402
12017	0.00000	-0.16442	0.15880	0.01594	-0.18600	-0.16442	0.08844	0.22000	1.53551	-23.36018
12037	0.00000	0.04188	0.06855	-0.01058	-0.11099	0.04188	0.10333	0.15166	1.11214	-19.66648
12057	0.00000	0.04511	-0.05394	0.01201	-0.05660	0.04511	-0.03625	0.11083	0.68416	-23.06730
12077	0.00000	-0.12896	-0.01687	0.11880	-0.10649	-0.12896	-0.09394	0.08660	0.22243	-27.15009
12097	0.00000	-0.06127	0.11045	0.08516	-0.07067	-0.06127	0.09217	0.14211	6.07917	-20.72953
12117	0.00000	0.07734	0.10884	-0.03541	-0.18369	0.07734	0.17033	0.22073	5.77390	-15.61308
12137	0.00000	-0.03548	-0.06684	0.00337	-0.10385	-0.03548	-0.09766	0.17733	5.39654	-8.26946
12157	0.00000	0.05155	0.02664	0.00121	-0.07949	0.05155	0.06053	0.10699	5.14957	-11.79989
12177	0.00000	-0.11446	0.05888	0.02299	-0.11213	-0.11446	0.00190	0.09761	4.92715	-12.71258
12197	0.00000	0.04511	-0.09101	0.02602	-0.08721	0.04511	-0.07905	0.10093	4.73386	-7.57524
12217	0.00000	0.03382	0.02020	0.00490	-0.05437	0.03382	0.04285	0.08686	4.57740	-7.86659
12237	0.00000	-0.06127	0.05888	-0.00395	-0.06929	-0.06127	0.03261	0.08582	4.42707	-7.94811
12257	0.00000	-0.06449	0.01375	0.04733	-0.04873	-0.06449	-0.02136	0.08803	4.28441	-3.93330
12277	0.00000	0.01932	-0.05394	0.01292	-0.05311	0.01932	-0.05114	0.06885	4.18777	-3.93330
12297	0.00000	0.06122	-0.00882	-0.02156	-0.06258	0.06122	0.02517	0.03547	4.09573	-8.47506
12317	0.00000	0.05800	0.02342	0.01498	-0.08248	0.05800	0.06053	0.00918	4.01289	-3.88351
12337	0.00000	-0.03870	0.05727	-0.01985	-0.05496	-0.03870	0.04378	0.04109	3.92239	-8.29181
12357	0.00000	-0.03065	-0.15065	-0.17879	-0.07547	-0.03065	-0.19165	0.05321	3.78740	-4.19122
12377	1.00000	0.53990	0.03954	0.54168	0.35456	0.53990	0.35737	0.48537	3.20755	-42.39657
12397	1.00000	-0.15475	-0.47299	0.47804	0.44640	-0.15475	-0.63551	0.69463	2.25802	-54.93611
12417	1.00000	-0.63665	0.74547	0.64706	0.47943	-0.63665	0.49322	0.87388	1.30542	-37.31315
12437	1.00000	0.45771	-0.40691	0.41582	0.28083	0.45771	-0.20560	0.44609	0.44025	-44.52200
12457	1.00000	-0.39328	0.04276	0.29501	0.31497	-0.39328	-0.17769	0.35573	5.76010	-51.00084
12477	1.00000	-0.35944	0.38606	0.43080	0.01892	-0.35944	0.23826	0.45545	4.78449	-51.66271
12497	1.00000	0.46415	-0.47460	0.47615	0.25911	0.46415	-0.28005	0.53048	3.88251	-29.17906
12517	1.00000	-0.38845	0.02664	0.43323	0.02510	-0.38845	-0.19351	0.46124	2.96825	-50.71025
12537	1.00000	-0.00647	0.09433	0.08167	0.06660	-0.00647	0.10519	0.05797	1.94509	-52.75610
12557	1.00000	0.79617	-0.22479	0.69722	0.43326	0.79617	0.20011	0.73118	0.94647	-46.01926
12577	1.00000	-0.14830	-0.53746	0.67604	0.25241	-0.14830	-0.70623	0.75247	0.00307	-39.90122
12597	1.00000	-0.25951	0.32320	0.21709	0.26478	-0.25951	0.22337	0.39082	5.28456	-54.93611
12617	1.00000	0.20950	0.62298	0.77032	0.39560	0.20950	0.84031	0.77638	4.28441	-50.99120
12637	1.00000	0.34327	-0.45687	0.47445	0.03464	0.34327	-0.32936	0.47086	3.36095	-51.66271
12657	1.00000	0.03221	-0.06684	0.04491	-0.04951	0.03221	-0.05858	0.08807	2.31938	-54.50708
12677	1.00000	-0.15958	0.20393	0.12536	0.17406	-0.15958	0.14334	0.25106	1.28087	-57.11615
12697	1.00000	0.20789	0.61009	0.76522	0.37058	0.20789	0.82449	0.74730	0.28379	-40.72518
12717	1.00000	0.37067	-0.05394	0.38524	0.10958	0.37067	0.15172	0.41327	5.52080	-56.81427
12737	1.00000	0.10313	-0.13614	0.14203	-0.00081	0.10313	-0.09766	0.16484	4.51451	-52.06738
12757	1.00000	-0.41262	0.38283	0.41865	0.19106	-0.41262	0.20383	0.39646	3.59412	-52.75547
12777	1.00000	0.00159	0.27001	0.29168	0.11267	0.00159	0.31270	0.26239	2.54641	-63.56292
12797	1.00000	-0.02098	0.00569	-0.01131	-0.01852	-0.02098	-0.00554	0.17825	1.46495	-70.61794
12817	1.00000	0.39324	-0.49878	0.44062	0.28675	0.39324	-0.34890	0.44869	0.46019	-49.21862
12837	1.00000	-0.01614	-0.25057	0.29418	0.05391	-0.01614	-0.29866	0.30018	5.71101	-57.42191
12857	1.00000	-0.41424	0.08466	0.43218	0.06925	-0.41424	-0.14140	0.46241	4.68478	-54.18969
12877	1.00000	0.12891	0.59719	0.76104	0.14520	0.12891	0.76401	0.80385	3.73371	-53.32034
12897	1.00000	0.38518	-0.41497	0.44512	0.12709	0.38518	-0.25678	0.45045	2.74429	-55.06613
12917	1.00000	0.19338	-0.11841	-0.01432	-0.19447	0.19338	-0.02508	0.19370	1.74414	-50.23095
12937	1.00000	-0.21922	0.19104	0.20167	0.12734	-0.21922	0.09403	0.41686	0.71637	-54.48565
12957	1.00000	0.01287	0.18459	0.19106	0.11096	0.01287	0.22058	0.12582	5.96565	-59.32539
12977	1.00000	0.01609	0.04276	0.06075	-0.00322	0.01609	0.05867	0.17528	4.89800	-54.92408
12997	1.00000	0.57536	-0.92750	0.82471	0.44352	0.57536	-0.73880	0.85174	3.91625	-47.68866
13017	1.00000	-0.68823	0.12012	0.68723	0.26107	-0.68823	-0.25864	0.78898	2.94524	-56.81427
13037	1.00000	-0.27724	0.25551	0.30482	0.04634	-0.27724	0.13497	0.28921	1.89447	-53.82374
13057	1.00000	0.14503	0.47470	0.61583	0.20247	0.14503	0.63187	0.64939	0.86517	-54.48565
13077	1.00000	0.03866	0.00569	0.04087	-0.02565	0.03866	0.02889	0.06846	6.14513	-57.42191
13097	1.00000	0.00320	-0.36017	0.41272	0.03297	0.00320	-0.41404	0.42424	5.15418	-48.18801
13117	1.00000	-0.46259	0.56496	0.52299	0.29811	-0.46259	0.38528	0.54191	4.17856	-50.74251
13137	1.00000	0.35778	-0.05072	0.33619	0.19202	0.35778	0.14800	0.33983	3.21676	-51.13284
13157	1.00000	0.04511	0.05727	0.04397	-0.09270	0.04511	0.09217	0.13355	2.15371	-57.26878
13177	1.00000	0.12086	-0.17966	0.18062	0.03058	0.12086	-0.13767	0.21148	1.07532	-51.39641
13197	1.00000	-0.49643	0.09917	0.44497	0.27936	-0.49643	-0.17210	0.42271	0.07517	-55.08770
13217	1.00000	-0.22405	0.16203	0.22646	0.04737	-0.22405	0.05774	0.14818	5.30144	-56.51524
13237	1.00000	0.14987	0.41023	0.48095	0.32394	0.14987	0.56022	0.52343	4.27367	-50.85034
13257	1.00000	0.28364	-0.32794	0.30997	0.17477	0.28364	-0.21491	0.32513	3.31340	-49.75087
13277	1.00000	-0.07577	-0.21350	0.21231	0.21195	-0.07577	-0.29028	0.17879	2.23808	-58.67703
13297	1.00000	0.08701	-0.08295	0.02010	-0.09613	0.08701	-0.04555	0.10769	1.17963	-49.72989
13317	1.00000	-0.37072	0.36994	0.39599	0.16130	-0.37072	0.21313	0.35227	0.17027	-40.01692
13337	1.00000	0.04833	0.32642	0.36788	0.17565	0.04833	0.40482	0.27098	5.40882	-58.83648
13357	1.00000	0.69624	-0.18611	0.65688	0.29708	0.69624	0.18708	0.72716	4.38412	-51.66271
13377	0.00000	-0.00325	-0.22962	0.24396	0.10856	-0.00325	-0.26702	0.31780	3.39470	-54.48581
13397	0.00000	0.21111	-0.04750	-0.04768	-0.21630	0.21111	0.06704	0.24647	2.28410	-57.88623
13417	0.00000	-0.00647	-0.06523	0.06549	-0.04475	-0.00647	-0.07905	0.08941	1.21031	-55.06613
13437	0.00000	-0.01936	-0.10230	0.03233	-0.12668	-0.01936	-0.12930	0.12965	0.13959	-63.35024
13457	0.00000	-0.13218	-0.12164	0.00311	-0.25385	-0.13218	-0.21677	0.19758	5.34286	-51.66271
13477	0.00000	-0.07900	0.11045	0.08407	-0.07670	-0.07900	0.08193	0.11483	4.28748	-37.61816
13497	0.00000	0.09023	0.01697	0.11461	0.01205	0.09023	0.07169	0.11565	3.21829	-60.87243
13517	0.00000	-0.20632	0.42474	-0.08391	-0.41640	-0.20632	0.37132	0.43081	2.12610	-53.60701
13537	0.00000	0.08379	-0.06361	0.07839	-0.03877	0.08379	-0.02508	0.08927	1.07992	-51.66271
13557	0.00000	0.10796	-0.06684	0.01103	-0.10841	0.10796	-0.01485	0.13542	0.00767	-39.44523
13577	0.00000	0.20950	-0.15709	-0.07969	-0.20296	0.20950	-0.06044	0.22966	5.21247	-51.39641
13597	0.00000	-0.10962	0.02987	0.09752	-0.05774	-0.10962	-0.02880	0.22543	4.18010	-49.97947
13617	0.00000	-0.15797	-0.06039	-0.05347	-0.21906	-0.15797	-0.16094	0.23245	3.08790	-40.47454
13637	0.00000	-0.38361	0.24906	-0.12084	-0.37002	-0.38361	0.06611	0.40961	2.06474	-47.19893
13657	0.00000	0.08218	-0.10713	0.11078	-0.01719	0.08218	-0.07626	0.15269	1.09833	-52.61659
13677	0.00000	0.07573	-0.10874	0.03470	-0.10596	0.07573	-0.08184	0.11759	0.05369	-63.38761
13697	0.00000	-0.04515	-0.14742	0.04936	-0.19527	-0.04515	-0.19630	0.20222	5.29377	-48.82711
13717	0.00000	-0.09995	0.15236	0.11760	-0.10067	-0.09995	0.11822	0.17584	4.29515	-58.04268
13737	0.00000	-0.16764	0.15558	-0.12616	-0.13802	-0.16764	0.08286	0.23288	3.25204	-38.13775
13757	0.00000	0.33199	-0.11841	-0.10260	-0.32048	0.33199	0.05494	0.34475	2.33318	-40.15606
13777	0.00000	-0.29980	0.31514	-0.08079	-0.34603	-0.29980	0.19080	0.37319	1.53705	-38.93363
13797	0.00000	-0.07416	-0.07328	0.14556	-0.02352	-0.07416	-0.12744	0.11806	0.65041	-47.19939
13817	0.00000	-0.20955	0.00085	-0.06085	-0.23367	-0.20955	-0.11999	0.22816	5.99787	-48.06220
13837	0.00000	0.19016	-0.07328	-0.01492	-0.19123	0.19016	0.02517	0.23270	5.17258	-42.37528
13857	0.00000	-0.17892	0.12012	-0.00244	-0.18236	-0.17892	0.03540	0.19476	4.33350	-43.71460
13877	0.00000	0.07089	-0.06684	0.04333	-0.06680	0.07089	-0.03625	0.08359	3.43612	-45.97776
13897	0.00000	-0.27079	0.12496	-0.07270	-0.26111	-0.27079	-0.01205	0.29380	2.63538	-35.49066
13917	0.00000	-0.26757	0.00408	0.00486	-0.30656	-0.26757	-0.14977	0.30417	2.00798	-32.81252
13937	0.00000	-0.20793	0.03954	0.03875	-0.21740	-0.20793	-0.07440	0.22779	1.43427	-28.10968
13957	0.00000	-0.10640	0.01375	0.03364	-0.11073	-0.10640	-0.04555	0.15895	0.84369	-31.71029
13977	0.00000	-0.03065	-0.10874	0.02580	-0.14420	-0.03065	-0.14326	0.13843	0.19175	-27.31122
13997	0.00000	0.11602	-0.18933	-0.00024	-0.19091	0.11602	-0.15163	0.21079	5.85521	-27.18455
14017	0.00000	0.02254	-0.15065	0.04341	-0.15659	0.02254	-0.16094	0.16263	5.31064	-29.66270
14037	0.00000	-0.11284	-0.05717	0.09146	-0.14686	-0.11284	-0.13116	0.14127	4.78755	-29.17777
14057	0.00000	-0.05482	-0.00237	0.02289	-0.06052	-0.05482	-0.03439	0.12060	4.25986	-27.81838
14077	0.00000	-0.08222	0.02181	0.01087	-0.08449	-0.08222	-0.02229	0.05420	3.73524	-20.50782
14097	0.00000	-0.13541	0.07499	-0.00552	-0.13555	-0.13541	0.00842	0.15943	3.21522	-29.49906
14117	0.00000	-0.05804	0.00730	-0.06295	0.00590	-0.05804	-0.02508	0.16402	2.75810	-21.18764
14137	0.00000	0.12730	-0.12325	0.04030	-0.13898	0.12730	-0.06882	0.17160	2.38227	-16.76421
14157	0.00000	-0.16603	0.10884	0.00772	-0.16850	-0.16603	0.02982	0.16949	2.09695	-16.14721
14177	0.00000	0.06606	-0.14904	0.05168	-0.14013	0.06606	-0.13395	0.15301	1.87759	-7.86659
14197	0.00000	0.09023	0.00408	0.03138	-0.10190	0.09023	0.05681	0.15891	1.73493	-3.94341
14217	0.00000	-0.03065	0.14591	0.00785	-0.15366	-0.03065	0.15079	0.17100	1.65210	-4.05816
14237	0.00000	-0.08383	0.06855	-0.00052	-0.08928	-0.08383	0.03075	0.10063	1.56159	-3.96379
14257	0.00000	-0.09350	0.00891	0.03072	-0.09852	-0.09350	-0.04369	0.08750	1.46342	0.00000
14277	0.00000	-0.08061	-0.00559	0.04441	-0.08563	-0.08061	-0.05300	0.08496	1.44348	3.85423
14297	0.00000	-0.06772	-0.01526	0.00818	-0.08795	-0.06772	-0.05672	0.06756	1.46802	3.93330
14317	0.00000	-0.03226	0.00569	-0.00022	-0.03443	-0.03226	-0.01205	0.08116	1.50790	4.02621
14337	0.00000	-0.05804	0.00569	-0.01280	-0.06270	-0.05804	-0.02694	0.07840	1.51557	0.00000
14357	0.00000	-0.05160	0.00247	-0.01045	-0.05726	-0.05160	-0.02694	0.09028	1.51097	0.00000
14377	1.00000	0.55602	-0.15548	0.53880	0.19705	0.55602	0.14148	0.57716	0.97561	-44.63978
14397	1.00000	-0.73819	0.11368	0.76056	0.23099	-0.73819	-0.29493	0.83985	0.10891	-29.91049
14417	1.00000	0.19661	0.03631	0.18234	0.17194	0.19661	0.15544	0.31510	5.46097	-48.56945
14437	1.00000	0.03866	-0.37306	0.31497	0.26290	0.03866	-0.40846	0.38447	4.51911	-48.18801
14457	1.00000	-0.59152	0.64071	0.71252	0.02770	-0.59152	0.39831	0.74722	3.65241	-43.37747
14477	1.00000	0.23045	-0.29570	0.19367	0.24294	0.23045	-0.20839	0.20846	2.71668	-54.48581
14497	1.00000	-0.09350	-0.32310	0.38314	0.21051	-0.09350	-0.42707	0.45687	1.70425	-53.75118
14517	1.00000	-0.59636	0.78415	0.69437	0.43401	-0.59636	0.56115	0.87570	0.75625	-51.52906
14537	1.00000	0.58664	-0.06684	0.60618	0.21225	0.58664	0.26152	0.65794	6.08837	-51.52798
14557	1.00000	-0.11929	-0.32310	0.27559	0.36552	-0.11929	-0.44196	0.45096	5.09742	-52.20368
14577	1.00000	-0.38845	0.21199	0.36773	0.12677	-0.38845	0.02051	0.59719	4.14021	-48.95697
14597	1.00000	0.31749	0.00408	0.31548	0.19137	0.31749	0.18801	0.27977	3.20449	-51.13284
14617	1.00000	0.12730	-0.11841	0.12117	0.07429	0.12730	-0.06323	0.07200	2.14604	-58.04204
14637	1.00000	-0.08867	-0.30054	0.25745	0.31647	-0.08867	-0.39822	0.31157	1.09219	-52.20337
14657	1.00000	-0.45130	0.05082	0.49406	0.01729	-0.45130	-0.20188	0.51135	0.11658	-58.65220
14677	1.00000	-0.03548	0.05727	0.05779	0.00117	-0.03548	0.04564	0.05694	5.37200	-55.20769
14697	1.00000	0.67368	-0.20061	0.53918	0.43342	0.67368	0.15730	0.53837	4.35804	-51.26429
14717	1.00000	-0.11929	-0.39079	0.41405	0.33659	-0.11929	-0.52012	0.42871	3.40544	-54.93611
14737	1.00000	-0.07900	-0.04750	0.12479	0.02751	-0.07900	-0.10045	0.08376	2.33472	-55.06613
14757	1.00000	0.02093	-0.09746	0.00615	-0.10242	0.02093	-0.10045	0.10836	1.27474	-53.75118
14777	1.00000	0.10957	0.40862	0.48610	0.24906	0.10957	0.53510	0.52013	0.27612	-35.67398
14797	1.00000	0.23851	-0.02493	0.24730	0.08709	0.23851	0.10891	0.37094	5.51159	-55.06613
14817	1.00000	0.42064	-0.61321	0.59436	0.20019	0.42064	-0.46522	0.67036	4.49150	-47.56543
14837	1.00000	-0.57057	0.10723	0.60645	-0.00323	-0.57057	-0.20560	0.65130	3.55270	-50.02125
14857	1.00000	-0.12735	-0.02654	-0.01134	-0.16413	-0.12735	-0.10418	0.20299	2.52340	-57.42191
14877	1.00000	-0.12251	0.09433	0.02309	-0.12623	-0.12251	0.03819	0.12051	1.45115	-55.63646
14897	1.00000	0.15309	-0.19900	0.15265	0.14186	0.15309	-0.14140	0.15758	0.44639	-53.03656
14917	1.00000	-0.07739	-0.19578	0.17979	0.21669	-0.07739	-0.27074	0.17556	5.66039	-58.67703
14937	1.00000	0.02899	-0.12164	0.11026	-0.06314	0.02899	-0.12372	0.14124	4.61268	-51.13284
14957	1.00000	-0.25467	0.33932	0.34965	-0.05018	-0.25467	0.24477	0.37906	3.67388	-46.71975
14977	1.00000	0.47060	-0.04589	0.47746	0.20325	0.47060	0.21872	0.43200	2.64458	-56.81363
14997	1.00000	-0.16442	0.23939	-0.12841	-0.20851	-0.16442	0.18150	0.24624	1.56619	-59.16163
15017	1.00000	-0.13541	-0.41013	0.40178	0.40165	-0.13541	-0.55176	0.45445	0.53843	-55.08770
15037	1.00000	-0.39651	0.04759	0.39155	0.18481	-0.39651	-0.17397	0.39469	5.78771	-54.36909
15057	1.00000	-0.34010	0.44408	0.38881	0.25418	-0.34010	0.31642	0.36499	4.74460	-52.20243
15077	1.00000	0.45448	0.05727	0.49817	0.25746	0.45448	0.32852	0.48507	3.77819	-51.00206
15097	1.00000	0.31910	-0.35050	0.37932	0.08101	0.31910	-0.22049	0.42183	2.75196	-54.92530
15117	1.00000	-0.03065	-0.17805	0.19695	0.10956	-0.03065	-0.22328	0.18916	1.69045	-59.32507
15137	1.00000	-0.73658	0.18298	0.73709	0.21218	-0.73658	-0.21398	0.79791	0.67955	-52.89588
15157	1.00000	-0.06772	0.06371	0.06678	-0.03623	-0.06772	0.03447	0.08237	5.94571	-57.88623
15177	1.00000	-0.04999	0.12979	0.11089	-0.06960	-0.04999	0.12101	0.14457	4.88573	-52.20368
15197	1.00000	0.46899	-0.64706	0.65828	0.11641	0.46899	-0.47639	0.70468	3.93466	-46.01955
15217	1.00000	-0.35299	0.00569	0.40431	-0.00258	-0.35299	-0.19723	0.44499	2.95905	-58.51714
15237	1.00000	-0.22728	0.16525	0.23296	-0.03048	-0.22728	0.05960	0.22809	1.90214	-55.20769
15257	1.00000	0.00481	0.30708	0.35722	-0.01054	0.00481	0.35737	0.37620	0.88664	-49.75071
15277	1.00000	0.33038	-0.42625	0.43364	0.10945	0.33038	-0.30145	0.46020	6.19728	-58.67686
15297	1.00000	-0.04515	-0.20383	0.25958	0.05474	-0.04515	-0.26143	0.27730	5.14957	-57.42191
15317	1.00000	-0.48515	0.69390	0.59666	0.38848	-0.48515	0.52114	0.69423	4.18623	-49.48339
15337	1.00000	0.81551	-0.16999	0.78053	0.36218	0.81551	0.27455	0.70703	3.23210	-51.79690
15357	1.00000	0.27719	-0.25541	0.30074	0.06763	0.27719	-0.13488	0.23959	2.16445	-55.34998
15377	0.00000	0.23851	-0.33438	0.18390	-0.29115	0.23851	-0.24841	0.34633	1.18884	-24.87543
15397	0.00000	-0.25629	0.31353	0.31821	0.10116	-0.25629	0.21406	0.23194	0.18715	-59.48956
15417	0.00000	-0.13541	-0.08618	-0.03057	-0.22129	-0.13541	-0.17769	0.21792	5.35973	-55.63677
15437	0.00000	-0.07900	0.13140	0.06762	-0.11371	-0.07900	0.10612	0.14971	4.33196	-49.97947
15457	0.00000	0.10474	0.08789	0.13972	-0.13294	0.10474	0.16196	0.13971	3.26891	-57.88623
15477	0.00000	-0.15797	0.48115	-0.23898	-0.42833	-0.15797	0.46438	0.52873	2.17058	-55.49300
15497	0.00000	0.02899	-0.04105	0.04021	-0.01279	0.02899	-0.03066	0.11233	1.11367	-54.93611
15517	0.00000	0.17727	-0.13775	-0.02111	-0.18491	0.17727	-0.05672	0.17160	0.04449	-64.09392
15537	0.00000	-0.80105	1.03719	0.35674	1.02703	-0.80105	0.73516	0.89962	5.25542	-334.32886
15557	0.00000	-0.18537	0.08144	0.11971	-0.14211	-0.18537	-0.01298	0.19901	4.22612	-51.93055
15577	0.00000	-0.17731	0.12496	0.00512	-0.18211	-0.17731	0.04192	0.18281	3.16460	-76.50799
15597	0.00000	-0.30625	0.41990	-0.12360	-0.41641	-0.30625	0.30805	0.45513	2.11689	-54.48581
15617	0.00000	0.01609	-0.16354	0.16646	0.06917	0.01609	-0.17955	0.10364	1.11367	-54.18937
15637	0.00000	0.11763	-0.11519	0.02673	-0.13175	0.11763	-0.06509	0.16700	0.03375	-59.48956
15657	0.00000	-0.13057	0.07661	0.12574	0.03752	-0.13057	0.01307	0.12837	5.28456	-53.89677
15677	0.00000	-0.07900	0.09111	0.07813	-0.06072	-0.07900	0.05960	0.08214	4.27520	-57.42191
15697	0.00000	-0.15152	0.10884	-0.06267	-0.14314	-0.15152	0.03819	0.19782	3.20755	-54.78519
15717	0.00000	0.06767	0.24584	-0.12735	-0.30437	0.06767	0.32294	0.39255	2.22887	-43.26625
15737	0.00000	-0.13380	-0.08618	-0.01821	-0.22092	-0.13380	-0.17676	0.26160	1.37598	-43.37717
15757	0.00000	0.01932	0.05243	0.02074	-0.07129	0.01932	0.07169	0.10961	0.44179	-52.06722
15777	0.00000	0.24818	0.00569	-0.12603	-0.26108	0.24818	0.14986	0.33466	5.72175	-33.16725
15797	0.00000	-0.20310	0.10723	0.06375	-0.19293	-0.20310	0.00656	0.21056	4.85965	-50.29459
15817	0.00000	0.12569	-0.00237	0.03224	-0.14012	0.12569	0.06983	0.18673	3.95460	-48.56945
15837	0.00000	0.10152	-0.19578	-0.08757	-0.17513	0.10152	-0.16745	0.22667	3.01734	-49.88570
15857	0.00000	0.05961	0.20715	-0.08831	-0.26573	0.05961	0.27362	0.33910	2.23808	-31.46636
15877	0.00000	-0.23533	0.28129	-0.12399	-0.27513	-0.23533	0.18894	0.24082	1.57540	-33.52973
15897	0.00000	-0.18698	0.05565	-0.02952	-0.18973	-0.18698	-0.04369	0.17096	0.88971	-25.07861
15917	0.00000	0.07089	-0.11519	-0.03640	-0.11035	0.07089	-0.09208	0.14705	0.15186	-40.60536
15937	0.00000	0.13697	0.00569	-0.00973	-0.16125	0.13697	0.08565	0.22910	5.71715	-37.21258
15957	0.00000	0.04511	0.12496	-0.02540	-0.17435	0.04511	0.17033	0.23201	5.08515	-27.25354
15977	0.00000	-0.06127	0.11045	-0.03495	-0.10501	-0.06127	0.09217	0.13497	4.45468	-33.90023
15997	0.00000	-0.03870	0.06210	0.01871	-0.05987	-0.03870	0.04936	0.04791	3.81348	-34.60117
16017	0.00000	-0.13057	0.00569	-0.02193	-0.14595	-0.13057	-0.06882	0.16195	3.16460	-33.25713
16037	0.00000	-0.22728	0.04276	-0.04833	-0.23666	-0.22728	-0.08184	0.21898	2.62157	-25.42451
16057	0.00000	-0.03065	0.17653	0.00828	-0.18846	-0.03065	0.18615	0.21974	2.19973	-16.71918
16077	0.00000	0.14503	-0.14581	0.00370	-0.16787	0.14503	-0.08463	0.20092	1.84078	-15.73318
16097	0.00000	-0.14669	0.11206	0.00866	-0.15310	-0.14669	0.04471	0.16552	1.53245	-16.23265
16117	0.00000	0.11280	-0.07490	0.00915	-0.11443	0.11280	-0.02136	0.11650	1.23639	-12.60810
16137	0.00000	-0.12251	0.05727	-0.02824	-0.11930	-0.12251	-0.00461	0.10515	0.95874	-16.18966
16157	0.00000	0.05961	-0.02171	-0.02278	-0.05587	0.05961	0.00935	0.07897	0.67802	-16.71918
16177	0.00000	-0.10317	0.08144	-0.00147	-0.10876	-0.10317	0.03447	0.10940	0.40037	-15.73310
16197	0.00000	0.04188	-0.07328	0.02210	-0.07013	0.04188	-0.06044	0.08576	0.15033	-12.60806
16217	0.00000	-0.01936	0.07822	-0.00605	-0.08124	-0.01936	0.07914	0.10712	6.21569	-8.26946
16237	0.00000	-0.10317	0.00730	0.04971	-0.10387	-0.10317	-0.05114	0.14048	6.00707	-7.94687
16257	0.00000	0.02576	-0.07006	0.02747	-0.06533	0.02576	-0.06602	0.08023	5.88588	-3.97405
16277	0.00000	0.04994	-0.08134	0.06718	-0.04710	0.04994	-0.06509	0.08342	5.81379	-4.23753
16297	0.00000	0.07573	-0.02171	0.02236	-0.07471	0.07573	0.01865	0.06545	5.77237	0.00000
16317	0.00000	0.05800	-0.01043	0.01402	-0.06022	0.05800	0.02145	0.07379	5.76930	0.00000
16337	0.00000	0.02899	0.16525	-0.16412	-0.13030	0.02899	0.20755	0.05107	5.77237	0.00000
16357	0.00000	0.03221	-0.02010	0.02116	-0.02472	0.03221	-0.00461	0.05491	5.77084	0.00000
16377	1.00000	-0.43841	0.02020	0.34930	0.35068	-0.43841	-0.22980	0.40843	5.19559	-47.19954
16397	1.00000	0.23045	0.31031	0.52146	0.15025	0.23045	0.49136	0.50576	4.32889	-28.40713
16417	1.00000	-0.87358	0.06210	0.80105	0.55544	-0.87358	-0.43265	0.86997	3.50515	-39.23236
16437	1.00000	-0.03387	0.26840	0.29230	0.00327	-0.03387	0.29037	0.32389	2.56942	-37.72029
16457	1.00000	0.30943	-0.54391	0.24688	0.48655	0.30943	-0.44940	0.34018	1.57693	-53.75118
16477	1.00000	-0.44486	0.00247	0.40726	0.31067	-0.44486	-0.25399	0.38520	0.63353	-47.32072
16497	1.00000	0.12730	0.49082	0.50012	0.41944	0.12730	0.64025	0.55749	5.96872	-53.89677
16517	1.00000	0.31104	-0.38918	0.31063	0.27028	0.31104	-0.26981	0.39757	5.01152	-49.08752
16537	1.00000	-0.75109	0.16525	0.64031	0.46159	-0.75109	-0.24282	0.78394	4.07732	-47.19954
16557	1.00000	0.00965	0.40862	0.47741	-0.00720	0.00965	0.47740	0.47024	3.16460	-53.75086
16577	1.00000	0.04027	-0.00882	0.04209	-0.00451	0.04027	0.01307	0.05859	2.13684	-58.35748
16597	1.00000	-0.05804	-0.29570	0.24865	0.28658	-0.05804	-0.37496	0.35700	1.09680	-52.75610
16617	1.00000	-0.30786	0.02664	0.33971	-0.03102	-0.30786	-0.14698	0.37951	0.12732	-55.11310
16637	1.00000	-0.05482	0.05565	0.06120	-0.01797	-0.05482	0.03261	0.07982	5.36740	-55.63677
16657	1.00000	0.79617	-0.22801	0.72768	0.37793	0.79617	0.19638	0.70605	4.38105	-50.61372
16677	1.00000	-0.14669	-0.55358	0.72602	0.13557	-0.14669	-0.72391	0.77383	3.44225	-53.17815
16697	1.00000	-0.14508	0.03954	0.14652	-0.03207	-0.14508	-0.03811	0.11654	2.42676	-37.92820
16717	1.00000	-0.12090	-0.00559	0.02749	-0.14027	-0.12090	-0.07626	0.14645	1.36524	-51.52922
16737	1.00000	0.82196	-0.22479	0.76899	0.36113	0.82196	0.21500	0.68224	0.38196	-50.74236
16757	1.00000	0.14503	-0.15387	0.17249	0.01025	0.14503	-0.09394	0.19844	5.62818	-54.50708
16777	1.00000	-0.02259	-0.14904	0.18607	-0.01253	-0.02259	-0.18513	0.21494	4.60348	-70.79932
16797	1.00000	-0.30947	0.33287	0.35802	-0.09943	-0.30947	0.20569	0.41495	3.67082	-50.61372
16817	1.00000	0.48994	-0.05072	0.49088	0.22214	0.48994	0.22430	0.35598	2.63691	-56.21873
16837	1.00000	-0.18376	0.26679	-0.13974	-0.23457	-0.18376	0.20197	0.27005	1.56466	-58.99910
16857	1.00000	-0.10962	-0.39885	0.38505	0.37169	-0.10962	-0.52384	0.41531	0.53843	-54.48565
16877	1.00000	-0.41907	0.02987	0.42532	0.19429	-0.41907	-0.20746	0.23250	5.78464	-53.15790
16897	1.00000	-0.20149	0.20071	0.20543	0.10823	-0.20149	0.11543	0.14418	4.73080	-53.17688
16917	1.00000	0.07573	0.46503	0.58551	-0.01030	0.07573	0.58069	0.60441	3.74752	-49.08752
16937	1.00000	0.33360	-0.35856	0.37467	0.14118	0.33360	-0.22142	0.31454	2.74429	-55.06552
16957	1.00000	0.53829	-0.49878	0.36798	-0.47394	0.53829	-0.26516	0.63042	1.75948	-25.14730
16977	1.00000	-0.02742	0.13946	0.13640	0.05682	-0.02742	0.14521	0.10423	0.82068	-54.48565
16997	1.00000	0.43837	-0.05556	0.46069	0.12493	0.43837	0.18894	0.47093	6.09144	-55.63553
17017	1.00000	0.07573	0.02020	0.00722	-0.10087	0.07573	0.06704	0.09639	5.08361	-52.20243
17037	1.00000	-0.52061	0.62459	0.66487	0.07679	-0.52061	0.42064	0.70466	4.21385	-49.97947
17057	1.00000	0.23851	0.05565	0.28589	-0.12623	0.23851	0.20197	0.33535	3.27505	-37.61816
17077	1.00000	0.04672	0.04759	-0.01114	-0.09366	0.04672	0.08193	0.08263	2.20280	-58.99943
17097	1.00000	-0.08706	-0.30537	0.39675	0.11160	-0.08706	-0.40288	0.43830	1.15202	-57.88591
17117	1.00000	-0.36588	0.48759	0.41974	0.28533	-0.36588	0.35178	0.45055	0.17334	-56.01614
17137	1.00000	-0.05321	0.03470	0.03562	-0.04062	-0.05321	0.00935	0.08483	5.38887	-58.04268
17157	1.00000	0.84935	-0.28120	0.71623	0.48560	0.84935	0.16568	0.70024	4.37338	-50.61372
17177	1.00000	-0.23372	-0.55197	0.71532	0.37326	-0.23372	-0.77229	0.81748	3.42385	-54.33670
17197	1.00000	-0.04837	-0.11197	0.11552	-0.11708	-0.04837	-0.15722	0.17477	2.47431	-37.72029
17217	1.00000	-0.40134	0.51338	0.51191	0.17139	-0.40134	0.36109	0.49672	1.32843	-51.13284
17237	1.00000	0.47060	-0.09263	0.40830	0.28612	0.47060	0.16475	0.33420	0.35895	-49.48324
17257	1.00000	-0.12574	0.21360	-0.10291	-0.18845	-0.12574	0.17405	0.23222	5.56835	-54.48581
17277	1.00000	0.01609	-0.26830	0.24224	0.17858	0.01609	-0.30052	0.28239	4.52371	-52.20368
17297	1.00000	-0.44002	0.42313	0.42237	0.26498	-0.44002	0.23454	0.62341	3.58645	-53.75086
17317	1.00000	-0.04837	0.18298	0.18678	0.03266	-0.04837	0.18336	0.12776	2.54027	-62.69694
17337	1.00000	-0.11123	0.08628	0.01587	-0.11565	-0.11123	0.03540	0.11428	1.44808	-55.06613
17357	1.00000	0.14826	-0.20867	0.15794	0.14548	0.14826	-0.15536	0.16416	0.44485	-33.07785
17377	0.00000	0.08701	0.15880	-0.12239	-0.21715	0.08701	0.23361	0.23105	5.65732	-56.21935
17397	0.00000	0.07412	-0.10713	0.05151	-0.09688	0.07412	-0.08091	0.11621	4.61268	-50.10504
17417	0.00000	-0.13057	-0.02171	0.13733	-0.09099	-0.13057	-0.10045	0.18216	3.57571	-57.42127
17437	0.00000	-0.05643	-0.26830	-0.08612	-0.33613	-0.05643	-0.34239	0.33804	2.46664	-55.49239
17457	0.00000	-0.32076	0.22811	-0.10409	-0.31330	-0.32076	0.07821	0.35394	1.49103	-49.36061
17477	0.00000	-0.14830	0.22327	-0.15351	-0.16755	-0.14830	0.17219	0.22106	0.44025	-57.42175
17497	0.00000	-0.06772	0.31675	-0.16985	-0.28710	-0.06772	0.32666	0.34634	5.60210	-55.49300
17517	0.00000	0.03543	-0.09746	0.09511	-0.02624	0.03543	-0.09208	0.10095	4.57280	-52.61691
17537	0.00000	0.10152	-0.08779	-0.04894	-0.09869	0.10152	-0.04276	0.13153	3.50515	-36.52346
17557	0.00000	0.31104	-0.36662	-0.13862	-0.37004	0.31104	-0.24375	0.43843	2.38381	-58.67638
17577	0.00000	-0.18376	-0.10230	-0.02240	-0.28901	-0.18376	-0.22421	0.34160	1.37138	-52.20368
17597	0.00000	0.06928	0.05243	0.12209	0.00175	0.06928	0.10054	0.19546	0.34821	-54.09504
17617	0.00000	-0.28530	0.25228	-0.22924	-0.21181	-0.28530	0.12660	0.31806	5.54534	-57.42191
17637	0.00000	0.08379	-0.04911	0.06067	-0.05838	0.08379	-0.00833	0.09055	4.52064	-52.75610
17657	0.00000	0.09185	-0.13292	0.06657	-0.11872	0.09185	-0.10045	0.16484	3.46526	-55.49300
17677	0.00000	0.05800	-0.32310	-0.06111	-0.33903	0.05800	-0.33960	0.38965	2.44517	-47.44284
17697	0.00000	-0.12090	0.26357	-0.07165	-0.25394	-0.12090	0.23454	0.26744	1.57847	-29.66270
17717	0.00000	-0.02742	-0.09746	0.12042	-0.05223	-0.02742	-0.12837	0.25256	0.63967	-51.52906
17737	0.00000	-0.05160	-0.22156	-0.07633	-0.28002	-0.05160	-0.28563	0.26647	5.90736	-53.55559
17757	0.00000	-0.18054	0.24906	-0.10533	-0.23475	-0.18054	0.18336	0.28380	4.99157	-46.61281
17777	0.00000	0.06122	-0.10068	0.06624	-0.07685	0.06122	-0.08091	0.10398	4.03744	-47.56543
17797	0.00000	-0.00325	-0.18288	-0.06468	-0.20301	-0.00325	-0.21305	0.23160	3.04188	-51.66271
17817	0.00000	0.11119	0.16525	-0.06219	-0.27116	0.11119	0.25501	0.22402	2.24575	-34.86330
17837	0.00000	-0.22405	0.25873	-0.07407	-0.27093	-0.22405	0.16940	0.30420	1.55852	-36.14070
17857	0.00000	-0.11446	0.00891	0.02681	-0.12447	-0.11446	-0.05579	0.12017	0.83142	-36.14101
17877	0.00000	0.15631	-0.03783	-0.02807	-0.16066	0.15631	0.04657	0.13840	0.02301	-49.33857
17897	0.00000	-0.31270	0.30547	-0.14509	-0.32613	-0.31270	0.17219	0.33408	5.55608	-36.04665
17917	0.00000	-0.19988	0.05727	-0.03570	-0.20273	-0.19988	-0.04927	0.21935	4.89647	-33.80684
17937	0.00000	-0.08867	0.04115	0.07839	-0.04159	-0.08867	-0.00368	0.11522	4.23072	-35.39966
17957	0.00000	-0.03548	-0.05717	0.08829	-0.03071	-0.03548	-0.08650	0.08026	3.53736	-46.71975
17977	0.00000	0.10313	0.10884	-0.07775	-0.19722	0.10313	0.18522	0.18931	2.84707	-31.30582
17997	0.00000	0.17888	0.03470	-0.02575	-0.22778	0.17888	0.14334	0.22178	2.29944	-24.34897
18017	0.00000	0.14826	-0.21028	0.05158	-0.20983	0.14826	-0.15722	0.22149	1.83311	-19.71703
18037	0.00000	-0.18537	0.02664	0.01921	-0.19951	-0.18537	-0.07626	0.20306	1.46188	-20.29081
18057	0.00000	0.04188	0.10078	-0.01308	-0.14607	0.04188	0.14055	0.11079	1.11214	-15.49480
18077	0.00000	-0.08867	-0.08618	0.04344	-0.16935	-0.08867	-0.15070	0.19106	0.82375	-12.43772
18097	0.00000	-0.02259	0.05888	-0.04298	-0.04101	-0.02259	0.05494	0.05714	0.55070	-15.37830
18117	0.00000	-0.05160	-0.09585	0.00470	-0.14956	-0.05160	-0.14047	0.11591	0.25771	-8.97067
18137	0.00000	0.03221	0.04115	-0.00658	-0.07324	0.03221	0.06611	0.11523	6.27705	-12.71255
18157	0.00000	-0.09673	0.01697	0.01988	-0.10135	-0.09673	-0.03625	0.11210	6.03468	-11.62110
18177	0.00000	0.05800	-0.08940	0.02790	-0.08632	0.05800	-0.06975	0.10314	5.85981	-7.86659
18197	0.00000	0.06767	0.00569	0.03136	-0.07535	0.06767	0.04564	0.11127	5.72328	-3.91323
18217	0.00000	-0.01292	0.08144	0.00395	-0.08745	-0.01292	0.08658	0.06807	5.65732	0.00000
18237	0.00000	-0.00163	0.00247	-0.00197	-0.00155	-0.00163	0.00190	0.02255	5.60823	-3.98438
18257	0.00000	-0.07739	0.01375	-0.00939	-0.08203	-0.07739	-0.02880	0.05598	5.50546	-4.14591
18277	0.00000	-0.09028	-0.01365	0.03587	-0.10710	-0.09028	-0.06789	0.10059	5.44563	0.00000
18297	0.00000	-0.03870	-0.00559	0.01085	-0.04701	-0.03870	-0.02880	0.08905	5.45944	0.00000
18317	0.00000	-0.04515	0.01052	0.01078	-0.04600	-0.04515	-0.01391	0.08883	5.49165	3.93330
18337	0.00000	-0.04515	0.05888	0.05418	-0.02931	-0.04515	0.04192	0.05914	5.50699	0.00000
18357	0.00000	-0.04193	0.01375	0.00699	-0.04217	-0.04193	-0.00833	0.06075	5.50392	0.00000
18377	1.00000	0.59148	-0.09746	0.58625	0.24203	0.59148	0.22895	0.66723	4.95936	-43.71460
18397	1.00000	-0.88808	0.21199	0.85140	0.36804	-0.88808	-0.26795	0.92773	4.10800	-44.52200
18417	1.00000	0.63338	-0.78889	0.63338	0.54525	0.63338	-0.54525	0.79477	3.31493	-44.63978
18437	1.00000	-0.62537	0.10884	0.56046	0.36381	-0.62537	-0.23538	0.66146	2.36080	-50.87196
18457	1.00000	0.15470	0.41990	0.37682	0.45996	0.15470	0.57418	0.49511	1.39285	-51.93179
18477	1.00000	0.64305	-0.83079	0.73120	0.47392	0.64305	-0.58805	0.86796	0.46480	-48.95681
18497	1.00000	-0.57702	0.07983	0.58936	0.20897	-0.57702	-0.24096	0.67058	5.79845	-52.06738
18517	1.00000	0.18694	0.52628	0.57632	0.46353	0.18694	0.71562	0.67495	4.83664	-50.71025
18537	1.00000	0.41419	-0.58098	0.59263	0.08190	0.41419	-0.43172	0.63320	3.94386	-41.56117
18557	1.00000	-0.43519	0.31675	0.43735	0.10579	-0.43519	0.11450	0.43204	3.01120	-37.31315
18577	1.00000	0.10313	0.41668	0.47517	0.27778	0.10313	0.54068	0.55848	1.98190	-37.72029
18597	1.00000	-0.01775	-0.33116	0.27427	0.28149	-0.01775	-0.39264	0.30439	1.08759	-52.20368
18617	1.00000	-0.31592	0.02342	0.35119	-0.02424	-0.31592	-0.15535	0.38279	0.12425	-58.13921
18637	1.00000	-0.03548	0.04759	0.04929	-0.00420	-0.03548	0.03447	0.05329	5.36893	-51.66271
18657	1.00000	0.65434	-0.20706	0.53367	0.40317	0.65434	0.13869	0.67275	4.36264	-47.68866
18677	1.00000	0.10313	-0.26347	0.24485	-0.10275	0.10313	-0.24469	0.34475	3.43612	100.39108
18697	1.00000	-0.07577	0.04276	0.07361	0.01884	-0.07577	0.00563	0.23886	2.42369	-58.67703
18717	1.00000	-0.07900	-0.01849	0.00201	-0.10352	-0.07900	-0.06695	0.11496	1.36831	-51.52922
18737	1.00000	0.53507	-0.11197	0.46886	0.31416	0.53507	0.17964	0.41389	0.36202	-51.26413
18757	1.00000	0.33683	-0.48266	0.41939	0.26310	0.33683	-0.36286	0.46121	5.60517	-72.32188
18777	1.00000	-0.15152	-0.41980	0.57005	0.15941	-0.15152	-0.57223	0.63762	4.57893	-37.01305
18797	1.00000	-0.59475	0.70679	0.75441	0.08931	-0.59475	0.47275	0.80456	3.64320	-51.13284
18817	1.00000	-0.02903	0.10723	0.07762	-0.07922	-0.02903	0.10705	0.12956	2.62771	-55.06613
18837	1.00000	0.02415	0.06694	0.06525	-0.06818	0.02415	0.09123	0.10883	1.53551	-54.33735
18857	1.00000	-0.19665	-0.34728	0.38709	0.39186	-0.19665	-0.51454	0.44536	0.55070	-53.17799
18877	1.00000	-0.33043	0.03309	0.32406	0.16564	-0.33043	-0.15256	0.29385	5.77544	-54.36909
18897	1.00000	-0.49321	0.68745	0.60548	0.36837	-0.49321	0.50904	0.59994	4.74460	-53.15790
18917	1.00000	0.38034	0.00569	0.39204	0.20514	0.38034	0.22616	0.34859	3.78433	-47.19954
18937	1.00000	0.31749	-0.42464	0.41108	0.16153	0.31749	-0.30703	0.41205	2.75350	-55.63677
18957	1.00000	0.40613	-0.42464	0.09110	-0.47126	0.40613	-0.25585	0.47157	1.77328	-39.33295
18977	1.00000	-0.46420	0.60042	0.61371	0.14030	-0.46420	0.42529	0.67282	0.77773	-49.73004
18997	1.00000	0.43998	-0.08134	0.36489	0.29334	0.43998	0.16009	0.36772	6.05769	-55.63677
19017	1.00000	-0.03226	0.11206	0.00447	-0.11529	-0.03226	0.11078	0.11292	4.98237	-58.51714
19037	1.00000	-0.23372	-0.57131	0.78425	0.26642	-0.23372	-0.79463	0.85839	4.01596	-52.61691
19057	1.00000	-0.37072	0.36672	0.42441	-0.03379	-0.37072	0.20941	0.45130	3.06029	-55.06552
19077	1.00000	-0.09028	0.14591	0.11959	-0.08593	-0.09028	0.11636	0.16562	1.99724	-37.51594
19097	1.00000	0.25141	-0.03460	0.27152	0.02324	0.25141	0.10519	0.32054	0.97101	-54.33702
19117	1.00000	-0.19021	-0.44398	0.52496	0.38477	-0.19021	-0.62248	0.49297	6.26631	-62.24850
19137	1.00000	-0.32559	0.08466	0.25925	0.21661	-0.32559	-0.09022	0.23578	5.20173	-55.06613
19157	1.00000	-0.57863	0.72774	0.74997	0.16910	-0.57863	0.50625	0.81341	4.20771	-45.79060
19177	1.00000	0.25463	0.04921	0.30391	-0.11834	0.25463	0.20383	0.35537	3.27351	-54.48581
19197	1.00000	0.04994	0.04437	-0.00426	-0.09427	0.04994	0.08007	0.08831	2.20586	-55.63677
19217	1.00000	-0.08222	-0.30054	0.38686	0.11281	-0.08222	-0.39450	0.42276	1.14895	-54.48549
19237	1.00000	-0.37233	0.36672	0.40203	0.14299	-0.37233	0.20848	0.40268	0.17334	-35.16290
19257	1.00000	-0.03548	0.10723	0.10745	0.01973	-0.03548	0.10333	0.05690	5.39194	-58.67703
19277	1.00000	0.33844	-0.08295	0.26876	0.22850	0.33844	0.09961	0.26656	4.35497	-51.26429
19297	1.00000	-0.14185	-0.38112	0.41763	0.34373	-0.14185	-0.52198	0.45831	3.40697	-53.32034
19317	1.00000	0.00804	-0.08940	0.08357	-0.05292	0.00804	-0.09859	0.11143	2.33625	-54.92530
19337	1.00000	-0.23372	0.02987	0.25359	0.02003	-0.23372	-0.10045	0.26658	1.25480	-54.93611
19357	1.00000	0.08056	0.33770	0.36901	0.24655	0.08056	0.43646	0.37932	0.27151	-59.88512
19377	0.00000	0.03866	0.01375	0.05150	0.01736	0.03866	0.03819	0.07484	5.47938	-53.82404
19397	0.00000	0.12730	0.02342	0.14812	-0.06614	0.12730	0.10054	0.17191	4.41786	-55.08786
19417	0.00000	0.07250	-0.06039	0.06283	-0.04567	0.07250	-0.02787	0.08860	3.38243	-58.51714
19437	0.00000	0.22884	-0.10068	-0.02602	-0.22791	0.22884	0.01586	0.30249	2.29790	-56.07194
19457	0.00000	0.06767	-0.15387	0.02799	-0.15168	0.06767	-0.13861	0.16041	1.23946	-56.07256
19477	0.00000	-0.03065	-0.09101	-0.00534	-0.12643	-0.03065	-0.12279	0.15164	0.16874	-59.32523
19497	0.00000	-0.08867	-0.09907	0.00446	-0.18777	-0.08867	-0.16559	0.30972	5.33825	-54.64578
19517	0.00000	-0.03870	0.24906	0.26064	-0.06252	-0.03870	0.26524	0.21073	4.30435	-68.85719
19537	0.00000	-0.13380	0.13624	-0.05443	-0.14611	-0.13380	0.08007	0.17125	3.22903	-60.87180
19557	0.00000	-0.14669	0.39089	-0.09425	-0.38349	-0.14669	0.36667	0.42479	2.14451	-54.78453
19577	0.00000	-0.00647	-0.14904	0.14807	0.09503	-0.00647	-0.17583	0.10574	1.10140	-58.67670
19597	0.00000	0.19016	-0.13292	-0.05111	-0.18830	0.19016	-0.04369	0.19532	0.04449	-42.25842
19617	0.00000	0.07573	-0.21673	-0.01318	-0.21958	0.07573	-0.20653	0.24473	5.27229	-57.73062
19637	0.00000	-0.20793	0.14269	0.17062	-0.12695	-0.20793	0.04471	0.22830	4.22612	-56.66310
19657	0.00000	-0.26112	0.07338	-0.10517	-0.24794	-0.26112	-0.06602	0.28540	3.16153	-55.78066
19677	0.00000	-0.05643	0.22811	-0.09706	-0.21687	-0.05643	0.23081	0.45199	2.17979	-43.71460
19697	0.00000	0.12730	-0.25219	-0.03659	-0.24950	0.12730	-0.21770	0.30111	1.27474	-50.85034
19717	0.00000	-0.09350	0.03309	0.01936	-0.09282	-0.09350	-0.01578	0.11744	0.26231	-62.79454
19737	0.00000	-0.24984	0.22327	-0.07030	-0.26528	-0.24984	0.11357	0.26711	5.50546	-50.35810
19757	0.00000	0.11119	-0.14259	0.12197	-0.08704	0.11119	-0.10045	0.13304	4.57126	-50.15625
19777	0.00000	-0.04837	-0.00237	0.04453	-0.03601	-0.04837	-0.03066	0.10257	3.59565	-55.63615
19797	0.00000	-0.28530	0.08144	-0.13308	-0.26205	-0.28530	-0.07068	0.34270	2.61544	-43.26625
19817	0.00000	0.12891	-0.30376	0.01144	-0.30468	0.12891	-0.27632	0.31639	1.85765	-37.72062
19837	0.00000	0.07573	0.06210	-0.02558	-0.13566	0.07573	0.11543	0.20292	1.10753	-39.33295
19857	0.00000	-0.07900	-0.02171	-0.01278	-0.10522	-0.07900	-0.07068	0.12072	0.25004	-35.06244
19877	0.00000	0.09346	0.05727	-0.04145	-0.14641	0.09346	0.12008	0.17097	5.69414	-39.94753
19897	0.00000	-0.08222	0.10884	0.02106	-0.11150	-0.08222	0.07821	0.12693	4.94402	-35.39966
19917	0.00000	-0.13218	0.05888	0.12866	-0.03140	-0.13218	-0.00833	0.14532	4.19851	-40.58162
19937	0.00000	0.02093	0.08789	-0.07397	-0.08867	0.02093	0.11357	0.15150	3.39777	-39.84377
19957	0.00000	-0.26757	0.23617	-0.06749	-0.28460	-0.26757	0.11822	0.34272	2.68293	-31.79244
19977	0.00000	-0.23211	0.26518	-0.02918	-0.28752	-0.23211	0.17219	0.29310	2.12610	-23.36018
19997	0.00000	-0.02742	0.21199	0.00328	-0.23055	-0.02742	0.22895	0.22386	1.62449	-25.42484
20017	0.00000	0.08056	0.08789	-0.03085	-0.16565	0.08056	0.14800	0.17167	1.12594	-23.59977
20037	0.00000	0.09829	0.01052	-0.03775	-0.11394	0.09829	0.06890	0.11392	0.60592	-24.94285
20057	0.00000	0.10152	-0.06039	-0.00280	-0.10208	0.10152	-0.01112	0.10018	0.07363	-27.55653
20077	0.00000	0.10957	-0.17966	0.02172	-0.17978	0.10957	-0.14419	0.16412	5.85521	-19.46682
20097	0.00000	-0.15636	0.00891	0.00396	-0.17557	-0.15636	-0.07998	0.15340	5.45330	-19.92188
20117	0.00000	0.02254	0.08144	-0.00114	-0.10940	0.02254	0.10705	0.15508	5.09742	-16.58362
20137	0.00000	-0.10962	-0.11519	0.19085	-0.11883	-0.10962	-0.19630	0.27072	4.74614	-15.89622
20157	0.00000	-0.05804	0.10884	-0.02115	-0.10684	-0.05804	0.09217	0.08827	4.47922	-16.76487
20177	0.00000	0.01287	-0.07812	0.01602	-0.08222	0.01287	-0.08277	0.05779	4.19544	-12.71258
20197	0.00000	-0.03709	0.07499	-0.02158	-0.07182	-0.03709	0.06518	0.05843	3.92086	-16.27507
20217	0.00000	-0.00163	-0.04750	0.01022	-0.05486	-0.00163	-0.05579	0.04896	3.64167	-12.57365
20237	0.00000	-0.02581	0.05888	-0.03189	-0.04967	-0.02581	0.05308	0.06248	3.38396	-12.53939
20257	0.00000	-0.08222	0.00085	0.04498	-0.08305	-0.08222	-0.04648	0.09830	3.13852	-7.70847
20277	0.00000	0.07573	-0.03460	0.00100	-0.07581	0.07573	0.00377	0.08733	2.94371	-8.45171
20297	0.00000	-0.01614	0.31353	0.04117	-0.35065	-0.01614	0.35271	0.07977	2.79798	-4.19122
20317	0.00000	-0.09350	0.04921	0.00212	-0.09351	-0.09350	0.00283	0.09626	2.66606	-4.03680
20337	0.00000	-0.08383	0.00891	0.07108	-0.05854	-0.08383	-0.03811	0.11309	2.55715	-4.19122
20357	0.00000	-0.07739	0.06049	0.08107	0.00698	-0.07739	0.02517	0.08242	2.56328	0.00000
20377	1.00000	0.07250	0.14107	0.20797	0.06268	0.07250	0.20476	0.23303	2.02946	-33.07785
20397	1.00000	-0.15797	-0.50523	0.41274	0.55644	-0.15797	-0.67459	0.55325	1.10447	-47.32088
20417	1.00000	-0.25790	0.44085	0.42637	0.12003	-0.25790	0.36016	0.44522	0.23163	-46.22961
20437	1.00000	0.09829	0.01214	0.11920	-0.02140	0.09829	0.07076	0.11638	5.54841	-54.33735
20457	1.00000	-0.10640	-0.40691	0.52974	0.11372	-0.10640	-0.53129	0.56546	4.58660	-49.61677
20477	1.00000	0.17404	0.70195	0.85570	0.35761	0.17404	0.91103	0.92527	3.72451	-33.52973
20497	1.00000	-0.11929	-0.34567	0.30543	0.37415	-0.11929	-0.46801	0.37427	2.80718	-52.20368
20517	1.00000	-0.46581	0.10078	0.43890	0.21814	-0.46581	-0.15256	0.48562	1.79936	-51.52922
20537	1.00000	0.16276	0.45375	0.46553	0.43767	0.16276	0.61791	0.54814	0.83449	-54.18953
20557	1.00000	0.13214	-0.09746	0.12875	0.04686	0.13214	-0.03625	0.09147	6.14206	-37.61816
20577	1.00000	-0.15636	-0.41336	0.51432	0.28643	-0.15636	-0.56758	0.56732	5.13577	-52.47844
20597	1.00000	-0.70596	0.90342	0.83085	0.46035	-0.70596	0.63559	0.86702	4.18623	-47.81252
20617	1.00000	0.39646	-0.00882	0.45054	-0.04483	0.39646	0.21872	0.46593	3.26585	-54.78518
20637	1.00000	-0.01130	-0.07651	0.06181	0.07285	-0.01130	-0.09487	0.28540	2.22120	-56.21873
20657	1.00000	0.04833	-0.13775	0.12075	-0.07041	0.04833	-0.13116	0.15446	1.17503	-55.06613
20677	1.00000	-0.59475	0.72613	0.73781	0.23319	-0.59475	0.49508	0.76863	0.19482	-55.70321
20697	1.00000	0.32554	-0.07973	0.20121	0.27327	0.32554	0.09589	0.26148	5.47018	-69.55096
20717	1.00000	0.08701	-0.11358	0.08461	0.08341	0.08701	-0.08091	0.06331	4.44241	-53.32034
20737	1.00000	-0.02581	-0.29248	0.34292	-0.08611	-0.02581	-0.35263	0.38146	3.46833	-47.56543
20757	1.00000	-0.09995	0.05727	0.09810	0.02089	-0.09995	0.00842	0.21891	2.42522	-58.19998
20777	1.00000	-0.33204	0.52305	0.50927	-0.14430	-0.33204	0.41227	0.52702	1.42814	-25.49527
20797	1.00000	0.48027	-0.70347	0.67033	0.25987	0.48027	-0.53501	0.72699	0.48934	-49.11760
20817	1.00000	0.21595	-0.14420	-0.01898	-0.21913	0.21595	-0.04183	0.21561	5.74629	-55.06491
20837	1.00000	-0.10640	-0.02010	0.12591	-0.05126	-0.10640	-0.08463	0.16164	4.70165	-54.48581
20857	1.00000	0.11119	0.57302	0.73134	0.06532	0.11119	0.72585	0.77990	3.74138	-32.81252
20877	1.00000	0.37712	-0.50523	0.45823	0.25674	0.37712	-0.36565	0.39804	2.74736	-55.63677
20897	1.00000	-0.02742	-0.15548	0.17526	0.09056	-0.02742	-0.19537	0.18306	1.68738	-40.47423
20917	1.00000	-0.90420	0.26518	0.81689	0.44354	-0.90420	-0.21584	0.92999	0.66575	-52.89588
20937	1.00000	-0.11284	0.00569	0.02420	-0.12481	-0.11284	-0.05858	0.13787	5.93957	-55.34998
20957	1.00000	-0.03709	0.14107	0.13324	-0.06032	-0.03709	0.14148	0.16760	4.87806	-52.20368
20977	1.00000	0.58342	-0.87109	0.80390	0.37642	0.58342	-0.66901	0.85989	3.91012	-47.19954
20997	1.00000	-0.68017	0.13140	0.68228	0.23479	-0.68017	-0.24096	0.66243	2.94218	-56.07256
21017	1.00000	-0.29658	0.27485	0.31829	0.08938	-0.29658	0.14614	0.28014	1.88219	-55.06583
21037	1.00000	0.15148	0.48759	0.63011	0.22126	0.15148	0.65048	0.65759	0.86363	-52.89588
21057	1.00000	-0.00647	0.07983	0.00522	-0.08852	-0.00647	0.08844	0.10709	6.14053	-58.83779
21077	1.00000	0.05478	-0.05394	0.06176	-0.01124	0.05478	-0.03066	0.08576	5.07287	-51.13161
21097	1.00000	-0.68178	0.18298	0.58577	0.39355	-0.68178	-0.18234	0.65145	4.08039	-51.66271
21117	1.00000	0.09990	0.52950	0.62314	0.26323	0.09990	0.66909	0.54647	3.13392	-53.32034
21137	1.00000	0.09185	0.04276	0.13614	0.01967	0.09185	0.10240	0.09919	2.06167	-54.64518
21157	1.00000	-0.05321	0.10884	-0.03556	-0.10287	-0.05321	0.09496	0.10468	0.99249	-38.13775
21177	1.00000	-0.19182	-0.43270	0.53763	0.34685	-0.19182	-0.61038	0.62489	6.27245	-63.53767
21197	1.00000	-0.50933	0.10723	0.46899	0.26157	-0.50933	-0.17024	0.46596	5.22014	-51.66271
21217	1.00000	-0.49643	0.61331	0.64633	0.07967	-0.49643	0.42157	0.68717	4.21538	-51.26429
21237	1.00000	0.27881	0.01375	0.32162	-0.07456	0.27881	0.17684	0.36501	3.27045	-54.48581
21257	1.00000	0.05155	0.07983	-0.03104	-0.12871	0.05155	0.12194	0.11933	2.20893	-55.63677
21277	1.00000	0.01932	-0.12325	0.12431	-0.04606	0.01932	-0.13116	0.16243	1.16889	-50.35810
21297	1.00000	-0.35138	0.36510	0.36852	0.18831	-0.35138	0.21872	0.34055	0.16567	-57.63520
21317	1.00000	-0.07900	-0.03783	-0.02359	-0.11685	-0.07900	-0.08929	0.14781	5.37967	-55.78128
21337	1.00000	0.62210	-0.17643	0.51243	0.38540	0.62210	0.15544	0.46132	4.36571	-50.61372
21357	1.00000	-0.12735	-0.32955	0.35648	0.30871	-0.12735	-0.45405	0.42057	3.40544	-55.08786
21377	0.00000	0.31910	-0.14904	-0.10006	-0.30322	0.31910	0.01214	0.31584	2.31785	-55.06613
21397	0.00000	-0.29336	0.04115	0.31072	0.06595	-0.29336	-0.12186	0.30322	1.24252	-53.75150
21417	0.00000	-0.29013	0.31514	0.34734	-0.04560	-0.29013	0.19638	0.34164	0.21783	-41.91200
21437	0.00000	-0.17409	0.00408	-0.04144	-0.19433	-0.17409	-0.09580	0.23249	5.40268	-58.67572
21457	0.00000	0.03221	0.31514	0.11298	-0.36682	0.03221	0.38249	0.43439	4.44087	-41.79796
21477	0.00000	-0.00808	-0.02493	0.03225	0.01202	-0.00808	-0.03346	0.00722	3.41464	-59.16196
21497	0.00000	0.39646	-0.06039	-0.17004	-0.39191	0.39646	0.15916	0.44563	2.29944	-58.04268
21517	0.00000	0.05639	-0.19739	-0.01687	-0.20263	0.05639	-0.19537	0.19871	1.28087	-56.51493
21537	0.00000	-0.15475	0.04115	0.08573	-0.13544	-0.15475	-0.04183	0.18491	0.21783	-59.65481
21557	0.00000	-0.24984	-0.02816	-0.11162	-0.28495	-0.24984	-0.17676	0.31393	5.40882	-52.75484
21577	0.00000	-0.05643	0.06049	-0.01224	-0.06651	-0.05643	0.03726	0.09383	4.36724	-56.07256
21597	0.00000	-0.10801	0.19104	-0.13987	-0.13092	-0.10801	0.15823	0.22350	3.31033	-53.15790
21617	0.00000	0.15470	0.12979	-0.10648	-0.26421	0.15470	0.23919	0.29110	2.24115	-51.39641
21637	0.00000	0.13214	-0.25380	-0.02017	-0.25306	0.13214	-0.21677	0.23059	1.25940	-50.29459
21657	0.00000	-0.16120	0.04759	0.08832	-0.14011	-0.16120	-0.03811	0.19038	0.21476	-59.32515
21677	0.00000	-0.28691	0.05565	-0.12350	-0.27809	-0.28691	-0.10138	0.35463	5.45177	-52.75610
21697	0.00000	0.05155	-0.02332	0.04691	-0.02156	0.05155	0.00283	0.10976	4.47769	-49.48339
21717	0.00000	0.10313	-0.09746	0.04608	-0.10639	0.10313	-0.05300	0.10867	3.44379	-57.73062
21737	0.00000	0.07734	-0.59226	-0.08320	-0.63844	0.07734	-0.63923	0.67484	2.45590	-49.88570
21757	0.00000	0.04833	0.25551	-0.08330	-0.31571	0.04833	0.32294	0.35637	1.64903	-35.03997
21777	0.00000	-0.10962	-0.01204	0.01601	-0.13310	-0.10962	-0.07719	0.09160	0.81915	-48.18786
21797	0.00000	-0.07900	0.19104	-0.06757	-0.17969	-0.07900	0.17498	0.21777	6.14820	-32.98893
21817	0.00000	0.12730	-0.23607	-0.02563	-0.23490	0.12730	-0.19909	0.33466	5.27843	-41.68438
21837	0.00000	-0.04515	0.09272	-0.02685	-0.08876	-0.04515	0.08100	0.11797	4.43781	-46.61281
21857	0.00000	-0.06288	-0.09746	0.10695	-0.12111	-0.06288	-0.14884	0.12707	3.56037	-44.75819
21877	0.00000	-0.24178	0.26034	-0.15200	-0.24753	-0.24178	0.16102	0.26059	2.71054	-37.11254
21897	0.00000	-0.26757	0.17170	-0.00095	-0.27111	-0.26757	0.04378	0.29092	2.07087	-32.81252
21917	0.00000	-0.23372	0.12335	-0.00901	-0.23366	-0.23372	0.00749	0.24493	1.49256	-29.66237
21937	0.00000	-0.13218	0.06855	-0.00062	-0.13221	-0.13218	0.00283	0.16495	0.91425	-32.12534
21957	0.00000	-0.07900	0.01052	0.01490	-0.08448	-0.07900	-0.03346	0.12894	0.28225	-25.70917
21977	0.00000	-0.11607	-0.11197	0.04692	-0.22315	-0.11607	-0.19630	0.22140	5.93957	-31.79244
21997	0.00000	-0.10962	-0.02171	0.02634	-0.13830	-0.10962	-0.08836	0.17227	5.41188	-27.25354
22017	0.00000	-0.16281	0.07499	-0.01016	-0.16265	-0.16281	-0.00740	0.18794	4.92254	-25.14730
22037	0.00000	-0.10962	0.11368	-0.04977	-0.11899	-0.10962	0.06797	0.16913	4.43320	-23.59977
22057	0.00000	0.01126	0.00085	0.00857	-0.01046	0.01126	0.00749	0.03708	3.95153	-34.86270
22077	0.00000	0.03221	-0.01043	0.00780	-0.03193	0.03221	0.00656	0.07309	3.45299	-25.35513
22097	0.00000	0.06122	-0.09263	0.01723	-0.09262	0.06122	-0.07161	0.05673	2.98666	-19.87027
22117	0.00000	-0.15797	-0.00398	0.01009	-0.18446	-0.15797	-0.09580	0.17499	2.58936	-19.46682
22137	0.00000	0.09023	0.06694	0.01160	-0.15731	0.09023	0.12939	0.15517	2.27643	-11.79989
22157	0.00000	-0.13863	0.01214	0.02793	-0.15098	-0.13863	-0.06602	0.20838	2.02946	-11.86071
22177	0.00000	0.10313	-0.28603	0.17920	-0.22764	0.10313	-0.27074	0.11548	1.85918	-3.77829
22197	0.00000	0.07412	0.01697	0.01066	-0.09629	0.07412	0.06239	0.15109	1.74260	-7.84647
22217	0.00000	-0.10801	0.05565	-0.10726	0.01281	-0.10801	0.00190	0.22237	1.68891	0.00000
22237	0.00000	-0.02903	0.12657	0.01079	-0.13216	-0.02903	0.12939	0.14687	1.65056	-4.15714
22257	0.00000	-0.07739	0.08466	-0.01349	-0.09286	-0.07739	0.05308	0.07984	1.59994	-3.89336
22277	0.00000	-0.06127	0.03309	0.00780	-0.06083	-0.06127	0.00283	0.07076	1.52324	-4.20270
22297	0.00000	-0.07900	0.03792	0.05578	-0.05596	-0.07900	-0.00182	0.10000	1.46188	0.00000
22317	0.00000	-0.05160	-0.00882	0.01502	-0.06351	-0.05160	-0.03997	0.05749	1.45882	0.00000
22337	0.00000	-0.00969	-0.00237	-0.00049	-0.01277	-0.00969	-0.00833	0.03132	1.47876	3.89336
22357	0.00000	-0.04515	0.00569	-0.00111	-0.04917	-0.04515	-0.01950	0.06086	1.50484	3.94341
22377	1.00000	0.56086	-0.18449	0.53278	0.20728	0.56086	0.11078	0.58689	0.97408	-40.15668
22397	1.00000	-0.66083	0.40217	0.55068	0.37451	-0.66083	0.08286	0.77036	0.12732	-49.92246
22417	1.00000	0.28203	0.07177	0.24869	0.27935	0.28203	0.24570	0.40660	5.45484	-53.32034
22437	1.00000	0.08056	-0.35372	0.30502	0.21079	0.08056	-0.36193	0.34443	4.52218	-47.19954
22457	1.00000	-0.34171	0.59074	0.57915	0.12798	-0.34171	0.48485	0.59160	3.66775	-41.87056
22477	1.00000	0.34327	-0.44076	0.31793	0.33662	0.34327	-0.31075	0.39071	2.72282	-54.93611
22497	1.00000	-0.10640	-0.36339	0.43125	0.23814	-0.10640	-0.48104	0.47909	1.70579	-58.67670
22517	1.00000	-0.67211	0.81316	0.76667	0.40920	-0.67211	0.55092	0.85636	0.75625	-47.68850
22537	1.00000	0.23368	0.04276	0.29176	-0.05865	0.23368	0.18429	0.35034	6.11445	-33.16725
22557	1.00000	-0.12735	-0.22962	0.20948	0.29501	-0.12735	-0.33867	0.29324	5.10509	-53.75150
22577	1.00000	-0.44647	0.09917	0.46885	0.00116	-0.44647	-0.14326	0.47897	4.13101	-33.90023
22597	1.00000	0.64789	-0.14098	0.57654	0.36323	0.64789	0.21127	0.70059	3.22289	-46.25081
22617	1.00000	0.16115	-0.18449	0.19516	0.04769	0.16115	-0.11999	0.22770	2.18439	-55.06613
22637	1.00000	-0.04676	-0.09585	0.09110	-0.11331	-0.04676	-0.13767	0.15707	1.27320	-54.18937
22657	1.00000	0.14826	0.57302	0.71578	0.26066	0.14826	0.74726	0.75060	0.28992	-54.33718
22677	1.00000	-0.03387	0.10078	-0.01465	-0.10152	-0.03387	0.09682	0.12998	5.56375	-53.75150
22697	1.00000	-0.08061	-0.24896	0.24169	0.24421	-0.08061	-0.33402	0.49101	4.53752	-54.93611
22717	1.00000	-0.33687	0.03954	0.35879	-0.08300	-0.33687	-0.14884	0.40849	3.56651	-33.90023
22737	1.00000	0.07573	0.36672	0.42113	0.21585	0.07573	0.46717	0.41181	2.55254	-62.18794
22757	1.00000	0.22723	-0.04589	0.18437	0.15412	0.22723	0.07821	0.11426	1.48950	-53.82374
22777	1.00000	0.46093	-0.65350	0.56129	0.36873	0.46093	-0.48848	0.60047	0.46786	-51.39626
22797	1.00000	-0.07739	-0.27797	0.35682	0.11118	-0.07739	-0.36565	0.38010	5.70641	-57.88623
22817	1.00000	-0.37717	0.47148	0.43549	0.24346	-0.37717	0.32666	0.37926	4.74767	-51.13284
22837	1.00000	0.66723	-0.15065	0.60516	0.35154	0.66723	0.21127	0.66590	3.80274	-46.36731
22857	1.00000	-0.01292	-0.19094	0.16268	0.16016	-0.01292	-0.22794	0.15177	2.79338	-60.07775
22877	1.00000	-0.04354	-0.18933	0.23692	0.07196	-0.04354	-0.24376	0.22954	1.70732	-59.16196
22897	1.00000	-0.30303	0.05727	0.32154	-0.01667	-0.30303	-0.10883	0.35290	0.69796	-33.90023
22917	1.00000	0.05961	0.33126	0.37123	0.19884	0.05961	0.41692	0.33771	5.97486	-56.96497
22937	1.00000	0.15309	-0.03783	0.12576	0.09807	0.15309	0.04471	0.13557	4.91948	-35.39966
22957	1.00000	0.44481	-0.61643	0.62617	0.11298	0.44481	-0.45498	0.67800	3.93466	-47.44284
22977	1.00000	-0.38039	0.01375	0.43106	0.01949	-0.38039	-0.20374	0.45479	2.96365	-58.99943
22997	1.00000	-0.20955	0.16847	0.22056	-0.02580	-0.20955	0.07355	0.23779	1.90214	-55.06613
23017	1.00000	0.13859	0.07177	0.19897	0.07835	0.13859	0.16289	0.27187	0.90198	-50.23110
23037	1.00000	0.28203	-0.19094	0.28726	0.01828	0.28203	-0.05765	0.23092	6.16507	-60.49519
23057	1.00000	-0.07900	-0.19255	0.18151	0.21232	-0.07900	-0.26795	0.23299	5.10049	-54.18969
23077	1.00000	-1.00574	0.27162	0.91702	0.49169	-1.00574	-0.26702	0.87856	4.08806	-52.75610
23097	1.00000	0.07573	0.49404	0.60782	0.11597	0.07573	0.61419	0.63280	3.14926	-52.20368
23117	1.00000	0.04833	0.07822	0.10862	-0.06717	0.04833	0.11822	0.11596	2.09388	-56.21935
23137	1.00000	0.36100	-0.53746	0.50714	0.20741	0.36100	-0.41218	0.58065	1.05078	-55.06583
23157	1.00000	-0.29980	0.02825	0.27795	0.17985	-0.29980	-0.14047	0.22911	0.06443	-59.48956
23177	1.00000	0.06445	-0.18449	-0.03003	-0.18483	0.06445	-0.17583	0.18626	5.27076	-37.41427
23197	1.00000	0.00320	0.21360	0.22424	0.10706	0.00320	0.24849	0.22416	4.26447	-33.52973
23217	1.00000	0.29976	-0.34083	0.32365	0.18362	0.29976	-0.22049	0.32309	3.31186	-48.18801
23237	1.00000	0.04188	0.12818	-0.08486	-0.15557	0.04188	0.17219	0.17781	2.21814	-55.06552
23257	1.00000	0.01609	-0.15226	0.16260	-0.03935	0.01609	-0.16652	0.17790	1.16889	-55.06613
23277	1.00000	-0.60442	0.71968	0.70581	0.31531	-0.60442	0.48206	0.67178	0.18101	-54.78502
23297	1.00000	0.07734	0.33932	0.39552	0.20009	0.07734	0.43646	0.35160	5.41188	-57.57457
23317	1.00000	0.45287	-0.74860	0.59155	0.46758	0.45287	-0.60294	0.60552	4.46235	-51.66271
23337	1.00000	-0.81072	0.16042	0.75589	0.40721	-0.81072	-0.28284	0.84217	3.51588	-51.66209
23357	1.00000	-0.15797	-0.02171	0.05531	-0.18817	-0.15797	-0.11627	0.19150	2.48965	-58.10550
23377	0.00000	0.04833	0.31998	0.38394	0.11319	0.04833	0.39738	0.35094	1.42507	-59.16196
23397	0.00000	0.60921	-0.14581	0.62552	0.11587	0.60921	0.18336	0.53774	0.39577	-54.48573
23417	0.00000	-0.13057	0.31675	-0.15713	-0.27688	-0.13057	0.29037	0.35808	5.58676	-57.42063
23437	0.00000	0.14503	-0.19094	0.19926	-0.00496	0.14503	-0.13674	0.19513	4.50377	-56.21935
23457	0.00000	0.09346	-0.14420	0.05102	-0.13710	0.09346	-0.11255	0.15777	3.48214	-53.28981
23477	0.00000	0.31104	-0.29570	-0.15532	-0.31433	0.31104	-0.16187	0.42544	2.37153	-56.81427
23497	0.00000	-0.06610	-0.11519	0.02949	-0.18109	-0.06610	-0.17117	0.16189	1.31002	-51.66240
23517	0.00000	-0.09350	-0.04589	-0.06978	-0.12374	-0.09350	-0.10697	0.17294	0.26231	-61.71188
23537	0.00000	-0.28530	0.02825	-0.11074	-0.29424	-0.28530	-0.13209	0.33650	5.43029	-56.21935
23557	0.00000	0.02738	0.02825	0.05153	-0.02095	0.02738	0.04843	0.05434	4.37952	-56.81427
23577	0.00000	-0.07900	0.17653	-0.12693	-0.12315	-0.07900	0.15823	0.22529	3.32107	-53.55500
23597	0.00000	0.05316	0.25228	-0.14374	-0.29300	0.05316	0.32201	0.41280	2.21353	-55.63677
23617	0.00000	0.16760	-0.14420	0.00002	-0.18153	0.16760	-0.06975	0.17692	1.22718	-39.13197
23637	0.00000	-0.14508	0.10884	0.04942	-0.14269	-0.14508	0.04192	0.14584	0.29146	-55.49285
23657	0.00000	-0.28691	0.22327	-0.09601	-0.28564	-0.28691	0.09217	0.23793	5.50086	-51.26429
23677	0.00000	0.07734	-0.08940	0.09163	-0.03190	0.07734	-0.05858	0.15927	4.53291	-52.34070
23697	0.00000	-0.02259	-0.08618	0.10613	-0.04375	-0.02259	-0.11255	0.10142	3.49901	-51.13223
23717	0.00000	0.01609	-0.30376	-0.12580	-0.31781	0.01609	-0.34146	0.39076	2.48352	-47.68866
23737	0.00000	0.07412	0.20877	-0.04904	-0.28923	0.07412	0.28385	0.34189	1.63829	-42.50337
23757	0.00000	-0.10640	-0.01526	0.09989	-0.08712	-0.10640	-0.07905	0.12674	0.74245	-49.61661
23777	0.00000	-0.25951	-0.12808	-0.30744	-0.24788	-0.25951	-0.29773	0.46321	6.01167	-53.17815
23797	0.00000	0.23045	-0.04266	-0.04316	-0.24139	0.23045	0.08379	0.23114	5.15418	-29.02134
23817	0.00000	-0.07094	0.16042	0.15218	-0.05181	-0.07094	0.14428	0.16562	4.29515	-50.29459
23837	0.00000	0.03221	0.08466	-0.06890	-0.09913	0.03221	0.11636	0.22100	3.38243	-48.06220
23857	0.00000	-0.13541	-0.15548	-0.06274	-0.28425	-0.13541	-0.25771	0.35785	2.53107	-38.93363
23877	0.00000	0.03221	-0.03783	-0.02749	-0.03018	0.03221	-0.02508	0.33482	1.90214	-28.78793
23897	0.00000	-0.08706	-0.28926	-0.02039	-0.39344	-0.08706	-0.38426	0.35124	1.36831	-28.40682
23917	0.00000	-0.08061	-0.04589	0.06530	-0.11017	-0.08061	-0.09952	0.17808	0.77773	-33.25697
23937	0.00000	0.09346	-0.14904	0.02363	-0.14876	0.09346	-0.11813	0.13021	0.11658	-33.90014
23957	0.00000	0.12891	-0.08779	0.02158	-0.12992	0.12891	-0.02694	0.19669	5.77390	-33.90023
23977	0.00000	0.04188	-0.10713	0.08495	-0.06665	0.04188	-0.09952	0.16068	5.22781	-24.28473
23997	0.00000	0.10474	-0.21189	0.03301	-0.20929	0.10474	-0.18420	0.21850	4.71699	-23.84433
24017	0.00000	-0.09350	-0.03621	0.08604	-0.10255	-0.09350	-0.09580	0.10577	4.20771	-24.80838
24037	0.00000	-0.00002	-0.02816	-0.01614	-0.02824	-0.00002	-0.03253	0.05763	3.67849	-27.53307
24057	0.00000	-0.06772	-0.01849	-0.00196	-0.09074	-0.06772	-0.06044	0.21213	3.13852	-27.53307
24077	0.00000	-0.15958	0.17009	-0.02297	-0.18922	-0.15958	0.10426	0.17923	2.70594	-19.27117
24097	0.00000	-0.11607	-0.04750	0.16812	-0.00719	-0.11607	-0.12186	0.19961	2.34239	-15.73318
24117	0.00000	-0.26435	0.03954	0.02592	-0.28396	-0.26435	-0.10697	0.17472	2.03866	-16.23265
24137	0.00000	0.13697	-0.05394	-0.01448	-0.13723	0.13697	0.01679	0.11978	1.80089	-4.19122
24157	0.00000	-0.04837	0.12979	0.01442	-0.13039	-0.04837	0.12194	0.14119	1.61988	-7.94811
24177	0.00000	-0.10640	0.05243	0.05973	-0.08805	-0.10640	-0.00089	0.11097	1.47722	-3.89336
24197	0.00000	-0.10317	-0.02816	0.06425	-0.12244	-0.10317	-0.09208	0.11549	1.42660	0.00000
24217	0.00000	-0.07739	-0.02171	0.03341	-0.09867	-0.07739	-0.06975	0.09941	1.44348	3.94341
24237	0.00000	-0.13057	-0.00076	0.02159	-0.14965	-0.13057	-0.07626	0.14269	1.48183	0.00000
24257	0.00000	-0.06772	0.00569	-0.01600	-0.07339	-0.06772	-0.03253	0.11640	1.51864	4.19122
24277	0.00000	-0.07255	0.00408	-0.01807	-0.07949	-0.07255	-0.03718	0.05490	1.51404	0.00000
24297	0.00000	-0.06933	0.00247	-0.01367	-0.07747	-0.06933	-0.03718	0.05183	1.50944	0.00000
24317	0.00000	-0.05804	0.00730	-0.00464	-0.06306	-0.05804	-0.02508	0.11230	1.50790	0.00000
24337	0.00000	-0.04837	-0.00237	-0.01309	-0.05575	-0.04837	-0.03066	0.04035	1.50790	0.00000
24357	0.00000	-0.05482	-0.02816	-0.04384	-0.07211	-0.05482	-0.06416	0.04214	1.50790	0.00000
24377	1.00000	0.54152	-0.14904	0.51604	0.21602	0.54152	0.14055	0.58664	0.97254	-44.40483
24397	1.00000	-0.72207	0.12657	0.72438	0.26443	-0.72207	-0.27074	0.81073	0.10584	-51.85289
24417	1.00000	0.30782	0.01052	0.23255	0.27696	0.30782	0.18987	0.22915	5.46097	-53.89677
24437	1.00000	0.03382	-0.35211	0.29217	0.25610	0.03382	-0.38706	0.34261	4.52371	-47.19954
24457	1.00000	-0.53511	0.62781	0.67665	0.03821	-0.53511	0.41599	0.70999	3.65701	-43.15559
24477	1.00000	0.54152	-0.63900	0.56475	0.39379	0.54152	-0.42521	0.47474	2.73509	-51.39580
24497	1.00000	0.02093	-0.16515	0.17962	-0.00883	0.02093	-0.17862	0.19234	1.72419	-58.04268
24517	1.00000	-0.64632	0.83250	0.77729	0.39920	-0.64632	0.58814	0.87543	0.76239	-51.13269
24537	1.00000	0.34811	0.00569	0.40527	-0.00031	0.34811	0.20755	0.44358	6.10218	-36.81564
24557	1.00000	-0.13380	-0.23768	0.22182	0.30392	-0.13380	-0.35170	0.33372	5.10662	-54.93611
24577	1.00000	-0.43680	0.42313	0.42622	0.25492	-0.43680	0.23640	0.43998	4.16169	-49.08752
24597	1.00000	0.71880	-0.17805	0.62744	0.40844	0.71880	0.20941	0.71071	3.22443	-51.52922
24617	1.00000	0.15470	-0.17966	0.18850	0.04849	0.15470	-0.11813	0.22380	2.19052	-51.00206
24637	1.00000	0.01771	-0.14904	0.15632	-0.04559	0.01771	-0.16187	0.19217	1.16889	-36.91408
24657	1.00000	-0.57057	0.65683	0.69339	0.16950	-0.57057	0.42902	0.72072	0.19635	-55.24030
24677	1.00000	0.24174	-0.05394	0.18073	0.17814	0.24174	0.07728	0.13827	5.47631	-53.55559
24697	1.00000	0.20789	-0.29893	0.22706	0.20576	0.20789	-0.22514	0.23877	4.45315	-53.89677
24717	1.00000	-0.77526	0.17492	0.69748	0.41805	-0.77526	-0.24562	0.78251	3.50668	-47.44223
24737	1.00000	-0.23050	0.15558	0.22973	-0.05013	-0.23050	0.04657	0.24071	2.47585	-55.06552
24757	1.00000	-0.00002	0.25390	0.29217	0.02378	-0.00002	0.29316	0.32828	1.43274	-53.75118
24777	1.00000	0.22239	-0.25219	0.21910	0.16719	0.22239	-0.16280	0.21182	0.44332	-53.46313
24797	1.00000	-0.08706	-0.30054	0.34409	0.21683	-0.08706	-0.39729	0.30333	5.68493	-40.79748
24817	1.00000	-0.57057	0.17170	0.46001	0.36209	-0.57057	-0.13116	0.48841	4.64796	-55.63677
24837	1.00000	0.16437	0.64232	0.82255	0.22419	0.16437	0.83659	0.84587	3.73064	-33.71396
24857	1.00000	0.15793	-0.14742	0.16747	0.05605	0.15793	-0.07905	0.11565	2.73049	-41.34666
24877	1.00000	0.04511	0.07983	-0.04087	-0.11975	0.04511	0.11822	0.11195	1.64443	-55.06583
24897	1.00000	-0.21438	0.26357	0.20051	0.19585	-0.21438	0.18057	0.45755	0.72557	-53.89677
24917	1.00000	0.03060	0.21683	0.22788	0.14435	0.03060	0.26804	0.20097	5.96719	-59.32539
24937	1.00000	-0.04354	0.04115	0.00669	-0.04849	-0.04354	0.02238	0.22209	4.89953	-54.92408
24957	1.00000	0.56408	-0.84530	0.79059	0.34071	0.56408	-0.65040	0.85799	3.91319	-51.66271
24977	1.00000	-0.23856	-0.04750	0.29986	-0.06382	-0.23856	-0.19258	0.33972	2.96825	-57.26878
24997	1.00000	-0.22405	0.18620	0.23949	-0.01322	-0.22405	0.08565	0.23342	1.90367	-55.20769
25017	1.00000	0.02576	0.34254	0.41111	0.00812	0.02576	0.41041	0.44564	0.87744	-53.32018
25037	1.00000	0.43675	-0.62449	0.56832	0.29609	0.43675	-0.46894	0.55307	6.17734	-37.51594
25057	1.00000	-0.15152	-0.30537	0.41502	0.21065	-0.15152	-0.44010	0.46110	5.13423	-54.48581
25077	1.00000	-0.29174	0.26034	0.26970	0.17272	-0.29174	0.13218	0.45627	4.01903	-50.71025
25097	1.00000	-0.07416	0.24100	0.21136	-0.12753	-0.07416	0.23547	0.26229	3.17841	-51.52922
25117	1.00000	-0.10317	0.21038	-0.01101	-0.21009	-0.10317	0.18336	0.20056	2.11076	-59.16196
25137	1.00000	0.07089	-0.08779	0.09315	-0.00097	0.07089	-0.06044	0.10953	1.07992	-49.97947
25157	1.00000	-0.65761	0.16203	0.58701	0.35342	-0.65761	-0.19258	0.62266	0.08130	-55.08774
25177	1.00000	-0.33204	0.28452	0.34990	0.08074	-0.33204	0.13683	0.33241	5.31218	-55.20769
25197	1.00000	0.14826	0.55206	0.70191	0.22810	0.14826	0.72306	0.74998	4.29515	-54.33735
25217	1.00000	0.43675	-0.55680	0.58277	0.06174	0.43675	-0.39078	0.62616	3.35328	-51.52922
25237	1.00000	0.20789	-0.12808	0.00093	-0.20974	0.20789	-0.02787	0.20167	2.30557	-57.88559
25257	1.00000	-0.33687	0.06210	0.35235	0.06625	-0.33687	-0.12279	0.38979	1.24406	-58.51714
25277	1.00000	0.06767	0.31514	0.34704	0.21565	0.06767	0.40296	0.28339	0.26691	-41.33484
25297	1.00000	0.10635	0.02342	0.13244	0.03990	0.10635	0.08844	0.06660	5.49165	-54.50708
25317	1.00000	0.21434	-0.35534	0.22982	0.27428	0.21434	-0.28656	0.23109	4.45161	-53.17815
25337	1.00000	-0.91387	0.19104	0.91504	0.30339	-0.91387	-0.30703	0.90445	3.52509	-46.72036
25357	1.00000	-0.14830	-0.09746	-0.01865	-0.24678	-0.14830	-0.19816	0.23798	2.50039	-56.21935
25377	0.00000	0.04994	0.31998	0.38992	0.09532	0.04994	0.39831	0.34451	1.42814	-38.03269
25397	0.00000	0.51250	-0.10230	0.54093	0.04017	0.51250	0.17777	0.49517	0.39577	-37.72095
25417	0.00000	0.08379	-0.01849	0.06381	-0.06065	0.08379	0.02703	0.14204	5.61897	-55.06613
25437	0.00000	-0.05804	-0.17321	0.20586	0.12457	-0.05804	-0.23352	0.22061	4.54825	-55.08655
25457	0.00000	0.06122	-0.14904	0.08601	-0.12268	0.06122	-0.13674	0.15592	3.47600	-55.63677
25477	0.00000	0.35456	-0.34567	-0.15874	-0.37190	0.35456	-0.19444	0.46304	2.37614	-56.81427
25497	0.00000	-0.14669	-0.08779	0.06046	-0.22907	-0.14669	-0.18606	0.11142	1.33610	-53.95927
25517	0.00000	-0.08222	0.04759	0.02265	-0.07939	-0.08222	0.00749	0.11026	0.27612	-59.16180
25537	0.00000	-0.26757	0.08950	-0.07631	-0.26149	-0.26757	-0.05114	0.23426	5.44563	-57.11647
25557	0.00000	0.24174	0.02664	0.29256	-0.04301	0.24174	0.17033	0.16851	4.39792	-59.16065
25577	0.00000	0.01448	0.06371	-0.02439	-0.07954	0.01448	0.08193	0.11488	3.33334	-55.06552
25597	0.00000	0.29009	0.10078	-0.15698	-0.37426	0.29009	0.28385	0.44855	2.26569	-37.21258
25617	0.00000	0.20144	-0.21673	-0.11937	-0.21040	0.20144	-0.13395	0.23168	1.25173	-33.90023
25637	0.00000	-0.19021	0.01697	0.09846	-0.18607	-0.19021	-0.09022	0.21787	0.21016	-64.27287
25657	0.00000	-0.29497	0.00408	-0.11175	-0.31926	-0.29497	-0.16559	0.38833	5.41955	-36.52346
25677	0.00000	-0.04515	0.13785	-0.01575	-0.13967	-0.04515	0.13311	0.16635	4.42247	-52.34070
25697	0.00000	0.09990	0.03954	-0.01563	-0.14287	0.09990	0.10333	0.09427	3.36402	-56.51524
25717	0.00000	0.30943	-0.24090	-0.05023	-0.32113	0.30943	-0.09952	0.34821	2.34852	-47.19954
25737	0.00000	-0.32559	0.38122	-0.13717	-0.38832	-0.32559	0.25222	0.44150	1.56006	-39.13197
25757	0.00000	-0.00163	-0.14904	0.04594	-0.16682	-0.00163	-0.17304	0.36967	0.73017	-42.37528
25777	0.00000	-0.14508	0.14430	-0.03227	-0.16392	-0.14508	0.08286	0.17030	6.07456	-46.72036
25797	0.00000	0.18694	-0.11519	-0.02828	-0.18647	0.18694	-0.02508	0.20524	5.19406	-39.33295
25817	0.00000	-0.11284	0.10562	0.01969	-0.12478	-0.11284	0.05681	0.14552	4.33963	-46.25081
25837	0.00000	0.00804	0.07499	-0.07750	-0.04879	0.00804	0.09123	0.05753	3.40544	-55.08786
25857	0.00000	-0.10640	-0.16515	-0.06799	-0.26506	-0.10640	-0.25213	0.26965	2.52186	-39.23236
25877	0.00000	0.24979	-0.26186	-0.02268	-0.29478	0.24979	-0.15815	0.26360	1.81930	-30.83357
25897	0.00000	0.08540	0.02825	-0.00734	-0.11811	0.08540	0.08193	0.10994	1.12287	-35.30912
25917	0.00000	-0.10478	0.11045	0.01637	-0.12331	-0.10478	0.06704	0.13705	0.36662	-35.30904
