--- Terminal on /dev/ttyUSB0 | 115200 8-N-1
--- Available filters and text transformations: colorize, debug, default, direct, esp32_exception_decoder, hexlify, log2file, nocontrol, printable, send_on_enter, time
--- More details at https://bit.ly/pio-monitor-filters
--- Quit: Ctrl+C | Menu: Ctrl+T | Help: Ctrl+T followed by Ctrl+H
MOT: sensor_direction==CCW
MOT: PP check: OK!
MOT: Zero elec. angle: 2.01
MOT: Align current sense.
CS: Inv B
MOT: Success: 3
MOT: Ready.
0	0.00000	-0.01802	-0.01134	0.02503	-0.01582	-0.01802	-0.02349	0.04642	5.92577	-0.05109
8377	0.00000	-0.00029	0.01123	-0.00374	0.01224	-0.00029	0.01280	0.23669	5.92884	0.00000
8397	0.00000	-0.00513	0.01123	0.00411	0.01047	-0.00513	0.01001	0.01966	5.95031	4.04745
8417	0.00000	-0.00835	-0.03390	-0.01264	-0.04292	-0.00835	-0.04397	0.01847	6.00554	3.73232
8437	0.00000	-0.00029	-0.03390	-0.03628	-0.01514	-0.00029	-0.03931	0.10135	6.06996	0.00000
8457	0.00000	-0.00996	-0.01295	-0.01755	-0.01483	-0.00996	-0.02070	0.06890	6.07456	0.00000
8477	0.00000	-0.01480	0.01606	0.01606	-0.00782	-0.01480	0.01001	0.01375	6.05309	-3.80641
8497	0.00000	0.00454	-0.00167	-0.00202	0.00413	0.00454	0.00070	0.02577	6.04542	0.00000
8517	0.00000	0.01421	-0.01295	-0.01247	0.00959	0.01421	-0.00674	0.07023	6.05769	3.76901
8537	0.00000	-0.01963	0.03057	0.03015	-0.00709	-0.01963	0.02396	0.01700	6.05922	0.00000
8557	0.00000	0.00454	0.02090	0.02176	0.01622	0.00454	0.02675	0.02043	6.05769	0.00000
8577	0.00000	-0.00029	0.01123	0.01153	0.00556	-0.00029	0.01280	0.02043	6.05769	0.00000
8597	0.00000	-0.00674	0.01445	0.01446	-0.00018	-0.00674	0.01280	0.03557	6.05769	0.00000
8617	0.00000	-0.04220	-0.00811	-0.01084	-0.05292	-0.04220	-0.03373	0.05881	6.05769	0.00000
8637	0.00000	0.04322	-0.00328	-0.00001	0.04813	0.04322	0.02117	0.02148	6.05922	0.00000
8657	0.00000	0.05451	-0.00167	0.00255	0.06194	0.05451	0.02955	0.02875	6.05922	0.00000
8677	0.00000	0.00293	-0.02101	-0.02167	-0.00693	0.00293	-0.02256	0.00637	6.06076	0.00000
8697	0.00000	0.00938	-0.01295	-0.01269	0.00423	0.00938	-0.00954	0.01597	6.05922	0.00000
8717	0.00000	0.05290	0.00478	0.00804	0.06350	0.05290	0.03606	0.02195	6.05922	0.00000
8737	0.00000	-0.01641	-0.01295	-0.01514	-0.02523	-0.01641	-0.02442	0.01313	6.06076	0.00000
8757	0.00000	-0.00835	0.00962	0.00939	-0.00458	-0.00835	0.00628	0.02700	6.05922	0.00000
8777	0.00000	0.00132	0.00478	0.00506	0.00395	0.00132	0.00628	0.02549	6.05922	0.00000
8797	0.00000	0.07224	-0.00167	0.00394	0.08236	0.07224	0.03978	0.05481	6.05769	0.00000
8817	0.00000	0.01744	0.01606	0.01802	0.02825	0.01744	0.02862	0.04199	6.05922	0.00000
8837	0.00000	-0.02124	-0.00489	-0.00628	-0.02706	-0.02124	-0.01791	0.01952	6.05769	0.00000
8857	0.00000	0.00777	-0.02101	-0.02114	-0.00208	0.00777	-0.01977	0.00713	6.05922	0.00000
8877	0.00000	0.02388	0.00962	0.01239	0.03219	0.02388	0.02489	0.01938	6.05922	0.00000
8897	0.00000	0.00938	0.01445	0.01572	0.01814	0.00938	0.02210	0.01166	6.05922	0.00000
8917	0.00000	-0.00029	-0.01456	-0.01525	-0.00747	-0.00029	-0.01698	0.02148	6.06076	0.00000
8937	0.00000	0.05128	0.00800	0.01126	0.06334	0.05128	0.03885	0.03232	6.05769	0.00000
8957	0.00000	0.01099	0.01445	0.01585	0.02000	0.01099	0.02303	0.01365	6.05922	0.00000
8977	0.00000	0.00454	0.01123	0.01181	0.01114	0.00454	0.01559	0.02183	6.05769	0.00000
8997	0.00000	0.02066	0.01284	0.01442	0.03057	0.02066	0.02675	0.03383	6.05769	0.00000
9017	0.00000	-0.00996	-0.02101	-0.02256	-0.02215	-0.00996	-0.03001	0.05124	6.05922	0.00000
9037	0.00000	-0.00190	0.02090	0.02137	0.00878	-0.00190	0.02303	0.02640	6.05769	0.00000
9057	0.00000	0.01099	0.01284	0.01385	0.01942	0.01099	0.02117	0.05813	6.05769	0.00000
9077	0.00000	-0.01802	-0.02262	-0.02594	-0.03139	-0.01802	-0.03652	0.01460	6.06076	0.00000
9097	0.00000	-0.00029	-0.00811	-0.00843	-0.00446	-0.00029	-0.00954	0.01323	6.05922	0.00000
9117	0.00000	0.04967	-0.00167	0.00313	0.05633	0.04967	0.02675	0.02858	6.06076	0.00000
9137	0.00000	0.04322	-0.01295	-0.01003	0.04321	0.04322	0.01001	0.01313	6.05922	0.00000
9157	0.00000	-0.00029	-0.00811	-0.00836	-0.00460	-0.00029	-0.00954	0.00812	6.05769	0.00000
9177	0.00000	0.01260	-0.02906	-0.02902	0.00270	0.01260	-0.02629	0.01117	6.06689	0.00000
9197	0.00000	0.05451	-0.03068	-0.02428	0.04896	0.05451	-0.00395	0.05809	6.06536	0.00000
9217	0.00000	-0.00835	0.00317	0.00222	-0.00813	-0.00835	-0.00116	0.01478	6.06383	0.00000
9237	0.00000	0.01099	0.00962	0.01171	0.01697	0.01099	0.01745	0.01199	6.06383	0.00000
9257	0.00000	0.03033	0.01123	0.01402	0.04064	0.03033	0.03048	0.01901	6.05922	0.00000
9277	0.00000	0.00938	0.00800	0.00953	0.01456	0.00938	0.01466	0.01700	6.06229	0.00000
9297	0.00000	0.01099	0.01445	0.01618	0.01973	0.01099	0.02303	0.01442	6.06076	0.00000
9317	0.00000	-0.04703	0.00800	0.00461	-0.05011	-0.04703	-0.01791	0.05899	6.06076	0.00000
9337	0.00000	-0.00513	-0.00167	-0.00236	-0.00668	-0.00513	-0.00488	0.02901	6.06229	0.00000
9357	0.00000	0.08191	-0.00972	-0.00365	0.08941	0.08191	0.03606	0.02176	6.05922	0.00000
9377	0.00000	0.01583	-0.00650	-0.00499	0.01511	0.01583	0.00163	0.05907	6.06229	0.00000
9397	0.00000	-0.00513	-0.00489	-0.00561	-0.00830	-0.00513	-0.00861	0.01858	6.06076	0.00000
9417	0.00000	0.05128	-0.00167	0.00329	0.05818	0.05128	0.02769	0.03543	6.06076	0.00000
9437	0.00000	0.01421	-0.00328	-0.00203	0.01475	0.01421	0.00442	0.07055	6.05922	0.00000
9457	0.00000	0.03194	0.01445	0.01749	0.04414	0.03194	0.03513	0.02476	6.05922	0.00000
9477	0.00000	0.00132	0.00478	0.00506	0.00395	0.00132	0.00628	0.02549	6.06076	0.00000
9497	0.00000	0.03033	0.01606	0.01904	0.04310	0.03033	0.03606	0.03613	6.05922	0.00000
9517	0.00000	-0.00513	0.00962	0.00955	-0.00118	-0.00513	0.00814	0.01166	6.05922	0.00000
9537	0.00000	0.02388	0.00962	0.01185	0.03240	0.02388	0.02489	0.00471	6.05922	0.00000
9557	0.00000	0.06257	0.00317	0.00820	0.07368	0.06257	0.03978	0.04463	6.05922	0.00000
9577	0.00000	0.01099	0.01768	0.01955	0.02131	0.01099	0.02675	0.01356	6.05922	0.00000
9597	0.00000	0.00454	-0.02906	-0.03009	-0.00852	0.00454	-0.03094	0.02935	6.06383	0.00000
9617	0.00000	0.00293	0.01768	0.01876	0.01204	0.00293	0.02210	0.03097	6.06076	-3.76901
9637	0.00000	0.00132	0.01123	0.01198	0.00682	0.00132	0.01373	0.05216	6.06383	0.00000
9657	0.00000	0.01744	0.02735	0.02972	0.03398	0.01744	0.04164	0.02490	6.05922	-3.80641
9677	0.00000	-0.00513	0.02251	0.02294	0.00553	-0.00513	0.02303	0.04397	6.05922	-3.77829
9697	0.00000	0.00777	0.01123	0.01250	0.01444	0.00777	0.01745	0.16428	6.06076	0.00000
9717	0.00000	0.01260	0.01768	0.02010	0.02283	0.01260	0.02769	0.01229	6.06229	0.00000
9737	0.00000	-0.02124	0.21592	0.22220	0.08521	-0.02124	0.23705	0.01460	6.05922	0.00000
9757	0.00000	0.00454	0.00317	0.00421	0.00651	0.00454	0.00628	0.00211	6.06536	0.00000
9777	0.00000	-0.00190	0.01606	0.01640	0.00624	-0.00190	0.01745	0.05692	6.05769	0.00000
9797	0.00000	-0.00996	0.00800	0.00739	-0.00754	-0.00996	0.00349	0.10557	6.06076	0.00000
9817	0.00000	0.01099	0.01123	0.01250	0.01836	0.01099	0.01931	0.00199	6.05922	0.00000
9837	0.00000	-0.00190	0.01123	0.01149	0.00351	-0.00190	0.01187	0.03007	6.06076	0.00000
9857	0.00000	-0.00996	0.00478	0.00402	-0.00912	-0.00996	-0.00023	0.01460	6.06076	0.00000
9877	0.00000	-0.00835	-0.01134	-0.01241	-0.01538	-0.00835	-0.01791	0.01374	6.05922	0.00000
9897	0.00000	-0.02124	0.00800	0.00663	-0.02041	-0.02124	-0.00302	0.01364	6.05922	3.76901
9917	0.00000	0.00938	-0.00167	-0.00065	0.00999	0.00938	0.00349	0.02213	6.06229	0.00000
9937	0.00000	0.02711	0.02090	0.02450	0.04143	0.02711	0.03978	0.01588	6.06076	0.00000
9957	0.00000	0.00938	-0.05324	-0.05447	-0.01624	0.00938	-0.05606	0.00586	6.06076	0.00000
9977	0.00000	0.01905	-0.01778	-0.01650	0.01348	0.01905	-0.00954	0.00038	6.06229	0.00000
9997	0.00000	-0.00029	-0.01295	-0.01356	-0.00668	-0.00029	-0.01512	0.01114	6.06076	0.00000
10017	0.00000	-0.01641	0.02251	0.02205	-0.00747	-0.01641	0.01652	0.13442	6.05922	0.00000
10037	0.00000	0.01099	0.00639	0.00829	0.01551	0.01099	0.01373	0.03271	6.06383	0.00000
10057	0.00000	0.00777	0.01768	0.01924	0.01760	0.00777	0.02489	0.02843	6.06076	0.00000
10077	0.00000	-0.01802	-0.01134	-0.01272	-0.02673	-0.01802	-0.02349	0.01700	6.05769	0.00000
10097	0.00000	0.03517	0.00962	0.01273	0.04539	0.03517	0.03141	0.02890	6.05769	0.00000
10117	0.00000	0.04967	0.00800	0.01220	0.06128	0.04967	0.03792	0.02148	6.05922	0.00000
10137	0.00000	0.00454	0.01768	0.01868	0.01421	0.00454	0.02303	0.01408	6.05769	0.00000
10157	0.00000	0.01099	-0.01617	-0.01583	0.00471	0.01099	-0.01233	0.00340	6.06229	0.00000
10177	0.00000	-0.01802	-0.00328	-0.00519	-0.02234	-0.01802	-0.01419	0.01793	6.06076	0.00000
10197	0.00000	0.03355	0.01606	0.01850	0.04713	0.03355	0.03792	0.01462	6.05769	0.00000
10217	0.00000	-0.00835	0.00478	0.00430	-0.00719	-0.00835	0.00070	0.01456	6.05922	0.00000
10237	0.00000	0.03517	0.00639	0.00939	0.04376	0.03517	0.02769	0.02125	6.05769	0.00000
10257	0.00000	0.03033	0.00478	0.00734	0.03737	0.03033	0.02303	0.02783	6.05922	0.00000
10277	0.00000	0.01421	0.02412	0.02613	0.02863	0.01421	0.03606	0.01447	6.05922	0.00000
10297	0.00000	0.00132	-0.01617	-0.01678	-0.00641	0.00132	-0.01791	0.02796	6.06229	0.00000
10317	0.00000	0.00777	-0.01295	-0.01273	0.00280	0.00777	-0.01047	0.02654	6.06076	0.00000
10337	0.00000	-0.00996	-0.00489	-0.00585	-0.01396	-0.00996	-0.01140	0.13375	6.05922	-3.76901
10357	0.00000	0.00454	-0.00489	-0.00471	0.00275	0.00454	-0.00302	0.02413	6.05922	0.00000
10377	0.00000	-0.00190	-0.01778	-0.01896	-0.01059	-0.00190	-0.02163	0.01117	6.06229	0.00000
10397	0.00000	-0.01480	0.00478	0.00380	-0.01462	-0.01480	-0.00302	0.01586	6.05922	0.00000
10417	0.00000	-0.00029	-0.01295	-0.01356	-0.00668	-0.00029	-0.01512	0.02968	6.06076	0.00000
10437	0.00000	-0.00996	0.01606	0.01587	-0.00332	-0.00996	0.01280	0.01868	6.05922	0.00000
10457	0.00000	0.01583	0.00317	0.00453	0.01984	0.01583	0.01280	0.01112	6.05922	0.00000
10477	0.00000	0.02066	0.00478	0.00702	0.02611	0.02066	0.01745	0.02148	6.05922	0.00000
10497	0.00000	0.00777	0.01123	0.01225	0.01465	0.00777	0.01745	0.00540	6.05922	0.00000
10517	0.00000	0.00777	0.00156	0.00239	0.00970	0.00777	0.00628	0.03208	6.06076	0.00000
10537	0.00000	0.01583	0.01768	0.01957	0.02721	0.01583	0.02955	0.04397	6.05922	0.00000
10557	0.00000	-0.02286	-0.00489	-0.00686	-0.02881	-0.02286	-0.01884	0.17395	6.05922	0.00000
10577	0.00000	0.04000	0.00317	0.00723	0.04757	0.04000	0.02675	0.01912	6.06076	0.00000
10597	0.00000	-0.00352	0.00639	0.00634	-0.00091	-0.00352	0.00535	0.03329	6.05922	0.00000
10617	0.00000	0.01099	-0.01295	-0.01246	0.00630	0.01099	-0.00861	0.01033	6.06229	0.00000
10637	0.00000	-0.02124	-0.01295	-0.01562	-0.03079	-0.02124	-0.02722	0.01210	6.05922	0.00000
10657	0.00000	0.00938	0.00478	0.00592	0.01313	0.00938	0.01094	0.02667	6.06076	0.00000
10677	0.00000	0.00454	0.02090	0.02202	0.01585	0.00454	0.02675	0.00904	6.05922	0.00000
10697	0.00000	-0.02447	0.00800	0.00839	-0.02350	-0.02447	-0.00488	0.10464	6.05002	0.00000
10717	0.00000	0.01583	-0.02262	-0.02252	0.00561	0.01583	-0.01698	0.00754	6.05462	0.00000
10737	0.00000	0.05451	-0.00328	0.00295	0.06106	0.05451	0.02769	0.03768	6.06076	0.00000
10757	0.00000	-0.00996	0.03379	0.03435	0.00511	-0.00996	0.03327	0.01389	6.06076	3.76901
10777	0.00000	-0.02124	0.00962	0.00830	-0.01959	-0.02124	-0.00116	0.00170	6.05922	0.00000
10797	0.00000	0.05128	-0.01456	-0.00932	0.05203	0.05128	0.01280	0.01983	6.06229	0.00000
10817	0.00000	-0.01480	0.10148	0.10347	0.03625	-0.01480	0.10864	0.02747	6.05769	-3.80641
10837	0.00000	0.00454	-0.01295	-0.01307	-0.00134	0.00454	-0.01233	0.02438	6.05922	0.00000
10857	0.00000	-0.00029	0.03057	0.03141	0.01572	-0.00029	0.03513	0.01365	6.05769	0.00000
10877	0.00000	0.01421	0.00800	0.00907	0.02059	0.01421	0.01745	0.00386	6.05922	0.00000
10897	0.00000	-0.00029	0.00478	0.00490	0.00218	-0.00029	0.00535	0.02898	6.05922	0.00000
10917	0.00000	0.00938	0.00478	0.00569	0.01323	0.00938	0.01094	0.00983	6.05922	0.00000
10937	0.00000	0.01421	0.03540	0.03782	0.03436	0.01421	0.04909	0.01323	6.05922	0.00000
10957	0.00000	-0.00996	-0.01295	-0.01390	-0.01829	-0.00996	-0.02070	0.01687	6.05769	0.00000
10977	0.00000	0.01099	-0.01295	-0.01256	0.00608	0.01099	-0.00861	0.01493	6.05769	0.00000
10997	0.00000	0.00454	-0.02101	-0.02142	-0.00544	0.00454	-0.02163	0.01550	6.05922	0.00000
11017	0.00000	0.01099	-0.01134	-0.01089	0.00690	0.01099	-0.00674	0.04395	6.05922	0.00000
11037	0.00000	-0.02769	-0.00972	-0.01226	-0.03684	-0.02769	-0.02722	0.01986	6.05922	0.00000
11057	0.00000	0.00938	0.01445	0.01603	0.01788	0.00938	0.02210	0.02351	6.06076	0.00000
11077	0.00000	0.00293	0.02251	0.02166	0.01749	0.00293	0.02769	0.01453	6.04849	0.00000
11097	0.00000	-0.01480	-0.00650	-0.00616	-0.02094	-0.01480	-0.01605	0.08879	6.05155	3.76901
11117	0.00000	0.00454	0.00639	0.00670	0.00871	0.00454	0.01001	0.01793	6.05616	0.00000
11137	0.00000	0.00132	0.01123	0.01136	0.00781	0.00132	0.01373	0.02896	6.05462	0.00000
11157	0.00000	0.00938	-0.01134	-0.01118	0.00467	0.00938	-0.00767	0.04494	6.05616	0.00000
11177	0.00000	-0.02447	0.00962	0.00883	-0.02302	-0.02447	-0.00302	0.01597	6.05616	0.00000
11197	0.00000	0.01583	-0.01617	-0.01535	0.01028	0.01583	-0.00954	0.04298	6.05922	0.00000
11217	0.00000	-0.00029	-0.01134	-0.01167	-0.00629	-0.00029	-0.01326	0.01346	6.05769	0.00000
11237	0.00000	-0.01480	-0.00167	-0.00259	-0.01794	-0.01480	-0.01047	0.06387	6.05769	0.00000
11257	0.00000	0.00777	-0.01295	-0.01285	0.00215	0.00777	-0.01047	0.01353	6.05769	0.00000
11277	0.00000	0.01099	-0.01778	-0.01758	0.00363	0.01099	-0.01419	0.02166	6.05922	0.00000
11297	0.00000	-0.02286	-0.00489	-0.00638	-0.02892	-0.02286	-0.01884	0.00597	6.05769	0.00000
11317	0.00000	0.01099	0.00800	0.00916	0.01673	0.01099	0.01559	0.05131	6.05922	0.00000
11337	0.00000	0.00293	0.02412	0.02497	0.01605	0.00293	0.02955	0.01453	6.05769	0.00000
11357	0.00000	-0.01963	-0.00489	-0.00447	-0.02557	-0.01963	-0.01698	0.20809	6.05155	0.00000
11377	1.00000	0.07062	0.46573	0.55366	0.18207	0.07062	0.57856	0.61938	5.42416	-47.81129
11397	1.00000	0.59121	-0.81397	0.75606	0.36897	0.59121	-0.59856	0.82851	4.46542	-48.99707
11417	1.00000	-0.92864	0.18368	0.95399	0.23908	-0.92864	-0.32405	0.92828	3.53122	-47.07883
11437	1.00000	-0.03091	0.07086	0.07053	0.00853	-0.03091	0.06398	0.05115	2.51880	-61.19621
11457	1.00000	0.08191	0.36420	0.45230	0.14476	0.08191	0.46783	0.48016	1.41893	-57.26878
11477	1.00000	0.38491	-0.03874	0.41985	-0.05818	0.38491	0.17750	0.45288	0.41264	-52.06722
11497	1.00000	0.00293	-0.16606	0.15626	0.10822	0.00293	-0.19006	0.34572	5.65886	-56.07256
11517	1.00000	-0.15502	-0.09192	0.24187	0.06167	-0.15502	-0.19564	0.23140	4.60961	-49.73019
11537	1.00000	-0.56762	0.65753	0.71044	-0.06042	-0.56762	0.43153	0.75426	3.64781	-45.22807
11557	1.00000	0.51546	-0.08225	0.52035	0.18959	0.51546	0.20262	0.46048	2.64152	-58.25200
11577	1.00000	0.10286	-0.13383	0.10573	0.09193	0.10286	-0.09514	0.05448	1.57540	-55.06583
11597	1.00000	-0.06798	-0.49485	0.49786	0.36011	-0.06798	-0.61066	0.75530	0.52769	-52.06738
11617	1.00000	-0.77069	0.16595	0.73960	0.33328	-0.77069	-0.25333	0.86093	5.78311	-53.82404
11637	1.00000	-0.37905	0.57211	0.45294	0.36554	-0.37905	0.44177	0.44983	4.73847	-52.76490
11657	1.00000	0.73949	-0.08709	0.71975	0.36780	0.73949	0.32638	0.62919	3.78586	-46.25081
11677	1.00000	0.15766	-0.13222	0.15875	-0.05876	0.15766	-0.06165	0.18073	2.77497	-53.28981
11697	1.00000	-0.06637	-0.34657	0.42051	0.14098	-0.06637	-0.43851	0.45310	1.69198	-57.26846
11717	1.00000	-0.56762	0.08214	0.61346	0.00580	-0.56762	-0.23286	0.66402	0.68722	-48.82696
11737	1.00000	0.05612	0.24009	0.25952	0.17794	0.05612	0.30964	0.23994	5.96258	-56.66436
11757	1.00000	0.30916	-0.06452	0.23226	0.22900	0.30916	0.10399	0.54259	4.89647	-48.99590
11777	1.00000	0.69920	-0.99771	0.94673	0.39058	0.69920	-0.74838	0.93321	3.90398	-44.78731
11797	1.00000	-0.48542	0.02090	0.54884	0.00291	-0.48542	-0.25613	0.58148	2.95138	-52.61691
11817	1.00000	-0.33875	0.37225	0.40312	0.08428	-0.33875	0.23426	0.44269	1.88526	-56.95460
11837	1.00000	0.11092	0.45284	0.59071	0.08826	0.11092	0.58693	0.63732	0.86977	-50.74236
11857	1.00000	0.54931	-0.68020	0.65388	0.30575	0.54931	-0.46829	0.70271	6.16354	-52.89604
11877	1.00000	-0.13729	-0.37397	0.37762	0.37075	-0.13729	-0.51109	0.40782	5.09895	-55.92654
11897	1.00000	-0.95765	0.24009	0.93344	0.34899	-0.95765	-0.27567	0.88855	4.09880	-50.35810
11917	1.00000	0.02388	0.38515	0.45615	-0.05210	0.02388	0.45852	0.46561	3.16460	-50.87135
11937	1.00000	0.31077	-0.00167	0.35301	0.05882	0.31077	0.17750	0.35405	2.08008	-53.68948
11957	1.00000	0.59605	-0.78980	0.72714	0.38600	0.59605	-0.56785	0.76429	1.03390	-68.34587
11977	1.00000	-0.05187	-0.15800	0.21574	-0.03537	-0.05187	-0.21239	0.21667	0.04295	-56.66420
11997	1.00000	-0.20337	-0.01295	0.24005	-0.03530	-0.20337	-0.13237	0.26505	5.24161	-56.66310
12017	1.00000	0.08674	0.37225	0.39807	0.28172	0.08674	0.47992	0.44362	4.25680	-48.95697
12037	1.00000	0.45583	-0.62057	0.51747	0.38155	0.45583	-0.45340	0.46326	3.30880	-51.39641
12057	1.00000	-0.00352	-0.16928	0.15065	0.12777	-0.00352	-0.19750	0.12596	2.21507	-57.66801
12077	1.00000	0.15443	-0.37881	0.29405	-0.24220	0.15443	-0.34825	0.41181	1.18730	-38.34963
12097	1.00000	-0.28879	0.29650	0.32943	-0.07549	-0.28879	0.17564	0.36688	0.22243	-54.33718
12117	1.00000	-0.13406	0.09343	-0.00724	-0.13729	-0.13406	0.03048	0.13875	5.45484	-52.50805
12137	1.00000	0.34300	-0.06452	0.36391	-0.02147	0.34300	0.12353	0.39533	4.41173	-52.06738
12157	1.00000	-0.17597	-0.22408	0.40098	-0.00486	-0.17597	-0.36034	0.38905	3.47753	-49.48339
12177	1.00000	-0.12762	0.12566	0.11870	0.08540	-0.12762	0.07142	0.17641	2.41755	-55.63677
12197	1.00000	-0.56278	0.73973	0.67100	0.38275	-0.56278	0.52924	0.64904	1.30388	-52.76578
12217	1.00000	0.03678	0.29973	0.36194	-0.07258	0.03678	0.36733	0.41106	0.32214	-49.85437
12237	1.00000	-0.05348	0.16595	-0.02368	-0.16774	-0.05348	0.16075	0.17444	5.54841	-36.42709
12257	1.00000	-0.19531	-0.58027	0.75863	0.27452	-0.19531	-0.78280	0.79351	4.56359	-52.61565
12277	1.00000	-0.59341	0.70588	0.75828	0.01663	-0.59341	0.47248	0.79885	3.64474	-60.30408
12297	1.00000	0.52352	-0.10643	0.41185	0.36957	0.52352	0.17936	0.42534	2.61851	-71.61110
12317	1.00000	0.38491	-0.08064	0.39470	0.09498	0.38491	0.12911	0.44082	1.52171	-56.36660
12337	1.00000	-0.35326	0.01123	0.35361	0.19030	-0.35326	-0.19099	0.34337	0.62893	-49.85437
12357	1.00000	-0.43868	0.52698	0.50999	0.24185	-0.43868	0.35523	0.44996	5.87821	-53.42237
12377	1.00000	0.21568	0.42383	0.53867	0.36493	0.21568	0.61392	0.67343	4.83818	-53.17815
12397	1.00000	0.38652	-0.20797	0.38400	0.04710	0.38652	-0.01698	0.38844	3.86563	-47.93703
12417	1.00000	0.07546	-0.25148	0.22447	-0.12738	0.07546	-0.24682	0.28369	2.87161	-53.82404
12437	1.00000	-0.37582	0.05958	0.38728	0.11496	-0.37582	-0.14818	0.36924	1.79783	-53.95927
12457	1.00000	-0.54344	0.76874	0.69254	0.38077	-0.54344	0.57391	0.70085	0.75318	-48.63841
12477	1.00000	0.32689	0.04024	0.32219	0.24152	0.32689	0.23519	0.32086	6.02854	-72.32188
12497	1.00000	0.11414	0.03057	0.13849	-0.06393	0.11414	0.10120	0.17347	4.97623	-57.11647
12517	1.00000	-0.23883	-0.68665	0.91389	0.29677	-0.23883	-0.93076	0.93092	4.00216	-32.37963
12537	1.00000	-0.46447	0.50280	0.55961	0.01112	-0.46447	0.31243	0.60044	3.05722	-48.99707
12557	1.00000	-0.00352	0.20463	0.23324	0.02194	-0.00352	0.23426	0.24300	1.98957	-60.07775
12577	1.00000	0.72498	-0.19830	0.71632	0.21990	0.72498	0.18960	0.86948	0.95107	-51.93179
12597	1.00000	-0.06637	-0.32240	0.36143	0.20579	-0.06637	-0.41059	0.37415	6.24944	-39.33285
12617	1.00000	-0.38710	0.09020	0.32124	0.24677	-0.38710	-0.11934	0.33422	5.20173	-53.42237
12637	1.00000	-0.56762	0.64947	0.64183	0.29740	-0.56762	0.42223	0.68789	4.17396	-45.22807
12657	1.00000	0.67502	-0.12093	0.62812	0.35155	0.67502	0.25008	0.61320	3.21369	-49.97947
12677	1.00000	0.25758	-1.45705	1.53406	0.25524	0.25758	-1.53374	1.56262	2.14451	-54.92530
12697	1.00000	-0.04864	-0.06936	0.11858	0.00190	-0.04864	-0.10817	0.10431	1.17963	-51.99921
12717	1.00000	-0.62242	0.73973	0.77866	0.16086	-0.62242	0.49481	0.83712	0.19482	-52.89588
12737	1.00000	-0.02286	0.14017	0.14533	-0.03867	-0.02286	0.14865	0.16361	5.43796	-66.85649
12757	1.00000	0.35912	-0.07258	0.37906	-0.02327	0.35912	0.12353	0.41409	4.41326	-52.06738
12777	1.00000	-0.18242	-0.21925	0.40211	0.00852	-0.18242	-0.35848	0.40566	3.48060	-46.25081
12797	1.00000	-0.27590	0.05958	0.26273	-0.12361	-0.27590	-0.09049	0.23167	2.44056	-52.06738
12817	1.00000	-0.25817	0.24493	0.28830	-0.03754	-0.25817	0.13377	0.33373	1.34530	-52.76578
12837	1.00000	0.53963	-0.10643	0.47739	0.31442	0.53963	0.18867	0.47967	0.35435	-49.48324
12857	1.00000	0.50095	-0.69793	0.64525	0.31870	0.50095	-0.51667	0.67694	5.59596	-52.12571
12877	1.00000	-0.20176	-0.55610	0.70199	0.35119	-0.20176	-0.75861	0.68005	4.56206	-51.00084
12897	1.00000	-0.69656	0.86866	0.89563	0.20973	-0.69656	0.60089	0.91697	3.62940	-45.79060
12917	1.00000	0.25758	-0.03874	0.20415	0.18837	0.25758	0.10399	0.45951	2.61237	-70.91415
12937	1.00000	0.36073	-0.07258	0.36692	0.10478	0.36073	0.12446	0.45188	1.51864	-60.55173
12957	1.00000	0.11253	-0.52225	0.49232	0.24455	0.11253	-0.53808	0.46510	0.52155	-50.35795
12977	1.00000	-0.17113	-0.01295	0.18582	0.08772	-0.17113	-0.11375	0.11393	5.75550	-52.50805
12997	1.00000	-0.36132	0.31101	0.33375	0.20443	-0.36132	0.15051	0.34258	4.70472	-52.61691
13017	1.00000	0.15443	0.62207	0.81311	0.12077	0.15443	0.80747	0.86812	3.73218	-46.60208
13037	1.00000	0.38813	-0.51903	0.51388	0.16533	0.38813	-0.37523	0.47854	2.75656	-53.28981
13057	1.00000	0.40909	-0.44167	0.18799	-0.45494	0.40909	-0.27381	0.47044	1.75334	-40.15637
13077	1.00000	-0.33069	0.45606	0.35968	0.30437	-0.33069	0.33569	0.38283	0.73171	-51.13269
13097	1.00000	0.11898	0.45284	0.56676	0.20702	0.11898	0.59159	0.57001	5.98713	-56.66436
13117	1.00000	0.56703	-0.12738	0.56744	0.17903	0.56703	0.18029	0.59226	4.94862	-55.34998
13137	1.00000	-0.05187	-0.49485	0.51863	0.30873	-0.05187	-0.60135	0.47959	3.97301	-47.56543
13157	1.00000	-0.36132	0.37387	0.35321	0.23565	-0.36132	0.22310	0.42323	3.00047	-52.06676
13177	1.00000	-0.22271	0.20786	0.24840	-0.01741	-0.22271	0.11143	0.27467	1.89907	-57.66861
13197	1.00000	0.11898	0.38998	0.52476	0.09009	0.11898	0.51900	0.55141	0.87130	-56.07241
13217	1.00000	0.54608	-0.76401	0.67695	0.40171	0.54608	-0.56692	0.69267	6.16967	-53.75150
13237	1.00000	-0.11150	-0.34980	0.34176	0.33897	-0.11150	-0.46829	0.36266	5.09588	-56.07256
13257	1.00000	-0.95282	0.24493	0.94124	0.30560	-0.95282	-0.26729	1.03591	4.09726	-47.56543
13277	1.00000	-0.03575	0.29489	0.29270	-0.13387	-0.03575	0.31987	0.35466	3.17074	-49.48339
13297	1.00000	0.39458	-0.07419	0.39320	0.14583	0.39458	0.14214	0.36865	2.07854	-57.66861
13317	1.00000	0.51546	-0.68342	0.62319	0.34481	0.51546	-0.49155	0.67711	1.03084	-68.51546
13337	1.00000	-0.10667	-0.13544	0.24266	0.00060	-0.10667	-0.21797	0.22884	0.03988	-53.17799
13357	1.00000	-0.23560	-0.01778	0.28077	-0.03437	-0.23560	-0.15656	0.32627	5.24468	-56.66310
13377	1.00000	0.01583	0.26588	0.27454	0.15751	0.01583	0.31615	0.26017	4.25373	-48.56945
13397	1.00000	0.42843	-0.46262	0.45816	0.23640	0.42843	-0.28683	0.44602	3.29959	-51.52922
13417	1.00000	0.09158	0.06925	-0.02357	-0.15960	0.09158	0.13284	0.15276	2.21047	-57.66801
13437	1.00000	-0.15018	-0.46906	0.62593	0.15974	-0.15018	-0.62834	0.67841	1.14128	-55.92623
13457	1.00000	-0.39839	0.47540	0.44089	0.25698	-0.39839	0.31894	0.44765	0.16414	-55.54804
13477	1.00000	0.04484	0.14017	0.14541	0.12691	0.04484	0.18774	0.11485	5.38581	-55.78128
13497	1.00000	0.51385	-0.11771	0.43130	0.32221	0.51385	0.16075	0.45392	4.35344	-49.48339
13517	1.00000	-0.09861	-0.44972	0.49935	0.30394	-0.09861	-0.57623	0.52588	3.40544	-51.93179
13537	1.00000	-0.13245	-0.01939	0.15220	0.06440	-0.13245	-0.09887	0.09243	2.32552	-55.98486
13557	1.00000	-0.49026	0.67042	0.62004	0.31149	-0.49026	0.49109	0.65060	1.31922	-49.85422
13577	1.00000	0.43004	0.07570	0.48918	0.24141	0.43004	0.33569	0.57294	0.32981	-49.48324
13597	1.00000	-0.05026	0.16595	-0.01732	-0.16932	-0.05026	0.16261	0.17412	5.54687	-56.07256
13617	1.00000	0.04806	-0.20474	0.18305	-0.11110	0.04806	-0.20867	0.22829	4.61115	-49.60648
13637	1.00000	-0.23721	0.46896	0.46780	0.03249	-0.23721	0.40455	0.45925	3.66775	-45.90420
13657	1.00000	0.40264	-0.08225	0.36342	0.22119	0.40264	0.13749	0.34610	2.62618	-52.25254
13677	1.00000	-0.05026	0.11438	-0.02251	-0.11242	-0.05026	0.10306	0.10608	1.54318	-59.92129
13697	1.00000	-0.67077	-0.01456	0.78281	-0.01983	-0.67077	-0.40408	0.83270	0.68722	-43.71445
13717	1.00000	0.15443	0.47379	0.57728	0.30876	0.15443	0.63625	0.61254	5.97792	-55.34998
13737	1.00000	0.21568	-0.06452	0.15837	0.15470	0.21568	0.05002	0.16310	5.07901	-48.99707
13757	1.00000	-0.35004	0.91379	0.11719	-0.91460	-0.35004	0.85306	0.91342	3.93619	-48.44164
13777	1.00000	0.14637	-0.21602	0.11358	-0.18900	0.14637	-0.16493	0.22517	2.88695	-52.76608
13797	1.00000	-0.34520	0.06280	0.35524	0.09509	-0.34520	-0.12678	0.37009	1.79476	-55.49300
13817	1.00000	-0.46286	0.57855	0.61090	0.04055	-0.46286	0.40083	0.65737	0.77466	-49.60633
13837	1.00000	0.56542	-0.12738	0.51444	0.29527	0.56542	0.17936	0.45425	6.06843	-53.82404
13857	1.00000	0.36235	-0.44972	0.40356	0.25415	0.36235	-0.31010	0.39219	5.01612	-53.55559
13877	1.00000	-0.17758	-0.63507	0.84827	0.10254	-0.17758	-0.83584	0.89308	4.01443	-46.60208
13897	1.00000	-0.24044	0.16918	0.20461	-0.13832	-0.24044	0.05653	0.26703	3.07256	-54.36849
13917	1.00000	0.01421	0.20463	0.24369	0.02430	0.01421	0.24450	0.25260	1.99571	-60.07775
13937	1.00000	0.86843	-0.24504	0.78161	0.43692	0.86843	0.21844	0.78108	0.94033	-53.55529
13957	1.00000	-0.02447	-0.24020	0.25548	0.14242	-0.02447	-0.29149	0.24707	6.24330	-39.33285
13977	1.00000	0.04806	-0.16767	0.15341	-0.07927	0.04806	-0.16586	0.19875	5.15724	-52.76608
13997	1.00000	-0.60791	0.69943	0.68274	0.33445	-0.60791	0.45666	0.66811	4.17243	-47.07883
14017	1.00000	0.77011	-0.15800	0.77280	0.25400	0.77011	0.26218	0.79313	3.23517	-49.60648
14037	1.00000	0.34623	-0.34013	0.38075	0.10992	0.34623	-0.19285	0.35693	2.16291	-52.25254
14057	1.00000	-0.12762	-0.39170	0.39871	0.36598	-0.12762	-0.52598	0.65725	1.09680	-56.07225
14077	1.00000	-0.84161	0.14984	0.86861	0.22737	-0.84161	-0.31289	0.87489	0.08897	-37.11246
14097	1.00000	-0.39516	0.47218	0.49519	0.10702	-0.39516	0.31708	0.50566	5.32291	-52.37998
14117	1.00000	0.43326	0.02412	0.44067	0.26600	0.43326	0.27800	0.59054	4.33810	-49.85452
14137	1.00000	0.30916	-0.38526	0.40554	-0.04525	0.30916	-0.26636	0.44393	3.37016	-49.97947
14157	1.00000	0.25275	-0.14672	-0.05052	-0.24876	0.25275	-0.02349	0.23280	2.31171	-53.42178
14177	1.00000	-0.58373	0.13694	0.59266	0.14662	-0.58373	-0.17889	0.67198	1.23332	-52.06738
14197	1.00000	0.15766	0.41738	0.50303	0.31635	0.15766	0.57297	0.57648	0.26845	-55.85923
14217	1.00000	0.36073	-0.06452	0.32771	0.20155	0.36073	0.13377	0.21753	5.48858	-53.28981
14237	1.00000	0.43326	-0.58511	0.52602	0.30336	0.43326	-0.42548	0.59473	4.46082	-45.33946
14257	1.00000	-0.88674	0.16434	0.85545	0.39779	-0.88674	-0.32219	0.80099	3.50668	-45.67638
14277	1.00000	-0.17436	0.06442	0.12340	-0.12593	-0.17436	-0.02629	0.18011	2.47891	-53.15731
14297	1.00000	0.13026	0.43028	0.52076	0.27007	0.13026	0.57204	0.49803	1.40819	-53.32034
14317	1.00000	0.71370	-0.12416	0.75544	0.10402	0.71370	0.26869	0.79391	0.39423	-52.20353
14337	1.00000	0.02227	-0.22247	0.20257	0.13789	0.02227	-0.24403	0.22861	5.64505	-54.36909
14357	1.00000	-0.00029	-0.18379	0.20060	-0.06975	-0.00029	-0.21239	0.23160	4.60348	-49.85452
14377	1.00000	-0.40806	0.45606	0.48553	-0.12415	-0.40806	0.29102	0.52087	3.65854	-46.72036
14397	1.00000	0.57832	-0.06452	0.61109	0.16817	0.57832	0.25939	0.54107	2.65225	-58.25200
14417	1.00000	-0.04381	0.08859	-0.03141	-0.08283	-0.04381	0.07700	0.10159	1.55852	-55.92623
14437	1.00000	-0.09861	-0.56899	0.71933	0.04464	-0.09861	-0.71395	0.76126	0.58445	-47.44269
14457	1.00000	-0.34359	0.29973	0.33594	0.16438	-0.34359	0.14772	0.24273	5.85367	-55.63677
14477	1.00000	-0.18886	0.14178	0.17333	-0.09277	-0.18886	0.05467	0.21620	4.79062	-70.79932
14497	1.00000	0.74432	-0.13866	0.78982	0.05382	0.74432	0.26962	0.83361	3.83342	-49.08752
14517	1.00000	-0.07604	-0.49163	0.59304	0.16763	-0.07604	-0.61159	0.55573	2.83786	-55.49300
14537	1.00000	-0.39678	0.06442	0.36404	0.22094	-0.39678	-0.15470	0.28585	1.77328	-53.68918
14557	1.00000	-0.46447	0.56566	0.51398	0.31578	-0.46447	0.38501	0.51476	0.73631	-51.66256
14577	1.00000	0.10447	0.34647	0.47172	0.01765	0.10447	0.46038	0.46897	6.00093	-53.82404
14597	1.00000	0.51707	-0.12093	0.52438	0.13269	0.51707	0.15889	0.59141	4.95476	-55.49300
14617	1.00000	-0.27428	-0.68342	0.88997	0.42532	-0.27428	-0.94751	0.92423	3.99909	-48.82711
14637	1.00000	-0.46930	0.52053	0.57216	0.04269	-0.46930	0.33011	0.61650	3.05416	-69.20233
14657	1.00000	0.01583	0.21753	0.25703	0.04400	0.01583	0.26032	0.23452	1.98957	-55.49300
14677	1.00000	0.68791	-0.19346	0.61372	0.35595	0.68791	0.17378	0.79039	0.95107	-45.67668
14697	1.00000	-0.07443	-0.49808	0.62095	0.04492	-0.07443	-0.61810	0.65847	0.00307	-38.45633
14717	1.00000	-0.48058	0.07570	0.50396	0.11434	-0.48058	-0.19006	0.60635	5.23241	-50.48438
14737	1.00000	-0.09216	0.29650	0.29299	0.07905	-0.09216	0.28916	0.26787	4.24606	-48.06220
14757	1.00000	0.33011	-0.24181	0.32814	0.09566	0.33011	-0.08863	0.28038	3.29346	-51.52922
14777	1.00000	0.03678	-0.12416	0.11017	0.06426	0.03678	-0.12213	0.18106	2.21047	-78.06480
14797	1.00000	-0.05831	1.49240	0.52641	-1.60649	-0.05831	1.68961	1.76144	1.13515	-56.07225
14817	1.00000	-0.58535	0.68493	0.73589	0.07846	-0.58535	0.45294	0.78543	0.19635	-53.03656
14837	1.00000	0.00132	0.24170	0.27980	-0.00515	0.00132	0.27986	0.30478	5.43183	-54.92530
14857	1.00000	0.24147	-0.19507	0.23337	0.10585	0.24147	-0.08584	0.22980	4.42400	-52.61691
14877	1.00000	-0.04864	-0.45939	0.55187	-0.09875	-0.04864	-0.55855	0.58455	3.45759	-48.99707
14897	1.00000	-0.23560	0.16112	0.23086	0.06862	-0.23560	0.05002	0.15107	2.42216	-59.45679
14917	1.00000	-0.40645	0.51086	0.52356	0.13129	-0.40645	0.35523	0.55385	1.32689	-53.28981
14937	1.00000	0.46872	0.06925	0.51940	0.26978	0.46872	0.35058	0.49239	0.33594	-48.99693
14957	1.00000	0.18506	-0.19024	0.18925	0.10562	0.18506	-0.11282	0.11813	5.57602	-70.25765
14977	1.00000	0.19634	-0.27082	0.27980	-0.00003	0.19634	-0.19936	0.29835	4.50990	-49.48339
14997	1.00000	-0.59663	0.41577	0.57489	0.20935	-0.59663	0.13563	0.65891	3.57418	-53.17815
15017	1.00000	0.02066	0.34163	0.38656	0.12708	0.02066	0.40641	0.37446	2.54641	-40.90627
15037	1.00000	-0.02608	0.11760	0.11470	-0.04582	-0.02608	0.12074	0.16084	1.43887	-52.25225
15057	1.00000	0.41231	-0.49163	0.44132	0.28961	0.41231	-0.32964	0.44957	0.44946	-51.39626
15077	1.00000	-0.07765	-0.29983	0.34390	0.20166	-0.07765	-0.39105	0.34892	5.67726	-36.33123
15097	1.00000	-0.41128	0.20463	0.41032	0.02781	-0.41128	-0.00116	0.44769	4.73233	-40.26208
15117	1.00000	0.77817	-0.13705	0.73048	0.39567	0.77817	0.29102	0.76085	3.78740	-45.79060
15137	1.00000	0.13670	-0.09837	0.12171	-0.07123	0.13670	-0.03466	0.16074	2.77804	-53.82404
15157	1.00000	-0.06960	-0.34496	0.41995	0.14415	-0.06960	-0.43851	0.39153	1.69198	-56.66404
15177	1.00000	-0.68205	0.13050	0.71990	0.07732	-0.68205	-0.24310	0.76570	0.67802	-53.17799
15197	1.00000	0.05934	0.26749	0.29516	0.18475	0.05934	0.34313	0.31441	5.96412	-56.21935
15217	1.00000	-0.02769	0.11599	0.10555	-0.05946	-0.02769	0.11795	0.14070	4.87959	-52.76608
15237	1.00000	0.62667	-0.86716	0.85970	0.25009	0.62667	-0.63950	0.91695	3.91932	-64.38950
15257	1.00000	-0.23238	-0.03712	0.27481	-0.09902	-0.23238	-0.17703	0.32910	2.96825	-51.66271
15277	1.00000	-0.30168	0.39965	0.34421	0.23463	-0.30168	0.28730	0.27926	1.86532	-56.12141
15297	1.00000	0.18183	0.38192	0.43195	0.38019	0.18183	0.54599	0.47524	0.82988	-57.26862
15317	1.00000	0.47517	-0.05002	0.52050	0.04171	0.47517	0.21658	0.54609	6.09911	-56.66310
15337	1.00000	0.19795	-0.28855	0.28923	0.05877	0.19795	-0.21890	0.32772	5.06214	-53.82284
15357	1.00000	-0.98022	0.23526	0.91494	0.45849	-0.98022	-0.29428	0.90895	4.08806	-61.82308
15377	1.00000	0.12059	0.51247	0.61394	0.27383	0.12059	0.66137	0.59218	3.12625	-31.79244
15397	1.00000	0.33172	-0.06452	0.29070	0.19804	0.33172	0.11702	0.26877	2.05707	-73.78602
15417	1.00000	0.22374	-0.03390	0.24066	-0.01570	0.22374	0.09003	0.26163	0.97868	-56.07225
15437	1.00000	-0.13406	-0.56577	0.70528	0.23329	-0.13406	-0.73069	0.69380	6.27552	-61.18442
15457	1.00000	-0.82549	0.18852	0.78608	0.36125	-0.82549	-0.25892	0.72722	5.21400	-49.48339
15477	1.00000	-0.28879	0.33035	0.35082	-0.08007	-0.28879	0.21472	0.39601	4.22765	-47.07761
15497	1.00000	0.30594	-0.16767	0.30452	0.03381	0.30594	-0.01698	0.25995	3.28885	-52.61691
15517	1.00000	0.17216	-0.15639	0.18925	-0.02034	0.17216	-0.08119	0.21231	2.18592	-56.53508
15537	1.00000	-0.18886	-0.49808	0.66617	0.24477	-0.18886	-0.68417	0.74478	1.13361	-52.47812
15557	1.00000	-0.32747	0.43672	0.35155	0.28807	-0.32747	0.31522	0.29041	0.15800	-54.93594
15577	1.00000	-0.03575	0.01606	0.02002	-0.02969	-0.03575	-0.00209	0.06144	5.37047	-53.82404
15597	1.00000	0.44293	-0.13383	0.34651	0.29384	0.44293	0.10120	0.43517	4.34884	-49.36091
15617	1.00000	-0.20498	-0.62218	0.76313	0.39975	-0.20498	-0.83678	0.80672	3.41157	-48.06157
15637	1.00000	-0.58857	0.09181	0.58488	0.24275	-0.58857	-0.23379	0.44018	2.35926	-57.66861
15657	1.00000	-0.25817	0.37709	0.24836	0.29488	-0.25817	0.28637	0.39784	1.28701	-55.49300
15677	1.00000	0.21407	0.65431	0.82220	0.37757	0.21407	0.87912	0.79405	0.28379	-52.61674
15697	1.00000	0.46066	-0.07419	0.47535	0.13685	0.46066	0.18029	0.57317	5.51313	-53.82404
15717	1.00000	0.33011	-0.45939	0.47009	0.05903	0.33011	-0.33987	0.47836	4.49917	-67.84209
15737	1.00000	-0.64982	0.07570	0.70884	-0.05099	-0.64982	-0.28776	0.74333	3.55270	-47.56543
15757	1.00000	0.06095	0.25460	0.27910	0.18482	0.06095	0.32918	0.24117	2.53260	-56.66436
15777	1.00000	-0.00513	0.13694	0.15309	-0.02574	-0.00513	0.15517	0.17051	1.43581	-54.92499
15797	1.00000	0.25275	-0.08870	0.25635	-0.00716	0.25275	0.04350	0.25323	0.42645	-52.06722
15817	1.00000	-0.07927	-0.31112	0.29804	0.28544	-0.07927	-0.40501	0.40955	5.65579	-60.07775
15837	1.00000	-0.10344	-0.11449	0.21675	0.02343	-0.10344	-0.19192	0.21982	4.60808	-53.28981
15857	1.00000	-0.37743	0.47540	0.49505	-0.08331	-0.37743	0.33104	0.51620	3.66161	-50.10504
15877	1.00000	0.52513	-0.05324	0.56121	0.13849	0.52513	0.24171	0.58702	2.64612	-54.50648
15897	1.00000	0.02550	-0.01456	0.02521	0.00431	0.02550	-0.00209	0.03070	1.56466	-54.92499
15917	1.00000	-0.07927	-0.34819	0.36932	0.26534	-0.07927	-0.44781	0.37559	0.53996	-49.08736
15937	1.00000	-0.61919	0.10471	0.59384	0.29438	-0.61919	-0.23658	0.45663	5.77390	-54.36909
15957	1.00000	-0.50637	0.89123	0.66291	0.59969	-0.50637	0.73675	0.62873	4.73540	-52.76490
15977	1.00000	0.72498	-0.12416	0.67732	0.37743	0.72498	0.27521	0.79623	3.79353	-49.48339
15997	1.00000	0.07868	-0.18701	0.18229	0.04510	0.07868	-0.17052	0.30161	2.79798	-53.82404
16017	1.00000	-0.07443	-0.23537	0.25909	0.19359	-0.07443	-0.31475	0.25633	1.67817	-56.07256
16037	1.00000	-0.69656	0.19658	0.61584	0.36955	-0.69656	-0.17517	0.71255	0.64581	-50.61357
16057	1.00000	-0.20659	0.13855	0.18317	-0.10384	-0.20659	0.04071	0.22609	5.91503	-53.95808
16077	1.00000	0.05934	0.24332	0.31947	0.02861	0.05934	0.31522	0.35377	4.87039	-68.85719
16097	1.00000	0.71854	-0.91551	0.88667	0.37758	0.71854	-0.64229	0.91504	3.90091	-45.22748
16117	1.00000	-0.78036	0.12405	0.78723	0.28906	-0.78036	-0.30730	0.68796	2.93757	-54.23180
16137	1.00000	-0.13890	0.04991	0.13822	-0.02640	-0.13890	-0.02256	0.10858	1.86072	-59.76535
16157	1.00000	-0.09216	0.21108	0.20799	0.03913	-0.09216	0.19053	0.21735	0.80227	-49.73004
16177	1.00000	0.66857	-0.17090	0.60873	0.33460	0.66857	0.18867	0.66941	6.06536	-49.97947
16197	1.00000	0.26242	-0.34496	0.27707	0.23022	0.26242	-0.24682	0.24676	5.00998	-54.36909
16217	1.00000	-0.17436	-0.63024	0.83444	0.14239	-0.17436	-0.82840	0.87841	4.01750	-47.32088
16237	1.00000	-0.17758	0.20302	0.21410	-0.05558	-0.17758	0.13190	0.22894	3.08023	-54.36849
16257	1.00000	0.10769	0.37064	0.46034	0.19979	0.10769	0.49016	0.47717	1.98037	-55.92654
16277	1.00000	0.90711	-0.26760	0.79920	0.47969	0.90711	0.21472	0.75398	0.93880	-51.00176
16297	1.00000	0.13832	-0.30145	0.29221	0.07538	0.13832	-0.26822	0.38999	6.22336	-58.51698
16317	1.00000	0.02872	-0.15961	0.16094	-0.05525	0.02872	-0.16773	0.18796	5.16185	-53.42237
16337	1.00000	-0.60952	0.81225	0.74497	0.39984	-0.60952	0.58600	0.74077	4.17396	-49.36091
16357	1.00000	0.75883	-0.17251	0.72472	0.32803	0.75883	0.23892	0.69482	3.22596	-49.97947
16377	1.00000	0.36235	-0.38848	0.41825	0.11679	0.36235	-0.23938	0.43407	2.16291	-53.28981
16397	1.00000	-0.05187	-0.35302	0.33015	0.29180	-0.05187	-0.43758	0.36944	1.09373	-51.00176
16417	1.00000	-0.86901	0.17885	0.87164	0.28717	-0.86901	-0.29521	0.87333	0.08437	-37.21246
16437	1.00000	-0.30007	0.31101	0.35285	0.00838	-0.30007	0.18587	0.38699	5.33672	-53.28981
16457	1.00000	0.46388	-0.01134	0.43838	0.29639	0.46388	0.25473	0.58689	4.33963	-49.48339
16477	1.00000	0.33495	-0.39493	0.42036	-0.06667	0.33495	-0.26264	0.45578	3.37016	-45.67698
16497	1.00000	0.24791	-0.14672	-0.04645	-0.24494	0.24791	-0.02629	0.23308	2.31171	-57.09563
16517	1.00000	-0.64820	0.10148	0.67615	0.17028	-0.64820	-0.25706	0.62826	1.23485	-55.49269
16537	1.00000	0.05290	0.32713	0.36004	0.19956	0.05290	0.40827	0.38844	0.26078	-35.36548
16557	1.00000	0.37202	-0.09837	0.24648	0.29642	0.37202	0.10120	0.43922	5.46711	-68.00919
16577	1.00000	0.17055	-0.16767	0.16553	0.10364	0.17055	-0.09514	0.16647	4.43320	-51.52922
16597	1.00000	-0.35648	-0.13060	0.48837	0.12538	-0.35648	-0.35662	0.44483	3.48214	-45.33946
16617	1.00000	-0.26139	0.30295	0.25893	0.20205	-0.26139	0.19890	0.23309	2.42676	-55.06613
16637	1.00000	-0.46286	0.61079	0.55779	0.30811	-0.46286	0.43805	0.55161	1.30695	-52.37969
16657	1.00000	0.05128	0.31746	0.39377	-0.06717	0.05128	0.39617	0.43200	0.31600	-49.48324
16677	1.00000	-0.03091	0.13694	0.00695	-0.14347	-0.03091	0.14028	0.15540	5.54227	-56.66436
16697	1.00000	0.02711	-0.28533	0.27010	-0.16202	0.02711	-0.31382	0.32988	4.63416	-42.18459
16717	1.00000	-0.05187	0.35936	0.36522	0.13235	-0.05187	0.38501	0.35000	3.68462	-49.08689
16737	1.00000	0.47517	-0.09353	0.44454	0.23621	0.47517	0.16633	0.42896	2.63078	-53.82344
16757	1.00000	-0.07282	0.13694	-0.05404	-0.12592	-0.07282	0.11609	0.14228	1.56006	-57.26846
16777	1.00000	-0.13245	-0.42555	0.46057	0.35754	-0.13245	-0.56785	0.48296	0.53689	-52.61674
16797	1.00000	-0.56762	0.08698	0.55202	0.26280	-0.56762	-0.22728	0.51556	5.78311	-53.95927
16817	1.00000	-0.47253	0.70749	0.57096	0.43966	-0.47253	0.54413	0.54318	4.73847	-68.34470
16837	1.00000	0.56542	0.12083	0.67443	0.28616	0.56542	0.46596	0.68705	3.77359	-48.51963
16857	1.00000	0.27531	-0.28694	0.32481	0.00030	0.27531	-0.17238	0.36076	2.76730	-53.95927
16877	1.00000	-0.05831	-0.34657	0.41008	0.15318	-0.05831	-0.43386	0.40794	1.69505	-56.51493
16897	1.00000	-0.97861	0.26910	0.89589	0.46873	-0.97861	-0.25426	0.90861	0.65654	-64.70876
16917	1.00000	-0.06315	0.05313	0.05648	-0.03764	-0.06315	0.02489	0.08540	5.94571	-53.95927
16937	1.00000	0.07868	0.35614	0.45979	0.05754	0.07868	0.45666	0.47901	4.86579	-54.92530
16957	1.00000	0.65568	-0.93969	0.89592	0.35548	0.65568	-0.70650	0.91905	3.91319	-49.36032
16977	1.00000	-0.36454	-0.00167	0.41788	-0.05803	-0.36454	-0.21239	0.44814	2.96212	-55.63677
16997	1.00000	-0.25978	0.21108	0.26750	0.06863	-0.25978	0.09375	0.20115	1.86685	-58.25230
17017	1.00000	0.08352	0.29811	0.30832	0.25672	0.08352	0.39245	0.30616	0.82221	-52.61674
17037	1.00000	0.62989	-0.11610	0.63492	0.21521	0.62989	0.22961	0.62823	6.08223	-50.48438
17057	1.00000	0.43487	-0.52225	0.54235	0.13719	0.43487	-0.35197	0.61257	5.04219	-68.68590
17077	1.00000	-0.28557	-0.12254	0.40687	0.09930	-0.28557	-0.30637	0.40581	4.05431	-44.78673
17097	1.00000	-0.05993	0.22075	0.21733	0.06988	-0.05993	0.22030	0.19840	3.09557	-56.36691
17117	1.00000	-0.06960	0.14984	0.13096	-0.07305	-0.06960	0.13283	0.16369	2.00184	-59.45679
17137	1.00000	0.87487	-0.24504	0.80317	0.41175	0.87487	0.22217	0.77430	0.94186	-65.35746
17157	1.00000	-0.07282	-0.30628	0.33807	0.21816	-0.07282	-0.39570	0.37980	6.24637	-39.22108
17177	1.00000	0.10286	-0.13544	0.06277	-0.12669	0.10286	-0.09701	0.14838	5.17258	-52.25254
17197	1.00000	-0.60308	0.70910	0.69204	0.32592	-0.60308	0.47062	0.76381	4.17703	-49.85452
17217	1.00000	0.79106	-0.12738	0.83165	0.17301	0.79106	0.30964	0.85513	3.24130	-53.17752
17237	1.00000	0.36073	-0.47712	0.44837	0.21559	0.36073	-0.34266	0.44246	2.17212	-55.98486
17257	1.00000	-0.18242	-0.37720	0.44453	0.35801	-0.18242	-0.54087	0.44726	1.11060	-56.66436
17277	1.00000	-0.41289	0.01768	0.46208	-0.06688	-0.41289	-0.21797	0.47468	0.11965	-56.17393
17297	1.00000	-0.25656	0.23687	0.28430	-0.02655	-0.25656	0.12539	0.30699	5.33825	-72.50179
17317	1.00000	0.30755	-0.01295	0.30086	0.17463	0.30755	0.16261	0.29284	4.33963	-46.01955
17337	1.00000	-0.07282	-0.47712	0.50927	0.31229	-0.07282	-0.59298	0.51804	3.39470	-53.17815
17357	1.00000	-0.25011	-0.00489	0.26465	0.12255	-0.25011	-0.15005	0.17682	2.33165	-53.15790
17377	1.00000	-0.72234	0.18852	0.69343	0.28398	-0.72234	-0.19936	0.66049	1.23025	-53.28951
17397	1.00000	0.03033	0.26910	0.28877	0.15894	0.03033	0.32825	0.29739	0.25771	-39.22113
17417	1.00000	0.16572	-0.00489	0.14270	0.12328	0.16572	0.09003	0.18199	5.46251	-53.28981
17437	1.00000	0.22696	-0.19668	0.22182	0.10742	0.22696	-0.09608	0.19763	4.43320	-51.39641
17457	1.00000	-0.35326	-0.12577	0.48032	0.12640	-0.35326	-0.34918	0.43169	3.48214	-45.79060
17477	1.00000	-0.32586	0.32068	0.32969	0.17508	-0.32586	0.18215	0.25514	2.43136	-59.61082
17497	1.00000	-0.46930	0.80903	0.62044	0.52449	-0.46930	0.66324	0.57897	1.30695	-52.25225
17517	1.00000	0.03355	0.29650	0.35566	-0.07402	0.03355	0.36174	0.39843	0.32214	-49.97932
17537	1.00000	-0.04381	0.16595	0.00133	-0.17200	-0.04381	0.16633	0.17466	5.54841	-56.66436
17557	1.00000	0.05128	-0.37075	0.35301	0.19183	0.05128	-0.39850	0.53371	4.51604	-50.48558
17577	1.00000	-0.59663	0.40449	0.57973	0.18666	-0.59663	0.12260	0.69515	3.56804	-48.44164
17597	1.00000	0.06901	0.33035	0.37182	0.20971	0.06901	0.42130	0.35178	2.53874	-60.55204
17617	1.00000	0.03033	0.24976	0.30671	0.02043	0.03033	0.30591	0.36692	1.43427	-54.23150
17637	1.00000	0.35912	-0.38848	0.36917	0.22555	0.35912	-0.24124	0.33951	0.44332	-51.52906
17657	1.00000	-0.07282	-0.24826	0.26378	0.20918	-0.07282	-0.32871	0.25375	5.66653	-56.51524
17677	1.00000	-0.27106	0.02412	0.24659	0.17090	-0.27106	-0.12864	0.23102	4.61882	-53.28981
17697	1.00000	-0.56601	0.64947	0.70363	-0.06556	-0.56601	0.42316	0.73545	3.64627	-45.22807
17717	1.00000	0.50740	-0.06452	0.51540	0.19873	0.50740	0.21844	0.58480	2.64305	-54.64518
17737	1.00000	0.00454	0.03540	0.00832	-0.04294	0.00454	0.04350	0.07451	1.56619	-55.92623
17757	1.00000	-0.10022	-0.37075	0.39464	0.30075	-0.10022	-0.48597	0.43442	0.54150	-48.56929
17777	1.00000	-0.54344	0.06925	0.53624	0.24977	-0.54344	-0.23379	0.47119	5.77237	-53.68948
17797	1.00000	-0.58857	0.72522	0.65583	0.40478	-0.58857	0.49760	0.66805	4.73386	-68.68472
17817	1.00000	0.40909	0.21914	0.61512	0.16812	0.40909	0.48923	0.67927	3.76746	-44.78731
17837	1.00000	0.31399	-0.36914	0.39347	0.06135	0.31399	-0.24496	0.44551	2.76117	-53.28981
17857	1.00000	-0.15502	-0.37881	0.47474	0.27617	-0.15502	-0.52691	0.49422	1.69351	-56.07225
17877	1.00000	-0.78198	0.16757	0.80133	0.18928	-0.78198	-0.25799	0.84594	0.67495	-52.61674
17897	1.00000	0.01744	0.15306	0.15669	0.10318	0.01744	0.18681	0.11536	5.95491	-57.26878
17917	1.00000	-0.00029	0.13372	0.15062	-0.03317	-0.00029	0.15424	0.17773	4.87959	-67.51035
17937	1.00000	0.72015	-1.04445	0.94433	0.50137	0.72015	-0.79025	0.93060	3.89785	-45.22748
17957	1.00000	-0.64176	0.07247	0.68561	0.15500	-0.64176	-0.28683	0.75359	2.93757	-50.87196
17977	1.00000	-0.44190	0.48507	0.48151	0.23753	-0.44190	0.30498	0.44836	1.87146	-73.04631
17997	1.00000	0.15766	0.33680	0.38607	0.32570	0.15766	0.47992	0.46271	0.83142	-52.61674
18017	1.00000	0.62989	-0.11449	0.63238	0.22447	0.62989	0.23147	0.49161	6.08070	-49.97827
18037	1.00000	0.43487	-0.58027	0.55971	0.22661	0.43487	-0.41897	0.57653	5.03913	-53.28981
18057	1.00000	-0.61597	0.06603	0.59383	0.32371	-0.61597	-0.27939	0.48781	4.06658	-45.67579
18077	1.00000	0.11253	0.45606	0.51482	0.31231	0.11253	0.59159	0.45805	3.11551	-53.03672
18097	1.00000	-0.11150	0.08859	0.02344	-0.11541	-0.11150	0.03792	0.11449	2.00951	-54.92530
18117	1.00000	0.51546	-0.11610	0.53632	0.06919	0.51546	0.16354	0.57446	0.96181	-36.71773
18137	1.00000	-0.10183	-0.36269	0.41179	0.26244	-0.10183	-0.47759	0.44508	6.25097	-43.70317
18157	1.00000	-0.41289	0.08698	0.34693	0.26292	-0.41289	-0.13795	0.26113	5.19252	-53.68948
18177	1.00000	-0.67721	0.84126	0.85623	0.24954	-0.67721	0.58042	0.89709	4.19390	-45.33946
18197	1.00000	0.62667	-0.06452	0.68858	0.03245	0.62667	0.28730	0.71337	3.25051	-52.06676
18217	1.00000	0.10125	-0.06452	0.09036	-0.04840	0.10125	-0.01605	0.11215	2.19513	-57.09622
18237	1.00000	-0.18242	-0.47712	0.62613	0.26804	-0.18242	-0.65625	0.68075	1.13668	-52.61659
18257	1.00000	-0.47575	0.57855	0.48052	0.38743	-0.47575	0.39338	0.52634	0.15186	-58.83767
18277	1.00000	-0.13245	0.03863	0.07128	-0.11608	-0.13245	-0.03187	0.13430	5.35206	-54.23180
18297	1.00000	0.41553	-0.06452	0.36485	0.25861	0.41553	0.16540	0.36003	4.34270	-49.48339
18317	1.00000	-0.10344	-0.52225	0.57223	0.35004	-0.10344	-0.66277	0.57929	3.40390	-48.56945
18337	1.00000	0.06257	-0.08870	0.03434	-0.08444	0.06257	-0.06630	0.11503	2.31631	-52.76608
18357	1.00000	-0.44190	0.09020	0.45491	0.10534	-0.44190	-0.15098	0.47422	1.24099	-57.42191
18377	1.00000	0.11414	0.43350	0.49985	0.28984	0.11414	0.56646	0.46605	0.26538	-38.99954
18397	1.00000	0.54608	-0.14672	0.39486	0.40439	0.54608	0.14586	0.41888	5.47478	-67.84209
18417	1.00000	0.30432	-0.35463	0.32295	0.20726	0.30432	-0.23379	0.31766	4.44548	-47.32088
18437	1.00000	-0.22271	-0.21925	0.44150	0.01981	-0.22271	-0.38175	0.42641	3.47907	-44.78789
18457	1.00000	-0.31458	0.26266	0.31305	0.12548	-0.31458	0.12167	0.21755	2.42829	-59.45679
18477	1.00000	-0.38872	0.49474	0.50613	0.12338	-0.38872	0.34686	0.54396	1.32843	-53.68948
18497	1.00000	0.58476	-0.11610	0.52786	0.32363	0.58476	0.20356	0.45415	0.35742	-49.23888
18517	1.00000	0.46227	-0.63507	0.56017	0.34268	0.46227	-0.46642	0.49029	5.58829	-52.76608
18537	1.00000	-0.21465	-0.57705	0.75367	0.32013	-0.21465	-0.79025	0.81395	4.56052	-51.52798
18557	1.00000	-0.67077	0.86544	0.85533	0.30475	-0.67077	0.61206	0.87342	3.61559	-48.52021
18577	1.00000	0.43004	-0.06936	0.36623	0.28121	0.43004	0.16819	0.34725	2.61237	-53.15790
18597	1.00000	0.42359	-0.08225	0.43283	0.12023	0.42359	0.14958	0.45403	1.51711	-55.49269
18617	1.00000	0.15443	-0.44328	0.42760	0.14023	0.15443	-0.42269	0.52277	0.52002	-46.60193
18637	1.00000	-0.13890	-0.03874	0.17678	0.06036	-0.13890	-0.12492	0.11488	5.82606	-52.25254
18657	1.00000	-0.45319	0.55438	0.47661	0.34845	-0.45319	0.37849	0.43867	4.72619	-69.37502
18677	1.00000	0.10286	0.47218	0.61064	-0.05658	0.10286	0.60461	0.64822	3.75212	-45.22807
18697	1.00000	0.36235	-0.42716	0.45203	0.08728	0.36235	-0.28404	0.46258	2.75810	-53.68948
18717	1.00000	-0.09538	-0.36914	0.43742	0.22227	-0.09538	-0.48131	0.42562	1.69045	-60.39280
18737	1.00000	-0.94154	0.24332	0.87404	0.43764	-0.94154	-0.26264	0.89345	0.65194	-49.97932
18757	1.00000	-0.05993	0.06280	0.06579	-0.02646	-0.05993	0.03792	0.08350	5.94418	-54.64578
18777	1.00000	0.10125	0.37064	0.49057	0.07870	0.10125	0.48644	0.50890	4.86579	-54.92530
18797	1.00000	-0.07604	-0.40943	0.51792	-0.06694	-0.07604	-0.51667	0.53857	4.03897	-46.13489
18817	1.00000	-0.25494	0.15306	0.19742	-0.16398	-0.25494	0.02955	0.26187	3.07870	-54.36849
18837	1.00000	0.04967	0.23687	0.28878	0.10190	0.04967	0.30219	0.29138	1.98344	-60.07775
18857	1.00000	0.46227	-0.55610	0.59097	0.07235	0.46227	-0.37523	0.63912	1.05691	-45.56362
18877	1.00000	-0.87707	0.17240	0.86992	0.32680	-0.87707	-0.30730	0.86195	0.08590	-54.33718
18897	1.00000	-0.54344	0.58984	0.61215	0.23551	-0.54344	0.36733	0.47150	5.30911	-72.32188
18917	1.00000	0.13026	0.44156	0.59532	0.06948	0.13026	0.58507	0.64573	4.30588	-47.32088
18937	1.00000	0.41392	-0.50775	0.53945	-0.03062	0.41392	-0.34732	0.59588	3.35788	-48.52021
18957	1.00000	0.24791	-0.15800	-0.03398	-0.24870	0.24791	-0.03931	0.23306	2.30404	-57.81291
18977	1.00000	-0.67077	0.16757	0.65747	0.23480	-0.67077	-0.19378	0.66253	1.23332	-50.48528
18997	1.00000	0.07546	0.31423	0.35366	0.21391	0.07546	0.40641	0.42916	0.26078	-35.06244
19017	1.00000	0.44132	-0.12899	0.28549	0.35277	0.44132	0.10585	0.45656	5.46864	-71.61110
19037	1.00000	0.15766	-0.00328	0.17103	-0.05666	0.15766	0.08724	0.19946	4.42247	-52.06738
19057	1.00000	-0.27912	-0.21602	0.49225	0.06467	-0.27912	-0.41059	0.46085	3.47600	-49.97947
19077	1.00000	-0.17919	0.18368	0.17595	0.11379	-0.17919	0.10864	0.31065	2.42522	-56.07256
19097	1.00000	-0.04381	0.53020	0.58359	0.07595	-0.04381	0.58693	0.56285	1.42814	-48.31450
19117	1.00000	0.25114	-0.11610	0.25052	0.02063	0.25114	0.01094	0.23721	0.42645	-51.52906
19137	1.00000	0.01421	-0.21925	0.20057	0.14133	0.01421	-0.24496	0.18648	5.65425	-54.36909
19157	1.00000	-0.10344	-0.12577	0.22705	0.03392	-0.10344	-0.20495	0.23440	4.60654	-64.54888
19177	1.00000	-0.34198	0.48185	0.49356	-0.04653	-0.34198	0.35895	0.50960	3.66161	-50.48558
19197	1.00000	0.63634	-0.09837	0.63666	0.25294	0.63634	0.25380	0.52581	2.64458	-72.86370
19217	1.00000	-0.03414	0.13211	0.00987	-0.13679	-0.03414	0.13284	0.11652	1.54472	-56.07256
19237	1.00000	-0.07604	-0.34819	0.36000	0.27394	-0.07604	-0.44595	0.37271	0.53076	-52.61674
19257	1.00000	-0.31780	-0.00489	0.33716	0.15194	-0.31780	-0.18913	0.20567	5.76930	-53.28981
19277	1.00000	-0.30168	0.37225	0.28291	0.27627	-0.30168	0.25566	0.42222	4.71392	-52.47844
19297	1.00000	0.11898	0.44156	0.59014	-0.02434	0.11898	0.57856	0.61401	3.75058	-49.48339
19317	1.00000	0.51868	-0.58027	0.60606	0.19748	0.51868	-0.37058	0.65637	2.73662	-56.53450
19337	1.00000	-0.04703	-0.21119	0.20124	0.18750	-0.04703	-0.27101	0.38157	1.66284	-60.55204
19357	1.00000	-0.29524	0.30779	0.34100	-0.07123	-0.29524	0.18494	0.38390	0.79460	-50.48544
19377	1.00000	0.52513	-0.13060	0.45748	0.29944	0.52513	0.15238	0.40586	6.05922	-53.28981
19397	1.00000	0.23018	-0.35624	0.35841	-0.04553	0.23018	-0.27846	0.34213	5.10816	-39.23236
19417	1.00000	-0.56762	0.11760	0.59859	-0.02535	-0.56762	-0.19192	0.66085	4.12334	-36.81564
19437	1.00000	0.04322	0.39804	0.48432	-0.04552	0.04322	0.48457	0.48189	3.15847	-48.51963
19457	1.00000	0.02711	0.11438	0.09244	-0.11836	0.02711	0.14772	0.13690	2.09849	-61.35941
19477	1.00000	-0.04703	-0.55610	0.59708	0.30594	-0.04703	-0.66928	0.61298	1.12287	-44.52168
19497	1.00000	-0.49026	0.55438	0.48861	0.35928	-0.49026	0.35709	0.46549	0.15033	-55.54804
19517	1.00000	0.69436	0.59145	1.24930	0.30959	0.69436	1.08383	1.36349	5.36280	-53.02665
19537	1.00000	0.48161	-0.73500	0.59430	0.45210	0.48161	-0.57064	0.70688	4.45928	-49.48339
19557	1.00000	-0.98505	0.20141	0.99335	0.31061	-0.98505	-0.33615	0.92893	3.52049	-46.36731
19577	1.00000	-0.15341	0.02896	0.08229	-0.14070	-0.15341	-0.05513	0.16659	2.48352	-53.28981
19597	1.00000	0.17861	0.46896	0.60974	0.27492	0.17861	0.64463	0.59988	1.41126	-36.33123
19617	1.00000	0.21407	-0.08870	0.21509	0.00220	0.21407	0.02117	0.22000	0.42951	-52.61674
19637	1.00000	-0.04220	-0.22247	0.21071	0.19102	-0.04220	-0.28125	0.43177	5.65425	-56.07256
19657	1.00000	0.02872	-0.16767	0.15765	-0.08548	0.02872	-0.17703	0.20548	4.60961	-49.36091
19677	1.00000	-0.57890	0.66236	0.71921	-0.05655	-0.57890	0.43060	0.75835	3.64627	-45.11721
19697	1.00000	0.53963	-0.08870	0.53933	0.20986	0.53963	0.20914	0.45678	2.63845	-54.09459
19717	1.00000	0.06740	-0.08064	0.06814	0.05325	0.06740	-0.05420	0.02187	1.57386	-55.06583
19737	1.00000	0.00132	-0.48518	0.47296	0.29889	0.00132	-0.55948	0.67858	0.52462	-51.52906
19757	1.00000	-0.17275	-0.01778	0.19500	0.07921	-0.17275	-0.12027	0.12854	5.75856	-52.76608
19777	1.00000	-0.33392	0.38998	0.30529	0.29085	-0.33392	0.25753	0.35541	4.71086	-52.34070
19797	1.00000	0.10286	0.44962	0.58625	-0.03998	0.10286	0.57856	0.62777	3.75058	-59.86283
19817	1.00000	0.56703	-0.68826	0.67656	0.28670	0.56703	-0.46736	0.66901	2.73509	-52.76549
19837	1.00000	-0.08249	-0.22086	0.20836	0.23448	-0.08249	-0.30265	0.20965	1.66130	-56.66436
19857	1.00000	-0.04864	-0.27888	0.34592	-0.07271	-0.04864	-0.35011	0.37555	0.60746	-49.11760
19877	1.00000	-0.49509	0.49958	0.56174	0.11926	-0.49509	0.29102	0.54995	5.88742	-70.74203
19897	1.00000	0.16249	0.37870	0.44016	0.33863	0.16249	0.53110	0.42102	4.83051	-56.07256
19917	1.00000	0.44132	-0.28855	0.43567	0.10526	0.44132	-0.07839	0.42758	3.86563	-53.17815
19937	1.00000	-0.04864	-0.43038	0.52055	0.08391	-0.04864	-0.52505	0.55008	2.85320	-54.92530
19957	1.00000	-0.59341	0.14339	0.56838	0.24566	-0.59341	-0.17703	0.52271	1.78709	-54.92530
19977	1.00000	-0.56439	0.71555	0.73975	0.14692	-0.56439	0.50039	0.80371	0.67649	-49.60633
19997	1.00000	0.64923	-0.11610	0.66401	0.19632	0.64923	0.24078	0.65010	6.07917	-54.78397
20017	1.00000	0.40747	-0.55610	0.55265	0.16160	0.40747	-0.40687	0.61417	5.04833	-48.63855
20037	1.00000	-0.36293	-0.02745	0.40037	0.17201	-0.36293	-0.24124	0.40503	4.06658	-48.99590
20057	1.00000	-0.09861	0.16273	0.16241	-0.02225	-0.09861	0.13097	0.14573	3.09557	-36.81564
20077	1.00000	-0.05187	0.15951	0.15461	-0.05069	-0.05187	0.15424	0.17865	1.99878	-59.15110
20097	1.00000	0.54447	-0.11932	0.56022	0.11724	0.54447	0.17657	0.62042	0.96181	-51.79690
20117	1.00000	-0.10183	-0.32562	0.34954	0.27793	-0.10183	-0.43479	0.38307	6.24790	-61.88972
20137	1.00000	-0.06960	-0.02906	0.09607	0.03241	-0.06960	-0.07374	0.07567	5.17719	-53.15790
20157	1.00000	-0.58535	0.83321	0.73199	0.44310	-0.58535	0.62415	0.71936	4.17396	-45.56392
20177	1.00000	0.79106	-0.17251	0.74318	0.37373	0.79106	0.25753	0.87871	3.21522	-49.48339
20197	1.00000	0.31399	-0.29339	0.34138	0.08273	0.31399	-0.15749	0.34801	2.15524	-53.28981
20217	1.00000	0.11414	-0.11771	0.12870	-0.03697	0.11414	-0.07002	0.15739	1.08146	-49.97947
20237	1.00000	-0.90769	0.19980	0.89039	0.34217	-0.90769	-0.29335	0.85172	0.08130	-37.61808
20257	1.00000	0.31077	1.00405	1.35004	0.25697	0.31077	1.33880	1.41612	5.34286	-54.92530
20277	1.00000	0.38652	-0.49324	0.43923	0.27651	0.38652	-0.34639	0.47873	4.45468	-49.97947
20297	1.00000	-0.95443	0.17885	0.94604	0.36679	-0.95443	-0.34453	0.93224	3.51282	-47.07822
20317	1.00000	-0.14696	-0.05969	-0.00027	-0.21269	-0.14696	-0.15377	0.21838	2.48965	-73.97390
20337	1.00000	0.14637	0.43350	0.55182	0.24333	0.14637	0.58507	0.53932	1.41586	-56.36691
20357	1.00000	0.55092	-0.09192	0.59013	-0.01311	0.55092	0.21193	0.62588	0.40190	-52.06738
20377	1.00000	-0.01480	-0.21925	0.19855	0.17113	-0.01480	-0.26171	0.19467	5.65425	-54.92530
20397	1.00000	-0.01157	-0.17251	0.19817	-0.05695	-0.01157	-0.20588	0.23005	4.60194	-53.28981
20417	1.00000	-0.41450	0.45606	0.48900	-0.12324	-0.41450	0.28730	0.51667	3.66161	-47.07883
20437	1.00000	0.59605	-0.08547	0.59347	0.25148	0.59605	0.24543	0.57172	2.64305	-57.38040
20457	1.00000	0.01099	0.08214	0.04721	-0.09017	0.01099	0.10120	0.11057	1.54012	-56.07256
20477	1.00000	-0.08088	-0.52064	0.52389	0.38967	-0.08088	-0.64788	0.58413	0.53536	-52.75610
20497	1.00000	-0.10828	-0.03874	0.14837	0.03477	-0.10828	-0.10724	0.10563	5.76470	-53.02665
20517	1.00000	-0.27267	0.28039	0.24373	0.20638	-0.27267	0.16633	0.31116	4.70625	-52.06738
20537	1.00000	0.15443	0.62368	0.81862	0.09311	0.15443	0.80933	0.86547	3.73524	-46.60208
20557	1.00000	0.38169	-0.47229	0.48592	0.12309	0.38169	-0.32498	0.48095	2.75656	-57.23825
20577	1.00000	-0.05348	-0.26438	0.25984	0.21985	-0.05348	-0.33615	0.31301	1.66590	-55.49300
20597	1.00000	-0.81743	0.15306	0.85102	0.17612	-0.81743	-0.29521	0.90002	0.67188	-48.56929
20617	1.00000	0.07546	0.24170	0.26681	0.19646	0.07546	0.32266	0.25471	5.96258	-56.66436
20637	1.00000	0.46388	-0.12577	0.33056	0.34772	0.46388	0.12260	0.52025	4.89953	-52.89486
20657	1.00000	0.69436	-0.98482	0.93077	0.39734	0.69436	-0.73628	0.92378	3.90858	-45.11663
20677	1.00000	-0.74813	0.12083	0.77039	0.22732	-0.74813	-0.29242	0.81350	2.93604	-54.50708
20697	1.00000	-0.26461	0.19335	0.27146	0.03588	-0.26461	0.07049	0.21728	1.86992	-55.63646
20717	1.00000	0.13993	0.36903	0.40675	0.33330	0.13993	0.50691	0.39671	0.82835	-52.06722
20737	1.00000	0.56542	-0.08547	0.59831	0.11644	0.56542	0.22775	0.62878	6.09144	-56.36566
20757	1.00000	0.53963	-0.78980	0.69892	0.40397	0.53963	-0.60042	0.69575	5.03299	-48.52021
20777	1.00000	-0.33392	-0.06452	0.40405	0.14032	-0.33392	-0.26729	0.39798	4.05738	-46.13369
20797	1.00000	-0.07765	0.19335	0.19242	0.02895	-0.07765	0.17843	0.16619	3.09711	-52.34070
20817	1.00000	0.09963	0.33357	0.41216	0.18974	0.09963	0.44270	0.37775	1.98037	-60.07775
20837	1.00000	0.97158	-0.27405	0.86613	0.50339	0.97158	0.24450	0.79539	0.93880	-54.36879
20857	1.00000	0.24308	-0.30789	0.32420	0.01657	0.24308	-0.21518	0.35267	6.20649	-57.26862
20877	1.00000	-0.00029	-0.21280	0.24274	-0.03916	-0.00029	-0.24589	0.25029	5.15111	-50.87196
20897	1.00000	-0.57729	0.68009	0.65179	0.33562	-0.57729	0.45201	0.70263	4.16629	-46.95873
20917	1.00000	0.56220	-0.10482	0.49844	0.33026	0.56220	0.20356	0.44612	3.20755	-63.44951
20937	1.00000	-0.02769	0.08053	-0.02172	-0.07889	-0.02769	0.07700	0.11588	2.12763	-55.49239
20957	1.00000	0.33817	-0.48518	0.48803	0.09692	0.33817	-0.36500	0.52012	1.05691	-53.42207
20977	1.00000	-0.46124	0.04346	0.50834	-0.03177	-0.46124	-0.21611	0.52036	0.11505	-56.81409
20997	1.00000	-0.28718	0.29650	0.33687	0.01257	-0.28718	0.17657	0.36977	5.33519	-72.50179
21017	1.00000	0.48645	0.02412	0.48660	0.30844	0.48645	0.30870	0.46146	4.33656	-49.97947
21037	1.00000	0.23502	-0.50936	0.49948	0.10226	0.23502	-0.45247	0.62623	3.37783	-49.97947
21057	1.00000	0.17216	-0.11771	-0.02362	-0.17440	0.17216	-0.03652	0.18890	2.30864	-57.09563
21077	1.00000	-0.54344	0.10793	0.55671	0.14547	-0.54344	-0.18913	0.52424	1.23639	-56.66404
21097	1.00000	0.05934	0.29650	0.32154	0.20486	0.05934	0.37663	0.34462	0.25771	-56.49220
21117	1.00000	0.26887	-0.02101	0.22422	0.19790	0.26887	0.13097	0.21886	5.45790	-52.76608
21137	1.00000	0.27531	-0.28855	0.27234	0.17882	0.27531	-0.17424	0.26421	4.43014	-52.06738
21157	1.00000	-0.48381	-0.05485	0.55273	0.21440	-0.48381	-0.34266	0.48493	3.48827	-48.87698
21177	1.00000	-0.16146	0.19335	0.15531	0.13732	-0.16146	0.13004	0.35764	2.41602	-54.92530
21197	1.00000	-0.36776	0.44317	0.46196	0.10700	-0.36776	0.29940	0.46572	1.33150	-72.32188
21217	1.00000	0.38813	0.09020	0.46071	0.21471	0.38813	0.32825	0.59070	0.33441	-48.99693
21237	1.00000	0.18506	-0.19346	0.18753	0.11253	0.18506	-0.11655	0.11886	5.57449	-55.49177
21257	1.00000	0.22051	-0.31595	0.32394	0.00951	0.22051	-0.23752	0.34939	4.50837	-49.97947
21277	1.00000	-0.48220	0.24170	0.47717	0.06921	-0.48220	0.00070	0.67223	3.57264	-49.08752
21297	1.00000	0.08674	0.32551	0.37758	0.21536	0.08674	0.42595	0.38445	2.54181	-56.51524
21317	1.00000	-0.00029	0.22075	0.25441	-0.01282	-0.00029	0.25473	0.27419	1.43581	-54.92499
21337	1.00000	0.30594	-0.33046	0.31447	0.19158	0.30594	-0.20495	0.28317	0.44332	-51.93163
21357	1.00000	-0.07604	-0.16767	0.17445	0.17821	-0.07604	-0.23752	0.17710	5.66346	-60.39312
21377	1.00000	-0.22110	-0.02745	0.23095	0.14468	-0.22110	-0.15935	0.23089	4.61421	-68.51546
21397	1.00000	-0.55311	0.63496	0.68660	-0.07542	-0.55311	0.41385	0.72297	3.64781	-45.22807
21417	1.00000	0.56542	-0.06452	0.59044	0.18573	0.56542	0.25194	0.61488	2.64765	-54.36849
21437	1.00000	0.15443	-0.16928	0.15589	0.10415	0.15443	-0.10631	0.10428	1.57386	-55.49269
21457	1.00000	0.03678	-0.46584	0.45161	0.25365	0.03678	-0.51667	0.66428	0.52309	-51.52906
21477	1.00000	-0.77392	0.16595	0.74324	0.33408	-0.77392	-0.25520	0.71267	5.78157	-53.55559
21497	1.00000	-0.49670	0.60112	0.56237	0.31032	-0.49670	0.40734	0.60232	4.73693	-52.89486
21517	1.00000	0.74594	-0.10643	0.71573	0.37249	0.74594	0.30777	0.71045	3.78586	-46.25081
21537	1.00000	0.14476	-0.10482	0.12941	-0.07490	0.14476	-0.03745	0.16363	2.77957	-53.82404
21557	1.00000	-0.07927	-0.34657	0.42562	0.15496	-0.07927	-0.44595	0.46026	1.69198	-57.26846
21577	1.00000	-0.57729	0.09020	0.62065	0.02345	-0.57729	-0.22914	0.67820	0.68722	-52.89588
21597	1.00000	0.07546	0.26105	0.28028	0.21482	0.07546	0.34500	0.26570	5.96105	-56.66436
21617	1.00000	0.31722	-0.05002	0.22651	0.25501	0.31722	0.12539	0.48779	4.89340	-72.32069
21637	1.00000	0.66857	-0.89456	0.87677	0.31102	0.66857	-0.64695	0.93127	3.91012	-45.22748
21657	1.00000	-0.46447	0.00478	0.53353	-0.00371	-0.46447	-0.26264	0.57688	2.95752	-53.17815
21677	1.00000	-0.31458	0.35775	0.37976	0.09110	-0.31458	0.23147	0.39784	1.88526	-53.15761
21697	1.00000	0.12220	0.46090	0.60329	0.11936	0.12220	0.60275	0.66880	0.86670	-50.87181
21717	1.00000	0.55092	-0.77690	0.67772	0.42356	0.55092	-0.57902	0.70395	6.16047	-57.42191
21737	1.00000	-0.09538	-0.26921	0.26276	0.27193	-0.09538	-0.36593	0.51958	5.09435	-55.34998
21757	1.00000	-0.98022	0.23687	0.94916	0.38120	-0.98022	-0.29242	0.91405	4.09573	-50.48558
21777	1.00000	0.02872	0.46735	0.55634	-0.02601	0.02872	0.55623	0.59043	3.15693	-51.52860
21797	1.00000	0.33495	-0.04035	0.34065	0.13300	0.33495	0.14679	0.36259	2.07087	-72.32188
21817	1.00000	0.34462	-0.47712	0.39481	0.29451	0.34462	-0.35197	0.44675	1.01396	-50.61342
21837	1.00000	-0.00029	-0.33046	0.37290	-0.08167	-0.00029	-0.38175	0.41102	0.01841	-52.61674
21857	1.00000	-0.30974	0.02251	0.34538	0.00219	-0.30974	-0.15284	0.38372	5.23854	-56.07132
21877	1.00000	0.06257	0.31262	0.32941	0.23034	0.06257	0.39710	0.35354	4.25680	-53.32034
21897	1.00000	0.38652	-0.37397	0.40488	0.17035	0.38652	-0.20867	0.35760	3.30419	-47.44284
21917	1.00000	0.07385	0.04024	-0.00478	-0.11562	0.07385	0.08910	0.10947	2.20740	-53.28981
21937	1.00000	-0.14373	-0.43200	0.56790	0.19133	-0.14373	-0.58181	0.64499	1.14282	-56.07225
21957	1.00000	-0.33553	0.31262	0.35230	0.12814	-0.33553	0.16726	0.34181	0.15493	-38.03261
21977	1.00000	-0.00835	0.06925	0.06945	0.02987	-0.00835	0.07514	0.03622	5.37660	-40.05183
21997	1.00000	0.49451	-0.11610	0.41243	0.31199	0.49451	0.15145	0.45007	4.34730	-49.48339
22017	1.00000	-0.02930	-0.60928	0.61362	0.37867	-0.02930	-0.72046	0.57034	3.38550	-51.52922
22037	1.00000	0.11898	-0.10482	0.00261	-0.12995	0.11898	-0.05234	0.16267	2.31324	-57.09622
22057	1.00000	-0.44190	0.08053	0.46625	0.06457	-0.44190	-0.16214	0.48301	1.23946	-57.26878
22077	1.00000	-0.00996	0.24493	0.24638	0.12711	-0.00996	0.27707	0.22029	0.24850	-56.81409
22097	1.00000	0.17216	-0.00167	0.15194	0.12669	0.17216	0.09748	0.17321	5.46251	-52.76608
22117	1.00000	0.21568	-0.19507	0.21032	0.11149	0.21568	-0.10073	0.19183	4.43320	-51.93179
22137	1.00000	-0.30813	-0.14672	0.45423	0.09618	-0.30813	-0.34732	0.41683	3.48214	-48.99707
22157	1.00000	0.08029	-0.22731	-0.02469	-0.22921	0.08029	-0.21611	0.23255	2.40528	-58.84853
22177	1.00000	-0.46124	0.55921	0.56745	0.18620	-0.46124	0.37942	0.59648	1.32383	-53.82374
22197	1.00000	0.51546	0.01445	0.51780	0.31034	0.51546	0.31429	0.47928	0.33901	-49.36076
22217	1.00000	-0.08088	0.19335	-0.05726	-0.18557	-0.08088	0.17657	0.20203	5.55301	-40.47454
22237	1.00000	0.00293	-0.42232	0.40031	0.27555	0.00293	-0.48597	0.45335	4.52524	-51.52922
22257	1.00000	-0.64015	0.55438	0.63334	0.28612	-0.64015	0.27055	0.69618	3.57571	-47.19954
22277	1.00000	-0.00996	0.08859	0.08806	0.04081	-0.00996	0.09654	0.04319	2.51419	-55.49300
22297	1.00000	0.15121	0.42061	0.55083	0.21846	0.15121	0.57297	0.53447	1.42047	-56.51524
22317	1.00000	0.31399	-0.27082	0.31070	0.13906	0.31399	-0.13143	0.29189	0.43105	-51.26413
22337	1.00000	-0.05831	-0.27082	0.26002	0.23615	-0.05831	-0.34639	0.37561	5.65579	-55.78128
22357	1.00000	-0.06154	-0.36591	0.46209	-0.00779	-0.06154	-0.45805	0.47028	4.58660	-53.28981
22377	1.00000	-0.45641	0.51409	0.55276	-0.10807	-0.45641	0.33011	0.59411	3.65241	-47.07883
22397	1.00000	0.70403	-0.10482	0.70279	0.28835	0.70403	0.28544	0.58210	2.64305	-54.36849
22417	1.00000	-0.00029	0.03057	0.00277	-0.03502	-0.00029	0.03513	0.06977	1.56619	-55.06583
22437	1.00000	0.11414	-0.48035	0.45457	0.21277	0.11414	-0.48876	0.48172	0.52155	-49.48324
22457	1.00000	-0.08732	-0.05646	0.14351	0.01987	-0.08732	-0.11562	0.09178	5.75396	-52.76608
22477	1.00000	-0.76264	0.56888	0.78274	-0.12555	-0.76264	0.21658	0.82613	4.77835	-30.52707
22497	1.00000	-0.18403	-0.68826	0.88761	0.24022	-0.18403	-0.90098	0.92478	4.00983	-44.99690
22517	1.00000	-0.25333	0.19496	0.22976	-0.13265	-0.25333	0.07886	0.28921	3.07410	-53.95868
22537	1.00000	0.13348	0.37225	0.46385	0.24409	0.13348	0.50691	0.44772	1.97884	-60.07775
22557	1.00000	0.84909	-0.26599	0.71126	0.49844	0.84909	0.18308	0.77598	0.93419	-69.37592
22577	1.00000	0.20440	-0.23537	0.25415	-0.02882	0.20440	-0.15377	0.27649	6.21416	-58.51698
22597	1.00000	0.01583	-0.17412	0.18765	-0.04325	0.01583	-0.19192	0.22410	5.15878	-54.36909
22617	1.00000	-0.46447	0.45284	0.47351	0.23740	-0.46447	0.25473	0.44663	4.15862	-51.00206
22637	1.00000	0.36073	-0.01456	0.36252	0.18798	0.36073	0.19146	0.34446	3.19835	-49.48339
22657	1.00000	-0.10344	0.18691	-0.07420	-0.17193	-0.10344	0.15610	0.20323	2.11843	-56.66373
22677	1.00000	0.59121	-0.89939	0.78229	0.47287	0.59121	-0.69720	0.80579	1.02930	-48.52021
22697	1.00000	-0.20337	-0.05324	0.25629	0.08757	-0.20337	-0.17889	0.20901	0.05216	-52.61674
22717	1.00000	0.00132	-0.12577	0.03381	-0.14045	0.00132	-0.14446	0.16134	5.26462	-55.49300
22737	1.00000	0.08996	0.39482	0.42199	0.29646	0.08996	0.50784	0.42366	4.25833	-53.32034
22757	1.00000	0.31238	-0.21119	0.30971	0.07540	0.31238	-0.06351	0.27760	3.28425	-50.48558
22777	1.00000	0.08029	0.06603	-0.02485	-0.14442	0.08029	0.12260	0.15231	2.21047	-58.84792
