0	0.00000	-0.01077	-0.01035	0.01592	-0.01387	-0.01077	-0.01817	0.03406	5.93037	-0.05183
8377	0.00000	0.00374	0.01060	-0.00742	0.01289	0.00374	0.01440	0.22971	5.93344	0.00000
8397	0.00000	-0.00271	-0.00713	0.00335	-0.00959	-0.00271	-0.00979	0.02222	5.95491	0.00000
8417	0.00000	-0.01077	-0.00390	0.00589	-0.01401	-0.01077	-0.01072	0.09126	5.99633	3.93330
8437	0.00000	-0.00432	-0.01519	-0.01347	-0.01544	-0.00432	-0.02003	0.02908	6.04695	0.00000
8457	0.00000	0.00374	0.01221	0.01411	0.00891	0.00374	0.01626	0.01194	6.06996	0.00000
8477	0.00000	-0.03817	-0.02002	-0.02646	-0.05287	-0.03817	-0.04515	0.05927	6.06383	0.00000
8497	0.00000	-0.00754	0.08152	0.09008	0.00004	-0.00754	0.08977	0.01787	6.06536	0.00000
8517	0.00000	0.01502	0.02511	0.02870	0.02864	0.01502	0.03766	0.02787	6.06383	0.00000
8537	0.00000	0.00535	-0.01196	-0.01196	0.00069	0.00535	-0.01072	0.04240	6.06383	0.00000
8557	0.00000	0.08110	-0.01519	-0.00212	0.08619	0.08110	0.02929	0.02333	6.06689	0.00000
8577	0.00000	0.00213	0.01060	0.01142	0.00745	0.00213	0.01347	0.02043	6.06229	0.00000
8597	0.00000	0.01180	-0.00229	-0.00061	0.01249	0.01180	0.00416	0.05242	6.06536	0.00000
8617	0.00000	0.01018	0.00577	0.00751	0.01430	0.01018	0.01254	0.01586	6.09144	0.00000
8637	0.00000	-0.02689	0.00254	-0.00097	-0.02967	-0.02689	-0.01259	0.03919	6.06383	0.00000
8657	0.00000	0.07143	0.00416	0.01417	0.08378	0.07143	0.04604	0.03463	6.06383	0.00000
8677	0.00000	-0.01399	-0.01196	-0.01461	-0.02148	-0.01399	-0.02189	0.01489	6.06383	0.00000
8697	0.00000	-0.00916	-0.01035	-0.01224	-0.01521	-0.00916	-0.01724	0.06719	6.06383	0.00000
8717	0.00000	0.00374	-0.00229	-0.00203	0.00318	0.00374	-0.00049	0.01709	6.06076	0.00000
8737	0.00000	-0.00110	0.01221	0.01266	0.00473	-0.00110	0.01347	0.05740	6.06076	0.00000
8757	0.00000	-0.01399	0.12020	0.12564	0.03864	-0.01399	0.13072	0.01735	6.06383	0.00000
8777	0.00000	0.01018	0.02511	0.02724	0.02403	0.01018	0.03487	0.07453	6.06076	0.00000
8797	0.00000	0.00535	-0.01196	-0.01198	0.00029	0.00535	-0.01072	0.02913	6.06076	0.00000
8817	0.00000	0.01180	0.03478	0.03852	0.02934	0.01180	0.04697	0.00072	6.06383	0.00000
8837	0.00000	-0.00110	-0.01035	-0.01093	-0.00634	-0.00110	-0.01259	0.01441	6.06229	0.00000
8857	0.00000	0.01180	-0.01196	-0.01122	0.00790	0.01180	-0.00700	0.00981	6.06229	0.00000
8877	0.00000	-0.02205	-0.00874	-0.01179	-0.02946	-0.02205	-0.02282	0.01319	6.06229	0.00000
8897	0.00000	0.00535	-0.14735	-0.15460	-0.06350	0.00535	-0.16705	0.01929	6.06229	0.00000
8917	0.00000	0.01824	-0.01196	-0.01072	0.01512	0.01824	-0.00328	0.10860	6.06076	0.00000
8937	0.00000	0.01018	0.01221	0.01377	0.01771	0.01018	0.01998	0.02153	6.06076	0.00000
8957	0.00000	0.01180	0.00577	0.00746	0.01628	0.01180	0.01347	0.02567	6.06229	0.00000
8977	0.00000	0.02308	0.00577	0.00829	0.02938	0.02308	0.01998	0.03923	6.06076	0.00000
8997	0.00000	0.00051	-0.01357	-0.01414	-0.00606	0.00051	-0.01538	0.06159	6.06076	0.00000
9017	0.00000	0.00535	-0.00713	-0.00688	0.00278	0.00535	-0.00514	0.01198	6.06229	0.00000
9037	0.00000	-0.00271	-0.01357	-0.01462	-0.00953	-0.00271	-0.01724	0.03143	6.06383	0.00000
9057	0.00000	0.01824	-0.01357	-0.01191	0.01474	0.01824	-0.00514	0.03014	6.06383	0.00000
9077	0.00000	-0.00916	-0.00068	-0.00179	-0.01084	-0.00916	-0.00607	0.01400	6.06229	0.00000
9097	0.00000	-0.00593	-0.01035	-0.01179	-0.01151	-0.00593	-0.01538	0.02884	6.06383	0.00000
9117	0.00000	0.00051	-0.01196	-0.01245	-0.00527	0.00051	-0.01352	0.02149	6.06076	0.00000
9137	0.00000	0.04242	-0.00390	0.00087	0.04688	0.04242	0.01998	0.03871	6.06229	0.00000
9157	0.00000	-0.00432	-0.00874	-0.00971	-0.00909	-0.00432	-0.01259	0.00179	6.06229	0.00000
9177	0.00000	0.03275	0.01060	0.01644	0.04210	0.03275	0.03115	0.02534	6.06536	0.00000
9197	0.00000	0.00051	0.01544	0.01632	0.00789	0.00051	0.01812	0.01198	6.06076	0.00000
9217	0.00000	0.02469	-0.01196	-0.00970	0.02271	0.02469	0.00044	0.05235	6.06229	0.00000
9237	0.00000	-0.02044	-0.01196	-0.01451	-0.02938	-0.02044	-0.02561	0.01012	6.06076	0.00000
9257	0.00000	0.00535	0.01705	0.01835	0.01451	0.00535	0.02277	0.01183	6.06076	0.00000
9277	0.00000	0.00051	-0.00068	-0.00066	0.00026	0.00051	-0.00049	0.03473	6.06229	0.00000
9297	0.00000	0.02953	0.01060	0.01529	0.03867	0.02953	0.02929	0.10096	6.06383	0.00000
9317	0.00000	-0.01560	-0.00068	-0.00193	-0.01832	-0.01560	-0.00979	0.05745	6.05922	0.00000
9337	0.00000	0.00051	0.00254	0.00274	0.00179	0.00051	0.00323	0.02520	6.06229	0.00000
9357	0.00000	-0.03011	0.01221	0.00982	-0.02865	-0.03011	-0.00328	0.04504	6.06076	-3.76901
9377	0.00000	-0.00754	-0.01196	-0.01324	-0.01455	-0.00754	-0.01817	0.01418	6.06076	0.00000
9397	0.00000	0.01663	-0.00068	0.00092	0.01880	0.01663	0.00882	0.21867	6.06076	0.00000
9417	0.00000	0.00051	0.03478	0.03670	0.01703	0.00051	0.04045	0.02204	6.06229	0.00000
9437	0.00000	-0.00916	0.01383	0.01355	-0.00375	-0.00916	0.01068	0.04005	6.06076	3.80641
9457	0.00000	0.02147	0.00577	0.00813	0.02752	0.02147	0.01905	0.01128	6.06076	0.00000
9477	0.00000	0.07143	-0.00229	0.00597	0.08096	0.07143	0.03859	0.03269	6.06229	0.00000
9497	0.00000	-0.01077	-0.01196	-0.01417	-0.01779	-0.01077	-0.02003	0.02874	6.06383	0.00000
9517	0.00000	0.00535	0.00577	0.00640	0.00909	0.00535	0.00975	0.08130	6.05922	0.00000
9537	0.00000	0.01663	0.01060	0.01271	0.02433	0.01663	0.02184	0.20130	6.06076	0.00000
9557	0.00000	-0.00432	-0.01196	-0.01293	-0.01084	-0.00432	-0.01631	0.02890	6.06076	0.00000
9577	0.00000	0.01180	-0.11834	-0.12255	-0.04445	0.01180	-0.12983	0.02153	6.06076	0.00000
9597	0.00000	0.00696	-0.00713	-0.00677	0.00451	0.00696	-0.00421	0.13100	6.05922	0.00000
9617	0.00000	-0.02044	0.00738	0.00605	-0.01980	-0.02044	-0.00328	0.03469	6.06076	0.00000
9637	0.00000	-0.01399	-0.01196	-0.01350	-0.02219	-0.01399	-0.02189	0.01626	6.06076	0.00000
9657	0.00000	-0.02044	0.11536	0.11963	0.02905	-0.02044	0.12141	0.01198	6.06229	0.00000
9677	0.00000	-0.00110	-0.01196	-0.01249	-0.00734	-0.00110	-0.01445	0.07979	6.05922	0.00000
9697	0.00000	0.00051	-0.01196	-0.01236	-0.00548	0.00051	-0.01352	0.07567	6.05922	0.00000
9717	0.00000	-0.00754	-0.00229	-0.00330	-0.00975	-0.00754	-0.00700	0.01686	6.06229	0.00000
9737	0.00000	0.01180	-0.02002	-0.01971	0.00409	0.01180	-0.01631	0.01293	6.06229	0.00000
9757	0.00000	0.00696	-0.01196	-0.01178	0.00234	0.00696	-0.00979	0.01329	6.06076	3.75057
9777	0.00000	0.00857	-0.06354	-0.06593	-0.02018	0.00857	-0.06842	0.03177	6.06076	0.00000
9797	0.00000	0.00051	0.01383	0.01450	0.00737	0.00051	0.01626	0.09649	6.06076	0.00000
9817	0.00000	0.02953	0.00577	0.01015	0.03647	0.02953	0.02371	0.01723	6.06383	0.00000
9837	0.00000	0.00051	-0.02002	-0.02055	-0.00992	0.00051	-0.02282	0.06421	6.05769	0.00000
9857	0.00000	0.00857	-0.17475	-0.18543	-0.06653	0.00857	-0.19683	0.06241	6.06536	0.00000
9877	0.00000	0.01824	0.02027	0.02298	0.03093	0.01824	0.03394	0.00689	6.06076	0.00000
9897	0.00000	0.00051	-0.01357	-0.01403	-0.00630	0.00051	-0.01538	0.05135	6.06076	-3.76901
9917	0.00000	0.01180	-0.02647	-0.02650	0.00104	0.01180	-0.02375	0.01075	6.06229	0.00000
9937	0.00000	-0.01721	-0.01357	-0.01632	-0.02619	-0.01721	-0.02561	0.01236	6.06229	0.00000
9957	0.00000	-0.00110	0.00577	0.00595	0.00146	-0.00110	0.00603	0.11012	6.06229	0.00000
9977	0.00000	-0.01077	0.01060	0.00990	-0.00736	-0.01077	0.00603	0.01487	6.06229	0.00000
9997	0.00000	0.00051	-0.18119	-0.19221	-0.08183	0.00051	-0.20893	0.01371	6.06229	0.00000
10017	0.00000	-0.02044	-0.00713	-0.00854	-0.02731	-0.02044	-0.02003	0.02731	6.05769	0.00000
10037	0.00000	0.01663	-0.03936	-0.03952	-0.00017	0.01663	-0.03585	0.01746	6.06076	0.00000
10057	0.00000	-0.00916	-0.00713	-0.00835	-0.01403	-0.00916	-0.01352	0.06843	6.06076	0.00000
10077	0.00000	0.00535	-0.09255	-0.09687	-0.03760	0.00535	-0.10378	0.01445	6.06229	0.00000
10097	0.00000	0.01663	-0.00552	-0.00414	0.01643	0.01663	0.00323	0.07310	6.05922	0.00000
10117	0.00000	0.00535	0.02027	0.02172	0.01609	0.00535	0.02650	0.06250	6.06076	0.00000
10137	0.00000	0.00535	-0.02002	-0.02046	-0.00332	0.00535	-0.02003	0.02592	6.06383	0.00000
10157	0.00000	-0.01560	0.01221	0.01124	-0.01196	-0.01560	0.00509	0.03560	6.06076	0.00000
10177	0.00000	0.00857	0.01544	0.01698	0.01743	0.00857	0.02277	0.02082	6.06076	0.00000
10197	0.00000	0.00051	-0.14251	-0.15007	-0.06677	0.00051	-0.16426	0.01968	6.06229	0.00000
10217	0.00000	0.00535	0.01866	0.01977	0.01564	0.00535	0.02464	0.01850	6.05922	0.00000
10237	0.00000	-0.02689	-0.01196	-0.01759	-0.03569	-0.02689	-0.02933	0.02681	6.06536	0.00000
10257	0.00000	0.01663	0.00577	0.00728	0.02209	0.01663	0.01626	0.04328	6.06076	0.00000
10277	0.00000	0.00051	-0.01357	-0.01403	-0.00630	0.00051	-0.01538	0.00072	6.05922	0.00000
10297	0.00000	0.02791	0.01221	0.01678	0.03756	0.02791	0.03022	0.04109	6.06383	0.00000
10317	0.00000	-0.00754	-0.00229	-0.00314	-0.00980	-0.00754	-0.00700	0.02204	6.06229	0.00000
10337	0.00000	0.01180	-0.16669	-0.17421	-0.06524	0.01180	-0.18566	0.01197	6.06229	0.00000
10357	0.00000	0.02147	-0.00713	-0.00535	0.02120	0.02147	0.00416	0.03009	6.06076	0.00000
10377	0.00000	-0.02205	-0.01196	-0.01413	-0.03148	-0.02205	-0.02654	0.01457	6.05922	0.00000
10397	0.00000	-0.01560	-0.00068	-0.00528	-0.01765	-0.01560	-0.00979	0.02908	6.07456	0.00000
10417	0.00000	-0.02366	-0.00229	-0.00423	-0.02842	-0.02366	-0.01631	0.01185	6.05922	0.00000
10437	0.00000	0.01018	0.01544	0.01714	0.01929	0.01018	0.02371	0.01185	6.06076	0.00000
10457	0.00000	-0.00271	0.00577	0.00576	-0.00029	-0.00271	0.00509	0.03914	6.06076	0.00000
10477	0.00000	0.00857	-0.02002	-0.02007	0.00072	0.00857	-0.01817	0.08066	6.06229	0.00000
10497	0.00000	0.01502	-0.01357	-0.01254	0.01084	0.01502	-0.00700	0.03499	6.06229	0.00000
10517	0.00000	0.00857	0.00577	0.00708	0.01257	0.00857	0.01161	0.05927	6.06229	0.00000
10537	0.00000	0.00051	-0.00874	-0.00908	-0.00369	0.00051	-0.00979	0.02445	6.06076	0.00000
10557	0.00000	-0.15099	0.00899	-0.00825	-0.16918	-0.15099	-0.07679	0.10348	6.06229	0.00000
10577	0.00000	-0.01077	0.01383	0.01330	-0.00583	-0.01077	0.00975	0.06314	6.06229	0.00000
10597	0.00000	0.00696	0.01544	0.01708	0.01529	0.00696	0.02184	0.02031	6.06076	0.00000
10617	0.00000	0.00535	-0.01357	-0.01367	-0.00027	0.00535	-0.01259	0.00867	6.06229	0.00000
10637	0.00000	0.00535	0.01544	0.01689	0.01344	0.00535	0.02091	0.04378	6.06229	0.00000
10657	0.00000	0.01180	0.00899	0.01086	0.01780	0.01180	0.01719	0.01306	6.06229	3.76901
10677	0.00000	0.00051	0.01705	0.01802	0.00865	0.00051	0.01998	0.00723	6.06229	0.00000
10697	0.00000	0.02469	-0.01196	-0.01008	0.02254	0.02469	0.00044	0.01515	6.06076	0.00000
10717	0.00000	0.06176	-0.00229	0.00601	0.06976	0.06176	0.03301	0.04352	6.06383	0.00000
10737	0.00000	0.00535	-0.01035	-0.01030	0.00108	0.00535	-0.00886	0.01197	6.06076	0.00000
10757	0.00000	0.01985	-0.00713	-0.00485	0.01952	0.01985	0.00323	0.01836	6.06229	0.00000
10777	0.00000	-0.00432	-0.01519	-0.01650	-0.01214	-0.00432	-0.02003	0.17185	6.06229	0.00000
10797	0.00000	-0.01560	-0.00229	-0.00425	-0.01901	-0.01560	-0.01165	0.02079	6.06383	0.00000
10817	0.00000	-0.00110	-0.00390	-0.00429	-0.00303	-0.00110	-0.00514	0.01424	6.06383	0.00000
10837	0.00000	0.00051	-0.02163	-0.02289	-0.00925	0.00051	-0.02468	0.01117	6.06383	-72.09329
10857	0.00000	0.01502	-0.01680	-0.01577	0.00958	0.01502	-0.01072	0.02556	6.06383	0.00000
10877	0.00000	0.00213	-0.06354	-0.06714	-0.02647	0.00213	-0.07214	0.01407	6.06383	0.00000
10897	0.00000	0.01824	-0.00874	-0.00706	0.01682	0.01824	0.00044	0.13178	6.06229	0.00000
10917	0.00000	-0.00110	-0.01035	-0.01093	-0.00634	-0.00110	-0.01259	0.01236	6.06076	0.00000
10937	0.00000	0.00857	0.01221	0.01387	0.01562	0.00857	0.01905	0.01101	6.06229	0.00000
10957	0.00000	-0.00271	0.00416	0.00406	-0.00115	-0.00271	0.00323	0.04109	6.06229	3.77829
10977	0.00000	0.00857	-0.00874	-0.00810	0.00585	0.00857	-0.00514	0.08143	6.06383	0.00000
10997	0.00000	0.03597	-0.01519	-0.01177	0.03414	0.03597	0.00323	0.03278	6.06229	0.00000
11017	0.00000	0.01824	0.02350	0.02689	0.03206	0.01824	0.03766	0.08076	6.06229	0.00000
11037	0.00000	0.00213	-0.01357	-0.01405	-0.00397	0.00213	-0.01445	0.02774	6.06229	0.00000
11057	0.00000	0.00374	0.01705	0.01840	0.01235	0.00374	0.02184	0.11809	6.06229	0.00000
11077	0.00000	0.00213	0.01060	0.01142	0.00745	0.00213	0.01347	0.00505	6.06076	0.00000
11097	0.00000	0.00535	-0.01519	-0.01538	-0.00078	0.00535	-0.01445	0.00338	6.06383	0.00000
11117	0.00000	0.00857	0.01866	0.02066	0.01867	0.00857	0.02650	0.04283	6.06076	0.00000
11137	0.00000	-0.01399	0.01544	0.01462	-0.00877	-0.01399	0.00975	0.04956	6.06229	0.00000
11157	0.00000	0.01824	-0.00229	-0.00061	0.01986	0.01824	0.00789	0.09971	6.06076	0.00000
11177	0.00000	-0.00432	0.01705	0.01745	0.00309	-0.00432	0.01719	0.12388	6.06229	0.00000
11197	0.00000	0.01180	-0.00713	-0.00629	0.01008	0.01180	-0.00142	0.11627	6.06076	0.00000
11217	0.00000	-0.01238	-0.00068	-0.00217	-0.01454	-0.01238	-0.00793	0.02670	6.06229	0.00000
11237	0.00000	-0.02044	0.00577	0.00368	-0.02075	-0.02044	-0.00514	0.02031	6.06229	0.00000
11257	0.00000	0.02308	-0.01196	-0.00989	0.02085	0.02308	-0.00049	0.05703	6.06229	0.00000
11277	0.00000	0.01180	0.01383	0.01595	0.02008	0.01180	0.02277	0.05573	6.06229	0.00000
11297	0.00000	-0.03978	-0.03130	-0.03865	-0.05985	-0.03978	-0.05911	0.06151	6.06383	0.00000
11317	0.00000	-0.13165	-0.02163	-0.04636	-0.15930	-0.13165	-0.10099	0.01640	6.06689	-3.98438
11337	0.00000	0.00535	-0.01196	-0.01197	0.00049	0.00535	-0.01072	0.00660	6.06229	0.00000
11357	0.00000	-0.02850	-0.00390	-0.00920	-0.03416	-0.02850	-0.02096	0.05188	6.06536	0.00000
11377	-1.00000	0.49209	-0.46163	-0.45816	0.30690	0.49209	-0.24894	0.56394	0.44179	53.17799
11397	-1.00000	0.07627	0.06701	-0.13458	0.04942	0.07627	0.12141	0.21121	1.42047	48.99707
11417	-1.00000	0.00051	0.06862	-0.07309	-0.03135	0.00051	0.07954	0.08994	2.44670	48.99648
11437	-1.00000	0.10044	0.11053	-0.00121	-0.21103	0.10044	0.18562	0.19985	3.54810	40.47454
11457	-1.00000	-0.37663	0.40064	-0.16936	-0.41624	-0.37663	0.24517	0.44720	4.56206	41.87056
11477	-1.00000	0.17780	-0.19086	-0.18509	0.10590	0.17780	-0.11773	0.35947	5.59443	49.60648
11497	-1.00000	0.11333	-0.21665	-0.21003	-0.05336	0.11333	-0.18473	0.19520	0.42798	42.37512
11517	-1.00000	0.33736	0.08313	-0.38891	0.21700	0.33736	0.29077	0.43580	1.47416	49.97947
11537	-1.00000	-0.16227	0.65851	-0.62352	0.28639	-0.16227	0.66670	0.59473	2.50806	52.06738
11557	-1.00000	0.04887	0.09119	-0.08492	-0.11401	0.04887	0.13351	0.13534	3.58338	57.52444
11577	-1.00000	-0.02527	0.00899	-0.02266	0.01196	-0.02527	-0.00421	0.12290	4.66484	57.26878
11597	-1.00000	-0.15421	0.01060	-0.16854	-0.03561	-0.15421	-0.07679	0.19646	5.71715	53.42237
11617	-1.00000	-0.04139	-0.18764	-0.23863	0.05129	-0.04139	-0.24056	0.17750	0.52769	55.92638
11637	-1.00000	0.48887	-0.35848	-0.35877	0.35716	0.48887	-0.13169	0.51348	1.58000	68.68561
11657	-1.00000	0.25839	0.08635	-0.28852	0.21320	0.25839	0.24889	0.30296	2.61697	51.39580
11677	-1.00000	0.08271	-0.18119	-0.02322	-0.17993	0.08271	-0.16147	0.17153	3.75365	55.98486
11697	-1.00000	-0.03978	0.30877	-0.30886	0.13208	-0.03978	0.33357	0.28034	4.79676	52.75610
11717	-1.00000	-0.47817	0.36035	-0.47930	0.13611	-0.47817	0.14002	0.48912	5.83066	56.21935
11737	-1.00000	-0.17194	0.05089	-0.17346	0.03337	-0.17194	-0.04050	0.13685	0.63814	59.45663
11757	-1.00000	0.00051	-0.02969	-0.02764	0.01978	0.00051	-0.03399	0.02113	1.68891	55.63677
11777	-1.00000	0.23744	-0.23599	-0.24632	0.11844	0.23744	-0.13542	0.19628	2.71668	52.89604
11797	-1.00000	0.05048	-0.14896	-0.14425	-0.04631	0.05048	-0.14286	0.18455	3.86103	56.53508
11817	-1.00000	0.11817	0.05089	-0.17168	-0.02479	0.11817	0.12699	0.21039	4.82130	43.15559
11837	-1.00000	-0.46366	0.28298	-0.32925	0.33175	-0.46366	0.05907	0.34901	5.86287	57.09622
11857	-1.00000	0.02469	0.10731	-0.06190	-0.12596	0.02469	0.13816	0.14928	0.69796	58.99928
11877	-1.00000	-0.43949	0.46027	-0.15980	-0.49469	-0.43949	0.27774	0.52639	1.67051	34.51467
11897	-1.00000	0.11333	-0.02647	-0.10977	0.04481	0.11333	0.03487	0.08535	2.63538	56.51524
11917	-1.00000	0.08110	-0.15702	-0.04369	-0.15083	0.08110	-0.13448	0.19186	3.75519	72.32188
11937	-1.00000	0.00051	0.06057	-0.05932	0.03760	0.00051	0.07023	0.01265	4.82284	56.07256
11957	-1.00000	0.11817	-0.03775	0.01550	-0.11970	0.11817	0.02464	0.12228	5.88435	53.82404
11977	-1.00000	-0.20579	0.21529	-0.22929	0.08135	-0.20579	0.12979	0.20298	0.72250	57.23810
11997	-1.00000	-0.17839	-0.05226	-0.19680	0.14059	-0.17839	-0.16333	0.15329	1.76561	35.95277
12017	-1.00000	0.12784	-0.63892	-0.63997	0.21805	0.12784	-0.66395	0.63382	2.79338	52.61628
12037	-1.00000	-0.21385	0.02994	-0.05347	-0.22531	-0.21385	-0.08889	0.11893	3.91165	52.76608
12057	-1.00000	0.15524	-0.19247	-0.20227	-0.02773	0.15524	-0.13262	0.22492	4.97317	57.26878
12077	-1.00000	0.11172	-0.03936	-0.09921	-0.05477	0.11172	0.01905	0.13394	6.00554	53.68948
12097	-1.00000	0.01180	0.07507	-0.08836	0.03273	0.01180	0.09349	0.08491	0.81761	56.96481
12117	-1.00000	-0.32505	0.15082	-0.15196	0.28765	-0.32505	-0.01352	0.21454	1.86532	68.51517
12137	-1.00000	-0.32022	-0.03453	-0.38524	0.06807	-0.32022	-0.22475	0.42606	2.88388	72.32129
12157	-1.00000	-0.15905	0.21046	-0.00154	-0.21942	-0.15905	0.15119	0.29766	3.98835	53.82404
12177	-1.00000	0.12945	-0.09255	-0.08796	0.10025	0.12945	-0.03213	0.06144	5.01919	53.28981
12197	-1.00000	0.01985	-0.04258	-0.02422	-0.03507	0.01985	-0.03771	0.07632	6.07763	60.07775
12217	-1.00000	0.16007	-0.07321	-0.16009	-0.00734	0.16007	0.00789	0.12990	0.90812	55.49285
12237	-1.00000	-0.15099	0.40547	-0.30619	0.27242	-0.15099	0.38103	0.36232	1.95122	53.17783
12257	-1.00000	-0.36212	0.28943	-0.32045	0.21000	-0.36212	0.12513	0.25819	3.00967	55.98486
12277	-1.00000	0.11495	0.09764	-0.01275	-0.21243	0.11495	0.17910	0.21305	4.11720	54.92469
12297	-1.00000	-0.24930	-0.03614	-0.30149	0.07570	-0.24930	-0.18566	0.34301	5.16338	68.51546
12317	-1.00000	-0.10264	-0.11511	-0.18860	-0.10903	-0.10264	-0.19218	0.21808	6.20802	60.07775
12337	-1.00000	0.35026	-0.27628	-0.30211	0.21224	0.35026	-0.11680	0.32956	1.00783	53.42222
12357	-1.00000	0.46469	0.18467	-0.57253	0.34632	0.46469	0.48152	0.52015	2.03099	48.99678
12377	-1.00000	-0.05912	0.42159	-0.42342	0.17062	-0.05912	0.45268	0.34395	3.09251	59.45679
12397	-1.00000	0.18264	-0.08932	0.03666	-0.17893	0.18264	0.00230	0.21806	4.18930	53.28981
12417	-1.00000	-0.17516	0.17177	-0.20033	0.00208	-0.17516	0.09722	0.22486	5.24621	56.36691
12437	-1.00000	-0.22352	0.00738	-0.25017	0.04359	-0.22352	-0.12053	0.21776	0.03528	56.53391
12457	-1.00000	0.05209	-0.24566	-0.20671	0.15585	0.05209	-0.25359	0.25333	1.10447	55.92623
12477	-1.00000	0.38249	-0.34720	-0.34062	0.25037	0.38249	-0.18008	0.43331	2.15985	49.11775
12497	-1.00000	-0.09458	-0.15057	0.05927	-0.24005	-0.09458	-0.22847	0.25792	3.22903	61.52283
12517	-1.00000	0.13106	-0.08127	-0.12810	-0.03308	0.13106	-0.01817	0.14264	4.33350	55.63677
12537	-1.00000	-0.08168	0.32005	-0.23631	0.23401	-0.08168	0.32240	0.39497	5.39654	56.07256
12557	-1.00000	0.25839	-0.12639	0.04956	-0.25360	0.25839	0.00323	0.24701	0.19788	38.67179
12577	-1.00000	-0.46205	0.33939	-0.40417	0.25649	-0.46205	0.12513	0.45754	1.27627	73.41460
12597	-1.00000	-0.48300	-0.21504	-0.62762	0.34238	-0.48300	-0.52717	0.68592	2.31631	48.99707
12617	-1.00000	-0.05428	-0.13929	-0.19849	-0.02183	-0.05428	-0.19218	0.20389	3.37476	60.71181
12637	-1.00000	0.30191	-0.23921	-0.23875	0.21100	0.30191	-0.10192	0.25698	4.44701	53.02547
12657	-1.00000	0.17297	0.08635	-0.17809	0.19500	0.17297	0.19957	0.17101	5.48858	56.07256
12677	-1.00000	0.08916	-0.17475	0.00159	-0.17474	0.08916	-0.15030	0.16933	0.30986	59.92114
12697	-1.00000	-0.18161	0.50701	-0.38716	0.33768	-0.18161	0.48059	0.46241	1.37445	56.07256
12717	-1.00000	-0.88432	0.58599	-0.72592	0.53159	-0.88432	0.16608	0.77040	2.41602	65.35776
12737	-1.00000	-0.13648	0.07024	-0.13640	-0.00522	-0.13648	0.00230	0.10254	3.50054	59.76566
12757	-1.00000	-0.10264	0.14276	-0.04335	-0.14072	-0.10264	0.10559	0.14634	4.59274	53.28981
12777	-1.00000	0.00051	-0.27145	-0.31257	-0.01866	0.00051	-0.31315	0.34274	5.62818	56.07132
12797	-1.00000	0.12784	-0.19247	-0.19587	0.00257	0.12784	-0.14844	0.19058	0.43718	41.01549
12817	-1.00000	0.11978	0.02188	-0.12440	0.08825	0.11978	0.09443	0.08482	1.48796	51.66240
12837	-1.00000	-0.19450	0.57954	-0.46496	0.36297	-0.19450	0.55690	0.52113	2.51419	51.66271
12857	-1.00000	0.35187	-0.18119	0.02007	-0.35133	0.35187	-0.00607	0.34109	3.63247	58.84792
12877	-1.00000	-0.25897	0.21851	-0.25860	0.10375	-0.25897	0.10280	0.33323	4.70472	54.92530
12897	-1.00000	-0.33311	-0.09900	-0.42625	0.15259	-0.33311	-0.30663	0.44355	5.74169	68.51546
12917	-1.00000	-0.14938	0.13470	-0.01913	-0.16354	-0.14938	0.06930	0.20009	0.54150	56.66420
12937	-1.00000	-0.10264	0.03961	0.01794	-0.10194	-0.10264	-0.01352	0.10908	1.60761	49.48339
12957	-1.00000	-0.32989	-0.13606	-0.12218	-0.46332	-0.32989	-0.34758	0.45177	2.64918	48.99707
12977	-1.00000	0.07949	-0.12478	-0.07873	-0.09879	0.07949	-0.09819	0.14519	3.78586	55.49300
12997	-1.00000	0.00535	0.10086	-0.08643	0.08277	0.00535	0.11955	0.05331	4.84431	54.64578
13017	-1.00000	0.06176	0.05089	-0.08165	-0.07786	0.06176	0.09443	0.12640	5.89816	53.28981
13037	-1.00000	-0.21385	0.21207	-0.22270	0.10427	-0.21385	0.12141	0.16793	0.72557	57.66846
13057	-1.00000	-0.72315	0.46350	-0.49858	-0.53686	-0.72315	0.11769	0.74661	1.67204	23.06745
13077	-1.00000	0.05048	-0.08771	-0.06002	-0.06440	0.05048	-0.07214	0.11113	2.63998	56.81427
13097	-1.00000	0.13268	-0.07160	-0.13184	-0.01601	0.13268	-0.00607	0.14868	3.77819	58.84853
13117	-1.00000	-0.04461	0.22174	-0.14606	0.18353	-0.04461	0.23028	0.11911	4.84124	54.36909
13137	-1.00000	0.08594	0.04928	-0.08739	-0.10533	0.08594	0.10652	0.15262	5.89662	53.68948
13157	-1.00000	-0.22835	0.22335	-0.23677	0.10943	-0.22835	0.12606	0.17010	0.72557	53.82389
13177	-1.00000	-0.02527	-0.02002	-0.04540	-0.00006	-0.02527	-0.03771	0.03738	1.68738	52.06738
13197	-1.00000	0.42279	-0.37621	-0.41899	0.19843	0.42279	-0.19032	0.39761	2.71361	53.42178
13217	-1.00000	-0.15582	-0.18119	0.04486	-0.33432	-0.15582	-0.29919	0.35788	3.81654	61.03326
13237	-1.00000	0.21810	0.04606	-0.26197	0.10488	0.21810	0.17910	0.23907	4.88573	49.73019
13257	-1.00000	-0.15260	0.57148	-0.51440	0.29253	-0.15260	0.57179	0.45633	5.94571	55.49300
13277	-1.00000	0.23744	-0.13606	0.06172	-0.23014	0.23744	-0.02003	0.25231	0.75932	71.61095
13297	-1.00000	-0.20095	0.14276	-0.20456	0.03024	-0.20095	0.04883	0.22240	1.81317	53.03672
13317	-1.00000	0.00051	-0.12478	-0.12407	0.07266	0.00051	-0.14379	0.06570	2.82713	56.51524
13337	-1.00000	-0.15582	0.04445	-0.09133	-0.13202	-0.15582	-0.03864	0.14535	3.95153	56.36691
13357	-1.00000	0.38249	-0.29240	-0.24899	0.31293	0.38249	-0.11680	0.32330	5.02225	71.08711
13377	-1.00000	-0.05106	-0.11511	0.01422	-0.16964	-0.05106	-0.16240	0.17337	6.08684	60.71181
13397	-1.00000	0.24388	-0.00552	-0.25735	0.10635	0.24388	0.13444	0.18796	0.91425	56.07241
13417	-1.00000	-0.16066	0.45383	-0.35008	0.29872	-0.16066	0.43128	0.41932	1.94509	52.34039
13437	-1.00000	-0.45560	0.37807	-0.46635	0.14212	-0.45560	0.17352	0.45463	2.97899	54.92530
13457	-1.00000	-0.04139	0.12826	-0.06043	-0.11613	-0.04139	0.12420	0.15922	4.08192	57.11647
13477	-1.00000	-0.22029	-0.01357	-0.26085	0.02979	-0.22029	-0.14286	0.28959	5.16338	52.76608
13497	-1.00000	-0.09297	-0.06193	-0.11153	-0.10894	-0.09297	-0.12518	0.17109	6.19882	54.92530
13517	-1.00000	0.27934	-0.24889	-0.26223	0.15861	0.27934	-0.12611	0.21931	1.00322	68.00890
13537	-1.00000	0.40344	0.17983	-0.46134	0.37946	0.40344	0.44058	0.42680	2.04173	69.37592
13557	-1.00000	-0.03333	0.37163	-0.38613	0.14149	-0.03333	0.40987	0.30703	3.08637	60.23502
13577	-1.00000	0.33414	-0.18442	0.05772	-0.32971	0.33414	-0.02003	0.34564	4.19084	58.69841
13597	-1.00000	-0.60711	0.38613	-0.49611	0.36267	-0.60711	0.09536	0.46608	5.27076	69.20233
13617	-1.00000	-0.36212	-0.08127	-0.43009	0.19469	-0.36212	-0.30291	0.44400	0.04755	53.15672
13637	-1.00000	-0.06557	0.15405	0.04589	-0.14764	-0.06557	0.14002	0.17329	1.13361	73.97390
13657	-1.00000	-0.03333	-0.09738	-0.11635	-0.07011	-0.03333	-0.13169	0.15871	2.17672	53.42237
13677	-1.00000	0.02469	-0.08932	-0.03196	-0.08653	0.02469	-0.08889	0.12269	3.22289	56.07194
13697	-1.00000	0.14718	-0.06354	-0.14727	-0.01033	0.14718	0.01161	0.16087	4.33656	54.92530
13717	-1.00000	-0.12681	0.54408	-0.51183	0.24931	-0.12681	0.55504	0.53622	5.36740	56.07256
13737	-1.00000	0.00051	0.08958	-0.08762	-0.05552	0.00051	0.10373	0.11276	0.15800	57.26862
13757	-1.00000	-0.13326	0.14437	-0.16058	0.00557	-0.13326	0.08977	0.19023	1.25786	54.23180
13777	-1.00000	-0.15421	0.06862	-0.11598	-0.10210	-0.15421	-0.00979	0.17502	2.27489	54.36849
13797	-1.00000	-0.22029	0.08635	0.00683	-0.22187	-0.22029	-0.02747	0.22671	3.34561	57.38099
13817	-1.00000	0.24711	-0.21826	-0.22057	0.15608	0.24711	-0.10936	0.22582	4.43627	52.25138
13837	-1.00000	0.18103	0.05734	-0.19089	0.15960	0.18103	0.17073	0.15194	5.47938	51.52922
13857	-1.00000	0.06982	-0.20215	0.05379	-0.19817	0.06982	-0.19311	0.20064	0.29606	56.66420
13877	-1.00000	-0.14615	0.40064	-0.29900	0.27387	-0.14615	0.37824	0.39318	1.37598	56.66436
13897	-1.00000	-0.59582	0.43932	-0.59366	0.17087	-0.59582	0.16328	0.66218	2.39761	53.17815
13917	-1.00000	-0.12359	0.21690	-0.01662	-0.21696	-0.12359	0.17910	0.21158	3.45452	57.23825
13937	-1.00000	-0.03011	-0.11350	-0.13897	0.06023	-0.03011	-0.14844	0.06664	4.54825	54.92530
13957	-1.00000	0.22616	-0.19892	-0.17331	0.17587	0.22616	-0.09912	0.16153	5.59443	53.42237
13977	-1.00000	-0.04784	-0.13929	-0.06127	-0.18451	-0.04784	-0.18846	0.18656	0.40957	65.74205
13997	-1.00000	0.33736	0.08474	-0.38168	0.23184	0.33736	0.29263	0.41221	1.46955	49.97947
14017	-1.00000	-0.14938	0.60210	-0.58578	0.22374	-0.14938	0.60901	0.63562	2.49425	56.07256
14037	-1.00000	-0.15421	0.17983	-0.19237	0.02902	-0.15421	0.11862	0.14931	3.57418	57.09563
14057	-1.00000	-0.13971	-0.02647	-0.10251	0.14621	-0.13971	-0.11122	0.12483	4.66177	56.07256
14077	-1.00000	-0.15421	0.02511	-0.15640	-0.05404	-0.15421	-0.06004	0.17820	5.71408	49.97947
14097	-1.00000	-0.13326	-0.00390	-0.09374	-0.12490	-0.13326	-0.08144	0.16060	0.50928	65.74205
14117	-1.00000	0.50176	-0.36976	-0.43601	0.28362	0.50176	-0.13728	0.46092	1.56926	53.28951
14137	-1.00000	0.17297	-0.14090	-0.07169	-0.16947	0.17297	-0.06283	0.19649	2.55408	50.48558
14157	-1.00000	0.20520	-0.08610	-0.04528	-0.20104	0.20520	0.01905	0.18720	3.65548	59.76504
14177	-1.00000	-0.29121	0.20240	-0.24544	0.16987	-0.29121	0.06558	0.30791	4.70472	53.42237
14197	-1.00000	-0.28315	-0.08932	-0.31537	0.22757	-0.28315	-0.26662	0.34404	5.75856	54.92530
14217	-1.00000	-0.12359	0.26042	0.04443	-0.25671	-0.12359	0.22935	0.26218	0.57371	76.12807
14237	-1.00000	0.03597	-0.30530	-0.32863	0.05780	0.03597	-0.33176	0.35665	1.63369	55.20769
14257	-1.00000	0.15524	-0.21987	-0.20304	-0.09923	0.15524	-0.16426	0.23309	2.66146	52.06738
14277	-1.00000	0.11978	-0.06676	-0.11743	-0.02487	0.11978	-0.00793	0.14746	3.76592	72.86430
14297	-1.00000	-0.02689	0.14276	-0.11440	0.09966	-0.02689	0.14933	0.09312	4.82744	56.66436
14317	-1.00000	-0.08491	0.07346	-0.06828	0.06187	-0.08491	0.03580	0.05506	5.88282	52.63675
14337	-1.00000	-0.20901	0.19756	-0.21536	0.09408	-0.20901	0.10745	0.22900	0.72097	53.68933
14357	-1.00000	-0.28315	-0.10544	-0.32373	0.23814	-0.28315	-0.28523	0.30224	1.76254	53.82404
14377	-1.00000	0.10850	-0.55672	-0.57108	0.14920	0.10850	-0.58021	0.61872	2.78418	52.06676
14397	-1.00000	-0.04300	-0.11511	-0.12174	-0.10913	-0.04300	-0.15775	0.15028	3.88404	56.67433
14417	-1.00000	-0.11392	-0.08127	0.06465	-0.18511	-0.11392	-0.15961	0.18890	4.94709	36.61907
14437	-1.00000	0.08110	-0.08449	-0.02559	-0.09217	0.08110	-0.05074	0.09652	5.99787	54.50708
14457	-1.00000	0.00696	0.19434	-0.21607	0.07440	0.00696	0.22842	0.20172	0.81454	57.26862
14477	-1.00000	-0.55875	0.32489	-0.41179	0.38127	-0.55875	0.05255	0.46333	1.85305	53.28981
14497	-1.00000	-0.39597	-0.05226	-0.47360	0.12641	-0.39597	-0.28895	0.44827	2.88695	52.76608
14517	-1.00000	-0.14615	0.03961	-0.10366	-0.11003	-0.14615	-0.03864	0.17429	3.96994	36.33123
14537	-1.00000	0.36960	-0.25856	-0.23037	0.30127	0.36960	-0.08517	0.23053	5.02532	53.28981
14557	-1.00000	-0.06557	-0.12317	0.01485	-0.19106	-0.06557	-0.18008	0.19720	6.09144	57.11647
14577	-1.00000	0.15685	-0.06998	-0.15714	0.00012	0.15685	0.00975	0.11196	0.91118	55.49285
14597	-1.00000	-0.15582	0.40547	-0.28755	0.29092	-0.15582	0.37824	0.35674	1.95583	53.17783
14617	-1.00000	-0.64095	0.47639	-0.59846	0.29160	-0.64095	0.18003	0.53329	2.99280	54.09520
14637	-1.00000	0.03114	0.07668	-0.01959	-0.10923	0.03114	0.10652	0.08200	4.10186	56.07194
14657	-1.00000	-0.24930	-0.04258	-0.30693	0.07226	-0.24930	-0.19311	0.34748	5.16645	53.28981
14677	-1.00000	-0.09780	-0.06354	-0.11929	-0.11040	-0.09780	-0.12983	0.18624	6.20188	60.07775
14697	-1.00000	0.46147	-0.32141	-0.36362	0.30275	0.46147	-0.10471	0.35669	1.00629	52.50790
14717	-1.00000	0.46308	0.17983	-0.58581	0.31120	0.46308	0.47501	0.66199	2.03406	53.15790
14737	-1.00000	-0.09458	0.37324	-0.34676	0.17424	-0.09458	0.37638	0.42955	3.08330	55.34998
14757	-1.00000	0.13106	-0.03936	-0.00160	-0.13449	0.13106	0.03022	0.18498	4.18163	72.14287
14777	-1.00000	-0.15421	0.13793	-0.16932	0.00662	-0.15421	0.07023	0.19453	5.24775	57.26878
14797	-1.00000	-0.24286	0.00254	-0.27616	0.03943	-0.24286	-0.13728	0.29992	0.03835	52.25138
14817	-1.00000	0.04403	-0.23760	-0.21312	0.13597	0.04403	-0.24894	0.26635	1.09373	56.66420
14837	-1.00000	0.55011	-0.34720	-0.38543	0.40123	0.55011	-0.08331	0.45962	2.14144	64.23090
14857	-1.00000	0.05692	-0.11834	-0.05323	-0.10571	0.05692	-0.10378	0.15503	3.20449	56.07256
14877	-1.00000	0.12623	-0.04097	-0.12862	-0.00645	0.12623	0.02557	0.13164	4.32889	53.82404
14897	-1.00000	-0.11069	0.49251	-0.47719	0.19832	-0.11069	0.50479	0.46535	5.36433	56.66436
14917	-1.00000	-0.12037	0.15727	-0.16280	0.02344	-0.12037	0.11211	0.14831	0.15340	40.90615
14937	-1.00000	0.08916	0.06218	0.04775	-0.14444	0.08916	0.12327	0.15037	1.23639	36.23556
14957	-1.00000	-0.20256	-0.01196	-0.23796	-0.03875	-0.20256	-0.13076	0.25700	2.27950	49.48280
14977	-1.00000	-0.22190	0.09119	0.00038	-0.22306	-0.22190	-0.02282	0.22391	3.34254	60.23502
14997	-1.00000	0.20520	-0.22310	-0.23671	0.07365	0.20520	-0.13914	0.21688	4.43167	53.42237
15017	-1.00000	0.44051	0.14437	-0.55306	0.25570	0.44051	0.42104	0.60119	5.46097	49.97827
15037	-1.00000	0.05209	0.02833	-0.07985	-0.01670	0.05209	0.06279	0.08672	0.25311	65.55473
15057	-1.00000	-0.00754	0.17339	-0.19486	0.02105	-0.00754	0.19585	0.22144	1.35604	55.49300
15077	-1.00000	-0.20901	-0.01680	-0.19252	0.16197	-0.20901	-0.14007	0.45180	2.35773	56.66373
15097	-1.00000	-0.12520	0.12181	-0.09138	-0.10954	-0.12520	0.06837	0.15422	3.46833	55.98486
15117	-1.00000	-0.18000	0.07185	-0.02429	-0.17957	-0.18000	-0.02096	0.18427	4.49303	51.52922
15137	-1.00000	0.12623	-0.16669	-0.16040	-0.06712	0.12623	-0.11960	0.19151	5.52540	52.75610
15157	-1.00000	0.12300	-0.06354	-0.11355	-0.04732	0.12300	-0.00235	0.12266	0.32367	61.03373
15177	-1.00000	-0.05428	0.17500	-0.12711	0.12623	-0.05428	0.17073	0.07968	1.39132	56.07256
15197	-1.00000	-0.46527	-0.14412	-0.54064	0.33679	-0.46527	-0.43504	0.54047	2.32245	45.67698
15217	-1.00000	0.00213	-0.18925	-0.20799	0.06290	0.00213	-0.21730	0.23223	3.38550	60.71118
15237	-1.00000	0.15524	-0.17475	-0.15129	0.11740	0.15524	-0.11215	0.14253	4.46849	52.89604
15257	-1.00000	0.40506	-0.32141	-0.41198	0.11472	0.40506	-0.13728	0.45348	5.53920	51.13284
15277	-1.00000	0.16007	-0.01680	-0.17500	0.01806	0.16007	0.07302	0.18952	0.32981	40.90615
15297	-1.00000	-0.01721	0.08474	-0.06646	0.06007	-0.01721	0.08791	0.02282	1.39132	56.07256
15317	-1.00000	-0.34601	0.21851	-0.23904	0.25560	-0.34601	0.05255	0.32411	2.42829	53.28981
15337	-1.00000	0.07465	0.10731	0.01903	-0.18194	0.07465	0.16701	0.08432	3.52969	60.87243
15357	-1.00000	1.25443	-1.54471	-1.53372	0.58589	1.25443	-1.05943	1.61631	4.58660	49.23785
15377	-1.00000	0.17619	0.02833	-0.21956	0.03014	0.17619	0.13444	0.23270	5.43489	67.18183
15397	-1.00000	0.19231	-0.06354	-0.03383	-0.19301	0.19231	0.03766	0.18850	0.20709	64.09390
15417	-1.00000	-0.20579	0.33939	-0.33012	-0.08916	-0.20579	0.27309	0.35688	1.25480	43.15559
15437	-1.00000	0.11817	-0.37138	-0.26934	0.26729	0.11817	-0.36060	0.29072	2.24575	57.26878
15457	-1.00000	0.05209	-0.12478	-0.12515	0.00681	0.05209	-0.11401	0.09977	3.32567	57.23825
15477	-1.00000	0.14396	-0.20053	-0.20611	0.01650	0.14396	-0.14844	0.18928	4.43167	53.55559
15497	-1.00000	0.37282	0.11536	-0.46552	0.20895	0.37282	0.34846	0.52333	5.45484	53.42118
15517	-1.00000	-0.02044	0.16694	-0.15542	0.09491	-0.02044	0.18096	0.11434	0.24697	65.18331
15537	-1.00000	0.00535	0.13793	-0.16243	0.00039	0.00535	0.16235	0.19709	1.34684	54.92530
15557	-1.00000	-0.34923	-0.03453	-0.32087	0.27805	-0.34923	-0.24150	0.33866	2.35773	53.17752
15577	-1.00000	-0.12842	0.14760	-0.08413	-0.13669	-0.12842	0.09629	0.14331	3.46833	55.98486
15597	-1.00000	0.07949	-0.37299	-0.33294	0.20859	0.07949	-0.38480	0.32582	4.52524	56.36691
15617	-1.00000	0.54044	-0.42456	-0.52077	0.22933	0.54044	-0.17822	0.62315	5.55915	51.00206
15637	-1.00000	0.06015	-0.13606	-0.05541	-0.12459	0.06015	-0.12239	0.15768	0.34821	59.82098
15657	-1.00000	0.18425	0.01221	-0.21888	0.02345	0.18425	0.12048	0.24380	1.44961	53.28951
15677	-1.00000	-0.04945	0.09602	-0.09506	0.01360	-0.04945	0.08233	0.09463	2.45284	53.28921
15697	-1.00000	0.09722	0.10731	-0.01515	-0.20404	0.09722	0.18003	0.18889	3.54810	60.71118
15717	-1.00000	-0.24608	-0.01519	-0.26529	0.12506	-0.24608	-0.15961	0.23061	4.62342	53.42118
15737	-1.00000	0.02469	-0.16185	-0.14012	0.10381	0.02469	-0.17264	0.10043	5.67266	51.93179
15757	-1.00000	-0.21546	0.09602	-0.00494	-0.21580	-0.21546	-0.01352	0.21466	0.49701	63.38765
15777	-1.00000	0.05209	-0.13768	-0.06897	-0.12070	0.05209	-0.12890	0.15106	1.49103	48.06220
15797	-1.00000	-0.15421	0.48928	-0.40122	0.29883	-0.15421	0.47594	0.43223	2.51266	56.66436
15817	-1.00000	0.36476	-0.19731	0.03787	-0.36319	0.36476	-0.01724	0.36883	3.63093	58.69780
15837	-1.00000	-0.34278	0.23947	-0.29964	0.18407	-0.34278	0.07861	0.38233	4.70625	54.92530
15857	-1.00000	-0.36051	-0.13284	-0.48200	0.16830	-0.36051	-0.36153	0.49631	5.73709	53.15790
15877	-1.00000	-0.05106	-0.06837	-0.11981	-0.00291	-0.05106	-0.10843	0.12031	0.53689	60.87227
15897	-1.00000	0.35187	-0.27467	-0.24380	0.27811	0.35187	-0.11401	0.32390	1.59074	69.20233
15917	-1.00000	0.26645	0.07346	-0.28459	0.21667	0.26645	0.23866	0.25177	2.62004	56.21873
15937	-1.00000	0.07627	-0.25856	0.04990	-0.26096	0.07627	-0.25452	0.24564	3.74291	56.53450
15957	-1.00000	-0.10264	0.33133	-0.23749	0.24222	-0.10264	0.32334	0.24655	4.82284	52.06738
15977	-1.00000	-0.20417	0.12181	-0.12400	0.16380	-0.20417	0.02277	0.11393	5.87361	53.28981
15997	-1.00000	-0.23319	0.18306	-0.20903	0.12871	-0.23319	0.07675	0.17812	0.71330	72.50149
16017	-1.00000	-0.36212	-0.14574	-0.42641	0.30276	-0.36212	-0.37735	0.46938	1.76101	49.85452
16037	-1.00000	0.02469	-0.38749	-0.43308	0.02606	0.02469	-0.43318	0.46096	2.77344	55.34998
16057	-1.00000	-0.07685	-0.07321	-0.09116	-0.11920	-0.07685	-0.12890	0.18053	3.88557	71.78690
16077	-1.00000	0.26322	0.14437	-0.14401	0.38739	0.26322	0.31868	0.45115	4.91487	43.94104
16097	-1.00000	-0.66029	0.44738	-0.58219	0.33960	-0.66029	0.13537	0.68707	5.84293	50.23125
16117	-1.00000	-0.04300	0.10892	-0.05225	-0.09647	-0.04300	0.10094	0.17106	0.64887	60.07759
16137	-1.00000	-0.29121	-0.07482	-0.37377	0.09932	-0.29121	-0.25452	0.41816	1.72880	67.18183
16157	-1.00000	0.45018	-0.33592	-0.32912	0.33269	0.45018	-0.12797	0.33363	2.73355	53.42237
16177	-1.00000	-0.01399	-0.13929	-0.10956	-0.12932	-0.01399	-0.16891	0.18422	3.85643	58.69841
16197	-1.00000	0.31963	0.06540	-0.37789	0.16425	0.31963	0.26006	0.42485	4.89647	49.60648
16217	-1.00000	-0.09941	0.38613	-0.34027	0.21210	-0.09941	0.38847	0.38086	5.94264	56.07256
16237	-1.00000	0.20681	-0.08449	0.04971	-0.20193	0.20681	0.02184	0.23238	0.75165	51.62436
16257	-1.00000	-0.23963	-0.06676	-0.26073	0.18934	-0.23963	-0.21544	0.26283	1.75948	54.92530
16277	-1.00000	0.13106	-0.58896	-0.57686	0.22281	0.13106	-0.60440	0.63515	2.79338	56.66373
16297	-1.00000	-0.12037	-0.04581	-0.06896	-0.15718	-0.12037	-0.12239	0.21431	3.89171	56.39593
16317	-1.00000	0.23583	-0.23116	-0.26665	0.03998	0.23583	-0.13076	0.29571	4.97317	53.82404
16337	-1.00000	0.12784	-0.03291	-0.12471	-0.04549	0.12784	0.03580	0.16780	6.01014	53.82404
16357	-1.00000	-0.06557	0.21690	-0.16845	0.14533	-0.06557	0.21260	0.22666	0.81915	56.66420
16377	-1.00000	-0.40725	0.23141	-0.28085	0.29664	-0.40725	0.03208	0.38198	1.85765	53.82404
16397	-1.00000	-0.39113	-0.10383	-0.49541	0.16445	-0.39113	-0.34571	0.48094	2.88695	53.28921
16417	-1.00000	-0.10425	0.05734	-0.05069	-0.09129	-0.10425	0.00603	0.13219	3.97608	56.36628
16437	-1.00000	-0.05267	-0.05870	-0.09312	-0.06117	-0.05267	-0.09819	0.11642	5.05447	54.50708
16457	-1.00000	0.00857	-0.07482	-0.01689	-0.08013	0.00857	-0.08144	0.10838	6.07456	56.66436
16477	-1.00000	0.17942	-0.03614	-0.18843	0.02250	0.17942	0.06186	0.20744	0.90505	53.82389
16497	-1.00000	-0.71993	0.48445	-0.62875	0.37895	-0.71993	0.14374	0.68633	1.83618	50.23125
16517	-1.00000	-0.18161	0.07507	-0.15330	-0.09904	-0.18161	-0.01817	0.20040	2.86241	49.48339
16537	-1.00000	-0.10425	0.06701	-0.05088	-0.09260	-0.10425	0.01719	0.14404	3.98528	57.66801
16557	-1.00000	-0.07363	-0.01357	-0.05008	-0.07935	-0.07363	-0.05818	0.11014	5.05447	55.49300
16577	-1.00000	0.02791	-0.16346	-0.09141	-0.14908	0.02791	-0.17264	0.17568	6.09604	56.66436
16597	-1.00000	0.15363	-0.05709	-0.15419	0.01854	0.15363	0.02277	0.12052	0.91272	55.49285
16617	-1.00000	-0.11714	0.29749	-0.20099	0.22232	-0.11714	0.27588	0.23060	1.95736	57.11615
16637	-1.00000	-0.49267	0.35712	-0.42730	0.27655	-0.49267	0.12792	0.40992	3.00200	54.36909
16657	-1.00000	0.08271	0.09441	0.00120	-0.17724	0.08271	0.15677	0.07529	4.10340	56.21873
16677	-1.00000	-0.44754	-0.16669	-0.53115	0.34843	-0.44754	-0.45086	0.60061	5.18792	48.99707
16697	-1.00000	0.07788	-0.37299	-0.34789	0.18386	0.07788	-0.38573	0.43093	6.23870	57.26878
16717	-1.00000	-0.06879	-0.02486	-0.05356	-0.08089	-0.06879	-0.06842	0.06552	1.04771	52.89589
16737	-1.00000	0.08916	-0.14251	-0.11410	-0.08784	0.08916	-0.11308	0.16664	2.08315	56.07225
16757	-1.00000	0.03597	0.08635	-0.11806	0.04325	0.03597	0.12048	0.09869	3.12318	54.50648
16777	-1.00000	-0.01883	0.13309	-0.10928	0.09383	-0.01883	0.14281	0.13234	4.26140	55.49300
16797	-1.00000	0.02953	-0.02002	0.01698	-0.02490	0.02953	-0.00607	0.05763	5.31371	49.48339
16817	-1.00000	-0.29121	-0.03291	-0.31925	0.15925	-0.29121	-0.20614	0.23307	0.05829	54.36909
16837	-1.00000	-0.09941	0.17177	0.00119	-0.17247	-0.09941	0.14095	0.17298	1.15202	53.82374
16857	-1.00000	-0.04139	-0.11511	-0.13805	-0.08511	-0.04139	-0.15682	0.17507	2.17825	49.60648
16877	-1.00000	-0.15260	-0.16669	0.07792	-0.30971	-0.15260	-0.28058	0.33138	3.23823	60.55204
16897	-1.00000	0.17942	-0.06837	-0.18096	0.00695	0.17942	0.02464	0.18750	4.33503	55.63677
16917	-1.00000	-0.09941	0.33133	-0.21674	0.26201	-0.09941	0.32520	0.21420	5.40115	55.49300
16937	-1.00000	0.24388	-0.11672	0.03980	-0.24067	0.24388	0.00603	0.23277	0.19942	60.87227
16957	-1.00000	-0.07685	0.05734	-0.05627	0.05671	-0.07685	0.02184	0.01314	1.30388	52.89604
16977	-1.00000	-0.36857	-0.16346	-0.41652	0.35153	-0.36857	-0.40155	0.45769	2.33625	51.26429
16997	-1.00000	-0.12842	0.14760	0.00894	-0.16026	-0.12842	0.09629	0.21897	3.41311	56.66436
17017	-1.00000	0.00696	-0.27467	-0.29821	0.09577	0.00696	-0.31315	0.22693	4.51911	55.49300
17037	-1.00000	0.38894	-0.32464	-0.36258	0.20589	0.38894	-0.15030	0.35408	5.57142	52.37998
17057	-1.00000	-0.18806	-0.19892	0.11784	-0.36863	-0.18806	-0.33827	0.41176	0.37736	43.70315
17077	-1.00000	0.18747	0.00254	-0.21655	0.02468	0.18747	0.11117	0.23142	1.44654	69.37592
17097	-1.00000	-0.02527	0.32489	-0.36131	-0.00905	-0.02527	0.36056	0.39295	2.47431	67.84209
17117	-1.00000	0.06982	0.12181	-0.04511	-0.18864	0.06982	0.18096	0.18815	3.55730	60.55141
17137	-1.00000	-0.30894	-0.05548	-0.34524	0.18714	-0.30894	-0.24243	0.35420	4.62035	53.82284
17157	-1.00000	0.10366	-0.55511	-0.55419	0.20324	0.10366	-0.58114	0.46489	5.64352	52.61691
17177	-1.00000	0.80154	-0.51160	-0.69366	0.42137	0.80154	-0.12797	0.75489	0.45713	62.69678
17197	-1.00000	0.37605	0.07507	-0.44009	0.19996	0.37605	0.30379	0.45405	1.46188	53.82404
17217	-1.00000	-0.13809	0.63111	-0.64010	0.17475	-0.13809	0.64902	0.68482	2.49425	51.00206
17237	-1.00000	-0.01399	0.13470	-0.10613	-0.10332	-0.01399	0.14747	0.16795	3.56497	58.25200
17257	-1.00000	-0.23963	-0.01357	-0.25395	0.12904	-0.23963	-0.15403	0.27618	4.61882	56.07132
17277	-1.00000	0.10205	-0.47936	-0.43127	0.26275	0.10205	-0.49460	0.34181	5.65732	55.49300
17297	-1.00000	-0.25253	0.11536	0.02303	-0.25177	-0.25253	-0.01259	0.23791	0.48781	38.88968
17317	-1.00000	0.50176	-0.36332	-0.43998	0.27391	0.50176	-0.12983	0.47936	1.56006	50.10504
17337	-1.00000	0.28257	0.03155	-0.34556	0.01587	0.28257	0.19958	0.41107	2.57555	53.42237
17357	-1.00000	0.15524	-0.05709	-0.06579	-0.14258	0.15524	0.02371	0.17563	3.66161	60.71181
17377	-1.00000	-0.32828	0.27009	-0.28812	0.19931	-0.32828	0.12234	0.30796	4.72159	53.82404
17397	-1.00000	-0.09619	-0.01519	-0.08507	0.08575	-0.09619	-0.07307	0.32604	5.79078	56.07256
17417	-1.00000	-0.10586	0.16533	-0.04221	-0.16206	-0.10586	0.12979	0.16676	0.60132	57.09607
17437	-1.00000	0.14073	-0.48420	-0.41886	0.26957	0.14073	-0.47785	0.45824	1.65210	55.92623
17457	-1.00000	0.26806	-0.30530	-0.32697	-0.06363	0.26806	-0.19776	0.36922	2.66759	56.81427
17477	-1.00000	0.10366	-0.06676	-0.09960	-0.03347	0.10366	-0.01724	0.13876	3.77052	57.09622
17497	-1.00000	-0.03333	0.17339	-0.10599	0.15039	-0.03333	0.18096	0.27434	4.83971	72.32188
17517	-1.00000	0.07949	0.03961	-0.07408	-0.09606	0.07949	0.09163	0.12040	5.89662	53.28981
17537	-1.00000	-0.21546	0.19917	-0.22278	0.08909	-0.21546	0.10559	0.23405	0.71637	54.36894
17557	-1.00000	-0.51040	-0.19409	-0.63735	0.35128	-0.51040	-0.51879	0.68660	1.75181	49.85422
17577	-1.00000	-0.03333	-0.16830	-0.20274	-0.07496	-0.03333	-0.21358	0.23218	2.76117	53.82404
17597	-1.00000	0.05370	-0.13123	-0.13181	-0.00601	0.05370	-0.12053	0.16073	3.88557	52.76608
17617	-1.00000	-0.09297	-0.06354	0.05615	-0.14706	-0.09297	-0.12704	0.16391	4.94555	57.42191
17637	-1.00000	0.08110	-0.07482	-0.03313	-0.08393	0.08110	-0.03957	0.10398	5.99940	54.36909
17657	-1.00000	-0.03011	0.15243	-0.13167	0.09344	-0.03011	0.15863	0.19599	0.81454	57.26862
17677	-1.00000	-0.60066	0.31361	-0.39702	0.45096	-0.60066	0.01533	0.43538	1.85612	53.15790
17697	-1.00000	-0.35245	-0.10705	-0.45777	0.14716	-0.35245	-0.32710	0.48302	2.88388	53.28921
17717	-1.00000	0.00374	-0.13606	-0.13814	0.07028	0.00374	-0.15496	0.20297	3.96534	60.39312
17737	-1.00000	-0.04300	-0.05226	-0.07550	-0.05832	-0.04300	-0.08517	0.21041	5.03913	67.84209
17757	-1.00000	-0.01399	-0.11995	-0.02585	-0.14496	-0.01399	-0.14658	0.15558	6.09144	59.92129
17777	-1.00000	0.12462	-0.05548	-0.12236	-0.02488	0.12462	0.00789	0.11787	0.89124	71.08697
17797	-1.00000	-0.19128	0.55698	-0.46384	0.32433	-0.19128	0.53270	0.56559	1.93588	51.93179
17817	-1.00000	-0.15905	0.19273	-0.19959	-0.05045	-0.15905	0.13072	0.22295	2.96672	57.11583
17837	-1.00000	-0.16872	0.06379	-0.16985	0.01338	-0.16872	-0.02375	0.16687	4.06045	55.06552
17857	-1.00000	-0.04623	0.06862	0.00895	-0.06941	-0.04623	0.05255	0.09342	5.12810	53.82284
17877	-1.00000	-0.13004	-0.01196	-0.06336	-0.14419	-0.13004	-0.08889	0.16546	6.19421	53.68948
17897	-1.00000	0.30513	-0.28273	-0.30730	0.14574	0.30513	-0.15030	0.24527	1.00476	52.76593
17917	-1.00000	0.53238	0.22335	-0.69168	0.35294	0.53238	0.56527	0.69161	2.02946	49.85452
17937	-1.00000	0.13429	0.02994	-0.09551	-0.14655	0.13429	0.11211	0.17420	3.05262	56.07194
17957	-1.00000	0.14557	0.01221	-0.04234	-0.17038	0.14557	0.09815	0.16515	4.17703	55.98486
17977	-1.00000	-0.06557	0.07991	-0.08112	-0.02604	-0.06557	0.05441	0.10692	5.24008	57.11647
17997	-1.00000	-0.22352	-0.01196	-0.26102	0.04726	-0.22352	-0.14286	0.23377	0.03835	52.76490
18017	-1.00000	0.08594	-0.39072	-0.34943	0.21569	0.08594	-0.40155	0.34113	1.09680	52.61674
18037	-1.00000	0.65004	-0.46647	-0.60649	0.28525	0.65004	-0.16333	0.68766	2.11843	50.61372
18057	-1.00000	0.27612	0.03961	-0.32860	0.10168	0.27612	0.20516	0.29432	3.18454	52.25254
18077	-1.00000	0.13751	0.04122	-0.17701	-0.06085	0.13751	0.12699	0.16181	4.24146	52.47844
18097	-1.00000	-0.58132	0.37324	-0.44718	0.38344	-0.58132	0.09536	0.41266	5.28456	53.28862
18117	-1.00000	-0.19934	-0.01196	-0.19952	0.12862	-0.19934	-0.12890	0.22332	0.06596	54.50708
18137	-1.00000	-0.38469	-0.11672	-0.43823	0.28860	-0.38469	-0.35688	0.45604	1.19190	53.95898
18157	-1.00000	0.17780	-0.73401	-0.71625	0.27101	0.17780	-0.74491	0.67466	2.21507	52.75610
18177	-1.00000	0.01985	-0.17797	-0.11656	-0.15639	0.01985	-0.19404	0.21162	3.25664	60.55204
18197	-1.00000	0.05209	-0.11350	-0.06860	-0.09059	0.05209	-0.10099	0.13154	4.35804	56.07256
18217	-1.00000	0.05209	-0.10222	0.02535	-0.09903	0.05209	-0.08796	0.10920	5.42109	50.61372
18237	-1.00000	0.09722	0.06057	-0.13909	-0.07744	0.09722	0.12606	0.10177	0.22243	61.18442
18257	-1.00000	-0.17839	0.12826	-0.13019	0.13003	-0.17839	0.04511	0.11498	1.29468	52.76608
18277	-1.00000	-0.26058	-0.12962	-0.29654	0.26462	-0.26058	-0.30012	0.34728	2.33625	52.06738
18297	-1.00000	-0.18645	0.27009	0.05294	-0.27142	-0.18645	0.20423	0.32114	3.41004	59.76566
18317	-1.00000	-0.04300	-0.12156	-0.17046	0.00865	-0.04300	-0.16519	0.12849	4.52064	56.66436
18337	-1.00000	0.28257	-0.26823	-0.28792	0.13569	0.28257	-0.14658	0.23968	5.56988	49.11775
18357	-1.00000	-0.18322	-0.15863	0.07308	-0.33422	-0.18322	-0.28895	0.33944	0.38196	65.74205
18377	-1.00000	0.23260	0.01221	-0.27057	0.05393	0.23260	0.14840	0.29510	1.45115	68.68561
18397	-1.00000	0.07304	0.07346	-0.09818	-0.10873	0.07304	0.12699	0.16962	2.46204	52.63675
18417	-1.00000	-0.13326	0.17661	-0.18407	-0.00120	-0.13326	0.12699	0.16419	3.57111	53.15731
18437	-1.00000	-0.13648	0.02994	-0.13406	0.05109	-0.13648	-0.04422	0.09092	4.63416	55.63677
18457	-1.00000	0.02953	-0.12317	-0.09162	0.09025	0.02953	-0.12518	0.06454	5.68340	57.26878
18477	-1.00000	-0.03011	-0.06354	-0.09553	-0.00378	-0.03011	-0.09075	0.14280	0.52616	60.23486
18497	-1.00000	0.44374	-0.31335	-0.36480	0.27378	0.44374	-0.10564	0.33153	1.57233	49.85422
18517	-1.00000	0.39861	0.10247	-0.51701	0.11389	0.39861	0.34846	0.56366	2.58936	49.11775
18537	-1.00000	0.10366	-0.09255	-0.01037	-0.11335	0.10366	-0.04701	0.13771	3.68462	56.07256
18557	-1.00000	-0.18322	0.30877	-0.30345	-0.06598	-0.18322	0.25075	0.33020	4.68938	46.95873
18577	-1.00000	-0.10102	0.12020	-0.00982	-0.12877	-0.10102	0.08047	0.12556	5.70334	50.35810
18597	-1.00000	0.03597	-0.29724	-0.29317	0.13893	0.03597	-0.32245	0.22095	0.53076	56.66420
18617	-1.00000	0.48887	-0.21665	-0.24617	0.42355	0.48887	0.03208	0.21634	1.57540	69.37592
18637	-1.00000	0.57429	0.24269	-0.72185	0.42766	0.57429	0.61180	0.68947	2.60930	48.99648
18657	-1.00000	0.06821	-0.09416	-0.00591	-0.09708	0.06821	-0.06935	0.14698	3.72144	57.66861
18677	-1.00000	-0.02044	0.17339	-0.18237	0.05152	-0.02044	0.18841	0.22933	4.79216	56.51398
18697	-1.00000	-0.24124	0.20240	-0.25842	0.01819	-0.24124	0.09443	0.29149	5.81992	55.92654
18717	-1.00000	-0.21062	0.04606	-0.21984	0.02671	-0.21062	-0.06842	0.22132	0.62280	52.89589
18737	-1.00000	0.30996	-0.26984	-0.25944	0.21526	0.30996	-0.13262	0.33641	1.58920	53.02665
18757	-1.00000	-0.17678	0.63756	-0.55603	0.35243	-0.17678	0.63413	0.47318	2.51573	51.52922
18777	-1.00000	0.07788	0.03961	-0.04652	-0.11012	0.07788	0.09070	0.17696	3.59565	57.09622
18797	-1.00000	0.06821	0.45544	-0.18751	-0.53758	0.06821	0.56527	0.56931	4.64029	36.71773
18817	-1.00000	0.10205	-0.37621	-0.32644	0.21172	0.10205	-0.37549	0.39983	5.66192	36.04665
18837	-1.00000	-0.05267	-0.08449	-0.10276	-0.09270	-0.05267	-0.12797	0.09542	0.46173	60.87227
18857	-1.00000	0.56945	-0.41650	-0.52691	0.26406	0.56945	-0.15216	0.47452	1.55852	50.10504
18877	-1.00000	0.12784	-0.03614	-0.11510	-0.06420	0.12784	0.03208	0.15725	2.55868	50.48558
18897	-1.00000	0.19070	-0.08449	-0.05571	-0.18280	0.19070	0.01254	0.16847	3.65701	60.39312
18917	-1.00000	-0.55069	0.36679	-0.43313	0.35608	-0.55069	0.10559	0.44037	4.71699	48.99707
18937	-1.00000	-0.21385	-0.09416	-0.22427	0.22213	-0.21385	-0.23219	0.22312	5.77544	50.48558
18957	-1.00000	-0.10264	0.21207	0.00541	-0.21202	-0.10264	0.18562	0.20926	0.59518	52.89589
18977	-1.00000	0.15363	-0.57768	-0.51165	0.31024	0.15363	-0.57835	0.46552	1.65363	51.93148
18997	-1.00000	0.28257	-0.30530	-0.33459	-0.06117	0.28257	-0.18939	0.37817	2.67373	52.61691
19017	-1.00000	0.11978	-0.06354	-0.11796	-0.02119	0.11978	-0.00421	0.14579	3.76439	57.66861
19037	-1.00000	-0.04139	0.17822	-0.13707	0.12652	-0.04139	0.18189	0.11530	4.82437	55.92654
19057	-1.00000	0.06982	0.06701	-0.10457	-0.08826	0.06982	0.11769	0.14584	5.89969	71.08711
19077	-1.00000	-0.06557	0.14276	-0.13292	-0.05250	-0.06557	0.12699	0.14124	0.70563	53.42222
19097	-1.00000	-0.35568	-0.10544	-0.45885	0.15144	-0.35568	-0.32710	0.48582	1.73800	52.37969
19117	-1.00000	-0.00271	-0.21665	-0.24974	-0.03156	-0.00271	-0.25173	0.26931	2.76270	67.84209
19137	-1.00000	-0.26220	-0.03291	0.10950	-0.30431	-0.26220	-0.18