9997	0.00000	-0.01230	0.01038	0.00964	-0.00906	-0.01230	0.00488	0.01401	2.04786	0.00000
10017	0.00000	-0.01874	0.23118	0.23983	0.09180	-0.01874	0.25613	0.01536	2.04786	0.00000
10037	0.00000	0.01510	0.01199	0.01401	0.02325	0.01510	0.02256	0.05806	2.04786	0.00000
10057	0.00000	0.01188	0.00877	0.01033	0.01797	0.01188	0.01698	0.01034	2.04786	0.00000
10077	0.00000	0.02639	-0.01219	-0.01056	0.02420	0.02639	0.00116	0.05034	2.04633	0.00000
10097	0.00000	-0.01391	-0.01380	-0.01540	-0.02303	-0.01391	-0.02396	0.01401	2.04633	0.00000
10117	0.00000	-0.02358	-0.00735	-0.01404	-0.02910	-0.02358	-0.02210	0.14254	2.06014	0.00000
10137	0.00000	0.01027	-0.01219	-0.01120	0.00681	0.01027	-0.00814	0.02893	2.05553	0.00000
10157	0.00000	0.01833	0.01360	0.01830	0.02630	0.01833	0.02629	0.01812	2.05553	0.00000
10177	0.00000	0.05217	-0.01702	-0.01005	0.05225	0.05217	0.01047	0.05864	2.05400	0.00000
10197	0.00000	-0.02519	0.01199	0.00888	-0.02358	-0.02519	-0.00070	0.03250	2.05247	0.00000
10217	0.00000	-0.01552	-0.00574	-0.00924	-0.01996	-0.01552	-0.01559	0.02359	2.05400	0.00000
10237	0.00000	-0.03486	-0.01219	-0.01693	-0.04580	-0.03486	-0.03420	0.02263	2.04940	0.00000
10257	0.00000	-0.02358	-0.00413	-0.00712	-0.02903	-0.02358	-0.01838	0.00805	2.04940	0.00000
10277	0.00000	-0.02680	-0.00091	-0.00410	-0.03121	-0.02680	-0.01652	0.00555	2.04940	0.00000
10297	0.00000	-0.02519	-0.00252	-0.00561	-0.03012	-0.02519	-0.01745	0.00696	2.04940	0.00000
10317	0.00000	-0.02035	-0.00896	-0.01183	-0.02762	-0.02035	-0.02210	0.00724	2.04940	0.00000
10337	0.00000	-0.02358	-0.00091	-0.00372	-0.02751	-0.02358	-0.01466	0.00186	2.04940	0.00000
10357	0.00000	-0.02680	-0.00413	-0.00750	-0.03274	-0.02680	-0.02024	0.00361	2.04940	0.00000
10377	0.00000	-0.02841	-0.00413	-0.00710	-0.03471	-0.02841	-0.02117	0.00361	2.04786	0.00000
10397	0.00000	-0.02035	-0.00735	-0.01013	-0.02686	-0.02035	-0.02024	0.01115	2.04940	0.00000
10417	0.00000	-0.02680	-0.01058	-0.01429	-0.03578	-0.02680	-0.02769	0.01474	2.04940	0.00000
10437	0.00000	-0.02680	-0.00091	-0.00304	-0.03133	-0.02680	-0.01652	0.02086	2.04633	0.00000
10457	0.00000	-0.02358	-0.00413	-0.00663	-0.02915	-0.02358	-0.01838	0.00562	2.04786	0.00000
10477	0.00000	-0.02680	0.00554	0.00364	-0.02806	-0.02680	-0.00907	0.01259	2.04633	0.00000
10497	0.00000	-0.03647	-0.01058	-0.01542	-0.04689	-0.03647	-0.03327	0.04016	2.04940	0.00000
10517	0.00000	0.01027	-0.00735	-0.00611	0.00864	0.01027	-0.00256	0.02878	2.05400	-4.00518
10537	0.00000	-0.00101	-0.01058	-0.01146	-0.00578	-0.00101	-0.01280	0.00508	2.05247	0.00000
10557	0.00000	-0.01874	0.01844	0.01700	-0.01310	-0.01874	0.01047	0.02736	2.04940	0.00000
10577	0.00000	0.00543	0.01038	0.01176	0.01095	0.00543	0.01512	0.01250	2.05093	0.00000
10597	0.00000	-0.01713	-0.01219	-0.01570	-0.02492	-0.01713	-0.02396	0.01720	2.05247	0.00000
10617	0.00000	0.03444	-0.00091	0.00441	0.03901	0.03444	0.01884	0.05129	2.05247	0.00000
10637	0.00000	-0.00907	-0.01702	-0.01931	-0.01814	-0.00907	-0.02489	0.03108	2.05093	0.00000
10657	0.00000	-0.02035	-0.00735	-0.01059	-0.02668	-0.02035	-0.02024	0.00934	2.05093	0.00000
10677	0.00000	-0.02680	-0.00252	-0.00580	-0.03198	-0.02680	-0.01838	0.00362	2.04940	0.00000
10697	0.00000	-0.02358	-0.00413	-0.00712	-0.02903	-0.02358	-0.01838	0.00530	2.04940	0.00000
10717	0.00000	-0.01713	-0.01058	-0.01315	-0.02468	-0.01713	-0.02210	0.00562	2.04940	0.00000
10737	0.00000	-0.01552	0.01199	0.01081	-0.01216	-0.01552	0.00488	0.01261	2.04940	0.00000
10757	0.00000	0.04411	-0.00091	0.00423	0.05024	0.04411	0.02442	0.03473	2.04940	0.00000
10777	0.00000	0.04734	0.00232	0.00893	0.05533	0.04734	0.03001	0.03962	2.04940	0.00000
10797	0.00000	0.00221	0.00554	0.00610	0.00516	0.00221	0.00767	0.00718	2.04940	0.00000
10817	0.00000	-0.01713	0.00393	0.00183	-0.01785	-0.01713	-0.00535	0.01709	2.05093	0.00000
10837	0.00000	0.06184	0.00554	0.01681	0.07290	0.06184	0.04210	0.02395	2.05400	0.00000
10857	0.00000	-0.01552	0.24085	0.25191	0.09601	-0.01552	0.26915	0.00270	2.04940	0.00000
10877	0.00000	-0.02358	-0.01058	-0.01445	-0.03184	-0.02358	-0.02582	0.01885	2.05093	0.00000
10897	0.00000	-0.01713	0.01521	0.01380	-0.01272	-0.01713	0.00767	0.02048	2.05093	0.00000
10917	0.00000	-0.02197	0.23763	0.24775	0.08709	-0.02197	0.26171	0.01326	2.04940	0.00000
10937	0.00000	0.00221	0.01199	0.01289	0.00820	0.00221	0.01512	0.00973	2.04940	0.00000
10957	0.00000	0.01188	0.00877	0.01063	0.01779	0.01188	0.01698	0.00722	2.05093	0.00000
10977	0.00000	0.00382	-0.00735	-0.00730	0.00091	0.00382	-0.00628	0.03853	2.04940	0.00000
10997	0.00000	-0.01552	0.01682	0.01590	-0.00987	-0.01552	0.01047	0.02561	2.04940	0.00000
11017	0.00000	0.00221	-0.00735	-0.00749	-0.00094	0.00221	-0.00721	0.01457	2.04940	0.00000
11037	0.00000	-0.02035	-0.00735	-0.00830	-0.02748	-0.02035	-0.02024	0.00940	2.04326	0.00000
11057	0.00000	0.01027	0.00554	0.00704	0.01441	0.01027	0.01233	0.01507	2.04940	0.00000
11077	0.00000	0.00866	-0.02025	-0.02031	0.00037	0.00866	-0.01838	0.01694	2.04940	0.00000
11097	0.00000	0.00221	0.00232	0.00258	0.00372	0.00221	0.00395	0.01927	2.04633	0.00000
11117	0.00000	0.00704	0.01038	0.01154	0.01319	0.00704	0.01605	0.01362	2.04786	0.00000
11137	0.00000	0.01833	-0.01541	-0.01431	0.01353	0.01833	-0.00721	0.03971	2.04786	0.00000
11157	0.00000	-0.00101	0.00554	0.00572	0.00145	-0.00101	0.00581	0.03248	2.04940	0.00000
11177	0.00000	0.06346	0.01199	0.01875	0.07888	0.06346	0.05048	0.02705	2.04940	-335.44031
11197	0.00000	0.01672	0.01521	0.01799	0.02639	0.01672	0.02722	0.05802	2.04940	0.00000
11217	0.00000	-0.02519	-0.00091	-0.00242	-0.02952	-0.02519	-0.01559	0.01937	2.04480	0.00000
11237	0.00000	-0.02035	-0.01219	-0.01474	-0.02939	-0.02035	-0.02582	0.01448	2.04786	0.00000
11257	0.00000	-0.02519	-0.00413	-0.00626	-0.03111	-0.02519	-0.01931	0.01205	2.04480	0.00000
11277	0.00000	-0.02358	-0.00735	-0.00948	-0.03089	-0.02358	-0.02210	0.00934	2.04633	0.00000
11297	0.00000	-0.02519	-0.00413	-0.00573	-0.03121	-0.02519	-0.01931	0.01068	2.04480	0.00000
11317	0.00000	-0.02197	-0.00896	-0.01102	-0.02986	-0.02197	-0.02303	0.01068	2.04633	0.00000
11337	0.00000	-0.02358	-0.00735	-0.00895	-0.03105	-0.02358	-0.02210	0.00606	2.04480	0.00000
11357	0.00000	-0.01391	0.01521	0.01468	-0.00829	-0.01391	0.00954	0.02871	2.04633	0.00000
11377	-1.00000	0.35356	-0.17497	-0.30602	0.17705	0.35356	0.00209	0.33176	2.64918	47.93703
11397	-1.00000	-0.07676	0.38430	-0.23632	0.33104	-0.07676	0.39943	0.46383	3.69076	53.68948
11417	-1.00000	-0.28307	0.09580	-0.15095	0.24522	-0.28307	-0.05281	0.44080	4.68938	53.82404
11437	-1.00000	0.14404	-0.74874	-0.62348	0.49253	0.14404	-0.78141	0.80560	5.64658	52.61691
11457	-1.00000	0.43415	0.08129	-0.36882	0.41371	0.43415	0.34453	0.57721	0.34515	56.81409
11477	-1.00000	-0.00746	0.17477	-0.18977	0.05524	-0.00746	0.19750	0.22358	1.34223	51.93148
11497	-1.00000	-0.16219	-0.26684	-0.34603	0.26073	-0.16219	-0.40176	0.41591	2.27183	45.67638
11517	-1.00000	0.18433	-0.06376	-0.14253	0.12138	0.18433	0.03280	0.16853	3.23977	51.93179
11537	-1.00000	-0.04292	0.19411	-0.01992	0.20294	-0.04292	0.19936	0.11992	4.29668	48.99707
11557	-1.00000	-0.75691	0.48261	-0.43039	0.63412	-0.75691	0.12027	0.77433	5.28610	45.67579
11577	-1.00000	0.12148	-0.68266	-0.54167	0.48689	0.12148	-0.71814	0.71338	6.23103	52.61691
11597	-1.00000	0.08763	-0.04603	-0.07017	0.05254	0.08763	-0.00256	0.06690	0.96181	49.97932
11617	-1.00000	-0.11061	0.59866	-0.56464	0.29495	-0.11061	0.62741	0.66994	1.92208	48.56945
11637	-1.00000	-0.20087	-0.09922	-0.27644	0.13066	-0.20087	-0.23054	0.30476	2.86087	48.63797
11657	-1.00000	0.75972	-0.38933	-0.62996	0.42467	0.75972	-0.01094	0.79803	3.88711	51.52922
11677	-1.00000	-0.23310	0.67602	-0.35505	0.58785	-0.23310	0.64602	0.70194	4.81823	46.60208
11697	-1.00000	-0.57317	-0.21688	-0.53540	0.61625	-0.57317	-0.58135	0.83577	5.76010	47.44284
11717	-1.00000	0.16661	-0.17819	-0.10646	0.16859	0.16661	-0.10957	0.17297	0.47860	59.65481
11737	-1.00000	0.46639	0.16994	-0.47058	0.46118	0.46639	0.46549	0.68818	1.46342	47.19954
11757	-1.00000	-0.61024	0.46327	-0.55872	0.30585	-0.61024	0.18261	0.67674	2.38841	45.67698
11777	-1.00000	0.08924	-0.34743	-0.29244	0.21137	0.08924	-0.34965	0.38897	3.36249	57.26878
11797	-1.00000	0.05056	-0.06054	-0.06472	0.00489	0.05056	-0.04071	0.07235	4.39332	50.61372
11817	-1.00000	-0.13801	0.45682	-0.20168	0.42294	-0.13801	0.44781	0.45709	5.39348	48.99707
11837	-1.00000	-0.18797	0.01199	-0.12322	0.17062	-0.18797	-0.09468	0.18099	0.08590	52.61691
11857	-1.00000	0.15049	-0.64559	-0.45708	0.49739	0.15049	-0.65858	0.63922	1.09833	51.00176
11877	-1.00000	0.60016	0.19895	-0.62767	0.54615	0.60016	0.57623	0.82228	2.02639	47.32057
11897	-1.00000	-0.43779	0.28920	-0.37522	0.23966	-0.43779	0.08119	0.62507	2.96365	49.36091
11917	-1.00000	0.00866	-0.18464	-0.09707	0.18438	0.00866	-0.20821	0.32357	3.99909	49.97947
11937	-1.00000	0.60177	-0.46992	-0.43856	0.45585	0.60177	-0.19518	0.67051	4.99464	65.35776
11957	-1.00000	-0.17991	0.68891	-0.42138	0.57717	-0.17991	0.69161	0.57959	5.95338	64.70786
11977	-1.00000	-0.33303	0.04745	-0.14128	0.33141	-0.33303	-0.13749	0.27259	0.68876	50.61357
11997	-1.00000	0.22302	-0.86156	-0.61331	0.65088	0.22302	-0.86609	0.80698	1.66130	48.56913
12017	-1.00000	0.23107	0.33917	-0.43391	0.37520	0.23107	0.52505	0.64889	2.56942	45.67698
12037	-1.00000	-0.30885	0.28759	-0.28056	0.20078	-0.30885	0.15377	0.37139	3.57878	53.02665
12057	-1.00000	-0.18153	0.02972	-0.18900	0.04687	-0.18153	-0.07049	0.22193	4.60348	51.00084
12077	-1.00000	0.74682	-0.59563	-0.62224	0.48609	0.74682	-0.25660	0.81225	5.55915	45.79060
12097	-1.00000	-0.08160	0.50840	-0.37544	0.39655	-0.08160	0.53994	0.47848	0.24390	58.04252
12117	-1.00000	-0.22988	0.06679	-0.13949	0.19098	-0.22988	-0.05560	0.43200	1.25019	49.97947
12137	-1.00000	0.20529	-0.55534	-0.49925	0.25710	0.20529	-0.52273	0.67771	2.18132	48.56882
12157	-1.00000	0.00543	0.17638	-0.10989	0.17526	0.00543	0.20681	0.19759	3.14006	49.97947
12177	-1.00000	-0.23633	0.16671	-0.06900	0.23287	-0.23633	0.05606	0.21742	4.18470	55.78128
12197	-1.00000	-0.51032	-0.19431	-0.46382	0.56090	-0.51032	-0.51900	0.68469	5.19252	48.06220
12217	-1.00000	0.67591	-0.57790	-0.56649	0.46112	0.67591	-0.27707	0.70873	6.14053	49.48221
12237	-1.00000	-0.00424	-0.10889	0.05863	-0.11407	-0.00424	-0.12818	0.00375	0.86210	53.28966
12257	-1.00000	-0.59735	0.42781	-0.50084	0.35803	-0.59735	0.14912	0.65786	1.82544	61.35911
12277	-1.00000	0.31005	-0.32970	-0.22884	0.29055	0.31005	-0.20169	0.31953	2.73969	66.01962
12297	-1.00000	0.35356	0.05551	-0.21924	0.38582	0.35356	0.26822	0.31791	3.79507	56.07194
12317	-1.00000	-0.09449	0.45199	-0.36619	0.30535	-0.09449	0.46736	0.49007	4.80136	52.47844
12337	-1.00000	-0.54255	-0.15724	-0.59900	0.42477	-0.54255	-0.49481	0.78258	5.74322	47.56543
12357	-1.00000	0.47606	-0.40545	-0.29866	0.41805	0.47606	-0.19332	0.45772	0.45099	53.32018
12377	-1.00000	0.06346	0.35851	-0.22619	0.39482	0.06346	0.45061	0.36662	1.43581	49.11745
12397	-1.00000	-0.59735	0.38107	-0.51589	0.31581	-0.59735	0.09514	0.73558	2.38227	45.67698
12417	-1.00000	-0.05098	-0.16852	-0.22708	0.03483	-0.05098	-0.22403	0.24552	3.36249	57.26878
12437	-1.00000	0.02155	-0.07343	-0.06584	-0.03693	0.02155	-0.07235	0.08944	4.39486	54.92530
12457	-1.00000	-0.61991	0.41814	-0.45635	0.43774	-0.61991	0.12492	0.60218	5.26462	49.48339
12477	-1.00000	0.10858	-0.57790	-0.45267	0.41526	0.10858	-0.60461	0.69023	6.23103	52.06738
12497	-1.00000	0.06184	-0.07827	-0.08254	-0.00011	0.06184	-0.05467	0.08876	0.96027	50.48544
12517	-1.00000	-0.11222	0.63411	-0.60745	0.29838	-0.11222	0.66742	0.70743	1.92208	48.44164
12537	-1.00000	-0.05581	-0.19431	-0.19363	0.17738	-0.05581	-0.25660	0.26498	2.84400	46.01955
12557	-1.00000	0.35679	-0.33937	-0.28923	0.27960	0.35679	-0.18587	0.42579	3.87790	53.42237
12577	-1.00000	0.20690	0.02811	-0.22891	0.11607	0.20690	0.15191	0.28010	4.87959	47.07883
12597	-1.00000	-0.61024	0.46649	-0.53488	0.34782	-0.61024	0.18634	0.67930	5.83373	46.25081
12617	-1.00000	0.06829	-0.33614	-0.16983	0.31211	0.06829	-0.34872	0.37529	0.55684	49.36076
12637	-1.00000	0.27620	-0.25395	-0.29472	0.08549	0.27620	-0.13377	0.34167	1.53705	46.36701
12657	-1.00000	-0.19442	0.36979	-0.31853	0.18812	-0.19442	0.31475	0.36575	2.46357	50.48558
12677	-1.00000	-0.35237	-0.04120	-0.32427	0.28636	-0.35237	-0.25101	0.45797	3.48981	55.49300
12697	-1.00000	0.19239	-0.27329	-0.14351	0.24129	0.19239	-0.20449	0.23104	4.49917	52.61691
12717	-1.00000	0.61950	0.25536	-0.56326	0.70153	0.61950	0.65253	0.84006	5.47018	48.56945
12737	-1.00000	-0.20409	0.21345	-0.14448	0.19319	-0.20409	0.12864	0.17619	0.17794	59.82097
12757	-1.00000	-0.45391	-0.13307	-0.38867	0.47726	-0.45391	-0.41572	0.52967	1.19344	51.39610
12777	-1.00000	0.70170	-0.61981	-0.65543	0.39894	0.70170	-0.31057	0.88190	2.12610	46.01955
12797	-1.00000	0.00060	0.31822	-0.35548	0.09428	0.00060	0.36779	0.41778	3.07103	52.06738
12817	-1.00000	-0.09127	0.02327	-0.05793	0.07511	-0.09127	-0.02582	0.05665	4.10647	50.48498
12837	-1.00000	0.25847	-0.89863	-0.42286	0.82295	0.25847	-0.88842	0.79889	5.09895	41.45789
12857	-1.00000	0.23752	0.19411	-0.34128	0.26541	0.23752	0.36128	0.52322	6.01167	49.48339
12877	-1.00000	-0.18153	0.19250	-0.12970	0.17299	-0.18153	0.11748	0.17331	0.75472	51.52906
12897	-1.00000	-0.32497	-0.08794	-0.39872	0.17389	-0.32497	-0.28916	0.45959	1.72573	46.13489
12917	-1.00000	0.63723	0.19411	-0.65941	0.56711	0.63723	0.59205	0.85655	2.60470	47.44223
12937	-1.00000	-0.45068	0.37301	-0.25700	0.40758	-0.45068	0.17052	0.42159	3.60486	53.42237
12957	-1.00000	-0.35237	-0.07182	-0.33506	0.30641	-0.35237	-0.28637	0.46442	4.62035	52.20368
12977	-1.00000	0.55664	-0.39739	-0.27397	0.50363	0.55664	-0.13749	0.50610	5.58829	48.99707
12997	-1.00000	0.04573	0.21184	-0.12391	0.24531	0.04573	0.27101	0.23167	0.30066	56.66420
13017	-1.00000	-0.54255	0.34078	-0.20887	0.50713	-0.54255	0.08026	0.46299	1.30695	49.11775
13037	-1.00000	-0.10578	-0.17497	-0.23725	0.15533	-0.10578	-0.26311	0.29053	2.26722	44.78731
13057	-1.00000	0.12792	-0.10889	-0.13542	0.02670	0.12792	-0.05188	0.12214	3.24437	52.89604
13077	-1.00000	-0.02197	0.06840	-0.00636	0.06955	-0.02197	0.06630	0.01408	4.29515	53.42237
13097	-1.00000	-0.86006	0.57609	-0.51801	0.70695	-0.86006	0.16866	0.79263	5.28610	49.23785
13117	-1.00000	0.01833	-0.24105	-0.15161	0.22145	0.01833	-0.26776	0.29018	6.26938	48.99707
13137	-1.00000	0.36162	-0.32164	-0.32638	0.22509	0.36162	-0.16261	0.43423	0.99555	47.93689
13157	-1.00000	-0.20570	0.70825	-0.44511	0.57690	-0.20570	0.69906	0.60397	1.95276	45.67668
13177	-1.00000	-0.42006	-0.06376	-0.48041	0.21353	-0.42006	-0.31615	0.55658	2.87928	45.45141
13197	-1.00000	0.34389	-0.32003	-0.20531	0.32454	0.34389	-0.17099	0.35317	3.89478	52.20306
13217	-1.00000	0.33100	0.10869	-0.35514	0.28923	0.33100	0.31661	0.46703	4.89340	51.79690
13237	-1.00000	-0.84072	0.53257	-0.51365	0.67804	-0.84072	0.12957	0.80783	5.85367	44.78789
13257	-1.00000	-0.05420	0.02166	-0.05322	-0.01201	-0.05420	-0.00628	0.07239	0.58751	53.28966
13277	-1.00000	0.65496	-0.50376	-0.53828	0.42494	0.65496	-0.20355	0.71233	1.55699	49.97947
13297	-1.00000	-0.15252	0.34239	-0.31026	0.14637	-0.15252	0.30730	0.34683	2.46511	47.56543
13317	-1.00000	-0.22021	0.04261	-0.22475	0.06361	-0.22021	-0.07793	0.23876	3.47447	51.52860
13337	-1.00000	0.24397	-0.24266	-0.07586	0.27053	0.24397	-0.13935	0.21471	4.48996	52.34070
13357	-1.00000	0.56792	0.08774	-0.56854	0.42836	0.56792	0.42920	0.71524	5.45637	43.15559
13377	-1.00000	-0.47164	0.39558	-0.41450	0.29097	-0.47164	0.18448	0.51765	0.13806	57.88607
13397	-1.00000	-0.09127	0.00554	-0.10173	0.01114	-0.09127	-0.04630	0.10987	1.15355	49.97916
13417	-1.00000	0.50184	-0.41351	-0.49631	0.20177	0.50184	-0.18774	0.55577	2.10002	61.97890
13437	-1.00000	-0.00101	0.13931	-0.15975	0.01306	-0.00101	0.16028	0.17449	3.04649	51.39641
13457	-1.00000	-0.10094	0.01844	-0.04145	0.09919	-0.10094	-0.03699	0.29852	4.12334	53.28921
13477	-1.00000	0.17950	-0.33614	-0.30071	0.15078	0.17950	-0.28451	0.30606	5.01152	43.60164
13497	-1.00000	-0.18314	0.60188	-0.32248	0.52603	-0.18314	0.58925	0.58206	5.96412	50.48438
13517	-1.00000	-0.17830	0.17800	-0.19033	0.07805	-0.17830	0.10259	0.22851	0.70256	49.97932
13537	-1.00000	0.19078	-0.59885	-0.34861	0.50279	0.19078	-0.58135	0.59534	1.67051	50.61372
13557	-1.00000	0.52118	0.16671	-0.60500	0.38598	0.52118	0.49341	0.75764	2.59396	46.36731
13577	-1.00000	-0.15574	0.16027	-0.10518	0.14913	-0.15574	0.09514	0.15725	3.61099	54.92530
13597	-1.00000	-0.31046	-0.08310	-0.20515	0.36059	-0.31046	-0.27521	0.30427	4.63876	52.47844
13617	-1.00000	0.26814	-0.39578	-0.30743	0.26208	0.26814	-0.30219	0.55676	5.60977	51.39641
13637	-1.00000	0.42448	0.08129	-0.33198	0.42989	0.42448	0.33894	0.45765	0.35128	56.81409
13657	-1.00000	-0.01552	0.17638	-0.18612	0.05925	-0.01552	0.19471	0.22098	1.34990	52.61691
13677	-1.00000	-0.58446	-0.14596	-0.66170	0.39970	-0.58446	-0.50598	0.82257	2.30864	45.67698
13697	-1.00000	0.18595	-0.24266	-0.25382	0.00423	0.18595	-0.17285	0.26653	3.26278	50.48558
13717	-1.00000	0.00543	0.14254	-0.04825	0.16071	0.00543	0.16773	0.11639	4.30128	53.42237
13737	-1.00000	-0.50709	0.49551	-0.53115	0.23038	-0.50709	0.27939	0.59985	5.25235	41.87056
13757	-1.00000	0.05217	-0.39578	-0.39334	0.17388	0.05217	-0.42688	0.45582	6.21416	55.49300
13777	-1.00000	0.10697	-0.00252	-0.05822	0.10731	0.10697	0.05885	0.08028	0.94800	55.78112
13797	-1.00000	-0.07354	0.51162	-0.50814	0.21872	-0.07354	0.54831	0.59214	1.91441	49.08752
13817	-1.00000	-0.12995	-0.11856	-0.21932	0.11701	-0.12995	-0.21193	0.23109	2.85167	49.48339
13837	-1.00000	0.11503	-0.18303	-0.12140	0.13962	0.11503	-0.14493	0.23119	3.91625	56.07256
13857	-1.00000	-1.62079	0.24408	-1.66609	-0.52777	-1.62079	-0.65393	1.77524	4.93021	49.48221
13877	-1.00000	-0.43296	0.34723	-0.24392	0.38824	-0.43296	0.15098	0.35671	5.87668	49.73019
13897	-1.00000	-0.27178	-0.00413	-0.26323	0.17526	-0.27178	-0.16168	0.34206	0.61819	52.06722
13917	-1.00000	0.50829	-0.32970	-0.19276	0.47830	0.50829	-0.08724	0.44550	1.58614	65.19437
13937	-1.00000	-0.18959	0.66151	-0.40342	0.54899	-0.18959	0.65439	0.70373	2.52647	46.60147
13957	-1.00000	-0.17830	0.06034	-0.10843	0.14539	-0.17830	-0.03327	0.28849	3.54963	49.97887
13977	-1.00000	-0.05098	-0.00896	-0.06111	0.02113	-0.05098	-0.03978	0.07041	4.58507	53.42237
13997	-1.00000	0.74038	-0.56178	-0.55404	0.53857	0.74038	-0.22124	0.71044	5.56682	45.67698
14017	-1.00000	-0.08160	0.35851	-0.18134	0.32914	-0.08160	0.36686	0.31822	0.26998	53.17799
14037	-1.00000	-0.36043	0.26825	-0.30622	0.21556	-0.36043	0.10166	0.41602	1.26860	49.48309
14057	-1.00000	0.18433	-0.82288	-0.69421	0.51369	0.18433	-0.84376	0.60305	2.21814	48.06220
14077	-1.00000	0.21657	-0.01702	-0.23575	0.04925	0.21657	0.10538	0.25001	3.16920	50.10504
14097	-1.00000	0.10052	-0.03636	-0.04186	-0.09279	0.10052	0.01605	0.10719	4.20771	56.66436
14117	-1.00000	-0.15735	-0.00091	-0.09544	0.15523	-0.15735	-0.09189	0.15528	5.22934	51.52922
14137	-1.00000	0.08118	-0.40222	-0.37258	0.20522	0.08118	-0.41758	0.45799	6.21722	56.51524
14157	-1.00000	0.03122	-0.06537	-0.05931	-0.02755	0.03122	-0.05746	0.08662	0.95414	49.97932
14177	-1.00000	-0.16541	0.73082	-0.62875	0.43830	-0.16541	0.74837	0.80353	1.93128	49.08752
14197	-1.00000	-0.14607	-0.10083	-0.22587	0.10305	-0.14607	-0.20076	0.22776	2.85320	49.48339
14217	-1.00000	0.13598	-0.20237	-0.15984	0.13043	0.13598	-0.15517	0.13569	3.90552	55.06552
14237	-1.00000	0.30844	0.11675	-0.19889	0.39172	0.30844	0.31289	0.33036	4.92715	52.06738
14257	-1.00000	-0.12673	0.22151	-0.18337	0.12562	-0.12673	0.18261	0.21065	5.89816	51.52922
14277	-1.00000	-0.22827	-0.04281	-0.13837	0.25650	-0.22827	-0.18122	0.22318	0.65808	52.47828
14297	-1.00000	0.09891	-0.42479	-0.39349	0.20674	0.09891	-0.43340	0.46000	1.63522	52.89604
14317	-1.00000	0.41320	0.09096	-0.49446	0.21040	0.41320	0.34360	0.54883	2.57862	44.89713
14337	-1.00000	-0.55061	0.42459	-0.34420	0.46302	-0.55061	0.17238	0.45760	3.59258	53.28981
14357	-1.00000	-0.20087	-0.16208	-0.33452	0.14253	-0.20087	-0.30312	0.32326	4.54672	37.78288
14377	-1.00000	0.20690	0.03455	-0.13532	0.22335	0.20690	0.15935	0.22611	5.50239	52.06738
14397	-1.00000	-0.01552	0.32789	-0.32121	0.18354	-0.01552	0.36965	0.40382	0.23010	56.81409
14417	-1.00000	-0.36043	0.00715	-0.17158	0.37471	-0.36043	-0.19983	0.32554	1.24559	49.97947
14437	-1.00000	0.09891	-0.55695	-0.55406	0.21479	0.09891	-0.58600	0.63526	2.19973	47.19954
14457	-1.00000	0.31811	0.06034	-0.33300	0.23336	0.31811	0.25333	0.43445	3.17841	54.92530
14477	-1.00000	0.09569	-0.03475	-0.04265	-0.08698	0.09569	0.01512	0.10874	4.21078	56.66436
14497	-1.00000	-0.23633	-0.06376	-0.14829	0.27924	-0.23633	-0.21007	0.27606	5.20940	52.47844
14517	-1.00000	0.13115	-0.49248	-0.44242	0.25380	0.13115	-0.49295	0.60532	6.21262	52.06738
14537	-1.00000	0.15855	0.01038	-0.09455	0.16404	0.15855	0.10352	0.12474	0.94647	52.75595
14557	-1.00000	-0.05904	0.42459	-0.43938	0.13620	-0.05904	0.45619	0.46552	1.91287	48.95665
14577	-1.00000	-0.17508	-0.02669	-0.21556	0.03977	-0.17508	-0.13190	0.23058	2.85781	49.97887
14597	-1.00000	0.00060	-0.11050	-0.12707	0.00686	0.00060	-0.12725	0.07955	3.90398	54.78519
14617	-1.00000	0.12954	0.01199	-0.07203	0.13944	0.12954	0.08863	0.11489	4.93942	51.52798
14637	-1.00000	-0.03486	0.35690	-0.37764	0.11070	-0.03486	0.39198	0.44060	5.91656	52.06738
14657	-1.00000	-0.17991	-0.01219	-0.10651	0.18691	-0.17991	-0.11795	0.17788	0.66421	52.06722
14677	-1.00000	0.12792	-0.64076	-0.54609	0.40213	0.12792	-0.66603	0.71016	1.64596	53.17783
14697	-1.00000	0.20851	0.42459	-0.42630	0.48442	0.20851	0.61066	0.55039	2.56788	64.70905
14717	-1.00000	-0.18959	0.16349	-0.09163	0.18394	-0.18959	0.07933	0.17772	3.61866	54.36909
14737	-1.00000	-0.24277	-0.07827	-0.14538	0.30157	-0.24277	-0.23054	0.27717	4.64336	52.61691
14757	-1.00000	0.41320	0.16349	-0.31956	0.50118	0.41320	0.42734	0.46689	5.48705	52.34070
14777	-1.00000	0.05540	0.06679	-0.11761	-0.03376	0.05540	0.10910	0.11835	0.20402	56.81409
14797	-1.00000	-0.18475	-0.03314	-0.09624	0.21418	-0.18475	-0.14493	0.16955	1.23179	52.06707
14817	-1.00000	0.34067	-0.63109	-0.51405	0.36721	0.34067	-0.53203	0.62430	2.18592	48.44101
14837	-1.00000	0.26976	0.03616	-0.29556	0.15625	0.26976	0.19750	0.37434	3.17227	51.13284
14857	-1.00000	0.08280	-0.03797	-0.02420	-0.07928	0.08280	0.00395	0.10470	4.21231	53.03672
14877	-1.00000	-0.24761	-0.08633	-0.15279	0.31118	-0.24761	-0.24264	0.31663	5.21553	51.79690
14897	-1.00000	0.01833	-0.35065	-0.36970	0.13826	0.01833	-0.39431	0.42615	6.20955	52.06738
14917	-1.00000	0.05540	-0.03636	-0.05202	0.02151	0.05540	-0.01001	0.04661	0.95567	52.06722
14937	-1.00000	-0.13962	0.68569	-0.61081	0.38999	-0.13962	0.71115	0.76445	1.92361	48.56945
14957	-1.00000	-0.19442	0.01199	-0.21790	0.00116	-0.19442	-0.09841	0.22788	2.85167	49.36032
14977	-1.00000	0.07957	-0.14918	-0.10433	0.10677	0.07957	-0.12632	0.25581	3.92852	54.92530
14997	-1.00000	0.09247	-0.00735	-0.05870	0.08437	0.09247	0.04490	0.06426	4.94095	52.75484
15017	-1.00000	-0.17186	0.66957	-0.52467	0.45655	-0.17186	0.67393	0.76235	5.94111	52.06738
15037	-1.00000	-0.30885	-0.06376	-0.21368	0.33646	-0.30885	-0.25194	0.31663	0.64887	52.61674
15057	-1.00000	0.15693	-0.64721	-0.55261	0.38792	0.15693	-0.65672	0.70855	1.64596	51.52891
15077	-1.00000	0.19239	0.29565	-0.38388	0.30719	0.19239	0.45247	0.58342	2.56788	46.13489
15097	-1.00000	-0.36365	0.32789	-0.26920	0.29699	-0.36365	0.16866	0.38691	3.58952	53.28981
15117	-1.00000	-0.30885	-0.08471	-0.21537	0.35393	-0.30885	-0.27614	0.35467	4.63569	56.07256
15137	-1.00000	0.28265	-0.42156	-0.32441	0.28167	0.28265	-0.32359	0.46578	5.61130	51.26429
15157	-1.00000	0.44543	0.13448	-0.38436	0.46982	0.44543	0.41245	0.61814	0.34208	43.21072
15177	-1.00000	0.01188	0.14254	-0.17010	0.02442	0.01188	0.17145	0.17941	1.34223	47.81252
15197	-1.00000	-0.61347	-0.19431	-0.68642	0.48973	-0.61347	-0.57856	0.86534	2.31171	46.60208
15217	-1.00000	0.20851	-0.27006	-0.28026	0.03974	0.20851	-0.19146	0.32090	3.26738	69.55096
15237	-1.00000	0.13437	-0.01380	-0.13369	0.06308	0.13437	0.06165	0.16860	4.32583	54.92530
15257	-1.00000	-0.43618	0.23441	-0.10614	0.42347	-0.43618	0.01884	0.23105	5.30757	49.23903
15277	-1.00000	-0.11706	-0.04603	-0.15687	0.06056	-0.11706	-0.12074	0.17189	0.00920	49.60648
15297	-1.00000	0.19078	-0.21849	-0.12645	0.20150	0.19078	-0.14214	0.39830	1.05231	53.17799
15317	-1.00000	0.51474	0.17961	-0.59832	0.40184	0.51474	0.50458	0.75664	2.02332	49.85452
15337	-1.00000	-0.50548	0.18444	-0.34821	0.37480	-0.50548	-0.07886	0.46325	2.96365	54.36849
15357	-1.00000	-0.05098	0.07323	-0.03423	-0.06683	-0.05098	0.05513	0.10324	4.01750	72.32188
15377	-1.00000	0.44382	-0.35710	-0.38059	0.27651	0.44382	-0.15610	0.47585	4.98084	49.73019
15397	-1.00000	-0.18797	0.67602	-0.43869	0.54270	-0.18797	0.67207	0.58860	5.95645	49.97947
15417	-1.00000	-0.10255	0.06356	-0.08515	0.05889	-0.10255	0.01419	0.28307	0.68722	53.82389
15437	-1.00000	0.05701	-0.36677	-0.19793	0.34149	0.05701	-0.39059	0.29566	1.69351	49.11745
15457	-1.00000	0.31005	0.01682	-0.24247	0.27694	0.31005	0.19843	0.33437	2.63231	48.56945
15477	-1.00000	0.02639	0.18283	-0.20910	0.09055	0.02639	0.22635	0.23223	3.67235	57.26878
15497	-1.00000	-0.31046	0.22957	-0.24986	0.20328	-0.31046	0.08584	0.35351	4.70319	52.76608
15517	-1.00000	0.20690	-0.77937	-0.53492	0.60482	0.20690	-0.78048	0.69474	5.66653	48.06220
15537	-1.00000	0.09569	-0.04603	-0.08083	0.05124	0.09569	0.00209	0.07166	0.37889	56.17402
15557	-1.00000	-0.07838	0.26986	-0.09888	0.25943	-0.07838	0.26636	0.38501	1.41280	48.99678
15577	-1.00000	-0.33303	0.03455	-0.25545	0.26244	-0.33303	-0.15238	0.33769	2.35773	48.44101
15597	-1.00000	-0.02197	-0.20237	-0.24227	0.04978	-0.02197	-0.24636	0.33523	3.35635	56.66436
15617	-1.00000	0.00382	-0.12340	-0.10679	-0.09103	0.00382	-0.14028	0.14134	4.40866	49.60648
15637	-1.00000	0.00221	0.15060	-0.09714	0.14577	0.00221	0.17517	0.13931	5.41035	48.99707
15657	-1.00000	-0.41523	0.34723	-0.37645	0.23810	-0.41523	0.16121	0.46128	0.13499	57.26862
15677	-1.00000	-0.02035	-0.03475	-0.04317	0.03524	-0.02035	-0.05188	0.04134	1.14128	48.51992
15697	-1.00000	0.61950	-0.50054	-0.59589	0.27774	0.61950	-0.22030	0.69577	2.10922	46.36701
15717	-1.00000	-0.05098	0.47939	-0.46804	0.24125	-0.05098	0.52412	0.55005	3.08177	52.06738
15737	-1.00000	-0.17186	0.00071	-0.05746	0.18951	-0.17186	-0.09841	0.19596	4.11874	51.00145
15757	-1.00000	0.02477	-0.21043	-0.11323	0.20020	0.02477	-0.22868	0.17222	5.12810	50.10504
15777	-1.00000	0.60338	-0.51666	-0.56282	0.32993	0.60338	-0.24822	0.69818	6.12979	48.99707
15797	-1.00000	-0.07999	0.25697	-0.08650	0.24836	-0.07999	0.25054	0.24965	0.83909	48.75733
15817	-1.00000	-0.74724	0.53419	-0.57711	0.50955	-0.74724	0.18541	0.75726	1.83618	48.52021
15837	-1.00000	0.13276	-0.49893	-0.47133	0.21190	0.13276	-0.49946	0.59261	2.76423	48.44164
15857	-1.00000	0.12148	-0.06699	-0.11144	0.04887	0.12148	-0.00721	0.10867	3.80734	56.81363
15877	-1.00000	-0.04775	0.13448	-0.03083	0.13281	-0.04775	0.12771	0.10045	4.84891	48.99707
15897	-1.00000	-0.48131	0.37301	-0.44365	0.24119	-0.48131	0.15284	0.51789	5.82299	50.87196
15917	-1.00000	-0.03002	-0.03475	-0.05529	0.03386	-0.03002	-0.05746	0.04853	0.57217	53.42222
15937	-1.00000	0.69525	-0.49409	-0.45431	0.55273	0.69525	-0.16913	0.63819	1.57233	50.10474
15957	-1.00000	-0.17186	0.76305	-0.66000	0.45296	-0.17186	0.78187	0.82451	2.50346	49.08752
15977	-1.00000	-0.36849	-0.06376	-0.30818	0.35042	-0.36849	-0.28637	0.41653	3.49748	56.07256
15997	-1.00000	0.11503	-0.48603	-0.27572	0.42663	0.11503	-0.49481	0.45299	4.54519	49.48339
16017	-1.00000	0.21657	-0.20721	-0.24251	0.03357	0.21657	-0.11422	0.25555	5.52693	50.48558
16037	-1.00000	-0.10094	0.47294	-0.28927	0.40551	-0.10094	0.48783	0.43065	0.25464	58.51698
16057	-1.00000	-0.56673	0.40041	-0.41736	0.40653	-0.56673	0.13516	0.58504	1.27934	48.99678
16077	-1.00000	0.15855	-0.49248	-0.38706	0.32086	0.15855	-0.47713	0.82853	2.20893	49.08752
16097	-1.00000	0.23591	0.01521	-0.25766	0.11356	0.23591	0.15377	0.31987	3.17074	50.48558
16117	-1.00000	0.04250	0.10708	-0.15035	0.03399	0.04250	0.14818	0.17888	4.22919	55.49300
16137	-1.00000	0.04089	-0.22171	-0.11989	0.20323	0.04089	-0.23240	0.22449	5.12043	49.97827
16157	-1.00000	0.24236	-0.23299	-0.27174	0.03944	0.24236	-0.12911	0.29395	6.10218	50.87196
16177	-1.00000	-0.00101	0.14415	-0.05968	0.15474	-0.00101	0.16586	0.26246	0.87130	53.28966
16197	-1.00000	-0.80849	0.55514	-0.52105	0.64227	-0.80849	0.17424	0.65120	1.85458	45.67698
16217	-1.00000	0.13276	-0.70523	-0.60664	0.44011	0.13276	-0.73768	0.73262	2.79952	52.61691
16237	-1.00000	0.00543	-0.08310	-0.06340	-0.06800	0.00543	-0.09282	0.11654	3.82882	54.23180
16257	-1.00000	-0.02519	0.33433	-0.15079	0.34044	-0.02519	0.37151	0.27259	4.85812	49.85452
16277	-1.00000	-0.73112	0.47778	-0.41095	0.61841	-0.73112	0.12957	0.80187	5.86287	48.99707
16297	-1.00000	-0.06709	0.05067	-0.05677	-0.04086	-0.06709	0.01977	0.08044	0.59058	52.12556
16317	-1.00000	0.26976	-0.31680	-0.22617	0.25637	0.26976	-0.21007	0.49162	1.60915	50.61342
16337	-1.00000	0.13437	0.37624	-0.36749	0.38098	0.13437	0.51202	0.46035	2.56635	49.60648
16357	-1.00000	-0.61669	0.45360	-0.31590	0.55553	-0.61669	0.16773	0.49954	3.59412	71.43559
16377	-1.00000	-0.22021	-0.05248	-0.13511	0.25587	-0.22021	-0.18774	0.24826	4.65103	56.07256
16397	-1.00000	0.09891	-0.47636	-0.45309	0.21785	0.09891	-0.49295	0.51039	5.62971	52.75484
16417	-1.00000	0.38902	0.05067	-0.29180	0.38252	0.38902	0.28311	0.44977	0.35742	60.83781
16437	-1.00000	-0.24116	0.68246	-0.36034	0.59096	-0.24116	0.64881	0.65505	1.38365	49.60648
16457	-1.00000	-0.49904	-0.16691	-0.44863	0.52820	-0.49904	-0.48085	0.69640	2.33472	48.82711
16477	-1.00000	0.11503	-0.15885	-0.12755	0.10321	0.11503	-0.11702	0.13245	3.32107	55.20769
16497	-1.00000	-0.02841	-0.07182	-0.04567	-0.09268	-0.02841	-0.09934	0.12367	4.39946	53.82404
16517	-1.00000	-0.10578	0.40525	-0.21619	0.36051	-0.10578	0.40687	0.27406	5.39808	50.48558
16537	-1.00000	-0.29435	0.06356	-0.17223	0.25748	-0.29435	-0.09654	0.32820	0.10431	54.36909
16557	-1.00000	0.00060	-0.06699	-0.03947	0.06612	0.00060	-0.07700	0.02831	1.13208	64.54888
16577	-1.00000	0.74521	-0.57145	-0.59722	0.50129	0.74521	-0.22961	0.83502	2.13070	49.11775
16597	-1.00000	-0.04292	0.44071	-0.43749	0.21161	-0.04292	0.48411	0.49200	3.08023	56.66436
16617	-1.00000	-0.11061	0.14093	-0.14186	0.04341	-0.11061	0.09887	0.16707	4.13561	52.76608
16637	-1.00000	-0.00907	-0.11534	-0.08628	0.10861	-0.00907	-0.13842	0.11240	5.12963	49.36091
16657	-1.00000	0.50023	-0.45863	-0.49865	0.24396	0.50023	-0.24078	0.59458	6.12212	50.10504
16677	-1.00000	-0.05259	0.24246	-0.04653	0.25081	-0.05259	0.24961	0.16587	0.86823	53.28966
16697	-1.00000	-0.74241	0.48906	-0.47713	0.58479	-0.74241	0.13609	0.71730	1.85305	45.67698
16717	-1.00000	0.15371	-0.70684	-0.57265	0.47413	0.15371	-0.72744	0.70878	2.80258	53.03672
16737	-1.00000	0.10375	-0.20076	-0.20074	0.00371	0.10375	-0.17192	0.21966	3.86103	52.37998
16757	-1.00000	0.02639	0.18767	-0.11810	0.20135	0.02639	0.23193	0.35134	4.86272	49.97947
16777	-1.00000	-0.77303	0.55836	-0.58039	0.54782	-0.77303	0.19843	0.71383	5.84140	64.70905
16797	-1.00000	-0.10416	0.11836	-0.07999	-0.10153	-0.10416	0.07653	0.12225	0.59672	53.42222
16817	-1.00000	0.25364	-0.21526	-0.14573	0.23133	0.25364	-0.10213	0.19882	1.59841	46.36731
16837	-1.00000	-0.05259	0.37785	-0.24832	0.32537	-0.05259	0.40594	0.29863	2.54181	49.23903
16857	-1.00000	-0.49742	0.38913	-0.30997	0.42148	-0.49742	0.16214	0.40815	3.58798	70.91415
16877	-1.00000	-0.34592	-0.08794	-0.33839	0.30970	-0.34592	-0.30126	0.45899	4.62035	52.06614
16897	-1.00000	0.41803	-0.31036	-0.21906	0.37473	0.41803	-0.11702	0.34760	5.58216	49.48339
16917	-1.00000	0.14726	-0.01380	-0.15506	0.04913	0.14726	0.06909	0.17637	0.31907	59.32523
16937	-1.00000	0.00382	0.15382	-0.17660	0.03406	0.00382	0.17982	0.21183	1.34223	52.06738
16957	-1.00000	-0.49581	-0.13951	-0.58716	0.31803	-0.49581	-0.44735	0.73390	2.30404	46.13489
16977	-1.00000	0.38580	-0.37805	-0.39144	0.20324	0.38580	-0.21379	0.45907	3.28272	53.95927
16997	-1.00000	0.06023	0.04261	-0.07748	0.06838	0.06023	0.08398	0.18403	4.30588	49.36091
17017	-1.00000	0.00060	0.11514	-0.13303	0.00841	0.00060	0.13330	0.15092	5.32752	51.00206
17037	-1.00000	-0.45874	-0.11050	-0.44955	0.40294	-0.45874	-0.39245	0.55958	0.05062	55.49300
17057	-1.00000	0.11987	-0.31519	-0.24630	0.20141	0.11987	-0.29475	0.37224	1.07379	51.93163
17077	-1.00000	0.62111	0.26503	-0.63112	0.65501	0.62111	0.66463	0.79855	2.03866	47.56512
17097	-1.00000	-0.54255	0.41814	-0.34380	0.45267	-0.54255	0.16959	0.40365	3.00814	48.63855
17117	-1.00000	-0.27178	-0.02025	-0.23065	0.23058	-0.27178	-0.18029	0.27981	4.06812	52.06676
17137	-1.00000	0.02961	-0.27006	-0.28094	0.09393	0.02961	-0.29475	0.33138	5.06367	52.06738
17157	-1.00000	0.56309	0.16027	-0.56690	0.50582	0.56309	0.51016	0.69755	6.04235	55.20769
17177	-1.00000	0.10375	0.00393	-0.09104	-0.08141	0.10375	0.06444	0.12513	0.78847	53.03656
17197	-1.00000	-0.22021	0.01521	-0.15514	0.19085	-0.22021	-0.10957	0.20299	1.78862	52.06738
17217	-1.00000	0.33745	-0.50699	-0.38688	0.34163	0.33745	-0.39059	0.46439	2.75196	52.20368
17237	-1.00000	0.19562	-0.02830	-0.14033	0.15814	0.19562	0.08026	0.16713	3.80734	57.26814
17257	-1.00000	-0.01552	0.05067	-0.01278	0.05032	-0.01552	0.04955	0.02792	4.84585	48.99707
17277	-1.00000	-0.43940	0.11030	-0.30777	0.33807	-0.43940	-0.12632	0.42298	5.79998	49.08752
17297	-1.00000	-0.02035	-0.06376	-0.06543	0.05849	-0.02035	-0.08538	0.07725	0.56757	49.48324
17317	-1.00000	0.65657	-0.49409	-0.52185	0.44198	0.65657	-0.19146	0.68166	1.56006	49.36091
17337	-1.00000	-0.09772	0.59060	-0.58599	0.23965	-0.09772	0.62555	0.67023	2.49118	49.08752
17357	-1.00000	-0.36365	-0.06860	-0.29086	0.36229	-0.36365	-0.28916	0.38512	3.50208	55.78128
17377	-1.00000	0.06023	-0.31036	-0.16746	0.28335	0.06023	-0.32359	0.27500	4.54519	49.11775
17397	-1.00000	0.43576	-0.38288	-0.44173	0.17614	0.43576	-0.19053	0.48684	5.53614	49.97947
17417	-1.00000	-0.09611	0.39558	-0.19936	0.36126	-0.09611	0.40129	0.35643	0.26231	58.51698
17437	-1.00000	-0.66182	0.37140	-0.24723	0.61565	-0.66182	0.04676	0.45752	1.29621	63.44951
17457	-1.00000	-0.00746	-0.24589	-0.19713	0.21038	-0.00746	-0.28823	0.27661	2.25802	49.97947
17477	-1.00000	0.08118	-0.16208	-0.15040	-0.06040	0.08118	-0.14028	0.17184	3.25511	54.09520
17497	-1.00000	0.06990	-0.11050	-0.05694	-0.09619	0.06990	-0.08724	0.10662	4.31355	69.20233
17517	-1.00000	-0.10255	0.17961	-0.14463	0.10750	-0.10255	0.14818	0.18074	5.33212	51.00206
17537	-1.00000	-0.44263	-0.11211	-0.42686	0.40237	-0.44263	-0.38501	0.51560	0.05369	55.49300
17557	-1.00000	-0.01874	-0.13629	-0.16799	0.02039	-0.01874	-0.16819	0.30606	1.06612	51.00191
17577	-1.00000	0.36324	0.13126	-0.29672	0.41762	0.36324	0.36128	0.45904	2.05093	48.06220
17597	-1.00000	-0.36043	0.26342	-0.16400	0.33502	-0.36043	0.09608	0.24296	3.02501	64.54888
17617	-1.00000	-0.17024	0.02811	-0.11972	0.13777	-0.17024	-0.06584	0.13054	4.09419	56.66436
17637	-1.00000	0.15371	-0.59724	-0.35453	0.50891	0.15371	-0.60089	0.39128	5.10662	53.68948
17657	-1.00000	0.26492	-0.31036	-0.33463	0.01959	0.26492	-0.20542	0.36379	6.11138	50.10504
17677	-1.00000	-0.07515	0.34400	-0.10686	0.34556	-0.07515	0.35383	0.34266	0.85289	66.85621
17697	-1.00000	1.10785	-1.41438	-1.15818	-0.93433	1.10785	-0.99357	1.54042	1.86379	47.19924
17717	-1.00000	0.02800	-0.27006	-0.18105	0.23541	0.02800	-0.29568	0.28166	2.83480	49.97947
17737	-1.00000	0.31972	-0.27973	-0.18563	0.29480	0.31972	-0.13842	0.30550	3.89324	54.92469
17757	-1.00000	0.24397	0.08613	-0.15950	0.30300	0.24397	0.24031	0.29078	4.92408	52.06738
17777	-1.00000	-0.02035	0.30693	-0.33719	0.06424	-0.02035	0.34266	0.36915	5.91196	52.61691
17797	-1.00000	-0.12028	0.01038	-0.06201	0.11800	-0.12028	-0.05746	0.29854	0.67955	53.95913
17817	-1.00000	0.18272	-0.65688	-0.40147	0.54645	0.18272	-0.65300	0.70360	1.67357	50.10504
17837	-1.00000	0.52280	0.16994	-0.48136	0.53814	0.52280	0.49806	0.59839	2.62004	52.47781
17857	-1.00000	0.04411	0.18283	-0.21927	0.09916	0.04411	0.23658	0.22919	3.67082	59.45679
17877	-1.00000	-0.16863	-0.00735	-0.12286	0.15668	-0.16863	-0.10585	0.20769	4.64796	36.62033
17897	-1.00000	0.04895	-0.36515	-0.37585	0.12595	0.04895	-0.39338	0.44029	5.62511	52.20243
17917	-1.00000	0.07474	-0.05893	-0.07712	0.01601	0.07474	-0.02489	0.06462	0.37889	62.06859
17937	-1.00000	0.10697	0.20540	-0.30163	-0.09912	0.10697	0.29893	0.33299	1.30542	40.36803
17957	-1.00000	0.09247	-0.39739	-0.24193	0.33824	0.09247	-0.40548	0.39803	2.24882	50.10504
17977	-1.00000	0.15693	-0.25233	-0.25282	-0.03174	0.15693	-0.20076	0.26959	3.26585	53.28981
17997	-1.00000	0.06346	-0.03153	-0.06082	-0.01810	0.06346	0.00023	0.11462	4.29975	49.48339
18017	-1.00000	-0.76336	0.15382	-0.72037	0.36461	-0.76336	-0.26311	0.79602	5.16798	31.71029
18037	-1.00000	0.22140	-0.28134	-0.29626	-0.00774	0.22140	-0.19704	0.32025	6.10985	50.87196
18057	-1.00000	-0.02841	0.20540	-0.04694	0.21757	-0.02841	0.22077	0.16644	0.87437	53.42222
18077	-1.00000	-0.61991	0.43426	-0.37453	0.51439	-0.61991	0.14353	0.48430	1.86225	49.48309
18097	-1.00000	0.09891	-0.58113	-0.42025	0.45829	0.09891	-0.61392	0.40436	2.81946	50.23125
18117	-1.00000	0.22302	-0.28296	-0.26782	0.13112	0.22302	-0.19797	0.31017	3.87330	52.63675
18137	-1.00000	0.34389	0.09096	-0.36695	0.27522	0.34389	0.30358	0.46522	4.88880	51.00206
18157	-1.00000	-0.71662	0.50034	-0.45636	0.57634	-0.71662	0.16400	0.56900	5.85981	49.48339
18177	-1.00000	-0.23633	0.00877	-0.23191	0.13424	-0.23633	-0.12632	0.26751	0.61666	56.07249
18197	-1.00000	0.37291	-0.36838	-0.22640	0.36320	0.37291	-0.21007	0.35477	1.60301	51.52891
18217	-1.00000	0.44866	0.13770	-0.54031	0.28991	0.44866	0.41804	0.65582	2.58322	48.99707
18237	-1.00000	-0.24277	0.24730	-0.18009	0.21827	-0.24277	0.14539	0.22419	3.61099	57.66861
18257	-1.00000	-0.19926	-0.06537	-0.12302	0.24672	-0.19926	-0.19053	0.21440	4.64796	56.51524
18277	-1.00000	0.18272	-0.78581	-0.62350	0.53629	0.18272	-0.80188	0.71920	5.65119	52.06738
18297	-1.00000	0.05862	-0.06376	-0.07046	-0.00734	0.05862	-0.03978	0.06780	0.37583	61.35924
18317	-1.00000	-0.07515	0.21668	-0.07594	0.20650	-0.07515	0.20681	0.20924	1.40819	49.23874
18337	-1.00000	-0.39750	0.32789	-0.40982	0.11078	-0.39750	0.14912	0.45148	2.37614	45.67698
18357	-1.00000	0.10052	-0.55534	-0.41245	0.42436	0.10052	-0.58321	0.48422	3.39470	54.36849
18377	-1.00000	0.30199	-0.28134	-0.26959	0.20289	0.30199	-0.15051	0.32589	4.43320	53.68829
18397	-1.00000	0.01672	0.21507	-0.16465	0.19930	0.01672	0.25799	0.05757	5.40728	49.73019
18417	-1.00000	-0.54255	0.37624	-0.29178	0.47317	-0.54255	0.12120	0.34900	0.16414	57.26862
18437	-1.00000	-0.45391	-0.11373	-0.40704	0.44167	-0.45391	-0.39338	0.56542	1.19190	51.93148
18457	-1.00000	0.48895	-0.38933	-0.31967	0.40600	0.48895	-0.16726	0.44129	2.15218	50.10504
18477	-1.00000	0.00543	0.09096	-0.06854	0.08385	0.00543	0.10817	0.07100	3.13546	49.48280
18497	-1.00000	0.12631	-0.04442	-0.06172	-0.11230	0.12631	0.02163	0.12418	4.22152	51.52922
18517	-1.00000	-0.27501	-0.04926	-0.15154	0.31488	-0.27501	-0.21565	0.45582	5.22781	52.89604
18537	-1.00000	0.15049	-0.60852	-0.44729	0.44911	0.15049	-0.61578	0.67238	6.23410	52.61691
18557	-1.00000	0.27620	-0.29263	-0.30035	0.13378	0.27620	-0.17843	0.35761	0.99555	49.23888
18577	-1.00000	-0.19926	0.59866	-0.34947	0.49958	-0.19926	0.57623	0.57559	1.94816	50.35780
18597	-1.00000	-0.41200	-0.10567	-0.35596	0.41538	-0.41200	-0.35988	0.51285	2.90996	53.03672
18617	-1.00000	0.02477	-0.23622	-0.12401	0.22810	0.02477	-0.25846	0.16432	3.98835	70.91357
18637	-1.00000	0.45027	-0.30713	-0.22376	0.40200	0.45027	-0.09468	0.31850	5.01612	49.60648
18657	-1.00000	0.12470	0.22474	-0.25558	0.24516	0.12470	0.33150	0.34947	6.00400	49.48339
18677	-1.00000	0.07635	-0.02025	-0.03068	-0.07291	0.07635	0.02070	0.08885	0.77619	52.34055
18697	-1.00000	-0.31369	-0.12501	-0.24001	0.38300	-0.31369	-0.32545	0.34821	1.77482	52.61659
18717	-1.00000	0.38902	-0.31841	-0.24365	0.33528	0.38902	-0.14307	0.31542	2.73202	49.23903
18737	-1.00000	0.11503	-0.07827	-0.11332	0.03102	0.11503	-0.02396	0.09197	3.80120	56.07194
18757	-1.00000	-0.04131	0.16510	-0.06859	0.15754	-0.04131	0.16680	0.09016	4.83511	53.95927
18777	-1.00000	-0.60541	0.44877	-0.52997	0.33773	-0.60541	0.16866	0.66219	5.83526	49.97947
18797	-1.00000	-0.09611	0.12803	-0.05402	-0.12185	-0.09611	0.09235	0.14548	0.58751	52.76593
18817	-1.00000	0.44382	-0.36677	-0.42553	0.20940	0.44382	-0.16726	0.47706	1.54625	50.61372
18837	-1.00000	-0.09127	0.52774	-0.53398	0.18186	-0.09127	0.55669	0.61255	2.48505	48.18801
18857	-1.00000	-0.08321	0.05067	-0.07721	0.03274	-0.08321	0.01047	0.06069	3.53122	56.07256
18877	-1.00000	-0.06709	0.11514	-0.02352	-0.11324	-0.06709	0.09421	0.12418	4.58047	49.23903
18897	-1.00000	0.60983	-0.39417	-0.30076	0.54039	0.60983	-0.10306	0.46527	5.57602	49.60648
18917	-1.00000	0.13921	-0.03636	-0.14385	0.01249	0.13921	0.03838	0.17101	0.31447	56.66420
18937	-1.00000	-0.01391	0.20217	-0.21639	0.06464	-0.01391	0.22542	0.24414	1.35144	51.52922
18957	-1.00000	-0.57479	-0.16691	-0.66228	0.40854	-0.57479	-0.52459	0.83324	2.31018	46.72036
18977	-1.00000	0.43576	-0.41351	-0.41210	0.26657	0.43576	-0.22589	0.46906	3.29192	53.42237
18997	-1.00000	0.32133	0.09257	-0.26971	0.34058	0.32133	0.29242	0.40214	4.34117	52.06738
19017	-1.00000	0.01833	0.18605	-0.22582	0.01219	0.01833	0.22542	0.23405	5.33365	52.61691
19037	-1.00000	-0.19442	0.00554	-0.13883	0.17242	-0.19442	-0.10585	0.15571	0.07977	56.07256
19057	-1.00000	0.03122	-0.15241	-0.07757	0.14108	0.03122	-0.15796	0.14032	1.12594	48.99707
19077	-1.00000	0.41965	-0.36999	-0.44492	0.11105	0.41965	-0.18494	0.46612	2.10155	46.72006
19097	-1.00000	-0.02035	0.38107	-0.39612	0.16409	-0.02035	0.42827	0.45241	3.07410	55.34998
19117	-1.00000	-0.15090	0.18928	-0.18207	0.08303	-0.15090	0.13143	0.22434	4.14635	71.78748
19137	-1.00000	-0.15896	0.02327	-0.17167	-0.00269	-0.15896	-0.06491	0.20024	5.14957	49.23903
19157	-1.00000	0.61789	-0.51021	-0.50671	0.42311	0.61789	-0.23240	0.66985	6.14206	53.42118
19177	-1.00000	0.19884	-0.03475	-0.20143	0.06732	0.19884	0.07467	0.22734	0.89431	55.49285
19197	-1.00000	-0.36365	0.22312	-0.16437	0.32785	-0.36365	0.04769	0.33628	1.86839	48.87669
19217	-1.00000	-0.19442	-0.03314	-0.24194	0.04372	-0.19442	-0.15052	0.24775	2.85934	48.52021
19237	-1.00000	-0.01391	-0.16691	-0.20057	0.01634	-0.01391	-0.20076	0.17297	3.91472	53.17815
19257	-1.00000	0.17950	0.06356	-0.11350	0.22509	0.17950	0.17703	0.16560	4.93175	56.51524
19277	-1.00000	-0.13640	0.62928	-0.48827	0.44708	-0.13640	0.64788	0.55523	5.94264	52.06738
19297	-1.00000	-0.20409	0.06195	-0.11614	0.17409	-0.20409	-0.04630	0.21814	0.69183	50.48544
19317	-1.00000	-0.00424	-0.08633	-0.06806	0.07626	-0.00424	-0.10213	0.09920	1.69351	50.23095
19337	-1.00000	0.26976	-0.27006	-0.31134	0.01390	0.26976	-0.15610	0.34304	2.66606	51.93179
19357	-1.00000	0.01994	0.12642	-0.05623	0.14844	0.01994	0.15749	0.09203	3.74445	56.53508
19377	-1.00000	0.04089	0.03778	-0.07332	-0.02857	0.04089	0.06723	0.08723	4.77528	56.66310
19397	-1.00000	-0.35237	-0.14112	-0.30168	0.40912	-0.35237	-0.36640	0.46422	5.76930	52.47844
19417	-1.00000	0.03444	-0.33131	-0.29300	0.21647	0.03444	-0.36268	0.36336	0.52922	56.66420
19437	-1.00000	0.53085	-0.27167	-0.51881	0.11250	0.53085	-0.00721	0.55523	1.46649	32.12534
19457	-1.00000	-0.47970	0.36496	-0.47108	0.17049	-0.47970	0.14446	0.52025	2.38381	50.23125
19477	-1.00000	0.04734	-0.34743	-0.25168	0.28044	0.04734	-0.37384	0.37103	3.39623	54.23180
19497	-1.00000	0.35195	-0.29907	-0.23819	0.29554	0.35195	-0.14214	0.27941	4.44241	48.99590
19517	-1.00000	0.44382	0.14254	-0.50288	0.34804	0.44382	0.42083	0.65031	5.45637	49.97827
19537	-1.00000	-0.37171	0.29565	-0.24124	0.30989	-0.37171	0.12678	0.35748	0.16414	58.04252
19557	-1.00000	-0.54255	-0.16691	-0.48253	0.56346	-0.54255	-0.50598	0.62489	1.19957	51.13253
19577	-1.00000	0.54536	0.06356	-0.49506	0.45061	0.54536	0.38826	0.62916	2.03713	43.60164
19597	-1.00000	-0.49742	0.35367	-0.30418	0.41180	-0.49742	0.12120	0.46428	3.01274	53.28981
19617	-1.00000	-0.35559	-0.05570	-0.27777	0.34924	-0.35559	-0.26962	0.39489	4.07272	55.49239
19637	-1.00000	0.21012	-0.66655	-0.41980	0.53686	0.21012	-0.64835	0.65953	5.09742	50.48558
19657	-1.00000	0.14404	-0.08149	-0.13365	0.05480	0.14404	-0.01094	0.13120	6.08837	57.26878
19677	-1.00000	0.03767	0.09096	-0.07784	0.10692	0.03767	0.12678	0.15539	0.87437	49.97932
19697	-1.00000	-0.50548	0.30210	-0.25014	0.44292	-0.50548	0.05699	0.48851	1.86225	50.10474
19717	-1.00000	0.05378	-0.30069	-0.19809	0.25219	0.05378	-0.31615	0.29738	2.82713	49.97947
19737	-1.00000	-0.01713	-0.04926	-0.06795	-0.01154	-0.01713	-0.06677	0.10431	3.91625	54.92530
19757	-1.00000	0.12148	-0.08149	-0.10802	-0.06052	0.12148	-0.02396	0.12963	4.86425	50.10504
19777	-1.00000	-0.87457	0.60510	-0.56310	0.69664	-0.87457	0.19378	0.71022	5.85214	65.35776
19797	-1.00000	-0.28629	-0.02025	-0.26203	0.22112	-0.28629	-0.18867	0.30427	0.63200	56.07241
19817	-1.00000	0.00060	-0.14274	-0.16441	0.00440	0.00060	-0.16447	0.17834	1.61682	32.12503
19837	-1.00000	0.39225	0.10708	-0.48350	0.20645	0.39225	0.35011	0.55154	2.58476	49.85452
19857	-1.00000	0.17950	-0.06376	-0.06863	-0.16856	0.17950	0.03001	0.18540	3.63707	59.45617
19877	-1.00000	-0.05098	0.09096	-0.08848	-0.02205	-0.05098	0.07560	0.11320	4.68478	50.10504
19897	-1.00000	0.11181	-0.48442	-0.30408	0.40601	0.11181	-0.49481	0.36393	5.67726	50.87196
19917	-1.00000	0.42770	-0.39578	-0.37135	0.29856	0.42770	-0.21007	0.43083	0.44179	36.91392
19937	-1.00000	0.08602	0.23924	-0.19626	0.27402	0.08602	0.32592	0.29840	1.43427	50.10474
19957	-1.00000	-0.92453	0.62928	-0.65434	0.68097	-0.92453	0.19285	0.71560	2.41909	45.33946
19977	-1.00000	-0.09127	0.09096	-0.05473	-0.08985	-0.09127	0.05234	0.12380	3.43612	57.09622
19997	-1.00000	-0.10578	0.01038	-0.07483	-0.08942	-0.10578	-0.04909	0.11673	4.50070	53.17815
20017	-1.00000	0.15693	-0.09922	-0.15071	0.04986	0.15693	-0.02396	0.16370	5.51466	52.06738
20037	-1.00000	-0.13962	0.53419	-0.37264	0.41001	-0.13962	0.53621	0.53620	0.24850	37.61804
20057	-1.00000	-0.46841	0.34884	-0.38348	0.29977	-0.46841	0.13237	0.49383	1.27474	48.75718
20077	-1.00000	0.24397	-0.79226	-0.57806	0.56950	0.24397	-0.77397	0.81309	2.22581	52.47844
20097	-1.00000	0.12309	-0.04281	-0.10300	0.07076	0.12309	0.02163	0.10063	3.22750	52.06738
20117	-1.00000	-0.01713	0.16994	-0.04356	0.18197	-0.01713	0.18634	0.09869	4.30435	53.28981
20137	-1.00000	-0.12673	0.10869	-0.07090	0.11735	-0.12673	0.05234	0.08908	5.31524	50.35810
20157	-1.00000	-0.31852	-0.06376	-0.23624	0.33459	-0.31852	-0.25753	0.31938	0.07670	55.92654
20177	-1.00000	0.11503	-0.38772	-0.21042	0.33810	0.11503	-0.38129	0.43114	1.11214	49.97932
20197	-1.00000	0.28265	-0.18303	-0.27343	0.08618	0.28265	-0.04816	0.29496	2.08468	48.56913
20217	-1.00000	-0.20570	0.57287	-0.33256	0.47564	-0.20570	0.54273	0.57731	3.10631	56.07256
20237	-1.00000	-0.26534	0.22151	-0.17448	0.22468	-0.26534	0.10259	0.26752	4.16629	49.97947
20257	-1.00000	-0.36204	-0.09116	-0.39610	0.27008	-0.36204	-0.31429	0.49721	5.17565	51.52922
20277	-1.00000	0.48895	-0.37644	-0.31622	0.40281	0.48895	-0.15238	0.39412	6.14973	53.02665
20297	-1.00000	0.30683	0.01521	-0.25785	0.25603	0.30683	0.19471	0.33543	0.91885	52.06722
20317	-1.00000	-0.13479	0.63089	-0.56825	0.34439	-0.13479	0.65067	0.69499	1.92361	48.06220
20337	-1.00000	-0.39105	-0.06376	-0.45809	0.18078	-0.39105	-0.29940	0.50058	2.87775	49.97887
20357	-1.00000	0.19884	-0.13307	0.00506	0.20253	0.19884	-0.03885	0.08088	3.92086	56.66436
20377	-1.00000	0.31811	-0.27167	-0.30787	0.15262	0.31811	-0.13004	0.37937	4.97930	49.11775
20397	-1.00000	-0.15252	0.54063	-0.34854	0.43506	-0.15252	0.53621	0.46525	5.95798	51.00206
20417	-1.00000	-0.41684	0.34884	-0.30278	0.32918	-0.41684	0.16214	0.35126	0.72404	48.99707
20437	-1.00000	-0.21376	-0.03959	-0.26149	0.07688	-0.21376	-0.16913	0.31176	1.72266	65.19437
20457	-1.00000	0.45994	-0.41512	-0.49317	0.11825	0.45994	-0.21379	0.51250	2.67680	47.07883
20477	-1.00000	0.04089	-0.06215	-0.01242	-0.06194	0.04089	-0.04816	0.10879	3.72144	52.50747
20497	-1.00000	0.03444	0.14254	-0.18618	0.02346	0.03444	0.18448	0.20540	4.78295	51.52798
20517	-1.00000	-0.28790	-0.10728	-0.24218	0.32923	-0.28790	-0.29009	0.33758	5.77084	36.42709
20537	-1.00000	0.07796	-0.34420	-0.24444	0.26557	0.07796	-0.35244	0.42688	0.53536	55.49285
20557	-1.00000	0.17628	-0.20076	-0.21894	0.00662	0.17628	-0.13004	0.23295	1.53398	50.61342
20577	-1.00000	-0.09288	0.59866	-0.59479	0.24780	-0.09288	0.63764	0.67548	2.48812	52.34070
20597	-1.00000	-0.30079	-0.01380	-0.23849	0.26371	-0.30079	-0.18960	0.23178	3.50668	60.71181
20617	-1.00000	0.03283	-0.20398	-0.12388	0.18065	0.03283	-0.21658	0.20725	4.54825	54.36909
20637	-1.00000	0.57921	-0.48120	-0.52470	0.33026	0.57921	-0.22123	0.68439	5.54994	49.36091
20657	-1.00000	0.01833	0.02005	-0.03332	0.01905	0.01833	0.03373	0.04399	0.28225	56.66420
20677	-1.00000	0.06184	0.02649	-0.07362	-0.05292	0.06184	0.06630	0.10054	1.33610	52.06738
20697	-1.00000	-0.57801	-0.19431	-0.64850	0.47427	-0.57801	-0.55809	0.84146	2.31478	51.93179
20717	-1.00000	0.12631	-0.16208	-0.12778	0.11257	0.12631	-0.11422	0.11623	3.32874	54.36909
20737	-1.00000	0.00221	-0.05087	-0.03355	-0.04670	0.00221	-0.05746	0.09379	4.38719	52.75610
20757	-1.00000	-0.01874	0.10869	-0.05546	0.10211	-0.01874	0.11469	0.08191	5.40575	50.10504
20777	-1.00000	-0.25567	0.19411	-0.12924	0.23349	-0.25567	0.07653	0.15831	0.17027	57.26862
20797	-1.00000	-0.27178	-0.06376	-0.18710	0.30331	-0.27178	-0.23054	0.21963	1.21184	51.39641
20817	-1.00000	0.07796	-0.45863	-0.46715	0.15041	0.07796	-0.48457	0.50475	2.19206	52.61691
20837	-1.00000	0.39225	0.09096	-0.32854	0.39469	0.39225	0.33150	0.44291	3.20295	56.07194
20857	-1.00000	-0.00424	0.21668	-0.15920	0.18987	-0.00424	0.24775	0.11214	4.26907	53.82284
20877	-1.00000	-0.39427	0.24891	-0.19286	0.34902	-0.39427	0.05978	0.36728	5.29070	49.11658
20897	-1.00000	-0.20570	0.04422	-0.21652	-0.00290	-0.20570	-0.06770	0.22927	0.02148	49.48221
20917	-1.00000	-0.05581	-0.06860	-0.12256	-0.02255	-0.05581	-0.11143	0.13764	1.07225	52.61674
20937	-1.00000	0.36646	0.14093	-0.32608	0.40992	0.36646	0.37430	0.49438	2.04480	53.17815
20957	-1.00000	0.22463	-0.06376	-0.07279	-0.21977	0.22463	0.05606	0.23550	3.03268	35.95277
20977	-1.00000	-0.15896	0.00232	-0.07179	0.16749	-0.15896	-0.08910	0.16195	4.10953	50.48498
20997	-1.00000	-0.20409	0.00071	-0.23124	0.04320	-0.20409	-0.11702	0.25643	5.15724	48.52021
21017	-1.00000	0.51635	-0.43929	-0.39919	0.38855	0.51635	-0.20914	0.46279	6.15280	53.02547
21037	-1.00000	0.24397	0.00393	-0.24190	0.14875	0.24397	0.14539	0.31357	0.89891	54.92514
21057	-1.00000	-0.04292	0.23441	-0.24575	0.04369	-0.04292	0.24589	0.26902	1.89907	50.35810
21077	-1.00000	-0.41039	-0.08955	-0.46811	0.25517	-0.41039	-0.34034	0.55628	2.88542	68.34528
21097	-1.00000	0.12309	-0.16530	-0.09036	0.14608	0.12309	-0.11981	0.11087	3.92852	55.34998
21117	-1.00000	0.31005	-0.27651	-0.30534	0.15023	0.31005	-0.14028	0.37575	4.97623	52.76608
21137	-1.00000	-0.17508	0.55675	-0.32445	0.46787	-0.17508	0.54180	0.53303	5.95645	50.23005
21157	-1.00000	-0.39105	0.30210	-0.22341	0.34373	-0.39105	0.12306	0.31227	0.73324	68.51531
21177	-1.00000	-0.45874	-0.12984	-0.54166	0.29843	-0.45874	-0.41478	0.66372	1.73647	45.67668
21197	-1.00000	0.51151	-0.45219	-0.53102	0.17632	0.51151	-0.22682	0.59329	2.68293	51.00206
21217	-1.00000	0.06829	-0.16208	-0.03987	-0.15777	0.06829	-0.14772	0.16402	3.74905	52.76608
21237	-1.00000	0.05217	0.09096	-0.14426	-0.01334	0.05217	0.13516	0.16869	4.77835	52.61565
21257	-1.00000	-0.23633	-0.05409	-0.18431	0.24785	-0.23633	-0.19890	0.21612	5.77237	52.61691
21277	-1.00000	-0.00424	-0.16691	-0.13742	0.13866	-0.00424	-0.19518	0.16484	0.55377	53.82389
21297	-1.00000	0.70170	-0.47314	-0.49621	0.51577	0.70170	-0.14121	0.67788	1.56466	49.60619
21317	-1.00000	-0.71662	0.51162	-0.53911	0.50417	-0.71662	0.17703	0.73913	2.41909	44.89713
21337	-1.00000	-0.12995	0.14737	-0.10238	-0.12432	-0.12995	0.09514	0.16294	3.45146	55.98486
21357	-1.00000	-0.03486	-0.07827	-0.11583	0.00282	-0.03486	-0.11050	0.14577	4.50684	52.34070
21377	-1.00000	0.13759	0.02166	-0.09787	0.14234	0.13759	0.10445	0.15132	5.49472	53.03672
21397	-1.00000	-0.03002	0.18444	-0.11239	0.16291	-0.03002	0.19564	0.18383	0.26384	58.04252
21417	-1.00000	-0.26695	0.15704	-0.09510	0.25090	-0.26695	0.02722	0.23305	1.30849	49.23903
21437	-1.00000	-0.31852	-0.03959	-0.38599	0.07202	-0.31852	-0.22961	0.43151	2.28717	44.78789
21457	-1.00000	0.19562	-0.23299	-0.19418	0.15786	0.19562	-0.15610	0.21044	3.31953	52.89604
21477	-1.00000	0.07313	-0.03475	-0.06437	0.03475	0.07313	0.00209	0.04356	4.37645	57.26878
21497	-1.00000	-0.11222	0.37785	-0.20898	0.32700	-0.11222	0.37151	0.25976	5.39348	50.61372
21517	-1.00000	-0.22665	0.21829	-0.24355	0.08209	-0.22665	0.12120	0.28350	0.12732	54.92530
