0	-1.00000	-0.00992	-0.00449	0.01330	-0.00636	-0.00992	-0.01091	0.00807	4.78755	-0.02095
8377	-1.00000	-0.30970	0.41617	-0.33698	0.27095	-0.30970	0.30175	0.44042	5.31985	44.63978
8397	-1.00000	0.10451	-0.63467	-0.60379	0.31395	0.10451	-0.67251	0.70711	6.22643	50.85034
8417	-1.00000	0.56547	0.21793	-0.53917	0.60266	0.56547	0.57811	0.72312	0.91885	53.46313
8437	-1.00000	-0.84318	0.61441	-0.74198	0.45828	-0.84318	0.22265	0.89662	1.84385	47.68866
8457	-1.00000	0.82657	-0.66207	-0.76728	0.42067	0.82657	-0.28728	0.85650	2.69981	46.48440
8477	-1.00000	-0.05182	0.43551	-0.36956	0.29964	-0.05182	0.47297	0.36287	3.68922	54.18969
8497	-1.00000	-0.58208	-0.99409	-1.58633	-0.15546	-0.58208	-1.48393	1.69713	4.69858	33.16725
8517	-1.00000	0.08034	0.36621	-0.46753	-0.08968	0.08034	0.46924	0.47298	5.31831	37.31315
8537	-1.00000	-0.00025	-0.16405	-0.14139	0.12626	-0.00025	-0.18957	0.17481	6.27552	52.61691
8557	-1.00000	0.55096	-0.35584	-0.32920	0.45140	0.55096	-0.09280	0.46536	1.02470	49.60633
8577	-1.00000	0.08517	0.32753	-0.36461	0.23860	0.08517	0.42737	0.60482	1.98804	52.20337
8597	-1.00000	-0.38384	0.15830	-0.34251	0.17752	-0.38384	-0.03883	0.37431	2.95445	53.89613
8617	-1.00000	-0.10340	0.20503	-0.01370	-0.20457	-0.10340	0.17706	0.20015	4.02977	55.06613
8637	-1.00000	0.09484	-0.13987	-0.12818	0.06293	0.09484	-0.10675	0.36151	5.04219	50.10504
8657	-1.00000	0.60254	0.25822	-0.70810	0.52812	0.60254	0.64604	0.70473	6.05002	54.92530
8677	-1.00000	-0.01798	0.26467	-0.25787	0.14485	-0.01798	0.29523	0.22009	0.82682	37.31299
8697	-1.00000	-0.23556	0.19536	-0.25200	0.00236	-0.23556	0.08959	0.27086	1.80550	52.89604
8717	-1.00000	0.10290	-0.60727	-0.63223	0.15083	0.10290	-0.64181	0.69668	2.78724	58.04204
8737	-1.00000	-0.05182	-0.12698	-0.06644	-0.17157	-0.05182	-0.17654	0.19197	3.84876	60.87243
8757	-1.00000	0.26246	0.08093	-0.33323	0.13362	0.26246	0.24499	0.36034	4.88573	51.66271
8777	-1.00000	-0.42413	0.28562	-0.28842	0.32233	-0.42413	0.08494	0.31314	5.87821	53.15790
8797	-1.00000	-0.01636	0.14701	-0.10661	-0.12082	-0.01636	0.16031	0.16872	0.69489	57.26862
8817	-1.00000	-0.22428	0.01808	-0.24394	-0.05086	-0.22428	-0.10861	0.27219	1.72113	51.66271
8837	-1.00000	0.62027	-0.50251	-0.63733	0.16674	0.62027	-0.22214	0.67902	2.68753	52.61628
8857	-1.00000	0.10451	-0.11570	-0.08253	-0.09734	0.10451	-0.07325	0.13302	3.76132	55.63677
8877	-1.00000	0.04649	0.01324	-0.02258	-0.05854	0.04649	0.04213	0.08422	4.74307	51.66271
8897	-1.00000	-0.12435	0.00518	-0.11633	0.07911	-0.12435	-0.06581	0.36912	5.79385	54.48451
8917	-1.00000	-0.10340	0.23082	0.02223	-0.23016	-0.10340	0.20683	0.22962	0.58905	58.84838
8937	-1.00000	0.49777	-0.31072	-0.36569	0.34512	0.49777	-0.07139	0.40007	1.57847	51.66240
8957	-1.00000	0.27536	0.07932	-0.37171	0.02071	0.27536	0.25057	0.42596	2.57709	51.13284
8977	-1.00000	0.37206	-0.17533	0.07559	-0.36449	0.37206	0.01235	0.36967	3.62940	57.66861
8997	-1.00000	-0.44669	0.32430	-0.39933	0.23163	-0.44669	0.11657	0.40829	4.71392	55.63677
9017	-1.00000	-0.44186	-0.14632	-0.55496	0.25895	-0.44186	-0.42406	0.64848	5.74629	51.39641
9037	-1.00000	0.04327	-0.28493	-0.28366	0.11759	0.04327	-0.30403	0.22946	0.52922	56.21920
9057	-1.00000	0.33499	-0.20273	-0.22382	0.25251	0.33499	-0.04069	0.23103	1.57847	55.06583
9077	-1.00000	0.15770	-0.06573	-0.11530	-0.10863	0.15770	0.01515	0.17902	2.55101	52.20368
9097	-1.00000	0.23345	-0.10603	-0.00016	-0.23378	0.23345	0.01235	0.22686	3.64627	41.01501
9117	-1.00000	-0.47248	0.28562	-0.37076	0.29832	-0.47248	0.05702	0.38674	4.71546	56.21935
9137	-1.00000	-0.38545	-0.10764	-0.50416	0.12108	-0.38545	-0.34683	0.54744	5.73709	50.48558
9157	-1.00000	-0.16464	0.05353	-0.03020	-0.16521	-0.16464	-0.03324	0.17237	0.50468	39.11002
9177	-1.00000	0.46232	-0.30588	-0.42458	0.20218	0.46232	-0.08628	0.45763	1.54932	52.20368
9197	-1.00000	-0.05666	0.40811	-0.34404	0.27773	-0.05666	0.43854	0.49007	2.54641	54.93611
9217	-1.00000	0.36078	-0.15921	0.06722	-0.35529	0.36078	0.02445	0.36972	3.62019	57.52444
9237	-1.00000	-0.47571	0.34203	-0.41829	0.25644	-0.47571	0.12030	0.49952	4.71546	55.49300
9257	-1.00000	-0.45636	-0.18339	-0.56911	0.33193	-0.45636	-0.47524	0.60572	5.75856	51.13284
9277	-1.00000	0.02876	-0.19145	-0.17674	0.10672	0.02876	-0.20446	0.16106	0.54303	62.18843
9297	-1.00000	-0.01636	0.04547	0.04561	0.00643	-0.01636	0.04306	0.06384	1.56006	44.17235
9317	-1.00000	-0.17593	0.59346	-0.48864	0.36451	-0.17593	0.58370	0.54487	2.52033	54.48516
9337	-1.00000	-0.23072	0.21309	-0.23600	0.10136	-0.23072	0.11285	0.20249	3.58645	58.25260
9357	0.00000	0.11418	0.07449	0.05965	-0.18044	0.11418	0.15193	0.20422	4.66637	59.32539
9377	0.00000	-0.25812	-0.04639	-0.32772	0.01655	-0.25812	-0.20260	0.35478	5.72942	55.06613
9397	0.00000	-0.08567	0.00679	-0.05529	-0.07754	-0.08567	-0.04162	0.13861	0.51542	63.53767
9417	0.00000	0.14481	-0.14632	-0.15589	0.06284	0.14481	-0.08535	0.29926	1.58307	55.49269
9437	0.00000	0.06744	-0.15116	-0.08622	-0.12449	0.06744	-0.13560	0.17207	2.66146	41.91216
9457	0.00000	-0.13724	-0.37196	0.17278	-0.49777	-0.13724	-0.50874	0.55092	3.77666	57.42191
9477	0.00000	0.15931	-0.26398	0.11628	-0.23906	0.15931	-0.21283	0.28277	4.82744	37.72095
9497	0.00000	0.19155	-0.07540	0.06174	-0.18284	0.19155	0.02352	0.19073	5.88435	54.23180
9517	0.00000	0.35917	-0.04639	0.08692	-0.38090	0.35917	0.15379	0.39269	0.72404	55.63661
9537	0.00000	-0.20494	-0.00288	-0.23087	0.05904	-0.20494	-0.12164	0.13040	1.75948	54.09489
9557	0.00000	-0.07922	0.16474	0.08688	-0.14001	-0.07922	0.14449	0.17396	2.83940	63.38782
9577	0.00000	-0.39028	0.41778	0.15313	-0.44153	-0.39028	0.25708	0.47899	3.94080	58.04268
9597	0.00000	-0.03248	-0.12698	-0.02997	-0.16584	-0.03248	-0.16538	0.20801	4.95936	54.33605
9617	0.00000	0.08517	-0.04962	-0.05549	-0.06512	0.08517	-0.00812	0.09776	5.99787	54.78519
9637	0.00000	0.30920	-0.38969	0.18085	-0.36956	0.30920	-0.27146	0.41624	0.79920	53.89661
9657	0.00000	-0.03409	0.10833	-0.06112	-0.09240	-0.03409	0.10541	0.12528	1.80856	38.13775
9677	0.00000	-0.10662	0.22599	0.08391	-0.20994	-0.10662	0.19939	0.25804	2.84707	59.15110
9697	0.00000	-0.42091	0.06482	0.04387	-0.45109	-0.42091	-0.16817	0.46492	3.86410	43.82753
9717	0.00000	0.22217	0.09866	0.03167	-0.32712	0.22217	0.24219	0.36656	4.67097	39.94753
9737	0.00000	0.02070	-0.08507	-0.08492	-0.02568	0.02070	-0.08628	0.09781	5.58676	47.19954
9757	0.00000	-0.00025	-0.20434	0.13168	-0.19596	-0.00025	-0.23610	0.28579	0.29452	55.08770
9777	0.00000	-0.09856	0.22599	-0.00048	-0.22659	-0.09856	0.20404	0.27158	1.14282	42.82700
9797	0.00000	0.13836	-0.08346	-0.12284	-0.06575	0.13836	-0.01649	0.17322	2.02332	47.68835
9817	0.00000	0.15448	0.05515	0.09062	-0.19752	0.15448	0.15286	0.28091	2.94218	46.61215
9837	0.00000	-0.06955	-0.29621	0.02522	-0.38762	-0.06955	-0.38219	0.38609	3.75365	33.52973
9857	0.00000	-0.09695	-0.17855	-0.02105	-0.27869	-0.09695	-0.26215	0.26557	4.34117	28.18345
9877	0.00000	-0.03087	-0.13504	-0.01389	-0.17591	-0.03087	-0.17375	0.17507	4.90107	29.66138
9897	0.00000	-0.00025	-0.13020	-0.01680	-0.14954	-0.00025	-0.15049	0.15159	5.45484	16.76487
9917	0.00000	-0.01798	-0.21079	0.01214	-0.25411	-0.01798	-0.25378	0.17736	6.01934	33.90023
9937	0.00000	0.03521	-0.21079	0.01418	-0.22538	0.03521	-0.22307	0.22181	0.27918	26.37215
9957	0.00000	0.18349	-0.07379	-0.03833	-0.18063	0.18349	0.02073	0.21417	0.72557	20.45298
9977	0.00000	-0.10662	0.16313	-0.01643	-0.16485	-0.10662	0.12681	0.15557	1.08606	19.76785
9997	0.00000	0.06583	-0.13343	-0.03526	-0.12868	0.06583	-0.11606	0.16331	1.39592	12.71258
10017	0.00000	-0.05343	0.12123	-0.00426	-0.12143	-0.05343	0.10913	0.14041	1.66897	11.50489
10037	0.00000	0.05133	-0.10442	-0.00416	-0.10433	0.05133	-0.09093	0.10757	1.94662	11.86071
10057	0.00000	-0.06633	0.07287	-0.02794	-0.07564	-0.06633	0.04585	0.09243	2.22120	11.89136
10077	0.00000	0.12869	-0.05284	-0.08208	-0.10000	0.12869	0.01328	0.12720	2.46664	7.94811
10097	0.00000	-0.17109	0.13251	-0.03688	-0.17564	-0.17109	0.05423	0.17591	2.68600	7.68915
10117	0.00000	0.01103	0.04386	-0.00102	-0.05807	0.01103	0.05702	0.07825	2.85934	8.35959
10137	0.00000	0.09162	-0.04801	-0.03272	-0.08562	0.09162	-0.00253	0.11004	3.01120	8.24723
10157	0.00000	0.02715	-0.06573	-0.01468	-0.06441	0.02715	-0.06023	0.08272	3.09864	4.09063
10177	0.00000	-0.04538	-0.02544	-0.00918	-0.07115	-0.04538	-0.05557	0.04314	3.19221	3.89336
10197	0.00000	-0.06794	0.15830	0.13981	-0.07533	-0.06794	0.14356	0.08376	3.25971	4.19122
10217	0.00000	-0.06310	0.00196	-0.03946	-0.05993	-0.06310	-0.03417	0.11572	3.25971	0.00000
10237	0.00000	-0.05021	0.01808	-0.00564	-0.05055	-0.05021	-0.00812	0.05792	3.24590	0.00000
10257	0.00000	-0.04860	0.02130	0.00712	-0.04820	-0.04860	-0.00346	0.05818	3.23056	0.00000
10277	0.00000	-0.04376	0.01163	-0.00134	-0.04531	-0.04376	-0.01184	0.04145	3.23056	0.00000
10297	0.00000	-0.02120	0.00518	-0.00116	-0.02207	-0.02120	-0.00626	0.06384	3.23056	0.00000
10317	0.00000	-0.02442	0.02130	0.01624	-0.02104	-0.02442	0.01049	0.04229	3.22903	0.00000
10337	0.00000	0.05294	-0.00127	0.01599	0.05825	0.05294	0.02910	0.11359	3.23056	0.00000
10357	-1.00000	-0.02765	0.01324	0.00577	-0.02704	-0.02765	-0.00067	0.03222	3.23056	0.00000
10377	-1.00000	0.38979	-0.36874	-0.38110	0.21670	0.38979	-0.20074	0.44966	3.86870	46.25081
10397	-1.00000	-0.20332	0.71756	-0.46614	0.57429	-0.20332	0.71118	0.63890	4.82897	48.06220
10417	-1.00000	-0.54340	-0.11570	-0.65425	0.25937	-0.54340	-0.44733	0.71661	5.73555	47.19954
10437	-1.00000	0.15125	-0.23174	-0.23071	-0.04622	0.15125	-0.18027	0.24986	0.40957	55.70321
10457	-1.00000	-0.27263	0.80460	-0.51782	0.63371	-0.27263	0.77166	0.73102	1.39746	54.48549
10477	-1.00000	-0.43702	-0.05606	-0.53803	0.04480	-0.43702	-0.31705	0.57466	2.29177	46.48440
10497	-1.00000	0.16415	-0.12698	-0.17123	0.01754	0.16415	-0.05185	0.17645	3.25051	53.89677
10517	-1.00000	0.07550	-0.08830	-0.04277	-0.08530	0.07550	-0.05837	0.09391	4.31509	51.13284
10537	-1.00000	-0.60303	0.47903	-0.50063	0.39367	-0.60303	0.20497	0.62844	5.28917	50.23005
10557	-1.00000	-0.04699	-0.03995	-0.08510	0.01818	-0.04699	-0.07325	0.07079	0.00000	52.75610
10577	-1.00000	0.03521	-0.08830	-0.08618	0.02179	0.03521	-0.08163	0.23332	1.04771	51.79675
10597	-1.00000	0.62994	0.26145	-0.73360	0.54918	0.62994	0.66558	0.77429	2.04019	52.47812
10617	-1.00000	-0.46281	0.36460	-0.35736	0.33183	-0.46281	0.15379	0.38682	3.02501	54.92530
10637	-1.00000	-0.07761	0.05353	-0.07906	0.00784	-0.07761	0.01701	0.20794	4.09266	57.73062
10657	-1.00000	-0.07600	-0.48317	-0.60027	0.08727	-0.07600	-0.60179	0.63940	5.06674	41.23616
10677	-1.00000	0.54290	0.19536	-0.67706	0.35613	0.54290	0.53903	0.70203	6.03468	51.52922
10697	-1.00000	-0.08245	0.39522	-0.35937	0.21147	-0.08245	0.40876	0.35037	0.80994	58.67686
10717	-1.00000	-0.40801	0.31302	-0.42166	0.06713	-0.40801	0.12588	0.45208	1.82084	55.08754
10737	-1.00000	0.05133	-0.47833	-0.52224	0.05534	0.05133	-0.52270	0.54574	2.77651	52.75547
10757	-1.00000	-0.02765	-0.13343	-0.08923	-0.14734	-0.02765	-0.17003	0.17225	3.85336	56.21935
10777	-1.00000	0.26891	0.06643	-0.33032	0.13033	0.26891	0.23196	0.35040	4.88880	51.66271
10797	-1.00000	0.04810	0.15830	-0.19871	-0.08461	0.04810	0.21056	0.23259	5.95491	55.06613
10817	-1.00000	0.05777	0.10188	-0.01678	-0.16080	0.05777	0.15100	0.16717	0.68262	58.51698
10837	-1.00000	-0.22428	0.00357	-0.25416	-0.03759	-0.22428	-0.12536	0.26963	1.72113	55.49300
10857	-1.00000	0.74598	-0.55570	-0.65664	0.41204	0.74598	-0.21097	0.59213	2.71515	55.63677
10877	-1.00000	0.13514	-0.07057	-0.13503	-0.00616	0.13514	-0.00347	0.11531	3.78126	60.87243
10897	-1.00000	0.05616	-0.13181	0.03512	-0.12754	0.05616	-0.11978	0.12828	4.85658	55.06613
10917	-1.00000	0.05939	0.07932	-0.10148	-0.09525	0.05939	0.12588	0.15689	5.89816	55.06613
10937	-1.00000	0.02232	0.12767	-0.06532	-0.14808	0.02232	0.16031	0.16831	0.69029	57.11631
10957	-1.00000	-0.26941	-0.02222	-0.32462	-0.00448	-0.26941	-0.18120	0.35957	1.72726	51.26429
10977	-1.00000	0.62994	-0.43482	-0.51856	0.38339	0.62994	-0.13839	0.50725	2.71668	51.66271
10997	-1.00000	-0.00347	-0.20273	-0.00777	-0.23599	-0.00347	-0.23610	0.29721	3.79507	60.23502
11017	-1.00000	0.14642	-0.00610	-0.16566	-0.00017	0.14642	0.07749	0.18858	4.87652	55.63677
11037	-1.00000	0.04166	0.16797	-0.20717	-0.07958	0.04166	0.21800	0.23631	5.90429	51.66271
11057	-1.00000	0.03521	0.12928	-0.05372	-0.16469	0.03521	0.16961	0.16192	0.69336	41.23600
11077	-1.00000	-0.33549	-0.09152	-0.44153	0.08500	-0.33549	-0.29937	0.46845	1.73340	51.00206
11097	-1.00000	0.52356	-0.42676	-0.48322	0.27719	0.52356	-0.19050	0.45929	2.71208	51.79690
11117	-1.00000	-0.02120	-0.17211	0.00758	-0.21188	-0.02120	-0.21097	0.25226	3.79814	59.61082
11137	-1.00000	0.21250	0.06643	-0.27692	0.09066	0.21250	0.19939	0.33630	4.88880	55.06613
11157	-1.00000	0.02554	0.21309	-0.25545	-0.05843	0.02554	0.26080	0.29646	5.90889	53.32034
11177	-1.00000	-0.28552	0.22438	-0.27015	0.13195	-0.28552	0.09424	0.24885	0.71790	56.21920
11197	-1.00000	0.16254	-0.44288	-0.36271	0.26302	0.16254	-0.41755	0.51573	1.65517	52.75579
11217	-1.00000	0.09807	-0.15116	-0.11738	-0.09870	0.09807	-0.11792	0.16267	2.64765	55.08786
11237	-1.00000	0.11096	-0.19145	-0.04587	-0.18669	0.11096	-0.15700	0.19945	3.74905	54.92530
11257	-1.00000	-0.11307	0.38232	-0.31682	0.23222	-0.11307	0.37619	0.36087	4.80903	59.32539
11277	-1.00000	-0.59336	0.44518	-0.58973	0.18352	-0.59336	0.17147	0.63700	5.83680	57.11647
11297	-1.00000	-0.27263	-0.05445	-0.30033	0.18065	-0.27263	-0.22028	0.23033	0.63353	60.23486
11317	-1.00000	0.15931	-0.49929	-0.40870	0.30515	0.15931	-0.48455	0.44888	1.66284	52.20337
11337	-1.00000	0.25924	-0.28654	-0.30670	-0.07717	0.25924	-0.18120	0.34703	2.66606	54.48581
11357	0.00000	0.09162	-0.12376	-0.05630	-0.11543	0.09162	-0.09000	0.14587	3.75979	58.69841
11377	0.00000	-0.05827	0.25339	-0.21717	0.15259	-0.05827	0.25894	0.20116	4.82130	58.99943
11397	0.00000	0.16576	-0.04639	0.02527	-0.16915	0.16576	0.04213	0.17694	5.88588	55.06613
11417	0.00000	-0.00025	0.14057	-0.10113	-0.12676	-0.00025	0.16217	0.15063	0.70103	55.06598
11437	0.00000	-0.14853	0.00357	-0.16265	0.04760	-0.14853	-0.08163	0.11325	1.75948	51.66271
11457	0.00000	-0.10501	0.17925	0.05314	-0.17209	-0.10501	0.14635	0.17750	2.84553	56.81427
11477	0.00000	-0.39673	0.34364	0.10063	-0.41879	-0.39673	0.16775	0.45988	3.94386	36.33123
11497	0.00000	-0.04699	-0.07540	-0.03883	-0.11722	-0.04699	-0.11420	0.06286	4.98544	56.21935
11517	0.00000	-0.13724	-0.09958	0.12936	-0.19953	-0.13724	-0.19422	0.23281	6.07303	61.52347
11537	0.00000	0.08034	-0.22046	0.02456	-0.22177	0.08034	-0.20818	0.22891	0.88511	54.64563
11557	0.00000	0.04649	0.18569	-0.24384	-0.03011	0.04649	0.24126	0.14638	1.92668	58.04268
11577	0.00000	0.21733	-0.07540	0.08819	-0.20232	0.21733	0.03841	0.23099	3.01887	58.99943
11597	0.00000	0.10451	0.22115	-0.00948	-0.33242	0.10451	0.31571	0.36245	4.08959	53.75150
11617	0.00000	-0.11790	0.20826	0.08404	-0.19119	-0.11790	0.17240	0.22713	5.11429	53.46201
11637	0.00000	-0.10340	-0.03028	-0.07846	-0.11617	-0.10340	-0.09466	0.15907	6.20649	56.07256
11657	0.00000	-0.36288	-0.00127	0.15388	-0.39051	-0.36288	-0.21097	0.41860	0.97561	52.20353
11677	0.00000	0.09484	-0.09152	-0.01951	-0.10586	0.09484	-0.05092	0.11588	1.98190	55.06613
11697	0.00000	0.18832	-0.13020	0.05959	-0.18343	0.18832	-0.04162	0.24525	3.06183	57.88623
11717	0.00000	-0.05182	0.41778	0.05825	-0.45170	-0.05182	0.45249	0.47424	4.02363	39.74055
11737	0.00000	0.16415	-0.15921	-0.06395	-0.17545	0.16415	-0.08907	0.31517	4.83511	42.29032
11757	0.00000	-0.17593	0.06643	-0.16676	0.06128	-0.17593	-0.02487	0.15985	5.79998	53.89549
11777	0.00000	-0.30164	0.32108	0.10954	-0.34297	-0.30164	0.19660	0.38607	0.50161	45.85265
11797	0.00000	0.20605	-0.17533	0.07167	-0.21045	0.20605	-0.08349	0.22320	1.33456	45.97743
11817	0.00000	-0.05182	0.02291	-0.02424	-0.04593	-0.05182	-0.00346	0.06441	2.23961	38.13775
11837	0.00000	-0.01798	-0.22368	0.12567	-0.23814	-0.01798	-0.26867	0.28219	3.16000	46.25081
11857	0.00000	-0.33226	0.31302	0.01408	-0.37276	-0.33226	0.16961	0.39911	3.92086	33.34750
11877	0.00000	-0.20655	0.26145	-0.01145	-0.27547	-0.20655	0.18264	0.26607	4.51911	27.74650
11897	0.00000	-0.10662	0.20503	0.00585	-0.20499	-0.10662	0.17520	0.20866	5.11122	27.81838
11917	0.00000	0.38173	0.05353	0.01452	-0.47449	0.38173	0.28221	0.48094	5.74629	35.04027
11937	0.00000	0.12224	0.03097	0.03919	-0.15721	0.12224	0.10634	0.21612	0.07823	34.18341
11957	0.00000	0.07550	0.13090	-0.03472	-0.20595	0.07550	0.19474	0.17436	0.63353	23.84417
11977	0.00000	-0.17270	0.16958	-0.04448	-0.19257	-0.17270	0.09610	0.19872	1.07225	19.87027
11997	0.00000	-0.04699	-0.10119	0.01384	-0.15081	-0.04699	-0.14397	0.20070	1.44654	8.38243
12017	0.00000	0.10613	0.06320	0.01025	-0.17082	0.10613	0.13425	0.15978	1.76715	15.73318
12037	0.00000	-0.05505	0.00357	-0.00251	-0.06155	-0.05505	-0.02766	0.08974	2.10462	15.26353
12057	0.00000	0.09807	-0.08346	0.00034	-0.10581	0.09807	-0.03976	0.11095	2.46051	16.95011
12077	0.00000	-0.07116	0.11478	-0.01085	-0.11536	-0.07116	0.09145	0.09696	2.80258	15.81428
12097	0.00000	0.02232	-0.11731	0.01290	-0.12391	0.02232	-0.12257	0.11565	3.10785	12.43772
12117	0.00000	-0.01798	0.11639	0.04834	-0.11561	-0.01798	0.12402	0.13986	3.36402	11.56270
12137	0.00000	0.11902	0.00035	-0.06281	-0.12246	0.11902	0.06912	0.11311	3.54656	4.23753
12157	0.00000	0.07550	-0.08507	-0.02755	-0.08903	0.07550	-0.05464	0.11114	3.62633	3.93330
12177	0.00000	0.08195	-0.08024	-0.04944	-0.07954	0.08195	-0.04534	0.09302	3.63093	0.00000
12197	0.00000	0.06261	-0.06896	-0.01145	-0.07536	0.06261	-0.04348	0.05643	3.60332	0.00000
12217	0.00000	0.02070	-0.01094	-0.00313	-0.02048	0.02070	-0.00067	0.04446	3.54810	-4.13473
12237	0.00000	0.04166	0.00840	-0.00566	-0.05331	0.04166	0.03376	0.02962	3.47907	0.00000
12257	0.00000	0.03682	0.00357	0.01070	-0.04342	0.03682	0.02538	0.05495	3.46066	0.00000
12277	0.00000	0.03521	-0.01094	0.01922	-0.03049	0.03521	0.00770	0.04962	3.46680	0.00000
12297	0.00000	0.02715	0.02452	-0.01482	-0.04952	0.02715	0.04399	0.05452	3.47140	0.00000
12317	0.00000	0.03360	0.00840	-0.00016	-0.04445	0.03360	0.02910	0.03658	3.47293	0.00000
12337	0.00000	0.01909	0.00196	0.00198	-0.02317	0.01909	0.01328	0.03575	3.47447	0.00000
12357	-1.00000	0.01587	-0.00610	0.00851	-0.01356	0.01587	0.00212	0.03343	3.47447	0.00000
12377	-1.00000	-0.19527	0.09221	-0.15550	0.11827	-0.19527	-0.00626	0.18445	4.11874	48.69794
12397	-1.00000	0.21089	-0.40903	-0.35403	0.20494	0.21089	-0.35055	0.58109	5.05753	47.56543
12417	-1.00000	-0.12435	0.56284	-0.37787	0.45485	-0.12435	0.57811	0.56951	5.97486	48.69794
12437	-1.00000	-0.30809	0.09060	-0.20787	0.23888	-0.30809	-0.07325	0.32812	0.69643	52.75595
12457	-1.00000	0.13353	-0.61533	-0.59710	0.24995	0.13353	-0.63343	0.68791	1.64136	48.69762
12477	-1.00000	-0.00186	0.39038	-0.34199	0.29198	-0.00186	0.44970	0.40468	2.54948	48.18801
12497	-1.00000	-0.10340	0.18569	-0.17920	-0.05017	-0.10340	0.15472	0.20358	3.55884	56.21873
12517	-1.00000	0.00459	-0.08185	-0.05473	0.07392	0.00459	-0.09187	0.03808	4.57586	49.73019
12537	-1.00000	0.88136	-0.61372	-0.69079	0.58259	0.88136	-0.19981	0.77146	5.56835	47.19954
12557	-1.00000	-0.08245	0.34687	-0.22359	0.28522	-0.08245	0.35293	0.23694	0.27612	60.66591
12577	-1.00000	-0.00508	0.05353	-0.05874	-0.00650	-0.00508	0.05888	0.05260	1.32843	51.13284
12597	-1.00000	-0.34354	-0.02383	-0.41027	-0.02638	-0.34354	-0.22586	0.44449	2.28870	46.13489
12617	-1.00000	0.43169	-0.39936	-0.43483	0.20528	0.43169	-0.21190	0.43432	3.29192	58.84792
12637	-1.00000	0.19799	-0.05768	-0.20364	0.00160	0.19799	0.04771	0.20390	4.32429	51.66271
12657	-1.00000	-0.03571	0.08093	-0.08041	0.01068	-0.03571	0.07284	0.07733	5.31524	49.36091
12677	-1.00000	-0.20494	-0.00449	-0.19336	0.14092	-0.20494	-0.12350	0.11967	0.07670	57.88623
12697	-1.00000	-0.10340	0.11478	-0.04223	-0.11922	-0.10340	0.07284	0.12083	1.15662	54.36879
12717	-1.00000	0.39462	-0.27848	-0.28414	0.28941	0.39462	-0.09373	0.29707	2.15218	51.52922
12737	-1.00000	0.46393	0.16313	-0.55675	0.33665	0.46393	0.45622	0.64170	3.19682	55.63677
12757	-1.00000	-0.00025	0.13251	-0.13535	0.07103	-0.00025	0.15286	0.13313	4.25219	57.42191
12777	-1.00000	-0.15336	0.10672	-0.10307	0.11874	-0.15336	0.03469	0.08017	5.30144	55.20769
12797	-1.00000	-0.12596	0.00357	-0.11674	0.08334	-0.12596	-0.06860	0.31817	0.08744	57.73062
12817	-1.00000	-0.16303	0.06643	-0.15254	-0.06008	-0.16303	-0.01742	0.17621	1.17043	51.00206
12837	-1.00000	0.44620	-0.42354	-0.40501	0.29761	0.44620	-0.23144	0.44005	2.16751	51.66271
12857	-1.00000	0.37045	0.07932	-0.43787	0.19697	0.37045	0.30547	0.40584	3.18915	72.68259
12877	-1.00000	0.03682	-0.09475	0.03925	-0.08708	0.03682	-0.08814	0.04127	4.28287	55.78004
12897	-1.00000	-0.05182	0.36298	-0.39016	0.04404	-0.05182	0.38922	0.42420	5.34592	53.89677
12917	-1.00000	0.00136	0.12606	-0.04761	-0.13840	0.00136	0.14635	0.15531	0.10124	62.86824
12937	-1.00000	-0.27424	-0.05445	-0.33308	0.11487	-0.27424	-0.22121	0.34983	1.18270	54.36909
12957	-1.00000	0.06906	-0.21079	-0.21420	-0.01737	0.06906	-0.20353	0.42516	2.17058	49.36091
12977	-1.00000	0.27213	0.03419	-0.28718	0.17382	0.27213	0.19660	0.23290	3.20449	62.18794
12997	-1.00000	0.11257	-0.05929	-0.10469	-0.04151	0.11257	-0.00347	0.11461	4.32583	55.63677
13017	-1.00000	-0.15497	0.62408	-0.60917	0.22638	-0.15497	0.63116	0.62394	5.36433	54.48581
13037	-1.00000	-0.12757	0.20665	-0.19570	-0.07202	-0.12757	0.16496	0.22671	0.12118	63.38782
13057	-1.00000	-0.28230	-0.04478	-0.33264	0.12300	-0.28230	-0.21469	0.35789	1.18884	54.50678
13077	-1.00000	0.06261	-0.46383	-0.50258	0.02724	0.06261	-0.49944	0.52351	2.19513	53.89677
13097	-1.00000	0.34466	0.06320	-0.38116	0.21786	0.34466	0.27197	0.34122	3.19988	55.34998
13117	-1.00000	0.10451	-0.22529	-0.00005	-0.22547	0.10451	-0.19981	0.21423	4.30588	54.23180
13137	-1.00000	-0.12113	0.50482	-0.50663	0.14541	-0.12113	0.51298	0.53993	5.35819	57.42191
13157	-1.00000	-0.02765	0.14379	-0.08705	-0.12532	-0.02765	0.15007	0.15686	0.10891	58.51714
13177	-1.00000	-0.25651	-0.01094	-0.29223	0.07890	-0.25651	-0.16072	0.31447	1.18117	50.61342
13197	-1.00000	-0.00831	-0.14793	-0.16489	-0.06095	-0.00831	-0.17561	0.20320	2.17518	49.97887
13217	-1.00000	0.07712	-0.06251	-0.07672	-0.02872	0.07712	-0.02766	0.08612	3.21983	56.96434
13237	-1.00000	0.13675	-0.04317	-0.13980	-0.00028	0.13675	0.02910	0.11297	4.33963	37.31315
13257	-1.00000	-0.11146	0.36782	-0.30001	0.22863	-0.11146	0.36037	0.36638	5.38581	37.61816
13277	-1.00000	-0.23234	0.24694	-0.25984	0.09627	-0.23234	0.15100	0.19304	0.15647	59.32523
13297	-1.00000	0.10451	0.07932	0.06180	-0.17373	0.10451	0.15193	0.18675	1.23179	58.04236
13317	-1.00000	0.01748	-0.19306	-0.18189	0.11189	0.01748	-0.21283	0.15904	2.25035	37.72095
13337	-1.00000	0.00942	-0.09313	-0.09172	-0.04582	0.00942	-0.10210	0.10578	3.31493	55.06552
13357	0.00000	0.21089	-0.20273	-0.22617	0.07700	0.21089	-0.11234	0.16999	4.42553	56.81427
13377	0.00000	0.44942	0.20987	-0.61671	0.27094	0.44942	0.50181	0.70199	5.45330	49.72900
13397	0.00000	0.14964	-0.09958	-0.03039	-0.14929	0.14964	-0.02859	0.19746	0.25004	63.53769
13417	0.00000	0.18510	-0.09958	0.05908	-0.17559	0.18510	-0.00812	0.18155	1.32536	55.06583
13437	0.00000	-0.26457	0.23727	-0.28914	-0.03300	-0.26457	0.12123	0.26096	2.38074	58.67703
13457	0.00000	0.09807	0.24372	0.12619	-0.32855	0.09807	0.33804	0.40631	3.49287	61.52347
13477	0.00000	-0.25812	0.43390	0.13211	-0.41600	-0.25812	0.35200	0.45019	4.54672	52.20368
13497	0.00000	-0.14691	0.06320	0.05252	-0.13771	-0.14691	-0.01184	0.15834	5.60363	53.68948
13517	0.00000	-0.28069	0.04547	0.08055	-0.29032	-0.28069	-0.10955	0.22173	0.44792	64.27296
13537	0.00000	-0.00025	-0.07702	0.00735	-0.08876	-0.00025	-0.08907	0.15664	1.48489	69.90282
13557	0.00000	0.10290	-0.03028	-0.08722	-0.05982	0.10290	0.02445	0.10188	2.56328	56.21935
13577	0.00000	0.33821	-0.48639	0.18090	-0.46460	0.33821	-0.36637	0.48220	3.68002	58.35813
13597	0.00000	0.12063	0.18247	0.01960	-0.30457	0.12063	0.28035	0.13351	4.65717	50.02125
13617	0.00000	-0.09856	0.13412	0.01341	-0.13831	-0.09856	0.09796	0.15847	5.70641	56.81427
13637	0.00000	-0.34032	0.30980	0.13843	-0.35019	-0.34032	0.16124	0.41999	0.50008	61.35924
13657	0.00000	-0.10017	-0.11409	0.05206	-0.20798	-0.10017	-0.18957	0.23533	1.51097	58.19998
13677	0.00000	0.10290	-0.03350	-0.08339	-0.06374	0.10290	0.02073	0.09836	2.56788	56.07256
13697	0.00000	0.31081	-0.15760	0.07058	-0.30271	0.31081	-0.00253	0.34915	3.60946	49.97947
13717	0.00000	-0.30970	0.18569	0.05454	-0.30691	-0.30970	0.03562	0.33622	4.46388	45.11721
13737	0.00000	0.17221	-0.04962	-0.08079	-0.15780	0.17221	0.04213	0.18036	5.36280	50.29459
13757	0.00000	0.17221	0.05031	0.11998	-0.20017	0.17221	0.15752	0.26609	0.08897	37.92820
13777	0.00000	-0.16948	-0.05284	-0.04739	-0.22739	-0.16948	-0.15886	0.25260	0.99402	53.82389
13797	0.00000	0.00459	0.05515	-0.05965	-0.02934	0.00459	0.06632	0.07910	1.87299	47.19954
13817	0.00000	-0.04699	0.14218	0.08280	-0.11888	-0.04699	0.13704	0.17147	2.82866	47.93703
13837	0.00000	0.14642	-0.31394	0.01299	-0.31388	0.14642	-0.27797	0.32242	3.69996	35.39966
13857	0.00000	-0.08245	-0.21724	-0.02859	-0.30828	-0.08245	-0.29844	0.26637	4.34117	29.33851
13877	0.00000	-0.11790	-0.12698	0.01104	-0.24467	-0.11790	-0.21470	0.22897	4.92408	28.25762
13897	0.00000	-0.09534	0.00357	-0.01222	-0.10738	-0.09534	-0.05092	0.11996	5.56835	31.46636
13917	0.00000	-0.04376	0.15830	0.06122	-0.15158	-0.04376	0.15752	0.16722	6.25557	35.39966
13937	0.00000	-0.07761	0.26145	0.00365	-0.26850	-0.07761	0.25708	0.22083	0.56297	23.12540
13957	0.00000	-0.18076	0.14379	-0.01629	-0.19029	-0.18076	0.06167	0.22611	1.04464	25.42500
13977	0.00000	-0.19204	-0.03995	0.04660	-0.24361	-0.19204	-0.15700	0.16154	1.50023	23.66044
13997	0.00000	0.04649	-0.12053	0.00991	-0.12117	0.04649	-0.11234	0.10228	1.96810	23.59977
14017	0.00000	0.10129	-0.06412	0.01276	-0.10168	0.10129	-0.01556	0.11658	2.43903	24.47849
14037	0.00000	0.04327	0.03419	0.01902	-0.07527	0.04327	0.06446	0.11860	2.89922	16.62856
14057	0.00000	-0.17270	0.11478	-0.00878	-0.17556	-0.17270	0.03283	0.16840	3.30726	20.56216
14077	0.00000	0.16898	-0.14954	-0.04970	-0.17812	0.16898	-0.07512	0.18836	3.62326	11.89136
14097	0.00000	-0.14530	0.03742	-0.04002	-0.14548	-0.14530	-0.04069	0.17114	3.83955	12.57365
14117	0.00000	-0.07922	0.12445	-0.05340	-0.11410	-0.07922	0.09796	0.15054	3.94847	4.05816
14137	0.00000	-0.01153	0.10672	-0.01866	-0.11564	-0.01153	0.11657	0.08513	3.97301	0.00000
14157	0.00000	-0.03087	0.06643	-0.03051	-0.05907	-0.03087	0.05888	0.09180	3.96381	0.00000
14177	0.00000	-0.04860	0.09221	-0.02389	-0.08911	-0.04860	0.07842	0.08785	3.93466	-4.07975
14197	0.00000	-0.05343	0.03097	-0.02546	-0.04723	-0.05343	0.00491	0.04097	3.86870	-3.89336
14217	0.00000	-0.07922	0.00357	-0.01710	-0.08784	-0.07922	-0.04162	0.11202	3.79047	-4.13473
14237	0.00000	-0.07922	0.05998	0.07376	-0.03726	-0.07922	0.02352	0.08951	3.74905	0.00000
14257	0.00000	-0.02926	-0.00610	0.00359	-0.03763	-0.02926	-0.02394	0.02813	3.75365	0.00000
14277	0.00000	-0.04376	-0.01899	-0.00813	-0.06384	-0.04376	-0.04720	0.16661	3.76132	0.00000
14297	0.00000	-0.00025	-0.02061	-0.01991	-0.01329	-0.00025	-0.02394	0.03130	3.77052	213.16895
14317	0.00000	-0.04054	-0.01255	-0.01049	-0.05449	-0.04054	-0.03789	0.22195	3.77206	0.00000
14337	0.00000	-0.01798	0.00679	0.00742	-0.01657	-0.01798	-0.00253	0.03374	3.77206	0.00000
14357	-1.00000	-0.05343	-0.01094	-0.00835	-0.06838	-0.05343	-0.04348	0.06255	3.77206	0.00000
14377	-1.00000	0.18188	-0.04962	-0.13269	0.13320	0.18188	0.04771	0.16197	4.39332	50.29459
14397	-1.00000	-0.16303	0.33397	-0.30462	0.13694	-0.16303	0.29151	0.33294	5.32752	49.21878
14417	-1.00000	0.08517	-0.46061	-0.31558	0.37499	0.08517	-0.48269	0.43714	6.26171	48.18801
14437	-1.00000	0.09484	-0.09475	-0.10941	0.00306	0.09484	-0.05464	0.11148	0.96487	54.33718
14457	-1.00000	-0.10501	0.56928	-0.59282	0.12507	-0.10501	0.59673	0.65205	1.91748	50.29459
14477	-1.00000	0.11741	-0.57343	-0.43932	0.41717	0.11741	-0.59435	0.51491	2.82713	50.29459
14497	-1.00000	-0.05021	-0.14148	-0.08043	-0.18179	-0.05021	-0.19236	0.19183	3.84722	53.82404
14517	-1.00000	0.10774	-0.02705	-0.10787	-0.03049	0.10774	0.03096	0.11402	4.86579	51.66271
14537	-1.00000	-0.79966	0.57090	-0.71217	0.41379	-0.79966	0.19753	0.83501	5.84754	52.20368
14557	-1.00000	0.00942	-0.14148	-0.11016	0.11355	0.00942	-0.15793	0.10304	0.56144	55.78112
14577	-1.00000	0.32693	-0.23013	-0.21653	0.25673	0.32693	-0.07698	0.25576	1.58614	51.13284
14597	-1.00000	0.08840	0.31624	-0.36774	0.21401	0.08840	0.41620	0.44678	2.55254	48.06220
14617	-1.00000	-0.15014	0.15830	-0.14056	0.10963	-0.15014	0.09610	0.10577	3.61713	59.61082
14637	-1.00000	-0.11307	-0.01577	-0.08430	0.11246	-0.11307	-0.08349	0.23203	4.66790	55.08786
14657	-1.00000	0.17865	-0.58471	0.03529	0.59823	0.17865	-0.57202	0.28532	5.74936	277.02698
14677	-1.00000	-0.05988	-0.04639	-0.07795	-0.07264	-0.05988	-0.08814	0.11363	0.49087	60.66591
14697	-1.00000	0.15448	-0.16727	-0.18363	-0.03075	0.15448	-0.10396	0.22099	1.53398	58.67670
14717	-1.00000	-0.11146	0.63375	-0.66411	0.12983	-0.11146	0.66745	0.70643	2.48965	48.69794
14737	-1.00000	0.05133	0.12123	-0.01370	-0.17667	0.05133	0.16961	0.10851	3.53276	63.56292
14757	-1.00000	-0.24039	-0.01738	-0.27652	0.08097	-0.24039	-0.15886	0.26954	4.61421	55.20647
14777	-1.00000	0.01748	-0.27848	-0.31081	-0.02649	0.01748	-0.31147	0.34573	5.62511	36.91281
14797	-1.00000	-0.07600	-0.13020	-0.02421	-0.20715	-0.07600	-0.19422	0.20565	0.40037	63.53767
14817	-1.00000	0.08034	-0.03189	-0.06742	-0.04472	0.08034	0.00956	0.10741	1.43274	49.48339
14837	-1.00000	-0.49666	0.36460	-0.40659	0.31521	-0.49666	0.13425	0.43334	2.43596	51.13223
14857	-1.00000	-0.07278	0.09221	-0.07892	-0.05678	-0.07278	0.06446	0.16800	3.50975	58.35813
14877	-1.00000	-0.12113	0.14862	0.00273	-0.15812	-0.12113	0.10168	0.19067	4.55899	52.75610
14897	-1.00000	0.26085	-0.23174	-0.22691	0.17387	0.26085	-0.11699	0.44510	5.58676	54.64578
14917	-1.00000	-0.13724	-0.13826	0.04123	-0.27238	-0.13724	-0.23889	0.27061	0.38963	67.08372
14937	-1.00000	0.34627	0.14218	-0.46411	0.19254	0.34627	0.36409	0.46415	1.46035	54.78488
14957	-1.00000	-0.05182	0.13412	-0.13527	-0.00015	-0.05182	0.12495	0.14076	2.45130	51.66271
14977	-1.00000	-0.04376	0.09060	-0.05281	-0.07364	-0.04376	0.07935	0.13350	3.51895	56.81427
14997	-1.00000	-0.23395	0.01324	-0.25518	0.06287	-0.23395	-0.11978	0.24025	4.61575	50.87074
15017	-1.00000	0.24635	-0.81841	-0.72538	0.42294	0.24635	-0.80279	0.70403	5.65886	53.75150
15037	-1.00000	0.25763	-0.27203	-0.29023	0.09735	0.25763	-0.16538	0.23261	0.44485	63.73874
15057	-1.00000	-0.01153	-0.00127	0.01061	-0.00929	-0.01153	-0.00812	0.03889	1.50944	54.33735
15077	-1.00000	-0.16464	0.73529	-0.72655	0.26014	-0.16464	0.75398	0.72480	2.49885	53.17815
15097	-1.00000	-0.03571	0.15346	-0.11869	-0.10819	-0.03571	0.15659	0.16698	3.56344	62.86759
15117	-1.00000	-0.23717	0.00357	-0.25241	0.10084	-0.23717	-0.13281	0.23411	4.63109	58.04268
15137	-1.00000	0.05133	-0.20273	-0.15955	0.13777	0.05133	-0.20446	0.15213	5.67573	54.33735
15157	-1.00000	-0.25973	0.13412	0.05742	-0.25333	-0.25973	0.00491	0.24460	0.48781	58.83762
15177	-1.00000	0.31404	-0.25431	-0.32562	0.07210	0.31404	-0.11234	0.36306	1.54165	58.35813
15197	-1.00000	-0.23717	0.71595	-0.62391	0.37781	-0.23717	0.68978	0.72569	2.51419	52.89604
15217	-1.00000	-0.20655	0.21954	-0.23966	0.05702	-0.20655	0.13425	0.22618	3.58031	59.30355
15237	-1.00000	-0.00186	0.05192	-0.00807	-0.05835	-0.00186	0.05888	0.10748	4.65256	37.72095
15257	-1.00000	-0.13402	0.07610	-0.09089	-0.09903	-0.13402	0.01049	0.14929	5.70641	55.78128
15277	-1.00000	-0.16303	0.03903	-0.04881	-0.16310	-0.16303	-0.04906	0.17086	0.50621	39.44525
15297	-1.00000	0.41235	-0.32361	-0.41745	0.11889	0.41235	-0.13560	0.46403	1.55239	58.83779
15317	-1.00000	-0.05505	0.36943	-0.31601	0.24296	-0.05505	0.39480	0.55755	2.53567	54.48581
15337	-1.00000	0.29470	-0.11731	0.05549	-0.29148	0.29470	0.03469	0.32542	3.61559	57.52444
15357	0.00000	-0.45798	0.27756	-0.36477	0.28253	-0.45798	0.05609	0.36388	4.71392	56.07256
15377	0.00000	-0.28391	-0.07057	-0.33475	0.16961	-0.28391	-0.24540	0.32121	5.76317	51.00206
15397	0.00000	-0.17593	0.40489	0.11897	-0.38819	-0.17593	0.36595	0.40430	0.57371	58.99928
15417	0.00000	0.11418	-0.37196	-0.35910	0.12748	0.11418	-0.36358	0.42797	1.64596	58.04268
15437	0.00000	0.29470	-0.24947	-0.31195	0.05854	0.29470	-0.11792	0.30237	2.69214	58.99943
15457	0.00000	-0.24201	-0.20595	0.05257	-0.44531	-0.24201	-0.37754	0.36393	3.82268	59.32539
15477	0.00000	0.09968	-0.22529	0.07047	-0.21451	0.09968	-0.20260	0.22229	4.85045	54.23180
15497	0.00000	0.06261	0.13734	-0.19064	-0.07414	0.06261	0.19474	0.17114	5.92730	41.45906
15517	0.00000	0.36239	-0.07218	0.08639	-0.37377	0.36239	0.12588	0.41664	0.72864	54.23165
15537	0.00000	0.05133	0.06482	0.04217	-0.10849	0.05133	0.10448	0.11647	1.78709	56.96465
15557	0.00000	-0.13080	0.13090	-0.05572	-0.14043	-0.13080	0.07563	0.14917	2.86854	59.15049
15577	0.00000	-0.38867	0.51932	0.15963	-0.51612	-0.38867	0.37526	0.52933	3.96074	55.08721
15597	0.00000	-0.05505	-0.11409	-0.03994	-0.16783	-0.05505	-0.16352	0.18990	5.14651	54.48581
15617	0.00000	0.12224	-0.06896	-0.09568	-0.07660	0.12224	-0.00905	0.13167	6.02087	53.68948
15637	0.00000	0.24312	-0.30427	0.08391	-0.31075	0.24312	-0.21097	0.31826	0.81608	58.99926
15657	0.00000	-0.10017	0.14057	-0.14352	-0.01875	-0.10017	0.10448	0.11650	1.84538	52.20368
15677	0.00000	-0.16303	0.05353	-0.05779	-0.15581	-0.16303	-0.03231	0.16333	2.79338	53.89677
15697	0.00000	-0.22750	-0.13987	0.08265	-0.36147	-0.22750	-0.29286	0.35466	3.80734	46.48440
15717	0.00000	-0.02442	0.23727	-0.04742	-0.25666	-0.02442	0.25987	0.26977	4.62035	41.45906
15737	0.00000	-0.07922	-0.12698	-0.00201	-0.20801	-0.07922	-0.19236	0.19960	5.52693	50.85034
15757	0.00000	0.29470	-0.11570	-0.10023	-0.27953	0.29470	0.03655	0.35713	0.21783	36.74205
15777	0.00000	-0.25812	0.23405	0.05957	-0.27886	-0.25812	0.12123	0.31941	1.05691	41.01549
15797	0.00000	0.05616	0.04547	-0.06816	-0.07564	0.05616	0.08493	0.12231	1.88526	47.68866
15817	0.00000	-0.13080	0.05031	-0.02282	-0.12996	-0.13080	-0.01742	0.13532	2.77651	48.69731
15837	0.00000	0.31726	-0.16566	0.00861	-0.31725	0.31726	-0.00812	0.31491	3.60179	38.13709
15857	0.00000	0.25763	-0.25914	0.01402	-0.29801	0.25763	-0.15049	0.31221	4.20464	29.66270
15877	0.00000	0.21089	-0.09958	0.01747	-0.21026	0.21089	0.00677	0.22232	4.71852	20.78571
15897	0.00000	0.11418	0.06643	0.00953	-0.18245	0.11418	0.14263	0.25678	5.20940	27.81838
15917	0.00000	0.00136	0.12284	0.00246	-0.14260	0.00136	0.14263	0.43358	5.72635	16.71918
15937	0.00000	-0.08245	0.15830	-0.00971	-0.15804	-0.08245	0.13518	0.19115	6.25557	23.59855
15957	0.00000	-0.20010	0.05998	-0.04258	-0.20090	-0.20010	-0.04627	0.20967	0.43105	27.23042
15977	0.00000	0.18027	-0.16727	-0.07460	-0.18671	0.18027	-0.08907	0.20997	0.78693	15.73303
15997	0.00000	-0.07600	0.15346	0.02024	-0.15211	-0.07600	0.13332	0.16855	1.07379	15.89622
16017	0.00000	0.13997	-0.09797	-0.04738	-0.13561	0.13997	-0.03231	0.14057	1.32536	11.92216
16037	0.00000	-0.11146	0.04709	-0.01220	-0.11123	-0.11146	-0.00998	0.13619	1.56159	12.57365
16057	0.00000	0.08517	0.01485	-0.01671	-0.10664	0.08517	0.06632	0.07614	1.80089	11.56270
16077	0.00000	-0.05505	-0.04639	0.01203	-0.10084	-0.05505	-0.08535	0.07791	2.03252	8.05242
16097	0.00000	-0.04860	0.09060	-0.01560	-0.08933	-0.04860	0.07656	0.10537	2.23348	7.94811
16117	0.00000	0.07389	-0.04317	-0.00737	-0.07387	0.07389	-0.00719	0.08695	2.42983	4.23753
16137	0.00000	-0.02765	-0.01416	0.01093	-0.04109	-0.02765	-0.03231	0.07698	2.59396	8.11632
16157	0.00000	-0.06955	0.08899	-0.03545	-0.08660	-0.06955	0.06260	0.11232	2.74122	3.93330
16177	0.00000	-0.01475	0.06482	-0.01405	-0.06647	-0.01475	0.06632	0.04202	2.83326	4.14591
16197	0.00000	0.03521	0.01324	-0.01908	-0.04631	0.03521	0.03562	0.05927	2.93757	7.74680
16217	0.00000	0.04649	0.00357	-0.03272	-0.04527	0.04649	0.03096	0.05715	2.96979	0.00000
16237	0.00000	0.04166	-0.02061	0.00376	-0.04149	0.04166	0.00026	0.04287	2.95598	0.00000
16257	0.00000	0.03521	0.00035	-0.00943	-0.03975	0.03521	0.02073	0.05345	2.93911	0.00000
16277	0.00000	0.02232	0.00679	-0.01039	-0.02863	0.02232	0.02073	0.03574	2.92990	-4.01567
16297	0.00000	0.02715	-0.01577	0.01292	-0.02402	0.02715	-0.00253	0.04410	2.92990	0.00000
16317	0.00000	0.01587	0.00196	-0.00433	-0.01907	0.01587	0.01142	0.05140	2.92990	0.00000
16337	0.00000	0.02393	-0.01738	0.01542	-0.01934	0.02393	-0.00626	0.03165	2.92837	0.00000
16357	-1.00000	0.01426	0.00840	-0.01096	-0.02012	0.01426	0.01794	0.00985	2.92990	0.00000
16377	-1.00000	-0.35805	0.35976	-0.38433	0.15505	-0.35805	0.20870	0.43526	3.56957	51.66271
16397	-1.00000	0.19638	-0.73460	-0.51662	0.55828	0.19638	-0.73486	0.79997	4.53445	53.03672
16417	-1.00000	0.60415	0.20987	-0.68883	0.48973	0.60415	0.59114	0.85138	5.46404	49.08752
16437	-1.00000	-0.38706	0.14057	-0.31610	0.23156	-0.38706	-0.06116	0.38923	0.11045	37.72095
16457	-1.00000	0.17543	-0.61533	-0.39556	0.49544	0.17543	-0.60924	0.49101	1.11367	51.66271
16477	-1.00000	0.56869	0.19859	-0.59698	0.52720	0.56869	0.55764	0.70839	2.04633	49.75087
16497	-1.00000	-0.48860	0.43390	-0.52716	0.09350	-0.48860	0.21893	0.55806	2.97746	53.17815
16517	-1.00000	-0.08567	0.14057	-0.02171	-0.14001	-0.08567	0.11285	0.16187	4.02517	55.06613
16537	-1.00000	0.55580	-0.38002	-0.34277	0.45309	0.55580	-0.11792	0.45064	5.02532	50.61372
16557	-1.00000	0.23668	0.02775	-0.28993	0.01991	0.23668	0.16868	0.30072	6.00860	51.52922
16577	-1.00000	-0.02120	0.04709	-0.04597	0.01054	-0.02120	0.04213	0.03658	0.76392	50.48544
16597	-1.00000	0.02554	-0.28976	-0.24393	0.20843	0.02554	-0.31984	0.24075	1.68738	47.56512
16617	-1.00000	0.16576	-0.17694	-0.18364	-0.07447	0.16576	-0.10861	0.21870	2.65379	37.72095
16637	-1.00000	0.02876	0.05353	-0.06932	0.04660	0.02876	0.07842	0.03701	3.72451	59.61020
16657	-1.00000	-0.01475	0.22438	-0.24766	0.04076	-0.01475	0.25057	0.28537	4.78602	58.67572
16677	-1.00000	-0.40157	-0.14632	-0.43053	0.36950	-0.40157	-0.40080	0.48817	5.76623	56.21935
16697	-1.00000	-0.04860	-0.01094	-0.06165	-0.01470	-0.04860	-0.04069	0.08195	0.56144	56.51508
16717	-1.00000	0.36239	-0.26236	-0.24750	0.28078	0.36239	-0.09373	0.49021	1.59687	50.61372
16737	-1.00000	0.54613	0.18247	-0.70191	0.28667	0.54613	0.52601	0.79185	2.59703	51.66271
16757	-1.00000	0.15287	-0.01577	-0.08245	-0.14654	0.15287	0.07005	0.15923	3.65701	37.51594
16777	-1.00000	-0.38867	0.30496	-0.37194	0.17037	-0.38867	0.12774	0.37269	4.70932	56.21935
16797	-1.00000	-0.30486	-0.03995	-0.37641	0.02457	-0.30486	-0.22214	0.40087	5.72942	55.63677
16817	-1.00000	-0.14530	0.05031	-0.02802	-0.14488	-0.14530	-0.02580	0.15511	0.50008	66.50208
16837	-1.00000	0.30114	-0.25269	-0.32164	0.03352	0.30114	-0.11792	0.34999	1.54165	37.72095
16857	-1.00000	-0.20010	0.69822	-0.63839	0.33101	-0.20010	0.69071	0.66231	2.51113	52.61691
16877	-1.00000	-0.20494	0.23082	-0.25120	0.02935	-0.20494	0.14821	0.26830	3.57418	40.36803
16897	-1.00000	-0.14530	0.04064	-0.14631	0.03272	-0.14530	-0.03696	0.10893	4.63262	57.73062
16917	-1.00000	0.02393	-0.09958	-0.07244	0.07456	0.02393	-0.10117	0.05582	5.68953	58.67703
16937	-1.00000	-0.20816	0.10511	0.02950	-0.20604	-0.20816	0.00119	0.21180	0.48781	39.90126
16957	-1.00000	0.46393	-0.27203	-0.41374	0.21483	0.46393	-0.04627	0.41914	1.54472	54.78518
16977	-1.00000	-0.12757	0.45002	-0.35140	0.30275	-0.12757	0.44598	0.34536	2.53414	55.08721
16997	-1.00000	0.11418	0.02613	-0.03827	-0.14425	0.11418	0.09610	0.20514	3.60332	57.38099
17017	-1.00000	-0.33871	0.26145	-0.32326	0.14672	-0.33871	0.10634	0.34264	4.70932	56.21935
17037	-1.00000	-0.46442	-0.14310	-0.59559	0.22083	-0.46442	-0.43337	0.61462	5.74016	51.13284
17057	-1.00000	0.00942	-0.23496	-0.25754	0.06666	0.00942	-0.26587	0.05438	0.52616	40.90619
17077	-1.00000	0.43814	-0.34779	-0.43932	0.14499	0.43814	-0.14863	0.49454	1.54932	51.26429
17097	-1.00000	0.00136	0.25178	-0.25409	0.14288	0.00136	0.29151	0.40340	2.54334	33.16725
17117	-1.00000	0.23668	-0.09958	-0.02129	-0.23671	0.23668	0.02166	0.22961	3.64934	61.35877
17137	-1.00000	-0.36127	0.28240	-0.32702	0.19329	-0.36127	0.11750	0.24638	4.71852	56.07256
17157	-1.00000	-0.44669	-0.13504	-0.57838	0.19028	-0.44669	-0.41383	0.59053	5.74322	49.97947
17177	-1.00000	-0.05021	-0.14310	-0.19924	0.02336	-0.05021	-0.19422	0.10211	0.53076	62.02080
17197	-1.00000	0.67023	-0.33489	-0.38062	0.55160	0.67023	0.00026	0.39813	1.57847	68.85689
17217	-1.00000	0.53646	0.18408	-0.70933	0.23948	0.53646	0.52228	0.76906	2.59243	50.61372
17237	-1.00000	0.10290	-0.02061	-0.05224	-0.09554	0.10290	0.03562	0.16222	3.66468	63.38782
17257	-1.00000	-0.08083	0.09060	-0.09304	0.03516	-0.08083	0.05795	0.07802	4.72619	51.13284
17277	-1.00000	-0.35160	-0.15438	-0.39664	0.33415	-0.35160	-0.38126	0.44356	5.76470	69.90312
17297	-1.00000	-0.15014	0.31463	0.09772	-0.29918	-0.15014	0.27662	0.33483	0.56757	58.84838
17317	-1.00000	0.10290	-0.45899	-0.46436	0.12801	0.10290	-0.47059	0.49141	1.63829	57.26878
17337	-1.00000	0.31081	0.10672	-0.34185	0.26707	0.31081	0.30268	0.31907	2.62311	53.32034
17357	0.00000	0.12547	-0.32361	0.09124	-0.31328	0.12547	-0.30123	0.32149	3.73064	55.06552
17377	0.00000	0.59125	-0.01255	-0.13717	-0.66150	0.59125	0.32687	0.69577	4.72619	34.86330
17397	0.00000	-0.27746	-0.04801	-0.33015	0.12027	-0.27746	-0.21563	0.28349	5.75243	54.78519
17417	0.00000	-0.15658	0.36298	0.10793	-0.34772	-0.15658	0.32873	0.36116	0.57371	55.49285
17437	0.00000	0.05133	-0.23013	-0.23501	0.05603	0.05133	-0.23610	0.31943	1.63676	56.81427
17457	0.00000	0.17059	-0.16727	-0.19307	0.02796	0.17059	-0.09466	0.14102	2.69981	56.81363
17477	0.00000	-0.15497	-0.15277	-0.00282	-0.30771	-0.15497	-0.26587	0.37382	3.83649	58.67703
17497	0.00000	0.09968	-0.19145	0.03682	-0.18792	0.09968	-0.16352	0.19158	4.85198	54.23180
17517	0.00000	0.00781	0.08416	-0.00688	-0.10175	0.00781	0.10168	0.12841	5.79231	59.32408
17537	0.00000	-0.03409	0.35654	0.11794	-0.37540	-0.03409	0.39201	0.39962	0.60285	54.09497
17557	0.00000	-0.10501	0.05353	0.00441	-0.10492	-0.10501	0.00119	0.13610	1.63829	36.91408
17577	0.00000	0.04649	-0.11570	-0.09423	-0.06838	0.04649	-0.10675	0.15781	2.69674	36.91408
17597	0.00000	-0.12435	-0.30588	0.11125	-0.42857	-0.12435	-0.42499	0.46829	3.78280	53.32034
17617	0.00000	0.14320	0.05676	-0.02686	-0.20432	0.14320	0.14821	0.05178	4.71239	47.19954
17637	0.00000	-0.13241	0.11156	-0.05236	-0.13240	-0.13241	0.05237	0.16534	5.70334	51.13284
17657	0.00000	-0.26941	0.23727	0.16236	-0.24543	-0.26941	0.11843	0.31849	0.47247	59.16180
17677	0.00000	0.05939	0.08254	-0.13015	0.05814	0.05939	0.12960	0.10174	1.42507	47.56543
17697	0.00000	0.02715	0.04709	-0.04164	-0.06253	0.02715	0.07005	0.29312	2.43596	55.49239
17717	0.00000	0.05939	0.35009	0.10339	-0.43027	0.05939	0.43854	0.43893	3.47600	49.75087
17737	0.00000	0.15770	-0.32361	0.00209	-0.32364	0.15770	-0.28262	0.35545	4.26907	35.39966
17757	0.00000	-0.12757	-0.00127	-0.03108	-0.14474	-0.12757	-0.07512	0.18200	5.01305	39.74055
17777	0.00000	-0.00347	0.09221	-0.08207	-0.06473	-0.00347	0.10448	0.14823	5.83987	46.25081
17797	0.00000	-0.27263	0.02936	0.02965	-0.29780	-0.27263	-0.12350	0.27471	0.41878	42.84858
17817	0.00000	-0.13563	0.20503	-0.00497	-0.20850	-0.13563	0.15845	0.21185	1.11060	35.76619
17837	0.00000	0.06261	0.10672	-0.03134	-0.16833	0.06261	0.15938	0.11654	1.79936	35.58183
17857	0.00000	0.06261	-0.12537	0.01154	-0.12483	0.06261	-0.10861	0.11643	2.55561	39.63786
17877	0.00000	-0.20655	0.07610	0.02100	-0.20784	-0.20655	-0.03138	0.33770	3.29499	35.30912
17897	0.00000	-0.23234	0.10188	-0.02717	-0.23132	-0.23234	-0.01649	0.27232	3.87330	25.14730
17917	0.00000	0.00942	-0.24302	-0.00689	-0.27523	0.00942	-0.27518	0.26863	4.28594	12.40419
17937	0.00000	0.10774	0.07287	-0.00817	-0.18154	0.10774	0.14635	0.22318	4.62802	15.89622
17957	0.00000	-0.14369	-0.01094	0.02095	-0.17129	-0.14369	-0.09559	0.20046	4.92715	15.93751
17977	0.00000	0.14803	0.04386	0.01395	-0.20061	0.14803	0.13611	0.14175	5.20326	11.76971
17997	0.00000	-0.05827	-0.05768	0.00875	-0.11560	-0.05827	-0.10024	0.09816	5.45944	11.92216
18017	0.00000	-0.00025	0.10511	-0.00751	-0.12099	-0.00025	0.12123	0.08382	5.70794	16.76487
18037	0.00000	0.05455	-0.10764	0.00389	-0.10757	0.05455	-0.09280	0.09333	5.93344	7.78673
18057	0.00000	-0.11468	0.04547	-0.04429	-0.10666	-0.11468	-0.01370	0.12159	6.14973	8.29181
18077	0.00000	0.03360	0.02775	0.00011	-0.06143	0.03360	0.05144	0.08284	0.03375	8.38241
18097	0.00000	0.09162	-0.04801	-0.03100	-0.08625	0.09162	-0.00253	0.10645	0.15033	4.52503
18117	0.00000	0.10129	-0.04639	-0.06724	-0.07591	0.10129	0.00491	0.05863	0.17027	0.00000
18137	0.00000	0.06744	-0.05123	-0.00928	-0.06979	0.06744	-0.02021	0.06733	0.14419	0.00000
18157	0.00000	0.10290	-0.01738	-0.00693	-0.10994	0.10290	0.03934	0.11179	0.08744	0.00000
18177	0.00000	0.03682	-0.01738	0.02302	-0.02876	0.03682	0.00119	0.05456	0.04295	0.00000
18197	0.00000	0.06583	-0.01738	0.03323	-0.05959	0.06583	0.01794	0.20001	0.03988	0.00000
18217	0.00000	0.03038	0.00357	0.00452	-0.03703	0.03038	0.02166	0.12738	0.04295	0.00000
18237	0.00000	0.06583	0.01485	0.00374	-0.08580	0.06583	0.05516	0.02741	0.04295	0.00000
18257	0.00000	0.01103	-0.01255	0.01339	-0.00289	0.01103	-0.00812	0.03398	0.04295	0.00000
18277	0.00000	0.01748	0.01485	-0.00883	-0.03114	0.01748	0.02724	0.01900	0.04449	0.00000
18297	0.00000	0.07873	0.00357	0.01501	-0.09181	0.07873	0.04958	0.04722	0.04449	0.00000
18317	0.00000	0.04166	0.02130	-0.00992	-0.06327	0.04166	0.04864	0.00539	0.04602	0.00000
18337	0.00000	0.00459	-0.00449	0.00488	-0.00192	0.00459	-0.00253	0.02012	0.04755	0.00000
18357	-1.00000	-0.00025	0.01324	-0.01184	-0.00945	-0.00025	0.01515	0.01126	0.04755	0.00000
18377	-1.00000	-0.21622	0.10672	-0.18684	0.10883	-0.21622	-0.00160	0.23025	0.67955	32.72486
18397	-1.00000	0.35755	-0.33973	-0.25298	0.31364	0.35755	-0.18585	0.37104	1.60915	47.32057
18417	-1.00000	-0.17593	0.51126	-0.50040	0.13948	-0.17593	0.48878	0.50756	2.46971	47.81252
18437	-1.00000	-0.00186	-0.17372	-0.12212	0.16050	-0.00186	-0.20167	0.12293	3.43918	54.78519
18457	-1.00000	0.31887	-0.25431	-0.14960	0.30213	0.31887	-0.10955	0.35398	4.48229	53.17815
18477	-1.00000	0.57191	0.21148	-0.67775	0.44447	0.57191	0.57439	0.86406	5.46404	47.68866
18497	-1.00000	-0.54340	0.45969	-0.53116	0.24550	-0.54340	0.21707	0.54702	0.13652	55.54805
18517	-1.00000	-0.04860	0.00035	-0.05529	-0.00835	-0.04860	-0.02766	0.05494	1.14742	50.48528
18537	-1.00000	0.60415	-0.42354	-0.58726	0.19931	0.60415	-0.14025	0.65788	2.10309	45.11721
18557	-1.00000	-0.40157	0.33075	-0.31008	0.29599	-0.40157	0.15007	0.34395	3.02808	50.10504
18577	-1.00000	-0.01475	0.08577	-0.03925	-0.08288	-0.01475	0.09052	0.11519	4.09726	37.72095
18597	-1.00000	-0.02765	-0.05445	-0.07621	0.03422	-0.02765	-0.07884	0.05572	5.13423	52.20368
18617	-1.00000	0.51711	-0.44288	-0.53569	0.16029	0.51711	-0.21283	0.60130	6.12365	50.10504
18637	-1.00000	0.11418	-0.03511	-0.11441	-0.02430	0.11418	0.02538	0.13243	0.88971	51.66256
18657	-1.00000	-0.16464	0.18086	-0.16575	0.11215	-0.16464	0.11378	0.15636	1.88066	51.13284
18677	-1.00000	-0.20977	0.05515	-0.19720	-0.09170	-0.20977	-0.05744	0.22986	2.86241	49.97887
18697	-1.00000	-0.13080	0.03742	-0.05115	-0.12464	-0.13080	-0.03231	0.12037	3.94386	63.56292
18717	-1.00000	0.33821	-0.29782	-0.35676	0.09584	0.33821	-0.14863	0.42541	4.98084	56.07256
18737	-1.00000	-0.09534	0.31463	-0.24055	0.21503	-0.09534	0.30826	0.32237	5.96412	37.11126
18757	-1.00000	0.25118	-0.12859	0.04256	-0.24756	0.25118	-0.00347	0.24115	0.77313	55.49285
18777	-1.00000	-0.14853	0.12767	-0.15962	-0.01957	-0.14853	0.06167	0.18021	1.80550	54.33735
18797	-1.00000	0.09646	-0.56376	-0.58861	0.13098	0.09646	-0.59528	0.65405	2.78111	56.66373
18817	-1.00000	0.02070	-0.15116	-0.13173	-0.09750	0.02070	-0.16259	0.17203	3.86410	61.03389
18837	-1.00000	0.31243	0.10672	-0.34999	0.25934	0.31243	0.30361	0.34508	4.90720	55.63677
18857	-1.00000	-0.13402	0.57090	-0.52277	0.28840	-0.13402	0.58184	0.45985	5.94571	54.48581
18877	-1.00000	-0.20655	0.18892	-0.19571	0.11890	-0.20655	0.09889	0.15660	0.73631	53.95913
18897	-1.00000	-0.26618	-0.09475	-0.26577	0.26350	-0.26618	-0.26308	0.35225	1.78249	36.91376
18917	-1.00000	0.18349	-0.77006	-0.72766	0.34283	0.18349	-0.78325	0.68137	2.79645	53.89677
18937	-1.00000	-0.09856	-0.05284	-0.06891	-0.13736	-0.09856	-0.11792	0.15947	3.89631	55.06552
18957	-1.00000	-0.03571	-0.09797	-0.01080	-0.13799	-0.03571	-0.13374	0.12313	4.95936	37.31186
18977	-1.00000	0.10290	-0.06412	-0.06505	-0.08105	0.10290	-0.01463	0.11280	5.99480	56.07256
18997	-1.00000	0.11096	0.00357	-0.08203	-0.10115	0.11096	0.06819	0.12046	0.79307	57.26862
19017	-1.00000	-0.42897	0.33558	-0.44662	0.06385	-0.42897	0.13984	0.47060	1.82390	37.72062
19037	-1.00000	0.09968	-0.40097	-0.34385	0.23681	0.09968	-0.40545	0.30322	2.81179	54.04284
19057	-1.00000	-0.29519	0.17602	0.05892	-0.29108	-0.29519	0.03283	0.29962	3.92546	56.81427
19077	-1.00000	0.40591	-0.28493	-0.35559	0.21735	0.40591	-0.09466	0.43629	4.99157	56.81427
19097	-1.00000	0.17865	0.03258	-0.22666	0.01883	0.17865	0.14077	0.24421	6.01014	69.37621
19117	-1.00000	-0.00025	0.21954	-0.24442	0.06669	-0.00025	0.25336	0.20105	0.80381	59.32523
19137	-1.00000	-0.72552	0.51126	-0.67308	0.32050	-0.72552	0.17147	0.79725	1.83618	52.20368
19157	-1.00000	0.10290	-0.46061	-0.42224	0.23562	0.10290	-0.47245	0.46578	2.81179	37.31315
19177	-1.00000	-0.33549	0.12284	0.01251	-0.33922	-0.33549	-0.05185	0.16365	3.91472	59.30355
19197	-1.00000	0.43975	-0.28815	-0.37692	0.23979	0.43975	-0.07884	0.42812	4.98851	56.81427
19217	-1.00000	0.08679	-0.09958	-0.00988	-0.10790	0.08679	-0.06488	0.11402	5.98713	50.48558
19237	-1.00000	-0.06633	0.26628	-0.23523	0.14669	-0.06633	0.26918	0.22414	0.80994	59.32523
19257	-1.00000	-0.64494	0.38716	-0.49818	0.41635	-0.64494	0.07470	0.55801	1.84845	52.20368
19277	-1.00000	-0.06955	0.01808	-0.05588	-0.04567	-0.06955	-0.01928	0.09100	2.83480	51.26429
19297	-1.00000	-0.07278	-0.07540	-0.14365	-0.03636	-0.07278	-0.12909	0.15741	3.95767	59.16196
19317	-1.00000	0.56224	-0.38324	-0.49351	0.29399	0.56224	-0.11792	0.45837	4.99618	54.09520
19337	-1.00000	0.38979	0.13251	-0.50925	0.18843	0.38979	0.37805	0.51743	6.02701	54.92530
19357	0.00000	0.01426	0.08254	-0.09885	0.03397	0.01426	0.10355	0.11198	0.82375	58.67686
19377	0.00000	-0.23072	0.14862	-0.17149	0.15905	-0.23072	0.03841	0.16037	1.85918	54.23150
19397	0.00000	-0.00186	0.06643	-0.00106	-0.07564	-0.00186	0.07563	0.15188	2.92837	56.36691
19417	0.00000	-0.00186	0.26145	0.03543	-0.29873	-0.00186	0.30082	0.38742	4.06045	57.42127
19437	0.00000	-0.07761	0.16152	0.08164	-0.13941	-0.07761	0.14170	0.18666	5.11276	58.67572
19457	0.00000	-0.09212	-0.04639	-0.11168	-0.08607	-0.09212	-0.10675	0.11325	6.21876	61.35941
19477	0.00000	0.90393	-0.22852	-0.93647	0.08099	0.90393	0.25801	0.91024	1.00936	54.50694
19497	0.00000	0.07228	-0.04156	-0.02957	-0.06625	0.07228	-0.00626	0.17567	1.96656	58.67703
19517	0.00000	0.21733	-0.11409	0.01991	-0.21650	0.21733	-0.00626	0.23249	3.07563	41.01564
19537	0.00000	0.30759	0.11800	0.06144	-0.43513	0.30759	0.31385	0.48105	4.11414	50.23125
19557	0.00000	-0.13080	0.13412	-0.04250	-0.14696	-0.13080	0.07935	0.17405	5.14497	52.20368
19577	0.00000	-0.17109	0.10833	0.01392	-0.17254	-0.17109	0.02631	0.21854	6.21722	61.52347
19597	0.00000	-0.24845	-0.04639	0.05705	-0.31188	-0.24845	-0.19701	0.28744	0.98328	50.61357
19617	0.00000	0.18832	-0.03833	-0.19038	-0.05807	0.18832	0.06446	0.21693	2.01412	51.66271
19637	0.00000	0.17865	-0.20757	0.08998	-0.20605	0.17865	-0.13653	0.22822	3.09404	58.35813
19657	0.00000	0.10290	0.23082	-0.01449	-0.34149	0.10290	0.32594	0.41207	4.07579	46.61281
19677	0.00000	-0.10340	-0.09797	0.03336	-0.19860	-0.10340	-0.17282	0.23151	4.94862	33.62159
19697	0.00000	0.12708	-0.03995	-0.04504	-0.12191	0.12708	0.02724	0.11584	5.93344	52.34070
19717	0.00000	0.08840	0.14379	0.02801	-0.23270	0.08840	0.21707	0.25505	0.64427	45.60480
19737	0.00000	-0.05343	-0.10119	0.00080	-0.15706	-0.05343	-0.14770	0.23858	1.50944	46.48407
19757	0.00000	0.14642	0.00679	-0.07086	-0.15795	0.14642	0.09238	0.11647	2.47431	53.75150
19777	0.00000	-0.01636	0.26145	0.13631	-0.25925	-0.01636	0.29244	0.32032	3.42385	43.26625
19797	0.00000	0.29470	0.00518	-0.00852	-0.34321	0.29470	0.17613	0.34365	4.11720	30.75659
19817	0.00000	0.21250	-0.03995	-0.02162	-0.22483	0.21250	0.07656	0.44012	4.71546	32.29442
19837	0.00000	0.12708	-0.11086	-0.00408	-0.13826	0.12708	-0.05464	0.14980	5.35513	25.07878
19857	0.00000	-0.09212	-0.13504	0.04303	-0.22440	-0.09212	-0.20911	0.27732	6.05616	25.35513
19877	0.00000	-0.18560	0.05515	-0.02739	-0.18862	-0.18560	-0.04348	0.21546	0.44332	36.74198
19897	0.00000	-0.21783	0.05515	-0.01146	-0.22620	-0.21783	-0.06209	0.21968	0.99709	16.45008
19917	0.00000	-0.10179	-0.01094	0.01166	-0.12377	-0.10179	-0.07139	0.10977	1.52631	27.81808
19937	0.00000	-0.05182	-0.01899	0.02499	-0.06891	-0.05182	-0.05185	0.12122	2.05707	29.02102
19957	0.00000	-0.04054	-0.05123	0.01927	-0.08994	-0.04054	-0.08256	0.06842	2.60930	29.66270
19977	0.00000	0.01103	-0.15116	0.02812	-0.16616	0.01103	-0.16817	0.17512	3.13085	24.60939
19997	0.00000	0.19799	-0.07218	-0.02396	-0.19895	0.19799	0.03096	0.22062	3.56804	20.95608
20017	0.00000	-0.18560	0.14218	-0.00676	-0.19403	-0.18560	0.05702	0.18852	3.87790	8.47506
20037	0.00000	0.09807	0.06643	-0.04964	-0.15788	0.09807	0.13332	0.15969	4.06505	7.78673
20057	0.00000	0.13030	-0.09313	-0.04475	-0.12657	0.13030	-0.03231	0.14576	4.16629	3.85304
20077	0.00000	0.12063	-0.05123	-0.07675	-0.09365	0.12063	0.01049	0.10298	4.16016	-3.91323
20097	0.00000	0.08679	-0.04801	-0.01303	-0.08596	0.08679	-0.00533	0.10344	4.12487	-4.16844
20117	0.00000	0.06906	-0.02061	0.00466	-0.07075	0.06906	0.01608	0.09651	4.07886	-4.14591
20137	0.00000	0.05133	0.00518	0.00997	-0.06167	0.05133	0.03562	0.07666	4.03590	-3.89336
20157	0.00000	0.01909	0.02775	-0.00151	-0.04708	0.01909	0.04306	0.07614	4.00369	0.00000
20177	0.00000	0.01426	0.05031	-0.00696	-0.06748	0.01426	0.06632	0.07211	3.99295	0.00000
20197	0.00000	0.03038	0.02130	0.01585	-0.04946	0.03038	0.04213	0.06797	3.99295	0.00000
20217	0.00000	0.03038	0.00196	0.02276	-0.02822	0.03038	0.01980	0.02387	3.99449	0.00000
20237	0.00000	0.01103	0.03258	-0.00464	-0.04512	0.01103	0.04399	0.04159	3.99755	0.00000
20257	0.00000	0.00298	0.05353	-0.01888	-0.06073	0.00298	0.06353	0.02725	3.99755	0.00000
20277	0.00000	0.04327	0.02775	0.01656	-0.06964	0.04327	0.05702	0.02912	4.00522	0.00000
20297	0.00000	-0.00186	-0.02383	0.01030	0.02673	-0.00186	-0.02859	0.01336	4.00676	0.00000
20317	0.00000	-0.00025	0.02452	-0.01246	-0.02527	-0.00025	0.02817	0.01021	4.00676	0.00000
20337	0.00000	-0.00025	0.00518	-0.00276	-0.00515	-0.00025	0.00584	0.02548	4.00676	0.00000
20357	-1.00000	-0.00347	0.00357	-0.00405	-0.00040	-0.00347	0.00212	0.02868	4.00676	0.00000
20377	-1.00000	-0.08083	-0.41709	-0.45189	0.28528	-0.08083	-0.52828	0.45805	4.53598	39.33295
20397	-1.00000	0.43653	0.16152	-0.56698	0.24767	0.43653	0.43854	0.67086	5.45023	47.81129
20417	-1.00000	-0.59497	-0.15277	-0.53757	0.57900	-0.59497	-0.51991	0.71343	0.06903	48.56945
20437	-1.00000	0.00136	-0.18339	-0.20800	0.03518	0.00136	-0.21097	0.22792	1.07072	55.08770
20457	-1.00000	0.38979	0.10672	-0.50991	0.11481	0.38979	0.34827	0.53968	2.00491	47.19954
20477	-1.00000	-0.68039	-0.18661	-0.73505	0.54095	-0.68039	-0.60831	0.83135	2.91150	52.20368
20497	-1.00000	-0.14530	0.05192	-0.03785	-0.14231	-0.14530	-0.02394	0.15463	3.84262	41.91216
20517	-1.00000	0.07873	-0.09152	-0.09651	-0.02257	0.07873	-0.06023	0.11093	4.95936	55.08786
20537	-1.00000	-0.03409	0.42423	-0.46919	0.04566	-0.03409	0.47017	0.47962	5.91656	51.66271
20557	-1.00000	-0.20171	0.00196	-0.14405	0.18159	-0.20171	-0.11420	0.18208	0.67188	54.48565
20577	-1.00000	0.09162	-0.34617	-0.23163	0.27390	0.09162	-0.34683	0.26562	1.69045	53.17783
20597	-1.00000	0.23668	-0.01738	-0.22473	0.13816	0.23668	0.11657	0.20644	2.63691	48.95697
20617	-1.00000	-0.30970	0.85939	-0.78509	0.37593	-0.30970	0.81354	0.90497	3.71530	37.31315
20637	-1.00000	-0.00186	0.09544	-0.05337	-0.09520	-0.00186	0.10913	0.11123	4.67864	54.33735
20657	-1.00000	0.03682	-0.16566	-0.11936	0.12655	0.03682	-0.17003	0.12199	5.69107	53.89677
20677	-1.00000	0.11418	-0.15116	-0.13526	0.08087	0.11418	-0.10861	0.27744	0.47247	63.56276
20697	-1.00000	0.04972	-0.10925	-0.08077	-0.07377	0.04972	-0.09745	0.11628	1.52171	59.32507
20717	-1.00000	-0.19043	0.74013	-0.69321	0.33206	-0.19043	0.74468	0.70457	2.51113	54.48581
20737	-1.00000	0.12063	0.15024	0.01965	-0.27069	0.12063	0.24312	0.26023	3.53429	61.03389
20757	-1.00000	-0.25329	-0.00771	-0.28775	0.07362	-0.25329	-0.15514	0.31230	4.61575	50.10384
20777	-1.00000	-0.62560	0.88841	-0.12749	-0.90382	-0.62560	0.66465	0.91893	5.62664	51.52922
20797	-1.00000	0.07712	-0.16566	-0.16551	-0.00956	0.07712	-0.14677	0.10234	0.45713	37.61800
20817	-1.00000	-0.02604	-0.03672	0.01574	-0.06106	-0.02604	-0.05744	0.07475	1.50790	54.33735
20837	-1.00000	-0.19849	0.71112	-0.63658	0.36518	-0.19849	0.70653	0.60757	2.51726	50.85034
20857	-1.00000	-0.21138	0.23888	-0.25631	0.05137	-0.21138	0.15379	0.23756	3.58185	60.87243
20877	-1.00000	-0.24684	0.00196	-0.25515	0.12446	-0.24684	-0.14025	0.22547	4.62955	56.51524
20897	-1.00000	0.07712	-0.22207	-0.15460	0.16416	0.07712	-0.21190	0.16586	5.67420	58.99943
20917	-1.00000	-0.25329	0.13090	0.05612	-0.24702	-0.25329	0.00491	0.24880	0.48014	63.04024
20937	-1.00000	0.27858	-0.23658	-0.29646	0.04823	0.27858	-0.11234	0.34679	1.54012	58.67703
20957	-1.00000	-0.12757	0.52093	-0.46725	0.27672	-0.12757	0.52787	0.48044	2.51266	50.02061
20977	-1.00000	-0.10662	0.16313	-0.16522	0.01213	-0.10662	0.12681	0.18992	3.59258	58.69841
20997	-1.00000	0.07550	0.06643	0.02608	-0.13960	0.07550	0.12030	0.13565	4.67097	54.48581
21017	-1.00000	-0.18560	0.00196	-0.20885	-0.04276	-0.18560	-0.10489	0.22844	5.71715	55.06613
21037	-1.00000	-0.27746	0.14218	0.06921	-0.26870	-0.27746	0.00398	0.28190	0.48474	42.72931
21057	-1.00000	0.46554	-0.36068	-0.43462	0.22274	0.46554	-0.14770	0.46500	1.56313	51.66240
21077	-1.00000	-0.06149	0.40811	-0.33913	0.28039	-0.06149	0.43574	0.46280	2.53874	53.32034
21097	-1.00000	0.23990	-0.10603	-0.00354	-0.24041	0.23990	0.01608	0.22947	3.64627	62.18794
21117	-1.00000	-0.49343	0.35976	-0.43800	0.26198	-0.49343	0.13053	0.37208	4.71546	56.07256
21137	-1.00000	-0.45636	-0.18500	-0.56962	0.33372	-0.45636	-0.47710	0.54958	5.75703	51.13284
21157	-1.00000	0.02393	-0.18823	-0.17778	0.10191	0.02393	-0.20353	0.16411	0.54303	62.02080
21177	-1.00000	0.34627	-0.24464	-0.21142	0.28637	0.34627	-0.08256	0.25224	1.60454	55.06613
21197	-1.00000	0.59125	0.20020	-0.75009	0.33871	0.59125	0.57253	0.76527	2.60623	51.79628
21217	-1.00000	0.13675	-0.09475	0.00491	-0.14000	0.13675	-0.03045	0.16292	3.66008	56.96497
21237	-1.00000	-0.27263	0.19859	-0.21097	0.18706	-0.27263	0.07191	0.19966	4.73233	55.63677
21257	-1.00000	-0.15497	-0.01738	-0.15206	0.11355	-0.15497	-0.10955	0.35858	5.78618	38.13775
21277	-1.00000	-0.11146	0.24533	0.03008	-0.24381	-0.11146	0.21893	0.23029	0.58751	53.82389
21297	-1.00000	0.09807	-0.43482	-0.44514	0.09943	0.09807	-0.44547	0.46609	1.63983	37.21258
21317	-1.00000	0.56547	0.21954	-0.68147	0.43777	0.56547	0.57998	0.72870	2.61851	51.13223
21337	-1.00000	0.16415	-0.17855	-0.00525	-0.19830	0.16415	-0.11141	0.10232	3.70610	40.05183
21357	0.00000	0.07550	0.04064	-0.08816	-0.07824	0.07550	0.09052	0.11866	4.77528	56.51398
21377	0.00000	-0.61915	0.46775	-0.60709	0.21939	-0.61915	0.18264	0.57665	5.83680	51.52922
21397	0.00000	-0.05666	0.08416	-0.05754	-0.06367	-0.05666	0.06446	0.11107	0.64887	60.87227
21417	0.00000	-0.23234	-0.01255	-0.27576	-0.00550	-0.23234	-0.14863	0.25668	1.73340	51.13284
21437	0.00000	-0.07600	-0.11570	-0.15169	-0.11941	-0.07600	-0.17747	0.20311	2.75963	58.40045
21457	0.00000	-0.46281	0.10511	0.12295	-0.46938	-0.46281	-0.14584	0.49361	3.87944	55.06613
21477	0.00000	-0.10662	-0.10764	0.09998	-0.18949	-0.10662	-0.18585	0.23142	4.93175	54.33735
21497	0.00000	0.17543	0.04064	-0.22936	0.01139	0.17543	0.14821	0.17847	6.01781	58.99943
21517	0.00000	0.24635	-0.24947	0.03829	-0.28369	0.24635	-0.14584	0.35775	0.81608	57.42175
21537	0.00000	0.09968	-0.04639	0.05363	-0.08412	0.09968	0.00398	0.10928	1.86532	55.49269
21557	0.00000	-0.02120	0.15024	-0.07428	-0.14467	-0.02120	0.16124	0.16503	2.96825	63.38716
21577	0.00000	0.02393	0.36621	0.11380	-0.42223	0.02393	0.43667	0.48348	4.03897	51.13284
21597	0.00000	-0.12596	0.04547	0.00553	-0.12744	-0.12596	-0.02021	0.16867	5.04986	51.66271
21617	0.00000	-0.05988	-0.12698	0.01785	-0.18999	-0.05988	-0.18120	0.17114	6.09757	36.81564
21637	0.00000	0.04649	-0.32361	0.10729	-0.33306	0.04649	-0.34683	0.37946	0.87590	50.61357
21657	0.00000	0.10290	-0.01738	0.01180	-0.10953	0.10290	0.03934	0.11629	1.88373	53.95898
21677	0.00000	0.10290	0.07771	0.06693	-0.16838	0.10290	0.14914	0.23109	2.94831	41.45906
21697	0.00000	-0.36127	0.46936	0.12661	-0.47498	-0.36127	0.33339	0.46361	3.95000	29.17842
21717	0.00000	0.35917	-0.12053	-0.00189	-0.36555	0.35917	0.06819	0.38390	4.72313	24.41356
21737	0.00000	0.03682	-0.23335	0.06096	-0.24340	0.03682	-0.24819	0.24342	5.43029	35.39843
21757	0.00000	-0.04376	0.22599	0.08293	-0.22490	-0.04376	0.23568	0.28331	0.00767	42.71737
21777	0.00000	0.44298	-0.53958	0.04172	-0.57392	0.44298	-0.36730	0.55057	0.80381	39.94737
21797	0.00000	-0.03732	-0.15921	0.01892	-0.20787	-0.03732	-0.20539	0.22676	1.46342	29.66270
21817	0.00000	-0.05505	-0.02222	-0.02713	-0.07478	-0.05505	-0.05744	0.10852	2.13837	35.49066
21837	0.00000	0.00620	0.11800	0.01241	-0.13942	0.00620	0.13984	0.10778	2.89002	40.47454
21857	0.00000	0.28019	-0.11086	-0.02385	-0.28119	0.28019	0.03376	0.26536	3.58798	33.43772
21877	0.00000	0.20605	0.08416	-0.03772	-0.29623	0.20605	0.21614	0.26935	4.08499	19.76785
21897	0.00000	-0.25168	0.20503	-0.03025	-0.26605	-0.25168	0.09145	0.25641	4.46695	20.61808
21917	0.00000	0.12708	-0.22852	0.00404	-0.22895	0.12708	-0.19050	0.23203	4.79829	15.65291
21937	0.00000	-0.06633	0.15830	-0.02515	-0.15698	-0.06633	0.14449	0.18651	5.11122	12.57365
21957	0.00000	0.09484	-0.13343	-0.03642	-0.13240	0.09484	-0.09931	0.16112	5.36893	15.57345
21977	0.00000	-0.13241	0.10350	-0.03030	-0.13589	-0.13241	0.04306	0.14378	5.60363	7.78673
21997	0.00000	0.10613	-0.04317	0.01470	-0.10572	0.10613	0.01142	0.11372	5.81992	8.47506
22017	0.00000	-0.02765	-0.07218	0.00474	-0.10297	-0.02765	-0.09931	0.15177	6.00554	8.47506
22037	0.00000	-0.10823	0.09866	-0.02407	-0.11738	-0.10823	0.05144	0.11741	6.17887	3.89336
22057	0.00000	0.05133	0.04386	-0.00236	-0.09526	0.05133	0.08028	0.09445	0.03375	8.45169
22077	0.00000	0.08840	-0.02866	-0.02980	-0.08513	0.08840	0.01794	0.10760	0.12579	0.00000
22097	0.00000	0.08034	-0.01899	-0.03897	-0.07438	0.08034	0.02445	0.08715	0.12425	0.00000
22117	0.00000	0.06744	-0.02222	-0.00535	-0.06853	0.06744	0.01328	0.08604	0.09511	0.00000
22137	0.00000	0.04810	-0.01738	0.01882	-0.04493	0.04810	0.00770	0.05900	0.05676	0.00000
22157	0.00000	0.06100	0.00357	0.00729	-0.07221	0.06100	0.03934	0.23031	0.04909	0.00000
22177	0.00000	0.09807	0.00840	0.00732	-0.11816	0.09807	0.06632	0.03199	0.05062	0.00000
22197	0.00000	0.02715	-0.01094	0.01376	-0.02360	0.02715	0.00305	0.03697	0.05216	0.00000
22217	0.00000	0.00298	-0.01094	0.01053	0.00412	0.00298	-0.01091	0.05937	0.05216	0.00000
22237	0.00000	0.02876	0.00357	0.00054	-0.03545	0.02876	0.02073	0.17032	0.05216	0.00000
22257	0.00000	0.07873	0.00518	0.00573	-0.09387	0.07873	0.05144	0.02470	0.05216	0.00000
22277	0.00000	0.01426	-0.01255	0.01353	-0.00770	0.01426	-0.00626	0.02662	0.05216	0.00000
22297	0.00000	0.00942	0.00679	-0.00529	-0.01540	0.00942	0.01328	0.02062	0.05369	0.00000
22317	0.00000	0.03038	-0.00449	0.00768	-0.03188	0.03038	0.01235	0.04497	0.05369	0.00000
22337	0.00000	0.03682	0.01808	-0.01366	-0.05426	0.03682	0.04213	0.04469	0.05522	0.00000
22357	-1.00000	0.00298	-0.01416	0.01372	0.00589	0.00298	-0.01463	0.01438	0.05369	0.00000
22377	-1.00000	-0.32904	0.11317	-0.22061	0.25121	-0.32904	-0.05930	0.46418	0.68722	51.00191
22397	-1.00000	0.39624	-0.39614	-0.28485	0.35795	0.39624	-0.22865	0.39059	1.60915	47.81221
22417	-1.00000	-0.41285	0.52093	-0.45684	0.30593	-0.41285	0.36316	0.46588	2.44977	47.19954
22437	-1.00000	0.13836	-0.56214	-0.37269	0.45192	0.13836	-0.56923	0.52591	3.41311	52.20368
22457	-1.00000	0.38657	-0.32361	-0.35774	0.20996	0.38657	-0.15049	0.44551	4.42707	51.79566
22477	-1.00000	-0.14369	0.67405	-0.65310	0.27858	-0.14369	0.69536	0.76716	5.36280	51.52922
22497	-1.00000	-0.34838	0.00518	-0.39424	0.06337	-0.34838	-0.19515	0.43013	0.03068	51.13284
22517	-1.00000	0.17382	-0.13181	-0.09491	0.15456	0.17382	-0.05185	0.20467	1.03697	49.73019
22537	-1.00000	0.49939	0.13895	-0.64300	0.19313	0.49939	0.44877	0.71181	2.01412	47.81252
22557	-1.00000	-0.23395	0.24533	-0.27294	-0.04698	-0.23395	0.14821	0.30303	2.96058	38.13775
22577	-1.00000	-0.11307	0.18086	-0.04926	-0.17598	-0.11307	0.14356	0.17929	4.03437	55.06613
22597	-1.00000	0.30437	-0.28332	-0.22712	0.25296	0.30437	-0.15142	0.32019	5.04219	50.10504
22617	-1.00000	0.25279	0.04709	-0.32135	0.02759	0.25279	0.20032	0.33826	6.01321	51.13284
22637	-1.00000	0.10290	-0.04639	0.01027	-0.10255	0.10290	0.00584	0.12068	0.76392	54.23165
22657	-1.00000	-0.36127	-0.09152	-0.32711	0.34966	-0.36127	-0.31426	0.43228	1.78862	49.88538
22677	-1.00000	0.06744	-0.50090	-0.54000	0.06248	0.06744	-0.53945	0.59741	2.78111	37.31251
22697	-1.00000	-0.09212	-0.11570	-0.02686	-0.20651	-0.09212	-0.18678	0.20089	3.84416	58.83779
22717	-1.00000	0.26085	0.07610	-0.32937	0.12813	0.26085	0.23847	0.36019	4.88573	51.66271
22737	-1.00000	-0.00347	0.09060	-0.09769	-0.03159	-0.00347	0.10262	0.10717	5.89355	51.13284
22757	-1.00000	0.10290	0.10672	0.03028	-0.20743	0.10290	0.18264	0.21318	0.67955	41.68422
22777	-1.00000	-0.20494	0.04064	-0.20590	-0.06853	-0.20494	-0.07139	0.22834	1.71499	51.66271
22797	-1.00000	0.59448	-0.48317	-0.61907	0.12722	0.59448	-0.21469	0.67731	2.68907	53.03672
22817	-1.00000	0.09968	-0.11731	-0.06972	-0.10556	0.09968	-0.07791	0.13221	3.76286	54.92530
22837	-1.00000	-0.08083	0.40650	-0.37505	0.21107	-0.08083	0.42272	0.29010	4.80596	58.67703
22857	-1.00000	-0.72713	0.53383	-0.69769	0.28380	-0.72713	0.19660	0.70393	5.84293	52.20368
22877	-1.00000	-0.15175	0.08254	-0.13946	-0.06030	-0.15175	0.00770	0.16164	0.61359	54.50694
22897	-1.00000	0.10290	-0.47028	-0.48143	0.11253	0.10290	-0.48362	0.51346	1.64136	37.61816
22917	-1.00000	0.42202	0.18892	-0.50286	0.37210	0.42202	0.46180	0.52019	2.62157	51.13223
22937	-1.00000	0.11741	-0.09797	-0.03576	-0.12067	0.11741	-0.04534	0.13815	3.70917	40.15668
22957	-1.00000	0.10774	0.00840	-0.06670	-0.11104	0.10774	0.07191	0.11951	4.77528	56.36566
22977	-1.00000	-0.13886	0.15668	-0.16399	-0.05035	-0.13886	0.10075	0.19790	5.80612	58.67572
22997	-1.00000	-0.19849	0.05515	-0.20475	-0.00795	-0.19849	-0.05092	0.18824	0.62126	55.06598
23017	-1.00000	0.09484	-0.42676	-0.43228	0.11822	0.09484	-0.43802	0.46597	1.63829	55.78128
23037	-1.00000	0.24957	0.08416	-0.27067	0.21729	0.24957	0.24126	0.26444	2.62464	53.32034
23057	-1.00000	0.11902	-0.31072	0.07905	-0.30339	0.11902	-0.29007	0.31879	3.72757	55.63615
23077	-1.00000	-0.05505	0.32430	-0.31987	0.13469	-0.05505	0.34269	0.31861	4.80750	38.13775
23097	-1.00000	-0.66105	0.49031	-0.63778	0.25342	-0.66105	0.18450	0.65014	5.83526	56.21935
23117	-1.00000	-0.20655	0.05515	-0.21388	0.00143	-0.20655	-0.05557	0.17029	0.61666	57.81336
23137	-1.00000	0.14803	-0.46061	-0.38992	0.26293	0.14803	-0.44640	0.45186	1.65823	54.48549
23157	-1.00000	0.17059	0.01485	-0.16752	0.12005	0.17059	0.11564	0.16427	2.63385	51.79690
23177	-1.00000	0.08679	-0.21079	0.00777	-0.21173	0.08679	-0.19329	0.20496	3.74905	57.81351
23197	-1.00000	-0.12113	0.37427	-0.30097	0.23515	-0.12113	0.36223	0.35260	4.80903	59.16196
23217	-1.00000	-0.60464	0.38877	-0.48579	0.37355	-0.60464	0.09982	0.55988	5.85827	56.21935
23237	-1.00000	-0.13724	0.03742	-0.13607	0.04022	-0.13724	-0.03603	0.22277	0.65041	56.66404
23257	-1.00000	-0.22105	0.00679	-0.24885	-0.03585	-0.22105	-0.11978	0.26577	1.72419	51.13284
23277	-1.00000	0.67829	-0.54119	-0.68102	0.22502	0.67829	-0.23331	0.66212	2.69214	55.49239
23297	-1.00000	0.09162	-0.13987	-0.07781	-0.11889	0.09162	-0.10861	0.15830	3.78126	57.42191
23317	-1.00000	-0.12596	0.46130	-0.38203	0.28538	-0.12596	0.45994	0.29990	4.81977	59.32539
23337	-1.00000	-0.34354	0.23727	-0.26819	0.22760	-0.34354	0.07563	0.32431	5.85981	51.66271
23357	0.00000	0.14964	0.12284	0.07533	-0.26231	0.14964	0.22824	0.26494	0.66882	58.67686
23377	0.00000	-0.27585	-0.04639	-0.34714	0.02958	-0.27585	-0.21283	0.38712	1.72573	51.66271
23397	0.00000	0.02393	-0.11731	-0.11623	-0.04308	0.02393	-0.12164	0.23578	2.73202	57.38099
23417	0.00000	-0.24201	-0.01255	0.03210	-0.28514	-0.24201	-0.15421	0.38430	3.87023	55.06613
23437	0.00000	-0.12274	-0.09958	0.11286	-0.19200	-0.12274	-0.18585	0.22811	4.93328	57.42191
23457	0.00000	0.05939	-0.09958	0.02515	-0.09698	0.05939	-0.08070	0.10269	5.99633	54.92530
23477	0.00000	0.22701	-0.31877	0.12981	-0.30141	0.22701	-0.23703	0.34967	0.81608	53.75134
23497	0.00000	-0.21944	0.59185	-0.37660	-0.46499	-0.21944	0.55671	0.62154	1.77175	20.89898
23517	0.00000	-0.14530	-0.01577	-0.08016	-0.15846	-0.14530	-0.10210	0.11777	2.77957	41.57141
23537	0.00000	-0.56274	0.05837	0.09190	-0.61194	-0.56274	-0.25750	0.59902	3.86410	51.13284
23557	0.00000	0.21089	-0.22046	0.04237	-0.24559	0.21089	-0.13281	0.23739	4.80750	48.56945
23577	0.00000	0.03360	0.03258	-0.01871	-0.06348	0.03360	0.05702	0.07827	5.85521	56.66436
23597	0.00000	0.14320	0.15830	0.03806	-0.29920	0.14320	0.26546	0.35289	0.66575	54.33718
23617	0.00000	-0.08728	0.10027	0.01271	-0.10831	-0.08728	0.06539	0.12739	1.68124	55.08786
23637	0.00000	-0.08728	-0.04801	-0.06381	-0.12142	-0.08728	-0.10582	0.15406	2.75503	55.63677
23657	0.00000	-0.06955	-0.40097	0.13813	-0.48875	-0.06955	-0.50316	0.46543	3.75365	44.17235
23677	0.00000	-0.19527	0.31141	0.00566	-0.31469	-0.19527	0.24685	0.33011	4.54519	39.23236
23697	0.00000	0.12708	-0.07863	-0.06171	-0.11245	0.12708	-0.01742	0.10930	5.39961	48.18801
23717	0.00000	0.09968	0.07771	0.07028	-0.16336	0.09968	0.14728	0.21786	0.07670	53.89677
23737	0.00000	-0.15497	-0.09152	0.02994	-0.24737	-0.15497	-0.19515	0.24979	0.95107	41.12545
23757	0.00000	-0.08567	0.05192	-0.08479	-0.01612	-0.08567	0.01049	0.08916	1.75334	44.05701
23777	0.00000	-0.03087	-0.04801	0.02002	-0.07693	-0.03087	-0.07325	0.10686	2.63538	50.29459
23797	0.00000	0.13997	0.17925	0.06343	-0.31366	0.13997	0.28779	0.25151	3.48674	37.61816
23817	0.00000	0.26891	0.00840	-0.04327	-0.31249	0.26891	0.16496	0.33956	4.12181	27.81838
23837	0.00000	0.14964	0.05353	0.01261	-0.21023	0.14964	0.14821	0.24205	4.65103	27.46265
23857	0.00000	-0.10823	0.22115	-0.09128	-0.20144	-0.10823	0.19288	0.26517	5.13423	20.95608
23877	0.00000	-0.16303	0.08416	0.02594	-0.16097	-0.16303	0.00305	0.17125	5.56528	24.60811
23897	0.00000	-0.06794	-0.19467	-0.03412	-0.27045	-0.06794	-0.26401	0.15593	6.04388	25.14730
23917	0.00000	0.14964	-0.16083	-0.04604	-0.17358	0.14964	-0.09931	0.20433	0.22396	21.42433
23937	0.00000	0.03360	0.20665	-0.02693	-0.25878	0.03360	0.25801	0.21535	0.58905	16.53892
23957	0.00000	-0.03571	-0.13665	-0.00899	-0.18172	-0.03571	-0.17840	0.18116	0.86823	12.50531
23977	0.00000	-0.05988	0.12123	-0.01849	-0.11980	-0.05988	0.10541	0.15583	1.09680	7.68915
23997	0.00000	0.10774	-0.05123	-0.02882	-0.10386	0.10774	0.00305	0.11632	1.29008	8.26946
24017	0.00000	-0.05505	-0.04801	0.01576	-0.10191	-0.05505	-0.08721	0.22153	1.44808	8.09491
24037	0.00000	-0.09373	0.07932	-0.02137	-0.09865	-0.09373	0.03748	0.10212	1.60454	7.86628
24057	0.00000	0.06100	0.03580	0.02094	-0.09562	0.06100	0.07656	0.10813	1.73647	3.97405
24077	0.00000	0.19638	-0.02705	-0.10781	-0.18353	0.19638	0.08214	0.09310	1.84078	0.00000
24097	0.00000	0.08195	-0.04317	-0.04699	-0.06719	0.08195	-0.00253	0.06634	1.88373	3.93330
24117	0.00000	0.05616	-0.05606	-0.01202	-0.06367	0.05616	-0.03231	0.05849	1.88833	0.00000
24137	0.00000	0.04972	-0.06251	0.00511	-0.06585	0.04972	-0.04348	0.09347	1.88066	0.00000
24157	0.00000	0.04972	-0.02544	-0.02202	-0.04457	0.04972	-0.00067	0.05463	1.86532	-3.93330
24177	0.00000	-0.00025	-0.02061	0.02267	-0.00769	-0.00025	-0.02394	0.02991	1.85458	0.00000
24197	0.00000	0.07712	-0.02383	-0.04044	-0.06783	0.07712	0.01701	0.03923	1.85305	0.00000
24217	0.00000	-0.02442	-0.00449	0.01157	-0.02889	-0.02442	-0.01928	0.05957	1.85151	0.00000
24237	0.00000	0.02393	0.05515	-0.08072	-0.00786	0.02393	0.07749	0.04563	1.84078	0.00000
24257	0.00000	0.05133	-0.00610	-0.02929	-0.04782	0.05133	0.02259	0.02133	1.83464	0.00000
24277	0.00000	0.02070	-0.02383	0.01485	-0.02122	0.02070	-0.01556	0.03773	1.82697	0.00000
24297	0.00000	0.01103	-0.01094	0.00626	-0.01103	0.01103	-0.00626	0.03454	1.82237	0.00000
24317	0.00000	0.02070	-0.02222	0.01473	-0.01998	0.02070	-0.01370	0.03925	1.81930	0.00000
24337	0.00000	0.02232	-0.00610	-0.00278	-0.02290	0.02232	0.00584	0.02597	1.81163	-4.19122
24357	-1.00000	0.12869	-0.03672	-0.01206	-0.13203	0.12869	0.03189	0.06053	1.81010	0.00000
24377	-1.00000	-0.54340	0.10672	-0.49029	0.30193	-0.54340	-0.19050	0.58587	2.34852	45.85281
24397	-1.00000	0.30759	-0.26236	-0.32258	0.07906	0.30759	-0.12536	0.35033	3.26431	52.20368
24417	-1.00000	-0.08083	0.25983	-0.09749	0.24742	-0.08083	0.25336	0.22116	4.28134	55.63677
24437	-1.00000	-0.43058	0.05515	-0.32907	0.33360	-0.43058	-0.18492	0.60427	5.23854	48.82711
24457	-1.00000	0.33338	-0.46222	-0.37180	0.29889	0.33338	-0.34125	0.42408	6.18961	53.46329
24477	-1.00000	0.51550	0.16797	-0.51847	0.48837	0.51550	0.49158	0.60379	0.91579	51.66256
24497	-1.00000	-0.50633	0.37588	-0.34335	0.39818	-0.50633	0.14170	0.44852	1.87606	47.07883
24517	-1.00000	0.23023	-0.90705	-0.74532	0.57762	0.23023	-0.91445	0.81315	2.81332	54.33735
24537	-1.00000	0.66217	0.26628	-0.67576	0.67637	0.66217	0.68978	0.80396	3.85029	57.42191
24557	-1.00000	-0.17754	0.62086	-0.47228	0.43119	-0.17754	0.61441	0.46497	4.82130	59.32539
24577	-1.00000	-0.28230	0.08093	-0.25219	0.14463	-0.28230	-0.06953	0.43391	5.79691	50.70894
24597	-1.00000	0.02393	-0.20434	-0.16134	0.15454	0.02393	-0.22214	0.17642	0.55377	56.07241
24617	-1.00000	0.00298	1.34291	-1.50456	-0.38240	0.00298	1.55238	1.60157	1.45421	32.37963
24637	-1.00000	0.36239	-0.46866	-0.42584	0.24520	0.36239	-0.33194	0.45898	2.17672	51.66209
24657	-1.00000	0.13997	-0.05284	-0.12642	-0.06325	0.13997	0.01980	0.15741	3.16000	53.42237
24677	-1.00000	0.03682	0.12445	-0.16896	0.00436	0.03682	0.16496	0.18033	4.23686	37.61816
24697	-1.00000	-0.25812	0.19375	-0.26472	0.04611	-0.25812	0.07470	0.29494	5.25082	55.08786
24717	-1.00000	0.05294	-0.23980	-0.18613	0.16978	0.05294	-0.24633	0.17353	6.26171	58.35813
24737	-1.00000	-0.13886	0.03742	-0.00718	-0.14350	-0.13886	-0.03696	0.11273	1.05078	54.92514
24757	-1.00000	0.15448	0.05192	-0.15963	0.14359	0.15448	0.14914	0.15099	2.06167	37.31315
24777	-1.00000	-0.10662	0.45969	-0.42273	0.22989	-0.10662	0.46924	0.46442	3.09097	58.67703
24797	-1.00000	0.12708	-0.03028	0.00238	-0.13273	0.12708	0.03841	0.18293	4.18010	55.06613
24817	-1.00000	-0.00992	0.05998	-0.02642	-0.05862	-0.00992	0.06353	0.08467	5.22934	53.03672
24837	-1.00000	-0.07761	0.09221	-0.00415	-0.09904	-0.07761	0.06167	0.11428	6.28012	56.36691
24857	-1.00000	-0.05988	-0.07057	-0.11758	-0.05683	-0.05988	-0.11606	0.15213	1.07379	58.04252
24877	-1.00000	0.12063	-0.15116	-0.14044	-0.07634	0.12063	-0.10489	0.18409	2.08008	53.89645
24897	-1.00000	-0.05988	0.31302	-0.27596	0.18510	-0.05988	0.32687	0.23274	3.10631	58.51714
24917	-1.00000	0.15448	-0.04801	-0.04551	-0.15143	0.15448	0.03376	0.15689	4.22305	41.91216
24937	-1.00000	-0.12596	0.13734	-0.14956	-0.02950	-0.12596	0.08587	0.17493	5.24315	52.75610
24957	-1.00000	-0.12435	0.17602	-0.00026	-0.18095	-0.12435	0.13146	0.17501	0.00614	60.23502
24977	-1.00000	-0.02926	-0.13987	-0.18053	-0.00941	-0.02926	-0.17840	0.18513	1.08146	56.51508
24997	-1.00000	0.23668	-0.22852	-0.26536	-0.04209	0.23668	-0.12723	0.29396	2.09082	55.08786
25017	-1.00000	-0.00347	0.10511	-0.10345	0.05965	-0.00347	0.11936	0.05708	3.12012	59.32539
25037	-1.00000	0.02876	0.05515	-0.08510	-0.00552	0.02876	0.08028	0.15990	4.24146	38.03269
25057	-1.00000	-0.55307	0.40167	-0.52239	0.23203	-0.55307	0.14449	0.61148	5.26616	54.23180
25077	-1.00000	-0.22267	0.03258	-0.23890	-0.02770	-0.22267	-0.09093	0.25622	0.03068	55.06491
25097	-1.00000	0.00781	-0.20595	-0.22975	0.04126	0.00781	-0.23331	0.09221	1.07685	57.11631
25117	-1.00000	0.32693	-0.30427	-0.36222	-0.04572	0.32693	-0.16259	0.40045	2.09849	33.99413
25137	-1.00000	-0.02281	0.26467	-0.23831	0.17100	-0.02281	0.29244	0.43061	3.11705	63.38716
25157	-1.00000	-0.02765	0.07126	-0.05458	0.04672	-0.02765	0.06632	0.19099	4.24452	59.32539
25177	-1.00000	-0.64171	0.45324	-0.58711	0.30076	-0.64171	0.15286	0.56913	5.26922	50.10504
25197	-1.00000	-0.25651	-0.00771	-0.29978	0.02399	-0.25651	-0.15700	0.31798	0.03375	55.06491
25217	-1.00000	0.03038	-0.24625	-0.25846	0.07277	0.03038	-0.26680	0.30205	1.07992	56.96481
25237	-1.00000	0.36078	-0.30588	-0.38859	-0.01132	0.36078	-0.14491	0.42302	2.09849	38.24340
25257	-1.00000	-0.01798	0.23405	-0.21296	0.14999	-0.01798	0.25987	0.31259	3.11705	58.99877
25277	-1.00000	-0.00025	0.00035	-0.00017	0.00031	-0.00025	0.00026	0.16666	4.24452	42.37528
25297	-1.00000	-0.66105	0.46291	-0.59641	0.32341	-0.66105	0.15286	0.57040	5.27076	54.23180
25317	-1.00000	-0.30647	-0.04317	-0.36756	0.10129	-0.30647	-0.22679	0.34312	0.03528	54.50587
25337	-1.00000	0.00459	-0.15116	-0.15901	0.06541	0.00459	-0.17189	0.19776	1.09680	58.04236
25357	0.00000	0.82979	-0.53958	-0.72430	0.42961	0.82979	-0.14397	0.75728	2.13070	52.20368
25377	0.00000	0.16898	-0.01094	-0.18908	-0.00389	0.16898	0.08494	0.18778	3.17227	58.99943
25397	0.00000	0.16576	-0.20112	0.00829	-0.21458	0.16576	-0.13653	0.18517	4.26600	56.21810
25417	0.00000	0.12224	-0.02383	-0.00413	-0.12953	0.12224	0.04306	0.12453	5.32138	53.55559
25437	0.00000	0.05133	0.09221	-0.04540	-0.13820	0.05133	0.13611	0.18200	0.13499	64.27294
25457	0.00000	-0.03571	0.06482	-0.04223	-0.04932	-0.03571	0.05423	0.07156	1.21798	57.42191
25477	0.00000	-0.19688	0.02452	-0.19718	-0.08463	-0.19688	-0.08535	0.21753	2.28410	56.66373
25497	0.00000	-0.26941	0.36943	0.18322	-0.33535	-0.26941	0.27104	0.40648	3.38550	63.56226
25517	0.00000	-0.35160	0.05515	0.10257	-0.36400	-0.35160	-0.13932	0.36607	4.43014	49.97827
25537	0.00000	-0.07278	-0.07218	0.08362	-0.11839	-0.07278	-0.12536	0.17516	5.48552	58.04268
25557	0.00000	-0.05505	-0.27203	0.17677	-0.30235	-0.05505	-0.34590	0.37863	0.33134	42.37516
25577	0.00000	0.09484	0.04709	-0.12757	-0.06804	0.09484	0.10913	0.11581	1.36831	57.88591
25597	0.00000	-0.05988	0.07287	-0.07749	0.00622	-0.05988	0.04957	0.03135	2.42369	56.21935
25617	0.00000	0.19799	0.15507	0.11254	-0.33558	0.19799	0.29337	0.35638	3.52202	36.71773
25637	0.00000	-0.36933	0.39038	0.22260	-0.37848	-0.36933	0.23754	0.43159	4.47922	45.48204
25657	0.00000	0.07873	-0.06573	-0.06577	-0.05290	0.07873	-0.03045	0.08604	5.47018	51.26306
25677	0.00000	0.11741	-0.25431	0.10262	-0.23294	0.11741	-0.22586	0.26188	0.27151	43.21072
25697	0.00000	-0.05021	0.05192	-0.05895	-0.00228	-0.05021	0.03096	0.06255	1.25019	50.29459
25717	0.00000	-0.06149	0.05353	-0.00548	-0.06666	-0.06149	0.02631	0.08935	2.25649	58.35813
25737	0.00000	-0.23878	0.14057	0.11266	-0.21193	-0.23878	0.02445	0.25655	3.31186	55.78128
25757	0.00000	0.35272	0.02452	-0.00014	-0.42214	0.35272	0.23196	0.33713	4.12027	34.77548
25777	0.00000	0.05455	-0.20757	0.11595	-0.18128	0.05455	-0.20818