--- Terminal on /dev/ttyUSB0 | 115200 8-N-1
--- Available filters and text transformations: colorize, debug, default, direct, esp32_exception_decoder, hexlify, log2file, nocontrol, printable, send_on_enter, time
--- More details at https://bit.ly/pio-monitor-filters
--- Quit: Ctrl+C | Menu: Ctrl+T | Help: Ctrl+T followed by Ctrl+H
MOT: Enable driver.
MOT: Align sensor.
MOT: sensor_direction==CCW
MOT: PP check: OK!
MOT: Zero elec. angle: 0.49
MOT: Align current sense.
CS: Inv B
MOT: Success: 3
MOT: Ready.
MOT: Measuring phase to phase resistance, keep motor still...
MOT: Estimated phase to phase resistance: 7.54
MOT: Measuring inductance, keep motor still...
MOT: Newly estimated electrical zero: 0.05
MOT: Current electrical zero: 0.49
MOT: Inductance measurement complete!
MOT: Measured D-inductance in mH: 1.02
MOT: Measured Q-inductance in mH: 2.00
0	0.10000	-0.10096	-0.02327	-0.03851	-0.12634	-0.10096	-0.08516	0.01803	3.34408	0.01149
20591	0.10000	-0.00265	-0.00877	-0.00955	-0.00719	-0.00265	-0.01165	0.01960	3.34408	-0.11923
20604	0.10000	-0.03650	0.07343	0.07134	0.01739	-0.03650	0.06372	0.05196	3.30419	-4.99669
20614	0.10000	-0.05584	0.20559	0.09945	0.18793	-0.05584	0.20516	0.04575	3.24897	-4.98047
20624	0.10000	0.01830	0.03475	-0.03931	0.03687	0.01830	0.05069	0.05082	3.18454	-4.98047
20634	0.10000	-0.02199	0.01541	0.00140	0.02253	-0.02199	0.00510	0.04659	3.11091	-4.99669
20644	0.10000	-0.03327	-0.02972	0.02898	0.05596	-0.03327	-0.05353	0.06615	3.03575	-4.99669
20654	0.10000	0.06182	-0.06034	0.06964	0.01127	0.06182	-0.03398	0.08250	2.97439	-4.99669
20664	0.10000	0.04248	-0.03617	0.03348	0.03131	0.04248	-0.01724	0.07667	2.90843	-4.98047
20674	0.10000	0.12306	-0.07485	0.08072	0.09415	0.12306	-0.01537	0.10290	2.83633	-4.98047
20684	0.10000	0.00863	0.04120	0.04601	0.02682	0.00863	0.05255	0.06016	2.76730	-9.96094
20694	0.10000	-0.03650	0.04926	0.04890	0.01489	-0.03650	0.03580	0.06284	2.70134	-4.99669
20704	0.10000	-0.05100	0.03314	0.04833	0.01852	-0.05100	0.00882	0.04575	2.63998	-4.91662
20714	0.10000	-0.02844	-0.19089	0.20568	-0.12079	-0.02844	-0.23684	0.04269	2.57095	-4.98047
20724	0.10000	-0.00265	-0.03778	0.04380	0.01127	-0.00265	-0.04515	0.02679	2.49579	-4.99669
20734	0.10000	0.03603	-0.08291	0.07346	0.03894	0.03603	-0.07493	0.05782	2.42829	-4.96435
20744	0.10000	0.07471	-0.05067	0.07372	0.01958	0.07471	-0.01537	0.07538	2.36693	-4.91662
20754	0.10000	0.06504	-0.03617	0.04479	0.04734	0.06504	-0.00421	0.05225	2.30251	-4.99669
20764	0.10000	0.05537	0.00896	0.04207	0.05556	0.05537	0.04232	0.05382	2.22734	-4.98047
20774	0.10000	-0.00910	0.03797	0.03310	0.02183	-0.00910	0.03860	0.22179	2.15371	-4.98047
20784	0.10000	-0.06067	0.04281	0.06179	0.00838	-0.06067	0.01440	0.06488	2.09542	-4.96435
20794	0.10000	-0.06712	0.01541	0.06926	0.01209	-0.06712	-0.02096	0.08616	2.04480	-4.96435
20804	0.10000	-0.16382	-0.00715	0.15702	0.11294	-0.16382	-0.10284	0.01857	1.97577	-4.99669
20814	0.10000	-0.23313	0.14435	0.21254	0.10097	-0.23313	0.03208	0.24080	1.90214	-4.99669
20824	0.10000	0.06988	-0.08452	0.09024	0.00407	0.06988	-0.05725	0.10997	1.86225	-4.96435
20834	0.10000	0.08438	-0.06840	0.08663	0.02303	0.08438	-0.03026	0.07536	1.80856	-4.94834
20844	0.10000	0.07149	-0.02650	0.06425	0.03311	0.07149	0.01068	0.05826	1.74414	-9.96094
20854	0.10000	0.04893	-0.02972	-0.00018	0.04930	0.04893	-0.00607	0.08513	1.66590	-9.96094
20864	0.10000	0.01024	0.04603	0.03825	0.04616	0.01024	0.05907	0.05772	1.59227	-9.99339
20874	0.10000	-0.05745	0.04281	0.05926	0.00720	-0.05745	0.01626	0.06232	1.53091	-9.99339
20884	0.10000	-0.03811	0.01541	0.03541	0.01468	-0.03811	-0.00421	0.06032	1.46955	-4.98047
20894	0.10000	-0.05584	0.00252	0.04414	0.04505	-0.05584	-0.02933	0.04539	1.39592	-9.92871
20904	0.10000	-0.00910	-0.04100	0.03879	0.03666	-0.00910	-0.05260	0.07004	1.31616	-4.91662
20914	0.10000	0.09889	-0.11192	0.11851	0.03061	0.09889	-0.07214	0.11171	1.26707	0.00000
20924	0.10000	0.06988	-0.04261	0.06717	0.02118	0.06988	-0.00886	0.09120	1.21338	-4.98047
20934	0.10000	0.06021	-0.04261	0.02678	0.05582	0.06021	-0.01444	0.06483	1.14588	-4.99669
20944	0.10000	0.04570	0.01702	0.03541	0.05435	0.04570	0.04604	0.04800	1.06612	-4.99669
20954	0.10000	-0.02199	0.07182	0.05930	0.04358	-0.02199	0.07023	0.05575	1.00169	-4.99669
20964	0.10000	-0.06228	0.06215	0.06200	0.03627	-0.06228	0.03580	0.09336	0.94493	-4.94834
20974	0.10000	-0.15254	0.02186	0.15799	0.04746	-0.15254	-0.06283	0.04162	0.87897	-4.99669
20984	0.10000	-0.10902	-0.00877	0.07962	0.10432	-0.10902	-0.07307	0.07740	0.80534	-4.98047
20994	0.10000	0.00702	-0.07807	0.07047	0.04994	0.00702	-0.08609	0.09024	0.73784	-9.96094
21004	0.10000	0.06504	-0.08774	0.08023	0.04311	0.06504	-0.06376	0.08882	0.68416	-4.96435
21014	0.10000	0.07471	-0.06840	0.05635	0.06076	0.07471	-0.03585	0.08375	0.62280	-4.96435
21024	0.10000	0.08438	-0.03133	0.04208	0.07421	0.08438	0.01254	0.07077	0.54610	-9.86466
21034	0.10000	0.02153	0.04442	0.05070	0.04419	0.02153	0.06372	0.04614	0.47860	-4.94834
21044	0.10000	-0.03327	0.08632	0.06803	0.05434	-0.03327	0.08047	0.06762	0.42031	-4.99660
21054	0.10000	-0.06712	0.06698	0.06203	0.04633	-0.06712	0.03860	0.05237	0.36049	-4.99669
21064	0.10000	-0.04294	0.02024	0.02849	0.03216	-0.04294	-0.00142	0.06464	0.28839	-4.99669
21074	0.10000	-0.02844	-0.03778	0.05686	0.03435	-0.02844	-0.06004	0.04764	0.21783	-4.99669
21084	0.10000	0.01991	-0.10386	0.08695	0.06775	0.01991	-0.10843	0.11138	0.15493	-9.96089
21094	0.10000	0.06988	-0.08774	0.07666	0.05218	0.06988	-0.06097	0.11443	0.09817	-4.96433
21104	0.10000	0.08116	-0.04422	0.06432	0.04967	0.08116	-0.00421	0.09215	0.03068	-9.99335
21114	0.10000	0.05376	-0.00071	0.03650	0.04971	0.05376	0.03022	0.06678	6.23717	-9.96094
21124	0.10000	-0.00426	0.03959	0.03765	0.02170	-0.00426	0.04325	0.07528	6.17121	-4.91662
21134	0.10000	-0.03327	0.06698	0.04779	0.04693	-0.03327	0.05814	0.07911	6.13132	-4.98047
21144	0.10000	-0.10580	0.04603	0.09867	0.03897	-0.10580	-0.00793	0.06257	6.04388	-9.96094
21154	0.10000	-0.05584	-0.00393	0.05411	0.03927	-0.05584	-0.03678	0.05098	5.97179	-9.92871
21164	0.10000	0.00219	-0.06034	0.06159	0.02985	0.00219	-0.06841	0.03991	5.89662	-9.96094
21174	0.10000	0.03926	-0.08613	0.06488	0.05681	0.03926	-0.07679	0.23192	5.83373	-9.83324
21184	0.10000	0.10050	-0.06034	0.09131	0.04356	0.10050	-0.01165	0.08390	5.76777	-4.96435
21194	0.10000	0.06988	-0.01360	0.05247	0.05231	0.06988	0.02464	0.04602	5.69414	-9.83324
21204	0.10000	0.02797	0.03314	0.04021	0.04611	0.02797	0.05441	0.02878	5.62051	-4.99669
21214	0.10000	-0.03488	0.04281	0.04352	0.01344	-0.03488	0.02929	0.06532	5.54994	-9.99339
21224	0.10000	-0.03811	0.00735	0.04041	-0.00125	-0.03811	-0.01351	0.05668	5.48552	-4.98047
21234	0.10000	-0.01232	-0.00877	0.02111	0.00180	-0.01232	-0.01724	0.13208	5.41495	-4.99669
21244	0.10000	0.00057	-0.01844	0.01982	0.00682	0.00057	-0.02096	0.05594	5.33519	-9.92716
21254	0.10000	0.05376	-0.07485	0.07114	0.02993	0.05376	-0.05539	0.06939	5.26462	-4.93243
21264	0.10000	0.09889	-0.19089	0.06043	0.18112	0.09889	-0.16333	0.09943	5.20940	-4.98047
21274	0.10000	0.06504	-0.00393	0.06637	0.03024	0.06504	0.03301	0.04101	5.14497	-9.96094
21284	0.10000	0.01669	-0.01360	-0.00881	0.01542	0.01669	-0.00607	0.03437	5.06674	-9.92871
21294	0.10000	-0.03327	0.02024	0.03111	-0.01249	-0.03327	0.00417	0.04223	4.98697	-4.96435
21304	0.10000	-0.07034	0.02186	0.07200	0.00030	-0.07034	-0.01537	0.05600	4.92254	-4.99669
21314	0.10000	0.00057	-0.03455	0.03173	-0.02364	0.00057	-0.03957	0.01227	4.85505	-4.99669
21324	0.10000	0.00541	-0.05551	0.06120	0.00068	0.00541	-0.06097	0.15665	4.78909	-4.98047
21334	0.10000	0.03603	-0.03939	0.04363	-0.00191	0.03603	-0.02468	0.06103	4.71239	-4.96435
21344	0.10000	0.06988	-0.01683	0.07159	-0.01397	0.06988	0.02092	0.13176	4.64950	-9.96094
21354	0.10000	0.01830	0.24105	0.22437	-0.18289	0.01830	0.28891	0.03244	4.58200	-9.96094
21364	0.10000	-0.00910	-0.00877	-0.01477	-0.01004	-0.00910	-0.01537	0.01782	4.50377	-4.96435
21374	0.10000	-0.04133	0.02186	0.03568	-0.02090	-0.04133	0.00137	0.04006	4.41940	-4.98047
21384	0.10000	-0.05745	-0.00877	0.06253	-0.03555	-0.05745	-0.04329	0.04355	4.35957	-4.96435
21394	0.10000	-0.02360	-0.04261	0.06248	-0.02452	-0.02360	-0.06283	0.06107	4.29515	-9.96094
21404	0.10000	0.00057	-0.00715	0.00795	0.00017	0.00057	-0.00793	0.02586	4.21538	-4.99669
21414	0.10000	0.03442	-0.02650	0.03464	-0.01000	0.03442	-0.01072	0.05741	4.13715	-4.98047
21424	0.10000	0.07149	-0.03617	0.07114	0.00705	0.07149	-0.00049	0.12596	4.07732	-4.93243
21434	0.10000	0.04087	0.01702	0.05948	-0.00178	0.04087	0.04325	0.03789	4.01443	-4.98047
21444	0.10000	0.00541	0.00896	0.01304	0.00638	0.00541	0.01347	0.01879	3.93313	-9.99261
21454	0.10000	-0.03166	0.01863	0.02738	-0.01622	-0.03166	0.00324	0.01317	3.85643	-9.99339
21464	0.10000	-0.04133	0.02830	0.04113	0.00970	-0.04133	0.00882	0.05753	3.79814	-4.99669
21474	0.10000	-0.03811	0.00090	0.04253	0.00908	-0.03811	-0.02096	0.04976	3.73371	-9.96094
21484	0.10000	-0.01554	-0.01199	0.02303	0.01522	-0.01554	-0.02282	0.00707	3.65548	-4.96435
21494	0.10000	0.02959	-0.06034	0.05700	0.01980	0.02959	-0.05260	0.04333	3.58031	-9.96094
21504	0.10000	0.07633	-0.06034	0.07818	0.01920	0.07633	-0.02561	0.08221	3.52202	-4.94834
21514	0.10000	0.04893	-0.01199	0.04780	0.01779	0.04893	0.01440	0.03717	3.45452	-4.99669
21524	0.10000	0.02959	-0.00877	0.00845	0.02919	0.02959	0.00696	0.11221	3.37476	-9.96094
21534	0.10000	0.00380	0.03636	0.02999	0.03266	0.00380	0.04418	0.05632	3.30266	-4.96435
21544	0.10000	-0.14448	0.05409	0.13957	-0.04280	-0.14448	-0.02096	0.05723	3.24284	-4.99669
21554	0.10000	-0.04294	0.00896	0.04392	0.01111	-0.04294	-0.01444	0.02907	3.17534	-4.98047
21564	0.10000	-0.01393	-0.01683	0.02960	0.00853	-0.01393	-0.02747	0.03463	3.10018	-4.99669
21574	0.10000	0.02314	-0.03778	0.03809	-0.00056	0.02314	-0.03026	0.13407	3.02654	-4.96435
21584	0.10000	0.06988	-0.07807	0.08077	0.02898	0.06988	-0.04980	0.07561	2.96672	-4.91662
21594	0.10000	0.06182	-0.05712	0.04153	0.05488	0.06182	-0.03026	0.07506	2.90076	-9.92871
21604	0.10000	0.06343	-0.00877	0.04369	0.05307	0.06343	0.02650	0.04398	2.82406	-4.94834
21614	0.10000	0.01669	0.04281	0.04383	0.04296	0.01669	0.05907	0.00339	2.75350	-4.99669
21624	0.10000	-0.04133	0.04442	0.04836	0.01101	-0.04133	0.02743	0.06472	2.68907	-4.99669
21634	0.10000	-0.03327	0.02186	0.02895	0.01746	-0.03327	0.00603	0.04674	2.62464	-9.96094
21644	0.10000	-0.03005	0.00574	0.02342	0.02166	-0.03005	-0.01072	0.05366	2.55561	-4.96435
21654	0.10000	-0.00748	-0.05228	0.05835	0.02893	-0.00748	-0.06469	0.04268	2.48198	-9.92871
21664	0.10000	0.05537	-0.06034	0.06641	0.00878	0.05537	-0.03771	0.08635	2.41449	-4.99669
21674	0.10000	0.07955	-0.04261	0.07747	0.01837	0.07955	-0.00328	0.26667	2.35466	-4.99669
21684	0.10000	0.07471	-0.01844	0.06502	0.04279	0.07471	0.02185	0.06502	2.29330	-4.96435
21694	0.10000	0.06504	0.01541	0.05052	0.06885	0.06504	0.05535	0.05643	2.22120	-4.96435
21704	0.10000	-0.01071	0.06860	0.05551	0.04863	-0.01071	0.07303	0.05344	2.15064	-9.86486
21714	0.10000	-0.04133	0.00252	0.04066	-0.02222	-0.04133	-0.02096	0.07664	2.08775	-4.99669
21724	0.10000	-0.03327	0.03475	0.01404	0.03670	-0.03327	0.02092	0.08367	2.02792	-4.91662
21734	0.10000	-0.05261	-0.01360	0.05189	0.04689	-0.05261	-0.04608	0.04819	1.95122	-4.99669
21744	0.10000	0.01508	-0.04906	0.04549	0.02137	0.01508	-0.04794	0.08316	1.87452	-9.83286
21754	0.10000	0.06988	-0.08129	0.07788	0.04102	0.06988	-0.05353	0.07024	1.81623	-4.99669
21764	0.10000	0.07794	-0.03455	0.07006	0.03451	0.07794	0.00510	0.07362	1.75181	-9.99339
21774	0.10000	0.07471	-0.00877	0.04969	0.06483	0.07471	0.03301	0.05205	1.67664	-9.89668
21784	0.10000	0.00702	0.01702	0.01549	0.01927	0.00702	0.02371	0.06072	1.60148	-4.94834
21794	0.10000	-0.06067	0.06698	0.06941	0.02556	-0.06067	0.04232	0.10737	1.53858	-4.99631
21804	0.10000	-0.04778	0.03314	0.03931	0.02918	-0.04778	0.01068	0.05920	1.47722	-4.98047
21814	0.10000	-0.02521	-0.05712	0.08389	-0.00894	-0.02521	-0.08051	0.04115	1.40513	-4.93243
21824	0.10000	-0.00910	-0.02650	0.02748	0.02475	-0.00910	-0.03585	0.05826	1.32536	-9.99339
21834	0.10000	0.04893	-0.07646	0.06696	0.03891	0.04893	-0.06004	0.08967	1.26400	-4.99669
21844	0.10000	0.09405	-0.04261	0.09213	0.01960	0.09405	0.00510	0.10734	1.20571	-4.98047
21854	0.10000	0.06343	-0.03455	0.03023	0.05585	0.06343	-0.00328	0.02949	1.13361	-4.98047
21864	0.10000	0.04248	0.00735	0.01834	0.05057	0.04248	0.03301	0.05525	1.05691	-4.96435
21874	0.10000	-0.03327	0.04926	0.04778	0.01556	-0.03327	0.03767	0.13124	0.99249	-4.96435
21884	0.10000	-0.04778	0.04281	0.04557	0.02614	-0.04778	0.02185	0.07387	0.93573	-4.99669
21894	0.10000	-0.05100	0.04120	0.02250	0.04922	-0.05100	0.01812	0.05812	0.86823	-9.96094
21904	0.10000	-0.12836	-0.00877	0.07457	0.13421	-0.12836	-0.08423	0.08518	0.79307	-9.99339
21914	0.10000	0.02475	-0.08452	0.07436	0.04498	0.02475	-0.08330	0.09399	0.72557	-4.98047
21924	0.10000	0.06665	-0.08452	0.07461	0.04868	0.06665	-0.05911	0.10373	0.67342	-4.96435
21934	0.10000	0.07310	-0.06195	0.04839	0.06214	0.07310	-0.02933	0.08049	0.60899	-4.96435
21944	0.10000	0.08600	-0.01360	0.04900	0.07839	0.08600	0.03394	0.07331	0.53076	-9.86486
21954	0.10000	0.09405	0.04120	0.03637	0.13378	0.09405	0.10187	0.06516	0.46480	-9.92871
21964	0.10000	-0.04294	0.09438	0.07152	0.06178	-0.04294	0.08419	0.07180	0.40804	-4.98037
21974	0.10000	-0.07034	0.06054	0.05991	0.04708	-0.07034	0.02929	0.07607	0.34668	-4.99669
21984	0.10000	-0.07357	0.01380	0.05888	0.05146	-0.07357	-0.02654	0.05288	0.27458	-9.99339
21994	0.10000	-0.00587	-0.03133	0.03657	0.01621	-0.00587	-0.03957	0.08677	0.20402	-9.96094
22004	0.10000	0.05215	-0.08129	0.07925	0.02246	0.05215	-0.06376	0.10127	0.14419	-4.98047
22014	0.10000	0.07310	-0.06357	0.07206	0.03352	0.07310	-0.03119	0.09410	0.08437	-9.92868
22024	0.10000	0.04087	-0.06034	-0.00302	0.06151	0.04087	-0.04608	0.05458	0.01534	-9.99336
22034	0.10000	0.04893	0.23944	0.30306	0.05825	0.04893	0.30473	0.07620	6.22336	-4.99669
22044	0.10000	-0.01554	0.05087	0.04606	0.02440	-0.01554	0.04976	0.08902	6.15587	-4.99669
22054	0.10000	-0.06067	0.04764	0.06286	0.01134	-0.06067	0.01999	0.18019	6.09757	-9.99339
22064	0.10000	-0.04133	0.02024	0.03470	0.02245	-0.04133	-0.00049	0.05800	6.03008	-4.98047
22074	0.10000	-0.05422	-0.01038	0.05207	0.04586	-0.05422	-0.04329	0.04659	5.95645	-9.92871
22084	0.10000	0.01508	-0.07162	0.06852	0.03176	0.01508	-0.07400	0.05252	5.88282	-4.99669
22094	0.10000	0.08116	-0.05551	0.08296	-0.00008	0.08116	-0.01724	0.07959	5.81839	-9.99339
22104	0.10000	0.06504	0.16208	0.16171	-0.16901	0.06504	0.22470	0.08331	5.75396	-4.99669
22114	0.10000	0.06827	-0.01038	0.04420	0.05881	0.06827	0.02743	0.04940	5.67726	-9.96094
22124	0.10000	0.01830	0.04120	0.04011	0.04589	0.01830	0.05814	0.02285	5.60517	-4.96435
22134	0.10000	-0.04294	0.06698	0.05516	0.03953	-0.04294	0.05255	0.05041	5.53614	-4.93243
22144	0.10000	-0.05261	0.00252	0.05934	-0.00116	-0.05261	-0.02747	0.15384	5.47171	-9.99339
22154	0.10000	-0.03327	-0.00877	0.03859	0.02186	-0.03327	-0.02933	0.21104	5.39961	-14.74986
22164	0.10000	0.01669	-0.02488	0.02498	-0.00439	0.01669	-0.01910	0.05589	5.31985	-9.99339
22174	0.10000	-0.10902	-0.09419	0.17820	0.09801	-0.10902	-0.17170	0.22629	5.25082	-4.99669
22184	0.10000	0.09405	-0.16833	0.06875	0.15408	0.09405	-0.14007	0.11644	5.21247	-4.98047
22194	0.10000	0.06021	-0.00877	0.05785	0.02976	0.06021	0.02464	0.04055	5.14804	-9.96094
22204	0.10000	0.01669	-0.01038	-0.00459	0.01622	0.01669	-0.00235	0.03973	5.06827	-4.96435
22214	0.10000	-0.03327	0.01863	0.02997	-0.01462	-0.03327	0.00231	0.04420	4.98851	-9.92871
22224	0.10000	-0.05100	0.01541	0.05230	-0.00116	-0.05100	-0.01165	0.06252	4.92408	-9.99339
22234	0.10000	0.06343	-0.01038	-0.05774	-0.03600	0.06343	0.02464	0.05605	4.85658	-4.99669
22244	0.10000	0.01830	-0.03778	0.03657	-0.00950	0.01830	-0.03305	0.03878	4.77221	-4.94834
22254	0.10000	0.09567	-0.03617	0.08160	-0.05171	0.09567	0.01347	0.05179	4.69398	-4.98047
22264	0.10000	0.04731	-0.01199	0.04918	0.00114	0.04731	0.01347	0.06213	4.62955	-9.96094
22274	0.10000	0.01830	0.03153	0.04979	-0.00784	0.01830	0.04697	0.05725	4.56052	-9.99339
22284	0.10000	0.00702	0.00735	0.00938	0.01089	0.00702	0.01254	0.01817	4.47922	-9.99339
22294	0.10000	-0.05100	0.01219	0.04284	-0.03166	-0.05100	-0.01537	0.03951	4.40252	-4.96435
22304	0.10000	-0.03327	-0.00715	0.04065	-0.01447	-0.03327	-0.02747	0.07124	4.33963	-9.99339
22314	0.10000	0.01347	-0.03939	0.02570	-0.03070	0.01347	-0.03771	0.02837	4.27520	-4.96435
22324	0.10000	0.01830	-0.01683	0.01525	-0.01345	0.01830	-0.00886	0.03748	4.18930	-9.99339
22334	0.10000	0.06988	-0.03133	0.06333	-0.02982	0.06988	0.00417	0.11470	4.12027	-4.99669
22344	0.10000	0.07149	-0.00715	0.07799	-0.01085	0.07149	0.03301	0.05095	4.05891	-4.96435
22354	0.10000	0.02153	-0.00393	0.01846	0.01360	0.02153	0.00789	0.04675	3.99449	-4.93243
22364	0.10000	0.00057	-0.00877	-0.00946	-0.00260	0.00057	-0.00979	0.03155	3.91012	-9.96094
22374	0.10000	-0.00910	0.04442	0.02762	0.03794	-0.00910	0.04604	0.04594	3.83955	-4.98047
22384	0.10000	-0.04939	0.02830	0.04813	0.01181	-0.04939	0.00417	0.06564	3.78586	-4.99669
22394	0.10000	-0.02199	0.00090	0.02297	0.00957	-0.02199	-0.01165	0.05239	3.71837	-9.83324
22404	0.10000	0.00702	-0.00877	0.00737	-0.00563	0.00702	-0.00607	0.04807	3.63707	-4.98047
22414	0.10000	0.02475	-0.04906	0.04375	0.02221	0.02475	-0.04236	0.06562	3.56804	-4.99669
22424	0.10000	0.05376	-0.04100	0.05251	0.01997	0.05376	-0.01631	0.07853	3.50668	-4.98047
22434	0.10000	0.06021	-0.01199	0.05662	0.02926	0.06021	0.02092	0.02866	3.43918	-9.96094
22444	0.10000	0.02153	0.04281	0.05889	0.02866	0.02153	0.06186	0.15629	3.35942	-4.94834
22454	0.10000	-0.01071	0.03959	0.03268	0.02467	-0.01071	0.03953	0.06320	3.28885	-4.98047
22464	0.10000	-0.03005	-0.00071	0.02971	-0.01872	-0.03005	-0.01817	0.05018	3.23056	-4.94834
22474	0.10000	-0.04455	0.02508	0.03123	0.03193	-0.04455	0.00324	0.05025	3.16000	-4.99669
22484	0.10000	-0.00265	-0.00715	0.00975	0.00278	-0.00265	-0.00979	0.04616	3.08330	-9.96094
22494	0.10000	0.03603	-0.05551	0.05606	0.00538	0.03603	-0.04329	0.07184	3.01427	-4.99669
22504	0.10000	0.04570	-0.04906	0.04864	0.02526	0.04570	-0.03026	0.08062	2.95291	-4.98047
22514	0.10000	0.06988	-0.02327	0.06471	0.02961	0.06988	0.01347	0.05056	2.88542	-4.99669
22524	0.10000	0.05537	-0.02327	0.01101	0.05450	0.05537	0.00510	0.07154	2.80872	-9.92871
22534	0.10000	-0.00748	0.05409	0.04974	0.03101	-0.00748	0.05814	0.04779	2.73662	-4.98047
22544	0.10000	-0.05100	0.03959	0.05317	0.00616	-0.05100	0.01626	0.05548	2.67526	-9.89668
22554	0.10000	-0.03327	0.03475	0.01864	0.03460	-0.03327	0.02092	0.05674	2.61084	-9.99339
22564	0.10000	-0.09452	0.00896	0.06722	0.07981	-0.09452	-0.04422	0.05153	2.53567	-4.98047
22574	0.10000	-0.00265	-0.05873	0.05846	0.03738	-0.00265	-0.06935	0.09175	2.46511	-9.92871
22584	0.10000	0.06182	-0.08774	0.07980	0.04193	0.06182	-0.06562	0.07079	2.40068	-4.98047
22594	0.10000	0.06988	-0.06679	0.05341	0.05816	0.06988	-0.03678	0.08225	2.33932	-4.91662
22604	0.10000	0.07471	-0.02327	0.04720	0.06015	0.07471	0.01626	0.05251	2.26722	-4.98047
22614	0.10000	0.01991	0.01380	0.01821	0.02859	0.01991	0.02743	0.10527	2.19359	-4.98047
22624	0.10000	-0.03650	0.04764	0.04741	0.01537	-0.03650	0.03394	0.08552	2.12610	-4.99669
22634	0.10000	-0.04294	0.04442	0.03663	0.03470	-0.04294	0.02650	0.06360	2.06781	-4.99669
22644	0.10000	-0.03488	-0.00554	0.04212	0.01214	-0.03488	-0.02654	0.05124	1.99878	-4.99669
22654	0.10000	-0.01554	-0.04422	0.05610	0.02644	-0.01554	-0.06004	0.05307	1.92515	-9.96094
22664	0.10000	0.04570	-0.06034	0.06188	0.01155	0.04570	-0.04329	0.08538	1.85305	-4.96435
22674	0.10000	0.07471	-0.06840	0.07213	0.04080	0.07471	-0.03585	0.08167	1.79476	-9.83324
22684	0.10000	0.06988	-0.01844	0.06261	0.03641	0.06988	0.01906	0.05444	1.72880	-4.98047
22694	0.10000	0.04248	0.07988	0.11284	0.05198	0.04248	0.11676	0.05821	1.64903	-9.96094
22704	0.10000	0.01669	0.05087	0.02881	0.06421	0.01669	0.06837	0.08681	1.57540	-4.98047
22714	0.10000	-0.03488	0.04764	0.03557	0.03417	-0.03488	0.03487	0.07233	1.51711	-4.99669
22724	0.10000	-0.05584	0.02347	0.04690	0.03073	-0.05584	-0.00514	0.06204	1.45421	-9.99339
22734	0.10000	-0.02844	0.01057	0.00577	0.02816	-0.02844	-0.00421	0.06809	1.37445	-4.99669
22744	0.10000	0.01024	-0.05873	0.05151	0.03581	0.01024	-0.06190	0.08141	1.30235	-4.98047
22754	0.10000	0.06021	-0.07485	0.06688	0.04267	0.06021	-0.05167	0.08930	1.24252	-4.98047
22764	0.10000	0.05537	-0.05228	0.03411	0.05205	0.05537	-0.02840	0.08096	1.18270	-4.94834
22774	0.10000	0.06827	-0.03617	0.01195	0.06725	0.06827	-0.00235	0.07390	1.10293	-9.92871
22784	0.10000	0.04087	0.04442	0.03747	0.07664	0.04087	0.07489	0.03645	1.02930	-4.98047
22794	0.10000	-0.05745	0.04764	0.06132	0.00413	-0.05745	0.02185	0.21535	0.97101	0.00000
22804	0.10000	-0.06228	0.04764	0.05281	0.03811	-0.06228	0.01906	0.06909	0.91425	-4.98047
22814	0.10000	-0.06067	0.01541	0.04268	0.04644	-0.06067	-0.01724	0.06417	0.84062	-4.98047
22824	0.10000	-0.02682	-0.05551	0.06410	0.05425	-0.02682	-0.07958	0.07894	0.76546	-4.99669
22834	0.10000	0.05860	-0.10547	0.09448	0.04735	0.05860	-0.08796	0.08660	0.70717	-4.96435
22844	0.10000	0.07955	-0.06034	0.07712	0.03071	0.07955	-0.02375	0.08660	0.64887	-4.91662
22854	0.10000	0.07310	-0.06357	0.02748	0.07457	0.07310	-0.03119	0.08806	0.57984	-4.99669
22864	0.10000	0.06182	0.02347	0.05715	0.06705	0.06182	0.06279	0.05725	0.50621	-4.99669
22874	0.10000	-0.00587	-0.01844	-0.01270	-0.02196	-0.00587	-0.02468	0.08481	0.44179	-4.99669
22884	0.10000	-0.06067	0.08632	0.07059	0.05364	-0.06067	0.06465	0.06834	0.38810	-4.98047
22894	0.10000	-0.05100	0.05087	0.02947	0.05089	-0.05100	0.02929	0.06235	0.32214	-4.99669
22904	0.10000	-0.05745	0.05893	-0.02153	0.06366	-0.05745	0.03487	0.05628	0.24850	-10.02605
22914	0.10000	-0.00910	-0.06034	0.05960	0.04632	-0.00910	-0.07493	0.09032	0.18101	-4.98047
22924	0.10000	0.06827	-0.11192	0.09727	0.05714	0.06827	-0.08982	0.08146	0.12272	-4.99669
22934	0.10000	0.08600	-0.05551	0.07909	0.03673	0.08600	-0.01444	0.21860	0.06136	-4.96435
22944	0.10000	0.08116	-0.04261	0.03753	0.07200	0.08116	-0.00235	0.06871	6.27091	-9.99336
22954	0.10000	0.04409	0.04281	0.05738	0.06526	0.04409	0.07489	0.05805	6.19882	-9.92871
22964	0.10000	-0.03327	0.08310	0.06821	0.04841	-0.03327	0.07675	0.05979	6.13592	-9.96094
22974	0.10000	-0.04455	0.06376	0.03884	0.05263	-0.04455	0.04790	0.05753	6.07303	-4.99669
22984	0.10000	-0.03488	0.03475	0.00711	0.03957	-0.03488	0.01999	0.06121	6.00400	-9.92871
22994	0.10000	-0.02844	-0.06518	0.08792	0.03850	-0.02844	-0.09168	0.05915	5.93037	-9.86486
23004	0.10000	0.00380	-0.06357	0.04697	0.05366	0.00380	-0.07121	0.08777	5.85981	-4.98047
23014	0.10000	0.09244	-0.05712	0.09208	0.01498	0.09244	-0.01258	0.07025	5.79538	-4.98047
23024	0.10000	0.06988	-0.02327	0.06025	0.03786	0.06988	0.01347	0.05648	5.72942	-4.98047
23034	0.10000	0.16497	0.14596	0.29774	-0.09019	0.16497	0.26378	0.16028	5.65579	-4.99669
23044	0.10000	-0.01071	0.20882	0.18905	0.13987	-0.01071	0.23494	0.13044	5.59136	-4.98047
23054	0.10000	-0.04778	0.06537	0.05556	0.03860	-0.04778	0.04790	0.05806	5.53000	-4.94834
23064	0.10000	-0.05745	0.00252	0.06486	0.00288	-0.05745	-0.03026	0.03740	5.46404	-4.99669
23074	0.10000	-0.01393	-0.00071	0.01201	0.01132	-0.01393	-0.00886	0.04498	5.39041	-4.96435
23084	0.10000	-0.00748	-0.02005	0.01781	0.02221	-0.00748	-0.02747	0.05343	5.31064	-9.86486
23094	0.10000	0.05376	-0.06195	0.05917	0.03207	0.05376	-0.04050	0.07134	5.24161	-4.99669
23104	0.10000	0.04893	-0.01038	0.05029	0.01136	0.04893	0.01626	0.05979	5.17872	-9.99339
23114	0.10000	0.03442	-0.01360	0.01151	0.03270	0.03442	0.00417	0.04907	5.10202	-4.99669
23124	0.10000	0.01508	0.02830	0.02346	0.03728	0.01508	0.04139	0.02909	5.02072	-9.83324
23134	0.10000	-0.05100	0.04281	0.05276	0.01472	-0.05100	0.01999	0.06387	4.95169	-9.86486
23144	0.10000	-0.04133	-0.02327	0.06289	-0.01807	-0.04133	-0.05073	0.15477	4.88573	-4.99669
23154	0.10000	-0.00910	-0.01038	0.01842	0.00635	-0.00910	-0.01724	0.02217	4.80903	-4.98047
23164	0.10000	0.03603	-0.03617	0.04053	-0.00973	0.03603	-0.02096	0.02098	4.72313	-9.99339
23174	0.10000	0.18109	-0.08452	0.17937	-0.02578	0.18109	0.00696	0.12277	4.67097	-4.99669
23184	0.10000	0.05860	0.00090	0.06784	-0.00690	0.05860	0.03487	0.05084	4.61728	-4.99669
23194	0.10000	0.01830	0.01219	0.02977	0.00748	0.01830	0.02464	0.03238	4.54825	-9.99339
23204	0.10000	-0.00426	0.01219	0.01212	0.00246	-0.00426	0.01161	0.02436	4.46082	-14.99008
23214	0.10000	-0.05422	0.03153	0.05410	-0.00624	-0.05422	0.00510	0.05808	4.39179	-9.99339
23224	0.10000	-0.02360	-0.03617	0.04598	-0.03886	-0.02360	-0.05539	0.04731	4.32889	-9.96094
23234	0.10000	0.00863	-0.04261	0.03789	-0.02438	0.00863	-0.04422	0.08053	4.25986	-4.96435
23244	0.10000	0.01830	-0.00877	0.00917	-0.01584	0.01830	0.00044	0.04443	4.17550	-4.98047
23254	0.10000	0.07149	-0.02327	0.06585	-0.03135	0.07149	0.01440	0.30157	4.10800	-4.94834
23264	0.10000	0.05860	-0.00554	0.06468	-0.00164	0.05860	0.02743	0.05420	4.04818	-4.98047
23274	0.10000	0.00380	0.01057	0.01475	-0.00210	0.00380	0.01440	0.01403	3.97608	-9.96094
23284	0.10000	-0.01393	0.00252	0.00185	-0.01473	-0.01393	-0.00514	0.02879	3.89631	-4.91662
23294	0.10000	-0.05100	0.04442	0.05526	0.00491	-0.05100	0.02185	0.05271	3.82882	-4.99669
23304	0.10000	-0.05422	0.01219	0.05686	0.00195	-0.05422	-0.01724	0.05995	3.76746	-4.99669
23314	0.10000	-0.00104	-0.01521	0.01654	-0.00757	-0.00104	-0.01817	0.04430	3.69689	-4.99669
23324	0.10000	0.01347	-0.05873	0.06025	0.01247	0.01347	-0.06004	0.02895	3.61713	-9.89668
23334	0.10000	0.06827	-0.07485	0.08151	0.01506	0.06827	-0.04701	0.07800	3.55270	-4.99669
23344	0.10000	0.07149	-0.02650	0.07187	0.00766	0.07149	0.01068	0.05709	3.49134	-9.99339
23354	0.10000	0.04570	-0.00877	0.03692	0.03146	0.04570	0.01626	0.10724	3.41771	-9.89668
23364	0.10000	0.02797	0.02508	0.03400	0.04076	0.02797	0.04511	0.02046	3.34101	-4.99592
23374	0.10000	-0.04294	0.04281	0.04949	0.00149	-0.04294	0.02464	0.09892	3.27505	-4.99669
23384	0.10000	-0.06067	0.04281	0.05743	0.02429	-0.06067	0.01440	0.04968	3.21216	-4.98047
23394	0.10000	-0.01877	-0.16027	0.16789	-0.10266	-0.01877	-0.19590	0.03309	3.14159	-9.86486
23404	0.10000	-0.03650	-0.06034	0.08080	0.05511	-0.03650	-0.09075	0.07812	3.06489	-9.96094
23414	0.10000	0.04570	-0.05712	0.06014	0.00612	0.04570	-0.03957	0.05768	2.99893	-4.96435
23424	0.10000	0.08600	-0.03939	0.08608	0.00124	0.08600	0.00417	0.07799	2.93604	-4.99669
23434	0.10000	0.06504	-0.03617	0.04119	0.05051	0.06504	-0.00421	0.05527	2.86701	-4.98047
23444	0.10000	0.05537	-0.00554	0.02117	0.05720	0.05537	0.02557	0.07183	2.79185	-4.94834
23454	0.10000	-0.02844	0.04281	0.04301	0.00695	-0.02844	0.03301	0.06434	2.72282	-9.99339
23464	0.10000	-0.03166	0.01380	0.03164	-0.00259	-0.03166	-0.00235	0.05411	2.65839	-4.98047
23474	0.10000	-0.02844	-0.02327	0.04939	-0.01558	-0.02844	-0.04329	0.04955	2.59396	-4.99669
23484	0.10000	-0.02844	-0.11998	0.15637	0.01911	-0.02844	-0.15495	0.07002	2.51880	-4.96435
23494	0.10000	0.01830	-0.04422	0.04256	0.01278	0.01830	-0.04050	0.11828	2.44823	-4.98047
23504	0.10000	0.00380	-0.05873	0.01329	0.06437	0.00380	-0.06562	0.08706	2.38534	-9.96094
23514	0.10000	0.09889	-0.03294	0.09440	0.03506	0.09889	0.01906	0.07440	2.32245	-4.99669
23524	0.10000	0.05537	-0.00877	0.03398	0.04887	0.05537	0.02185	0.07340	2.24882	-9.86486
23534	0.10000	-0.04455	0.04281	0.04378	-0.02510	-0.04455	0.02371	0.03583	2.17518	-4.98047
23544	0.10000	-0.03327	0.06537	0.04770	0.04470	-0.03327	0.05628	0.17932	2.11229	0.00000
23554	0.10000	-0.06712	0.02830	0.06469	0.01888	-0.06712	-0.00607	0.05413	2.05247	-9.96094
23564	0.10000	-0.06067	0.00574	0.05142	0.04293	-0.06067	-0.02840	0.04528	1.98037	-4.99669
23574	0.10000	-0.00748	-0.02488	0.02774	0.01948	-0.00748	-0.03305	0.05480	1.90520	-4.94834
23584	0.10000	-0.01232	-0.07162	0.02554	0.08698	-0.01232	-0.08982	0.17848	1.83924	-4.98047
23594	0.10000	0.07794	-0.03778	0.07609	0.01689	0.07794	0.00137	0.22141	1.77942	-4.96435
23604	0.10000	0.06988	-0.03617	0.03683	0.05939	0.06988	-0.00142	0.07331	1.70885	-9.96094
23614	0.10000	0.04731	0.00735	0.02011	0.05582	0.04731	0.03580	0.02894	1.62909	-9.96094
23624	0.10000	-0.04133	0.07504	0.06611	0.03578	-0.04133	0.06279	0.05041	1.56006	-4.99669
23634	0.10000	0.13918	0.04764	-0.15770	0.11325	0.13918	0.13537	0.06688	1.50177	-4.99669
23644	0.10000	-0.05584	-0.15382	0.19522	-0.09511	-0.05584	-0.20985	0.11152	1.43581	-9.99339
23654	0.10000	-0.01554	-0.02327	0.03318	0.02063	-0.01554	-0.03585	0.03237	1.35604	-9.89668
23664	0.10000	0.04893	-0.05873	0.06279	0.00417	0.04893	-0.03957	0.08405	1.28548	-4.99669
23674	0.10000	0.10534	-0.04261	0.10561	-0.00871	0.10534	0.01161	0.07839	1.22718	-4.99669
23684	0.10000	0.06665	-0.02650	0.05597	0.03704	0.06665	0.00789	0.06094	1.16429	-4.98047
23694	0.10000	0.06827	-0.00554	0.03239	0.06856	0.06827	0.03301	0.19955	1.08299	-4.99669
23704	0.10000	0.00057	0.06376	0.05099	0.05356	0.00057	0.07396	0.03725	1.01396	-4.91662
23714	0.10000	-0.06873	0.04603	0.06988	0.00463	-0.06873	0.01347	0.06753	0.95720	-4.99669
23724	0.10000	-0.06389	0.02024	0.06228	0.01964	-0.06389	-0.01351	0.05019	0.89738	-9.99339
23734	0.10000	-0.05422	0.05248	-0.01615	0.05947	-0.05422	0.02929	0.04199	0.81915	-4.98047
23744	0.10000	0.00219	-0.07001	0.06914	0.03945	0.00219	-0.07958	0.07453	0.75165	-4.99669
23754	0.10000	-0.00910	-0.07807	0.02571	0.09232	-0.00910	-0.09540	0.09529	0.69336	-4.98047
23764	0.10000	0.05054	-0.07807	0.03212	0.07238	0.05054	-0.06097	0.08774	0.63353	-9.99339
23774	0.10000	0.06988	-0.06034	0.00928	0.07521	0.06988	-0.02933	0.09193	0.55990	-9.99339
23784	0.10000	0.04409	0.03959	0.05453	0.06351	0.04409	0.07116	0.04675	0.48781	-9.96085
23794	0.10000	-0.02682	0.09277	0.07322	0.06128	-0.02682	0.09164	0.09738	0.42798	-4.93243
23804	0.10000	-0.12836	0.07988	0.12833	0.01831	-0.12836	0.01812	0.06991	0.37276	-4.99669
23814	0.10000	-0.03327	0.04120	0.00601	0.04330	-0.03327	0.02836	0.04736	0.30373	-4.98047
23824	0.10000	-0.04778	-0.00877	0.03851	0.04713	-0.04778	-0.03771	0.05779	0.22856	-4.99669
23834	0.10000	0.05860	-0.07485	0.07822	-0.00894	0.05860	-0.05260	0.05701	0.16414	69.72641
23844	0.10000	0.04893	-0.07646	0.06090	0.04785	0.04893	-0.06004	0.10733	0.10584	-4.99669
23854	0.10000	0.08438	-0.04906	0.07083	0.04654	0.08438	-0.00793	0.06612	0.03988	-4.93240
23864	0.10000	0.07955	-0.01360	0.05056	0.06844	0.07955	0.03022	0.06974	6.25097	-4.99669
23874	0.10000	0.02636	0.04281	0.04393	0.05426	0.02636	0.06465	0.05788	6.18041	-4.96435
23884	0.10000	-0.02199	0.06215	0.04214	0.04687	-0.02199	0.05907	0.08892	6.11905	-4.98047
23894	0.10000	-0.04133	0.03636	0.03365	0.03007	-0.04133	0.01812	0.06615	6.05616	-9.89668
23904	0.10000	-0.03488	0.03475	-0.00099	0.04019	-0.03488	0.01999	0.21051	5.98406	-4.98047
23914	0.10000	-0.00265	-0.06034	0.06603	0.02678	-0.00265	-0.07121	0.18587	5.90736	-4.94834
23924	0.10000	0.05860	-0.06034	0.06853	0.00472	0.05860	-0.03585	0.08391	5.84293	-4.98047
23934	0.10000	0.05376	-0.05067	0.04614	0.03894	0.05376	-0.02747	0.09425	5.77697	-4.98047
23944	0.10000	0.06504	-0.01683	0.05167	0.04345	0.06504	0.01812	0.04689	5.70794	-4.94834
23954	0.10000	0.10050	0.01057	0.04195	0.11520	0.10050	0.07023	0.06085	5.63124	-4.98047
23964	0.10000	-0.01232	0.06376	0.04270	0.05245	-0.01232	0.06651	0.04446	5.55761	-4.99669
23974	0.10000	-0.06067	0.04281	0.05637	0.02665	-0.06067	0.01440	0.06007	5.49319	-4.99669
23984	0.10000	-0.02844	0.01380	0.01730	0.02258	-0.02844	-0.00049	0.04498	5.42569	-4.99669
23994	0.10000	-0.00265	-0.04422	0.05044	0.01512	-0.00265	-0.05260	0.07470	5.34592	-9.96094
24004	0.10000	0.04570	-0.06840	0.06540	0.02403	0.04570	-0.05260	0.05526	5.27229	-4.99669
24014	0.10000	0.08116	-0.03133	0.08163	0.00610	0.08116	0.01068	0.06432	5.20786	-4.99669
24024	0.10000	0.04409	0.00252	0.04842	0.02008	0.04409	0.02836	0.02119	5.13884	-4.94834
24034	0.10000	0.02797	-0.18928	-0.20291	-0.02389	0.02797	-0.20241	0.02999	5.05907	-9.92871
24044	0.10000	-0.03488	0.04603	0.04534	0.01583	-0.03488	0.03301	0.02934	4.98084	-9.99339
24054	0.10000	-0.04294	0.12178	0.00842	0.12324	-0.04294	0.11583	0.04013	4.91641	-4.98047
24064	0.10000	0.06665	-0.01199	-0.05621	-0.04347	0.06665	0.02464	0.05118	4.84738	-4.98047
24074	0.10000	0.01830	-0.02972	0.02876	-0.00849	0.01830	-0.02375	0.02755	4.76148	-4.98047
24084	0.10000	0.06827	-0.02650	0.06192	-0.03007	0.06827	0.00882	0.05814	4.68631	-4.99669
24094	0.10000	0.00219	-0.00393	0.00080	0.00386	0.00219	-0.00328	0.04399	4.62188	-4.98047
24104	0.10000	-0.00265	0.02830	0.02726	-0.01530	-0.00265	0.03115	0.02148	4.55132	-9.96094
24114	0.10000	0.01024	-0.00715	-0.00685	0.00797	0.01024	-0.00235	0.02879	4.46695	-9.99339
24124	0.10000	-0.05584	0.00252	0.04716	-0.04188	-0.05584	-0.02933	0.03886	4.39332	-4.98047
24134	0.10000	-0.04778	-0.02972	0.06870	-0.03733	-0.04778	-0.06190	0.04144	4.33196	-4.96435
24144	0.10000	0.00380	-0.03455	0.03333	-0.01804	0.00380	-0.03771	0.17421	4.26293	-9.96094
24154	0.10000	0.03442	-0.01038	0.00953	-0.03400	0.03442	0.00789	0.03052	4.18010	-9.96094
24164	0.10000	0.06827	-0.03133	0.06509	-0.02083	0.06827	0.00324	0.14005	4.11107	-9.96094
24174	0.10000	0.04248	-0.01683	0.04116	0.01167	0.04248	0.00510	0.07455	4.05124	-4.98047
24184	0.10000	0.01186	-0.00877	0.00220	0.01210	0.01186	-0.00328	0.02686	3.98221	-9.92871
24194	0.10000	0.00702	0.02830	0.02976	0.02265	0.00702	0.03674	0.02895	3.89938	-9.99339
24204	0.10000	-0.03811	0.04603	0.04619	0.01698	-0.03811	0.03115	0.02691	3.83035	-4.99669
24214	0.10000	-0.04939	0.01380	0.05092	0.00214	-0.04939	-0.01258	0.07327	3.77359	-4.98047
24224	0.10000	-0.03327	0.01219	0.02099	0.02632	-0.03327	-0.00514	0.02805	3.70150	-4.99669
24234	0.10000	0.01669	-0.01360	0.01175	-0.01332	0.01669	-0.00607	0.01398	3.62019	-4.99669
24244	0.10000	0.07149	-0.04906	0.07127	-0.01635	0.07149	-0.01537	0.08244	3.55423	-4.99669
24254	0.10000	0.06988	-0.02488	0.07064	0.00517	0.06988	0.01161	0.05108	3.49287	-9.86486
24264	0.10000	-0.06067	0.04764	0.00844	-0.06331	-0.06067	0.01999	0.10778	3.42231	-4.99669
24274	0.10000	0.02797	0.02186	0.03113	0.03906	0.02797	0.04139	0.04899	3.34254	-9.99339
24284	0.10000	-0.04133	0.07021	0.06393	0.02989	-0.04133	0.05721	0.08463	3.27505	-4.99669
24294	0.10000	-0.04939	0.02669	0.04864	0.00885	-0.04939	0.00231	0.03136	3.21676	-4.94834
24304	0.10000	-0.02199	-0.00071	0.02417	0.00906	-0.02199	-0.01351	0.03316	3.14313	-9.92871
24314	0.10000	-0.10096	-0.01683	0.05618	0.11435	-0.10096	-0.07772	0.06109	3.06643	-9.99339
24324	0.10000	0.05860	-0.05712	0.06628	-0.00850	0.05860	-0.03212	0.07988	3.00047	-4.99669
24334	0.10000	0.06504	-0.05228	0.06392	0.02579	0.06504	-0.02282	0.06458	2.93757	-4.98047
24344	0.10000	0.06504	-0.03617	0.04287	0.04910	0.06504	-0.00421	0.04215	2.87008	-4.99669
24354	0.10000	0.04731	0.01219	0.03757	0.05040	0.04731	0.04139	0.17260	2.79185	-9.99339
24364	0.10000	-0.01554	0.06860	0.05784	0.04275	-0.01554	0.07023	0.04428	2.72282	-4.98047
24374	0.10000	-0.04455	0.03959	0.04534	0.01812	-0.04455	0.01999	0.03233	2.66146	-9.92793
24384	0.10000	-0.03327	-0.00715	0.04313	-0.00099	-0.03327	-0.02747	0.05497	2.59550	-4.99669
24394	0.10000	-0.02360	-0.00232	0.01769	0.02258	-0.02360	-0.01631	0.06552	2.51880	-9.99339
24404	0.10000	0.01669	-0.07646	0.07028	0.03905	0.01669	-0.07865	0.01761	2.44977	-9.96094
24414	0.10000	0.07149	-0.06034	0.07514	0.01645	0.07149	-0.02840	0.08107	2.38687	-4.98047
24424	0.10000	0.07471	-0.05389	0.05485	0.05419	0.07471	-0.01910	0.11633	2.32398	-9.99261
24434	0.10000	0.06988	-0.00877	0.04649	0.06029	0.06988	0.03022	0.05437	2.24882	-4.99669
24444	0.10000	0.00380	0.07827	0.07806	0.04988	0.00380	0.09257	0.09188	2.18285	-4.94834
24454	0.10000	-0.03327	0.07021	0.05555	0.04298	-0.03327	0.06186	0.08815	2.12456	-4.91662
24464	0.10000	-0.05422	0.05248	0.04574	0.04130	-0.05422	0.02929	0.07138	2.06627	-9.99339
24474	0.10000	-0.05100	0.17980	-0.11739	0.14340	-0.05100	0.17818	0.04362	1.99724	-9.96094
24484	0.10000	-0.00265	-0.08452	0.09832	0.01280	-0.00265	-0.09912	0.08277	1.93588	-4.99669
24494	0.10000	0.01830	-0.06357	0.05653	0.03297	0.01830	-0.06283	0.16657	1.86992	-4.98047
24504	0.10000	0.03764	-0.05712	0.04390	0.03801	0.03764	-0.04422	0.08201	1.82084	0.00000
24514	0.10000	0.09083	-0.03939	0.08875	0.02051	0.09083	0.00696	0.23903	1.77328	-4.99669
24524	0.10000	0.06988	0.01057	0.08048	0.03414	0.06988	0.05255	0.05472	1.70425	-4.99669
24534	0.10000	0.02959	0.02669	0.03473	0.04431	0.02959	0.04790	0.02711	1.62449	-9.99339
24544	0.10000	-0.04778	0.04442	0.05333	0.00100	-0.04778	0.02371	0.07108	1.55699	-9.99339
24554	0.10000	-0.06067	0.02186	0.06143	0.00138	-0.06067	-0.00979	0.13719	1.49717	-4.99669
24564	0.10000	-0.04294	0.14757	-0.08836	0.12344	-0.04294	0.14561	0.02886	1.43120	-9.96094
24574	0.10000	-0.01393	-0.03939	0.04974	0.02418	-0.01393	-0.05353	0.04659	1.35144	-9.99339
24584	0.10000	0.05537	-0.06034	0.06698	0.00120	0.05537	-0.03771	0.08418	1.28241	-4.96435
24594	0.10000	0.07794	-0.23280	0.06409	0.22815	0.07794	-0.22381	0.05805	1.22565	-4.93243
24604	0.10000	0.06827	-0.01844	0.06220	0.03346	0.06827	0.01812	0.04686	1.15816	-4.98047
24614	0.10000	0.04731	-0.05873	-0.04400	0.04407	0.04731	-0.04050	0.05776	1.07685	-9.96094
24624	0.10000	-0.00587	0.06054	0.04895	0.04541	-0.00587	0.06651	0.08290	1.01089	-4.99669
24634	0.10000	-0.05906	0.07182	0.06408	0.04202	-0.05906	0.04883	0.06591	0.95414	-4.94815
24644	0.10000	-0.05584	0.04281	0.03945	0.04309	-0.05584	0.01719	0.05612	0.89738	-9.99339
24654	0.10000	-0.01877	0.02186	-0.00938	0.02172	-0.01877	0.01440	0.06564	0.82068	-9.99339
24664	0.10000	0.00219	-0.07001	0.06914	0.03945	0.00219	-0.07958	0.06215	0.75012	-9.96094
24674	0.10000	0.06988	-0.10225	0.09388	0.04592	0.06988	-0.07772	0.07839	0.69489	-4.94834
24684	0.10000	0.07794	-0.04261	0.07429	0.02392	0.07794	-0.00421	0.06854	0.63507	-4.99669
24694	0.10000	0.06343	-0.03455	0.02868	0.05667	0.06343	-0.00328	0.08331	0.55990	-4.99669
24704	0.10000	0.02797	0.04281	0.05561	0.04461	0.02797	0.06558	0.07509	0.48934	-4.98047
24714	0.10000	-0.02360	0.07988	0.06417	0.05116	-0.02360	0.07861	0.09804	0.42951	-4.99669
24724	0.10000	-0.06067	0.07504	0.05971	0.05272	-0.06067	0.05162	0.05890	0.37276	-10.02605
24734	0.10000	-0.04455	0.05087	0.01043	0.05446	-0.04455	0.03301	0.05674	0.30373	-9.99339
24744	0.10000	-0.05422	-0.00877	0.04324	0.05279	-0.05422	-0.04143	0.05184	0.23163	-4.99669
24754	0.10000	0.02636	-0.06357	0.06102	0.01888	0.02636	-0.05818	0.09336	0.16567	-9.96089
24764	0.10000	0.06988	-0.06840	0.07701	0.02108	0.06988	-0.03864	0.09082	0.11045	-9.92868
24774	0.10000	0.08600	-0.02327	0.08697	0.01871	0.08600	0.02278	0.11881	0.04449	-9.99336
24784	0.10000	0.08277	-0.03455	0.03122	0.07706	0.08277	0.00789	0.07533	6.25097	-4.99669
24794	0.10000	0.01669	0.06054	0.06163	0.05296	0.01669	0.07954	0.05583	6.18194	-9.99339
24804	0.10000	-0.03005	0.07827	0.05664	0.05501	-0.03005	0.07303	0.05539	6.12212	-4.99669
24814	0.10000	-0.06067	0.06054	0.04856	0.05038	-0.06067	0.03487	0.06116	6.05769	-4.93243
24824	0.10000	-0.06067	0.03314	0.02692	0.05446	-0.06067	0.00324	0.05814	5.98713	-9.99339
24834	0.10000	-0.00265	-0.03455	0.03883	0.01468	-0.00265	-0.04143	0.12527	5.91503	-9.96094
24844	0.10000	0.02636	-0.06034	0.05086	0.03277	0.02636	-0.05446	0.09495	5.84907	-4.98047
24854	0.10000	0.07471	-0.04906	0.07200	0.02410	0.07471	-0.01351	0.04869	5.78618	-4.99669
24864	0.10000	0.02959	-0.00877	0.02409	0.01853	0.02959	0.00696	0.14698	5.71868	-4.98047
24874	0.10000	0.04731	0.02186	0.04621	0.05353	0.04731	0.05255	0.04803	5.64352	-4.93243
24884	0.10000	0.13757	0.05409	0.14986	0.12881	0.13757	0.14188	0.18382	5.57295	-4.93243
24894	0.10000	-0.06067	0.05893	0.06306	0.02817	-0.06067	0.03301	0.06116	5.52080	-4.98047
24904	0.10000	-0.05261	-0.00071	0.06098	0.00479	-0.05261	-0.03119	0.09974	5.45790	-9.96094
24914	0.10000	0.07471	-0.01844	-0.03376	-0.07013	0.07471	0.02185	0.02276	5.38274	-9.89668
24924	0.10000	-0.00265	-0.03455	0.02960	0.02911	-0.00265	-0.04143	0.05126	5.30297	-4.94834
24934	0.10000	-0.08485	-0.10225	0.16366	0.09119	-0.08485	-0.16705	0.09683	5.24008	-4.94834
24944	0.10000	0.06827	-0.01844	0.07029	0.00690	0.06827	0.01812	0.08378	5.19713	-9.89668
24954	0.10000	0.04570	0.00090	0.04565	0.02751	0.04570	0.02743	0.02721	5.12810	-9.83324
24964	0.10000	0.01830	0.04281	0.04986	0.03805	0.01830	0.06000	0.02458	5.04986	-4.94834
24974	0.10000	-0.04133	0.05087	0.05021	0.02007	-0.04133	0.03487	0.05422	4.97163	-9.86486
24984	0.10000	-0.03972	0.01219	0.04023	0.00615	-0.03972	-0.00886	0.04360	4.90874	-9.96094
24994	0.10000	0.00380	-0.07807	0.07724	-0.04223	0.00380	-0.08796	0.02171	4.83818	-4.93243
25004	0.10000	0.00380	-0.03133	0.03180	0.01257	0.00380	-0.03399	0.02372	4.75227	-9.92871
25014	0.10000	0.07149	-0.03939	0.07066	-0.01167	0.07149	-0.00421	0.05045	4.67711	-9.83324
25024	0.10000	0.04087	0.00252	0.04843	-0.00515	0.04087	0.02650	0.06044	4.61421	-9.83324
25034	0.10000	0.00863	0.02508	0.03487	-0.00326	0.00863	0.03394	0.03021	4.54212	-4.98047
25044	0.10000	-0.02682	0.01541	0.01711	-0.02079	-0.02682	0.00231	0.02934	4.45468	-4.99669
25054	0.10000	-0.03327	0.03153	0.03575	0.01114	-0.03327	0.01719	0.04306	4.38719	-4.99669
25064	0.10000	-0.02844	-0.03294	0.05163	-0.03328	-0.02844	-0.05446	0.05495	4.32429	-4.96435
25074	0.10000	0.01508	-0.03778	0.02861	-0.02505	0.01508	-0.03492	0.03197	4.25373	-9.92871
25084	0.10000	0.01830	-0.01360	0.01478	-0.01196	0.01830	-0.00514	0.03972	4.17089	-9.96094
25094	0.10000	0.05537	-0.05067	0.05946	0.01531	0.05537	-0.02654	0.08786	4.10493	-4.93243
25104	0.10000	0.06827	0.00574	0.08164	-0.01068	0.06827	0.04604	0.04116	4.04357	-4.98047
25114	0.10000	-0.00587	0.25394	0.27042	-0.10444	-0.00587	0.28984	0.01929	3.96994	-4.98047
25124	0.10000	-0.00265	0.03959	0.03913	0.02068	-0.00265	0.04418	0.03616	3.89171	-4.99669
25134	0.10000	-0.04778	0.04281	0.05183	0.00855	-0.04778	0.02185	0.05575	3.82421	-4.99669
25144	0.10000	0.05376	-0.13932	0.10655	-0.09162	0.05376	-0.12983	0.15820	3.76439	-4.98047
25154	0.10000	0.00219	-0.01199	0.01010	-0.00781	0.00219	-0.01258	0.01274	3.69843	-4.99669
25164	0.10000	-0.00587	-0.05067	0.05499	0.02903	-0.00587	-0.06190	0.04436	3.62019	-9.96094
25174	0.10000	0.04731	-0.07646	0.06868	0.03520	0.04731	-0.06097	0.08564	3.55577	-9.92871
25184	0.10000	0.06665	-0.03617	0.06461	0.01671	0.06665	-0.00328	0.04671	3.49594	-4.99669
25194	0.10000	0.04248	-0.00877	0.03562	0.02726	0.04248	0.01440	0.02119	3.42231	-4.98047
25204	0.10000	0.06988	0.02186	0.04458	0.08483	0.06988	0.06558	0.01702	3.34561	-4.99669
25214	0.10000	-0.01554	0.04120	0.02749	0.03123	-0.01554	0.03860	0.05759	3.25971	-64.53659
25224	0.10000	-0.03327	0.04281	0.02895	0.03437	-0.03327	0.03022	0.04936	3.21676	-4.91662
25234	0.10000	-0.02521	-0.00554	0.03224	0.00595	-0.02521	-0.02096	0.01270	3.14773	-9.99339
25244	0.10000	-0.01071	-0.00877	0.01432	0.01325	-0.01071	-0.01631	0.05006	3.06796	-4.96435
25254	0.10000	0.04893	-0.05712	0.06176	0.00066	0.04893	-0.03771	0.03619	3.00200	-9.99261
25264	0.10000	0.08600	-0.04422	0.08591	0.00391	0.08600	-0.00142	0.07149	2.94064	-9.96094
25274	0.10000	0.04570	0.15724	0.17970	-0.11418	0.04570	0.20795	0.06780	2.87008	-9.96094
25284	0.10000	0.03926	-0.00877	0.01079	0.03977	0.03926	0.01254	0.06856	2.79491	-9.96094
25294	0.10000	-0.02199	0.15079	0.12613	0.10309	-0.02199	0.16143	0.05344	2.72588	-4.96435
25304	0.10000	-0.11708	0.03475	0.11527	-0.03425	-0.11708	-0.02747	0.06199	2.66146	-4.99592
25314	0.10000	-0.05906	0.03475	0.04335	0.04055	-0.05906	0.00603	0.07539	2.59856	-9.99339
25324	0.10000	-0.03166	-0.00071	0.02247	0.02936	-0.03166	-0.01910	0.06109	2.52186	-4.96435
25334	0.10000	0.01830	-0.03939	0.03864	0.00782	0.01830	-0.03492	0.05537	2.45284	-4.99669
25344	0.10000	-0.01877	-0.06034	-0.00269	0.08263	-0.01877	-0.08051	0.08546	2.38841	-4.98047
25354	0.10000	0.07149	-0.02972	0.06620	0.02786	0.07149	0.00696	0.05701	2.32552	-4.94834
25364	0.10000	0.13596	-0.01038	0.10729	0.10674	0.13596	0.06651	0.08815	2.25955	-4.99669
25374	0.10000	0.01830	0.02186	0.02556	0.03104	0.01830	0.03580	0.07436	2.19052	-4.99669
25384	0.10000	-0.01554	0.07182	0.04428	0.06124	-0.01554	0.07396	0.05395	2.12456	-4.98047
25394	0.10000	-0.06551	0.04281	0.06133	0.02577	-0.06551	0.01161	0.04685	2.06627	-4.94834
25404	0.10000	-0.03166	0.00090	0.03247	0.01566	-0.03166	-0.01724	0.05684	1.99724	-4.96435
25414	0.10000	-0.01554	-0.03939	0.04973	0.02709	-0.01554	-0.05446	0.04819	1.92054	-4.94834
25424	0.10000	0.06021	-0.06357	0.07153	0.00097	0.06021	-0.03864	0.08731	1.85151	-4.99669
25434	0.10000	0.06182	-0.05551	0.05864	0.03450	0.06182	-0.02840	0.12729	1.79169	-4.99669
25444	0.10000	0.07955	-0.02488	0.06807	0.04460	0.07955	0.01719	0.05709	1.72573	-4.96435
25454	0.10000	0.06021	0.00252	0.03256	0.06311	0.06021	0.03767	0.01035	1.64750	-4.99669
25464	0.10000	-0.02199	0.07182	0.06048	0.04193	-0.02199	0.07023	0.04713	1.57386	-4.98047
25474	0.10000	-0.16060	0.04281	0.16116	-0.04108	-0.16060	-0.04329	0.05480	1.51404	-4.99669
25484	0.10000	-0.03327	0.04603	0.00491	0.04727	-0.03327	0.03394	0.05661	1.45268	-4.99669
25494	0.10000	-0.02844	0.00574	0.01088	0.02804	-0.02844	-0.00979	0.04577	1.37138	-9.92871
25504	0.10000	0.05215	-0.06840	0.07144	-0.00210	0.05215	-0.04887	0.05405	1.29928	-4.91662
25514	0.10000	0.06827	-0.07001	0.07231	0.03386	0.06827	-0.04143	0.08062	1.24099	-9.92832
25524	0.10000	0.08761	-0.02811	0.08361	0.03180	0.08761	0.01812	0.08135	1.17810	-9.96094
25534	0.10000	0.05215	-0.04100	-0.00781	0.05436	0.05215	-0.01724	0.07390	1.09986	-14.89306
25544	0.10000	-0.00587	0.20076	0.18534	0.13361	-0.00587	0.22842	0.07740	1.02777	-4.96435
25554	0.10000	-0.03327	0.06860	0.04769	0.04931	-0.03327	0.06000	0.08414	0.96948	-4.93243
25564	0.10000	-0.04133	0.02669	0.03619	0.02114	-0.04133	0.00696	0.06204	0.91118	-9.96075
25574	0.10000	-0.05906	0.03314	0.02004	0.05571	-0.05906	0.00417	0.05822	0.83602	-9.99339
25584	0.10000	-0.08807	-0.03617	0.04971	0.11773	-0.08807	-0.09261	0.05902	0.76239	-4.99650
25594	0.10000	0.04570	-0.08291	0.07275	0.04005	0.04570	-0.06935	0.10408	0.70410	-4.98047
25604	0.10000	0.06504	0.04281	0.07650	-0.07709	0.06504	0.08698	0.09293	0.64581	-4.98047
25614	0.10000	0.07310	-0.17477	-0.07406	0.15915	0.07310	-0.15961	0.05701	0.57524	-4.94834
25624	0.10000	0.06182	0.00735	0.03526	0.06730	0.06182	0.04418	0.05921	0.50161	-4.98047
25634	0.10000	-0.03327	0.09277	0.08316	0.04381	-0.03327	0.08791	0.06670	0.43872	-5.01302
25644	0.10000	-0.04778	0.04442	0.05021	0.01798	-0.04778	0.02371	0.08722	0.38350	-4.99669
25654	0.10000	-0.05584	0.05893	0.02737	0.06041	-0.05584	0.03580	0.06116	0.31907	-4.98047
25664	0.10000	-0.04455	0.00896	0.02334	0.04095	-0.04455	-0.01537	0.07724	0.24390	-4.99669
25674	0.10000	0.00702	-0.08129	0.07852	0.04417	0.00702	-0.08982	0.05980	0.17641	-4.99665
25684	0.10000	0.06988	-0.30049	0.17677	0.26009	0.06988	-0.30663	0.11823	0.12118	-4.99669
25694	0.10000	0.07471	-0.05873	0.06321	0.04686	0.07471	-0.02468	0.08821	0.05676	-4.99667
25704	0.10000	0.07794	-0.03617	0.03625	0.06907	0.07794	0.00324	0.07229	6.26478	-9.96094
25714	0.10000	0.04248	0.04120	0.05415	0.06378	0.04248	0.07210	0.06418	6.19575	-4.99669
25724	0.10000	-0.03972	0.09438	0.07764	0.05433	-0.03972	0.08605	0.07082	6.13439	-4.94834
25734	0.10000	-0.04133	0.06698	0.03304	0.05897	-0.04133	0.05348	0.07159	6.06996	-4.94834
25744	0.10000	-0.03327	0.00735	0.02960	0.01860	-0.03327	-0.01072	0.05551	6.00400	-4.99669
25754	0.10000	-0.01393	-0.04100	0.05278	0.02182	-0.01393	-0.05539	0.14198	5.92577	-4.98047
25764	0.10000	0.03603	-0.08613	0.07623	0.04089	0.03603	-0.07865	0.10148	5.85827	-4.93243
25774	0.10000	0.06988	-0.07001	0.06733	0.04460	0.06988	-0.04050	0.05856	5.79385	-9.96094
25784	0.10000	0.07310	-0.02005	0.06451	0.03930	0.07310	0.01906	0.06545	5.72482	-9.96094
25794	0.10000	0.03603	-0.00393	0.01414	0.03691	0.03603	0.01626	0.07100	5.64812	-4.96435
25804	0.10000	0.09889	0.05409	-0.00344	0.15510	0.09889	0.11955	0.03299	5.57449	-9.99339
25814	0.10000	-0.03327	0.04442	0.03140	0.03392	-0.03327	0.03208	0.04760	5.50853	-9.96094
25824	0.10000	-0.13642	-0.00232	0.15537	0.03317	-0.13642	-0.08144	0.01817	5.44410	-9.89668
25834	0.10000	-0.02360	-0.00715	0.02097	0.02442	-0.02360	-0.02189	0.05701	5.36586	-9.96094
25844	0.10000	0.02959	-0.03133	0.03498	-0.00406	0.02959	-0.01910	0.05778	5.28917	-9.89668
25854	0.10000	0.07149	-0.06357	0.07026	0.03473	0.07149	-0.03212	0.05619	5.22320	-4.98047
25864	0.10000	0.06827	-0.00715	0.07089	0.02461	0.06827	0.03115	0.05527	5.15724	-4.98047
25874	0.10000	0.01669	-0.00877	-0.00107	0.01666	0.01669	-0.00049	0.04393	5.07748	-4.96435
25884	0.10000	-0.02360	0.04120	0.03899	0.01374	-0.02360	0.03394	0.20346	4.99618	-4.96435
25894	0.10000	-0.03650	0.02830	0.03487	0.01583	-0.03650	0.01161	0.04955	4.93175	-4.94834
25904	0.10000	-0.00426	-0.02488	0.02583	-0.01799	-0.00426	-0.03119	0.03575	4.86579	-4.99669
25914	0.10000	0.01669	-0.03294	0.03058	-0.01225	0.01669	-0.02840	0.02936	4.78295	-9.96094
25924	0.10000	0.05215	-0.01521	0.03879	-0.03703	0.05215	0.01254	0.04343	4.70319	-4.99669
25934	0.10000	0.08600	-0.00877	0.09212	-0.02172	0.08600	0.03953	0.05650	4.63722	-4.98047
25944	0.10000	0.00219	0.02830	0.02873	-0.01820	0.00219	0.03394	0.02785	4.56973	-9.99339
25954	0.10000	-0.00910	0.01541	0.01429	-0.00597	-0.00910	0.01254	0.02013	4.48843	-4.93243
25964	0.10000	-0.06873	0.02508	0.05807	-0.03828	-0.06873	-0.01072	0.04430	4.40866	-4.98047
25974	0.10000	-0.03811	0.19270	-0.01207	0.20374	-0.03811	0.20051	0.05239	4.34884	-4.94834
25984	0.10000	-0.00910	-0.02005	0.02844	-0.00896	-0.00910	-0.02840	0.05150	4.28134	-4.98047
25994	0.10000	0.02153	-0.06034	0.06087	-0.00594	0.02153	-0.05725	0.01402	4.20004	-4.94834
26004	0.10000	0.05376	-0.04906	0.05955	-0.00021	0.05376	-0.02561	0.02799	4.12487	-4.96435
26014	0.10000	0.06988	-0.03455	0.06818	0.01529	0.06988	0.00044	0.08129	4.06505	-4.99669
26024	0.10000	0.03281	0.00896	0.04332	0.00757	0.03281	0.02929	0.06135	4.00216	-4.98047
26034	0.10000	0.00057	-0.00877	-0.00964	-0.00179	0.00057	-0.00979	0.02883	3.91779	-9.99339
26044	0.10000	-0.01715	0.03797	0.03136	0.02151	-0.01715	0.03394	0.03533	3.84569	-9.83324
26054	0.10000	-0.03327	0.00252	0.03521	-0.01152	-0.03327	-0.01630	0.10230	3.78893	-9.99339
26064	0.10000	-0.00748	-0.00071	0.00880	0.00222	-0.00748	-0.00514	0.03817	3.71990	-4.96435
26074	0.10000	-0.00748	-0.00715	0.01128	0.00934	-0.00748	-0.01258	0.05680	3.64014	-9.99339
26084	0.10000	0.02959	-0.04584	0.04452	0.01336	0.02959	-0.03585	0.07369	3.56957	-9.96094
26094	0.10000	0.07149	-0.03294	0.07153	-0.00193	0.07149	0.00324	0.07995	3.51128	-4.96358
26104	0.10000	0.05537	-0.01521	0.04956	0.02858	0.05537	0.01440	0.05458	3.44225	-9.99339
26114	0.10000	0.02314	-0.01683	-0.00799	0.02254	0.02314	-0.00607	0.20138	3.36249	-9.96094
26124	0.10000	-0.01232	0.05087	0.04247	0.03182	-0.01232	0.05162	0.06472	3.29192	-9.99339
26134	0.10000	-0.05422	0.04764	0.05502	0.02177	-0.05422	0.02371	0.05757	3.23363	-4.99669
26144	0.10000	-0.03327	0.02508	0.01945	0.02870	-0.03327	0.00975	0.04553	3.16307	-4.99669
26154	0.10000	-0.02521	-0.00393	0.02042	0.02415	-0.02521	-0.01910	0.05270	3.08790	-4.99669
26164	0.10000	0.01508	-0.04906	0.04522	0.02193	0.01508	-0.04794	0.07815	3.01734	-4.98047
26174	0.10000	0.06827	-0.05067	0.07040	0.00822	0.06827	-0.01910	0.05640	2.95752	-4.98047
26184	0.10000	-0.00426	-0.02811	-0.02286	0.02674	-0.00426	-0.03492	0.05179	2.88849	-4.98047
26194	0.10000	0.06827	-0.01038	0.03889	0.06245	0.06827	0.02743	0.04563	2.81332	-9.89668
26204	0.10000	-0.13803	0.02508	0.04103	-0.14122	-0.13803	-0.05073	0.23073	2.74276	-4.99669
26214	0.10000	-0.04778	0.06698	0.05775	0.03772	-0.04778	0.04976	0.05590	2.67680	-4.99669
26224	0.10000	-0.04939	0.01541	0.04895	0.01255	-0.04939	-0.01072	0.11824	2.61544	-4.94834
26234	0.10000	-0.04778	-0.00071	0.04173	0.03671	-0.04778	-0.02840	0.03946	2.54027	-4.91662
26244	0.10000	-0.14770	0.02186	0.11627	0.10909	-0.14770	-0.06004	0.19640	2.46971	-4.96435
26254	0.10000	0.05537	-0.06034	0.06655	0.00766	0.05537	-0.03771	0.07318	2.41755	-4.98047
26264	0.10000	0.09728	-0.04422	0.09668	0.01189	0.09728	0.00510	0.08891	2.35619	-4.98047
26274	0.10000	0.04731	-0.04906	0.00735	0.05518	0.04731	-0.02933	0.06862	2.28870	-4.91662
26284	0.10000	0.05215	0.00574	0.02816	0.05723	0.05215	0.03674	0.04433	2.21353	-9.92871
26294	0.10000	-0.00426	0.06537	0.04693	0.05611	-0.00426	0.07303	0.08118	2.14297	-4.96435
26304	0.10000	-0.04455	0.06054	0.04366	0.04505	-0.04455	0.04418	0.08415	2.08468	-4.91662
26314	0.10000	-0.05422	0.03153	0.03773	0.03927	-0.05422	0.00510	0.06453	2.02025	-9.99339
26324	0.10000	-0.04294	-0.02005	0.04930	0.04137	-0.04294	-0.04794	0.22055	1.94509	-4.98047
26334	0.10000	0.00057	-0.06518	0.05290	0.05306	0.00057	-0.07493	0.02176	1.87146	-9.92871
26344	0.10000	0.07794	-0.10547	0.08530	0.06851	0.07794	-0.07679	0.10413	1.81163	-9.99339
26354	0.10000	0.04087	-0.02972	0.02798	0.03166	0.04087	-0.01072	0.06402	1.74567	-4.98047
26364	0.10000	0.06988	-0.01360	0.03613	0.06469	0.06988	0.02464	0.05095	1.67204	-9.99339
26374	0.10000	0.01508	0.04764	0.03953	0.05220	0.01508	0.06372	0.05738	1.59381	-9.99339
26384	0.10000	-0.05100	0.06537	0.05873	0.03565	-0.05100	0.04604	0.06325	1.53398	-4.99669
26394	0.10000	-0.06228	0.01541	0.06376	0.01197	-0.06228	-0.01817	0.04930	1.47262	-9.92871
26404	0.10000	-0.04778	0.00896	0.03160	0.03976	-0.04778	-0.01724	0.05817	1.39746	-4.98047
26414	0.10000	0.00702	-0.02972	0.02928	0.01039	0.00702	-0.03026	0.11476	1.31922	-9.99339
26424	0.10000	0.06988	-0.06034	0.07559	0.00534	0.06988	-0.02933	0.08107	1.25940	-4.99669
26434	0.10000	0.06343	-0.05551	0.05105	0.04660	0.06343	-0.02747	0.08186	1.19804	-4.99669
26444	0.10000	0.05215	-0.01844	0.03047	0.04323	0.05215	0.00882	0.17374	1.12441	-9.99339
26454	0.10000	0.03926	0.03959	0.04786	0.06264	0.03926	0.06837	0.05741	1.04924	-4.99669
26464	0.10000	-0.03650	0.08149	0.06536	0.04891	-0.03650	0.07303	0.10491	0.98788	-4.94834
26474	0.10000	-0.17994	0.04281	0.18628	-0.02519	-0.17994	-0.05446	0.05587	0.92959	-4.99669
26484	0.10000	-0.05422	0.03797	0.02547	0.04948	-0.05422	0.01254	0.05661	0.86210	-9.99339
26494	0.10000	-0.03488	-0.03778	0.05748	0.04447	-0.03488	-0.06376	0.03696	0.78386	-4.98047
26504	0.10000	0.04248	-0.09258	0.08510	0.03672	0.04248	-0.08237	0.07538	0.72097	-4.94815
26514	0.10000	0.07471	-0.06357	0.07689	0.02420	0.07471	-0.03026	0.11561	0.66575	-4.99669
26524	0.10000	0.08438	-0.04422	0.06686	0.05153	0.08438	-0.00235	0.08749	0.59979	-9.96094
26534	0.10000	0.07149	-0.00393	0.04470	0.06679	0.07149	0.03674	0.05753	0.52462	-4.99669
26544	0.10000	0.01830	0.06054	0.05335	0.06296	0.01830	0.08047	0.10620	0.45713	-9.99339
26554	0.10000	-0.03327	0.06860	0.05041	0.04653	-0.03327	0.06000	0.08322	0.40190	-4.99669
26564	0.10000	-0.06067	0.05731	0.04602	0.05033	-0.06067	0.03115	0.08157	0.33901	-4.99669
26574	0.10000	-0.06873	0.02830	0.03554	0.05924	-0.06873	-0.00700	0.08043	0.26691	-4.93233
26584	0.10000	-0.01232	-0.03778	0.04331	0.02915	-0.01232	-0.05073	0.09124	0.19635	-4.98042
26594	0.10000	0.04731	-0.10063	0.08722	0.05031	0.04731	-0.08889	0.11746	0.13959	-4.96435
26604	0.10000	0.07955	-0.06034	0.07679	0.03154	0.07955	-0.02375	0.15377	0.07670	-4.99669
26614	0.10000	0.06504	-0.06034	0.01698	0.07052	0.06504	-0.03212	0.08458	0.00614	-9.96092
26624	0.10000	0.04248	0.02669	0.05092	0.04769	0.04248	0.05535	0.14134	6.21876	-9.86486
26634	0.10000	-0.00587	0.06054	0.04874	0.04563	-0.00587	0.06651	0.07487	6.15126	-4.99669
26644	0.10000	-0.03327	0.04603	0.03509	0.03205	-0.03327	0.03394	0.07650	6.08990	-9.96094
26654	0.10000	-0.04133	0.01380	0.03795	0.01819	-0.04133	-0.00793	0.09541	6.02394	-4.91662
26664	0.10000	-0.04939	-0.02327	0.05962	0.04417	-0.04939	-0.05539	0.04216	5.94724	-9.92871
26674	0.10000	0.02153	-0.05067	0.04860	0.01500	0.02153	-0.04608	0.06356	5.87515	-4.99669
26684	0.10000	0.06021	-0.07807	0.06824	0.04511	0.06021	-0.05539	0.06458	5.81225	-4.98047
26694	0.10000	0.06988	-0.05389	0.04630	0.05673	0.06988	-0.02189	0.07150	5.74476	-4.98047
26704	0.10000	0.04087	-0.02650	0.00035	0.04146	0.04087	-0.00700	0.07154	5.66959	-4.91662
26714	0.10000	0.01669	0.04442	0.03761	0.05075	0.01669	0.06093	0.05245	5.59443	-9.99339
26724	0.10000	-0.03327	0.04926	0.03893	0.03178	-0.03327	0.03767	0.05346	5.52693	-4.96435
26734	0.10000	-0.03811	0.02186	0.03126	0.02203	-0.03811	0.00324	0.04955	5.46557	-4.93243
26744	0.10000	0.00380	0.00090	-0.00402	-0.00295	0.00380	0.00324	0.04976	5.38887	-4.99669
26754	0.10000	-0.00265	-0.03294	0.03001	0.02593	-0.00265	-0.03957	0.05302	5.30911	-4.98047
26764	0.10000	0.12306	-0.04906	0.11900	-0.03451	0.12306	0.01440	0.08599	5.24315	-4.98047
26774	0.10000	0.06021	-0.03133	0.05081	0.03232	0.06021	-0.00142	0.07391	5.17719	-4.99669
26784	0.10000	0.04248	0.00735	0.04083	0.03503	0.04248	0.03301	0.03423	5.10049	-9.99339
26794	0.10000	0.01669	0.02186	0.01675	0.03484	0.01669	0.03487	0.04476	5.02072	-4.99669
26804	0.10000	-0.11386	0.07665	0.11588	0.00724	-0.11386	0.02278	0.10599	4.96089	0.00000
26814	0.10000	-0.05100	0.00735	0.05513	-0.00103	-0.05100	-0.02096	0.06588	4.90720	-4.98047
26824	0.10000	-0.00748	-0.00715	0.01461	0.00092	-0.00748	-0.01258	0.04095	4.83971	-9.86486
26834	0.10000	0.02314	-0.04100	0.04078	-0.00520	0.02314	-0.03399	0.01419	4.75381	-9.96094
26844	0.10000	0.04248	-0.05228	0.04976	0.02475	0.04248	-0.03585	0.07734	4.67864	-4.99669
26854	0.10000	0.03764	-0.01683	0.03486	0.01438	0.03764	0.00231	0.06242	4.61575	-9.99339
26864	0.10000	0.01508	0.00896	0.02314	0.00742	0.01508	0.01906	0.03655	4.54365	-4.98047
26874	0.10000	-0.04778	0.07665	0.07659	-0.01131	-0.04778	0.06093	0.05017	4.46849	-9.99339
26884	0.10000	-0.03327	0.03153	0.03720	0.00435	-0.03327	0.01719	0.05590	4.40406	-9.99339
26894	0.10000	-0.03166	-0.01360	0.04023	-0.02321	-0.03166	-0.03398	0.00724	4.34423	-4.99669
26904	0.10000	-0.00587	-0.03617	0.04096	-0.01989	-0.00587	-0.04515	0.08011	4.27981	-9.92871
26914	0.10000	0.00863	-0.02327	0.02350	-0.00108	0.00863	-0.02189	0.03017	4.19544	-9.96094
26924	0.10000	0.06021	-0.05389	0.06617	0.00091	0.06021	-0.02747	0.04851	4.12334	-9.96094
26934	0.10000	0.07471	-0.00554	0.08165	-0.01624	0.07471	0.03674	0.05640	4.06352	-4.99669
26944	0.10000	0.00219	0.01541	0.01695	-0.00898	0.00219	0.01906	0.01408	3.99755	-9.99339
26954	0.10000	0.00219	0.01541	0.01774	0.00730	0.00219	0.01906	0.00946	3.91625	-9.86486
26964	0.10000	-0.01554	0.03475	0.02827	0.02032	-0.01554	0.03115	0.05098	3.84416	-4.96435
26974	0.10000	-0.09452	0.02024	0.09848	-0.01443	-0.09452	-0.03119	0.05780	3.78433	-4.98047
26984	0.10000	0.01991	-0.00071	-0.02090	-0.00859	0.01991	0.01068	0.05184	3.71837	-4.98047
26994	0.10000	0.01024	-0.03617	0.03718	-0.00271	0.01024	-0.03585	0.04498	3.63553	-9.96094
27004	0.10000	0.05215	-0.05067	0.05914	-0.00536	0.05215	-0.02840	0.05847	3.56651	-4.98047
27014	0.10000	0.07471	-0.00554	0.07706	-0.03150	0.07471	0.03674	0.05879	3.50821	-4.99669
27024	0.10000	0.05860	-0.01038	0.05571	0.02840	0.05860	0.02185	0.07489	3.43765	-9.99339
27034	0.10000	0.02636	0.01541	0.02968	0.03006	0.02636	0.03301	0.02786	3.35942	-9.86486
27044	0.10000	-0.01232	0.04281	0.03610	0.02528	-0.01232	0.04232	0.05849	3.29039	-4.98047
27054	0.10000	-0.01715	0.05087	0.01723	0.04880	-0.01715	0.04883	0.05551	3.22903	-9.96094
27064	0.10000	-0.02360	0.02186	0.01040	0.02416	-0.02360	0.01161	0.04553	3.16153	-4.99669
27074	0.10000	-0.03327	-0.01360	0.03502	0.03316	-0.03327	-0.03492	0.02752	3.08330	-9.86409
27084	0.10000	0.02959	-0.04906	0.04898	0.00646	0.02959	-0.03957	0.06456	3.01581	-9.92871
27094	0.10000	0.05860	-0.04261	0.06004	0.00808	0.05860	-0.01537	0.06693	2.95445	-4.99669
27104	0.10000	0.05054	-0.02972	0.03816	0.03353	0.05054	-0.00514	0.06780	2.88695	-4.98047
27114	0.10000	0.06827	-0.00877	0.03861	0.06346	0.06827	0.02929	0.04398	2.81179	-4.99669
27124	0.10000	0.01830	0.03475	0.02843	0.04579	0.01830	0.05069	0.06866	2.73969	-9.92871
27134	0.10000	-0.03327	0.06054	0.04239	0.04335	-0.03327	0.05069	0.05153	2.67526	-9.92871
27144	0.10000	-0.03488	0.03959	0.01841	0.03913	-0.03488	0.02557	0.05808	2.61237	-4.91662
27154	0.10000	-0.05100	-0.00715	0.05030	0.03863	-0.05100	-0.03771	0.03814	2.53720	-9.99339
27164	0.10000	-0.00426	-0.01360	0.01394	0.01241	-0.00426	-0.01817	0.05792	2.46971	-4.91662
27174	0.10000	0.02314	-0.03455	0